CBSA_CODE,MSA_TITLE,APPLIED_MONTH,DX_CNT_18_TO_24,DX_CNT_25_TO_44,DX_CNT_45_TO_64,DX_CNT_65_ABOVE,DX_CNT_18PLUS,DX_CNT_18PLUS_CUMSUM,DX_CNT_18_TO_24_CUMSUME
27600,"Jefferson, GA",2019-01-01,0,3,0,0,3,3,0
27600,"Jefferson, GA",2019-02-01,0,3,0,0,3,6,0
27600,"Jefferson, GA",2019-03-01,0,7,2,0,9,15,0
27600,"Jefferson, GA",2019-04-01,1,11,3,0,15,30,1
27600,"Jefferson, GA",2019-05-01,2,8,5,1,16,46,3
27600,"Jefferson, GA",2019-06-01,0,8,0,0,8,54,3
27600,"Jefferson, GA",2019-07-01,0,6,4,0,10,64,3
27600,"Jefferson, GA",2019-08-01,1,8,8,0,17,81,4
27600,"Jefferson, GA",2019-09-01,3,12,3,0,18,99,7
27600,"Jefferson, GA",2019-10-01,0,12,1,0,13,112,7
27600,"Jefferson, GA",2019-11-01,3,10,6,0,19,131,10
27600,"Jefferson, GA",2019-12-01,0,4,1,1,6,137,10
27600,"Jefferson, GA",2020-01-01,2,6,4,0,12,149,12
27600,"Jefferson, GA",2020-02-01,0,9,5,0,14,163,12
27600,"Jefferson, GA",2020-03-01,1,8,5,0,14,177,13
27600,"Jefferson, GA",2020-04-01,2,21,4,1,28,205,15
27600,"Jefferson, GA",2020-05-01,8,27,10,0,45,250,23
27600,"Jefferson, GA",2020-06-01,5,37,5,1,48,298,28
27600,"Jefferson, GA",2020-07-01,15,43,12,1,71,369,43
27600,"Jefferson, GA",2020-08-01,9,44,9,1,63,432,52
27600,"Jefferson, GA",2020-09-01,8,53,15,0,76,508,60
27600,"Jefferson, GA",2020-10-01,7,58,10,1,76,584,67
27600,"Jefferson, GA",2020-11-01,14,36,12,0,62,646,81
27600,"Jefferson, GA",2020-12-01,21,50,11,0,82,728,102
27600,"Jefferson, GA",2021-01-01,16,61,14,2,93,821,118
27600,"Jefferson, GA",2021-02-01,14,54,10,0,78,899,132
27600,"Jefferson, GA",2021-03-01,25,58,19,1,103,1002,157
27600,"Jefferson, GA",2021-04-01,23,96,21,2,142,1144,180
27600,"Jefferson, GA",2021-05-01,25,99,23,1,148,1292,205
27600,"Jefferson, GA",2021-06-01,17,87,19,1,124,1416,222
27600,"Jefferson, GA",2021-07-01,28,92,24,1,145,1561,250
27600,"Jefferson, GA",2021-08-01,20,73,20,3,116,1677,270
27600,"Jefferson, GA",2021-09-01,19,65,18,1,103,1780,289
27600,"Jefferson, GA",2021-10-01,17,75,26,5,123,1903,306
27600,"Jefferson, GA",2021-11-01,20,64,18,3,105,2008,326
27600,"Jefferson, GA",2021-12-01,24,74,11,1,110,2118,350
27600,"Jefferson, GA",2022-01-01,23,58,18,1,100,2218,373
27600,"Jefferson, GA",2022-02-01,14,37,12,1,64,2282,387
27600,"Jefferson, GA",2022-03-01,29,77,39,1,146,2428,416
27600,"Jefferson, GA",2022-04-01,27,73,23,1,124,2552,443
27600,"Jefferson, GA",2022-05-01,19,68,22,3,112,2664,462
27600,"Jefferson, GA",2022-06-01,19,57,12,2,90,2754,481
27600,"Jefferson, GA",2022-07-01,20,47,11,0,78,2832,501
27600,"Jefferson, GA",2022-08-01,15,54,16,1,86,2918,516
27600,"Jefferson, GA",2022-09-01,30,59,23,3,115,3033,546
27600,"Jefferson, GA",2022-10-01,18,91,17,2,128,3161,564
27600,"Jefferson, GA",2022-11-01,36,73,32,3,144,3305,600
27600,"Jefferson, GA",2022-12-01,41,66,17,2,126,3431,641
27600,"Jefferson, GA",2023-01-01,37,67,25,1,130,3561,678
27600,"Jefferson, GA",2023-02-01,20,46,20,2,88,3649,698
27600,"Jefferson, GA",2023-03-01,37,65,15,5,122,3771,735
27600,"Jefferson, GA",2023-04-01,21,44,20,0,85,3856,756
27600,"Jefferson, GA",2023-05-01,21,44,21,0,86,3942,777
27600,"Jefferson, GA",2023-06-01,18,39,7,1,65,4007,795
27600,"Jefferson, GA",2023-07-01,16,35,8,0,59,4066,811
27600,"Jefferson, GA",2023-08-01,31,44,18,1,94,4160,842
27600,"Jefferson, GA",2023-09-01,30,75,22,0,127,4287,872
27600,"Jefferson, GA",2023-10-01,34,71,27,0,132,4419,906
27600,"Jefferson, GA",2023-11-01,40,83,25,1,149,4568,946
27600,"Jefferson, GA",2023-12-01,37,66,34,2,139,4707,983
27600,"Jefferson, GA",2024-01-01,35,68,32,3,138,4845,1018
27600,"Jefferson, GA",2024-02-01,39,67,16,2,124,4969,1057
27600,"Jefferson, GA",2024-03-01,56,64,31,1,152,5121,1113
27600,"Jefferson, GA",2024-04-01,30,58,25,1,114,5235,1143
27600,"Jefferson, GA",2024-05-01,46,56,22,1,125,5360,1189
27600,"Jefferson, GA",2024-06-01,33,73,15,4,125,5485,1222
27600,"Jefferson, GA",2024-07-01,18,29,7,0,54,5539,1240
27600,"Jefferson, GA",2024-08-01,33,82,35,1,151,5690,1273
27600,"Jefferson, GA",2024-09-01,29,88,31,6,154,5844,1302
27600,"Jefferson, GA",2024-10-01,37,74,34,4,149,5993,1339
27600,"Jefferson, GA",2024-11-01,45,79,27,3,154,6147,1384
27600,"Jefferson, GA",2024-12-01,37,66,25,3,131,6278,1421
27600,"Jefferson, GA",2025-01-01,39,53,30,1,123,6401,1460
27600,"Jefferson, GA",2025-02-01,25,56,15,2,98,6499,1485
27600,"Jefferson, GA",2025-03-01,33,46,14,3,96,6595,1518
27600,"Jefferson, GA",2025-04-01,27,53,28,2,110,6705,1545
27600,"Jefferson, GA",2025-05-01,30,55,19,0,104,6809,1575
27600,"Jefferson, GA",2025-06-01,24,57,19,1,101,6910,1599
27600,"Jefferson, GA",2025-07-01,16,27,22,0,65,6975,1615
27600,"Jefferson, GA",2025-08-01,22,27,15,1,65,7040,1637
,,2019-01-01,888,26752,6956,673,35269,35269,888
,,2019-02-01,1099,25714,6642,736,34191,69460,1987
,,2019-03-01,1720,32578,8201,946,43445,112905,3707
,,2019-04-01,2090,36487,8679,884,48140,161045,5797
,,2019-05-01,2145,39625,8729,814,51313,212358,7942
,,2019-06-01,2157,28773,6531,623,38084,250442,10099
,,2019-07-01,3221,34320,8027,839,46407,296849,13320
,,2019-08-01,3059,34906,8511,862,47338,344187,16379
,,2019-09-01,3251,35581,8548,836,48216,392403,19630
,,2019-10-01,3061,30073,7026,738,40898,433301,22691
,,2019-11-01,3404,28492,6761,711,39368,472669,26095
,,2019-12-01,3811,26271,6154,598,36834,509503,29906
,,2020-01-01,5106,34187,8484,923,48700,558203,35012
,,2020-02-01,4991,28458,7123,836,41408,599611,40003
,,2020-03-01,6806,39772,11747,1296,59621,659232,46809
,,2020-04-01,24226,85547,23679,2789,136241,795473,71035
,,2020-05-01,45641,108043,23426,2662,179772,975245,116676
,,2020-06-01,35104,86173,16608,1783,139668,1114913,151780
,,2020-07-01,39548,112696,23470,2472,178186,1293099,191328
,,2020-08-01,35273,126686,27183,3000,192142,1485241,226601
,,2020-09-01,30475,111155,24680,2892,169202,1654443,257076
,,2020-10-01,25514,91227,20234,2295,139270,1793713,282590
,,2020-11-01,20388,65250,14554,1680,101872,1895585,302978
,,2020-12-01,27437,68263,15732,1980,113412,2008997,330415
,,2021-01-01,49507,116349,27744,3276,196876,2205873,379922
,,2021-02-01,34023,89749,22523,2797,149092,2354965,413945
,,2021-03-01,50219,116082,30159,3704,200164,2555129,464164
,,2021-04-01,47888,127267,30687,3651,209493,2764622,512052
,,2021-05-01,55085,134061,29406,3165,221717,2986339,567137
,,2021-06-01,45398,125255,28066,3117,201836,3188175,612535
,,2021-07-01,38490,110517,26775,3038,178820,3366995,651025
,,2021-08-01,35436,117798,29940,3460,186634,3553629,686461
,,2021-09-01,34936,126917,36176,4099,202128,3755757,721397
,,2021-10-01,25027,86332,25694,2925,139978,3895735,746424
,,2021-11-01,29219,83136,22298,2419,137072,4032807,775643
,,2021-12-01,49766,102753,27345,3755,183619,4216426,825409
,,2022-01-01,56448,135890,37062,5320,234720,4451146,881857
,,2022-02-01,34809,81803,25224,4065,145901,4597047,916666
,,2022-03-01,42387,100523,30927,4054,177891,4774938,959053
,,2022-04-01,35622,91457,27731,3649,158459,4933397,994675
,,2022-05-01,40762,88205,26341,3343,158651,5092048,1035437
,,2022-06-01,28550,60462,18071,1913,108996,5201044,1063987
,,2022-07-01,26763,58426,18454,2053,105696,5306740,1090750
,,2022-08-01,31325,72751,22546,2644,129266,5436006,1122075
,,2022-09-01,34532,84258,25717,2931,147438,5583444,1156607
,,2022-10-01,36156,80075,25130,2861,144222,5727666,1192763
,,2022-11-01,46867,96457,28916,2953,175193,5902859,1239630
,,2022-12-01,56700,91203,27129,2690,177722,6080581,1296330
,,2023-01-01,50139,90702,28056,3053,171950,6252531,1346469
,,2023-02-01,43525,75719,25390,2739,147373,6399904,1389994
,,2023-03-01,60563,104842,33354,3614,202373,6602277,1450557
,,2023-04-01,43317,80886,24240,2654,151097,6753374,1493874
,,2023-05-01,33479,55263,15537,1604,105883,6859257,1527353
,,2023-06-01,25400,44080,12583,1289,83352,6942609,1552753
,,2023-07-01,25567,46937,13570,1324,87398,7030007,1578320
,,2023-08-01,30907,60521,18560,1935,111923,7141930,1609227
,,2023-09-01,39902,78588,24929,2507,145926,7287856,1649129
,,2023-10-01,43829,86041,27357,2696,159923,7447779,1692958
,,2023-11-01,51751,93028,29935,3151,177865,7625644,1744709
,,2023-12-01,62244,89932,28801,2890,183867,7809511,1806953
,,2024-01-01,60714,96418,30691,3062,190885,8000396,1867667
,,2024-02-01,56962,85234,28687,3329,174212,8174608,1924629
,,2024-03-01,61190,87711,28952,3177,181030,8355638,1985819
,,2024-04-01,51735,80096,24123,2675,158629,8514267,2037554
,,2024-05-01,62464,88591,27171,3085,181311,8695578,2100018
,,2024-06-01,53249,82882,26408,3258,165797,8861375,2153267
,,2024-07-01,45767,79098,24676,2970,152511,9013886,2199034
,,2024-08-01,39680,78581,24791,3596,146648,9160534,2238714
,,2024-09-01,43777,81293,25619,3268,153957,9314491,2282491
,,2024-10-01,56325,94581,28343,3131,182380,9496871,2338816
,,2024-11-01,58696,91561,26569,2714,179540,9676411,2397512
,,2024-12-01,69590,90445,26275,2648,188958,9865369,2467102
,,2025-01-01,66546,93904,28091,2938,191479,10056848,2533648
,,2025-02-01,60353,79346,24362,2588,166649,10223497,2594001
,,2025-03-01,68571,85808,26180,2904,183463,10406960,2662572
,,2025-04-01,67299,85814,25127,2873,181113,10588073,2729871
,,2025-05-01,82266,92477,27714,3000,205457,10793530,2812137
,,2025-06-01,80569,91430,28551,2967,203517,10997047,2892706
,,2025-07-01,70175,85672,26796,2863,185506,11182553,2962881
,,2025-08-01,58453,79503,24154,2650,164760,11347313,3021334
,,2025-09-01,1383,1740,554,56,3733,11351046,3022717
25820,"Hereford, TX",2019-02-01,0,1,0,0,1,1,0
25820,"Hereford, TX",2019-08-01,0,1,0,0,1,2,0
25820,"Hereford, TX",2020-01-01,0,1,0,0,1,3,0
25820,"Hereford, TX",2020-02-01,0,1,0,0,1,4,0
25820,"Hereford, TX",2020-03-01,0,0,0,0,0,4,0
25820,"Hereford, TX",2020-04-01,0,0,0,1,1,5,0
25820,"Hereford, TX",2020-05-01,0,1,1,0,2,7,0
25820,"Hereford, TX",2020-07-01,1,2,1,0,4,11,1
25820,"Hereford, TX",2020-08-01,0,4,0,0,4,15,1
25820,"Hereford, TX",2020-09-01,0,0,1,0,1,16,1
25820,"Hereford, TX",2020-10-01,0,2,3,0,5,21,1
25820,"Hereford, TX",2020-11-01,0,2,0,0,2,23,1
25820,"Hereford, TX",2020-12-01,1,2,0,0,3,26,2
25820,"Hereford, TX",2021-01-01,0,0,0,1,1,27,2
25820,"Hereford, TX",2021-03-01,1,7,0,0,8,35,3
25820,"Hereford, TX",2021-04-01,0,5,1,0,6,41,3
25820,"Hereford, TX",2021-05-01,1,4,2,0,7,48,4
25820,"Hereford, TX",2021-06-01,2,6,0,0,8,56,6
25820,"Hereford, TX",2021-07-01,0,2,0,0,2,58,6
25820,"Hereford, TX",2021-08-01,2,3,1,0,6,64,8
25820,"Hereford, TX",2021-09-01,3,12,0,0,15,79,11
25820,"Hereford, TX",2021-10-01,3,10,3,0,16,95,14
25820,"Hereford, TX",2021-11-01,2,5,1,0,8,103,16
25820,"Hereford, TX",2021-12-01,2,8,3,0,13,116,18
25820,"Hereford, TX",2022-01-01,4,17,4,0,25,141,22
25820,"Hereford, TX",2022-02-01,3,14,5,1,23,164,25
25820,"Hereford, TX",2022-03-01,3,6,1,1,11,175,28
25820,"Hereford, TX",2022-04-01,5,7,2,0,14,189,33
25820,"Hereford, TX",2022-05-01,7,8,2,1,18,207,40
25820,"Hereford, TX",2022-06-01,5,7,2,0,14,221,45
25820,"Hereford, TX",2022-07-01,2,9,3,0,14,235,47
25820,"Hereford, TX",2022-08-01,6,12,1,0,19,254,53
25820,"Hereford, TX",2022-09-01,3,11,2,0,16,270,56
25820,"Hereford, TX",2022-10-01,3,12,0,0,15,285,59
25820,"Hereford, TX",2022-11-01,5,10,0,0,15,300,64
25820,"Hereford, TX",2022-12-01,2,9,4,0,15,315,66
25820,"Hereford, TX",2023-01-01,3,8,6,0,17,332,69
25820,"Hereford, TX",2023-02-01,8,14,2,0,24,356,77
25820,"Hereford, TX",2023-03-01,6,10,3,1,20,376,83
25820,"Hereford, TX",2023-04-01,5,12,7,0,24,400,88
25820,"Hereford, TX",2023-05-01,4,14,3,1,22,422,92
25820,"Hereford, TX",2023-06-01,7,19,2,0,28,450,99
25820,"Hereford, TX",2023-07-01,10,10,4,0,24,474,109
25820,"Hereford, TX",2023-08-01,4,10,2,0,16,490,113
25820,"Hereford, TX",2023-09-01,1,12,2,1,16,506,114
25820,"Hereford, TX",2023-10-01,3,14,0,0,17,523,117
25820,"Hereford, TX",2023-11-01,6,14,4,0,24,547,123
25820,"Hereford, TX",2023-12-01,6,14,2,0,22,569,129
25820,"Hereford, TX",2024-01-01,11,13,3,0,27,596,140
25820,"Hereford, TX",2024-02-01,8,12,4,0,24,620,148
25820,"Hereford, TX",2024-03-01,7,9,7,1,24,644,155
25820,"Hereford, TX",2024-04-01,9,11,1,0,21,665,164
25820,"Hereford, TX",2024-05-01,2,4,3,0,9,674,166
25820,"Hereford, TX",2024-06-01,5,5,4,0,14,688,171
25820,"Hereford, TX",2024-07-01,3,5,2,0,10,698,174
25820,"Hereford, TX",2024-08-01,2,6,1,0,9,707,176
25820,"Hereford, TX",2024-09-01,2,4,1,0,7,714,178
25820,"Hereford, TX",2024-10-01,6,7,6,0,19,733,184
25820,"Hereford, TX",2024-11-01,3,10,1,0,14,747,187
25820,"Hereford, TX",2024-12-01,6,11,3,0,20,767,193
25820,"Hereford, TX",2025-01-01,7,9,3,1,20,787,200
25820,"Hereford, TX",2025-02-01,7,9,3,0,19,806,207
25820,"Hereford, TX",2025-03-01,4,9,3,0,16,822,211
25820,"Hereford, TX",2025-04-01,4,7,0,0,11,833,215
25820,"Hereford, TX",2025-05-01,5,11,2,0,18,851,220
25820,"Hereford, TX",2025-06-01,7,18,2,0,27,878,227
25820,"Hereford, TX",2025-07-01,9,7,1,0,17,895,236
25820,"Hereford, TX",2025-08-01,4,8,0,0,12,907,240
25820,"Hereford, TX",2025-09-01,0,1,0,0,1,908,240
39060,"Pottsville, PA",2019-01-01,0,3,0,0,3,3,0
39060,"Pottsville, PA",2019-02-01,0,5,1,0,6,9,0
39060,"Pottsville, PA",2019-03-01,0,4,1,0,5,14,0
39060,"Pottsville, PA",2019-04-01,0,7,2,0,9,23,0
39060,"Pottsville, PA",2019-05-01,1,13,4,0,18,41,1
39060,"Pottsville, PA",2019-06-01,0,22,2,0,24,65,1
39060,"Pottsville, PA",2019-07-01,2,13,5,1,21,86,3
39060,"Pottsville, PA",2019-08-01,3,21,6,0,30,116,6
39060,"Pottsville, PA",2019-09-01,0,18,9,0,27,143,6
39060,"Pottsville, PA",2019-10-01,1,14,3,0,18,161,7
39060,"Pottsville, PA",2019-11-01,1,19,0,0,20,181,8
39060,"Pottsville, PA",2019-12-01,2,15,8,0,25,206,10
39060,"Pottsville, PA",2020-01-01,5,15,2,1,23,229,15
39060,"Pottsville, PA",2020-02-01,5,22,2,0,29,258,20
39060,"Pottsville, PA",2020-03-01,4,23,6,1,34,292,24
39060,"Pottsville, PA",2020-04-01,5,31,14,0,50,342,29
39060,"Pottsville, PA",2020-05-01,13,45,9,0,67,409,42
39060,"Pottsville, PA",2020-06-01,8,52,6,0,66,475,50
39060,"Pottsville, PA",2020-07-01,17,39,10,1,67,542,67
39060,"Pottsville, PA",2020-08-01,12,56,6,0,74,616,79
39060,"Pottsville, PA",2020-09-01,20,53,12,1,86,702,99
39060,"Pottsville, PA",2020-10-01,8,40,12,1,61,763,107
39060,"Pottsville, PA",2020-11-01,9,44,8,0,61,824,116
39060,"Pottsville, PA",2020-12-01,19,28,4,0,51,875,135
39060,"Pottsville, PA",2021-01-01,17,48,12,1,78,953,152
39060,"Pottsville, PA",2021-02-01,26,42,6,0,74,1027,178
39060,"Pottsville, PA",2021-03-01,19,40,14,1,74,1101,197
39060,"Pottsville, PA",2021-04-01,15,48,8,2,73,1174,212
39060,"Pottsville, PA",2021-05-01,25,62,14,0,101,1275,237
39060,"Pottsville, PA",2021-06-01,17,52,8,0,77,1352,254
39060,"Pottsville, PA",2021-07-01,28,45,13,0,86,1438,282
39060,"Pottsville, PA",2021-08-01,13,47,19,1,80,1518,295
39060,"Pottsville, PA",2021-09-01,20,53,9,0,82,1600,315
39060,"Pottsville, PA",2021-10-01,11,44,8,0,63,1663,326
39060,"Pottsville, PA",2021-11-01,14,45,7,0,66,1729,340
39060,"Pottsville, PA",2021-12-01,14,48,27,0,89,1818,354
39060,"Pottsville, PA",2022-01-01,29,58,9,1,97,1915,383
39060,"Pottsville, PA",2022-02-01,15,42,16,0,73,1988,398
39060,"Pottsville, PA",2022-03-01,22,32,12,1,67,2055,420
39060,"Pottsville, PA",2022-04-01,23,45,15,1,84,2139,443
39060,"Pottsville, PA",2022-05-01,24,54,15,0,93,2232,467
39060,"Pottsville, PA",2022-06-01,23,39,12,0,74,2306,490
39060,"Pottsville, PA",2022-07-01,17,33,6,1,57,2363,507
39060,"Pottsville, PA",2022-08-01,22,40,12,3,77,2440,529
39060,"Pottsville, PA",2022-09-01,21,31,12,0,64,2504,550
39060,"Pottsville, PA",2022-10-01,17,40,7,0,64,2568,567
39060,"Pottsville, PA",2022-11-01,13,31,8,0,52,2620,580
39060,"Pottsville, PA",2022-12-01,23,50,13,0,86,2706,603
39060,"Pottsville, PA",2023-01-01,23,51,16,2,92,2798,626
39060,"Pottsville, PA",2023-02-01,21,41,14,2,78,2876,647
39060,"Pottsville, PA",2023-03-01,23,46,22,1,92,2968,670
39060,"Pottsville, PA",2023-04-01,14,33,11,0,58,3026,684
39060,"Pottsville, PA",2023-05-01,13,27,5,2,47,3073,697
39060,"Pottsville, PA",2023-06-01,15,33,14,1,63,3136,712
39060,"Pottsville, PA",2023-07-01,16,26,4,0,46,3182,728
39060,"Pottsville, PA",2023-08-01,9,19,4,0,32,3214,737
39060,"Pottsville, PA",2023-09-01,10,23,11,0,44,3258,747
39060,"Pottsville, PA",2023-10-01,24,34,9,0,67,3325,771
39060,"Pottsville, PA",2023-11-01,28,46,20,2,96,3421,799
39060,"Pottsville, PA",2023-12-01,25,37,14,1,77,3498,824
39060,"Pottsville, PA",2024-01-01,32,39,15,3,89,3587,856
39060,"Pottsville, PA",2024-02-01,31,40,14,2,87,3674,887
39060,"Pottsville, PA",2024-03-01,28,47,16,1,92,3766,915
39060,"Pottsville, PA",2024-04-01,27,41,20,0,88,3854,942
39060,"Pottsville, PA",2024-05-01,37,32,20,1,90,3944,979
39060,"Pottsville, PA",2024-06-01,27,31,12,3,73,4017,1006
39060,"Pottsville, PA",2024-07-01,23,37,9,0,69,4086,1029
39060,"Pottsville, PA",2024-08-01,22,25,6,0,53,4139,1051
39060,"Pottsville, PA",2024-09-01,26,41,10,1,78,4217,1077
39060,"Pottsville, PA",2024-10-01,42,47,17,2,108,4325,1119
39060,"Pottsville, PA",2024-11-01,41,46,9,1,97,4422,1160
39060,"Pottsville, PA",2024-12-01,40,41,10,1,92,4514,1200
39060,"Pottsville, PA",2025-01-01,49,50,17,1,117,4631,1249
39060,"Pottsville, PA",2025-02-01,40,41,17,0,98,4729,1289
39060,"Pottsville, PA",2025-03-01,44,36,8,0,88,4817,1333
39060,"Pottsville, PA",2025-04-01,36,39,19,1,95,4912,1369
39060,"Pottsville, PA",2025-05-01,48,36,5,1,90,5002,1417
39060,"Pottsville, PA",2025-06-01,35,29,11,0,75,5077,1452
39060,"Pottsville, PA",2025-07-01,32,42,14,1,89,5166,1484
39060,"Pottsville, PA",2025-08-01,29,34,9,0,72,5238,1513
39060,"Pottsville, PA",2025-09-01,1,1,0,0,2,5240,1514
16820,"Charlottesville, VA",2019-01-01,0,35,10,0,45,45,0
16820,"Charlottesville, VA",2019-02-01,1,43,17,3,64,109,1
16820,"Charlottesville, VA",2019-03-01,6,73,13,2,94,203,7
16820,"Charlottesville, VA",2019-04-01,1,85,18,1,105,308,8
16820,"Charlottesville, VA",2019-05-01,10,108,13,0,131,439,18
16820,"Charlottesville, VA",2019-06-01,4,61,7,1,73,512,22
16820,"Charlottesville, VA",2019-07-01,5,63,16,2,86,598,27
16820,"Charlottesville, VA",2019-08-01,3,84,13,3,103,701,30
16820,"Charlottesville, VA",2019-09-01,7,64,21,3,95,796,37
16820,"Charlottesville, VA",2019-10-01,14,75,28,2,119,915,51
16820,"Charlottesville, VA",2019-11-01,7,90,19,0,116,1031,58
16820,"Charlottesville, VA",2019-12-01,8,95,18,1,122,1153,66
16820,"Charlottesville, VA",2020-01-01,13,71,15,5,104,1257,79
16820,"Charlottesville, VA",2020-02-01,9,74,12,1,96,1353,88
16820,"Charlottesville, VA",2020-03-01,22,116,30,1,169,1522,110
16820,"Charlottesville, VA",2020-04-01,62,208,46,8,324,1846,172
16820,"Charlottesville, VA",2020-05-01,113,329,45,4,491,2337,285
16820,"Charlottesville, VA",2020-06-01,56,202,31,4,293,2630,341
16820,"Charlottesville, VA",2020-07-01,79,248,31,4,362,2992,420
16820,"Charlottesville, VA",2020-08-01,91,304,52,5,452,3444,511
16820,"Charlottesville, VA",2020-09-01,55,242,52,7,356,3800,566
16820,"Charlottesville, VA",2020-10-01,49,188,19,2,258,4058,615
16820,"Charlottesville, VA",2020-11-01,55,137,32,4,228,4286,670
16820,"Charlottesville, VA",2020-12-01,32,84,23,3,142,4428,702
16820,"Charlottesville, VA",2021-01-01,82,180,32,6,300,4728,784
16820,"Charlottesville, VA",2021-02-01,62,198,32,1,293,5021,846
16820,"Charlottesville, VA",2021-03-01,78,208,33,3,322,5343,924
16820,"Charlottesville, VA",2021-04-01,85,223,46,4,358,5701,1009
16820,"Charlottesville, VA",2021-05-01,89,253,43,5,390,6091,1098
16820,"Charlottesville, VA",2021-06-01,74,170,44,0,288,6379,1172
16820,"Charlottesville, VA",2021-07-01,69,150,27,3,249,6628,1241
16820,"Charlottesville, VA",2021-08-01,60,203,45,4,312,6940,1301
16820,"Charlottesville, VA",2021-09-01,64,207,69,6,346,7286,1365
16820,"Charlottesville, VA",2021-10-01,52,178,43,2,275,7561,1417
16820,"Charlottesville, VA",2021-11-01,66,164,45,9,284,7845,1483
16820,"Charlottesville, VA",2021-12-01,99,171,49,6,325,8170,1582
16820,"Charlottesville, VA",2022-01-01,99,220,51,3,373,8543,1681
16820,"Charlottesville, VA",2022-02-01,56,143,25,4,228,8771,1737
16820,"Charlottesville, VA",2022-03-01,69,184,33,3,289,9060,1806
16820,"Charlottesville, VA",2022-04-01,69,169,47,4,289,9349,1875
16820,"Charlottesville, VA",2022-05-01,96,189,38,2,325,9674,1971
16820,"Charlottesville, VA",2022-06-01,59,117,28,1,205,9879,2030
16820,"Charlottesville, VA",2022-07-01,50,98,21,1,170,10049,2080
16820,"Charlottesville, VA",2022-08-01,71,125,41,3,240,10289,2151
16820,"Charlottesville, VA",2022-09-01,37,132,27,2,198,10487,2188
16820,"Charlottesville, VA",2022-10-01,64,140,42,5,251,10738,2252
16820,"Charlottesville, VA",2022-11-01,73,131,37,2,243,10981,2325
16820,"Charlottesville, VA",2022-12-01,102,154,42,4,302,11283,2427
16820,"Charlottesville, VA",2023-01-01,67,158,41,3,269,11552,2494
16820,"Charlottesville, VA",2023-02-01,47,115,39,7,208,11760,2541
16820,"Charlottesville, VA",2023-03-01,81,137,58,5,281,12041,2622
16820,"Charlottesville, VA",2023-04-01,69,125,48,5,247,12288,2691
16820,"Charlottesville, VA",2023-05-01,67,76,18,3,164,12452,2758
16820,"Charlottesville, VA",2023-06-01,41,61,18,1,121,12573,2799
16820,"Charlottesville, VA",2023-07-01,40,76,28,1,145,12718,2839
16820,"Charlottesville, VA",2023-08-01,50,111,29,2,192,12910,2889
16820,"Charlottesville, VA",2023-09-01,62,118,32,3,215,13125,2951
16820,"Charlottesville, VA",2023-10-01,68,114,49,10,241,13366,3019
16820,"Charlottesville, VA",2023-11-01,72,113,31,4,220,13586,3091
16820,"Charlottesville, VA",2023-12-01,82,121,36,3,242,13828,3173
16820,"Charlottesville, VA",2024-01-01,85,100,29,2,216,14044,3258
16820,"Charlottesville, VA",2024-02-01,73,83,29,4,189,14233,3331
16820,"Charlottesville, VA",2024-03-01,84,105,17,2,208,14441,3415
16820,"Charlottesville, VA",2024-04-01,61,84,13,1,159,14600,3476
16820,"Charlottesville, VA",2024-05-01,66,71,23,1,161,14761,3542
16820,"Charlottesville, VA",2024-06-01,58,81,6,4,149,14910,3600
16820,"Charlottesville, VA",2024-07-01,56,59,11,2,128,15038,3656
16820,"Charlottesville, VA",2024-08-01,53,84,33,1,171,15209,3709
16820,"Charlottesville, VA",2024-09-01,65,106,14,1,186,15395,3774
16820,"Charlottesville, VA",2024-10-01,75,113,28,4,220,15615,3849
16820,"Charlottesville, VA",2024-11-01,78,99,23,2,202,15817,3927
16820,"Charlottesville, VA",2024-12-01,104,82,26,1,213,16030,4031
16820,"Charlottesville, VA",2025-01-01,84,91,25,1,201,16231,4115
16820,"Charlottesville, VA",2025-02-01,72,67,14,1,154,16385,4187
16820,"Charlottesville, VA",2025-03-01,79,58,29,3,169,16554,4266
16820,"Charlottesville, VA",2025-04-01,70,68,17,3,158,16712,4336
16820,"Charlottesville, VA",2025-05-01,102,100,27,2,231,16943,4438
16820,"Charlottesville, VA",2025-06-01,99,85,26,4,214,17157,4537
16820,"Charlottesville, VA",2025-07-01,82,71,25,1,179,17336,4619
16820,"Charlottesville, VA",2025-08-01,55,48,20,5,128,17464,4674
16820,"Charlottesville, VA",2025-09-01,2,1,0,0,3,17467,4676
19940,"Dixon, IL",2019-03-01,0,2,0,0,2,2,0
19940,"Dixon, IL",2019-04-01,1,1,0,0,2,4,1
19940,"Dixon, IL",2019-05-01,0,1,0,0,1,5,1
19940,"Dixon, IL",2019-06-01,0,1,1,0,2,7,1
19940,"Dixon, IL",2019-07-01,0,11,5,0,16,23,1
19940,"Dixon, IL",2019-08-01,0,8,2,0,10,33,1
19940,"Dixon, IL",2019-09-01,0,3,5,1,9,42,1
19940,"Dixon, IL",2019-10-01,0,4,1,0,5,47,1
19940,"Dixon, IL",2019-11-01,0,7,0,0,7,54,1
19940,"Dixon, IL",2019-12-01,0,5,2,0,7,61,1
19940,"Dixon, IL",2020-01-01,0,4,0,2,6,67,1
19940,"Dixon, IL",2020-02-01,2,5,2,0,9,76,3
19940,"Dixon, IL",2020-03-01,1,7,5,1,14,90,4
19940,"Dixon, IL",2020-04-01,4,20,4,0,28,118,8
19940,"Dixon, IL",2020-05-01,5,7,5,1,18,136,13
19940,"Dixon, IL",2020-06-01,10,12,3,0,25,161,23
19940,"Dixon, IL",2020-07-01,4,10,3,0,17,178,27
19940,"Dixon, IL",2020-08-01,1,11,1,0,13,191,28
19940,"Dixon, IL",2020-09-01,4,6,1,2,13,204,32
19940,"Dixon, IL",2020-10-01,2,13,2,0,17,221,34
19940,"Dixon, IL",2020-11-01,0,8,2,0,10,231,34
19940,"Dixon, IL",2020-12-01,3,13,1,0,17,248,37
19940,"Dixon, IL",2021-01-01,8,14,1,0,23,271,45
19940,"Dixon, IL",2021-02-01,10,19,3,0,32,303,55
19940,"Dixon, IL",2021-03-01,8,19,3,1,31,334,63
19940,"Dixon, IL",2021-04-01,1,13,4,0,18,352,64
19940,"Dixon, IL",2021-05-01,6,21,7,0,34,386,70
19940,"Dixon, IL",2021-06-01,4,11,0,1,16,402,74
19940,"Dixon, IL",2021-07-01,1,15,2,0,18,420,75
19940,"Dixon, IL",2021-08-01,7,13,2,1,23,443,82
19940,"Dixon, IL",2021-09-01,5,19,5,1,30,473,87
19940,"Dixon, IL",2021-10-01,11,12,5,1,29,502,98
19940,"Dixon, IL",2021-11-01,5,18,2,0,25,527,103
19940,"Dixon, IL",2021-12-01,7,26,5,0,38,565,110
19940,"Dixon, IL",2022-01-01,6,21,4,1,32,597,116
19940,"Dixon, IL",2022-02-01,8,15,5,0,28,625,124
19940,"Dixon, IL",2022-03-01,3,15,4,0,22,647,127
19940,"Dixon, IL",2022-04-01,5,22,4,0,31,678,132
19940,"Dixon, IL",2022-05-01,7,11,3,1,22,700,139
19940,"Dixon, IL",2022-06-01,7,9,3,0,19,719,146
19940,"Dixon, IL",2022-07-01,8,8,1,0,17,736,154
19940,"Dixon, IL",2022-08-01,6,11,4,0,21,757,160
19940,"Dixon, IL",2022-09-01,6,13,4,1,24,781,166
19940,"Dixon, IL",2022-10-01,9,6,1,0,16,797,175
19940,"Dixon, IL",2022-11-01,5,13,1,1,20,817,180
19940,"Dixon, IL",2022-12-01,5,11,2,0,18,835,185
19940,"Dixon, IL",2023-01-01,8,21,4,1,34,869,193
19940,"Dixon, IL",2023-02-01,5,16,5,0,26,895,198
19940,"Dixon, IL",2023-03-01,6,17,7,1,31,926,204
19940,"Dixon, IL",2023-04-01,8,13,3,1,25,951,212
19940,"Dixon, IL",2023-05-01,8,15,2,0,25,976,220
19940,"Dixon, IL",2023-06-01,2,12,5,1,20,996,222
19940,"Dixon, IL",2023-07-01,6,12,1,0,19,1015,228
19940,"Dixon, IL",2023-08-01,9,19,1,2,31,1046,237
19940,"Dixon, IL",2023-09-01,9,14,6,1,30,1076,246
19940,"Dixon, IL",2023-10-01,10,14,3,0,27,1103,256
19940,"Dixon, IL",2023-11-01,6,8,4,0,18,1121,262
19940,"Dixon, IL",2023-12-01,8,14,5,1,28,1149,270
19940,"Dixon, IL",2024-01-01,11,15,10,0,36,1185,281
19940,"Dixon, IL",2024-02-01,14,13,3,1,31,1216,295
19940,"Dixon, IL",2024-03-01,13,16,4,0,33,1249,308
19940,"Dixon, IL",2024-04-01,12,14,4,1,31,1280,320
19940,"Dixon, IL",2024-05-01,9,5,2,0,16,1296,329
19940,"Dixon, IL",2024-06-01,7,10,1,0,18,1314,336
19940,"Dixon, IL",2024-07-01,6,10,0,0,16,1330,342
19940,"Dixon, IL",2024-08-01,2,4,2,1,9,1339,344
19940,"Dixon, IL",2024-09-01,11,11,2,0,24,1363,355
19940,"Dixon, IL",2024-10-01,14,18,8,1,41,1404,369
19940,"Dixon, IL",2024-11-01,7,13,6,2,28,1432,376
19940,"Dixon, IL",2024-12-01,24,19,8,1,52,1484,400
19940,"Dixon, IL",2025-01-01,18,14,9,1,42,1526,418
19940,"Dixon, IL",2025-02-01,21,15,3,0,39,1565,439
19940,"Dixon, IL",2025-03-01,26,22,9,0,57,1622,465
19940,"Dixon, IL",2025-04-01,22,12,6,1,41,1663,487
19940,"Dixon, IL",2025-05-01,10,15,8,0,33,1696,497
19940,"Dixon, IL",2025-06-01,16,12,2,0,30,1726,513
19940,"Dixon, IL",2025-07-01,6,7,2,0,15,1741,519
19940,"Dixon, IL",2025-08-01,6,3,1,0,10,1751,525
27620,"Jefferson City, MO",2019-01-01,1,9,2,0,12,12,1
27620,"Jefferson City, MO",2019-02-01,0,18,1,0,19,31,1
27620,"Jefferson City, MO",2019-03-01,1,17,5,0,23,54,2
27620,"Jefferson City, MO",2019-04-01,0,20,5,1,26,80,2
27620,"Jefferson City, MO",2019-05-01,2,10,5,0,17,97,4
27620,"Jefferson City, MO",2019-06-01,1,16,1,0,18,115,5
27620,"Jefferson City, MO",2019-07-01,2,13,5,0,20,135,7
27620,"Jefferson City, MO",2019-08-01,0,17,3,0,20,155,7
27620,"Jefferson City, MO",2019-09-01,4,19,3,0,26,181,11
27620,"Jefferson City, MO",2019-10-01,1,9,3,0,13,194,12
27620,"Jefferson City, MO",2019-11-01,4,15,3,0,22,216,16
27620,"Jefferson City, MO",2019-12-01,5,16,2,0,23,239,21
27620,"Jefferson City, MO",2020-01-01,5,17,8,0,30,269,26
27620,"Jefferson City, MO",2020-02-01,0,25,5,2,32,301,26
27620,"Jefferson City, MO",2020-03-01,4,38,5,1,48,349,30
27620,"Jefferson City, MO",2020-04-01,13,49,19,1,82,431,43
27620,"Jefferson City, MO",2020-05-01,22,43,13,1,79,510,65
27620,"Jefferson City, MO",2020-06-01,15,30,4,0,49,559,80
27620,"Jefferson City, MO",2020-07-01,22,49,7,0,78,637,102
27620,"Jefferson City, MO",2020-08-01,16,65,12,1,94,731,118
27620,"Jefferson City, MO",2020-09-01,22,54,4,3,83,814,140
27620,"Jefferson City, MO",2020-10-01,11,44,6,2,63,877,151
27620,"Jefferson City, MO",2020-11-01,12,28,5,0,45,922,163
27620,"Jefferson City, MO",2020-12-01,20,41,8,0,69,991,183
27620,"Jefferson City, MO",2021-01-01,16,44,13,0,73,1064,199
27620,"Jefferson City, MO",2021-02-01,34,57,15,0,106,1170,233
27620,"Jefferson City, MO",2021-03-01,35,62,13,3,113,1283,268
27620,"Jefferson City, MO",2021-04-01,27,58,7,0,92,1375,295
27620,"Jefferson City, MO",2021-05-01,23,57,14,1,95,1470,318
27620,"Jefferson City, MO",2021-06-01,25,70,15,3,113,1583,343
27620,"Jefferson City, MO",2021-07-01,20,57,13,0,90,1673,363
27620,"Jefferson City, MO",2021-08-01,26,55,16,3,100,1773,389
27620,"Jefferson City, MO",2021-09-01,26,59,10,1,96,1869,415
27620,"Jefferson City, MO",2021-10-01,21,53,14,2,90,1959,436
27620,"Jefferson City, MO",2021-11-01,25,48,6,1,80,2039,461
27620,"Jefferson City, MO",2021-12-01,25,58,21,2,106,2145,486
27620,"Jefferson City, MO",2022-01-01,50,73,14,1,138,2283,536
27620,"Jefferson City, MO",2022-02-01,35,81,16,0,132,2415,571
27620,"Jefferson City, MO",2022-03-01,40,68,15,2,125,2540,611
27620,"Jefferson City, MO",2022-04-01,35,51,11,4,101,2641,646
27620,"Jefferson City, MO",2022-05-01,31,54,17,0,102,2743,677
27620,"Jefferson City, MO",2022-06-01,27,57,13,0,97,2840,704
27620,"Jefferson City, MO",2022-07-01,32,55,10,1,98,2938,736
27620,"Jefferson City, MO",2022-08-01,35,64,15,3,117,3055,771
27620,"Jefferson City, MO",2022-09-01,44,68,7,1,120,3175,815
27620,"Jefferson City, MO",2022-10-01,34,55,16,1,106,3281,849
27620,"Jefferson City, MO",2022-11-01,28,55,18,1,102,3383,877
27620,"Jefferson City, MO",2022-12-01,42,47,17,0,106,3489,919
27620,"Jefferson City, MO",2023-01-01,49,69,20,1,139,3628,968
27620,"Jefferson City, MO",2023-02-01,45,41,23,0,109,3737,1013
27620,"Jefferson City, MO",2023-03-01,54,74,23,0,151,3888,1067
27620,"Jefferson City, MO",2023-04-01,36,53,23,2,114,4002,1103
27620,"Jefferson City, MO",2023-05-01,30,52,11,0,93,4095,1133
27620,"Jefferson City, MO",2023-06-01,27,45,8,1,81,4176,1160
27620,"Jefferson City, MO",2023-07-01,40,47,9,1,97,4273,1200
27620,"Jefferson City, MO",2023-08-01,39,38,12,2,91,4364,1239
27620,"Jefferson City, MO",2023-09-01,44,42,21,0,107,4471,1283
27620,"Jefferson City, MO",2023-10-01,28,46,18,2,94,4565,1311
27620,"Jefferson City, MO",2023-11-01,55,53,18,0,126,4691,1366
27620,"Jefferson City, MO",2023-12-01,44,46,13,1,104,4795,1410
27620,"Jefferson City, MO",2024-01-01,53,75,25,0,153,4948,1463
27620,"Jefferson City, MO",2024-02-01,55,55,14,4,128,5076,1518
27620,"Jefferson City, MO",2024-03-01,45,47,19,3,114,5190,1563
27620,"Jefferson City, MO",2024-04-01,41,42,13,1,97,5287,1604
27620,"Jefferson City, MO",2024-05-01,48,44,13,1,106,5393,1652
27620,"Jefferson City, MO",2024-06-01,45,40,8,1,94,5487,1697
27620,"Jefferson City, MO",2024-07-01,32,34,18,1,85,5572,1729
27620,"Jefferson City, MO",2024-08-01,29,41,12,2,84,5656,1758
27620,"Jefferson City, MO",2024-09-01,64,57,12,2,135,5791,1822
27620,"Jefferson City, MO",2024-10-01,57,60,16,0,133,5924,1879
27620,"Jefferson City, MO",2024-11-01,49,50,13,1,113,6037,1928
27620,"Jefferson City, MO",2024-12-01,90,75,18,1,184,6221,2018
27620,"Jefferson City, MO",2025-01-01,67,45,16,1,129,6350,2085
27620,"Jefferson City, MO",2025-02-01,73,37,17,0,127,6477,2158
27620,"Jefferson City, MO",2025-03-01,76,33,14,2,125,6602,2234
27620,"Jefferson City, MO",2025-04-01,66,48,10,1,125,6727,2300
27620,"Jefferson City, MO",2025-05-01,52,61,11,1,125,6852,2352
27620,"Jefferson City, MO",2025-06-01,55,61,16,1,133,6985,2407
27620,"Jefferson City, MO",2025-07-01,59,45,19,0,123,7108,2466
27620,"Jefferson City, MO",2025-08-01,52,25,16,2,95,7203,2518
38940,"Port St. Lucie, FL",2019-01-01,3,47,12,2,64,64,3
38940,"Port St. Lucie, FL",2019-02-01,3,58,15,3,79,143,6
38940,"Port St. Lucie, FL",2019-03-01,3,62,23,4,92,235,9
38940,"Port St. Lucie, FL",2019-04-01,4,62,16,7,89,324,13
38940,"Port St. Lucie, FL",2019-05-01,4,65,28,2,99,423,17
38940,"Port St. Lucie, FL",2019-06-01,1,46,13,0,60,483,18
38940,"Port St. Lucie, FL",2019-07-01,6,37,11,0,54,537,24
38940,"Port St. Lucie, FL",2019-08-01,4,54,21,3,82,619,28
38940,"Port St. Lucie, FL",2019-09-01,3,36,10,1,50,669,31
38940,"Port St. Lucie, FL",2019-10-01,3,53,17,4,77,746,34
38940,"Port St. Lucie, FL",2019-11-01,12,56,8,1,77,823,46
38940,"Port St. Lucie, FL",2019-12-01,7,40,17,2,66,889,53
38940,"Port St. Lucie, FL",2020-01-01,5,40,19,4,68,957,58
38940,"Port St. Lucie, FL",2020-02-01,10,46,17,3,76,1033,68
38940,"Port St. Lucie, FL",2020-03-01,9,73,24,2,108,1141,77
38940,"Port St. Lucie, FL",2020-04-01,26,131,53,12,222,1363,103
38940,"Port St. Lucie, FL",2020-05-01,46,184,60,6,296,1659,149
38940,"Port St. Lucie, FL",2020-06-01,23,107,30,7,167,1826,172
38940,"Port St. Lucie, FL",2020-07-01,36,105,45,2,188,2014,208
38940,"Port St. Lucie, FL",2020-08-01,79,229,52,5,365,2379,287
38940,"Port St. Lucie, FL",2020-09-01,58,208,53,14,333,2712,345
38940,"Port St. Lucie, FL",2020-10-01,32,166,33,9,240,2952,377
38940,"Port St. Lucie, FL",2020-11-01,25,112,28,8,173,3125,402
38940,"Port St. Lucie, FL",2020-12-01,21,88,31,6,146,3271,423
38940,"Port St. Lucie, FL",2021-01-01,134,299,81,8,522,3793,557
38940,"Port St. Lucie, FL",2021-02-01,84,199,80,2,365,4158,641
38940,"Port St. Lucie, FL",2021-03-01,111,286,97,9,503,4661,752
38940,"Port St. Lucie, FL",2021-04-01,121,330,105,11,567,5228,873
38940,"Port St. Lucie, FL",2021-05-01,110,330,99,11,550,5778,983
38940,"Port St. Lucie, FL",2021-06-01,102,267,89,12,470,6248,1085
38940,"Port St. Lucie, FL",2021-07-01,50,147,37,5,239,6487,1135
38940,"Port St. Lucie, FL",2021-08-01,66,185,62,7,320,6807,1201
38940,"Port St. Lucie, FL",2021-09-01,44,157,53,9,263,7070,1245
38940,"Port St. Lucie, FL",2021-10-01,25,81,27,3,136,7206,1270
38940,"Port St. Lucie, FL",2021-11-01,63,176,42,5,286,7492,1333
38940,"Port St. Lucie, FL",2021-12-01,136,283,95,7,521,8013,1469
38940,"Port St. Lucie, FL",2022-01-01,139,332,112,18,601,8614,1608
38940,"Port St. Lucie, FL",2022-02-01,89,201,72,12,374,8988,1697
38940,"Port St. Lucie, FL",2022-03-01,136,276,86,14,512,9500,1833
38940,"Port St. Lucie, FL",2022-04-01,117,294,84,11,506,10006,1950
38940,"Port St. Lucie, FL",2022-05-01,116,270,82,7,475,10481,2066
38940,"Port St. Lucie, FL",2022-06-01,115,259,78,6,458,10939,2181
38940,"Port St. Lucie, FL",2022-07-01,42,108,42,8,200,11139,2223
38940,"Port St. Lucie, FL",2022-08-01,59,125,47,4,235,11374,2282
38940,"Port St. Lucie, FL",2022-09-01,118,245,91,10,464,11838,2400
38940,"Port St. Lucie, FL",2022-10-01,99,237,121,11,468,12306,2499
38940,"Port St. Lucie, FL",2022-11-01,101,239,81,10,431,12737,2600
38940,"Port St. Lucie, FL",2022-12-01,117,213,79,9,418,13155,2717
38940,"Port St. Lucie, FL",2023-01-01,116,227,77,12,432,13587,2833
38940,"Port St. Lucie, FL",2023-02-01,113,159,77,12,361,13948,2946
38940,"Port St. Lucie, FL",2023-03-01,148,247,88,11,494,14442,3094
38940,"Port St. Lucie, FL",2023-04-01,97,204,65,12,378,14820,3191
38940,"Port St. Lucie, FL",2023-05-01,54,107,40,2,203,15023,3245
38940,"Port St. Lucie, FL",2023-06-01,37,67,27,2,133,15156,3282
38940,"Port St. Lucie, FL",2023-07-01,39,94,25,4,162,15318,3321
38940,"Port St. Lucie, FL",2023-08-01,41,88,41,2,172,15490,3362
38940,"Port St. Lucie, FL",2023-09-01,33,87,25,3,148,15638,3395
38940,"Port St. Lucie, FL",2023-10-01,55,145,60,3,263,15901,3450
38940,"Port St. Lucie, FL",2023-11-01,73,164,50,5,292,16193,3523
38940,"Port St. Lucie, FL",2023-12-01,60,177,43,4,284,16477,3583
38940,"Port St. Lucie, FL",2024-01-01,79,154,61,5,299,16776,3662
38940,"Port St. Lucie, FL",2024-02-01,102,190,66,4,362,17138,3764
38940,"Port St. Lucie, FL",2024-03-01,159,285,112,14,570,17708,3923
38940,"Port St. Lucie, FL",2024-04-01,156,232,83,10,481,18189,4079
38940,"Port St. Lucie, FL",2024-05-01,109,174,54,8,345,18534,4188
38940,"Port St. Lucie, FL",2024-06-01,94,139,60,5,298,18832,4282
38940,"Port St. Lucie, FL",2024-07-01,33,94,19,3,149,18981,4315
38940,"Port St. Lucie, FL",2024-08-01,25,71,16,5,117,19098,4340
38940,"Port St. Lucie, FL",2024-09-01,47,118,38,3,206,19304,4387
38940,"Port St. Lucie, FL",2024-10-01,113,266,94,8,481,19785,4500
38940,"Port St. Lucie, FL",2024-11-01,117,202,68,6,393,20178,4617
38940,"Port St. Lucie, FL",2024-12-01,121,214,57,8,400,20578,4738
38940,"Port St. Lucie, FL",2025-01-01,87,180,62,12,341,20919,4825
38940,"Port St. Lucie, FL",2025-02-01,64,97,35,4,200,21119,4889
38940,"Port St. Lucie, FL",2025-03-01,90,197,66,10,363,21482,4979
38940,"Port St. Lucie, FL",2025-04-01,122,172,54,4,352,21834,5101
38940,"Port St. Lucie, FL",2025-05-01,44,81,24,4,153,21987,5145
38940,"Port St. Lucie, FL",2025-06-01,32,72,12,3,119,22106,5177
38940,"Port St. Lucie, FL",2025-07-01,34,72,22,3,131,22237,5211
38940,"Port St. Lucie, FL",2025-08-01,25,37,13,2,77,22314,5236
27700,"Jesup, GA",2019-01-01,0,2,0,0,2,2,0
27700,"Jesup, GA",2019-02-01,0,2,0,0,2,4,0
27700,"Jesup, GA",2019-03-01,0,2,0,0,2,6,0
27700,"Jesup, GA",2019-04-01,0,3,0,0,3,9,0
27700,"Jesup, GA",2019-05-01,0,1,0,0,1,10,0
27700,"Jesup, GA",2019-06-01,0,2,1,0,3,13,0
27700,"Jesup, GA",2019-07-01,0,2,0,0,2,15,0
27700,"Jesup, GA",2019-08-01,0,2,0,0,2,17,0
27700,"Jesup, GA",2019-09-01,0,3,0,0,3,20,0
27700,"Jesup, GA",2019-10-01,0,4,0,0,4,24,0
27700,"Jesup, GA",2019-11-01,0,4,1,0,5,29,0
27700,"Jesup, GA",2019-12-01,0,0,1,0,1,30,0
27700,"Jesup, GA",2020-01-01,0,2,0,0,2,32,0
27700,"Jesup, GA",2020-02-01,0,3,0,0,3,35,0
27700,"Jesup, GA",2020-03-01,0,3,3,0,6,41,0
27700,"Jesup, GA",2020-04-01,1,7,3,1,12,53,1
27700,"Jesup, GA",2020-05-01,2,11,2,0,15,68,3
27700,"Jesup, GA",2020-06-01,0,12,1,0,13,81,3
27700,"Jesup, GA",2020-07-01,4,7,3,0,14,95,7
27700,"Jesup, GA",2020-08-01,2,20,4,1,27,122,9
27700,"Jesup, GA",2020-09-01,1,9,3,0,13,135,10
27700,"Jesup, GA",2020-10-01,5,20,4,0,29,164,15
27700,"Jesup, GA",2020-11-01,3,22,2,0,27,191,18
27700,"Jesup, GA",2020-12-01,1,18,5,0,24,215,19
27700,"Jesup, GA",2021-01-01,7,29,7,0,43,258,26
27700,"Jesup, GA",2021-02-01,4,18,4,1,27,285,30
27700,"Jesup, GA",2021-03-01,7,25,4,1,37,322,37
27700,"Jesup, GA",2021-04-01,7,31,5,1,44,366,44
27700,"Jesup, GA",2021-05-01,14,42,7,0,63,429,58
27700,"Jesup, GA",2021-06-01,16,27,5,0,48,477,74
27700,"Jesup, GA",2021-07-01,8,29,9,3,49,526,82
27700,"Jesup, GA",2021-08-01,5,22,6,0,33,559,87
27700,"Jesup, GA",2021-09-01,3,26,6,0,35,594,90
27700,"Jesup, GA",2021-10-01,3,41,5,1,50,644,93
27700,"Jesup, GA",2021-11-01,13,31,15,0,59,703,106
27700,"Jesup, GA",2021-12-01,8,30,6,1,45,748,114
27700,"Jesup, GA",2022-01-01,13,32,7,1,53,801,127
27700,"Jesup, GA",2022-02-01,9,16,2,1,28,829,136
27700,"Jesup, GA",2022-03-01,14,27,7,0,48,877,150
27700,"Jesup, GA",2022-04-01,8,23,6,1,38,915,158
27700,"Jesup, GA",2022-05-01,10,21,8,0,39,954,168
27700,"Jesup, GA",2022-06-01,6,21,8,0,35,989,174
27700,"Jesup, GA",2022-07-01,2,22,7,0,31,1020,176
27700,"Jesup, GA",2022-08-01,7,22,6,1,36,1056,183
27700,"Jesup, GA",2022-09-01,1,23,4,0,28,1084,184
27700,"Jesup, GA",2022-10-01,7,21,7,3,38,1122,191
27700,"Jesup, GA",2022-11-01,9,28,13,0,50,1172,200
27700,"Jesup, GA",2022-12-01,9,20,7,2,38,1210,209
27700,"Jesup, GA",2023-01-01,9,13,4,0,26,1236,218
27700,"Jesup, GA",2023-02-01,11,16,5,0,32,1268,229
27700,"Jesup, GA",2023-03-01,12,38,10,2,62,1330,241
27700,"Jesup, GA",2023-04-01,14,18,5,2,39,1369,255
27700,"Jesup, GA",2023-05-01,11,34,4,0,49,1418,266
27700,"Jesup, GA",2023-06-01,13,21,3,1,38,1456,279
27700,"Jesup, GA",2023-07-01,9,21,11,1,42,1498,288
27700,"Jesup, GA",2023-08-01,7,18,10,0,35,1533,295
27700,"Jesup, GA",2023-09-01,8,13,2,0,23,1556,303
27700,"Jesup, GA",2023-10-01,11,23,10,1,45,1601,314
27700,"Jesup, GA",2023-11-01,13,18,8,0,39,1640,327
27700,"Jesup, GA",2023-12-01,11,28,4,0,43,1683,338
27700,"Jesup, GA",2024-01-01,10,28,9,0,47,1730,348
27700,"Jesup, GA",2024-02-01,12,32,3,2,49,1779,360
27700,"Jesup, GA",2024-03-01,24,28,5,4,61,1840,384
27700,"Jesup, GA",2024-04-01,19,23,12,0,54,1894,403
27700,"Jesup, GA",2024-05-01,20,27,11,0,58,1952,423
27700,"Jesup, GA",2024-06-01,22,31,6,0,59,2011,445
27700,"Jesup, GA",2024-07-01,6,21,5,0,32,2043,451
27700,"Jesup, GA",2024-08-01,15,15,7,3,40,2083,466
27700,"Jesup, GA",2024-09-01,13,21,7,1,42,2125,479
27700,"Jesup, GA",2024-10-01,20,24,12,0,56,2181,499
27700,"Jesup, GA",2024-11-01,7,16,4,0,27,2208,506
27700,"Jesup, GA",2024-12-01,18,23,11,1,53,2261,524
27700,"Jesup, GA",2025-01-01,7,31,6,3,47,2308,531
27700,"Jesup, GA",2025-02-01,16,21,5,1,43,2351,547
27700,"Jesup, GA",2025-03-01,11,29,10,0,50,2401,558
27700,"Jesup, GA",2025-04-01,16,25,14,3,58,2459,574
27700,"Jesup, GA",2025-05-01,14,32,8,1,55,2514,588
27700,"Jesup, GA",2025-06-01,25,32,4,2,63,2577,613
27700,"Jesup, GA",2025-07-01,17,25,5,0,47,2624,630
27700,"Jesup, GA",2025-08-01,7,20,3,1,31,2655,637
10760,"Alexander City, AL",2019-01-01,0,2,0,0,2,2,0
10760,"Alexander City, AL",2019-02-01,0,2,0,0,2,4,0
10760,"Alexander City, AL",2019-04-01,0,1,0,0,1,5,0
10760,"Alexander City, AL",2019-05-01,1,0,0,0,1,6,1
10760,"Alexander City, AL",2019-06-01,0,3,0,0,3,9,1
10760,"Alexander City, AL",2019-07-01,0,1,0,0,1,10,1
10760,"Alexander City, AL",2019-08-01,0,1,2,0,3,13,1
10760,"Alexander City, AL",2019-10-01,1,2,0,0,3,16,2
10760,"Alexander City, AL",2019-11-01,0,2,0,0,2,18,2
10760,"Alexander City, AL",2019-12-01,0,2,0,0,2,20,2
10760,"Alexander City, AL",2020-01-01,0,2,0,0,2,22,2
10760,"Alexander City, AL",2020-03-01,0,3,0,0,3,25,2
10760,"Alexander City, AL",2020-04-01,1,1,2,0,4,29,3
10760,"Alexander City, AL",2020-05-01,3,7,2,0,12,41,6
10760,"Alexander City, AL",2020-06-01,0,3,1,0,4,45,6
10760,"Alexander City, AL",2020-07-01,1,3,0,0,4,49,7
10760,"Alexander City, AL",2020-08-01,1,14,1,0,16,65,8
10760,"Alexander City, AL",2020-09-01,0,8,1,0,9,74,8
10760,"Alexander City, AL",2020-10-01,3,4,1,1,9,83,11
10760,"Alexander City, AL",2020-11-01,0,3,0,0,3,86,11
10760,"Alexander City, AL",2020-12-01,0,3,0,0,3,89,11
10760,"Alexander City, AL",2021-01-01,2,5,0,0,7,96,13
10760,"Alexander City, AL",2021-02-01,1,2,1,0,4,100,14
10760,"Alexander City, AL",2021-03-01,6,12,2,0,20,120,20
10760,"Alexander City, AL",2021-04-01,8,17,4,0,29,149,28
10760,"Alexander City, AL",2021-05-01,7,19,2,0,28,177,35
10760,"Alexander City, AL",2021-06-01,3,19,4,0,26,203,38
10760,"Alexander City, AL",2021-07-01,3,21,7,1,32,235,41
10760,"Alexander City, AL",2021-08-01,5,15,4,2,26,261,46
10760,"Alexander City, AL",2021-09-01,3,20,8,0,31,292,49
10760,"Alexander City, AL",2021-10-01,4,22,6,0,32,324,53
10760,"Alexander City, AL",2021-11-01,5,23,6,0,34,358,58
10760,"Alexander City, AL",2021-12-01,9,14,4,0,27,385,67
10760,"Alexander City, AL",2022-01-01,2,16,3,0,21,406,69
10760,"Alexander City, AL",2022-02-01,7,25,7,0,39,445,76
10760,"Alexander City, AL",2022-03-01,5,22,5,0,32,477,81
10760,"Alexander City, AL",2022-04-01,6,20,5,1,32,509,87
10760,"Alexander City, AL",2022-05-01,9,19,6,0,34,543,96
10760,"Alexander City, AL",2022-06-01,2,13,3,1,19,562,98
10760,"Alexander City, AL",2022-07-01,8,10,6,0,24,586,106
10760,"Alexander City, AL",2022-08-01,5,19,5,0,29,615,111
10760,"Alexander City, AL",2022-09-01,6,13,6,0,25,640,117
10760,"Alexander City, AL",2022-10-01,4,22,5,2,33,673,121
10760,"Alexander City, AL",2022-11-01,10,26,3,0,39,712,131
10760,"Alexander City, AL",2022-12-01,10,25,6,3,44,756,141
10760,"Alexander City, AL",2023-01-01,9,24,10,0,43,799,150
10760,"Alexander City, AL",2023-02-01,11,16,7,0,34,833,161
10760,"Alexander City, AL",2023-03-01,8,16,3,1,28,861,169
10760,"Alexander City, AL",2023-04-01,13,26,6,1,46,907,182
10760,"Alexander City, AL",2023-05-01,8,17,4,0,29,936,190
10760,"Alexander City, AL",2023-06-01,10,25,6,1,42,978,200
10760,"Alexander City, AL",2023-07-01,8,28,5,0,41,1019,208
10760,"Alexander City, AL",2023-08-01,13,16,7,1,37,1056,221
10760,"Alexander City, AL",2023-09-01,8,14,1,0,23,1079,229
10760,"Alexander City, AL",2023-10-01,16,15,6,0,37,1116,245
10760,"Alexander City, AL",2023-11-01,9,11,3,0,23,1139,254
10760,"Alexander City, AL",2023-12-01,13,21,4,1,39,1178,267
10760,"Alexander City, AL",2024-01-01,13,17,8,0,38,1216,280
10760,"Alexander City, AL",2024-02-01,12,27,4,0,43,1259,292
10760,"Alexander City, AL",2024-03-01,19,19,3,1,42,1301,311
10760,"Alexander City, AL",2024-04-01,7,14,4,0,25,1326,318
10760,"Alexander City, AL",2024-05-01,16,19,5,2,42,1368,334
10760,"Alexander City, AL",2024-06-01,11,19,7,1,38,1406,345
10760,"Alexander City, AL",2024-07-01,9,25,5,0,39,1445,354
10760,"Alexander City, AL",2024-08-01,10,26,7,1,44,1489,364
10760,"Alexander City, AL",2024-09-01,11,22,5,0,38,1527,375
10760,"Alexander City, AL",2024-10-01,13,22,8,1,44,1571,388
10760,"Alexander City, AL",2024-11-01,8,12,8,0,28,1599,396
10760,"Alexander City, AL",2024-12-01,17,14,7,1,39,1638,413
10760,"Alexander City, AL",2025-01-01,15,21,3,0,39,1677,428
10760,"Alexander City, AL",2025-02-01,5,7,5,0,17,1694,433
10760,"Alexander City, AL",2025-03-01,8,15,3,0,26,1720,441
10760,"Alexander City, AL",2025-04-01,15,22,7,1,45,1765,456
10760,"Alexander City, AL",2025-05-01,17,25,9,1,52,1817,473
10760,"Alexander City, AL",2025-06-01,9,27,6,1,43,1860,482
10760,"Alexander City, AL",2025-07-01,8,13,6,0,27,1887,490
10760,"Alexander City, AL",2025-08-01,15,12,4,1,32,1919,505
12780,"Bartlesville, OK",2019-01-01,0,2,1,0,3,3,0
12780,"Bartlesville, OK",2019-02-01,0,4,0,0,4,7,0
12780,"Bartlesville, OK",2019-03-01,0,2,0,0,2,9,0
12780,"Bartlesville, OK",2019-04-01,0,5,3,0,8,17,0
12780,"Bartlesville, OK",2019-05-01,1,20,6,1,28,45,1
12780,"Bartlesville, OK",2019-06-01,2,20,7,1,30,75,3
12780,"Bartlesville, OK",2019-07-01,0,21,5,0,26,101,3
12780,"Bartlesville, OK",2019-08-01,0,14,3,0,17,118,3
12780,"Bartlesville, OK",2019-09-01,2,14,2,0,18,136,5
12780,"Bartlesville, OK",2019-10-01,2,16,3,1,22,158,7
12780,"Bartlesville, OK",2019-11-01,2,9,1,0,12,170,9
12780,"Bartlesville, OK",2019-12-01,3,10,5,0,18,188,12
12780,"Bartlesville, OK",2020-01-01,0,12,3,1,16,204,12
12780,"Bartlesville, OK",2020-02-01,3,13,4,2,22,226,15
12780,"Bartlesville, OK",2020-03-01,4,20,7,0,31,257,19
12780,"Bartlesville, OK",2020-04-01,5,39,9,0,53,310,24
12780,"Bartlesville, OK",2020-05-01,9,45,4,3,61,371,33
12780,"Bartlesville, OK",2020-06-01,19,34,9,0,62,433,52
12780,"Bartlesville, OK",2020-07-01,7,23,7,1,38,471,59
12780,"Bartlesville, OK",2020-08-01,8,27,7,0,42,513,67
12780,"Bartlesville, OK",2020-09-01,9,28,5,0,42,555,76
12780,"Bartlesville, OK",2020-10-01,8,21,6,2,37,592,84
12780,"Bartlesville, OK",2020-11-01,2,23,2,1,28,620,86
12780,"Bartlesville, OK",2020-12-01,10,34,7,2,53,673,96
12780,"Bartlesville, OK",2021-01-01,10,41,13,0,64,737,106
12780,"Bartlesville, OK",2021-02-01,14,34,8,2,58,795,120
12780,"Bartlesville, OK",2021-03-01,25,37,16,1,79,874,145
12780,"Bartlesville, OK",2021-04-01,19,37,8,1,65,939,164
12780,"Bartlesville, OK",2021-05-01,24,51,11,0,86,1025,188
12780,"Bartlesville, OK",2021-06-01,7,33,8,1,49,1074,195
12780,"Bartlesville, OK",2021-07-01,15,36,17,2,70,1144,210
12780,"Bartlesville, OK",2021-08-01,9,29,5,2,45,1189,219
12780,"Bartlesville, OK",2021-09-01,12,33,14,3,62,1251,231
12780,"Bartlesville, OK",2021-10-01,20,23,6,0,49,1300,251
12780,"Bartlesville, OK",2021-11-01,12,22,6,1,41,1341,263
12780,"Bartlesville, OK",2021-12-01,17,31,12,1,61,1402,280
12780,"Bartlesville, OK",2022-01-01,14,45,21,1,81,1483,294
12780,"Bartlesville, OK",2022-02-01,21,29,7,0,57,1540,315
12780,"Bartlesville, OK",2022-03-01,11,41,11,2,65,1605,326
12780,"Bartlesville, OK",2022-04-01,8,31,11,1,51,1656,334
12780,"Bartlesville, OK",2022-05-01,16,31,6,1,54,1710,350
12780,"Bartlesville, OK",2022-06-01,11,17,6,0,34,1744,361
12780,"Bartlesville, OK",2022-07-01,6,16,11,2,35,1779,367
12780,"Bartlesville, OK",2022-08-01,6,27,7,3,43,1822,373
12780,"Bartlesville, OK",2022-09-01,12,22,6,1,41,1863,385
12780,"Bartlesville, OK",2022-10-01,10,30,11,0,51,1914,395
12780,"Bartlesville, OK",2022-11-01,12,16,6,1,35,1949,407
12780,"Bartlesville, OK",2022-12-01,11,15,8,0,34,1983,418
12780,"Bartlesville, OK",2023-01-01,15,17,11,1,44,2027,433
12780,"Bartlesville, OK",2023-02-01,22,17,10,1,50,2077,455
12780,"Bartlesville, OK",2023-03-01,28,34,13,2,77,2154,483
12780,"Bartlesville, OK",2023-04-01,10,26,4,1,41,2195,493
12780,"Bartlesville, OK",2023-05-01,14,20,9,0,43,2238,507
12780,"Bartlesville, OK",2023-06-01,14,17,8,1,40,2278,521
12780,"Bartlesville, OK",2023-07-01,7,14,5,0,26,2304,528
12780,"Bartlesville, OK",2023-08-01,7,8,3,1,19,2323,535
12780,"Bartlesville, OK",2023-09-01,6,6,2,0,14,2337,541
12780,"Bartlesville, OK",2023-10-01,9,25,7,1,42,2379,550
12780,"Bartlesville, OK",2023-11-01,17,34,16,4,71,2450,567
12780,"Bartlesville, OK",2023-12-01,15,26,13,5,59,2509,582
12780,"Bartlesville, OK",2024-01-01,9,29,10,2,50,2559,591
12780,"Bartlesville, OK",2024-02-01,20,22,9,1,52,2611,611
12780,"Bartlesville, OK",2024-03-01,16,21,7,0,44,2655,627
12780,"Bartlesville, OK",2024-04-01,18,19,8,1,46,2701,645
12780,"Bartlesville, OK",2024-05-01,14,15,6,2,37,2738,659
12780,"Bartlesville, OK",2024-06-01,11,7,0,1,19,2757,670
12780,"Bartlesville, OK",2024-07-01,4,11,3,0,18,2775,674
12780,"Bartlesville, OK",2024-08-01,7,13,3,0,23,2798,681
12780,"Bartlesville, OK",2024-09-01,15,10,4,1,30,2828,696
12780,"Bartlesville, OK",2024-10-01,17,23,11,0,51,2879,713
12780,"Bartlesville, OK",2024-11-01,32,22,12,2,68,2947,745
12780,"Bartlesville, OK",2024-12-01,19,26,4,0,49,2996,764
12780,"Bartlesville, OK",2025-01-01,23,17,2,0,42,3038,787
12780,"Bartlesville, OK",2025-02-01,35,31,8,0,74,3112,822
12780,"Bartlesville, OK",2025-03-01,33,25,16,3,77,3189,855
12780,"Bartlesville, OK",2025-04-01,29,17,8,0,54,3243,884
12780,"Bartlesville, OK",2025-05-01,30,24,9,0,63,3306,914
12780,"Bartlesville, OK",2025-06-01,29,24,9,1,63,3369,943
12780,"Bartlesville, OK",2025-07-01,18,32,11,1,62,3431,961
12780,"Bartlesville, OK",2025-08-01,22,23,5,0,50,3481,983
12780,"Bartlesville, OK",2025-09-01,1,1,0,0,2,3483,984
47340,"Wabash, IN",2019-02-01,0,1,0,0,1,1,0
47340,"Wabash, IN",2019-03-01,0,1,0,0,1,2,0
47340,"Wabash, IN",2019-04-01,0,2,2,0,4,6,0
47340,"Wabash, IN",2019-05-01,0,1,0,0,1,7,0
47340,"Wabash, IN",2019-06-01,0,1,1,0,2,9,0
47340,"Wabash, IN",2019-07-01,0,1,0,0,1,10,0
47340,"Wabash, IN",2019-08-01,0,1,0,0,1,11,0
47340,"Wabash, IN",2019-10-01,0,1,0,0,1,12,0
47340,"Wabash, IN",2019-11-01,0,1,0,0,1,13,0
47340,"Wabash, IN",2019-12-01,0,1,0,0,1,14,0
47340,"Wabash, IN",2020-01-01,0,0,2,0,2,16,0
47340,"Wabash, IN",2020-02-01,0,2,1,0,3,19,0
47340,"Wabash, IN",2020-03-01,0,2,2,0,4,23,0
47340,"Wabash, IN",2020-04-01,0,2,0,0,2,25,0
47340,"Wabash, IN",2020-05-01,2,5,0,0,7,32,2
47340,"Wabash, IN",2020-06-01,2,7,1,0,10,42,4
47340,"Wabash, IN",2020-07-01,3,5,4,0,12,54,7
47340,"Wabash, IN",2020-08-01,1,7,1,1,10,64,8
47340,"Wabash, IN",2020-09-01,1,7,2,0,10,74,9
47340,"Wabash, IN",2020-10-01,1,7,0,0,8,82,10
47340,"Wabash, IN",2020-11-01,2,9,2,0,13,95,12
47340,"Wabash, IN",2020-12-01,13,14,2,0,29,124,25
47340,"Wabash, IN",2021-01-01,8,15,7,2,32,156,33
47340,"Wabash, IN",2021-02-01,5,9,2,0,16,172,38
47340,"Wabash, IN",2021-03-01,3,17,3,0,23,195,41
47340,"Wabash, IN",2021-04-01,7,20,5,1,33,228,48
47340,"Wabash, IN",2021-05-01,13,29,8,0,50,278,61
47340,"Wabash, IN",2021-06-01,13,13,2,0,28,306,74
47340,"Wabash, IN",2021-07-01,4,12,5,0,21,327,78
47340,"Wabash, IN",2021-08-01,6,19,6,0,31,358,84
47340,"Wabash, IN",2021-09-01,4,12,10,0,26,384,88
47340,"Wabash, IN",2021-10-01,4,10,5,0,19,403,92
47340,"Wabash, IN",2021-11-01,6,20,5,0,31,434,98
47340,"Wabash, IN",2021-12-01,5,17,4,0,26,460,103
47340,"Wabash, IN",2022-01-01,7,26,6,0,39,499,110
47340,"Wabash, IN",2022-02-01,12,12,5,1,30,529,122
47340,"Wabash, IN",2022-03-01,8,23,3,0,34,563,130
47340,"Wabash, IN",2022-04-01,7,15,7,0,29,592,137
47340,"Wabash, IN",2022-05-01,12,14,4,2,32,624,149
47340,"Wabash, IN",2022-06-01,8,11,7,0,26,650,157
47340,"Wabash, IN",2022-07-01,2,10,7,0,19,669,159
47340,"Wabash, IN",2022-08-01,5,19,5,1,30,699,164
47340,"Wabash, IN",2022-09-01,9,17,7,1,34,733,173
47340,"Wabash, IN",2022-10-01,5,18,7,0,30,763,178
47340,"Wabash, IN",2022-11-01,5,14,5,0,24,787,183
47340,"Wabash, IN",2022-12-01,9,11,5,1,26,813,192
47340,"Wabash, IN",2023-01-01,13,17,8,2,40,853,205
47340,"Wabash, IN",2023-02-01,10,12,10,0,32,885,215
47340,"Wabash, IN",2023-03-01,8,24,5,0,37,922,223
47340,"Wabash, IN",2023-04-01,10,12,3,1,26,948,233
47340,"Wabash, IN",2023-05-01,6,5,4,2,17,965,239
47340,"Wabash, IN",2023-06-01,5,14,3,0,22,987,244
47340,"Wabash, IN",2023-07-01,9,13,4,1,27,1014,253
47340,"Wabash, IN",2023-08-01,10,6,2,1,19,1033,263
47340,"Wabash, IN",2023-09-01,9,6,5,0,20,1053,272
47340,"Wabash, IN",2023-10-01,11,10,1,1,23,1076,283
47340,"Wabash, IN",2023-11-01,12,10,3,0,25,1101,295
47340,"Wabash, IN",2023-12-01,1,5,3,0,9,1110,296
47340,"Wabash, IN",2024-01-01,9,17,5,0,31,1141,305
47340,"Wabash, IN",2024-02-01,10,11,4,0,25,1166,315
47340,"Wabash, IN",2024-03-01,10,9,5,0,24,1190,325
47340,"Wabash, IN",2024-04-01,9,11,7,0,27,1217,334
47340,"Wabash, IN",2024-05-01,9,7,6,0,22,1239,343
47340,"Wabash, IN",2024-06-01,4,3,5,0,12,1251,347
47340,"Wabash, IN",2024-07-01,6,4,4,0,14,1265,353
47340,"Wabash, IN",2024-08-01,1,3,2,0,6,1271,354
47340,"Wabash, IN",2024-09-01,4,9,2,0,15,1286,358
47340,"Wabash, IN",2024-10-01,13,11,1,2,27,1313,371
47340,"Wabash, IN",2024-11-01,17,11,4,0,32,1345,388
47340,"Wabash, IN",2024-12-01,12,14,4,0,30,1375,400
47340,"Wabash, IN",2025-01-01,9,13,2,0,24,1399,409
47340,"Wabash, IN",2025-02-01,12,7,4,0,23,1422,421
47340,"Wabash, IN",2025-03-01,11,13,1,0,25,1447,432
47340,"Wabash, IN",2025-04-01,7,11,4,1,23,1470,439
47340,"Wabash, IN",2025-05-01,11,9,1,0,21,1491,450
47340,"Wabash, IN",2025-06-01,6,6,3,0,15,1506,456
47340,"Wabash, IN",2025-07-01,8,11,8,0,27,1533,464
47340,"Wabash, IN",2025-08-01,1,5,4,0,10,1543,465
29980,"Lawrenceburg, TN",2019-01-01,0,1,0,0,1,1,0
29980,"Lawrenceburg, TN",2019-04-01,0,3,0,0,3,4,0
29980,"Lawrenceburg, TN",2019-05-01,0,2,0,0,2,6,0
29980,"Lawrenceburg, TN",2019-06-01,0,1,0,0,1,7,0
29980,"Lawrenceburg, TN",2019-07-01,0,3,1,0,4,11,0
29980,"Lawrenceburg, TN",2019-08-01,0,1,2,0,3,14,0
29980,"Lawrenceburg, TN",2019-09-01,0,1,2,0,3,17,0
29980,"Lawrenceburg, TN",2019-11-01,0,2,0,0,2,19,0
29980,"Lawrenceburg, TN",2019-12-01,0,1,0,0,1,20,0
29980,"Lawrenceburg, TN",2020-01-01,1,2,2,0,5,25,1
29980,"Lawrenceburg, TN",2020-02-01,0,1,1,0,2,27,1
29980,"Lawrenceburg, TN",2020-03-01,0,1,0,0,1,28,1
29980,"Lawrenceburg, TN",2020-04-01,0,7,0,0,7,35,1
29980,"Lawrenceburg, TN",2020-05-01,1,8,0,0,9,44,2
29980,"Lawrenceburg, TN",2020-06-01,0,1,0,0,1,45,2
29980,"Lawrenceburg, TN",2020-07-01,1,2,4,0,7,52,3
29980,"Lawrenceburg, TN",2020-08-01,2,9,1,1,13,65,5
29980,"Lawrenceburg, TN",2020-09-01,0,8,1,0,9,74,5
29980,"Lawrenceburg, TN",2020-10-01,2,5,0,2,9,83,7
29980,"Lawrenceburg, TN",2020-11-01,2,9,1,1,13,96,9
29980,"Lawrenceburg, TN",2020-12-01,4,15,7,0,26,122,13
29980,"Lawrenceburg, TN",2021-01-01,5,19,6,0,30,152,18
29980,"Lawrenceburg, TN",2021-02-01,7,14,4,0,25,177,25
29980,"Lawrenceburg, TN",2021-03-01,7,21,3,0,31,208,32
29980,"Lawrenceburg, TN",2021-04-01,10,19,7,2,38,246,42
29980,"Lawrenceburg, TN",2021-05-01,12,24,11,1,48,294,54
29980,"Lawrenceburg, TN",2021-06-01,6,17,6,0,29,323,60
29980,"Lawrenceburg, TN",2021-07-01,15,29,7,2,53,376,75
29980,"Lawrenceburg, TN",2021-08-01,9,24,12,0,45,421,84
29980,"Lawrenceburg, TN",2021-09-01,6,31,7,0,44,465,90
29980,"Lawrenceburg, TN",2021-10-01,8,25,4,0,37,502,98
29980,"Lawrenceburg, TN",2021-11-01,8,31,8,0,47,549,106
29980,"Lawrenceburg, TN",2021-12-01,10,22,13,1,46,595,116
29980,"Lawrenceburg, TN",2022-01-01,14,34,7,0,55,650,130
29980,"Lawrenceburg, TN",2022-02-01,10,20,11,1,42,692,140
29980,"Lawrenceburg, TN",2022-03-01,23,26,6,2,57,749,163
29980,"Lawrenceburg, TN",2022-04-01,12,32,5,0,49,798,175
29980,"Lawrenceburg, TN",2022-05-01,11,19,9,0,39,837,186
29980,"Lawrenceburg, TN",2022-06-01,5,25,9,0,39,876,191
29980,"Lawrenceburg, TN",2022-07-01,4,30,9,0,43,919,195
29980,"Lawrenceburg, TN",2022-08-01,10,22,7,0,39,958,205
29980,"Lawrenceburg, TN",2022-09-01,6,22,6,0,34,992,211
29980,"Lawrenceburg, TN",2022-10-01,9,24,4,1,38,1030,220
29980,"Lawrenceburg, TN",2022-11-01,9,23,5,1,38,1068,229
29980,"Lawrenceburg, TN",2022-12-01,10,22,11,0,43,1111,239
29980,"Lawrenceburg, TN",2023-01-01,5,18,5,2,30,1141,244
29980,"Lawrenceburg, TN",2023-02-01,8,16,6,0,30,1171,252
29980,"Lawrenceburg, TN",2023-03-01,21,35,12,1,69,1240,273
29980,"Lawrenceburg, TN",2023-04-01,13,19,6,0,38,1278,286
29980,"Lawrenceburg, TN",2023-05-01,8,16,4,0,28,1306,294
29980,"Lawrenceburg, TN",2023-06-01,12,15,3,1,31,1337,306
29980,"Lawrenceburg, TN",2023-07-01,10,19,12,0,41,1378,316
29980,"Lawrenceburg, TN",2023-08-01,7,15,4,0,26,1404,323
29980,"Lawrenceburg, TN",2023-09-01,4,10,3,0,17,1421,327
29980,"Lawrenceburg, TN",2023-10-01,9,18,7,1,35,1456,336
29980,"Lawrenceburg, TN",2023-11-01,13,16,11,1,41,1497,349
29980,"Lawrenceburg, TN",2023-12-01,15,21,7,1,44,1541,364
29980,"Lawrenceburg, TN",2024-01-01,14,26,6,3,49,1590,378
29980,"Lawrenceburg, TN",2024-02-01,14,14,6,0,34,1624,392
29980,"Lawrenceburg, TN",2024-03-01,17,12,7,0,36,1660,409
29980,"Lawrenceburg, TN",2024-04-01,9,17,6,1,33,1693,418
29980,"Lawrenceburg, TN",2024-05-01,8,15,5,0,28,1721,426
29980,"Lawrenceburg, TN",2024-06-01,8,12,7,1,28,1749,434
29980,"Lawrenceburg, TN",2024-07-01,9,6,3,0,18,1767,443
29980,"Lawrenceburg, TN",2024-08-01,5,14,5,1,25,1792,448
29980,"Lawrenceburg, TN",2024-09-01,8,7,1,0,16,1808,456
29980,"Lawrenceburg, TN",2024-10-01,14,19,10,2,45,1853,470
29980,"Lawrenceburg, TN",2024-11-01,24,18,4,1,47,1900,494
29980,"Lawrenceburg, TN",2024-12-01,26,12,2,1,41,1941,520
29980,"Lawrenceburg, TN",2025-01-01,18,18,7,1,44,1985,538
29980,"Lawrenceburg, TN",2025-02-01,16,17,6,0,39,2024,554
29980,"Lawrenceburg, TN",2025-03-01,19,19,4,2,44,2068,573
29980,"Lawrenceburg, TN",2025-04-01,18,28,6,0,52,2120,591
29980,"Lawrenceburg, TN",2025-05-01,16,22,7,1,46,2166,607
29980,"Lawrenceburg, TN",2025-06-01,22,35,14,1,72,2238,629
29980,"Lawrenceburg, TN",2025-07-01,14,16,8,1,39,2277,643
29980,"Lawrenceburg, TN",2025-08-01,16,31,7,0,54,2331,659
29980,"Lawrenceburg, TN",2025-09-01,0,1,0,0,1,2332,659
23680,"Gallipolis, OH",2019-01-01,0,1,1,0,2,2,0
23680,"Gallipolis, OH",2019-02-01,0,0,1,0,1,3,0
23680,"Gallipolis, OH",2019-03-01,0,1,0,0,1,4,0
23680,"Gallipolis, OH",2019-04-01,0,0,1,0,1,5,0
23680,"Gallipolis, OH",2019-05-01,0,1,1,0,2,7,0
23680,"Gallipolis, OH",2019-06-01,0,1,2,0,3,10,0
23680,"Gallipolis, OH",2019-09-01,1,3,0,0,4,14,1
23680,"Gallipolis, OH",2019-10-01,0,2,0,0,2,16,1
23680,"Gallipolis, OH",2019-11-01,0,1,0,0,1,17,1
23680,"Gallipolis, OH",2019-12-01,0,1,0,0,1,18,1
23680,"Gallipolis, OH",2020-01-01,0,1,2,0,3,21,1
23680,"Gallipolis, OH",2020-02-01,0,1,0,0,1,22,1
23680,"Gallipolis, OH",2020-03-01,0,4,0,0,4,26,1
23680,"Gallipolis, OH",2020-04-01,1,6,1,0,8,34,2
23680,"Gallipolis, OH",2020-05-01,3,7,1,0,11,45,5
23680,"Gallipolis, OH",2020-06-01,1,4,0,0,5,50,6
23680,"Gallipolis, OH",2020-07-01,1,5,2,0,8,58,7
23680,"Gallipolis, OH",2020-08-01,3,10,0,0,13,71,10
23680,"Gallipolis, OH",2020-09-01,2,2,0,0,4,75,12
23680,"Gallipolis, OH",2020-10-01,1,10,4,0,15,90,13
23680,"Gallipolis, OH",2020-11-01,4,17,3,0,24,114,17
23680,"Gallipolis, OH",2020-12-01,15,19,5,0,39,153,32
23680,"Gallipolis, OH",2021-01-01,7,36,5,0,48,201,39
23680,"Gallipolis, OH",2021-02-01,5,18,2,0,25,226,44
23680,"Gallipolis, OH",2021-03-01,9,20,5,0,34,260,53
23680,"Gallipolis, OH",2021-04-01,5,14,2,0,21,281,58
23680,"Gallipolis, OH",2021-05-01,11,26,2,0,39,320,69
23680,"Gallipolis, OH",2021-06-01,10,17,6,0,33,353,79
23680,"Gallipolis, OH",2021-07-01,8,11,2,0,21,374,87
23680,"Gallipolis, OH",2021-08-01,3,14,4,0,21,395,90
23680,"Gallipolis, OH",2021-09-01,6,18,5,0,29,424,96
23680,"Gallipolis, OH",2021-10-01,2,11,6,0,19,443,98
23680,"Gallipolis, OH",2021-11-01,2,19,2,0,23,466,100
23680,"Gallipolis, OH",2021-12-01,9,17,6,0,32,498,109
23680,"Gallipolis, OH",2022-01-01,3,13,3,1,20,518,112
23680,"Gallipolis, OH",2022-02-01,10,13,7,0,30,548,122
23680,"Gallipolis, OH",2022-03-01,14,13,7,0,34,582,136
23680,"Gallipolis, OH",2022-04-01,9,22,6,0,37,619,145
23680,"Gallipolis, OH",2022-05-01,11,21,2,1,35,654,156
23680,"Gallipolis, OH",2022-06-01,8,13,6,0,27,681,164
23680,"Gallipolis, OH",2022-07-01,8,10,6,1,25,706,172
23680,"Gallipolis, OH",2022-08-01,11,18,5,1,35,741,183
23680,"Gallipolis, OH",2022-09-01,3,11,2,0,16,757,186
23680,"Gallipolis, OH",2022-10-01,10,8,3,0,21,778,196
23680,"Gallipolis, OH",2022-11-01,12,12,4,0,28,806,208
23680,"Gallipolis, OH",2022-12-01,11,13,4,0,28,834,219
23680,"Gallipolis, OH",2023-01-01,11,15,5,1,32,866,230
23680,"Gallipolis, OH",2023-02-01,7,11,3,2,23,889,237
23680,"Gallipolis, OH",2023-03-01,9,17,4,0,30,919,246
23680,"Gallipolis, OH",2023-04-01,11,13,3,0,27,946,257
23680,"Gallipolis, OH",2023-05-01,10,8,4,0,22,968,267
23680,"Gallipolis, OH",2023-06-01,7,17,4,1,29,997,274
23680,"Gallipolis, OH",2023-07-01,14,15,5,0,34,1031,288
23680,"Gallipolis, OH",2023-08-01,6,11,2,0,19,1050,294
23680,"Gallipolis, OH",2023-09-01,5,14,8,0,27,1077,299
23680,"Gallipolis, OH",2023-10-01,11,16,6,3,36,1113,310
23680,"Gallipolis, OH",2023-11-01,9,17,7,0,33,1146,319
23680,"Gallipolis, OH",2023-12-01,13,16,8,0,37,1183,332
23680,"Gallipolis, OH",2024-01-01,13,30,5,0,48,1231,345
23680,"Gallipolis, OH",2024-02-01,15,16,4,2,37,1268,360
23680,"Gallipolis, OH",2024-03-01,14,18,3,0,35,1303,374
23680,"Gallipolis, OH",2024-04-01,14,22,7,0,43,1346,388
23680,"Gallipolis, OH",2024-05-01,11,21,3,0,35,1381,399
23680,"Gallipolis, OH",2024-06-01,11,15,4,1,31,1412,410
23680,"Gallipolis, OH",2024-07-01,13,17,5,0,35,1447,423
23680,"Gallipolis, OH",2024-08-01,9,11,7,2,29,1476,432
23680,"Gallipolis, OH",2024-09-01,16,24,6,1,47,1523,448
23680,"Gallipolis, OH",2024-10-01,13,27,8,1,49,1572,461
23680,"Gallipolis, OH",2024-11-01,13,16,6,1,36,1608,474
23680,"Gallipolis, OH",2024-12-01,27,18,7,0,52,1660,501
23680,"Gallipolis, OH",2025-01-01,13,13,2,0,28,1688,514
23680,"Gallipolis, OH",2025-02-01,12,11,4,0,27,1715,526
23680,"Gallipolis, OH",2025-03-01,20,13,9,0,42,1757,546
23680,"Gallipolis, OH",2025-04-01,23,10,6,0,39,1796,569
23680,"Gallipolis, OH",2025-05-01,24,21,9,1,55,1851,593
23680,"Gallipolis, OH",2025-06-01,22,16,3,1,42,1893,615
23680,"Gallipolis, OH",2025-07-01,19,22,5,0,46,1939,634
23680,"Gallipolis, OH",2025-08-01,20,15,4,1,40,1979,654
23180,"Frankfort, KY",2019-01-01,0,8,2,0,10,10,0
23180,"Frankfort, KY",2019-02-01,0,18,6,0,24,34,0
23180,"Frankfort, KY",2019-03-01,2,33,6,0,41,75,2
23180,"Frankfort, KY",2019-04-01,2,29,9,1,41,116,4
23180,"Frankfort, KY",2019-05-01,0,26,6,0,32,148,4
23180,"Frankfort, KY",2019-06-01,2,20,10,0,32,180,6
23180,"Frankfort, KY",2019-07-01,1,24,5,0,30,210,7
23180,"Frankfort, KY",2019-08-01,1,23,3,0,27,237,8
23180,"Frankfort, KY",2019-09-01,1,36,4,0,41,278,9
23180,"Frankfort, KY",2019-10-01,0,21,4,0,25,303,9
23180,"Frankfort, KY",2019-11-01,0,29,7,0,36,339,9
23180,"Frankfort, KY",2019-12-01,3,19,7,1,30,369,12
23180,"Frankfort, KY",2020-01-01,3,20,6,0,29,398,15
23180,"Frankfort, KY",2020-02-01,3,21,5,0,29,427,18
23180,"Frankfort, KY",2020-03-01,5,23,5,0,33,460,23
23180,"Frankfort, KY",2020-04-01,12,30,11,1,54,514,35
23180,"Frankfort, KY",2020-05-01,15,62,26,3,106,620,50
23180,"Frankfort, KY",2020-06-01,15,51,10,1,77,697,65
23180,"Frankfort, KY",2020-07-01,6,67,14,1,88,785,71
23180,"Frankfort, KY",2020-08-01,16,55,14,3,88,873,87
23180,"Frankfort, KY",2020-09-01,16,53,10,0,79,952,103
23180,"Frankfort, KY",2020-10-01,8,52,18,1,79,1031,111
23180,"Frankfort, KY",2020-11-01,8,41,8,2,59,1090,119
23180,"Frankfort, KY",2020-12-01,14,47,8,1,70,1160,133
23180,"Frankfort, KY",2021-01-01,20,66,17,1,104,1264,153
23180,"Frankfort, KY",2021-02-01,14,47,10,0,71,1335,167
23180,"Frankfort, KY",2021-03-01,26,51,19,1,97,1432,193
23180,"Frankfort, KY",2021-04-01,16,74,18,1,109,1541,209
23180,"Frankfort, KY",2021-05-01,22,79,19,1,121,1662,231
23180,"Frankfort, KY",2021-06-01,27,64,13,1,105,1767,258
23180,"Frankfort, KY",2021-07-01,18,60,15,2,95,1862,276
23180,"Frankfort, KY",2021-08-01,19,76,16,1,112,1974,295
23180,"Frankfort, KY",2021-09-01,16,63,19,1,99,2073,311
23180,"Frankfort, KY",2021-10-01,8,60,14,0,82,2155,319
23180,"Frankfort, KY",2021-11-01,15,38,23,1,77,2232,334
23180,"Frankfort, KY",2021-12-01,23,67,18,6,114,2346,357
23180,"Frankfort, KY",2022-01-01,31,71,27,2,131,2477,388
23180,"Frankfort, KY",2022-02-01,21,58,20,0,99,2576,409
23180,"Frankfort, KY",2022-03-01,23,46,23,1,93,2669,432
23180,"Frankfort, KY",2022-04-01,21,53,22,0,96,2765,453
23180,"Frankfort, KY",2022-05-01,18,46,15,0,79,2844,471
23180,"Frankfort, KY",2022-06-01,25,32,15,1,73,2917,496
23180,"Frankfort, KY",2022-07-01,13,44,6,0,63,2980,509
23180,"Frankfort, KY",2022-08-01,12,36,16,0,64,3044,521
23180,"Frankfort, KY",2022-09-01,23,53,17,1,94,3138,544
23180,"Frankfort, KY",2022-10-01,27,69,15,0,111,3249,571
23180,"Frankfort, KY",2022-11-01,21,56,12,2,91,3340,592
23180,"Frankfort, KY",2022-12-01,20,49,28,3,100,3440,612
23180,"Frankfort, KY",2023-01-01,32,66,22,0,120,3560,644
23180,"Frankfort, KY",2023-02-01,26,48,22,1,97,3657,670
23180,"Frankfort, KY",2023-03-01,29,57,20,2,108,3765,699
23180,"Frankfort, KY",2023-04-01,17,37,14,2,70,3835,716
23180,"Frankfort, KY",2023-05-01,17,31,16,1,65,3900,733
23180,"Frankfort, KY",2023-06-01,17,28,19,0,64,3964,750
23180,"Frankfort, KY",2023-07-01,18,44,16,2,80,4044,768
23180,"Frankfort, KY",2023-08-01,10,30,14,0,54,4098,778
23180,"Frankfort, KY",2023-09-01,12,30,14,2,58,4156,790
23180,"Frankfort, KY",2023-10-01,32,52,19,2,105,4261,822
23180,"Frankfort, KY",2023-11-01,44,56,22,2,124,4385,866
23180,"Frankfort, KY",2023-12-01,30,51,8,3,92,4477,896
23180,"Frankfort, KY",2024-01-01,44,53,22,3,122,4599,940
23180,"Frankfort, KY",2024-02-01,26,54,26,3,109,4708,966
23180,"Frankfort, KY",2024-03-01,24,59,20,2,105,4813,990
23180,"Frankfort, KY",2024-04-01,23,38,12,1,74,4887,1013
23180,"Frankfort, KY",2024-05-01,32,52,8,3,95,4982,1045
23180,"Frankfort, KY",2024-06-01,15,16,12,1,44,5026,1060
23180,"Frankfort, KY",2024-07-01,10,28,8,0,46,5072,1070
23180,"Frankfort, KY",2024-08-01,7,19,9,2,37,5109,1077
23180,"Frankfort, KY",2024-09-01,18,46,17,2,83,5192,1095
23180,"Frankfort, KY",2024-10-01,41,72,25,2,140,5332,1136
23180,"Frankfort, KY",2024-11-01,25,37,25,1,88,5420,1161
23180,"Frankfort, KY",2024-12-01,41,59,16,3,119,5539,1202
23180,"Frankfort, KY",2025-01-01,26,49,18,1,94,5633,1228
23180,"Frankfort, KY",2025-02-01,32,31,11,3,77,5710,1260
23180,"Frankfort, KY",2025-03-01,34,46,24,3,107,5817,1294
23180,"Frankfort, KY",2025-04-01,25,45,29,3,102,5919,1319
23180,"Frankfort, KY",2025-05-01,36,50,15,2,103,6022,1355
23180,"Frankfort, KY",2025-06-01,48,59,21,4,132,6154,1403
23180,"Frankfort, KY",2025-07-01,30,40,15,3,88,6242,1433
23180,"Frankfort, KY",2025-08-01,24,42,10,2,78,6320,1457
10860,"Alice, TX",2019-01-01,0,1,0,0,1,1,0
10860,"Alice, TX",2019-02-01,0,0,1,0,1,2,0
10860,"Alice, TX",2019-03-01,0,0,1,0,1,3,0
10860,"Alice, TX",2019-05-01,0,1,1,0,2,5,0
10860,"Alice, TX",2019-06-01,1,14,1,0,16,21,1
10860,"Alice, TX",2019-07-01,0,10,0,1,11,32,1
10860,"Alice, TX",2019-08-01,0,7,1,0,8,40,1
10860,"Alice, TX",2019-09-01,0,9,1,1,11,51,1
10860,"Alice, TX",2019-10-01,1,9,1,0,11,62,2
10860,"Alice, TX",2019-11-01,1,6,2,0,9,71,3
10860,"Alice, TX",2019-12-01,0,6,1,0,7,78,3
10860,"Alice, TX",2020-01-01,0,6,1,0,7,85,3
10860,"Alice, TX",2020-02-01,0,10,2,0,12,97,3
10860,"Alice, TX",2020-03-01,3,7,3,0,13,110,6
10860,"Alice, TX",2020-04-01,1,9,1,0,11,121,7
10860,"Alice, TX",2020-05-01,3,16,7,1,27,148,10
10860,"Alice, TX",2020-06-01,3,10,1,0,14,162,13
10860,"Alice, TX",2020-07-01,4,15,2,0,21,183,17
10860,"Alice, TX",2020-08-01,5,13,1,1,20,203,22
10860,"Alice, TX",2020-09-01,0,19,6,0,25,228,22
10860,"Alice, TX",2020-10-01,3,14,3,0,20,248,25
10860,"Alice, TX",2020-11-01,3,12,1,0,16,264,28
10860,"Alice, TX",2020-12-01,3,20,2,0,25,289,31
10860,"Alice, TX",2021-01-01,1,11,3,1,16,305,32
10860,"Alice, TX",2021-02-01,5,9,1,0,15,320,37
10860,"Alice, TX",2021-03-01,5,18,4,0,27,347,42
10860,"Alice, TX",2021-04-01,7,18,6,1,32,379,49
10860,"Alice, TX",2021-05-01,12,17,5,0,34,413,61
10860,"Alice, TX",2021-06-01,4,20,3,0,27,440,65
10860,"Alice, TX",2021-07-01,6,15,6,1,28,468,71
10860,"Alice, TX",2021-08-01,2,13,5,0,20,488,73
10860,"Alice, TX",2021-09-01,4,29,1,0,34,522,77
10860,"Alice, TX",2021-10-01,6,13,2,0,21,543,83
10860,"Alice, TX",2021-11-01,2,10,5,1,18,561,85
10860,"Alice, TX",2021-12-01,4,8,3,1,16,577,89
10860,"Alice, TX",2022-01-01,5,13,3,3,24,601,94
10860,"Alice, TX",2022-02-01,0,7,3,0,10,611,94
10860,"Alice, TX",2022-03-01,10,8,5,1,24,635,104
10860,"Alice, TX",2022-04-01,4,11,7,0,22,657,108
10860,"Alice, TX",2022-05-01,4,10,2,0,16,673,112
10860,"Alice, TX",2022-06-01,4,12,1,1,18,691,116
10860,"Alice, TX",2022-07-01,3,2,4,0,9,700,119
10860,"Alice, TX",2022-08-01,2,12,6,1,21,721,121
10860,"Alice, TX",2022-09-01,5,14,3,1,23,744,126
10860,"Alice, TX",2022-10-01,7,14,3,0,24,768,133
10860,"Alice, TX",2022-11-01,2,8,0,0,10,778,135
10860,"Alice, TX",2022-12-01,5,12,2,0,19,797,140
10860,"Alice, TX",2023-01-01,5,15,3,1,24,821,145
10860,"Alice, TX",2023-02-01,9,17,3,0,29,850,154
10860,"Alice, TX",2023-03-01,11,20,9,0,40,890,165
10860,"Alice, TX",2023-04-01,7,15,9,0,31,921,172
10860,"Alice, TX",2023-05-01,10,12,2,0,24,945,182
10860,"Alice, TX",2023-06-01,5,13,5,1,24,969,187
10860,"Alice, TX",2023-07-01,3,10,5,0,18,987,190
10860,"Alice, TX",2023-08-01,5,12,1,0,18,1005,195
10860,"Alice, TX",2023-09-01,1,12,1,0,14,1019,196
10860,"Alice, TX",2023-10-01,8,14,2,0,24,1043,204
10860,"Alice, TX",2023-11-01,10,9,6,0,25,1068,214
10860,"Alice, TX",2023-12-01,9,11,9,0,29,1097,223
10860,"Alice, TX",2024-01-01,7,19,8,0,34,1131,230
10860,"Alice, TX",2024-02-01,6,9,3,0,18,1149,236
10860,"Alice, TX",2024-03-01,7,12,4,0,23,1172,243
10860,"Alice, TX",2024-04-01,8,12,2,0,22,1194,251
10860,"Alice, TX",2024-05-01,6,20,3,0,29,1223,257
10860,"Alice, TX",2024-06-01,1,6,6,0,13,1236,258
10860,"Alice, TX",2024-07-01,8,5,0,0,13,1249,266
10860,"Alice, TX",2024-08-01,3,12,2,0,17,1266,269
10860,"Alice, TX",2024-09-01,15,18,4,0,37,1303,284
10860,"Alice, TX",2024-10-01,8,21,2,1,32,1335,292
10860,"Alice, TX",2024-11-01,8,15,5,0,28,1363,300
10860,"Alice, TX",2024-12-01,5,10,4,0,19,1382,305
10860,"Alice, TX",2025-01-01,9,10,4,0,23,1405,314
10860,"Alice, TX",2025-02-01,10,8,3,1,22,1427,324
10860,"Alice, TX",2025-03-01,7,14,2,1,24,1451,331
10860,"Alice, TX",2025-04-01,11,20,1,0,32,1483,342
10860,"Alice, TX",2025-05-01,14,18,4,0,36,1519,356
10860,"Alice, TX",2025-06-01,10,13,4,0,27,1546,366
10860,"Alice, TX",2025-07-01,11,9,6,0,26,1572,377
10860,"Alice, TX",2025-08-01,13,18,7,2,40,1612,390
10860,"Alice, TX",2025-09-01,0,3,0,0,3,1615,390
13460,"Bend, OR",2019-01-01,0,22,13,0,35,35,0
13460,"Bend, OR",2019-02-01,0,27,7,0,34,69,0
13460,"Bend, OR",2019-03-01,2,30,9,0,41,110,2
13460,"Bend, OR",2019-04-01,2,36,11,1,50,160,4
13460,"Bend, OR",2019-05-01,1,41,14,1,57,217,5
13460,"Bend, OR",2019-06-01,2,28,10,1,41,258,7
13460,"Bend, OR",2019-07-01,4,25,3,0,32,290,11
13460,"Bend, OR",2019-08-01,3,33,12,1,49,339,14
13460,"Bend, OR",2019-09-01,5,35,8,0,48,387,19
13460,"Bend, OR",2019-10-01,5,25,6,3,39,426,24
13460,"Bend, OR",2019-11-01,3,31,7,1,42,468,27
13460,"Bend, OR",2019-12-01,4,42,11,0,57,525,31
13460,"Bend, OR",2020-01-01,6,36,7,1,50,575,37
13460,"Bend, OR",2020-02-01,15,40,11,2,68,643,52
13460,"Bend, OR",2020-03-01,5,37,17,3,62,705,57
13460,"Bend, OR",2020-04-01,41,102,24,3,170,875,98
13460,"Bend, OR",2020-05-01,71,105,18,6,200,1075,169
13460,"Bend, OR",2020-06-01,55,111,15,2,183,1258,224
13460,"Bend, OR",2020-07-01,47,111,29,3,190,1448,271
13460,"Bend, OR",2020-08-01,77,129,24,1,231,1679,348
13460,"Bend, OR",2020-09-01,29,120,21,3,173,1852,377
13460,"Bend, OR",2020-10-01,57,92,20,2,171,2023,434
13460,"Bend, OR",2020-11-01,36,87,21,2,146,2169,470
13460,"Bend, OR",2020-12-01,26,74,9,0,109,2278,496
13460,"Bend, OR",2021-01-01,56,106,17,6,185,2463,552
13460,"Bend, OR",2021-02-01,41,89,15,2,147,2610,593
13460,"Bend, OR",2021-03-01,69,97,23,3,192,2802,662
13460,"Bend, OR",2021-04-01,40,85,11,1,137,2939,702
13460,"Bend, OR",2021-05-01,49,100,19,2,170,3109,751
13460,"Bend, OR",2021-06-01,41,114,21,1,177,3286,792
13460,"Bend, OR",2021-07-01,49,104,23,5,181,3467,841
13460,"Bend, OR",2021-08-01,37,115,27,1,180,3647,878
13460,"Bend, OR",2021-09-01,34,108,19,5,166,3813,912
13460,"Bend, OR",2021-10-01,14,52,11,3,80,3893,926
13460,"Bend, OR",2021-11-01,22,74,22,4,122,4015,948
13460,"Bend, OR",2021-12-01,37,103,28,5,173,4188,985
13460,"Bend, OR",2022-01-01,70,161,33,4,268,4456,1055
13460,"Bend, OR",2022-02-01,45,85,28,5,163,4619,1100
13460,"Bend, OR",2022-03-01,35,59,36,2,132,4751,1135
13460,"Bend, OR",2022-04-01,39,83,28,2,152,4903,1174
13460,"Bend, OR",2022-05-01,43,67,21,0,131,5034,1217
13460,"Bend, OR",2022-06-01,49,70,14,2,135,5169,1266
13460,"Bend, OR",2022-07-01,50,97,35,6,188,5357,1316
13460,"Bend, OR",2022-08-01,73,127,39,4,243,5600,1389
13460,"Bend, OR",2022-09-01,46,97,31,6,180,5780,1435
13460,"Bend, OR",2022-10-01,51,95,30,7,183,5963,1486
13460,"Bend, OR",2022-11-01,69,100,32,5,206,6169,1555
13460,"Bend, OR",2022-12-01,68,113,19,2,202,6371,1623
13460,"Bend, OR",2023-01-01,52,103,33,3,191,6562,1675
13460,"Bend, OR",2023-02-01,40,66,32,4,142,6704,1715
13460,"Bend, OR",2023-03-01,50,92,34,1,177,6881,1765
13460,"Bend, OR",2023-04-01,52,79,17,3,151,7032,1817
13460,"Bend, OR",2023-05-01,41,42,12,1,96,7128,1858
13460,"Bend, OR",2023-06-01,35,65,22,2,124,7252,1893
13460,"Bend, OR",2023-07-01,55,66,19,2,142,7394,1948
13460,"Bend, OR",2023-08-01,62,76,23,1,162,7556,2010
13460,"Bend, OR",2023-09-01,61,80,26,2,169,7725,2071
13460,"Bend, OR",2023-10-01,53,76,24,4,157,7882,2124
13460,"Bend, OR",2023-11-01,50,81,23,5,159,8041,2174
13460,"Bend, OR",2023-12-01,74,77,19,0,170,8211,2248
13460,"Bend, OR",2024-01-01,74,74,20,2,170,8381,2322
13460,"Bend, OR",2024-02-01,77,87,23,0,187,8568,2399
13460,"Bend, OR",2024-03-01,74,75,21,3,173,8741,2473
13460,"Bend, OR",2024-04-01,54,59,19,4,136,8877,2527
13460,"Bend, OR",2024-05-01,74,80,17,0,171,9048,2601
13460,"Bend, OR",2024-06-01,82,77,15,3,177,9225,2683
13460,"Bend, OR",2024-07-01,82,74,18,2,176,9401,2765
13460,"Bend, OR",2024-08-01,72,76,15,6,169,9570,2837
13460,"Bend, OR",2024-09-01,63,65,26,3,157,9727,2900
13460,"Bend, OR",2024-10-01,79,78,18,1,176,9903,2979
13460,"Bend, OR",2024-11-01,62,95,15,0,172,10075,3041
13460,"Bend, OR",2024-12-01,88,79,30,1,198,10273,3129
13460,"Bend, OR",2025-01-01,87,72,35,3,197,10470,3216
13460,"Bend, OR",2025-02-01,67,66,21,1,155,10625,3283
13460,"Bend, OR",2025-03-01,68,69,21,1,159,10784,3351
13460,"Bend, OR",2025-04-01,95,70,16,0,181,10965,3446
13460,"Bend, OR",2025-05-01,61,73,18,1,153,11118,3507
13460,"Bend, OR",2025-06-01,91,62,15,0,168,11286,3598
13460,"Bend, OR",2025-07-01,59,57,26,2,144,11430,3657
13460,"Bend, OR",2025-08-01,53,54,11,1,119,11549,3710
13460,"Bend, OR",2025-09-01,2,0,1,0,3,11552,3712
20180,"DuBois, PA",2020-08-01,0,1,0,0,1,1,0
20180,"DuBois, PA",2020-10-01,0,1,0,0,1,2,0
20180,"DuBois, PA",2020-12-01,0,1,0,0,1,3,0
20180,"DuBois, PA",2021-02-01,0,1,0,0,1,4,0
20180,"DuBois, PA",2021-06-01,1,0,0,0,1,5,1
20180,"DuBois, PA",2021-07-01,1,0,0,0,1,6,2
20180,"DuBois, PA",2021-08-01,1,0,0,0,1,7,3
20180,"DuBois, PA",2021-10-01,0,1,0,0,1,8,3
20180,"DuBois, PA",2021-11-01,1,0,0,0,1,9,4
20180,"DuBois, PA",2022-02-01,1,0,0,0,1,10,5
20180,"DuBois, PA",2022-04-01,0,2,0,0,2,12,5
20180,"DuBois, PA",2022-08-01,0,0,1,0,1,13,5
20180,"DuBois, PA",2022-10-01,0,2,0,0,2,15,5
20180,"DuBois, PA",2022-11-01,0,0,1,0,1,16,5
20180,"DuBois, PA",2022-12-01,0,2,0,0,2,18,5
20180,"DuBois, PA",2023-01-01,0,1,2,0,3,21,5
20180,"DuBois, PA",2023-03-01,1,0,1,0,2,23,6
20180,"DuBois, PA",2023-07-01,1,0,0,0,1,24,7
20180,"DuBois, PA",2023-08-01,0,1,0,0,1,25,7
20180,"DuBois, PA",2023-09-01,1,3,0,0,4,29,8
20180,"DuBois, PA",2023-10-01,0,3,1,0,4,33,8
20180,"DuBois, PA",2023-11-01,0,2,0,0,2,35,8
20180,"DuBois, PA",2023-12-01,0,1,2,1,4,39,8
20180,"DuBois, PA",2024-01-01,1,0,0,0,1,40,9
20180,"DuBois, PA",2024-02-01,1,2,0,0,3,43,10
20180,"DuBois, PA",2024-03-01,1,1,0,0,2,45,11
20180,"DuBois, PA",2024-04-01,0,1,1,0,2,47,11
20180,"DuBois, PA",2024-05-01,0,1,1,0,2,49,11
20180,"DuBois, PA",2024-06-01,0,1,0,0,1,50,11
20180,"DuBois, PA",2024-07-01,0,1,2,0,3,53,11
20180,"DuBois, PA",2024-08-01,0,2,0,0,2,55,11
20180,"DuBois, PA",2024-09-01,0,5,1,1,7,62,11
20180,"DuBois, PA",2024-10-01,0,3,0,0,3,65,11
20180,"DuBois, PA",2024-11-01,1,2,0,0,3,68,12
20180,"DuBois, PA",2024-12-01,0,3,0,0,3,71,12
20180,"DuBois, PA",2025-01-01,0,2,0,0,2,73,12
20180,"DuBois, PA",2025-02-01,4,4,0,0,8,81,16
20180,"DuBois, PA",2025-03-01,3,2,2,0,7,88,19
20180,"DuBois, PA",2025-04-01,5,2,0,0,7,95,24
20180,"DuBois, PA",2025-05-01,4,6,3,0,13,108,28
20180,"DuBois, PA",2025-06-01,3,4,2,0,9,117,31
20180,"DuBois, PA",2025-07-01,2,3,3,0,8,125,33
20180,"DuBois, PA",2025-08-01,0,2,2,0,4,129,33
10580,"Albany-Schenectady-Troy, NY",2019-01-01,2,99,18,1,120,120,2
10580,"Albany-Schenectady-Troy, NY",2019-02-01,3,108,23,1,135,255,5
10580,"Albany-Schenectady-Troy, NY",2019-03-01,7,106,23,2,138,393,12
10580,"Albany-Schenectady-Troy, NY",2019-04-01,12,104,22,1,139,532,24
10580,"Albany-Schenectady-Troy, NY",2019-05-01,5,131,19,4,159,691,29
10580,"Albany-Schenectady-Troy, NY",2019-06-01,3,86,15,0,104,795,32
10580,"Albany-Schenectady-Troy, NY",2019-07-01,9,129,19,2,159,954,41
10580,"Albany-Schenectady-Troy, NY",2019-08-01,6,110,36,2,154,1108,47
10580,"Albany-Schenectady-Troy, NY",2019-09-01,8,138,46,6,198,1306,55
10580,"Albany-Schenectady-Troy, NY",2019-10-01,12,150,23,3,188,1494,67
10580,"Albany-Schenectady-Troy, NY",2019-11-01,9,112,24,4,149,1643,76
10580,"Albany-Schenectady-Troy, NY",2019-12-01,13,121,17,4,155,1798,89
10580,"Albany-Schenectady-Troy, NY",2020-01-01,19,166,36,5,226,2024,108
10580,"Albany-Schenectady-Troy, NY",2020-02-01,30,107,24,1,162,2186,138
10580,"Albany-Schenectady-Troy, NY",2020-03-01,33,137,34,3,207,2393,171
10580,"Albany-Schenectady-Troy, NY",2020-04-01,102,301,75,6,484,2877,273
10580,"Albany-Schenectady-Troy, NY",2020-05-01,207,380,67,7,661,3538,480
10580,"Albany-Schenectady-Troy, NY",2020-06-01,167,396,81,4,648,4186,647
10580,"Albany-Schenectady-Troy, NY",2020-07-01,158,452,80,4,694,4880,805
10580,"Albany-Schenectady-Troy, NY",2020-08-01,120,516,87,7,730,5610,925
10580,"Albany-Schenectady-Troy, NY",2020-09-01,100,423,83,8,614,6224,1025
10580,"Albany-Schenectady-Troy, NY",2020-10-01,119,423,86,13,641,6865,1144
10580,"Albany-Schenectady-Troy, NY",2020-11-01,62,269,58,4,393,7258,1206
10580,"Albany-Schenectady-Troy, NY",2020-12-01,100,215,35,5,355,7613,1306
10580,"Albany-Schenectady-Troy, NY",2021-01-01,223,433,101,9,766,8379,1529
10580,"Albany-Schenectady-Troy, NY",2021-02-01,131,387,120,15,653,9032,1660
10580,"Albany-Schenectady-Troy, NY",2021-03-01,179,474,109,12,774,9806,1839
10580,"Albany-Schenectady-Troy, NY",2021-04-01,159,498,111,10,778,10584,1998
10580,"Albany-Schenectady-Troy, NY",2021-05-01,219,539,134,17,909,11493,2217
10580,"Albany-Schenectady-Troy, NY",2021-06-01,178,519,99,11,807,12300,2395
10580,"Albany-Schenectady-Troy, NY",2021-07-01,179,509,104,9,801,13101,2574
10580,"Albany-Schenectady-Troy, NY",2021-08-01,136,472,114,12,734,13835,2710
10580,"Albany-Schenectady-Troy, NY",2021-09-01,151,556,141,18,866,14701,2861
10580,"Albany-Schenectady-Troy, NY",2021-10-01,44,209,48,8,309,15010,2905
10580,"Albany-Schenectady-Troy, NY",2021-11-01,99,294,69,7,469,15479,3004
10580,"Albany-Schenectady-Troy, NY",2021-12-01,223,416,92,13,744,16223,3227
10580,"Albany-Schenectady-Troy, NY",2022-01-01,226,481,95,13,815,17038,3453
10580,"Albany-Schenectady-Troy, NY",2022-02-01,154,328,87,4,573,17611,3607
10580,"Albany-Schenectady-Troy, NY",2022-03-01,209,446,128,9,792,18403,3816
10580,"Albany-Schenectady-Troy, NY",2022-04-01,139,398,90,13,640,19043,3955
10580,"Albany-Schenectady-Troy, NY",2022-05-01,195,424,89,6,714,19757,4150
10580,"Albany-Schenectady-Troy, NY",2022-06-01,67,161,32,2,262,20019,4217
10580,"Albany-Schenectady-Troy, NY",2022-07-01,70,134,41,3,248,20267,4287
10580,"Albany-Schenectady-Troy, NY",2022-08-01,80,277,66,4,427,20694,4367
10580,"Albany-Schenectady-Troy, NY",2022-09-01,116,326,79,4,525,21219,4483
10580,"Albany-Schenectady-Troy, NY",2022-10-01,138,294,84,9,525,21744,4621
10580,"Albany-Schenectady-Troy, NY",2022-11-01,159,278,87,8,532,22276,4780
10580,"Albany-Schenectady-Troy, NY",2022-12-01,198,312,97,4,611,22887,4978
10580,"Albany-Schenectady-Troy, NY",2023-01-01,180,279,96,5,560,23447,5158
10580,"Albany-Schenectady-Troy, NY",2023-02-01,187,286,92,8,573,24020,5345
10580,"Albany-Schenectady-Troy, NY",2023-03-01,213,341,104,9,667,24687,5558
10580,"Albany-Schenectady-Troy, NY",2023-04-01,186,298,63,6,553,25240,5744
10580,"Albany-Schenectady-Troy, NY",2023-05-01,103,175,54,6,338,25578,5847
10580,"Albany-Schenectady-Troy, NY",2023-06-01,63,99,29,5,196,25774,5910
10580,"Albany-Schenectady-Troy, NY",2023-07-01,58,109,22,4,193,25967,5968
10580,"Albany-Schenectady-Troy, NY",2023-08-01,85,193,69,3,350,26317,6053
10580,"Albany-Schenectady-Troy, NY",2023-09-01,136,285,87,9,517,26834,6189
10580,"Albany-Schenectady-Troy, NY",2023-10-01,163,296,84,7,550,27384,6352
10580,"Albany-Schenectady-Troy, NY",2023-11-01,161,290,88,7,546,27930,6513
10580,"Albany-Schenectady-Troy, NY",2023-12-01,233,281,80,9,603,28533,6746
10580,"Albany-Schenectady-Troy, NY",2024-01-01,208,317,87,9,621,29154,6954
10580,"Albany-Schenectady-Troy, NY",2024-02-01,195,279,84,4,562,29716,7149
10580,"Albany-Schenectady-Troy, NY",2024-03-01,201,281,92,7,581,30297,7350
10580,"Albany-Schenectady-Troy, NY",2024-04-01,174,252,48,2,476,30773,7524
10580,"Albany-Schenectady-Troy, NY",2024-05-01,190,305,95,6,596,31369,7714
10580,"Albany-Schenectady-Troy, NY",2024-06-01,180,281,80,5,546,31915,7894
10580,"Albany-Schenectady-Troy, NY",2024-07-01,177,291,73,6,547,32462,8071
10580,"Albany-Schenectady-Troy, NY",2024-08-01,193,334,82,21,630,33092,8264
10580,"Albany-Schenectady-Troy, NY",2024-09-01,156,271,79,14,520,33612,8420
10580,"Albany-Schenectady-Troy, NY",2024-10-01,211,303,90,8,612,34224,8631
10580,"Albany-Schenectady-Troy, NY",2024-11-01,208,294,81,6,589,34813,8839
10580,"Albany-Schenectady-Troy, NY",2024-12-01,266,307,78,5,656,35469,9105
10580,"Albany-Schenectady-Troy, NY",2025-01-01,282,350,97,8,737,36206,9387
10580,"Albany-Schenectady-Troy, NY",2025-02-01,233,247,76,4,560,36766,9620
10580,"Albany-Schenectady-Troy, NY",2025-03-01,250,306,75,4,635,37401,9870
10580,"Albany-Schenectady-Troy, NY",2025-04-01,258,339,87,11,695,38096,10128
10580,"Albany-Schenectady-Troy, NY",2025-05-01,254,304,76,9,643,38739,10382
10580,"Albany-Schenectady-Troy, NY",2025-06-01,236,279,64,6,585,39324,10618
10580,"Albany-Schenectady-Troy, NY",2025-07-01,232,287,90,4,613,39937,10850
10580,"Albany-Schenectady-Troy, NY",2025-08-01,172,280,71,9,532,40469,11022
10580,"Albany-Schenectady-Troy, NY",2025-09-01,7,4,3,0,14,40483,11029
34660,"Murray, KY",2019-01-01,0,1,1,0,2,2,0
34660,"Murray, KY",2019-02-01,0,1,0,0,1,3,0
34660,"Murray, KY",2019-03-01,0,3,0,0,3,6,0
34660,"Murray, KY",2019-05-01,0,2,1,0,3,9,0
34660,"Murray, KY",2019-06-01,2,5,1,0,8,17,2
34660,"Murray, KY",2019-07-01,0,1,0,0,1,18,2
34660,"Murray, KY",2019-08-01,0,0,1,0,1,19,2
34660,"Murray, KY",2019-09-01,0,5,1,0,6,25,2
34660,"Murray, KY",2019-10-01,0,5,1,0,6,31,2
34660,"Murray, KY",2019-11-01,0,4,1,0,5,36,2
34660,"Murray, KY",2019-12-01,0,3,0,0,3,39,2
34660,"Murray, KY",2020-01-01,0,5,0,0,5,44,2
34660,"Murray, KY",2020-02-01,3,2,2,0,7,51,5
34660,"Murray, KY",2020-03-01,2,2,1,0,5,56,7
34660,"Murray, KY",2020-04-01,1,4,2,0,7,63,8
34660,"Murray, KY",2020-05-01,8,11,2,0,21,84,16
34660,"Murray, KY",2020-06-01,5,9,0,0,14,98,21
34660,"Murray, KY",2020-07-01,1,13,3,0,17,115,22
34660,"Murray, KY",2020-08-01,1,11,1,0,13,128,23
34660,"Murray, KY",2020-09-01,3,6,1,1,11,139,26
34660,"Murray, KY",2020-10-01,9,29,1,0,39,178,35
34660,"Murray, KY",2020-11-01,5,23,2,1,31,209,40
34660,"Murray, KY",2020-12-01,8,42,6,1,57,266,48
34660,"Murray, KY",2021-01-01,16,57,2,0,75,341,64
34660,"Murray, KY",2021-02-01,19,39,4,0,62,403,83
34660,"Murray, KY",2021-03-01,20,52,7,0,79,482,103
34660,"Murray, KY",2021-04-01,12,39,3,0,54,536,115
34660,"Murray, KY",2021-05-01,13,61,6,0,80,616,128
34660,"Murray, KY",2021-06-01,12,50,3,0,65,681,140
34660,"Murray, KY",2021-07-01,16,44,9,0,69,750,156
34660,"Murray, KY",2021-08-01,21,37,10,1,69,819,177
34660,"Murray, KY",2021-09-01,15,30,8,0,53,872,192
34660,"Murray, KY",2021-10-01,12,32,8,0,52,924,204
34660,"Murray, KY",2021-11-01,19,18,1,1,39,963,223
34660,"Murray, KY",2021-12-01,11,31,8,0,50,1013,234
34660,"Murray, KY",2022-01-01,24,33,6,0,63,1076,258
34660,"Murray, KY",2022-02-01,22,31,8,0,61,1137,280
34660,"Murray, KY",2022-03-01,14,33,15,1,63,1200,294
34660,"Murray, KY",2022-04-01,9,35,8,1,53,1253,303
34660,"Murray, KY",2022-05-01,12,37,8,0,57,1310,315
34660,"Murray, KY",2022-06-01,7,22,11,0,40,1350,322
34660,"Murray, KY",2022-07-01,12,25,9,0,46,1396,334
34660,"Murray, KY",2022-08-01,18,33,6,0,57,1453,352
34660,"Murray, KY",2022-09-01,12,12,3,1,28,1481,364
34660,"Murray, KY",2022-10-01,14,12,6,1,33,1514,378
34660,"Murray, KY",2022-11-01,14,25,6,1,46,1560,392
34660,"Murray, KY",2022-12-01,16,31,8,0,55,1615,408
34660,"Murray, KY",2023-01-01,16,11,8,0,35,1650,424
34660,"Murray, KY",2023-02-01,24,14,15,1,54,1704,448
34660,"Murray, KY",2023-03-01,34,45,14,2,95,1799,482
34660,"Murray, KY",2023-04-01,11,15,8,1,35,1834,493
34660,"Murray, KY",2023-05-01,20,22,8,1,51,1885,513
34660,"Murray, KY",2023-06-01,19,24,5,1,49,1934,532
34660,"Murray, KY",2023-07-01,11,21,6,1,39,1973,543
34660,"Murray, KY",2023-08-01,11,12,5,0,28,2001,554
34660,"Murray, KY",2023-09-01,16,21,5,1,43,2044,570
34660,"Murray, KY",2023-10-01,27,31,5,1,64,2108,597
34660,"Murray, KY",2023-11-01,18,27,13,1,59,2167,615
34660,"Murray, KY",2023-12-01,22,29,7,0,58,2225,637
34660,"Murray, KY",2024-01-01,16,26,11,3,56,2281,653
34660,"Murray, KY",2024-02-01,30,21,6,1,58,2339,683
34660,"Murray, KY",2024-03-01,41,20,11,0,72,2411,724
34660,"Murray, KY",2024-04-01,28,29,11,1,69,2480,752
34660,"Murray, KY",2024-05-01,15,27,6,0,48,2528,767
34660,"Murray, KY",2024-06-01,11,9,5,1,26,2554,778
34660,"Murray, KY",2024-07-01,8,13,3,0,24,2578,786
34660,"Murray, KY",2024-08-01,21,27,9,0,57,2635,807
34660,"Murray, KY",2024-09-01,32,21,9,0,62,2697,839
34660,"Murray, KY",2024-10-01,43,27,12,1,83,2780,882
34660,"Murray, KY",2024-11-01,44,41,7,1,93,2873,926
34660,"Murray, KY",2024-12-01,47,31,6,0,84,2957,973
34660,"Murray, KY",2025-01-01,43,29,7,0,79,3036,1016
34660,"Murray, KY",2025-02-01,41,31,7,2,81,3117,1057
34660,"Murray, KY",2025-03-01,22,25,5,0,52,3169,1079
34660,"Murray, KY",2025-04-01,31,17,8,0,56,3225,1110
34660,"Murray, KY",2025-05-01,27,23,4,1,55,3280,1137
34660,"Murray, KY",2025-06-01,18,27,13,0,58,3338,1155
34660,"Murray, KY",2025-07-01,17,24,9,1,51,3389,1172
34660,"Murray, KY",2025-08-01,21,21,5,1,48,3437,1193
34660,"Murray, KY",2025-09-01,2,0,0,0,2,3439,1195
38920,"Port Lavaca, TX",2019-01-01,0,0,1,0,1,1,0
38920,"Port Lavaca, TX",2019-03-01,0,1,0,0,1,2,0
38920,"Port Lavaca, TX",2019-04-01,0,2,0,0,2,4,0
38920,"Port Lavaca, TX",2019-06-01,0,2,0,0,2,6,0
38920,"Port Lavaca, TX",2019-07-01,1,0,1,0,2,8,1
38920,"Port Lavaca, TX",2019-08-01,0,3,1,2,6,14,1
38920,"Port Lavaca, TX",2019-09-01,0,1,1,1,3,17,1
38920,"Port Lavaca, TX",2019-10-01,0,2,1,0,3,20,1
38920,"Port Lavaca, TX",2019-11-01,0,2,0,0,2,22,1
38920,"Port Lavaca, TX",2019-12-01,0,3,0,0,3,25,1
38920,"Port Lavaca, TX",2020-01-01,0,1,1,0,2,27,1
38920,"Port Lavaca, TX",2020-02-01,0,2,0,0,2,29,1
38920,"Port Lavaca, TX",2020-03-01,0,1,2,0,3,32,1
38920,"Port Lavaca, TX",2020-04-01,1,1,3,1,6,38,2
38920,"Port Lavaca, TX",2020-05-01,2,4,4,0,10,48,4
38920,"Port Lavaca, TX",2020-06-01,1,2,2,0,5,53,5
38920,"Port Lavaca, TX",2020-07-01,1,2,0,0,3,56,6
38920,"Port Lavaca, TX",2020-08-01,0,6,0,0,6,62,6
38920,"Port Lavaca, TX",2020-09-01,0,2,2,0,4,66,6
38920,"Port Lavaca, TX",2020-10-01,1,5,1,0,7,73,7
38920,"Port Lavaca, TX",2020-11-01,1,0,1,0,2,75,8
38920,"Port Lavaca, TX",2020-12-01,0,3,0,0,3,78,8
38920,"Port Lavaca, TX",2021-01-01,0,3,3,1,7,85,8
38920,"Port Lavaca, TX",2021-02-01,1,2,1,0,4,89,9
38920,"Port Lavaca, TX",2021-03-01,6,8,2,0,16,105,15
38920,"Port Lavaca, TX",2021-04-01,2,8,3,0,13,118,17
38920,"Port Lavaca, TX",2021-05-01,1,11,4,0,16,134,18
38920,"Port Lavaca, TX",2021-06-01,0,9,1,0,10,144,18
38920,"Port Lavaca, TX",2021-07-01,1,7,1,0,9,153,19
38920,"Port Lavaca, TX",2021-08-01,0,7,4,0,11,164,19
38920,"Port Lavaca, TX",2021-09-01,1,10,3,1,15,179,20
38920,"Port Lavaca, TX",2021-10-01,0,7,4,0,11,190,20
38920,"Port Lavaca, TX",2021-11-01,4,9,4,0,17,207,24
38920,"Port Lavaca, TX",2021-12-01,1,3,2,0,6,213,25
38920,"Port Lavaca, TX",2022-01-01,4,9,3,0,16,229,29
38920,"Port Lavaca, TX",2022-02-01,0,6,4,0,10,239,29
38920,"Port Lavaca, TX",2022-03-01,1,8,2,1,12,251,30
38920,"Port Lavaca, TX",2022-04-01,2,8,5,0,15,266,32
38920,"Port Lavaca, TX",2022-05-01,3,10,2,0,15,281,35
38920,"Port Lavaca, TX",2022-06-01,0,13,5,0,18,299,35
38920,"Port Lavaca, TX",2022-07-01,3,9,7,2,21,320,38
38920,"Port Lavaca, TX",2022-08-01,5,10,3,0,18,338,43
38920,"Port Lavaca, TX",2022-09-01,8,9,4,2,23,361,51
38920,"Port Lavaca, TX",2022-10-01,4,9,4,0,17,378,55
38920,"Port Lavaca, TX",2022-11-01,3,16,5,0,24,402,58
38920,"Port Lavaca, TX",2022-12-01,4,20,4,0,28,430,62
38920,"Port Lavaca, TX",2023-01-01,5,13,2,1,21,451,67
38920,"Port Lavaca, TX",2023-02-01,4,12,8,0,24,475,71
38920,"Port Lavaca, TX",2023-03-01,11,32,15,2,60,535,82
38920,"Port Lavaca, TX",2023-04-01,8,21,14,1,44,579,90
38920,"Port Lavaca, TX",2023-05-01,2,16,4,0,22,601,92
38920,"Port Lavaca, TX",2023-06-01,8,15,0,1,24,625,100
38920,"Port Lavaca, TX",2023-07-01,8,12,9,1,30,655,108
38920,"Port Lavaca, TX",2023-08-01,4,14,8,0,26,681,112
38920,"Port Lavaca, TX",2023-09-01,6,10,2,3,21,702,118
38920,"Port Lavaca, TX",2023-10-01,1,12,2,0,15,717,119
38920,"Port Lavaca, TX",2023-11-01,4,13,1,1,19,736,123
38920,"Port Lavaca, TX",2023-12-01,4,15,5,0,24,760,127
38920,"Port Lavaca, TX",2024-01-01,5,11,5,0,21,781,132
38920,"Port Lavaca, TX",2024-02-01,2,6,3,2,13,794,134
38920,"Port Lavaca, TX",2024-03-01,4,8,4,0,16,810,138
38920,"Port Lavaca, TX",2024-04-01,6,11,0,0,17,827,144
38920,"Port Lavaca, TX",2024-05-01,3,15,5,0,23,850,147
38920,"Port Lavaca, TX",2024-06-01,2,8,3,0,13,863,149
38920,"Port Lavaca, TX",2024-07-01,2,7,0,0,9,872,151
38920,"Port Lavaca, TX",2024-08-01,3,3,2,0,8,880,154
38920,"Port Lavaca, TX",2024-09-01,1,16,0,0,17,897,155
38920,"Port Lavaca, TX",2024-10-01,4,8,5,0,17,914,159
38920,"Port Lavaca, TX",2024-11-01,5,16,6,0,27,941,164
38920,"Port Lavaca, TX",2024-12-01,6,7,2,0,15,956,170
38920,"Port Lavaca, TX",2025-01-01,1,9,1,1,12,968,171
38920,"Port Lavaca, TX",2025-02-01,3,8,0,0,11,979,174
38920,"Port Lavaca, TX",2025-03-01,4,9,3,0,16,995,178
38920,"Port Lavaca, TX",2025-04-01,5,11,3,0,19,1014,183
38920,"Port Lavaca, TX",2025-05-01,9,16,4,0,29,1043,192
38920,"Port Lavaca, TX",2025-06-01,4,14,0,0,18,1061,196
38920,"Port Lavaca, TX",2025-07-01,7,5,5,0,17,1078,203
38920,"Port Lavaca, TX",2025-08-01,4,10,2,0,16,1094,207
38920,"Port Lavaca, TX",2025-09-01,1,1,0,0,2,1096,208
43700,"Somerset, KY",2019-02-01,0,1,1,0,2,2,0
43700,"Somerset, KY",2019-03-01,1,0,0,0,1,3,1
43700,"Somerset, KY",2019-04-01,0,3,0,0,3,6,1
43700,"Somerset, KY",2019-05-01,0,2,1,0,3,9,1
43700,"Somerset, KY",2019-06-01,1,1,3,0,5,14,2
43700,"Somerset, KY",2019-07-01,0,3,1,0,4,18,2
43700,"Somerset, KY",2019-08-01,0,2,0,0,2,20,2
43700,"Somerset, KY",2019-09-01,1,2,1,0,4,24,3
43700,"Somerset, KY",2019-10-01,0,2,1,0,3,27,3
43700,"Somerset, KY",2019-11-01,0,2,2,0,4,31,3
43700,"Somerset, KY",2019-12-01,0,4,0,0,4,35,3
43700,"Somerset, KY",2020-01-01,0,5,1,0,6,41,3
43700,"Somerset, KY",2020-02-01,1,3,0,0,4,45,4
43700,"Somerset, KY",2020-03-01,0,6,2,0,8,53,4
43700,"Somerset, KY",2020-04-01,1,9,2,0,12,65,5
43700,"Somerset, KY",2020-05-01,0,14,2,0,16,81,5
43700,"Somerset, KY",2020-06-01,0,9,1,0,10,91,5
43700,"Somerset, KY",2020-07-01,1,15,2,0,18,109,6
43700,"Somerset, KY",2020-08-01,3,6,5,0,14,123,9
43700,"Somerset, KY",2020-09-01,1,13,7,0,21,144,10
43700,"Somerset, KY",2020-10-01,8,30,12,0,50,194,18
43700,"Somerset, KY",2020-11-01,6,11,7,0,24,218,24
43700,"Somerset, KY",2020-12-01,7,43,9,0,59,277,31
43700,"Somerset, KY",2021-01-01,13,32,13,0,58,335,44
43700,"Somerset, KY",2021-02-01,6,35,12,1,54,389,50
43700,"Somerset, KY",2021-03-01,13,61,12,1,87,476,63
43700,"Somerset, KY",2021-04-01,14,58,15,0,87,563,77
43700,"Somerset, KY",2021-05-01,19,77,17,2,115,678,96
43700,"Somerset, KY",2021-06-01,9,75,17,2,103,781,105
43700,"Somerset, KY",2021-07-01,14,74,18,0,106,887,119
43700,"Somerset, KY",2021-08-01,13,70,21,1,105,992,132
43700,"Somerset, KY",2021-09-01,10,83,27,4,124,1116,142
43700,"Somerset, KY",2021-10-01,13,69,15,2,99,1215,155
43700,"Somerset, KY",2021-11-01,13,58,14,1,86,1301,168
43700,"Somerset, KY",2021-12-01,17,70,10,2,99,1400,185
43700,"Somerset, KY",2022-01-01,15,84,16,0,115,1515,200
43700,"Somerset, KY",2022-02-01,15,55,19,0,89,1604,215
43700,"Somerset, KY",2022-03-01,13,68,16,3,100,1704,228
43700,"Somerset, KY",2022-04-01,11,57,15,2,85,1789,239
43700,"Somerset, KY",2022-05-01,19,58,14,0,91,1880,258
43700,"Somerset, KY",2022-06-01,9,58,20,0,87,1967,267
43700,"Somerset, KY",2022-07-01,10,51,15,0,76,2043,277
43700,"Somerset, KY",2022-08-01,14,43,15,0,72,2115,291
43700,"Somerset, KY",2022-09-01,6,33,9,0,48,2163,297
43700,"Somerset, KY",2022-10-01,13,27,17,3,60,2223,310
43700,"Somerset, KY",2022-11-01,12,45,13,0,70,2293,322
43700,"Somerset, KY",2022-12-01,10,43,7,3,63,2356,332
43700,"Somerset, KY",2023-01-01,12,38,15,1,66,2422,344
43700,"Somerset, KY",2023-02-01,4,37,13,1,55,2477,348
43700,"Somerset, KY",2023-03-01,15,59,16,0,90,2567,363
43700,"Somerset, KY",2023-04-01,23,43,17,1,84,2651,386
43700,"Somerset, KY",2023-05-01,17,30,10,1,58,2709,403
43700,"Somerset, KY",2023-06-01,13,33,10,1,57,2766,416
43700,"Somerset, KY",2023-07-01,16,25,9,2,52,2818,432
43700,"Somerset, KY",2023-08-01,11,19,8,0,38,2856,443
43700,"Somerset, KY",2023-09-01,17,31,10,0,58,2914,460
43700,"Somerset, KY",2023-10-01,13,42,16,1,72,2986,473
43700,"Somerset, KY",2023-11-01,24,41,20,1,86,3072,497
43700,"Somerset, KY",2023-12-01,14,30,12,2,58,3130,511
43700,"Somerset, KY",2024-01-01,24,46,16,1,87,3217,535
43700,"Somerset, KY",2024-02-01,20,40,14,1,75,3292,555
43700,"Somerset, KY",2024-03-01,24,51,9,1,85,3377,579
43700,"Somerset, KY",2024-04-01,23,49,10,1,83,3460,602
43700,"Somerset, KY",2024-05-01,19,26,7,0,52,3512,621
43700,"Somerset, KY",2024-06-01,10,30,2,1,43,3555,631
43700,"Somerset, KY",2024-07-01,9,15,7,1,32,3587,640
43700,"Somerset, KY",2024-08-01,7,25,9,2,43,3630,647
43700,"Somerset, KY",2024-09-01,10,18,8,0,36,3666,657
43700,"Somerset, KY",2024-10-01,16,55,18,1,90,3756,673
43700,"Somerset, KY",2024-11-01,23,41,12,1,77,3833,696
43700,"Somerset, KY",2024-12-01,26,44,14,0,84,3917,722
43700,"Somerset, KY",2025-01-01,27,49,14,2,92,4009,749
43700,"Somerset, KY",2025-02-01,23,33,16,4,76,4085,772
43700,"Somerset, KY",2025-03-01,35,55,17,4,111,4196,807
43700,"Somerset, KY",2025-04-01,23,49,10,2,84,4280,830
43700,"Somerset, KY",2025-05-01,23,47,19,2,91,4371,853
43700,"Somerset, KY",2025-06-01,21,49,19,3,92,4463,874
43700,"Somerset, KY",2025-07-01,25,45,14,0,84,4547,899
43700,"Somerset, KY",2025-08-01,21,29,10,1,61,4608,920
43700,"Somerset, KY",2025-09-01,0,0,0,1,1,4609,920
19430,"Dayton-Kettering-Beavercreek, OH",2019-01-01,9,277,74,3,363,363,9
19430,"Dayton-Kettering-Beavercreek, OH",2019-02-01,18,230,48,5,301,664,27
19430,"Dayton-Kettering-Beavercreek, OH",2019-03-01,20,337,96,7,460,1124,47
19430,"Dayton-Kettering-Beavercreek, OH",2019-04-01,33,402,82,17,534,1658,80
19430,"Dayton-Kettering-Beavercreek, OH",2019-05-01,26,448,85,10,569,2227,106
19430,"Dayton-Kettering-Beavercreek, OH",2019-06-01,28,330,64,3,425,2652,134
19430,"Dayton-Kettering-Beavercreek, OH",2019-07-01,26,369,88,8,491,3143,160
19430,"Dayton-Kettering-Beavercreek, OH",2019-08-01,34,335,92,3,464,3607,194
19430,"Dayton-Kettering-Beavercreek, OH",2019-09-01,37,327,78,8,450,4057,231
19430,"Dayton-Kettering-Beavercreek, OH",2019-10-01,56,353,80,4,493,4550,287
19430,"Dayton-Kettering-Beavercreek, OH",2019-11-01,44,310,60,5,419,4969,331
19430,"Dayton-Kettering-Beavercreek, OH",2019-12-01,37,237,66,7,347,5316,368
19430,"Dayton-Kettering-Beavercreek, OH",2020-01-01,65,312,67,4,448,5764,433
19430,"Dayton-Kettering-Beavercreek, OH",2020-02-01,84,307,72,11,474,6238,517
19430,"Dayton-Kettering-Beavercreek, OH",2020-03-01,65,312,73,3,453,6691,582
19430,"Dayton-Kettering-Beavercreek, OH",2020-04-01,331,801,195,21,1348,8039,913
19430,"Dayton-Kettering-Beavercreek, OH",2020-05-01,478,1052,220,23,1773,9812,1391
19430,"Dayton-Kettering-Beavercreek, OH",2020-06-01,266,773,131,17,1187,10999,1657
19430,"Dayton-Kettering-Beavercreek, OH",2020-07-01,301,839,174,17,1331,12330,1958
19430,"Dayton-Kettering-Beavercreek, OH",2020-08-01,302,917,184,20,1423,13753,2260
19430,"Dayton-Kettering-Beavercreek, OH",2020-09-01,251,777,164,23,1215,14968,2511
19430,"Dayton-Kettering-Beavercreek, OH",2020-10-01,213,730,167,18,1128,16096,2724
19430,"Dayton-Kettering-Beavercreek, OH",2020-11-01,141,440,106,10,697,16793,2865
19430,"Dayton-Kettering-Beavercreek, OH",2020-12-01,216,403,94,13,726,17519,3081
19430,"Dayton-Kettering-Beavercreek, OH",2021-01-01,435,857,216,17,1525,19044,3516
19430,"Dayton-Kettering-Beavercreek, OH",2021-02-01,318,735,191,15,1259,20303,3834
19430,"Dayton-Kettering-Beavercreek, OH",2021-03-01,342,750,200,18,1310,21613,4176
19430,"Dayton-Kettering-Beavercreek, OH",2021-04-01,309,826,192,20,1347,22960,4485
19430,"Dayton-Kettering-Beavercreek, OH",2021-05-01,363,814,187,22,1386,24346,4848
19430,"Dayton-Kettering-Beavercreek, OH",2021-06-01,290,784,177,24,1275,25621,5138
19430,"Dayton-Kettering-Beavercreek, OH",2021-07-01,224,594,151,15,984,26605,5362
19430,"Dayton-Kettering-Beavercreek, OH",2021-08-01,203,541,160,16,920,27525,5565
19430,"Dayton-Kettering-Beavercreek, OH",2021-09-01,253,775,256,28,1312,28837,5818
19430,"Dayton-Kettering-Beavercreek, OH",2021-10-01,225,567,167,17,976,29813,6043
19430,"Dayton-Kettering-Beavercreek, OH",2021-11-01,219,542,163,17,941,30754,6262
19430,"Dayton-Kettering-Beavercreek, OH",2021-12-01,345,615,167,21,1148,31902,6607
19430,"Dayton-Kettering-Beavercreek, OH",2022-01-01,386,830,271,26,1513,33415,6993
19430,"Dayton-Kettering-Beavercreek, OH",2022-02-01,257,486,166,16,925,34340,7250
19430,"Dayton-Kettering-Beavercreek, OH",2022-03-01,263,589,183,19,1054,35394,7513
19430,"Dayton-Kettering-Beavercreek, OH",2022-04-01,281,571,178,24,1054,36448,7794
19430,"Dayton-Kettering-Beavercreek, OH",2022-05-01,130,316,104,11,561,37009,7924
19430,"Dayton-Kettering-Beavercreek, OH",2022-06-01,183,293,122,5,603,37612,8107
19430,"Dayton-Kettering-Beavercreek, OH",2022-07-01,148,245,60,6,459,38071,8255
19430,"Dayton-Kettering-Beavercreek, OH",2022-08-01,132,251,71,10,464,38535,8387
19430,"Dayton-Kettering-Beavercreek, OH",2022-09-01,191,328,116,19,654,39189,8578
19430,"Dayton-Kettering-Beavercreek, OH",2022-10-01,210,336,112,12,670,39859,8788
19430,"Dayton-Kettering-Beavercreek, OH",2022-11-01,295,519,159,19,992,40851,9083
19430,"Dayton-Kettering-Beavercreek, OH",2022-12-01,333,441,141,17,932,41783,9416
19430,"Dayton-Kettering-Beavercreek, OH",2023-01-01,301,474,170,16,961,42744,9717
19430,"Dayton-Kettering-Beavercreek, OH",2023-02-01,278,409,135,13,835,43579,9995
19430,"Dayton-Kettering-Beavercreek, OH",2023-03-01,365,540,148,16,1069,44648,10360
19430,"Dayton-Kettering-Beavercreek, OH",2023-04-01,265,399,110,20,794,45442,10625
19430,"Dayton-Kettering-Beavercreek, OH",2023-05-01,164,257,71,6,498,45940,10789
19430,"Dayton-Kettering-Beavercreek, OH",2023-06-01,81,171,37,4,293,46233,10870
19430,"Dayton-Kettering-Beavercreek, OH",2023-07-01,90,175,53,8,326,46559,10960
19430,"Dayton-Kettering-Beavercreek, OH",2023-08-01,141,286,85,9,521,47080,11101
19430,"Dayton-Kettering-Beavercreek, OH",2023-09-01,285,445,132,17,879,47959,11386
19430,"Dayton-Kettering-Beavercreek, OH",2023-10-01,269,533,173,21,996,48955,11655
19430,"Dayton-Kettering-Beavercreek, OH",2023-11-01,360,521,179,17,1077,50032,12015
19430,"Dayton-Kettering-Beavercreek, OH",2023-12-01,384,449,172,20,1025,51057,12399
19430,"Dayton-Kettering-Beavercreek, OH",2024-01-01,398,538,174,19,1129,52186,12797
19430,"Dayton-Kettering-Beavercreek, OH",2024-02-01,364,500,166,19,1049,53235,13161
19430,"Dayton-Kettering-Beavercreek, OH",2024-03-01,376,431,165,19,991,54226,13537
19430,"Dayton-Kettering-Beavercreek, OH",2024-04-01,344,417,127,13,901,55127,13881
19430,"Dayton-Kettering-Beavercreek, OH",2024-05-01,397,484,142,19,1042,56169,14278
19430,"Dayton-Kettering-Beavercreek, OH",2024-06-01,311,455,141,13,920,57089,14589
19430,"Dayton-Kettering-Beavercreek, OH",2024-07-01,285,446,180,38,949,58038,14874
19430,"Dayton-Kettering-Beavercreek, OH",2024-08-01,262,480,147,72,961,58999,15136
19430,"Dayton-Kettering-Beavercreek, OH",2024-09-01,344,523,153,34,1054,60053,15480
19430,"Dayton-Kettering-Beavercreek, OH",2024-10-01,389,510,156,13,1068,61121,15869
19430,"Dayton-Kettering-Beavercreek, OH",2024-11-01,409,523,180,19,1131,62252,16278
19430,"Dayton-Kettering-Beavercreek, OH",2024-12-01,474,449,145,24,1092,63344,16752
19430,"Dayton-Kettering-Beavercreek, OH",2025-01-01,441,476,185,19,1121,64465,17193
19430,"Dayton-Kettering-Beavercreek, OH",2025-02-01,372,428,128,13,941,65406,17565
19430,"Dayton-Kettering-Beavercreek, OH",2025-03-01,486,452,130,25,1093,66499,18051
19430,"Dayton-Kettering-Beavercreek, OH",2025-04-01,488,457,129,22,1096,67595,18539
19430,"Dayton-Kettering-Beavercreek, OH",2025-05-01,545,509,139,21,1214,68809,19084
19430,"Dayton-Kettering-Beavercreek, OH",2025-06-01,509,516,164,16,1205,70014,19593
19430,"Dayton-Kettering-Beavercreek, OH",2025-07-01,444,504,175,17,1140,71154,20037
19430,"Dayton-Kettering-Beavercreek, OH",2025-08-01,349,388,119,21,877,72031,20386
19430,"Dayton-Kettering-Beavercreek, OH",2025-09-01,2,8,2,1,13,72044,20388
30260,"Lewisburg, PA",2019-01-01,0,3,0,0,3,3,0
30260,"Lewisburg, PA",2019-03-01,0,3,0,0,3,6,0
30260,"Lewisburg, PA",2019-04-01,0,16,10,0,26,32,0
30260,"Lewisburg, PA",2019-05-01,2,8,8,1,19,51,2
30260,"Lewisburg, PA",2019-06-01,1,10,4,1,16,67,3
30260,"Lewisburg, PA",2019-07-01,3,19,5,0,27,94,6
30260,"Lewisburg, PA",2019-08-01,1,25,5,0,31,125,7
30260,"Lewisburg, PA",2019-09-01,2,19,5,0,26,151,9
30260,"Lewisburg, PA",2019-10-01,2,24,3,1,30,181,11
30260,"Lewisburg, PA",2019-11-01,2,13,1,1,17,198,13
30260,"Lewisburg, PA",2019-12-01,1,21,5,0,27,225,14
30260,"Lewisburg, PA",2020-01-01,4,18,3,0,25,250,18
30260,"Lewisburg, PA",2020-02-01,2,15,4,1,22,272,20
30260,"Lewisburg, PA",2020-03-01,6,14,1,0,21,293,26
30260,"Lewisburg, PA",2020-04-01,4,22,5,0,31,324,30
30260,"Lewisburg, PA",2020-05-01,12,34,10,2,58,382,42
30260,"Lewisburg, PA",2020-06-01,12,24,3,1,40,422,54
30260,"Lewisburg, PA",2020-07-01,12,37,5,2,56,478,66
30260,"Lewisburg, PA",2020-08-01,18,52,9,1,80,558,84
30260,"Lewisburg, PA",2020-09-01,19,37,12,2,70,628,103
30260,"Lewisburg, PA",2020-10-01,7,19,10,1,37,665,110
30260,"Lewisburg, PA",2020-11-01,9,18,5,0,32,697,119
30260,"Lewisburg, PA",2020-12-01,11,24,7,1,43,740,130
30260,"Lewisburg, PA",2021-01-01,21,35,8,1,65,805,151
30260,"Lewisburg, PA",2021-02-01,28,27,7,1,63,868,179
30260,"Lewisburg, PA",2021-03-01,15,35,12,2,64,932,194
30260,"Lewisburg, PA",2021-04-01,10,31,4,1,46,978,204
30260,"Lewisburg, PA",2021-05-01,26,66,14,0,106,1084,230
30260,"Lewisburg, PA",2021-06-01,17,29,4,1,51,1135,247
30260,"Lewisburg, PA",2021-07-01,19,42,5,0,66,1201,266
30260,"Lewisburg, PA",2021-08-01,16,47,12,2,77,1278,282
30260,"Lewisburg, PA",2021-09-01,14,36,11,1,62,1340,296
30260,"Lewisburg, PA",2021-10-01,16,26,10,1,53,1393,312
30260,"Lewisburg, PA",2021-11-01,10,35,11,1,57,1450,322
30260,"Lewisburg, PA",2021-12-01,22,31,17,1,71,1521,344
30260,"Lewisburg, PA",2022-01-01,16,46,6,1,69,1590,360
30260,"Lewisburg, PA",2022-02-01,14,43,10,0,67,1657,374
30260,"Lewisburg, PA",2022-03-01,14,26,6,0,46,1703,388
30260,"Lewisburg, PA",2022-04-01,23,37,9,0,69,1772,411
30260,"Lewisburg, PA",2022-05-01,24,31,9,2,66,1838,435
30260,"Lewisburg, PA",2022-06-01,26,16,7,0,49,1887,461
30260,"Lewisburg, PA",2022-07-01,10,24,9,0,43,1930,471
30260,"Lewisburg, PA",2022-08-01,26,31,14,1,72,2002,497
30260,"Lewisburg, PA",2022-09-01,20,37,9,1,67,2069,517
30260,"Lewisburg, PA",2022-10-01,17,44,12,2,75,2144,534
30260,"Lewisburg, PA",2022-11-01,22,32,12,1,67,2211,556
30260,"Lewisburg, PA",2022-12-01,23,36,10,0,69,2280,579
30260,"Lewisburg, PA",2023-01-01,16,31,10,1,58,2338,595
30260,"Lewisburg, PA",2023-02-01,16,32,10,2,60,2398,611
30260,"Lewisburg, PA",2023-03-01,32,30,10,5,77,2475,643
30260,"Lewisburg, PA",2023-04-01,31,33,12,0,76,2551,674
30260,"Lewisburg, PA",2023-05-01,23,26,8,3,60,2611,697
30260,"Lewisburg, PA",2023-06-01,21,15,8,0,44,2655,718
30260,"Lewisburg, PA",2023-07-01,15,22,7,0,44,2699,733
30260,"Lewisburg, PA",2023-08-01,18,30,8,0,56,2755,751
30260,"Lewisburg, PA",2023-09-01,11,28,5,2,46,2801,762
30260,"Lewisburg, PA",2023-10-01,25,35,12,0,72,2873,787
30260,"Lewisburg, PA",2023-11-01,30,39,16,0,85,2958,817
30260,"Lewisburg, PA",2023-12-01,27,37,16,0,80,3038,844
30260,"Lewisburg, PA",2024-01-01,31,31,22,1,85,3123,875
30260,"Lewisburg, PA",2024-02-01,39,33,9,1,82,3205,914
30260,"Lewisburg, PA",2024-03-01,37,49,16,1,103,3308,951
30260,"Lewisburg, PA",2024-04-01,29,36,11,0,76,3384,980
30260,"Lewisburg, PA",2024-05-01,28,28,2,0,58,3442,1008
30260,"Lewisburg, PA",2024-06-01,16,17,7,1,41,3483,1024
30260,"Lewisburg, PA",2024-07-01,13,19,3,1,36,3519,1037
30260,"Lewisburg, PA",2024-08-01,13,19,5,0,37,3556,1050
30260,"Lewisburg, PA",2024-09-01,30,38,9,0,77,3633,1080
30260,"Lewisburg, PA",2024-10-01,40,34,15,0,89,3722,1120
30260,"Lewisburg, PA",2024-11-01,47,36,13,0,96,3818,1167
30260,"Lewisburg, PA",2024-12-01,42,30,12,2,86,3904,1209
30260,"Lewisburg, PA",2025-01-01,47,41,11,1,100,4004,1256
30260,"Lewisburg, PA",2025-02-01,32,34,16,3,85,4089,1288
30260,"Lewisburg, PA",2025-03-01,50,35,18,3,106,4195,1338
30260,"Lewisburg, PA",2025-04-01,37,32,11,2,82,4277,1375
30260,"Lewisburg, PA",2025-05-01,37,31,11,0,79,4356,1412
30260,"Lewisburg, PA",2025-06-01,34,31,14,1,80,4436,1446
30260,"Lewisburg, PA",2025-07-01,34,17,6,1,58,4494,1480
30260,"Lewisburg, PA",2025-08-01,32,22,7,0,61,4555,1512
30260,"Lewisburg, PA",2025-09-01,1,2,0,0,3,4558,1513
16500,"Centralia, WA",2019-01-01,0,8,4,0,12,12,0
16500,"Centralia, WA",2019-02-01,0,5,3,0,8,20,0
16500,"Centralia, WA",2019-03-01,0,13,6,1,20,40,0
16500,"Centralia, WA",2019-04-01,0,6,2,0,8,48,0
16500,"Centralia, WA",2019-05-01,0,8,2,1,11,59,0
16500,"Centralia, WA",2019-06-01,1,18,4,1,24,83,1
16500,"Centralia, WA",2019-07-01,2,18,13,0,33,116,3
16500,"Centralia, WA",2019-08-01,1,22,10,0,33,149,4
16500,"Centralia, WA",2019-09-01,1,16,5,1,23,172,5
16500,"Centralia, WA",2019-10-01,0,18,5,0,23,195,5
16500,"Centralia, WA",2019-11-01,3,26,2,1,32,227,8
16500,"Centralia, WA",2019-12-01,4,12,3,0,19,246,12
16500,"Centralia, WA",2020-01-01,1,17,3,1,22,268,13
16500,"Centralia, WA",2020-02-01,3,14,6,0,23,291,16
16500,"Centralia, WA",2020-03-01,1,20,5,1,27,318,17
16500,"Centralia, WA",2020-04-01,6,29,5,3,43,361,23
16500,"Centralia, WA",2020-05-01,18,36,3,2,59,420,41
16500,"Centralia, WA",2020-06-01,12,27,7,1,47,467,53
16500,"Centralia, WA",2020-07-01,12,53,8,0,73,540,65
16500,"Centralia, WA",2020-08-01,13,46,6,0,65,605,78
16500,"Centralia, WA",2020-09-01,15,37,16,1,69,674,93
16500,"Centralia, WA",2020-10-01,14,30,4,2,50,724,107
16500,"Centralia, WA",2020-11-01,11,24,8,0,43,767,118
16500,"Centralia, WA",2020-12-01,13,30,6,0,49,816,131
16500,"Centralia, WA",2021-01-01,13,46,10,0,69,885,144
16500,"Centralia, WA",2021-02-01,8,38,15,0,61,946,152
16500,"Centralia, WA",2021-03-01,24,43,14,1,82,1028,176
16500,"Centralia, WA",2021-04-01,16,45,8,2,71,1099,192
16500,"Centralia, WA",2021-05-01,24,40,16,1,81,1180,216
16500,"Centralia, WA",2021-06-01,17,63,19,0,99,1279,233
16500,"Centralia, WA",2021-07-01,16,44,5,1,66,1345,249
16500,"Centralia, WA",2021-08-01,32,41,20,2,95,1440,281
16500,"Centralia, WA",2021-09-01,12,43,10,1,66,1506,293
16500,"Centralia, WA",2021-10-01,12,41,9,2,64,1570,305
16500,"Centralia, WA",2021-11-01,10,41,16,9,76,1646,315
16500,"Centralia, WA",2021-12-01,20,41,19,1,81,1727,335
16500,"Centralia, WA",2022-01-01,27,91,29,4,151,1878,362
16500,"Centralia, WA",2022-02-01,25,31,12,2,70,1948,387
16500,"Centralia, WA",2022-03-01,18,41,24,2,85,2033,405
16500,"Centralia, WA",2022-04-01,16,44,16,3,79,2112,421
16500,"Centralia, WA",2022-05-01,18,41,12,1,72,2184,439
16500,"Centralia, WA",2022-06-01,20,43,14,0,77,2261,459
16500,"Centralia, WA",2022-07-01,11,35,7,2,55,2316,470
16500,"Centralia, WA",2022-08-01,18,41,15,2,76,2392,488
16500,"Centralia, WA",2022-09-01,17,33,12,1,63,2455,505
16500,"Centralia, WA",2022-10-01,24,43,8,1,76,2531,529
16500,"Centralia, WA",2022-11-01,23,37,11,0,71,2602,552
16500,"Centralia, WA",2022-12-01,18,36,16,1,71,2673,570
16500,"Centralia, WA",2023-01-01,15,38,17,1,71,2744,585
16500,"Centralia, WA",2023-02-01,15,18,12,0,45,2789,600
16500,"Centralia, WA",2023-03-01,23,44,13,3,83,2872,623
16500,"Centralia, WA",2023-04-01,25,26,17,2,70,2942,648
16500,"Centralia, WA",2023-05-01,13,28,7,1,49,2991,661
16500,"Centralia, WA",2023-06-01,6,29,10,2,47,3038,667
16500,"Centralia, WA",2023-07-01,14,26,4,0,44,3082,681
16500,"Centralia, WA",2023-08-01,18,28,6,2,54,3136,699
16500,"Centralia, WA",2023-09-01,12,18,8,0,38,3174,711
16500,"Centralia, WA",2023-10-01,11,32,9,1,53,3227,722
16500,"Centralia, WA",2023-11-01,29,34,18,1,82,3309,751
16500,"Centralia, WA",2023-12-01,22,21,8,2,53,3362,773
16500,"Centralia, WA",2024-01-01,21,42,12,1,76,3438,794
16500,"Centralia, WA",2024-02-01,13,25,9,0,47,3485,807
16500,"Centralia, WA",2024-03-01,28,33,10,1,72,3557,835
16500,"Centralia, WA",2024-04-01,18,21,6,1,46,3603,853
16500,"Centralia, WA",2024-05-01,22,27,10,0,59,3662,875
16500,"Centralia, WA",2024-06-01,10,11,8,0,29,3691,885
16500,"Centralia, WA",2024-07-01,13,21,9,0,43,3734,898
16500,"Centralia, WA",2024-08-01,13,18,6,0,37,3771,911
16500,"Centralia, WA",2024-09-01,21,26,14,0,61,3832,932
16500,"Centralia, WA",2024-10-01,25,33,11,0,69,3901,957
16500,"Centralia, WA",2024-11-01,30,24,10,0,64,3965,987
16500,"Centralia, WA",2024-12-01,16,28,13,0,57,4022,1003
16500,"Centralia, WA",2025-01-01,31,37,16,2,86,4108,1034
16500,"Centralia, WA",2025-02-01,21,27,12,0,60,4168,1055
16500,"Centralia, WA",2025-03-01,23,25,6,2,56,4224,1078
16500,"Centralia, WA",2025-04-01,25,17,2,1,45,4269,1103
16500,"Centralia, WA",2025-05-01,38,33,10,0,81,4350,1141
16500,"Centralia, WA",2025-06-01,21,26,13,2,62,4412,1162
16500,"Centralia, WA",2025-07-01,22,27,8,2,59,4471,1184
16500,"Centralia, WA",2025-08-01,27,24,5,0,56,4527,1211
16500,"Centralia, WA",2025-09-01,0,0,1,0,1,4528,1211
36260,"Ogden, UT",2019-01-01,2,117,24,1,144,144,2
36260,"Ogden, UT",2019-02-01,5,101,32,3,141,285,7
36260,"Ogden, UT",2019-03-01,5,103,26,1,135,420,12
36260,"Ogden, UT",2019-04-01,9,119,23,5,156,576,21
36260,"Ogden, UT",2019-05-01,8,151,31,2,192,768,29
36260,"Ogden, UT",2019-06-01,12,78,17,3,110,878,41
36260,"Ogden, UT",2019-07-01,16,119,24,2,161,1039,57
36260,"Ogden, UT",2019-08-01,16,117,28,1,162,1201,73
36260,"Ogden, UT",2019-09-01,27,109,24,1,161,1362,100
36260,"Ogden, UT",2019-10-01,18,109,26,2,155,1517,118
36260,"Ogden, UT",2019-11-01,11,76,25,3,115,1632,129
36260,"Ogden, UT",2019-12-01,12,62,25,0,99,1731,141
36260,"Ogden, UT",2020-01-01,29,114,31,1,175,1906,170
36260,"Ogden, UT",2020-02-01,26,118,29,4,177,2083,196
36260,"Ogden, UT",2020-03-01,26,148,28,1,203,2286,222
36260,"Ogden, UT",2020-04-01,108,377,81,7,573,2859,330
36260,"Ogden, UT",2020-05-01,70,210,36,10,326,3185,400
36260,"Ogden, UT",2020-06-01,61,175,27,1,264,3449,461
36260,"Ogden, UT",2020-07-01,101,271,64,3,439,3888,562
36260,"Ogden, UT",2020-08-01,84,264,60,1,409,4297,646
36260,"Ogden, UT",2020-09-01,100,239,51,8,398,4695,746
36260,"Ogden, UT",2020-10-01,108,307,64,8,487,5182,854
36260,"Ogden, UT",2020-11-01,35,127,30,2,194,5376,889
36260,"Ogden, UT",2020-12-01,46,133,17,6,202,5578,935
36260,"Ogden, UT",2021-01-01,103,259,68,12,442,6020,1038
36260,"Ogden, UT",2021-02-01,54,153,38,6,251,6271,1092
36260,"Ogden, UT",2021-03-01,170,344,67,5,586,6857,1262
36260,"Ogden, UT",2021-04-01,84,241,49,2,376,7233,1346
36260,"Ogden, UT",2021-05-01,126,259,45,4,434,7667,1472
36260,"Ogden, UT",2021-06-01,88,291,64,6,449,8116,1560
36260,"Ogden, UT",2021-07-01,67,206,45,4,322,8438,1627
36260,"Ogden, UT",2021-08-01,50,117,39,0,206,8644,1677
36260,"Ogden, UT",2021-09-01,65,182,34,5,286,8930,1742
36260,"Ogden, UT",2021-10-01,20,70,29,1,120,9050,1762
36260,"Ogden, UT",2021-11-01,29,73,18,2,122,9172,1791
36260,"Ogden, UT",2021-12-01,115,267,59,7,448,9620,1906
36260,"Ogden, UT",2022-01-01,217,454,124,12,807,10427,2123
36260,"Ogden, UT",2022-02-01,129,252,68,10,459,10886,2252
36260,"Ogden, UT",2022-03-01,129,289,89,8,515,11401,2381
36260,"Ogden, UT",2022-04-01,60,133,43,1,237,11638,2441
36260,"Ogden, UT",2022-05-01,101,166,50,7,324,11962,2542
36260,"Ogden, UT",2022-06-01,104,143,39,3,289,12251,2646
36260,"Ogden, UT",2022-07-01,80,128,36,2,246,12497,2726
36260,"Ogden, UT",2022-08-01,114,195,47,5,361,12858,2840
36260,"Ogden, UT",2022-09-01,159,263,77,5,504,13362,2999
36260,"Ogden, UT",2022-10-01,82,149,43,12,286,13648,3081
36260,"Ogden, UT",2022-11-01,116,212,62,6,396,14044,3197
36260,"Ogden, UT",2022-12-01,136,236,64,3,439,14483,3333
36260,"Ogden, UT",2023-01-01,151,284,82,7,524,15007,3484
36260,"Ogden, UT",2023-02-01,134,230,65,6,435,15442,3618
36260,"Ogden, UT",2023-03-01,174,289,72,10,545,15987,3792
36260,"Ogden, UT",2023-04-01,141,232,77,13,463,16450,3933
36260,"Ogden, UT",2023-05-01,73,95,26,1,195,16645,4006
36260,"Ogden, UT",2023-06-01,53,99,23,2,177,16822,4059
36260,"Ogden, UT",2023-07-01,49,99,26,6,180,17002,4108
36260,"Ogden, UT",2023-08-01,51,102,31,1,185,17187,4159
36260,"Ogden, UT",2023-09-01,77,181,50,10,318,17505,4236
36260,"Ogden, UT",2023-10-01,145,267,75,10,497,18002,4381
36260,"Ogden, UT",2023-11-01,144,273,91,15,523,18525,4525
36260,"Ogden, UT",2023-12-01,168,271,72,15,526,19051,4693
36260,"Ogden, UT",2024-01-01,73,168,48,9,298,19349,4766
36260,"Ogden, UT",2024-02-01,142,232,82,14,470,19819,4908
36260,"Ogden, UT",2024-03-01,89,151,56,10,306,20125,4997
36260,"Ogden, UT",2024-04-01,43,114,31,4,192,20317,5040
36260,"Ogden, UT",2024-05-01,39,162,50,13,264,20581,5079
36260,"Ogden, UT",2024-06-01,34,124,48,7,213,20794,5113
36260,"Ogden, UT",2024-07-01,42,223,54,7,326,21120,5155
36260,"Ogden, UT",2024-08-01,35,159,64,20,278,21398,5190
36260,"Ogden, UT",2024-09-01,20,136,58,8,222,21620,5210
36260,"Ogden, UT",2024-10-01,32,150,46,2,230,21850,5242
36260,"Ogden, UT",2024-11-01,112,288,72,8,480,22330,5354
36260,"Ogden, UT",2024-12-01,121,252,58,9,440,22770,5475
36260,"Ogden, UT",2025-01-01,32,127,28,5,192,22962,5507
36260,"Ogden, UT",2025-02-01,48,144,34,2,228,23190,5555
36260,"Ogden, UT",2025-03-01,68,115,33,6,222,23412,5623
36260,"Ogden, UT",2025-04-01,31,60,12,1,104,23516,5654
36260,"Ogden, UT",2025-05-01,132,203,48,4,387,23903,5786
36260,"Ogden, UT",2025-06-01,125,188,40,1,354,24257,5911
36260,"Ogden, UT",2025-07-01,74,110,27,0,211,24468,5985
36260,"Ogden, UT",2025-08-01,93,145,26,3,267,24735,6078
36260,"Ogden, UT",2025-09-01,7,3,0,0,10,24745,6085
36020,"Oak Harbor, WA",2019-01-01,0,4,1,0,5,5,0
36020,"Oak Harbor, WA",2019-02-01,0,5,0,0,5,10,0
36020,"Oak Harbor, WA",2019-03-01,0,5,2,0,7,17,0
36020,"Oak Harbor, WA",2019-04-01,0,6,1,0,7,24,0
36020,"Oak Harbor, WA",2019-05-01,1,8,3,0,12,36,1
36020,"Oak Harbor, WA",2019-06-01,0,4,2,0,6,42,1
36020,"Oak Harbor, WA",2019-07-01,2,6,0,0,8,50,3
36020,"Oak Harbor, WA",2019-08-01,1,4,3,0,8,58,4
36020,"Oak Harbor, WA",2019-09-01,0,5,1,0,6,64,4
36020,"Oak Harbor, WA",2019-10-01,0,7,1,1,9,73,4
36020,"Oak Harbor, WA",2019-11-01,0,10,4,0,14,87,4
36020,"Oak Harbor, WA",2019-12-01,2,0,1,1,4,91,6
36020,"Oak Harbor, WA",2020-01-01,3,6,2,0,11,102,9
36020,"Oak Harbor, WA",2020-02-01,0,2,0,0,2,104,9
36020,"Oak Harbor, WA",2020-03-01,1,6,4,1,12,116,10
36020,"Oak Harbor, WA",2020-04-01,0,9,2,0,11,127,10
36020,"Oak Harbor, WA",2020-05-01,2,16,4,1,23,150,12
36020,"Oak Harbor, WA",2020-06-01,5,8,1,0,14,164,17
36020,"Oak Harbor, WA",2020-07-01,5,20,7,0,32,196,22
36020,"Oak Harbor, WA",2020-08-01,5,18,2,0,25,221,27
36020,"Oak Harbor, WA",2020-09-01,7,27,6,0,40,261,34
36020,"Oak Harbor, WA",2020-10-01,4,54,6,0,64,325,38
36020,"Oak Harbor, WA",2020-11-01,7,41,1,0,49,374,45
36020,"Oak Harbor, WA",2020-12-01,22,60,4,1,87,461,67
36020,"Oak Harbor, WA",2021-01-01,13,60,9,0,82,543,80
36020,"Oak Harbor, WA",2021-02-01,12,43,6,0,61,604,92
36020,"Oak Harbor, WA",2021-03-01,17,45,3,0,65,669,109
36020,"Oak Harbor, WA",2021-04-01,13,33,5,0,51,720,122
36020,"Oak Harbor, WA",2021-05-01,14,71,6,0,91,811,136
36020,"Oak Harbor, WA",2021-06-01,19,64,8,2,93,904,155
36020,"Oak Harbor, WA",2021-07-01,16,84,8,0,108,1012,171
36020,"Oak Harbor, WA",2021-08-01,21,94,11,0,126,1138,192
36020,"Oak Harbor, WA",2021-09-01,16,92,8,4,120,1258,208
36020,"Oak Harbor, WA",2021-10-01,21,93,10,4,128,1386,229
36020,"Oak Harbor, WA",2021-11-01,14,86,15,2,117,1503,243
36020,"Oak Harbor, WA",2021-12-01,11,71,11,0,93,1596,254
36020,"Oak Harbor, WA",2022-01-01,26,92,12,1,131,1727,280
36020,"Oak Harbor, WA",2022-02-01,23,59,10,2,94,1821,303
36020,"Oak Harbor, WA",2022-03-01,21,55,6,3,85,1906,324
36020,"Oak Harbor, WA",2022-04-01,11,50,12,2,75,1981,335
36020,"Oak Harbor, WA",2022-05-01,19,43,6,2,70,2051,354
36020,"Oak Harbor, WA",2022-06-01,24,44,7,0,75,2126,378
36020,"Oak Harbor, WA",2022-07-01,26,40,9,0,75,2201,404
36020,"Oak Harbor, WA",2022-08-01,21,41,9,1,72,2273,425
36020,"Oak Harbor, WA",2022-09-01,20,45,13,0,78,2351,445
36020,"Oak Harbor, WA",2022-10-01,16,57,6,2,81,2432,461
36020,"Oak Harbor, WA",2022-11-01,21,50,10,1,82,2514,482
36020,"Oak Harbor, WA",2022-12-01,16,35,9,0,60,2574,498
36020,"Oak Harbor, WA",2023-01-01,14,35,6,0,55,2629,512
36020,"Oak Harbor, WA",2023-02-01,12,23,6,0,41,2670,524
36020,"Oak Harbor, WA",2023-03-01,16,33,4,2,55,2725,540
36020,"Oak Harbor, WA",2023-04-01,15,28,8,0,51,2776,555
36020,"Oak Harbor, WA",2023-05-01,11,28,6,1,46,2822,566
36020,"Oak Harbor, WA",2023-06-01,19,26,4,0,49,2871,585
36020,"Oak Harbor, WA",2023-07-01,19,35,7,1,62,2933,604
36020,"Oak Harbor, WA",2023-08-01,10,22,4,0,36,2969,614
36020,"Oak Harbor, WA",2023-09-01,11,30,6,0,47,3016,625
36020,"Oak Harbor, WA",2023-10-01,23,40,6,2,71,3087,648
36020,"Oak Harbor, WA",2023-11-01,26,43,7,0,76,3163,674
36020,"Oak Harbor, WA",2023-12-01,25,31,8,0,64,3227,699
36020,"Oak Harbor, WA",2024-01-01,27,32,5,1,65,3292,726
36020,"Oak Harbor, WA",2024-02-01,28,38,8,2,76,3368,754
36020,"Oak Harbor, WA",2024-03-01,25,25,7,0,57,3425,779
36020,"Oak Harbor, WA",2024-04-01,19,28,2,0,49,3474,798
36020,"Oak Harbor, WA",2024-05-01,15,24,4,0,43,3517,813
36020,"Oak Harbor, WA",2024-06-01,6,17,2,0,25,3542,819
36020,"Oak Harbor, WA",2024-07-01,11,18,5,0,34,3576,830
36020,"Oak Harbor, WA",2024-08-01,23,27,6,0,56,3632,853
36020,"Oak Harbor, WA",2024-09-01,25,36,5,0,66,3698,878
36020,"Oak Harbor, WA",2024-10-01,22,35,5,0,62,3760,900
36020,"Oak Harbor, WA",2024-11-01,22,24,7,0,53,3813,922
36020,"Oak Harbor, WA",2024-12-01,27,26,7,1,61,3874,949
36020,"Oak Harbor, WA",2025-01-01,25,35,13,1,74,3948,974
36020,"Oak Harbor, WA",2025-02-01,24,30,9,1,64,4012,998
36020,"Oak Harbor, WA",2025-03-01,22,26,4,0,52,4064,1020
36020,"Oak Harbor, WA",2025-04-01,25,21,2,1,49,4113,1045
36020,"Oak Harbor, WA",2025-05-01,30,29,5,1,65,4178,1075
36020,"Oak Harbor, WA",2025-06-01,30,33,9,0,72,4250,1105
36020,"Oak Harbor, WA",2025-07-01,31,17,6,0,54,4304,1136
36020,"Oak Harbor, WA",2025-08-01,25,11,6,0,42,4346,1161
36020,"Oak Harbor, WA",2025-09-01,1,0,0,0,1,4347,1162
42580,"Seaford, DE",2019-01-01,0,2,0,0,2,2,0
42580,"Seaford, DE",2019-02-01,0,2,0,0,2,4,0
42580,"Seaford, DE",2019-03-01,1,6,2,0,9,13,1
42580,"Seaford, DE",2019-04-01,0,3,1,0,4,17,1
42580,"Seaford, DE",2019-05-01,0,6,3,1,10,27,1
42580,"Seaford, DE",2019-06-01,0,17,2,0,19,46,1
42580,"Seaford, DE",2019-07-01,2,21,6,0,29,75,3
42580,"Seaford, DE",2019-08-01,1,20,3,0,24,99,4
42580,"Seaford, DE",2019-09-01,0,20,3,0,23,122,4
42580,"Seaford, DE",2019-10-01,1,18,1,2,22,144,5
42580,"Seaford, DE",2019-11-01,1,11,2,2,16,160,6
42580,"Seaford, DE",2019-12-01,1,9,7,0,17,177,7
42580,"Seaford, DE",2020-01-01,1,10,1,0,12,189,8
42580,"Seaford, DE",2020-02-01,2,11,2,0,15,204,10
42580,"Seaford, DE",2020-03-01,5,13,4,0,22,226,15
42580,"Seaford, DE",2020-04-01,8,18,10,1,37,263,23
42580,"Seaford, DE",2020-05-01,7,31,7,0,45,308,30
42580,"Seaford, DE",2020-06-01,9,23,7,0,39,347,39
42580,"Seaford, DE",2020-07-01,10,30,6,0,46,393,49
42580,"Seaford, DE",2020-08-01,11,36,7,1,55,448,60
42580,"Seaford, DE",2020-09-01,5,29,17,2,53,501,65
42580,"Seaford, DE",2020-10-01,7,21,5,0,33,534,72
42580,"Seaford, DE",2020-11-01,6,24,7,1,38,572,78
42580,"Seaford, DE",2020-12-01,4,21,13,1,39,611,82
42580,"Seaford, DE",2021-01-01,16,50,9,1,76,687,98
42580,"Seaford, DE",2021-02-01,10,36,8,0,54,741,108
42580,"Seaford, DE",2021-03-01,18,61,9,0,88,829,126
42580,"Seaford, DE",2021-04-01,10,61,11,0,82,911,136
42580,"Seaford, DE",2021-05-01,10,54,18,2,84,995,146
42580,"Seaford, DE",2021-06-01,7,49,18,2,76,1071,153
42580,"Seaford, DE",2021-07-01,16,54,19,4,93,1164,169
42580,"Seaford, DE",2021-08-01,5,45,14,1,65,1229,174
42580,"Seaford, DE",2021-09-01,9,66,19,1,95,1324,183
42580,"Seaford, DE",2021-10-01,8,51,19,1,79,1403,191
42580,"Seaford, DE",2021-11-01,10,36,6,0,52,1455,201
42580,"Seaford, DE",2021-12-01,19,40,13,4,76,1531,220
42580,"Seaford, DE",2022-01-01,11,59,26,3,99,1630,231
42580,"Seaford, DE",2022-02-01,13,44,8,1,66,1696,244
42580,"Seaford, DE",2022-03-01,16,45,13,1,75,1771,260
42580,"Seaford, DE",2022-04-01,16,55,11,0,82,1853,276
42580,"Seaford, DE",2022-05-01,26,54,10,1,91,1944,302
42580,"Seaford, DE",2022-06-01,11,40,8,0,59,2003,313
42580,"Seaford, DE",2022-07-01,27,49,16,2,94,2097,340
42580,"Seaford, DE",2022-08-01,17,72,15,1,105,2202,357
42580,"Seaford, DE",2022-09-01,9,48,11,2,70,2272,366
42580,"Seaford, DE",2022-10-01,8,37,14,2,61,2333,374
42580,"Seaford, DE",2022-11-01,19,43,18,2,82,2415,393
42580,"Seaford, DE",2022-12-01,16,52,25,1,94,2509,409
42580,"Seaford, DE",2023-01-01,18,32,14,3,67,2576,427
42580,"Seaford, DE",2023-02-01,31,35,17,2,85,2661,458
42580,"Seaford, DE",2023-03-01,18,56,21,0,95,2756,476
42580,"Seaford, DE",2023-04-01,15,39,12,1,67,2823,491
42580,"Seaford, DE",2023-05-01,13,25,11,1,50,2873,504
42580,"Seaford, DE",2023-06-01,16,50,6,2,74,2947,520
42580,"Seaford, DE",2023-07-01,11,48,13,2,74,3021,531
42580,"Seaford, DE",2023-08-01,15,39,13,0,67,3088,546
42580,"Seaford, DE",2023-09-01,18,54,18,1,91,3179,564
42580,"Seaford, DE",2023-10-01,25,46,23,0,94,3273,589
42580,"Seaford, DE",2023-11-01,29,67,20,2,118,3391,618
42580,"Seaford, DE",2023-12-01,22,49,15,0,86,3477,640
42580,"Seaford, DE",2024-01-01,24,52,17,2,95,3572,664
42580,"Seaford, DE",2024-02-01,19,44,17,1,81,3653,683
42580,"Seaford, DE",2024-03-01,20,49,22,0,91,3744,703
42580,"Seaford, DE",2024-04-01,15,42,10,0,67,3811,718
42580,"Seaford, DE",2024-05-01,25,42,7,0,74,3885,743
42580,"Seaford, DE",2024-06-01,14,22,6,1,43,3928,757
42580,"Seaford, DE",2024-07-01,15,37,12,1,65,3993,772
42580,"Seaford, DE",2024-08-01,11,40,8,1,60,4053,783
42580,"Seaford, DE",2024-09-01,14,47,16,0,77,4130,797
42580,"Seaford, DE",2024-10-01,23,61,13,1,98,4228,820
42580,"Seaford, DE",2024-11-01,28,58,16,3,105,4333,848
42580,"Seaford, DE",2024-12-01,29,51,12,2,94,4427,877
42580,"Seaford, DE",2025-01-01,26,54,10,2,92,4519,903
42580,"Seaford, DE",2025-02-01,22,41,13,2,78,4597,925
42580,"Seaford, DE",2025-03-01,30,63,17,1,111,4708,955
42580,"Seaford, DE",2025-04-01,22,45,11,1,79,4787,977
42580,"Seaford, DE",2025-05-01,26,47,13,1,87,4874,1003
42580,"Seaford, DE",2025-06-01,25,66,12,1,104,4978,1028
42580,"Seaford, DE",2025-07-01,21,47,20,3,91,5069,1049
42580,"Seaford, DE",2025-08-01,24,39,9,1,73,5142,1073
42580,"Seaford, DE",2025-09-01,0,2,0,0,2,5144,1073
29620,"Lansing-East Lansing, MI",2019-01-01,0,54,8,1,63,63,0
29620,"Lansing-East Lansing, MI",2019-02-01,2,82,14,0,98,161,2
29620,"Lansing-East Lansing, MI",2019-03-01,6,87,11,1,105,266,8
29620,"Lansing-East Lansing, MI",2019-04-01,1,96,8,2,107,373,9
29620,"Lansing-East Lansing, MI",2019-05-01,4,107,12,0,123,496,13
29620,"Lansing-East Lansing, MI",2019-06-01,3,62,12,0,77,573,16
29620,"Lansing-East Lansing, MI",2019-07-01,10,62,11,3,86,659,26
29620,"Lansing-East Lansing, MI",2019-08-01,9,88,14,3,114,773,35
29620,"Lansing-East Lansing, MI",2019-09-01,13,106,22,3,144,917,48
29620,"Lansing-East Lansing, MI",2019-10-01,13,86,15,1,115,1032,61
29620,"Lansing-East Lansing, MI",2019-11-01,14,110,10,1,135,1167,75
29620,"Lansing-East Lansing, MI",2019-12-01,20,90,18,0,128,1295,95
29620,"Lansing-East Lansing, MI",2020-01-01,25,131,15,0,171,1466,120
29620,"Lansing-East Lansing, MI",2020-02-01,18,75,17,4,114,1580,138
29620,"Lansing-East Lansing, MI",2020-03-01,24,115,21,0,160,1740,162
29620,"Lansing-East Lansing, MI",2020-04-01,86,212,36,12,346,2086,248
29620,"Lansing-East Lansing, MI",2020-05-01,240,406,45,3,694,2780,488
29620,"Lansing-East Lansing, MI",2020-06-01,146,311,48,1,506,3286,634
29620,"Lansing-East Lansing, MI",2020-07-01,138,319,45,2,504,3790,772
29620,"Lansing-East Lansing, MI",2020-08-01,148,350,58,6,562,4352,920
29620,"Lansing-East Lansing, MI",2020-09-01,129,304,34,3,470,4822,1049
29620,"Lansing-East Lansing, MI",2020-10-01,138,312,46,5,501,5323,1187
29620,"Lansing-East Lansing, MI",2020-11-01,92,187,33,2,314,5637,1279
29620,"Lansing-East Lansing, MI",2020-12-01,76,132,17,2,227,5864,1355
29620,"Lansing-East Lansing, MI",2021-01-01,165,255,33,3,456,6320,1520
29620,"Lansing-East Lansing, MI",2021-02-01,152,306,62,5,525,6845,1672
29620,"Lansing-East Lansing, MI",2021-03-01,171,352,51,7,581,7426,1843
29620,"Lansing-East Lansing, MI",2021-04-01,182,326,55,9,572,7998,2025
29620,"Lansing-East Lansing, MI",2021-05-01,191,329,57,4,581,8579,2216
29620,"Lansing-East Lansing, MI",2021-06-01,143,300,54,3,500,9079,2359
29620,"Lansing-East Lansing, MI",2021-07-01,99,204,27,4,334,9413,2458
29620,"Lansing-East Lansing, MI",2021-08-01,110,289,60,6,465,9878,2568
29620,"Lansing-East Lansing, MI",2021-09-01,169,445,75,4,693,10571,2737
29620,"Lansing-East Lansing, MI",2021-10-01,89,178,59,1,327,10898,2826
29620,"Lansing-East Lansing, MI",2021-11-01,113,272,43,5,433,11331,2939
29620,"Lansing-East Lansing, MI",2021-12-01,182,297,68,6,553,11884,3121
29620,"Lansing-East Lansing, MI",2022-01-01,185,303,68,6,562,12446,3306
29620,"Lansing-East Lansing, MI",2022-02-01,197,346,87,8,638,13084,3503
29620,"Lansing-East Lansing, MI",2022-03-01,201,328,78,14,621,13705,3704
29620,"Lansing-East Lansing, MI",2022-04-01,107,215,48,3,373,14078,3811
29620,"Lansing-East Lansing, MI",2022-05-01,151,213,49,3,416,14494,3962
29620,"Lansing-East Lansing, MI",2022-06-01,70,123,28,3,224,14718,4032
29620,"Lansing-East Lansing, MI",2022-07-01,57,107,34,3,201,14919,4089
29620,"Lansing-East Lansing, MI",2022-08-01,92,150,34,3,279,15198,4181
29620,"Lansing-East Lansing, MI",2022-09-01,122,178,50,5,355,15553,4303
29620,"Lansing-East Lansing, MI",2022-10-01,113,192,45,2,352,15905,4416
29620,"Lansing-East Lansing, MI",2022-11-01,196,247,64,11,518,16423,4612
29620,"Lansing-East Lansing, MI",2022-12-01,195,233,50,9,487,16910,4807
29620,"Lansing-East Lansing, MI",2023-01-01,209,221,71,4,505,17415,5016
29620,"Lansing-East Lansing, MI",2023-02-01,215,228,57,6,506,17921,5231
29620,"Lansing-East Lansing, MI",2023-03-01,212,275,79,8,574,18495,5443
29620,"Lansing-East Lansing, MI",2023-04-01,161,232,61,3,457,18952,5604
29620,"Lansing-East Lansing, MI",2023-05-01,113,105,32,2,252,19204,5717
29620,"Lansing-East Lansing, MI",2023-06-01,76,88,23,2,189,19393,5793
29620,"Lansing-East Lansing, MI",2023-07-01,78,84,19,3,184,19577,5871
29620,"Lansing-East Lansing, MI",2023-08-01,99,135,26,5,265,19842,5970
29620,"Lansing-East Lansing, MI",2023-09-01,186,189,60,3,438,20280,6156
29620,"Lansing-East Lansing, MI",2023-10-01,174,236,72,5,487,20767,6330
29620,"Lansing-East Lansing, MI",2023-11-01,200,221,74,5,500,21267,6530
29620,"Lansing-East Lansing, MI",2023-12-01,201,224,64,7,496,21763,6731
29620,"Lansing-East Lansing, MI",2024-01-01,198,215,62,4,479,22242,6929
29620,"Lansing-East Lansing, MI",2024-02-01,215,157,56,6,434,22676,7144
29620,"Lansing-East Lansing, MI",2024-03-01,230,199,58,5,492,23168,7374
29620,"Lansing-East Lansing, MI",2024-04-01,172,173,56,8,409,23577,7546
29620,"Lansing-East Lansing, MI",2024-05-01,188,182,42,4,416,23993,7734
29620,"Lansing-East Lansing, MI",2024-06-01,164,153,39,2,358,24351,7898
29620,"Lansing-East Lansing, MI",2024-07-01,146,181,59,2,388,24739,8044
29620,"Lansing-East Lansing, MI",2024-08-01,106,138,27,4,275,25014,8150
29620,"Lansing-East Lansing, MI",2024-09-01,183,204,70,7,464,25478,8333
29620,"Lansing-East Lansing, MI",2024-10-01,181,208,55,8,452,25930,8514
29620,"Lansing-East Lansing, MI",2024-11-01,277,200,48,6,531,26461,8791
29620,"Lansing-East Lansing, MI",2024-12-01,220,190,63,8,481,26942,9011
29620,"Lansing-East Lansing, MI",2025-01-01,258,182,54,4,498,27440,9269
29620,"Lansing-East Lansing, MI",2025-02-01,264,170,47,9,490,27930,9533
29620,"Lansing-East Lansing, MI",2025-03-01,287,190,50,1,528,28458,9820
29620,"Lansing-East Lansing, MI",2025-04-01,232,179,44,5,460,28918,10052
29620,"Lansing-East Lansing, MI",2025-05-01,214,156,49,6,425,29343,10266
29620,"Lansing-East Lansing, MI",2025-06-01,207,188,38,5,438,29781,10473
29620,"Lansing-East Lansing, MI",2025-07-01,174,153,37,5,369,30150,10647
29620,"Lansing-East Lansing, MI",2025-08-01,154,143,35,8,340,30490,10801
29620,"Lansing-East Lansing, MI",2025-09-01,2,4,2,0,8,30498,10803
39860,"Red Wing, MN",2019-01-01,0,1,0,0,1,1,0
39860,"Red Wing, MN",2019-02-01,0,0,1,0,1,2,0
39860,"Red Wing, MN",2019-03-01,0,2,1,0,3,5,0
39860,"Red Wing, MN",2019-04-01,0,2,0,0,2,7,0
39860,"Red Wing, MN",2019-05-01,0,1,2,0,3,10,0
39860,"Red Wing, MN",2019-07-01,0,1,1,0,2,12,0
39860,"Red Wing, MN",2019-08-01,0,1,0,0,1,13,0
39860,"Red Wing, MN",2019-09-01,0,1,1,0,2,15,0
39860,"Red Wing, MN",2019-10-01,0,2,0,0,2,17,0
39860,"Red Wing, MN",2019-11-01,0,1,1,0,2,19,0
39860,"Red Wing, MN",2019-12-01,0,2,1,0,3,22,0
39860,"Red Wing, MN",2020-01-01,0,2,0,0,2,24,0
39860,"Red Wing, MN",2020-02-01,0,2,1,0,3,27,0
39860,"Red Wing, MN",2020-03-01,0,3,2,0,5,32,0
39860,"Red Wing, MN",2020-04-01,1,5,0,1,7,39,1
39860,"Red Wing, MN",2020-05-01,3,4,4,0,11,50,4
39860,"Red Wing, MN",2020-06-01,4,7,3,0,14,64,8
39860,"Red Wing, MN",2020-07-01,7,4,2,0,13,77,15
39860,"Red Wing, MN",2020-08-01,1,8,2,0,11,88,16
39860,"Red Wing, MN",2020-09-01,4,8,4,0,16,104,20
39860,"Red Wing, MN",2020-10-01,5,8,3,0,16,120,25
39860,"Red Wing, MN",2020-11-01,2,10,1,0,13,133,27
39860,"Red Wing, MN",2020-12-01,3,16,1,1,21,154,30
39860,"Red Wing, MN",2021-01-01,7,13,6,0,26,180,37
39860,"Red Wing, MN",2021-02-01,6,15,2,1,24,204,43
39860,"Red Wing, MN",2021-03-01,3,17,4,0,24,228,46
39860,"Red Wing, MN",2021-04-01,7,9,3,0,19,247,53
39860,"Red Wing, MN",2021-05-01,3,17,2,0,22,269,56
39860,"Red Wing, MN",2021-06-01,9,9,5,0,23,292,65
39860,"Red Wing, MN",2021-07-01,7,14,4,0,25,317,72
39860,"Red Wing, MN",2021-08-01,5,10,2,0,17,334,77
39860,"Red Wing, MN",2021-09-01,9,17,7,0,33,367,86
39860,"Red Wing, MN",2021-10-01,3,11,4,0,18,385,89
39860,"Red Wing, MN",2021-11-01,4,12,1,0,17,402,93
39860,"Red Wing, MN",2021-12-01,3,6,1,0,10,412,96
39860,"Red Wing, MN",2022-01-01,6,8,3,1,18,430,102
39860,"Red Wing, MN",2022-02-01,4,11,1,1,17,447,106
39860,"Red Wing, MN",2022-03-01,5,14,8,2,29,476,111
39860,"Red Wing, MN",2022-04-01,5,8,2,0,15,491,116
39860,"Red Wing, MN",2022-05-01,5,8,3,0,16,507,121
39860,"Red Wing, MN",2022-06-01,6,14,2,0,22,529,127
39860,"Red Wing, MN",2022-07-01,4,13,4,1,22,551,131
39860,"Red Wing, MN",2022-08-01,6,14,4,0,24,575,137
39860,"Red Wing, MN",2022-09-01,6,11,4,0,21,596,143
39860,"Red Wing, MN",2022-10-01,6,7,1,0,14,610,149
39860,"Red Wing, MN",2022-11-01,3,10,3,0,16,626,152
39860,"Red Wing, MN",2022-12-01,4,16,1,0,21,647,156
39860,"Red Wing, MN",2023-01-01,5,9,6,0,20,667,161
39860,"Red Wing, MN",2023-02-01,5,5,3,0,13,680,166
39860,"Red Wing, MN",2023-03-01,8,15,2,0,25,705,174
39860,"Red Wing, MN",2023-04-01,3,5,4,0,12,717,177
39860,"Red Wing, MN",2023-05-01,3,10,1,0,14,731,180
39860,"Red Wing, MN",2023-06-01,1,6,1,0,8,739,181
39860,"Red Wing, MN",2023-07-01,7,9,2,0,18,757,188
39860,"Red Wing, MN",2023-08-01,4,4,1,0,9,766,192
39860,"Red Wing, MN",2023-09-01,3,7,3,0,13,779,195
39860,"Red Wing, MN",2023-10-01,3,16,2,0,21,800,198
39860,"Red Wing, MN",2023-11-01,6,7,3,0,16,816,204
39860,"Red Wing, MN",2023-12-01,6,8,3,0,17,833,210
39860,"Red Wing, MN",2024-01-01,5,9,4,0,18,851,215
39860,"Red Wing, MN",2024-02-01,7,13,4,0,24,875,222
39860,"Red Wing, MN",2024-03-01,8,10,3,1,22,897,230
39860,"Red Wing, MN",2024-04-01,1,8,1,1,11,908,231
39860,"Red Wing, MN",2024-05-01,5,5,4,1,15,923,236
39860,"Red Wing, MN",2024-06-01,2,6,0,0,8,931,238
39860,"Red Wing, MN",2024-07-01,1,2,4,0,7,938,239
39860,"Red Wing, MN",2024-08-01,4,4,1,0,9,947,243
39860,"Red Wing, MN",2024-09-01,5,7,3,0,15,962,248
39860,"Red Wing, MN",2024-10-01,8,6,4,1,19,981,256
39860,"Red Wing, MN",2024-11-01,9,7,1,1,18,999,265
39860,"Red Wing, MN",2024-12-01,11,7,4,1,23,1022,276
39860,"Red Wing, MN",2025-01-01,7,8,4,0,19,1041,283
39860,"Red Wing, MN",2025-02-01,7,11,7,0,25,1066,290
39860,"Red Wing, MN",2025-03-01,14,18,3,1,36,1102,304
39860,"Red Wing, MN",2025-04-01,15,8,5,0,28,1130,319
39860,"Red Wing, MN",2025-05-01,6,11,1,0,18,1148,325
39860,"Red Wing, MN",2025-06-01,8,8,8,0,24,1172,333
39860,"Red Wing, MN",2025-07-01,12,10,1,0,23,1195,345
39860,"Red Wing, MN",2025-08-01,9,9,4,0,22,1217,354
22840,"Fort Payne, AL",2019-01-01,0,2,1,0,3,3,0
22840,"Fort Payne, AL",2019-02-01,0,3,0,0,3,6,0
22840,"Fort Payne, AL",2019-03-01,0,1,0,0,1,7,0
22840,"Fort Payne, AL",2019-04-01,1,2,0,0,3,10,1
22840,"Fort Payne, AL",2019-05-01,0,4,0,0,4,14,1
22840,"Fort Payne, AL",2019-06-01,0,5,2,0,7,21,1
22840,"Fort Payne, AL",2019-07-01,0,7,1,0,8,29,1
22840,"Fort Payne, AL",2019-08-01,0,8,1,0,9,38,1
22840,"Fort Payne, AL",2019-09-01,1,4,3,1,9,47,2
22840,"Fort Payne, AL",2019-10-01,0,14,1,0,15,62,2
22840,"Fort Payne, AL",2019-11-01,1,8,1,0,10,72,3
22840,"Fort Payne, AL",2019-12-01,0,4,2,0,6,78,3
22840,"Fort Payne, AL",2020-01-01,2,5,3,0,10,88,5
22840,"Fort Payne, AL",2020-02-01,0,4,3,0,7,95,5
22840,"Fort Payne, AL",2020-03-01,3,7,5,0,15,110,8
22840,"Fort Payne, AL",2020-04-01,3,7,1,0,11,121,11
22840,"Fort Payne, AL",2020-05-01,3,9,3,0,15,136,14
22840,"Fort Payne, AL",2020-06-01,3,11,3,1,18,154,17
22840,"Fort Payne, AL",2020-07-01,1,11,3,0,15,169,18
22840,"Fort Payne, AL",2020-08-01,3,24,5,1,33,202,21
22840,"Fort Payne, AL",2020-09-01,3,17,2,1,23,225,24
22840,"Fort Payne, AL",2020-10-01,3,11,3,0,17,242,27
22840,"Fort Payne, AL",2020-11-01,0,8,1,0,9,251,27
22840,"Fort Payne, AL",2020-12-01,2,6,1,0,9,260,29
22840,"Fort Payne, AL",2021-01-01,1,9,3,0,13,273,30
22840,"Fort Payne, AL",2021-02-01,3,11,0,0,14,287,33
22840,"Fort Payne, AL",2021-03-01,5,7,2,0,14,301,38
22840,"Fort Payne, AL",2021-04-01,9,31,4,0,44,345,47
22840,"Fort Payne, AL",2021-05-01,7,25,4,1,37,382,54
22840,"Fort Payne, AL",2021-06-01,7,29,9,0,45,427,61
22840,"Fort Payne, AL",2021-07-01,6,16,3,0,25,452,67
22840,"Fort Payne, AL",2021-08-01,1,15,9,2,27,479,68
22840,"Fort Payne, AL",2021-09-01,5,16,8,0,29,508,73
22840,"Fort Payne, AL",2021-10-01,3,23,9,2,37,545,76
22840,"Fort Payne, AL",2021-11-01,8,18,6,0,32,577,84
22840,"Fort Payne, AL",2021-12-01,5,23,4,0,32,609,89
22840,"Fort Payne, AL",2022-01-01,10,25,12,0,47,656,99
22840,"Fort Payne, AL",2022-02-01,10,19,10,1,40,696,109
22840,"Fort Payne, AL",2022-03-01,19,29,6,0,54,750,128
22840,"Fort Payne, AL",2022-04-01,3,29,7,1,40,790,131
22840,"Fort Payne, AL",2022-05-01,12,26,10,0,48,838,143
22840,"Fort Payne, AL",2022-06-01,5,19,6,1,31,869,148
22840,"Fort Payne, AL",2022-07-01,6,17,6,0,29,898,154
22840,"Fort Payne, AL",2022-08-01,13,29,11,0,53,951,167
22840,"Fort Payne, AL",2022-09-01,5,14,11,0,30,981,172
22840,"Fort Payne, AL",2022-10-01,12,24,6,0,42,1023,184
22840,"Fort Payne, AL",2022-11-01,4,13,6,0,23,1046,188
22840,"Fort Payne, AL",2022-12-01,7,23,6,1,37,1083,195
22840,"Fort Payne, AL",2023-01-01,13,20,5,0,38,1121,208
22840,"Fort Payne, AL",2023-02-01,6,22,10,2,40,1161,214
22840,"Fort Payne, AL",2023-03-01,10,22,10,0,42,1203,224
22840,"Fort Payne, AL",2023-04-01,5,20,9,0,34,1237,229
22840,"Fort Payne, AL",2023-05-01,15,25,4,0,44,1281,244
22840,"Fort Payne, AL",2023-06-01,11,28,9,1,49,1330,255
22840,"Fort Payne, AL",2023-07-01,5,12,7,0,24,1354,260
22840,"Fort Payne, AL",2023-08-01,5,14,2,0,21,1375,265
22840,"Fort Payne, AL",2023-09-01,8,16,5,0,29,1404,273
22840,"Fort Payne, AL",2023-10-01,10,19,7,1,37,1441,283
22840,"Fort Payne, AL",2023-11-01,19,31,13,0,63,1504,302
22840,"Fort Payne, AL",2023-12-01,19,23,4,2,48,1552,321
22840,"Fort Payne, AL",2024-01-01,12,24,7,0,43,1595,333
22840,"Fort Payne, AL",2024-02-01,14,33,10,0,57,1652,347
22840,"Fort Payne, AL",2024-03-01,21,23,8,1,53,1705,368
22840,"Fort Payne, AL",2024-04-01,9,18,5,0,32,1737,377
22840,"Fort Payne, AL",2024-05-01,10,21,9,0,40,1777,387
22840,"Fort Payne, AL",2024-06-01,2,13,1,1,17,1794,389
22840,"Fort Payne, AL",2024-07-01,3,14,5,0,22,1816,392
22840,"Fort Payne, AL",2024-08-01,18,29,6,0,53,1869,410
22840,"Fort Payne, AL",2024-09-01,22,30,11,0,63,1932,432
22840,"Fort Payne, AL",2024-10-01,18,45,15,0,78,2010,450
22840,"Fort Payne, AL",2024-11-01,33,48,12,2,95,2105,483
22840,"Fort Payne, AL",2024-12-01,36,39,14,0,89,2194,519
22840,"Fort Payne, AL",2025-01-01,22,25,5,1,53,2247,541
22840,"Fort Payne, AL",2025-02-01,19,27,11,1,58,2305,560
22840,"Fort Payne, AL",2025-03-01,18,38,10,0,66,2371,578
22840,"Fort Payne, AL",2025-04-01,20,32,9,0,61,2432,598
22840,"Fort Payne, AL",2025-05-01,20,37,8,2,67,2499,618
22840,"Fort Payne, AL",2025-06-01,17,29,12,1,59,2558,635
22840,"Fort Payne, AL",2025-07-01,16,26,10,0,52,2610,651
22840,"Fort Payne, AL",2025-08-01,22,15,4,2,43,2653,673
22840,"Fort Payne, AL",2025-09-01,0,1,1,0,2,2655,673
36220,"Odessa, TX",2019-01-01,0,24,7,0,31,31,0
36220,"Odessa, TX",2019-02-01,0,18,3,0,21,52,0
36220,"Odessa, TX",2019-03-01,2,26,9,1,38,90,2
36220,"Odessa, TX",2019-04-01,2,39,11,1,53,143,4
36220,"Odessa, TX",2019-05-01,3,45,10,0,58,201,7
36220,"Odessa, TX",2019-06-01,2,33,9,0,44,245,9
36220,"Odessa, TX",2019-07-01,2,35,10,1,48,293,11
36220,"Odessa, TX",2019-08-01,2,51,13,3,69,362,13
36220,"Odessa, TX",2019-09-01,1,58,16,1,76,438,14
36220,"Odessa, TX",2019-10-01,1,61,16,3,81,519,15
36220,"Odessa, TX",2019-11-01,2,34,15,2,53,572,17
36220,"Odessa, TX",2019-12-01,3,30,10,1,44,616,20
36220,"Odessa, TX",2020-01-01,11,58,20,0,89,705,31
36220,"Odessa, TX",2020-02-01,6,40,15,0,61,766,37
36220,"Odessa, TX",2020-03-01,11,100,24,0,135,901,48
36220,"Odessa, TX",2020-04-01,12,114,35,2,163,1064,60
36220,"Odessa, TX",2020-05-01,20,109,22,1,152,1216,80
36220,"Odessa, TX",2020-06-01,13,86,12,1,112,1328,93
36220,"Odessa, TX",2020-07-01,21,133,32,0,186,1514,114
36220,"Odessa, TX",2020-08-01,13,128,29,2,172,1686,127
36220,"Odessa, TX",2020-09-01,15,72,21,1,109,1795,142
36220,"Odessa, TX",2020-10-01,16,107,14,1,138,1933,158
36220,"Odessa, TX",2020-11-01,14,69,14,2,99,2032,172
36220,"Odessa, TX",2020-12-01,19,59,18,1,97,2129,191
36220,"Odessa, TX",2021-01-01,25,96,31,2,154,2283,216
36220,"Odessa, TX",2021-02-01,31,81,32,3,147,2430,247
36220,"Odessa, TX",2021-03-01,52,181,50,1,284,2714,299
36220,"Odessa, TX",2021-04-01,39,131,29,4,203,2917,338
36220,"Odessa, TX",2021-05-01,22,98,17,1,138,3055,360
36220,"Odessa, TX",2021-06-01,16,102,25,3,146,3201,376
36220,"Odessa, TX",2021-07-01,17,80,32,0,129,3330,393
36220,"Odessa, TX",2021-08-01,18,95,24,1,138,3468,411
36220,"Odessa, TX",2021-09-01,23,103,21,4,151,3619,434
36220,"Odessa, TX",2021-10-01,16,67,18,1,102,3721,450
36220,"Odessa, TX",2021-11-01,23,75,21,1,120,3841,473
36220,"Odessa, TX",2021-12-01,36,126,30,2,194,4035,509
36220,"Odessa, TX",2022-01-01,42,140,39,1,222,4257,551
36220,"Odessa, TX",2022-02-01,36,105,32,7,180,4437,587
36220,"Odessa, TX",2022-03-01,59,160,48,4,271,4708,646
36220,"Odessa, TX",2022-04-01,21,85,26,2,134,4842,667
36220,"Odessa, TX",2022-05-01,43,141,33,1,218,5060,710
36220,"Odessa, TX",2022-06-01,39,92,9,3,143,5203,749
36220,"Odessa, TX",2022-07-01,30,102,18,1,151,5354,779
36220,"Odessa, TX",2022-08-01,52,157,47,1,257,5611,831
36220,"Odessa, TX",2022-09-01,58,161,41,4,264,5875,889
36220,"Odessa, TX",2022-10-01,49,183,56,3,291,6166,938
36220,"Odessa, TX",2022-11-01,68,169,48,2,287,6453,1006
36220,"Odessa, TX",2022-12-01,79,151,39,2,271,6724,1085
36220,"Odessa, TX",2023-01-01,55,150,36,2,243,6967,1140
36220,"Odessa, TX",2023-02-01,71,166,44,3,284,7251,1211
36220,"Odessa, TX",2023-03-01,82,188,55,1,326,7577,1293
36220,"Odessa, TX",2023-04-01,59,126,28,4,217,7794,1352
36220,"Odessa, TX",2023-05-01,22,73,20,2,117,7911,1374
36220,"Odessa, TX",2023-06-01,16,45,14,0,75,7986,1390
36220,"Odessa, TX",2023-07-01,14,60,17,0,91,8077,1404
36220,"Odessa, TX",2023-08-01,22,103,25,3,153,8230,1426
36220,"Odessa, TX",2023-09-01,16,92,16,1,125,8355,1442
36220,"Odessa, TX",2023-10-01,27,93,29,2,151,8506,1469
36220,"Odessa, TX",2023-11-01,53,182,38,2,275,8781,1522
36220,"Odessa, TX",2023-12-01,48,159,42,4,253,9034,1570
36220,"Odessa, TX",2024-01-01,65,204,63,4,336,9370,1635
36220,"Odessa, TX",2024-02-01,50,169,35,5,259,9629,1685
36220,"Odessa, TX",2024-03-01,72,218,57,4,351,9980,1757
36220,"Odessa, TX",2024-04-01,65,173,51,2,291,10271,1822
36220,"Odessa, TX",2024-05-01,40,128,36,1,205,10476,1862
36220,"Odessa, TX",2024-06-01,24,112,30,1,167,10643,1886
36220,"Odessa, TX",2024-07-01,69,209,55,1,334,10977,1955
36220,"Odessa, TX",2024-08-01,45,193,49,1,288,11265,2000
36220,"Odessa, TX",2024-09-01,51,206,42,0,299,11564,2051
36220,"Odessa, TX",2024-10-01,71,214,32,3,320,11884,2122
36220,"Odessa, TX",2024-11-01,57,161,35,3,256,12140,2179
36220,"Odessa, TX",2024-12-01,57,159,30,2,248,12388,2236
36220,"Odessa, TX",2025-01-01,42,145,35,1,223,12611,2278
36220,"Odessa, TX",2025-02-01,72,171,38,2,283,12894,2350
36220,"Odessa, TX",2025-03-01,74,175,37,3,289,13183,2424
36220,"Odessa, TX",2025-04-01,79,157,35,4,275,13458,2503
36220,"Odessa, TX",2025-05-01,64,176,34,5,279,13737,2567
36220,"Odessa, TX",2025-06-01,92,177,36,0,305,14042,2659
36220,"Odessa, TX",2025-07-01,84,174,33,1,292,14334,2743
36220,"Odessa, TX",2025-08-01,71,143,44,2,260,14594,2814
36220,"Odessa, TX",2025-09-01,1,3,3,0,7,14601,2815
28740,"Kingston, NY",2019-01-01,0,5,4,0,9,9,0
28740,"Kingston, NY",2019-02-01,0,7,3,0,10,19,0
28740,"Kingston, NY",2019-03-01,1,11,3,1,16,35,1
28740,"Kingston, NY",2019-04-01,0,17,5,1,23,58,1
28740,"Kingston, NY",2019-05-01,1,19,9,1,30,88,2
28740,"Kingston, NY",2019-06-01,1,20,2,2,25,113,3
28740,"Kingston, NY",2019-07-01,3,16,4,3,26,139,6
28740,"Kingston, NY",2019-08-01,1,21,6,0,28,167,7
28740,"Kingston, NY",2019-09-01,1,21,5,0,27,194,8
28740,"Kingston, NY",2019-10-01,2,17,6,2,27,221,10
28740,"Kingston, NY",2019-11-01,2,18,4,0,24,245,12
28740,"Kingston, NY",2019-12-01,0,9,2,0,11,256,12
28740,"Kingston, NY",2020-01-01,1,25,7,1,34,290,13
28740,"Kingston, NY",2020-02-01,5,14,3,0,22,312,18
28740,"Kingston, NY",2020-03-01,1,26,4,1,32,344,19
28740,"Kingston, NY",2020-04-01,2,20,4,0,26,370,21
28740,"Kingston, NY",2020-05-01,15,36,10,1,62,432,36
28740,"Kingston, NY",2020-06-01,14,34,2,1,51,483,50
28740,"Kingston, NY",2020-07-01,17,57,5,1,80,563,67
28740,"Kingston, NY",2020-08-01,24,68,10,0,102,665,91
28740,"Kingston, NY",2020-09-01,14,43,13,2,72,737,105
28740,"Kingston, NY",2020-10-01,7,47,4,1,59,796,112
28740,"Kingston, NY",2020-11-01,14,26,7,0,47,843,126
28740,"Kingston, NY",2020-12-01,7,24,4,1,36,879,133
28740,"Kingston, NY",2021-01-01,18,59,21,2,100,979,151
28740,"Kingston, NY",2021-02-01,17,35,19,1,72,1051,168
28740,"Kingston, NY",2021-03-01,17,49,11,0,77,1128,185
28740,"Kingston, NY",2021-04-01,28,60,15,3,106,1234,213
28740,"Kingston, NY",2021-05-01,28,70,16,4,118,1352,241
28740,"Kingston, NY",2021-06-01,20,76,13,2,111,1463,261
28740,"Kingston, NY",2021-07-01,19,52,13,2,86,1549,280
28740,"Kingston, NY",2021-08-01,15,47,13,1,76,1625,295
28740,"Kingston, NY",2021-09-01,16,84,19,1,120,1745,311
28740,"Kingston, NY",2021-10-01,6,25,11,0,42,1787,317
28740,"Kingston, NY",2021-11-01,6,21,6,0,33,1820,323
28740,"Kingston, NY",2021-12-01,16,47,10,1,74,1894,339
28740,"Kingston, NY",2022-01-01,25,44,14,0,83,1977,364
28740,"Kingston, NY",2022-02-01,8,22,8,2,40,2017,372
28740,"Kingston, NY",2022-03-01,11,33,9,2,55,2072,383
28740,"Kingston, NY",2022-04-01,10,36,4,0,50,2122,393
28740,"Kingston, NY",2022-05-01,13,29,12,3,57,2179,406
28740,"Kingston, NY",2022-06-01,3,18,4,0,25,2204,409
28740,"Kingston, NY",2022-07-01,8,20,7,0,35,2239,417
28740,"Kingston, NY",2022-08-01,14,28,6,2,50,2289,431
28740,"Kingston, NY",2022-09-01,9,31,13,2,55,2344,440
28740,"Kingston, NY",2022-10-01,12,34,12,3,61,2405,452
28740,"Kingston, NY",2022-11-01,16,35,12,1,64,2469,468
28740,"Kingston, NY",2022-12-01,28,46,12,1,87,2556,496
28740,"Kingston, NY",2023-01-01,21,32,10,1,64,2620,517
28740,"Kingston, NY",2023-02-01,17,30,11,1,59,2679,534
28740,"Kingston, NY",2023-03-01,17,49,9,1,76,2755,551
28740,"Kingston, NY",2023-04-01,14,30,16,1,61,2816,565
28740,"Kingston, NY",2023-05-01,4,19,3,1,27,2843,569
28740,"Kingston, NY",2023-06-01,7,11,2,1,21,2864,576
28740,"Kingston, NY",2023-07-01,7,8,6,0,21,2885,583
28740,"Kingston, NY",2023-08-01,6,13,6,0,25,2910,589
28740,"Kingston, NY",2023-09-01,10,27,8,0,45,2955,599
28740,"Kingston, NY",2023-10-01,17,28,16,2,63,3018,616
28740,"Kingston, NY",2023-11-01,20,30,8,2,60,3078,636
28740,"Kingston, NY",2023-12-01,29,38,7,0,74,3152,665
28740,"Kingston, NY",2024-01-01,19,45,11,1,76,3228,684
28740,"Kingston, NY",2024-02-01,25,45,19,0,89,3317,709
28740,"Kingston, NY",2024-03-01,25,46,15,0,86,3403,734
28740,"Kingston, NY",2024-04-01,17,27,10,1,55,3458,751
28740,"Kingston, NY",2024-05-01,9,29,13,0,51,3509,760
28740,"Kingston, NY",2024-06-01,19,45,8,1,73,3582,779
28740,"Kingston, NY",2024-07-01,24,45,10,0,79,3661,803
28740,"Kingston, NY",2024-08-01,15,42,13,1,71,3732,818
28740,"Kingston, NY",2024-09-01,26,36,20,1,83,3815,844
28740,"Kingston, NY",2024-10-01,30,63,17,3,113,3928,874
28740,"Kingston, NY",2024-11-01,33,51,12,2,98,4026,907
28740,"Kingston, NY",2024-12-01,39,40,11,2,92,4118,946
28740,"Kingston, NY",2025-01-01,43,59,18,3,123,4241,989
28740,"Kingston, NY",2025-02-01,27,48,12,3,90,4331,1016
28740,"Kingston, NY",2025-03-01,25,41,13,2,81,4412,1041
28740,"Kingston, NY",2025-04-01,29,39,9,2,79,4491,1070
28740,"Kingston, NY",2025-05-01,37,47,8,2,94,4585,1107
28740,"Kingston, NY",2025-06-01,46,47,10,1,104,4689,1153
28740,"Kingston, NY",2025-07-01,28,59,18,1,106,4795,1181
28740,"Kingston, NY",2025-08-01,25,38,15,4,82,4877,1206
28740,"Kingston, NY",2025-09-01,0,1,0,0,1,4878,1206
18420,"Corinth, MS",2019-01-01,0,2,0,0,2,2,0
18420,"Corinth, MS",2019-02-01,0,1,1,0,2,4,0
18420,"Corinth, MS",2019-03-01,0,3,1,0,4,8,0
18420,"Corinth, MS",2019-04-01,0,1,0,0,1,9,0
18420,"Corinth, MS",2019-05-01,0,1,1,0,2,11,0
18420,"Corinth, MS",2019-06-01,0,2,0,0,2,13,0
18420,"Corinth, MS",2019-07-01,0,3,1,0,4,17,0
18420,"Corinth, MS",2019-08-01,0,2,0,0,2,19,0
18420,"Corinth, MS",2019-09-01,0,2,1,0,3,22,0
18420,"Corinth, MS",2019-10-01,0,1,1,0,2,24,0
18420,"Corinth, MS",2019-11-01,0,1,0,0,1,25,0
18420,"Corinth, MS",2019-12-01,0,3,1,0,4,29,0
18420,"Corinth, MS",2020-01-01,1,3,0,0,4,33,1
18420,"Corinth, MS",2020-02-01,0,0,1,0,1,34,1
18420,"Corinth, MS",2020-03-01,0,5,1,0,6,40,1
18420,"Corinth, MS",2020-04-01,0,5,3,0,8,48,1
18420,"Corinth, MS",2020-05-01,1,3,1,0,5,53,2
18420,"Corinth, MS",2020-06-01,0,4,1,0,5,58,2
18420,"Corinth, MS",2020-07-01,1,4,1,0,6,64,3
18420,"Corinth, MS",2020-08-01,1,3,1,0,5,69,4
18420,"Corinth, MS",2020-09-01,3,11,2,0,16,85,7
18420,"Corinth, MS",2020-10-01,7,13,4,0,24,109,14
18420,"Corinth, MS",2020-11-01,3,17,1,0,21,130,17
18420,"Corinth, MS",2020-12-01,11,24,1,0,36,166,28
18420,"Corinth, MS",2021-01-01,15,9,5,1,30,196,43
18420,"Corinth, MS",2021-02-01,8,26,3,0,37,233,51
18420,"Corinth, MS",2021-03-01,10,18,6,0,34,267,61
18420,"Corinth, MS",2021-04-01,8,20,3,1,32,299,69
18420,"Corinth, MS",2021-05-01,18,36,10,0,64,363,87
18420,"Corinth, MS",2021-06-01,10,37,10,0,57,420,97
18420,"Corinth, MS",2021-07-01,16,36,9,0,61,481,113
18420,"Corinth, MS",2021-08-01,10,28,3,0,41,522,123
18420,"Corinth, MS",2021-09-01,11,23,6,1,41,563,134
18420,"Corinth, MS",2021-10-01,11,32,8,0,51,614,145
18420,"Corinth, MS",2021-11-01,20,23,9,1,53,667,165
18420,"Corinth, MS",2021-12-01,18,32,10,0,60,727,183
18420,"Corinth, MS",2022-01-01,12,42,13,2,69,796,195
18420,"Corinth, MS",2022-02-01,18,24,10,2,54,850,213
18420,"Corinth, MS",2022-03-01,8,32,15,0,55,905,221
18420,"Corinth, MS",2022-04-01,13,35,12,1,61,966,234
18420,"Corinth, MS",2022-05-01,17,34,8,1,60,1026,251
18420,"Corinth, MS",2022-06-01,15,34,7,0,56,1082,266
18420,"Corinth, MS",2022-07-01,10,33,12,1,56,1138,276
18420,"Corinth, MS",2022-08-01,13,32,6,2,53,1191,289
18420,"Corinth, MS",2022-09-01,9,28,13,0,50,1241,298
18420,"Corinth, MS",2022-10-01,7,20,2,0,29,1270,305
18420,"Corinth, MS",2022-11-01,10,29,7,1,47,1317,315
18420,"Corinth, MS",2022-12-01,17,31,3,0,51,1368,332
18420,"Corinth, MS",2023-01-01,17,29,8,0,54,1422,349
18420,"Corinth, MS",2023-02-01,14,29,8,1,52,1474,363
18420,"Corinth, MS",2023-03-01,22,38,8,1,69,1543,385
18420,"Corinth, MS",2023-04-01,14,35,10,0,59,1602,399
18420,"Corinth, MS",2023-05-01,17,36,10,0,63,1665,416
18420,"Corinth, MS",2023-06-01,13,26,9,1,49,1714,429
18420,"Corinth, MS",2023-07-01,15,34,5,1,55,1769,444
18420,"Corinth, MS",2023-08-01,10,22,4,0,36,1805,454
18420,"Corinth, MS",2023-09-01,6,19,5,1,31,1836,460
18420,"Corinth, MS",2023-10-01,24,29,7,0,60,1896,484
18420,"Corinth, MS",2023-11-01,22,31,10,1,64,1960,506
18420,"Corinth, MS",2023-12-01,24,25,10,0,59,2019,530
18420,"Corinth, MS",2024-01-01,27,27,14,3,71,2090,557
18420,"Corinth, MS",2024-02-01,33,34,15,0,82,2172,590
18420,"Corinth, MS",2024-03-01,29,37,11,1,78,2250,619
18420,"Corinth, MS",2024-04-01,17,32,9,1,59,2309,636
18420,"Corinth, MS",2024-05-01,16,27,15,2,60,2369,652
18420,"Corinth, MS",2024-06-01,28,35,5,0,68,2437,680
18420,"Corinth, MS",2024-07-01,14,17,6,0,37,2474,694
18420,"Corinth, MS",2024-08-01,12,14,2,1,29,2503,706
18420,"Corinth, MS",2024-09-01,12,19,6,1,38,2541,718
18420,"Corinth, MS",2024-10-01,24,29,13,0,66,2607,742
18420,"Corinth, MS",2024-11-01,20,34,9,2,65,2672,762
18420,"Corinth, MS",2024-12-01,22,38,10,1,71,2743,784
18420,"Corinth, MS",2025-01-01,22,20,13,0,55,2798,806
18420,"Corinth, MS",2025-02-01,31,21,8,0,60,2858,837
18420,"Corinth, MS",2025-03-01,30,38,14,0,82,2940,867
18420,"Corinth, MS",2025-04-01,26,36,6,2,70,3010,893
18420,"Corinth, MS",2025-05-01,31,38,10,1,80,3090,924
18420,"Corinth, MS",2025-06-01,30,41,11,1,83,3173,954
18420,"Corinth, MS",2025-07-01,29,16,9,3,57,3230,983
18420,"Corinth, MS",2025-08-01,26,9,17,1,53,3283,1009
18420,"Corinth, MS",2025-09-01,0,0,2,0,2,3285,1009
41180,"St. Louis, MO-IL",2019-01-01,7,322,85,5,419,419,7
41180,"St. Louis, MO-IL",2019-02-01,15,331,79,5,430,849,22
41180,"St. Louis, MO-IL",2019-03-01,20,470,104,10,604,1453,42
41180,"St. Louis, MO-IL",2019-04-01,20,496,94,10,620,2073,62
41180,"St. Louis, MO-IL",2019-05-01,27,563,109,6,705,2778,89
41180,"St. Louis, MO-IL",2019-06-01,43,524,109,10,686,3464,132
41180,"St. Louis, MO-IL",2019-07-01,11,286,82,10,389,3853,143
41180,"St. Louis, MO-IL",2019-08-01,8,194,39,2,243,4096,151
41180,"St. Louis, MO-IL",2019-09-01,28,425,92,11,556,4652,179
41180,"St. Louis, MO-IL",2019-10-01,36,403,99,4,542,5194,215
41180,"St. Louis, MO-IL",2019-11-01,56,496,112,14,678,5872,271
41180,"St. Louis, MO-IL",2019-12-01,40,358,72,5,475,6347,311
41180,"St. Louis, MO-IL",2020-01-01,90,549,118,10,767,7114,401
41180,"St. Louis, MO-IL",2020-02-01,51,318,67,7,443,7557,452
41180,"St. Louis, MO-IL",2020-03-01,80,460,115,14,669,8226,532
41180,"St. Louis, MO-IL",2020-04-01,248,1002,214,23,1487,9713,780
41180,"St. Louis, MO-IL",2020-05-01,621,1459,240,17,2337,12050,1401
41180,"St. Louis, MO-IL",2020-06-01,387,986,136,10,1519,13569,1788
41180,"St. Louis, MO-IL",2020-07-01,447,1562,246,25,2280,15849,2235
41180,"St. Louis, MO-IL",2020-08-01,361,1432,240,27,2060,17909,2596
41180,"St. Louis, MO-IL",2020-09-01,329,1315,253,30,1927,19836,2925
41180,"St. Louis, MO-IL",2020-10-01,325,1253,233,13,1824,21660,3250
41180,"St. Louis, MO-IL",2020-11-01,174,627,117,10,928,22588,3424
41180,"St. Louis, MO-IL",2020-12-01,202,526,90,14,832,23420,3626
41180,"St. Louis, MO-IL",2021-01-01,564,1438,338,30,2370,25790,4190
41180,"St. Louis, MO-IL",2021-02-01,430,1187,274,22,1913,27703,4620
41180,"St. Louis, MO-IL",2021-03-01,489,1208,258,29,1984,29687,5109
41180,"St. Louis, MO-IL",2021-04-01,441,1411,276,20,2148,31835,5550
41180,"St. Louis, MO-IL",2021-05-01,577,1454,285,17,2333,34168,6127
41180,"St. Louis, MO-IL",2021-06-01,493,1530,288,33,2344,36512,6620
41180,"St. Louis, MO-IL",2021-07-01,298,983,190,32,1503,38015,6918
41180,"St. Louis, MO-IL",2021-08-01,388,1411,312,32,2143,40158,7306
41180,"St. Louis, MO-IL",2021-09-01,380,1444,373,31,2228,42386,7686
41180,"St. Louis, MO-IL",2021-10-01,305,1169,292,48,1814,44200,7991
41180,"St. Louis, MO-IL",2021-11-01,291,919,218,21,1449,45649,8282
41180,"St. Louis, MO-IL",2021-12-01,569,1195,291,31,2086,47735,8851
41180,"St. Louis, MO-IL",2022-01-01,581,1503,352,28,2464,50199,9432
41180,"St. Louis, MO-IL",2022-02-01,319,885,227,24,1455,51654,9751
41180,"St. Louis, MO-IL",2022-03-01,477,1292,300,34,2103,53757,10228
41180,"St. Louis, MO-IL",2022-04-01,451,1146,294,43,1934,55691,10679
41180,"St. Louis, MO-IL",2022-05-01,491,1124,277,21,1913,57604,11170
41180,"St. Louis, MO-IL",2022-06-01,250,656,153,13,1072,58676,11420
41180,"St. Louis, MO-IL",2022-07-01,339,822,191,19,1371,60047,11759
41180,"St. Louis, MO-IL",2022-08-01,479,1235,360,37,2111,62158,12238
41180,"St. Louis, MO-IL",2022-09-01,325,1005,236,14,1580,63738,12563
41180,"St. Louis, MO-IL",2022-10-01,323,846,227,24,1420,65158,12886
41180,"St. Louis, MO-IL",2022-11-01,382,897,226,22,1527,66685,13268
41180,"St. Louis, MO-IL",2022-12-01,486,749,240,23,1498,68183,13754
41180,"St. Louis, MO-IL",2023-01-01,462,892,269,27,1650,69833,14216
41180,"St. Louis, MO-IL",2023-02-01,391,779,231,20,1421,71254,14607
41180,"St. Louis, MO-IL",2023-03-01,503,917,298,40,1758,73012,15110
41180,"St. Louis, MO-IL",2023-04-01,386,798,208,24,1416,74428,15496
41180,"St. Louis, MO-IL",2023-05-01,425,683,188,15,1311,75739,15921
41180,"St. Louis, MO-IL",2023-06-01,261,549,127,10,947,76686,16182
41180,"St. Louis, MO-IL",2023-07-01,431,797,240,28,1496,78182,16613
41180,"St. Louis, MO-IL",2023-08-01,479,916,272,38,1705,79887,17092
41180,"St. Louis, MO-IL",2023-09-01,444,872,245,25,1586,81473,17536
41180,"St. Louis, MO-IL",2023-10-01,376,814,250,18,1458,82931,17912
41180,"St. Louis, MO-IL",2023-11-01,502,848,265,37,1652,84583,18414
41180,"St. Louis, MO-IL",2023-12-01,579,788,272,38,1677,86260,18993
41180,"St. Louis, MO-IL",2024-01-01,589,928,262,33,1812,88072,19582
41180,"St. Louis, MO-IL",2024-02-01,546,826,302,37,1711,89783,20128
41180,"St. Louis, MO-IL",2024-03-01,577,853,302,28,1760,91543,20705
41180,"St. Louis, MO-IL",2024-04-01,483,795,207,32,1517,93060,21188
41180,"St. Louis, MO-IL",2024-05-01,674,944,269,33,1920,94980,21862
41180,"St. Louis, MO-IL",2024-06-01,686,972,261,35,1954,96934,22548
41180,"St. Louis, MO-IL",2024-07-01,598,863,265,47,1773,98707,23146
41180,"St. Louis, MO-IL",2024-08-01,574,1070,323,82,2049,100756,23720
41180,"St. Louis, MO-IL",2024-09-01,528,944,316,63,1851,102607,24248
41180,"St. Louis, MO-IL",2024-10-01,545,876,302,50,1773,104380,24793
41180,"St. Louis, MO-IL",2024-11-01,524,751,208,34,1517,105897,25317
41180,"St. Louis, MO-IL",2024-12-01,757,815,238,34,1844,107741,26074
41180,"St. Louis, MO-IL",2025-01-01,593,748,210,29,1580,109321,26667
41180,"St. Louis, MO-IL",2025-02-01,551,636,201,18,1406,110727,27218
41180,"St. Louis, MO-IL",2025-03-01,652,695,188,36,1571,112298,27870
41180,"St. Louis, MO-IL",2025-04-01,681,789,205,29,1704,114002,28551
41180,"St. Louis, MO-IL",2025-05-01,784,752,208,33,1777,115779,29335
41180,"St. Louis, MO-IL",2025-06-01,713,703,272,34,1722,117501,30048
41180,"St. Louis, MO-IL",2025-07-01,683,785,223,42,1733,119234,30731
41180,"St. Louis, MO-IL",2025-08-01,501,672,173,25,1371,120605,31232
41180,"St. Louis, MO-IL",2025-09-01,5,11,2,1,19,120624,31237
18060,"Columbus, MS",2019-01-01,0,3,2,0,5,5,0
18060,"Columbus, MS",2019-02-01,0,1,0,0,1,6,0
18060,"Columbus, MS",2019-03-01,0,2,0,0,2,8,0
18060,"Columbus, MS",2019-04-01,0,4,0,0,4,12,0
18060,"Columbus, MS",2019-05-01,0,8,0,0,8,20,0
18060,"Columbus, MS",2019-06-01,0,10,0,0,10,30,0
18060,"Columbus, MS",2019-07-01,0,14,0,0,14,44,0
18060,"Columbus, MS",2019-08-01,0,7,5,0,12,56,0
18060,"Columbus, MS",2019-09-01,0,15,4,0,19,75,0
18060,"Columbus, MS",2019-10-01,1,14,0,0,15,90,1
18060,"Columbus, MS",2019-11-01,1,12,1,2,16,106,2
18060,"Columbus, MS",2019-12-01,0,13,0,0,13,119,2
18060,"Columbus, MS",2020-01-01,0,9,2,0,11,130,2
18060,"Columbus, MS",2020-02-01,0,12,2,0,14,144,2
18060,"Columbus, MS",2020-03-01,3,10,3,0,16,160,5
18060,"Columbus, MS",2020-04-01,5,14,3,0,22,182,10
18060,"Columbus, MS",2020-05-01,9,31,4,1,45,227,19
18060,"Columbus, MS",2020-06-01,6,27,1,0,34,261,25
18060,"Columbus, MS",2020-07-01,4,30,3,2,39,300,29
18060,"Columbus, MS",2020-08-01,4,49,5,1,59,359,33
18060,"Columbus, MS",2020-09-01,13,46,8,0,67,426,46
18060,"Columbus, MS",2020-10-01,14,39,4,0,57,483,60
18060,"Columbus, MS",2020-11-01,9,27,3,0,39,522,69
18060,"Columbus, MS",2020-12-01,15,41,1,0,57,579,84
18060,"Columbus, MS",2021-01-01,14,38,5,1,58,637,98
18060,"Columbus, MS",2021-02-01,14,45,6,3,68,705,112
18060,"Columbus, MS",2021-03-01,22,58,7,1,88,793,134
18060,"Columbus, MS",2021-04-01,7,53,6,0,66,859,141
18060,"Columbus, MS",2021-05-01,23,65,16,1,105,964,164
18060,"Columbus, MS",2021-06-01,22,64,7,1,94,1058,186
18060,"Columbus, MS",2021-07-01,25,47,12,0,84,1142,211
18060,"Columbus, MS",2021-08-01,20,57,8,0,85,1227,231
18060,"Columbus, MS",2021-09-01,16,47,10,0,73,1300,247
18060,"Columbus, MS",2021-10-01,10,37,8,0,55,1355,257
18060,"Columbus, MS",2021-11-01,13,28,6,1,48,1403,270
18060,"Columbus, MS",2021-12-01,19,47,6,2,74,1477,289
18060,"Columbus, MS",2022-01-01,27,41,14,0,82,1559,316
18060,"Columbus, MS",2022-02-01,18,29,5,1,53,1612,334
18060,"Columbus, MS",2022-03-01,13,41,9,1,64,1676,347
18060,"Columbus, MS",2022-04-01,16,41,8,0,65,1741,363
18060,"Columbus, MS",2022-05-01,10,33,5,0,48,1789,373
18060,"Columbus, MS",2022-06-01,13,39,6,0,58,1847,386
18060,"Columbus, MS",2022-07-01,13,24,4,0,41,1888,399
18060,"Columbus, MS",2022-08-01,10,28,6,0,44,1932,409
18060,"Columbus, MS",2022-09-01,14,33,6,0,53,1985,423
18060,"Columbus, MS",2022-10-01,13,38,5,1,57,2042,436
18060,"Columbus, MS",2022-11-01,16,39,11,1,67,2109,452
18060,"Columbus, MS",2022-12-01,22,41,6,0,69,2178,474
18060,"Columbus, MS",2023-01-01,13,30,6,4,53,2231,487
18060,"Columbus, MS",2023-02-01,9,31,9,1,50,2281,496
18060,"Columbus, MS",2023-03-01,30,53,12,2,97,2378,526
18060,"Columbus, MS",2023-04-01,18,37,6,2,63,2441,544
18060,"Columbus, MS",2023-05-01,14,27,1,0,42,2483,558
18060,"Columbus, MS",2023-06-01,17,35,4,0,56,2539,575
18060,"Columbus, MS",2023-07-01,18,26,5,0,49,2588,593
18060,"Columbus, MS",2023-08-01,22,41,7,0,70,2658,615
18060,"Columbus, MS",2023-09-01,21,52,7,1,81,2739,636
18060,"Columbus, MS",2023-10-01,14,40,8,0,62,2801,650
18060,"Columbus, MS",2023-11-01,26,43,3,0,72,2873,676
18060,"Columbus, MS",2023-12-01,36,32,9,0,77,2950,712
18060,"Columbus, MS",2024-01-01,34,42,4,1,81,3031,746
18060,"Columbus, MS",2024-02-01,24,32,7,0,63,3094,770
18060,"Columbus, MS",2024-03-01,34,47,11,1,93,3187,804
18060,"Columbus, MS",2024-04-01,36,42,12,0,90,3277,840
18060,"Columbus, MS",2024-05-01,30,30,4,1,65,3342,870
18060,"Columbus, MS",2024-06-01,19,24,5,0,48,3390,889
18060,"Columbus, MS",2024-07-01,18,14,10,1,43,3433,907
18060,"Columbus, MS",2024-08-01,17,17,3,0,37,3470,924
18060,"Columbus, MS",2024-09-01,27,30,7,0,64,3534,951
18060,"Columbus, MS",2024-10-01,32,35,16,1,84,3618,983
18060,"Columbus, MS",2024-11-01,26,28,5,0,59,3677,1009
18060,"Columbus, MS",2024-12-01,21,27,11,0,59,3736,1030
18060,"Columbus, MS",2025-01-01,37,31,10,0,78,3814,1067
18060,"Columbus, MS",2025-02-01,45,38,7,3,93,3907,1112
18060,"Columbus, MS",2025-03-01,59,38,7,1,105,4012,1171
18060,"Columbus, MS",2025-04-01,39,44,10,0,93,4105,1210
18060,"Columbus, MS",2025-05-01,60,42,13,4,119,4224,1270
18060,"Columbus, MS",2025-06-01,49,39,19,2,109,4333,1319
18060,"Columbus, MS",2025-07-01,33,34,8,0,75,4408,1352
18060,"Columbus, MS",2025-08-01,34,41,8,2,85,4493,1386
18060,"Columbus, MS",2025-09-01,3,5,1,0,9,4502,1389
24180,"Granbury, TX",2019-01-01,0,2,4,0,6,6,0
24180,"Granbury, TX",2019-02-01,0,10,3,0,13,19,0
24180,"Granbury, TX",2019-03-01,2,6,1,1,10,29,2
24180,"Granbury, TX",2019-04-01,0,20,4,0,24,53,2
24180,"Granbury, TX",2019-05-01,0,34,5,4,43,96,2
24180,"Granbury, TX",2019-06-01,2,28,6,0,36,132,4
24180,"Granbury, TX",2019-07-01,1,32,9,2,44,176,5
24180,"Granbury, TX",2019-08-01,3,30,9,1,43,219,8
24180,"Granbury, TX",2019-09-01,5,35,13,0,53,272,13
24180,"Granbury, TX",2019-10-01,4,26,7,1,38,310,17
24180,"Granbury, TX",2019-11-01,0,21,2,0,23,333,17
24180,"Granbury, TX",2019-12-01,3,17,8,1,29,362,20
24180,"Granbury, TX",2020-01-01,1,26,13,1,41,403,21
24180,"Granbury, TX",2020-02-01,0,21,3,1,25,428,21
24180,"Granbury, TX",2020-03-01,4,39,9,2,54,482,25
24180,"Granbury, TX",2020-04-01,8,65,11,3,87,569,33
24180,"Granbury, TX",2020-05-01,20,56,15,1,92,661,53
24180,"Granbury, TX",2020-06-01,16,48,11,2,77,738,69
24180,"Granbury, TX",2020-07-01,17,72,19,3,111,849,86
24180,"Granbury, TX",2020-08-01,26,89,22,4,141,990,112
24180,"Granbury, TX",2020-09-01,16,70,18,3,107,1097,128
24180,"Granbury, TX",2020-10-01,20,42,12,0,74,1171,148
24180,"Granbury, TX",2020-11-01,11,51,9,4,75,1246,159
24180,"Granbury, TX",2020-12-01,18,52,7,1,78,1324,177
24180,"Granbury, TX",2021-01-01,28,65,22,2,117,1441,205
24180,"Granbury, TX",2021-02-01,15,32,9,1,57,1498,220
24180,"Granbury, TX",2021-03-01,31,65,21,2,119,1617,251
24180,"Granbury, TX",2021-04-01,39,82,15,2,138,1755,290
24180,"Granbury, TX",2021-05-01,31,57,16,2,106,1861,321
24180,"Granbury, TX",2021-06-01,18,72,17,4,111,1972,339
24180,"Granbury, TX",2021-07-01,19,53,18,1,91,2063,358
24180,"Granbury, TX",2021-08-01,19,48,16,6,89,2152,377
24180,"Granbury, TX",2021-09-01,17,42,26,2,87,2239,394
24180,"Granbury, TX",2021-10-01,20,50,17,2,89,2328,414
24180,"Granbury, TX",2021-11-01,12,36,16,0,64,2392,426
24180,"Granbury, TX",2021-12-01,32,74,21,1,128,2520,458
24180,"Granbury, TX",2022-01-01,19,79,22,2,122,2642,477
24180,"Granbury, TX",2022-02-01,19,47,23,0,89,2731,496
24180,"Granbury, TX",2022-03-01,13,52,14,2,81,2812,509
24180,"Granbury, TX",2022-04-01,20,63,13,1,97,2909,529
24180,"Granbury, TX",2022-05-01,19,31,12,0,62,2971,548
24180,"Granbury, TX",2022-06-01,19,43,19,3,84,3055,567
24180,"Granbury, TX",2022-07-01,12,39,15,1,67,3122,579
24180,"Granbury, TX",2022-08-01,10,42,15,0,67,3189,589
24180,"Granbury, TX",2022-09-01,19,48,13,3,83,3272,608
24180,"Granbury, TX",2022-10-01,24,40,17,1,82,3354,632
24180,"Granbury, TX",2022-11-01,31,43,18,4,96,3450,663
24180,"Granbury, TX",2022-12-01,33,59,19,1,112,3562,696
24180,"Granbury, TX",2023-01-01,22,37,22,0,81,3643,718
24180,"Granbury, TX",2023-02-01,31,38,15,1,85,3728,749
24180,"Granbury, TX",2023-03-01,34,68,25,3,130,3858,783
24180,"Granbury, TX",2023-04-01,24,50,21,0,95,3953,807
24180,"Granbury, TX",2023-05-01,31,32,11,2,76,4029,838
24180,"Granbury, TX",2023-06-01,20,26,10,0,56,4085,858
24180,"Granbury, TX",2023-07-01,21,28,11,0,60,4145,879
24180,"Granbury, TX",2023-08-01,12,32,6,0,50,4195,891
24180,"Granbury, TX",2023-09-01,17,24,10,0,51,4246,908
24180,"Granbury, TX",2023-10-01,22,38,16,5,81,4327,930
24180,"Granbury, TX",2023-11-01,32,65,19,4,120,4447,962
24180,"Granbury, TX",2023-12-01,30,46,18,1,95,4542,992
24180,"Granbury, TX",2024-01-01,28,50,21,3,102,4644,1020
24180,"Granbury, TX",2024-02-01,37,35,21,2,95,4739,1057
24180,"Granbury, TX",2024-03-01,37,45,12,4,98,4837,1094
24180,"Granbury, TX",2024-04-01,22,39,12,2,75,4912,1116
24180,"Granbury, TX",2024-05-01,23,43,11,0,77,4989,1139
24180,"Granbury, TX",2024-06-01,19,32,9,2,62,5051,1158
24180,"Granbury, TX",2024-07-01,17,26,4,0,47,5098,1175
24180,"Granbury, TX",2024-08-01,17,35,17,3,72,5170,1192
24180,"Granbury, TX",2024-09-01,16,32,19,1,68,5238,1208
24180,"Granbury, TX",2024-10-01,28,46,16,1,91,5329,1236
24180,"Granbury, TX",2024-11-01,29,66,17,1,113,5442,1265
24180,"Granbury, TX",2024-12-01,28,36,17,4,85,5527,1293
24180,"Granbury, TX",2025-01-01,28,39,23,1,91,5618,1321
24180,"Granbury, TX",2025-02-01,20,40,13,1,74,5692,1341
24180,"Granbury, TX",2025-03-01,23,36,19,4,82,5774,1364
24180,"Granbury, TX",2025-04-01,25,27,14,0,66,5840,1389
24180,"Granbury, TX",2025-05-01,24,20,11,2,57,5897,1413
24180,"Granbury, TX",2025-06-01,17,33,18,0,68,5965,1430
24180,"Granbury, TX",2025-07-01,25,28,13,0,66,6031,1455
24180,"Granbury, TX",2025-08-01,17,21,9,3,50,6081,1472
24180,"Granbury, TX",2025-09-01,0,0,1,0,1,6082,1472
39660,"Rapid City, SD",2019-01-01,0,8,1,0,9,9,0
39660,"Rapid City, SD",2019-02-01,0,6,0,0,6,15,0
39660,"Rapid City, SD",2019-03-01,1,26,10,1,38,53,1
39660,"Rapid City, SD",2019-04-01,0,27,6,0,33,86,1
39660,"Rapid City, SD",2019-05-01,1,20,5,0,26,112,2
39660,"Rapid City, SD",2019-06-01,4,21,2,1,28,140,6
39660,"Rapid City, SD",2019-07-01,0,18,7,0,25,165,6
39660,"Rapid City, SD",2019-08-01,1,19,4,0,24,189,7
39660,"Rapid City, SD",2019-09-01,2,27,6,1,36,225,9
39660,"Rapid City, SD",2019-10-01,3,9,3,1,16,241,12
39660,"Rapid City, SD",2019-11-01,2,24,5,1,32,273,14
39660,"Rapid City, SD",2019-12-01,3,28,4,1,36,309,17
39660,"Rapid City, SD",2020-01-01,3,24,3,0,30,339,20
39660,"Rapid City, SD",2020-02-01,6,32,6,0,44,383,26
39660,"Rapid City, SD",2020-03-01,1,44,11,1,57,440,27
39660,"Rapid City, SD",2020-04-01,17,58,14,2,91,531,44
39660,"Rapid City, SD",2020-05-01,23,68,11,1,103,634,67
39660,"Rapid City, SD",2020-06-01,17,59,4,0,80,714,84
39660,"Rapid City, SD",2020-07-01,23,70,10,0,103,817,107
39660,"Rapid City, SD",2020-08-01,32,75,9,3,119,936,139
39660,"Rapid City, SD",2020-09-01,20,72,14,0,106,1042,159
39660,"Rapid City, SD",2020-10-01,18,79,13,1,111,1153,177
39660,"Rapid City, SD",2020-11-01,18,54,6,0,78,1231,195
39660,"Rapid City, SD",2020-12-01,24,35,7,1,67,1298,219
39660,"Rapid City, SD",2021-01-01,23,64,11,0,98,1396,242
39660,"Rapid City, SD",2021-02-01,22,57,14,1,94,1490,264
39660,"Rapid City, SD",2021-03-01,29,75,18,2,124,1614,293
39660,"Rapid City, SD",2021-04-01,28,77,13,1,119,1733,321
39660,"Rapid City, SD",2021-05-01,25,81,8,1,115,1848,346
39660,"Rapid City, SD",2021-06-01,33,85,9,3,130,1978,379
39660,"Rapid City, SD",2021-07-01,23,68,13,3,107,2085,402
39660,"Rapid City, SD",2021-08-01,20,65,17,1,103,2188,422
39660,"Rapid City, SD",2021-09-01,28,83,16,3,130,2318,450
39660,"Rapid City, SD",2021-10-01,18,52,10,4,84,2402,468
39660,"Rapid City, SD",2021-11-01,20,41,10,2,73,2475,488
39660,"Rapid City, SD",2021-12-01,31,58,14,2,105,2580,519
39660,"Rapid City, SD",2022-01-01,38,78,18,0,134,2714,557
39660,"Rapid City, SD",2022-02-01,21,51,8,1,81,2795,578
39660,"Rapid City, SD",2022-03-01,45,83,28,2,158,2953,623
39660,"Rapid City, SD",2022-04-01,18,43,15,2,78,3031,641
39660,"Rapid City, SD",2022-05-01,38,62,9,0,109,3140,679
39660,"Rapid City, SD",2022-06-01,28,56,17,1,102,3242,707
39660,"Rapid City, SD",2022-07-01,28,62,17,0,107,3349,735
39660,"Rapid City, SD",2022-08-01,34,53,14,2,103,3452,769
39660,"Rapid City, SD",2022-09-01,38,72,16,2,128,3580,807
39660,"Rapid City, SD",2022-10-01,31,56,16,2,105,3685,838
39660,"Rapid City, SD",2022-11-01,41,67,21,1,130,3815,879
39660,"Rapid City, SD",2022-12-01,38,49,15,0,102,3917,917
39660,"Rapid City, SD",2023-01-01,40,81,21,1,143,4060,957
39660,"Rapid City, SD",2023-02-01,45,75,22,3,145,4205,1002
39660,"Rapid City, SD",2023-03-01,47,86,17,1,151,4356,1049
39660,"Rapid City, SD",2023-04-01,29,65,12,0,106,4462,1078
39660,"Rapid City, SD",2023-05-01,34,59,15,2,110,4572,1112
39660,"Rapid City, SD",2023-06-01,35,54,12,0,101,4673,1147
39660,"Rapid City, SD",2023-07-01,30,53,11,3,97,4770,1177
39660,"Rapid City, SD",2023-08-01,36,50,12,3,101,4871,1213
39660,"Rapid City, SD",2023-09-01,51,63,14,1,129,5000,1264
39660,"Rapid City, SD",2023-10-01,39,65,22,1,127,5127,1303
39660,"Rapid City, SD",2023-11-01,28,58,18,2,106,5233,1331
39660,"Rapid City, SD",2023-12-01,36,59,19,3,117,5350,1367
39660,"Rapid City, SD",2024-01-01,47,50,16,0,113,5463,1414
39660,"Rapid City, SD",2024-02-01,44,59,18,3,124,5587,1458
39660,"Rapid City, SD",2024-03-01,49,59,12,0,120,5707,1507
39660,"Rapid City, SD",2024-04-01,31,49,18,1,99,5806,1538
39660,"Rapid City, SD",2024-05-01,37,56,11,1,105,5911,1575
39660,"Rapid City, SD",2024-06-01,29,53,18,1,101,6012,1604
39660,"Rapid City, SD",2024-07-01,25,32,6,0,63,6075,1629
39660,"Rapid City, SD",2024-08-01,30,48,16,2,96,6171,1659
39660,"Rapid City, SD",2024-09-01,42,60,14,0,116,6287,1701
39660,"Rapid City, SD",2024-10-01,58,60,22,2,142,6429,1759
39660,"Rapid City, SD",2024-11-01,63,64,24,4,155,6584,1822
39660,"Rapid City, SD",2024-12-01,64,66,22,3,155,6739,1886
39660,"Rapid City, SD",2025-01-01,73,79,14,2,168,6907,1959
39660,"Rapid City, SD",2025-02-01,53,50,20,0,123,7030,2012
39660,"Rapid City, SD",2025-03-01,65,57,13,2,137,7167,2077
39660,"Rapid City, SD",2025-04-01,49,69,16,2,136,7303,2126
39660,"Rapid City, SD",2025-05-01,64,61,16,4,145,7448,2190
39660,"Rapid City, SD",2025-06-01,71,72,20,1,164,7612,2261
39660,"Rapid City, SD",2025-07-01,54,53,19,2,128,7740,2315
39660,"Rapid City, SD",2025-08-01,54,48,13,1,116,7856,2369
39660,"Rapid City, SD",2025-09-01,1,1,1,0,3,7859,2370
30300,"Lewiston, ID-WA",2019-01-01,0,2,0,0,2,2,0
30300,"Lewiston, ID-WA",2019-02-01,0,0,1,0,1,3,0
30300,"Lewiston, ID-WA",2019-03-01,0,1,0,0,1,4,0
30300,"Lewiston, ID-WA",2019-04-01,2,2,2,0,6,10,2
30300,"Lewiston, ID-WA",2019-05-01,0,6,3,0,9,19,2
30300,"Lewiston, ID-WA",2019-06-01,0,6,2,1,9,28,2
30300,"Lewiston, ID-WA",2019-07-01,0,8,2,0,10,38,2
30300,"Lewiston, ID-WA",2019-08-01,0,6,2,0,8,46,2
30300,"Lewiston, ID-WA",2019-09-01,0,13,1,0,14,60,2
30300,"Lewiston, ID-WA",2019-10-01,3,5,1,0,9,69,5
30300,"Lewiston, ID-WA",2019-11-01,2,7,2,0,11,80,7
30300,"Lewiston, ID-WA",2019-12-01,1,9,1,0,11,91,8
30300,"Lewiston, ID-WA",2020-01-01,0,7,0,0,7,98,8
30300,"Lewiston, ID-WA",2020-02-01,2,10,4,0,16,114,10
30300,"Lewiston, ID-WA",2020-03-01,2,9,3,1,15,129,12
30300,"Lewiston, ID-WA",2020-04-01,8,32,7,1,48,177,20
30300,"Lewiston, ID-WA",2020-05-01,5,13,4,0,22,199,25
30300,"Lewiston, ID-WA",2020-06-01,10,19,3,0,32,231,35
30300,"Lewiston, ID-WA",2020-07-01,4,15,2,0,21,252,39
30300,"Lewiston, ID-WA",2020-08-01,9,19,1,1,30,282,48
30300,"Lewiston, ID-WA",2020-09-01,7,23,7,1,38,320,55
30300,"Lewiston, ID-WA",2020-10-01,10,11,4,0,25,345,65
30300,"Lewiston, ID-WA",2020-11-01,6,21,1,0,28,373,71
30300,"Lewiston, ID-WA",2020-12-01,8,12,1,0,21,394,79
30300,"Lewiston, ID-WA",2021-01-01,9,21,3,0,33,427,88
30300,"Lewiston, ID-WA",2021-02-01,10,19,3,1,33,460,98
30300,"Lewiston, ID-WA",2021-03-01,13,21,6,0,40,500,111
30300,"Lewiston, ID-WA",2021-04-01,3,13,7,1,24,524,114
30300,"Lewiston, ID-WA",2021-05-01,14,30,2,2,48,572,128
30300,"Lewiston, ID-WA",2021-06-01,12,24,4,0,40,612,140
30300,"Lewiston, ID-WA",2021-07-01,15,32,6,1,54,666,155
30300,"Lewiston, ID-WA",2021-08-01,16,24,6,0,46,712,171
30300,"Lewiston, ID-WA",2021-09-01,12,29,4,0,45,757,183
30300,"Lewiston, ID-WA",2021-10-01,16,18,7,1,42,799,199
30300,"Lewiston, ID-WA",2021-11-01,12,21,4,2,39,838,211
30300,"Lewiston, ID-WA",2021-12-01,21,22,4,1,48,886,232
30300,"Lewiston, ID-WA",2022-01-01,26,37,11,1,75,961,258
30300,"Lewiston, ID-WA",2022-02-01,13,33,5,2,53,1014,271
30300,"Lewiston, ID-WA",2022-03-01,13,22,5,0,40,1054,284
30300,"Lewiston, ID-WA",2022-04-01,12,19,4,0,35,1089,296
30300,"Lewiston, ID-WA",2022-05-01,17,12,7,3,39,1128,313
30300,"Lewiston, ID-WA",2022-06-01,15,18,2,2,37,1165,328
30300,"Lewiston, ID-WA",2022-07-01,15,27,12,1,55,1220,343
30300,"Lewiston, ID-WA",2022-08-01,9,20,4,1,34,1254,352
30300,"Lewiston, ID-WA",2022-09-01,33,23,7,1,64,1318,385
30300,"Lewiston, ID-WA",2022-10-01,20,25,13,0,58,1376,405
30300,"Lewiston, ID-WA",2022-11-01,20,17,6,0,43,1419,425
30300,"Lewiston, ID-WA",2022-12-01,29,29,5,1,64,1483,454
30300,"Lewiston, ID-WA",2023-01-01,33,33,13,1,80,1563,487
30300,"Lewiston, ID-WA",2023-02-01,17,24,6,0,47,1610,504
30300,"Lewiston, ID-WA",2023-03-01,19,22,3,2,46,1656,523
30300,"Lewiston, ID-WA",2023-04-01,12,23,11,0,46,1702,535
30300,"Lewiston, ID-WA",2023-05-01,15,22,5,0,42,1744,550
30300,"Lewiston, ID-WA",2023-06-01,13,23,3,0,39,1783,563
30300,"Lewiston, ID-WA",2023-07-01,15,19,6,0,40,1823,578
30300,"Lewiston, ID-WA",2023-08-01,9,24,3,2,38,1861,587
30300,"Lewiston, ID-WA",2023-09-01,24,28,4,1,57,1918,611
30300,"Lewiston, ID-WA",2023-10-01,18,16,10,3,47,1965,629
30300,"Lewiston, ID-WA",2023-11-01,36,25,7,1,69,2034,665
30300,"Lewiston, ID-WA",2023-12-01,18,19,8,0,45,2079,683
30300,"Lewiston, ID-WA",2024-01-01,20,36,10,0,66,2145,703
30300,"Lewiston, ID-WA",2024-02-01,24,30,9,0,63,2208,727
30300,"Lewiston, ID-WA",2024-03-01,23,22,14,0,59,2267,750
30300,"Lewiston, ID-WA",2024-04-01,24,26,6,0,56,2323,774
30300,"Lewiston, ID-WA",2024-05-01,15,16,9,1,41,2364,789
30300,"Lewiston, ID-WA",2024-06-01,8,12,3,1,24,2388,797
30300,"Lewiston, ID-WA",2024-07-01,11,13,5,1,30,2418,808
30300,"Lewiston, ID-WA",2024-08-01,12,14,6,0,32,2450,820
30300,"Lewiston, ID-WA",2024-09-01,14,15,3,1,33,2483,834
30300,"Lewiston, ID-WA",2024-10-01,30,30,10,1,71,2554,864
30300,"Lewiston, ID-WA",2024-11-01,28,23,6,0,57,2611,892
30300,"Lewiston, ID-WA",2024-12-01,17,25,9,0,51,2662,909
30300,"Lewiston, ID-WA",2025-01-01,18,24,17,1,60,2722,927
30300,"Lewiston, ID-WA",2025-02-01,18,11,11,1,41,2763,945
30300,"Lewiston, ID-WA",2025-03-01,14,14,8,0,36,2799,959
30300,"Lewiston, ID-WA",2025-04-01,9,11,5,0,25,2824,968
30300,"Lewiston, ID-WA",2025-05-01,19,21,5,2,47,2871,987
30300,"Lewiston, ID-WA",2025-06-01,15,22,4,0,41,2912,1002
30300,"Lewiston, ID-WA",2025-07-01,15,18,3,0,36,2948,1017
30300,"Lewiston, ID-WA",2025-08-01,23,21,3,0,47,2995,1040
12140,"Auburn, IN",2019-01-01,0,2,1,0,3,3,0
12140,"Auburn, IN",2019-02-01,0,1,0,0,1,4,0
12140,"Auburn, IN",2019-04-01,0,5,0,0,5,9,0
12140,"Auburn, IN",2019-05-01,1,3,1,0,5,14,1
12140,"Auburn, IN",2019-06-01,0,3,0,0,3,17,1
12140,"Auburn, IN",2019-07-01,0,2,0,0,2,19,1
12140,"Auburn, IN",2019-08-01,0,1,0,0,1,20,1
12140,"Auburn, IN",2019-09-01,1,2,1,0,4,24,2
12140,"Auburn, IN",2019-10-01,0,0,1,0,1,25,2
12140,"Auburn, IN",2019-11-01,0,2,2,0,4,29,2
12140,"Auburn, IN",2019-12-01,0,1,1,0,2,31,2
12140,"Auburn, IN",2020-01-01,0,2,1,0,3,34,2
12140,"Auburn, IN",2020-02-01,1,5,0,0,6,40,3
12140,"Auburn, IN",2020-03-01,0,6,3,0,9,49,3
12140,"Auburn, IN",2020-04-01,4,14,4,1,23,72,7
12140,"Auburn, IN",2020-05-01,2,12,5,1,20,92,9
12140,"Auburn, IN",2020-06-01,2,9,4,0,15,107,11
12140,"Auburn, IN",2020-07-01,2,14,4,1,21,128,13
12140,"Auburn, IN",2020-08-01,6,13,3,0,22,150,19
12140,"Auburn, IN",2020-09-01,7,16,7,0,30,180,26
12140,"Auburn, IN",2020-10-01,13,25,1,0,39,219,39
12140,"Auburn, IN",2020-11-01,16,27,7,1,51,270,55
12140,"Auburn, IN",2020-12-01,4,19,7,0,30,300,59
12140,"Auburn, IN",2021-01-01,14,33,15,0,62,362,73
12140,"Auburn, IN",2021-02-01,15,39,10,0,64,426,88
12140,"Auburn, IN",2021-03-01,14,24,8,1,47,473,102
12140,"Auburn, IN",2021-04-01,9,30,9,1,49,522,111
12140,"Auburn, IN",2021-05-01,19,34,14,0,67,589,130
12140,"Auburn, IN",2021-06-01,18,49,8,2,77,666,148
12140,"Auburn, IN",2021-07-01,12,55,12,2,81,747,160
12140,"Auburn, IN",2021-08-01,10,47,16,3,76,823,170
12140,"Auburn, IN",2021-09-01,14,51,20,3,88,911,184
12140,"Auburn, IN",2021-10-01,18,43,17,2,80,991,202
12140,"Auburn, IN",2021-11-01,16,39,8,1,64,1055,218
12140,"Auburn, IN",2021-12-01,26,32,13,1,72,1127,244
12140,"Auburn, IN",2022-01-01,14,44,11,3,72,1199,258
12140,"Auburn, IN",2022-02-01,22,33,10,1,66,1265,280
12140,"Auburn, IN",2022-03-01,23,50,10,0,83,1348,303
12140,"Auburn, IN",2022-04-01,17,31,13,3,64,1412,320
12140,"Auburn, IN",2022-05-01,14,40,16,2,72,1484,334
12140,"Auburn, IN",2022-06-01,11,18,8,0,37,1521,345
12140,"Auburn, IN",2022-07-01,10,23,11,2,46,1567,355
12140,"Auburn, IN",2022-08-01,18,32,12,3,65,1632,373
12140,"Auburn, IN",2022-09-01,11,31,7,2,51,1683,384
12140,"Auburn, IN",2022-10-01,20,24,17,0,61,1744,404
12140,"Auburn, IN",2022-11-01,18,37,10,0,65,1809,422
12140,"Auburn, IN",2022-12-01,15,37,10,3,65,1874,437
12140,"Auburn, IN",2023-01-01,22,44,15,1,82,1956,459
12140,"Auburn, IN",2023-02-01,23,32,14,1,70,2026,482
12140,"Auburn, IN",2023-03-01,23,39,17,0,79,2105,505
12140,"Auburn, IN",2023-04-01,18,36,6,1,61,2166,523
12140,"Auburn, IN",2023-05-01,22,20,2,1,45,2211,545
12140,"Auburn, IN",2023-06-01,19,22,13,0,54,2265,564
12140,"Auburn, IN",2023-07-01,11,27,10,1,49,2314,575
12140,"Auburn, IN",2023-08-01,18,23,9,2,52,2366,593
12140,"Auburn, IN",2023-09-01,18,31,6,1,56,2422,611
12140,"Auburn, IN",2023-10-01,25,44,15,0,84,2506,636
12140,"Auburn, IN",2023-11-01,32,32,14,3,81,2587,668
12140,"Auburn, IN",2023-12-01,17,33,15,0,65,2652,685
12140,"Auburn, IN",2024-01-01,25,35,13,3,76,2728,710
12140,"Auburn, IN",2024-02-01,19,24,16,2,61,2789,729
12140,"Auburn, IN",2024-03-01,27,35,13,1,76,2865,756
12140,"Auburn, IN",2024-04-01,17,24,15,0,56,2921,773
12140,"Auburn, IN",2024-05-01,20,18,8,4,50,2971,793
12140,"Auburn, IN",2024-06-01,13,19,10,2,44,3015,806
12140,"Auburn, IN",2024-07-01,10,19,8,1,38,3053,816
12140,"Auburn, IN",2024-08-01,9,18,4,1,32,3085,825
12140,"Auburn, IN",2024-09-01,28,25,11,1,65,3150,853
12140,"Auburn, IN",2024-10-01,25,42,20,2,89,3239,878
12140,"Auburn, IN",2024-11-01,30,31,10,4,75,3314,908
12140,"Auburn, IN",2024-12-01,32,35,15,0,82,3396,940
12140,"Auburn, IN",2025-01-01,22,36,7,0,65,3461,962
12140,"Auburn, IN",2025-02-01,38,43,13,1,95,3556,1000
12140,"Auburn, IN",2025-03-01,46,37,7,1,91,3647,1046
12140,"Auburn, IN",2025-04-01,32,35,7,1,75,3722,1078
12140,"Auburn, IN",2025-05-01,31,26,11,2,70,3792,1109
12140,"Auburn, IN",2025-06-01,28,23,10,0,61,3853,1137
12140,"Auburn, IN",2025-07-01,20,29,7,0,56,3909,1157
12140,"Auburn, IN",2025-08-01,19,18,2,1,40,3949,1176
12140,"Auburn, IN",2025-09-01,0,2,0,0,2,3951,1176
32020,"Marion, OH",2019-01-01,0,7,1,0,8,8,0
32020,"Marion, OH",2019-02-01,2,3,2,0,7,15,2
32020,"Marion, OH",2019-03-01,0,7,3,2,12,27,2
32020,"Marion, OH",2019-04-01,0,25,5,2,32,59,2
32020,"Marion, OH",2019-05-01,2,29,8,2,41,100,4
32020,"Marion, OH",2019-06-01,0,16,2,1,19,119,4
32020,"Marion, OH",2019-07-01,1,8,4,0,13,132,5
32020,"Marion, OH",2019-08-01,0,6,3,1,10,142,5
32020,"Marion, OH",2019-09-01,1,14,6,0,21,163,6
32020,"Marion, OH",2019-10-01,4,18,6,0,28,191,10
32020,"Marion, OH",2019-11-01,2,11,7,0,20,211,12
32020,"Marion, OH",2019-12-01,1,7,5,0,13,224,13
32020,"Marion, OH",2020-01-01,9,27,5,0,41,265,22
32020,"Marion, OH",2020-02-01,3,16,2,2,23,288,25
32020,"Marion, OH",2020-03-01,2,14,6,0,22,310,27
32020,"Marion, OH",2020-04-01,16,37,11,1,65,375,43
32020,"Marion, OH",2020-05-01,12,39,11,0,62,437,55
32020,"Marion, OH",2020-06-01,5,26,9,0,40,477,60
32020,"Marion, OH",2020-07-01,18,45,8,0,71,548,78
32020,"Marion, OH",2020-08-01,12,42,13,1,68,616,90
32020,"Marion, OH",2020-09-01,15,33,11,0,59,675,105
32020,"Marion, OH",2020-10-01,6,38,6,1,51,726,111
32020,"Marion, OH",2020-11-01,11,27,10,1,49,775,122
32020,"Marion, OH",2020-12-01,19,37,8,2,66,841,141
32020,"Marion, OH",2021-01-01,20,42,13,2,77,918,161
32020,"Marion, OH",2021-02-01,17,49,12,0,78,996,178
32020,"Marion, OH",2021-03-01,21,56,13,1,91,1087,199
32020,"Marion, OH",2021-04-01,31,55,13,2,101,1188,230
32020,"Marion, OH",2021-05-01,12,38,14,0,64,1252,242
32020,"Marion, OH",2021-06-01,14,34,12,0,60,1312,256
32020,"Marion, OH",2021-07-01,11,41,20,1,73,1385,267
32020,"Marion, OH",2021-08-01,10,45,11,4,70,1455,277
32020,"Marion, OH",2021-09-01,14,49,12,4,79,1534,291
32020,"Marion, OH",2021-10-01,12,47,25,2,86,1620,303
32020,"Marion, OH",2021-11-01,15,55,22,2,94,1714,318
32020,"Marion, OH",2021-12-01,19,55,22,0,96,1810,337
32020,"Marion, OH",2022-01-01,28,44,19,1,92,1902,365
32020,"Marion, OH",2022-02-01,20,32,13,1,66,1968,385
32020,"Marion, OH",2022-03-01,28,45,17,5,95,2063,413
32020,"Marion, OH",2022-04-01,16,49,15,3,83,2146,429
32020,"Marion, OH",2022-05-01,9,35,13,0,57,2203,438
32020,"Marion, OH",2022-06-01,10,28,12,0,50,2253,448
32020,"Marion, OH",2022-07-01,22,35,14,0,71,2324,470
32020,"Marion, OH",2022-08-01,7,24,12,2,45,2369,477
32020,"Marion, OH",2022-09-01,5,27,10,0,42,2411,482
32020,"Marion, OH",2022-10-01,16,41,8,0,65,2476,498
32020,"Marion, OH",2022-11-01,18,29,18,0,65,2541,516
32020,"Marion, OH",2022-12-01,22,34,11,1,68,2609,538
32020,"Marion, OH",2023-01-01,18,43,15,1,77,2686,556
32020,"Marion, OH",2023-02-01,17,39,11,1,68,2754,573
32020,"Marion, OH",2023-03-01,21,30,13,2,66,2820,594
32020,"Marion, OH",2023-04-01,25,30,17,1,73,2893,619
32020,"Marion, OH",2023-05-01,13,14,12,2,41,2934,632
32020,"Marion, OH",2023-06-01,5,18,4,1,28,2962,637
32020,"Marion, OH",2023-07-01,7,25,4,1,37,2999,644
32020,"Marion, OH",2023-08-01,5,19,3,1,28,3027,649
32020,"Marion, OH",2023-09-01,10,29,14,0,53,3080,659
32020,"Marion, OH",2023-10-01,28,30,14,0,72,3152,687
32020,"Marion, OH",2023-11-01,27,21,22,2,72,3224,714
32020,"Marion, OH",2023-12-01,23,28,13,2,66,3290,737
32020,"Marion, OH",2024-01-01,24,28,10,2,64,3354,761
32020,"Marion, OH",2024-02-01,18,29,15,1,63,3417,779
32020,"Marion, OH",2024-03-01,23,39,12,1,75,3492,802
32020,"Marion, OH",2024-04-01,8,25,12,0,45,3537,810
32020,"Marion, OH",2024-05-01,12,15,8,0,35,3572,822
32020,"Marion, OH",2024-06-01,13,17,10,0,40,3612,835
32020,"Marion, OH",2024-07-01,11,20,5,1,37,3649,846
32020,"Marion, OH",2024-08-01,6,19,2,0,27,3676,852
32020,"Marion, OH",2024-09-01,18,21,6,0,45,3721,870
32020,"Marion, OH",2024-10-01,28,34,16,1,79,3800,898
32020,"Marion, OH",2024-11-01,35,24,10,3,72,3872,933
32020,"Marion, OH",2024-12-01,25,29,15,2,71,3943,958
32020,"Marion, OH",2025-01-01,34,26,16,0,76,4019,992
32020,"Marion, OH",2025-02-01,27,38,11,3,79,4098,1019
32020,"Marion, OH",2025-03-01,20,36,8,0,64,4162,1039
32020,"Marion, OH",2025-04-01,30,26,11,1,68,4230,1069
32020,"Marion, OH",2025-05-01,22,20,8,1,51,4281,1091
32020,"Marion, OH",2025-06-01,30,19,5,2,56,4337,1121
32020,"Marion, OH",2025-07-01,15,21,10,1,47,4384,1136
32020,"Marion, OH",2025-08-01,14,15,11,0,40,4424,1150
32020,"Marion, OH",2025-09-01,0,1,1,0,2,4426,1150
11460,"Ann Arbor, MI",2019-01-01,2,131,35,2,170,170,2
11460,"Ann Arbor, MI",2019-02-01,7,127,40,4,178,348,9
11460,"Ann Arbor, MI",2019-03-01,8,226,44,3,281,629,17
11460,"Ann Arbor, MI",2019-04-01,9,217,47,6,279,908,26
11460,"Ann Arbor, MI",2019-05-01,13,196,24,3,236,1144,39
11460,"Ann Arbor, MI",2019-06-01,9,125,24,3,161,1305,48
11460,"Ann Arbor, MI",2019-07-01,15,198,45,3,261,1566,63
11460,"Ann Arbor, MI",2019-08-01,19,224,36,6,285,1851,82
11460,"Ann Arbor, MI",2019-09-01,22,195,39,2,258,2109,104
11460,"Ann Arbor, MI",2019-10-01,16,160,32,5,213,2322,120
11460,"Ann Arbor, MI",2019-11-01,26,164,24,3,217,2539,146
11460,"Ann Arbor, MI",2019-12-01,22,175,32,4,233,2772,168
11460,"Ann Arbor, MI",2020-01-01,47,209,44,4,304,3076,215
11460,"Ann Arbor, MI",2020-02-01,25,167,26,1,219,3295,240
11460,"Ann Arbor, MI",2020-03-01,29,187,37,6,259,3554,269
11460,"Ann Arbor, MI",2020-04-01,81,290,56,6,433,3987,350
11460,"Ann Arbor, MI",2020-05-01,226,517,73,13,829,4816,576
11460,"Ann Arbor, MI",2020-06-01,176,372,56,2,606,5422,752
11460,"Ann Arbor, MI",2020-07-01,200,419,82,9,710,6132,952
11460,"Ann Arbor, MI",2020-08-01,159,479,79,8,725,6857,1111
11460,"Ann Arbor, MI",2020-09-01,137,432,70,4,643,7500,1248
11460,"Ann Arbor, MI",2020-10-01,120,397,80,10,607,8107,1368
11460,"Ann Arbor, MI",2020-11-01,162,399,86,10,657,8764,1530
11460,"Ann Arbor, MI",2020-12-01,185,362,89,13,649,9413,1715
11460,"Ann Arbor, MI",2021-01-01,195,448,71,8,722,10135,1910
11460,"Ann Arbor, MI",2021-02-01,157,348,67,7,579,10714,2067
11460,"Ann Arbor, MI",2021-03-01,168,335,61,12,576,11290,2235
11460,"Ann Arbor, MI",2021-04-01,164,388,64,7,623,11913,2399
11460,"Ann Arbor, MI",2021-05-01,221,537,89,9,856,12769,2620
11460,"Ann Arbor, MI",2021-06-01,194,491,83,6,774,13543,2814
11460,"Ann Arbor, MI",2021-07-01,151,439,76,3,669,14212,2965
11460,"Ann Arbor, MI",2021-08-01,130,413,79,8,630,14842,3095
11460,"Ann Arbor, MI",2021-09-01,128,506,120,11,765,15607,3223
11460,"Ann Arbor, MI",2021-10-01,121,395,108,14,638,16245,3344
11460,"Ann Arbor, MI",2021-11-01,170,429,99,8,706,16951,3514
11460,"Ann Arbor, MI",2021-12-01,217,407,105,11,740,17691,3731
11460,"Ann Arbor, MI",2022-01-01,202,508,124,14,848,18539,3933
11460,"Ann Arbor, MI",2022-02-01,156,365,100,7,628,19167,4089
11460,"Ann Arbor, MI",2022-03-01,146,390,86,5,627,19794,4235
11460,"Ann Arbor, MI",2022-04-01,148,361,77,18,604,20398,4383
11460,"Ann Arbor, MI",2022-05-01,169,358,64,8,599,20997,4552
11460,"Ann Arbor, MI",2022-06-01,124,238,49,6,417,21414,4676
11460,"Ann Arbor, MI",2022-07-01,108,184,64,4,360,21774,4784
11460,"Ann Arbor, MI",2022-08-01,118,266,65,7,456,22230,4902
11460,"Ann Arbor, MI",2022-09-01,131,277,86,9,503,22733,5033
11460,"Ann Arbor, MI",2022-10-01,99,171,59,4,333,23066,5132
11460,"Ann Arbor, MI",2022-11-01,147,324,67,7,545,23611,5279
11460,"Ann Arbor, MI",2022-12-01,188,262,82,6,538,24149,5467
11460,"Ann Arbor, MI",2023-01-01,188,297,88,9,582,24731,5655
11460,"Ann Arbor, MI",2023-02-01,150,221,71,5,447,25178,5805
11460,"Ann Arbor, MI",2023-03-01,200,287,74,6,567,25745,6005
11460,"Ann Arbor, MI",2023-04-01,156,212,58,6,432,26177,6161
11460,"Ann Arbor, MI",2023-05-01,123,119,31,3,276,26453,6284
11460,"Ann Arbor, MI",2023-06-01,103,162,50,1,316,26769,6387
11460,"Ann Arbor, MI",2023-07-01,113,183,50,2,348,27117,6500
11460,"Ann Arbor, MI",2023-08-01,137,243,59,12,451,27568,6637
11460,"Ann Arbor, MI",2023-09-01,158,242,86,10,496,28064,6795
11460,"Ann Arbor, MI",2023-10-01,158,281,84,6,529,28593,6953
11460,"Ann Arbor, MI",2023-11-01,202,262,85,7,556,29149,7155
11460,"Ann Arbor, MI",2023-12-01,196,250,81,11,538,29687,7351
11460,"Ann Arbor, MI",2024-01-01,189,266,78,7,540,30227,7540
11460,"Ann Arbor, MI",2024-02-01,211,218,73,15,517,30744,7751
11460,"Ann Arbor, MI",2024-03-01,217,264,77,6,564,31308,7968
11460,"Ann Arbor, MI",2024-04-01,193,263,71,10,537,31845,8161
11460,"Ann Arbor, MI",2024-05-01,241,268,67,4,580,32425,8402
11460,"Ann Arbor, MI",2024-06-01,213,280,56,8,557,32982,8615
11460,"Ann Arbor, MI",2024-07-01,216,311,73,10,610,33592,8831
11460,"Ann Arbor, MI",2024-08-01,172,291,76,7,546,34138,9003
11460,"Ann Arbor, MI",2024-09-01,187,270,81,7,545,34683,9190
11460,"Ann Arbor, MI",2024-10-01,184,287,63,6,540,35223,9374
11460,"Ann Arbor, MI",2024-11-01,208,250,79,16,553,35776,9582
11460,"Ann Arbor, MI",2024-12-01,247,237,77,5,566,36342,9829
11460,"Ann Arbor, MI",2025-01-01,190,260,69,12,531,36873,10019
11460,"Ann Arbor, MI",2025-02-01,184,201,56,10,451,37324,10203
11460,"Ann Arbor, MI",2025-03-01,223,198,56,10,487,37811,10426
11460,"Ann Arbor, MI",2025-04-01,208,196,63,8,475,38286,10634
11460,"Ann Arbor, MI",2025-05-01,221,171,46,4,442,38728,10855
11460,"Ann Arbor, MI",2025-06-01,220,147,48,5,420,39148,11075
11460,"Ann Arbor, MI",2025-07-01,174,144,57,5,380,39528,11249
11460,"Ann Arbor, MI",2025-08-01,119,127,48,2,296,39824,11368
11460,"Ann Arbor, MI",2025-09-01,2,1,0,0,3,39827,11370
24460,"Great Bend, KS",2019-03-01,0,1,0,0,1,1,0
24460,"Great Bend, KS",2019-04-01,0,1,0,0,1,2,0
24460,"Great Bend, KS",2019-06-01,0,0,1,0,1,3,0
24460,"Great Bend, KS",2019-07-01,0,1,0,0,1,4,0
24460,"Great Bend, KS",2019-09-01,0,1,0,0,1,5,0
24460,"Great Bend, KS",2019-10-01,0,0,1,0,1,6,0
24460,"Great Bend, KS",2020-03-01,0,2,0,1,3,9,0
24460,"Great Bend, KS",2020-04-01,1,0,0,1,2,11,1
24460,"Great Bend, KS",2020-05-01,1,2,1,0,4,15,2
24460,"Great Bend, KS",2020-06-01,0,2,3,0,5,20,2
24460,"Great Bend, KS",2020-07-01,0,5,1,0,6,26,2
24460,"Great Bend, KS",2020-08-01,0,1,1,0,2,28,2
24460,"Great Bend, KS",2020-09-01,2,1,0,0,3,31,4
24460,"Great Bend, KS",2020-10-01,0,1,0,0,1,32,4
24460,"Great Bend, KS",2020-11-01,0,3,1,0,4,36,4
24460,"Great Bend, KS",2020-12-01,1,2,0,0,3,39,5
24460,"Great Bend, KS",2021-01-01,3,3,1,0,7,46,8
24460,"Great Bend, KS",2021-02-01,2,2,0,0,4,50,10
24460,"Great Bend, KS",2021-03-01,4,8,1,0,13,63,14
24460,"Great Bend, KS",2021-04-01,6,19,4,0,29,92,20
24460,"Great Bend, KS",2021-05-01,5,14,1,0,20,112,25
24460,"Great Bend, KS",2021-06-01,2,10,6,0,18,130,27
24460,"Great Bend, KS",2021-07-01,1,4,1,0,6,136,28
24460,"Great Bend, KS",2021-08-01,3,12,4,0,19,155,31
24460,"Great Bend, KS",2021-09-01,4,5,4,0,13,168,35
24460,"Great Bend, KS",2021-10-01,3,8,2,0,13,181,38
24460,"Great Bend, KS",2021-11-01,3,4,2,1,10,191,41
24460,"Great Bend, KS",2021-12-01,5,7,5,0,17,208,46
24460,"Great Bend, KS",2022-01-01,5,12,1,1,19,227,51
24460,"Great Bend, KS",2022-02-01,6,9,4,1,20,247,57
24460,"Great Bend, KS",2022-03-01,7,9,6,1,23,270,64
24460,"Great Bend, KS",2022-04-01,4,13,1,0,18,288,68
24460,"Great Bend, KS",2022-05-01,6,10,1,0,17,305,74
24460,"Great Bend, KS",2022-06-01,3,5,1,0,9,314,77
24460,"Great Bend, KS",2022-07-01,3,7,3,0,13,327,80
24460,"Great Bend, KS",2022-08-01,2,11,1,0,14,341,82
24460,"Great Bend, KS",2022-09-01,8,6,1,0,15,356,90
24460,"Great Bend, KS",2022-10-01,3,5,2,0,10,366,93
24460,"Great Bend, KS",2022-11-01,5,9,4,0,18,384,98
24460,"Great Bend, KS",2022-12-01,9,5,0,0,14,398,107
24460,"Great Bend, KS",2023-01-01,2,16,6,0,24,422,109
24460,"Great Bend, KS",2023-02-01,5,6,1,0,12,434,114
24460,"Great Bend, KS",2023-03-01,4,4,5,0,13,447,118
24460,"Great Bend, KS",2023-04-01,8,11,1,0,20,467,126
24460,"Great Bend, KS",2023-05-01,6,14,3,0,23,490,132
24460,"Great Bend, KS",2023-06-01,5,8,2,0,15,505,137
24460,"Great Bend, KS",2023-07-01,2,6,8,0,16,521,139
24460,"Great Bend, KS",2023-08-01,6,6,3,0,15,536,145
24460,"Great Bend, KS",2023-09-01,10,7,0,2,19,555,155
24460,"Great Bend, KS",2023-10-01,6,9,1,0,16,571,161
24460,"Great Bend, KS",2023-11-01,10,10,7,0,27,598,171
24460,"Great Bend, KS",2023-12-01,16,6,2,0,24,622,187
24460,"Great Bend, KS",2024-01-01,10,11,2,0,23,645,197
24460,"Great Bend, KS",2024-02-01,5,7,2,0,14,659,202
24460,"Great Bend, KS",2024-03-01,8,2,2,0,12,671,210
24460,"Great Bend, KS",2024-04-01,5,5,1,0,11,682,215
24460,"Great Bend, KS",2024-05-01,4,3,0,2,9,691,219
24460,"Great Bend, KS",2024-06-01,2,2,3,0,7,698,221
24460,"Great Bend, KS",2024-07-01,1,4,2,0,7,705,222
24460,"Great Bend, KS",2024-08-01,2,1,0,0,3,708,224
24460,"Great Bend, KS",2024-09-01,7,10,3,0,20,728,231
24460,"Great Bend, KS",2024-10-01,11,11,2,1,25,753,242
24460,"Great Bend, KS",2024-11-01,7,10,1,1,19,772,249
24460,"Great Bend, KS",2024-12-01,8,7,5,0,20,792,257
24460,"Great Bend, KS",2025-01-01,13,13,3,0,29,821,270
24460,"Great Bend, KS",2025-02-01,10,7,2,0,19,840,280
24460,"Great Bend, KS",2025-03-01,10,4,1,1,16,856,290
24460,"Great Bend, KS",2025-04-01,13,11,3,0,27,883,303
24460,"Great Bend, KS",2025-05-01,7,9,6,0,22,905,310
24460,"Great Bend, KS",2025-06-01,14,15,3,0,32,937,324
24460,"Great Bend, KS",2025-07-01,6,4,3,0,13,950,330
24460,"Great Bend, KS",2025-08-01,6,4,2,1,13,963,336
24460,"Great Bend, KS",2025-09-01,0,1,0,0,1,964,336
24940,"Greenwood, SC",2019-01-01,0,5,3,0,8,8,0
24940,"Greenwood, SC",2019-02-01,0,2,1,0,3,11,0
24940,"Greenwood, SC",2019-03-01,0,6,2,0,8,19,0
24940,"Greenwood, SC",2019-04-01,0,23,2,0,25,44,0
24940,"Greenwood, SC",2019-05-01,0,28,7,0,35,79,0
24940,"Greenwood, SC",2019-06-01,0,22,8,0,30,109,0
24940,"Greenwood, SC",2019-07-01,2,28,7,1,38,147,2
24940,"Greenwood, SC",2019-08-01,3,26,9,1,39,186,5
24940,"Greenwood, SC",2019-09-01,0,24,6,0,30,216,5
24940,"Greenwood, SC",2019-10-01,3,10,2,2,17,233,8
24940,"Greenwood, SC",2019-11-01,3,17,4,0,24,257,11
24940,"Greenwood, SC",2019-12-01,3,17,5,1,26,283,14
24940,"Greenwood, SC",2020-01-01,3,11,4,0,18,301,17
24940,"Greenwood, SC",2020-02-01,1,23,2,1,27,328,18
24940,"Greenwood, SC",2020-03-01,6,21,9,1,37,365,24
24940,"Greenwood, SC",2020-04-01,16,33,13,0,62,427,40
24940,"Greenwood, SC",2020-05-01,15,56,8,0,79,506,55
24940,"Greenwood, SC",2020-06-01,15,30,2,1,48,554,70
24940,"Greenwood, SC",2020-07-01,4,31,7,0,42,596,74
24940,"Greenwood, SC",2020-08-01,34,61,9,0,104,700,108
24940,"Greenwood, SC",2020-09-01,11,34,12,2,59,759,119
24940,"Greenwood, SC",2020-10-01,14,28,5,0,47,806,133
24940,"Greenwood, SC",2020-11-01,11,21,6,1,39,845,144
24940,"Greenwood, SC",2020-12-01,23,37,6,2,68,913,167
24940,"Greenwood, SC",2021-01-01,32,44,7,1,84,997,199
24940,"Greenwood, SC",2021-02-01,27,58,13,0,98,1095,226
24940,"Greenwood, SC",2021-03-01,36,69,7,6,118,1213,262
24940,"Greenwood, SC",2021-04-01,35,59,9,1,104,1317,297
24940,"Greenwood, SC",2021-05-01,33,52,8,1,94,1411,330
24940,"Greenwood, SC",2021-06-01,35,62,16,0,113,1524,365
24940,"Greenwood, SC",2021-07-01,18,40,10,0,68,1592,383
24940,"Greenwood, SC",2021-08-01,22,49,10,1,82,1674,405
24940,"Greenwood, SC",2021-09-01,22,46,15,1,84,1758,427
24940,"Greenwood, SC",2021-10-01,20,37,8,0,65,1823,447
24940,"Greenwood, SC",2021-11-01,17,37,7,1,62,1885,464
24940,"Greenwood, SC",2021-12-01,23,43,5,1,72,1957,487
24940,"Greenwood, SC",2022-01-01,40,52,16,3,111,2068,527
24940,"Greenwood, SC",2022-02-01,26,43,13,4,86,2154,553
24940,"Greenwood, SC",2022-03-01,36,63,12,0,111,2265,589
24940,"Greenwood, SC",2022-04-01,27,40,14,1,82,2347,616
24940,"Greenwood, SC",2022-05-01,24,34,9,2,69,2416,640
24940,"Greenwood, SC",2022-06-01,22,39,13,1,75,2491,662
24940,"Greenwood, SC",2022-07-01,20,48,13,1,82,2573,682
24940,"Greenwood, SC",2022-08-01,23,51,16,1,91,2664,705
24940,"Greenwood, SC",2022-09-01,28,42,8,0,78,2742,733
24940,"Greenwood, SC",2022-10-01,28,30,16,3,77,2819,761
24940,"Greenwood, SC",2022-11-01,39,51,16,1,107,2926,800
24940,"Greenwood, SC",2022-12-01,37,35,13,1,86,3012,837
24940,"Greenwood, SC",2023-01-01,36,47,16,1,100,3112,873
24940,"Greenwood, SC",2023-02-01,35,34,14,1,84,3196,908
24940,"Greenwood, SC",2023-03-01,57,66,21,2,146,3342,965
24940,"Greenwood, SC",2023-04-01,29,35,20,1,85,3427,994
24940,"Greenwood, SC",2023-05-01,24,31,9,1,65,3492,1018
24940,"Greenwood, SC",2023-06-01,19,35,8,1,63,3555,1037
24940,"Greenwood, SC",2023-07-01,21,34,6,0,61,3616,1058
24940,"Greenwood, SC",2023-08-01,20,27,8,2,57,3673,1078
24940,"Greenwood, SC",2023-09-01,27,43,13,7,90,3763,1105
24940,"Greenwood, SC",2023-10-01,26,34,10,2,72,3835,1131
24940,"Greenwood, SC",2023-11-01,36,51,15,3,105,3940,1167
24940,"Greenwood, SC",2023-12-01,51,35,12,3,101,4041,1218
24940,"Greenwood, SC",2024-01-01,51,35,11,0,97,4138,1269
24940,"Greenwood, SC",2024-02-01,57,45,14,1,117,4255,1326
24940,"Greenwood, SC",2024-03-01,50,48,16,3,117,4372,1376
24940,"Greenwood, SC",2024-04-01,39,29,12,0,80,4452,1415
24940,"Greenwood, SC",2024-05-01,34,38,7,0,79,4531,1449
24940,"Greenwood, SC",2024-06-01,37,51,14,2,104,4635,1486
24940,"Greenwood, SC",2024-07-01,21,19,6,1,47,4682,1507
24940,"Greenwood, SC",2024-08-01,39,49,9,3,100,4782,1546
24940,"Greenwood, SC",2024-09-01,29,33,13,2,77,4859,1575
24940,"Greenwood, SC",2024-10-01,57,47,11,0,115,4974,1632
24940,"Greenwood, SC",2024-11-01,53,25,12,1,91,5065,1685
24940,"Greenwood, SC",2024-12-01,62,38,13,0,113,5178,1747
24940,"Greenwood, SC",2025-01-01,46,37,15,3,101,5279,1793
24940,"Greenwood, SC",2025-02-01,42,45,6,1,94,5373,1835
24940,"Greenwood, SC",2025-03-01,57,40,11,1,109,5482,1892
24940,"Greenwood, SC",2025-04-01,73,44,10,0,127,5609,1965
24940,"Greenwood, SC",2025-05-01,74,54,16,1,145,5754,2039
24940,"Greenwood, SC",2025-06-01,53,27,15,4,99,5853,2092
24940,"Greenwood, SC",2025-07-01,52,35,14,4,105,5958,2144
24940,"Greenwood, SC",2025-08-01,57,55,15,0,127,6085,2201
24940,"Greenwood, SC",2025-09-01,1,3,0,0,4,6089,2202
18180,"Concord, NH",2019-01-01,0,28,6,2,36,36,0
18180,"Concord, NH",2019-02-01,0,37,12,0,49,85,0
18180,"Concord, NH",2019-03-01,2,41,15,1,59,144,2
18180,"Concord, NH",2019-04-01,4,39,7,0,50,194,6
18180,"Concord, NH",2019-05-01,1,37,14,0,52,246,7
18180,"Concord, NH",2019-06-01,2,23,4,1,30,276,9
18180,"Concord, NH",2019-07-01,3,35,7,0,45,321,12
18180,"Concord, NH",2019-08-01,6,41,5,0,52,373,18
18180,"Concord, NH",2019-09-01,2,25,5,3,35,408,20
18180,"Concord, NH",2019-10-01,1,22,2,1,26,434,21
18180,"Concord, NH",2019-11-01,2,23,5,1,31,465,23
18180,"Concord, NH",2019-12-01,4,25,10,0,39,504,27
18180,"Concord, NH",2020-01-01,5,32,14,0,51,555,32
18180,"Concord, NH",2020-02-01,3,19,7,0,29,584,35
18180,"Concord, NH",2020-03-01,3,23,6,1,33,617,38
18180,"Concord, NH",2020-04-01,15,36,18,3,72,689,53
18180,"Concord, NH",2020-05-01,38,112,18,1,169,858,91
18180,"Concord, NH",2020-06-01,39,66,9,3,117,975,130
18180,"Concord, NH",2020-07-01,33,103,21,1,158,1133,163
18180,"Concord, NH",2020-08-01,22,76,16,4,118,1251,185
18180,"Concord, NH",2020-09-01,27,84,17,0,128,1379,212
18180,"Concord, NH",2020-10-01,26,70,18,2,116,1495,238
18180,"Concord, NH",2020-11-01,25,82,15,0,122,1617,263
18180,"Concord, NH",2020-12-01,33,73,3,1,110,1727,296
18180,"Concord, NH",2021-01-01,42,94,19,1,156,1883,338
18180,"Concord, NH",2021-02-01,39,93,25,1,158,2041,377
18180,"Concord, NH",2021-03-01,33,94,27,3,157,2198,410
18180,"Concord, NH",2021-04-01,35,118,14,4,171,2369,445
18180,"Concord, NH",2021-05-01,44,87,14,0,145,2514,489
18180,"Concord, NH",2021-06-01,29,116,30,5,180,2694,518
18180,"Concord, NH",2021-07-01,23,89,32,3,147,2841,541
18180,"Concord, NH",2021-08-01,28,97,19,3,147,2988,569
18180,"Concord, NH",2021-09-01,26,91,25,3,145,3133,595
18180,"Concord, NH",2021-10-01,13,49,12,0,74,3207,608
18180,"Concord, NH",2021-11-01,13,63,14,2,92,3299,621
18180,"Concord, NH",2021-12-01,62,151,38,2,253,3552,683
18180,"Concord, NH",2022-01-01,56,131,34,4,225,3777,739
18180,"Concord, NH",2022-02-01,44,113,29,0,186,3963,783
18180,"Concord, NH",2022-03-01,38,72,20,3,133,4096,821
18180,"Concord, NH",2022-04-01,17,41,9,0,67,4163,838
18180,"Concord, NH",2022-05-01,66,97,24,2,189,4352,904
18180,"Concord, NH",2022-06-01,20,50,7,1,78,4430,924
18180,"Concord, NH",2022-07-01,32,57,17,1,107,4537,956
18180,"Concord, NH",2022-08-01,12,34,11,1,58,4595,968
18180,"Concord, NH",2022-09-01,34,74,19,1,128,4723,1002
18180,"Concord, NH",2022-10-01,36,70,25,1,132,4855,1038
18180,"Concord, NH",2022-11-01,59,68,21,1,149,5004,1097
18180,"Concord, NH",2022-12-01,59,70,24,2,155,5159,1156
18180,"Concord, NH",2023-01-01,51,85,30,2,168,5327,1207
18180,"Concord, NH",2023-02-01,37,78,23,0,138,5465,1244
18180,"Concord, NH",2023-03-01,41,104,38,0,183,5648,1285
18180,"Concord, NH",2023-04-01,38,62,11,2,113,5761,1323
18180,"Concord, NH",2023-05-01,47,86,18,2,153,5914,1370
18180,"Concord, NH",2023-06-01,67,76,18,3,164,6078,1437
18180,"Concord, NH",2023-07-01,46,58,14,0,118,6196,1483
18180,"Concord, NH",2023-08-01,21,64,15,2,102,6298,1504
18180,"Concord, NH",2023-09-01,42,76,22,1,141,6439,1546
18180,"Concord, NH",2023-10-01,43,77,15,4,139,6578,1589
18180,"Concord, NH",2023-11-01,53,84,29,3,169,6747,1642
18180,"Concord, NH",2023-12-01,52,68,23,1,144,6891,1694
18180,"Concord, NH",2024-01-01,66,88,18,2,174,7065,1760
18180,"Concord, NH",2024-02-01,57,78,25,2,162,7227,1817
18180,"Concord, NH",2024-03-01,56,76,29,2,163,7390,1873
18180,"Concord, NH",2024-04-01,43,66,10,0,119,7509,1916
18180,"Concord, NH",2024-05-01,56,74,12,2,144,7653,1972
18180,"Concord, NH",2024-06-01,44,59,18,2,123,7776,2016
18180,"Concord, NH",2024-07-01,50,79,37,7,173,7949,2066
18180,"Concord, NH",2024-08-01,52,72,24,1,149,8098,2118
18180,"Concord, NH",2024-09-01,53,79,23,3,158,8256,2171
18180,"Concord, NH",2024-10-01,66,93,25,2,186,8442,2237
18180,"Concord, NH",2024-11-01,55,75,19,6,155,8597,2292
18180,"Concord, NH",2024-12-01,90,73,31,4,198,8795,2382
18180,"Concord, NH",2025-01-01,62,88,25,4,179,8974,2444
18180,"Concord, NH",2025-02-01,52,78,17,2,149,9123,2496
18180,"Concord, NH",2025-03-01,66,74,26,3,169,9292,2562
18180,"Concord, NH",2025-04-01,50,58,13,3,124,9416,2612
18180,"Concord, NH",2025-05-01,71,53,12,1,137,9553,2683
18180,"Concord, NH",2025-06-01,67,58,17,1,143,9696,2750
18180,"Concord, NH",2025-07-01,48,57,14,2,121,9817,2798
18180,"Concord, NH",2025-08-01,41,40,14,0,95,9912,2839
18180,"Concord, NH",2025-09-01,1,0,0,0,1,9913,2840
35820,"North Platte, NE",2019-01-01,0,1,0,0,1,1,0
35820,"North Platte, NE",2019-02-01,0,0,1,0,1,2,0
35820,"North Platte, NE",2019-03-01,0,0,2,0,2,4,0
35820,"North Platte, NE",2019-04-01,0,2,0,0,2,6,0
35820,"North Platte, NE",2019-07-01,0,3,0,0,3,9,0
35820,"North Platte, NE",2019-08-01,0,0,1,0,1,10,0
35820,"North Platte, NE",2019-09-01,0,2,0,0,2,12,0
35820,"North Platte, NE",2019-10-01,0,1,0,0,1,13,0
35820,"North Platte, NE",2019-11-01,0,2,1,0,3,16,0
35820,"North Platte, NE",2020-01-01,1,3,2,0,6,22,1
35820,"North Platte, NE",2020-02-01,0,3,0,0,3,25,1
35820,"North Platte, NE",2020-03-01,0,1,2,0,3,28,1
35820,"North Platte, NE",2020-04-01,0,2,2,0,4,32,1
35820,"North Platte, NE",2020-05-01,1,5,1,0,7,39,2
35820,"North Platte, NE",2020-06-01,0,2,0,0,2,41,2
35820,"North Platte, NE",2020-07-01,0,2,2,0,4,45,2
35820,"North Platte, NE",2020-08-01,0,4,2,0,6,51,2
35820,"North Platte, NE",2020-09-01,3,4,4,0,11,62,5
35820,"North Platte, NE",2020-10-01,1,5,2,0,8,70,6
35820,"North Platte, NE",2020-11-01,3,17,6,1,27,97,9
35820,"North Platte, NE",2020-12-01,9,8,7,0,24,121,18
35820,"North Platte, NE",2021-01-01,2,17,2,1,22,143,20
35820,"North Platte, NE",2021-02-01,4,25,5,1,35,178,24
35820,"North Platte, NE",2021-03-01,8,20,7,0,35,213,32
35820,"North Platte, NE",2021-04-01,4,7,6,1,18,231,36
35820,"North Platte, NE",2021-05-01,10,24,8,0,42,273,46
35820,"North Platte, NE",2021-06-01,5,16,4,0,25,298,51
35820,"North Platte, NE",2021-07-01,7,20,6,0,33,331,58
35820,"North Platte, NE",2021-08-01,5,20,6,0,31,362,63
35820,"North Platte, NE",2021-09-01,5,15,4,0,24,386,68
35820,"North Platte, NE",2021-10-01,4,17,4,0,25,411,72
35820,"North Platte, NE",2021-11-01,0,11,7,0,18,429,72
35820,"North Platte, NE",2021-12-01,7,16,5,0,28,457,79
35820,"North Platte, NE",2022-01-01,5,17,5,0,27,484,84
35820,"North Platte, NE",2022-02-01,2,26,2,3,33,517,86
35820,"North Platte, NE",2022-03-01,8,16,8,1,33,550,94
35820,"North Platte, NE",2022-04-01,6,14,5,0,25,575,100
35820,"North Platte, NE",2022-05-01,7,14,5,0,26,601,107
35820,"North Platte, NE",2022-06-01,6,6,6,0,18,619,113
35820,"North Platte, NE",2022-07-01,6,14,3,1,24,643,119
35820,"North Platte, NE",2022-08-01,4,7,7,0,18,661,123
35820,"North Platte, NE",2022-09-01,4,14,6,1,25,686,127
35820,"North Platte, NE",2022-10-01,1,17,7,0,25,711,128
35820,"North Platte, NE",2022-11-01,5,18,6,1,30,741,133
35820,"North Platte, NE",2022-12-01,4,15,7,0,26,767,137
35820,"North Platte, NE",2023-01-01,9,16,3,1,29,796,146
35820,"North Platte, NE",2023-02-01,7,16,6,1,30,826,153
35820,"North Platte, NE",2023-03-01,12,21,4,0,37,863,165
35820,"North Platte, NE",2023-04-01,4,9,5,1,19,882,169
35820,"North Platte, NE",2023-05-01,7,10,5,0,22,904,176
35820,"North Platte, NE",2023-06-01,8,12,3,0,23,927,184
35820,"North Platte, NE",2023-07-01,4,8,5,1,18,945,188
35820,"North Platte, NE",2023-08-01,6,5,3,0,14,959,194
35820,"North Platte, NE",2023-09-01,5,9,4,1,19,978,199
35820,"North Platte, NE",2023-10-01,7,12,3,0,22,1000,206
35820,"North Platte, NE",2023-11-01,11,15,3,1,30,1030,217
35820,"North Platte, NE",2023-12-01,12,15,9,3,39,1069,229
35820,"North Platte, NE",2024-01-01,14,15,7,0,36,1105,243
35820,"North Platte, NE",2024-02-01,3,9,4,0,16,1121,246
35820,"North Platte, NE",2024-03-01,10,17,5,1,33,1154,256
35820,"North Platte, NE",2024-04-01,9,9,6,1,25,1179,265
35820,"North Platte, NE",2024-05-01,6,11,3,0,20,1199,271
35820,"North Platte, NE",2024-06-01,2,5,3,0,10,1209,273
35820,"North Platte, NE",2024-07-01,6,8,2,0,16,1225,279
35820,"North Platte, NE",2024-08-01,15,18,5,1,39,1264,294
35820,"North Platte, NE",2024-09-01,10,15,5,0,30,1294,304
35820,"North Platte, NE",2024-10-01,8,13,2,0,23,1317,312
35820,"North Platte, NE",2024-11-01,15,8,0,1,24,1341,327
35820,"North Platte, NE",2024-12-01,12,17,3,0,32,1373,339
35820,"North Platte, NE",2025-01-01,11,16,7,0,34,1407,350
35820,"North Platte, NE",2025-02-01,11,14,4,1,30,1437,361
35820,"North Platte, NE",2025-03-01,11,15,4,0,30,1467,372
35820,"North Platte, NE",2025-04-01,10,15,1,1,27,1494,382
35820,"North Platte, NE",2025-05-01,7,18,4,0,29,1523,389
35820,"North Platte, NE",2025-06-01,11,7,2,0,20,1543,400
35820,"North Platte, NE",2025-07-01,14,14,3,0,31,1574,414
35820,"North Platte, NE",2025-08-01,10,8,4,0,22,1596,424
35820,"North Platte, NE",2025-09-01,1,0,0,0,1,1597,425
24600,"Greencastle, IN",2019-01-01,0,0,0,1,1,1,0
24600,"Greencastle, IN",2019-02-01,0,1,1,0,2,3,0
24600,"Greencastle, IN",2019-03-01,0,1,0,0,1,4,0
24600,"Greencastle, IN",2019-04-01,0,3,1,0,4,8,0
24600,"Greencastle, IN",2019-05-01,0,1,1,0,2,10,0
24600,"Greencastle, IN",2019-07-01,0,1,0,0,1,11,0
24600,"Greencastle, IN",2019-08-01,0,2,0,0,2,13,0
24600,"Greencastle, IN",2019-09-01,0,1,1,0,2,15,0
24600,"Greencastle, IN",2019-11-01,0,1,0,0,1,16,0
24600,"Greencastle, IN",2019-12-01,0,3,0,0,3,19,0
24600,"Greencastle, IN",2020-01-01,3,2,0,0,5,24,3
24600,"Greencastle, IN",2020-02-01,0,3,0,0,3,27,3
24600,"Greencastle, IN",2020-03-01,0,0,1,0,1,28,3
24600,"Greencastle, IN",2020-04-01,0,6,2,0,8,36,3
24600,"Greencastle, IN",2020-05-01,4,7,2,0,13,49,7
24600,"Greencastle, IN",2020-06-01,0,3,0,0,3,52,7
24600,"Greencastle, IN",2020-07-01,0,4,0,0,4,56,7
24600,"Greencastle, IN",2020-08-01,1,8,0,0,9,65,8
24600,"Greencastle, IN",2020-09-01,2,4,1,0,7,72,10
24600,"Greencastle, IN",2020-10-01,3,6,1,0,10,82,13
24600,"Greencastle, IN",2020-11-01,0,2,1,0,3,85,13
24600,"Greencastle, IN",2020-12-01,1,4,3,0,8,93,14
24600,"Greencastle, IN",2021-01-01,2,5,3,0,10,103,16
24600,"Greencastle, IN",2021-02-01,6,6,2,0,14,117,22
24600,"Greencastle, IN",2021-03-01,2,4,3,0,9,126,24
24600,"Greencastle, IN",2021-04-01,3,11,7,0,21,147,27
24600,"Greencastle, IN",2021-05-01,8,15,8,1,32,179,35
24600,"Greencastle, IN",2021-06-01,2,13,1,0,16,195,37
24600,"Greencastle, IN",2021-07-01,5,20,6,0,31,226,42
24600,"Greencastle, IN",2021-08-01,6,25,5,1,37,263,48
24600,"Greencastle, IN",2021-09-01,8,19,14,1,42,305,56
24600,"Greencastle, IN",2021-10-01,4,19,5,0,28,333,60
24600,"Greencastle, IN",2021-11-01,3,18,6,1,28,361,63
24600,"Greencastle, IN",2021-12-01,11,16,6,1,34,395,74
24600,"Greencastle, IN",2022-01-01,18,43,4,1,66,461,92
24600,"Greencastle, IN",2022-02-01,13,25,6,1,45,506,105
24600,"Greencastle, IN",2022-03-01,19,20,6,2,47,553,124
24600,"Greencastle, IN",2022-04-01,6,17,6,1,30,583,130
24600,"Greencastle, IN",2022-05-01,13,20,3,1,37,620,143
24600,"Greencastle, IN",2022-06-01,6,17,5,1,29,649,149
24600,"Greencastle, IN",2022-07-01,3,10,3,3,19,668,152
24600,"Greencastle, IN",2022-08-01,4,14,6,1,25,693,156
24600,"Greencastle, IN",2022-09-01,9,12,5,1,27,720,165
24600,"Greencastle, IN",2022-10-01,11,14,1,0,26,746,176
24600,"Greencastle, IN",2022-11-01,4,14,0,1,19,765,180
24600,"Greencastle, IN",2022-12-01,4,11,5,0,20,785,184
24600,"Greencastle, IN",2023-01-01,6,23,9,0,38,823,190
24600,"Greencastle, IN",2023-02-01,8,8,8,0,24,847,198
24600,"Greencastle, IN",2023-03-01,13,18,8,0,39,886,211
24600,"Greencastle, IN",2023-04-01,5,8,6,3,22,908,216
24600,"Greencastle, IN",2023-05-01,8,16,4,1,29,937,224
24600,"Greencastle, IN",2023-06-01,2,14,5,1,22,959,226
24600,"Greencastle, IN",2023-07-01,3,12,4,0,19,978,229
24600,"Greencastle, IN",2023-08-01,15,7,2,0,24,1002,244
24600,"Greencastle, IN",2023-09-01,11,15,6,2,34,1036,255
24600,"Greencastle, IN",2023-10-01,14,11,8,1,34,1070,269
24600,"Greencastle, IN",2023-11-01,6,13,3,0,22,1092,275
24600,"Greencastle, IN",2023-12-01,13,19,6,0,38,1130,288
24600,"Greencastle, IN",2024-01-01,18,16,7,0,41,1171,306
24600,"Greencastle, IN",2024-02-01,9,8,3,1,21,1192,315
24600,"Greencastle, IN",2024-03-01,14,13,4,1,32,1224,329
24600,"Greencastle, IN",2024-04-01,10,10,5,1,26,1250,339
24600,"Greencastle, IN",2024-05-01,12,12,7,1,32,1282,351
24600,"Greencastle, IN",2024-06-01,7,8,3,0,18,1300,358
24600,"Greencastle, IN",2024-07-01,7,9,2,0,18,1318,365
24600,"Greencastle, IN",2024-08-01,6,3,0,1,10,1328,371
24600,"Greencastle, IN",2024-09-01,4,11,5,0,20,1348,375
24600,"Greencastle, IN",2024-10-01,15,8,2,0,25,1373,390
24600,"Greencastle, IN",2024-11-01,22,11,6,0,39,1412,412
24600,"Greencastle, IN",2024-12-01,7,9,4,0,20,1432,419
24600,"Greencastle, IN",2025-01-01,11,15,5,1,32,1464,430
24600,"Greencastle, IN",2025-02-01,18,8,6,0,32,1496,448
24600,"Greencastle, IN",2025-03-01,12,12,4,0,28,1524,460
24600,"Greencastle, IN",2025-04-01,14,11,7,0,32,1556,474
24600,"Greencastle, IN",2025-05-01,7,5,1,0,13,1569,481
24600,"Greencastle, IN",2025-06-01,13,8,1,0,22,1591,494
24600,"Greencastle, IN",2025-07-01,12,6,1,2,21,1612,506
24600,"Greencastle, IN",2025-08-01,8,10,2,0,20,1632,514
24600,"Greencastle, IN",2025-09-01,1,0,0,0,1,1633,515
40760,"Ruidoso, NM",2019-02-01,0,1,0,0,1,1,0
40760,"Ruidoso, NM",2019-05-01,0,0,1,0,1,2,0
40760,"Ruidoso, NM",2019-08-01,0,2,0,0,2,4,0
40760,"Ruidoso, NM",2019-09-01,0,0,1,0,1,5,0
40760,"Ruidoso, NM",2019-10-01,0,0,1,0,1,6,0
40760,"Ruidoso, NM",2019-11-01,0,1,0,0,1,7,0
40760,"Ruidoso, NM",2019-12-01,0,1,0,0,1,8,0
40760,"Ruidoso, NM",2020-01-01,0,1,0,0,1,9,0
40760,"Ruidoso, NM",2020-02-01,0,3,0,0,3,12,0
40760,"Ruidoso, NM",2020-03-01,0,2,0,0,2,14,0
40760,"Ruidoso, NM",2020-04-01,0,1,1,0,2,16,0
40760,"Ruidoso, NM",2020-05-01,1,1,0,0,2,18,1
40760,"Ruidoso, NM",2020-06-01,0,2,1,0,3,21,1
40760,"Ruidoso, NM",2020-07-01,1,4,1,0,6,27,2
40760,"Ruidoso, NM",2020-08-01,0,1,0,0,1,28,2
40760,"Ruidoso, NM",2020-09-01,1,7,1,0,9,37,3
40760,"Ruidoso, NM",2020-10-01,2,4,2,2,10,47,5
40760,"Ruidoso, NM",2020-11-01,0,1,0,0,1,48,5
40760,"Ruidoso, NM",2020-12-01,0,1,2,0,3,51,5
40760,"Ruidoso, NM",2021-01-01,2,5,1,0,8,59,7
40760,"Ruidoso, NM",2021-02-01,1,2,2,0,5,64,8
40760,"Ruidoso, NM",2021-03-01,3,2,1,0,6,70,11
40760,"Ruidoso, NM",2021-04-01,0,4,1,0,5,75,11
40760,"Ruidoso, NM",2021-05-01,0,0,5,0,5,80,11
40760,"Ruidoso, NM",2021-06-01,0,2,2,0,4,84,11
40760,"Ruidoso, NM",2021-07-01,1,2,0,1,4,88,12
40760,"Ruidoso, NM",2021-08-01,1,3,1,0,5,93,13
40760,"Ruidoso, NM",2021-09-01,1,5,1,0,7,100,14
40760,"Ruidoso, NM",2021-10-01,0,7,1,0,8,108,14
40760,"Ruidoso, NM",2021-11-01,2,10,0,1,13,121,16
40760,"Ruidoso, NM",2021-12-01,1,13,2,0,16,137,17
40760,"Ruidoso, NM",2022-01-01,5,18,2,0,25,162,22
40760,"Ruidoso, NM",2022-02-01,0,9,4,1,14,176,22
40760,"Ruidoso, NM",2022-03-01,1,9,1,1,12,188,23
40760,"Ruidoso, NM",2022-04-01,2,5,1,1,9,197,25
40760,"Ruidoso, NM",2022-05-01,3,12,0,0,15,212,28
40760,"Ruidoso, NM",2022-06-01,2,14,1,0,17,229,30
40760,"Ruidoso, NM",2022-07-01,2,15,9,0,26,255,32
40760,"Ruidoso, NM",2022-08-01,5,10,5,2,22,277,37
40760,"Ruidoso, NM",2022-09-01,1,11,8,0,20,297,38
40760,"Ruidoso, NM",2022-10-01,4,9,2,0,15,312,42
40760,"Ruidoso, NM",2022-11-01,4,14,2,0,20,332,46
40760,"Ruidoso, NM",2022-12-01,6,3,3,0,12,344,52
40760,"Ruidoso, NM",2023-01-01,5,5,2,0,12,356,57
40760,"Ruidoso, NM",2023-02-01,4,12,5,0,21,377,61
40760,"Ruidoso, NM",2023-03-01,3,11,3,0,17,394,64
40760,"Ruidoso, NM",2023-04-01,4,7,4,1,16,410,68
40760,"Ruidoso, NM",2023-05-01,4,10,4,2,20,430,72
40760,"Ruidoso, NM",2023-06-01,7,9,4,1,21,451,79
40760,"Ruidoso, NM",2023-07-01,3,4,6,0,13,464,82
40760,"Ruidoso, NM",2023-08-01,2,13,2,0,17,481,84
40760,"Ruidoso, NM",2023-09-01,2,7,2,0,11,492,86
40760,"Ruidoso, NM",2023-10-01,3,10,2,0,15,507,89
40760,"Ruidoso, NM",2023-11-01,7,6,4,2,19,526,96
40760,"Ruidoso, NM",2023-12-01,6,9,3,0,18,544,102
40760,"Ruidoso, NM",2024-01-01,5,14,3,1,23,567,107
40760,"Ruidoso, NM",2024-02-01,9,11,4,0,24,591,116
40760,"Ruidoso, NM",2024-03-01,9,12,3,0,24,615,125
40760,"Ruidoso, NM",2024-04-01,2,13,2,0,17,632,127
40760,"Ruidoso, NM",2024-05-01,5,16,4,1,26,658,132
40760,"Ruidoso, NM",2024-06-01,4,8,1,0,13,671,136
40760,"Ruidoso, NM",2024-07-01,4,8,4,0,16,687,140
40760,"Ruidoso, NM",2024-08-01,3,7,1,0,11,698,143
40760,"Ruidoso, NM",2024-09-01,2,6,2,1,11,709,145
40760,"Ruidoso, NM",2024-10-01,2,13,2,0,17,726,147
40760,"Ruidoso, NM",2024-11-01,10,11,1,0,22,748,157
40760,"Ruidoso, NM",2024-12-01,8,13,4,0,25,773,165
40760,"Ruidoso, NM",2025-01-01,6,12,8,0,26,799,171
40760,"Ruidoso, NM",2025-02-01,6,7,2,1,16,815,177
40760,"Ruidoso, NM",2025-03-01,4,12,5,0,21,836,181
40760,"Ruidoso, NM",2025-04-01,12,9,2,0,23,859,193
40760,"Ruidoso, NM",2025-05-01,6,6,1,0,13,872,199
40760,"Ruidoso, NM",2025-06-01,9,11,1,0,21,893,208
40760,"Ruidoso, NM",2025-07-01,7,9,5,2,23,916,215
40760,"Ruidoso, NM",2025-08-01,3,16,2,1,22,938,218
48660,"Wichita Falls, TX",2019-01-01,0,13,0,0,13,13,0
48660,"Wichita Falls, TX",2019-02-01,1,6,3,0,10,23,1
48660,"Wichita Falls, TX",2019-03-01,0,17,7,0,24,47,1
48660,"Wichita Falls, TX",2019-04-01,1,21,6,1,29,76,2
48660,"Wichita Falls, TX",2019-05-01,1,27,5,0,33,109,3
48660,"Wichita Falls, TX",2019-06-01,1,13,4,0,18,127,4
48660,"Wichita Falls, TX",2019-07-01,4,22,8,0,34,161,8
48660,"Wichita Falls, TX",2019-08-01,2,22,2,0,26,187,10
48660,"Wichita Falls, TX",2019-09-01,2,28,3,1,34,221,12
48660,"Wichita Falls, TX",2019-10-01,4,21,5,1,31,252,16
48660,"Wichita Falls, TX",2019-11-01,2,22,2,0,26,278,18
48660,"Wichita Falls, TX",2019-12-01,2,15,5,2,24,302,20
48660,"Wichita Falls, TX",2020-01-01,2,26,4,0,32,334,22
48660,"Wichita Falls, TX",2020-02-01,3,22,1,0,26,360,25
48660,"Wichita Falls, TX",2020-03-01,5,25,11,0,41,401,30
48660,"Wichita Falls, TX",2020-04-01,15,92,21,4,132,533,45
48660,"Wichita Falls, TX",2020-05-01,14,65,13,1,93,626,59
48660,"Wichita Falls, TX",2020-06-01,18,49,9,1,77,703,77
48660,"Wichita Falls, TX",2020-07-01,26,74,13,2,115,818,103
48660,"Wichita Falls, TX",2020-08-01,18,60,9,1,88,906,121
48660,"Wichita Falls, TX",2020-09-01,27,65,18,1,111,1017,148
48660,"Wichita Falls, TX",2020-10-01,12,40,10,2,64,1081,160
48660,"Wichita Falls, TX",2020-11-01,12,32,9,1,54,1135,172
48660,"Wichita Falls, TX",2020-12-01,11,54,12,1,78,1213,183
48660,"Wichita Falls, TX",2021-01-01,47,70,20,1,138,1351,230
48660,"Wichita Falls, TX",2021-02-01,18,52,12,1,83,1434,248
48660,"Wichita Falls, TX",2021-03-01,53,103,30,2,188,1622,301
48660,"Wichita Falls, TX",2021-04-01,51,99,17,1,168,1790,352
48660,"Wichita Falls, TX",2021-05-01,27,71,12,1,111,1901,379
48660,"Wichita Falls, TX",2021-06-01,23,63,9,0,95,1996,402
48660,"Wichita Falls, TX",2021-07-01,19,60,16,0,95,2091,421
48660,"Wichita Falls, TX",2021-08-01,18,56,16,2,92,2183,439
48660,"Wichita Falls, TX",2021-09-01,24,82,26,4,136,2319,463
48660,"Wichita Falls, TX",2021-10-01,24,49,20,0,93,2412,487
48660,"Wichita Falls, TX",2021-11-01,17,51,17,3,88,2500,504
48660,"Wichita Falls, TX",2021-12-01,37,56,14,5,112,2612,541
48660,"Wichita Falls, TX",2022-01-01,56,77,23,3,159,2771,597
48660,"Wichita Falls, TX",2022-02-01,26,46,20,3,95,2866,623
48660,"Wichita Falls, TX",2022-03-01,43,64,16,3,126,2992,666
48660,"Wichita Falls, TX",2022-04-01,34,56,21,1,112,3104,700
48660,"Wichita Falls, TX",2022-05-01,41,65,21,1,128,3232,741
48660,"Wichita Falls, TX",2022-06-01,20,53,22,2,97,3329,761
48660,"Wichita Falls, TX",2022-07-01,26,58,14,0,98,3427,787
48660,"Wichita Falls, TX",2022-08-01,28,46,11,0,85,3512,815
48660,"Wichita Falls, TX",2022-09-01,40,75,18,0,133,3645,855
48660,"Wichita Falls, TX",2022-10-01,30,52,16,0,98,3743,885
48660,"Wichita Falls, TX",2022-11-01,34,75,19,2,130,3873,919
48660,"Wichita Falls, TX",2022-12-01,44,56,16,5,121,3994,963
48660,"Wichita Falls, TX",2023-01-01,24,60,18,1,103,4097,987
48660,"Wichita Falls, TX",2023-02-01,55,59,18,1,133,4230,1042
48660,"Wichita Falls, TX",2023-03-01,67,92,21,4,184,4414,1109
48660,"Wichita Falls, TX",2023-04-01,31,53,19,2,105,4519,1140
48660,"Wichita Falls, TX",2023-05-01,23,44,10,1,78,4597,1163
48660,"Wichita Falls, TX",2023-06-01,26,34,15,0,75,4672,1189
48660,"Wichita Falls, TX",2023-07-01,21,44,17,0,82,4754,1210
48660,"Wichita Falls, TX",2023-08-01,13,29,6,2,50,4804,1223
48660,"Wichita Falls, TX",2023-09-01,25,38,15,0,78,4882,1248
48660,"Wichita Falls, TX",2023-10-01,34,61,18,0,113,4995,1282
48660,"Wichita Falls, TX",2023-11-01,39,63,19,2,123,5118,1321
48660,"Wichita Falls, TX",2023-12-01,39,61,20,1,121,5239,1360
48660,"Wichita Falls, TX",2024-01-01,37,45,12,1,95,5334,1397
48660,"Wichita Falls, TX",2024-02-01,67,69,28,1,165,5499,1464
48660,"Wichita Falls, TX",2024-03-01,66,64,17,1,148,5647,1530
48660,"Wichita Falls, TX",2024-04-01,66,78,19,1,164,5811,1596
48660,"Wichita Falls, TX",2024-05-01,53,67,12,5,137,5948,1649
48660,"Wichita Falls, TX",2024-06-01,15,33,5,0,53,6001,1664
48660,"Wichita Falls, TX",2024-07-01,21,33,7,0,61,6062,1685
48660,"Wichita Falls, TX",2024-08-01,12,15,8,1,36,6098,1697
48660,"Wichita Falls, TX",2024-09-01,12,25,12,1,50,6148,1709
48660,"Wichita Falls, TX",2024-10-01,23,55,17,0,95,6243,1732
48660,"Wichita Falls, TX",2024-11-01,56,68,19,0,143,6386,1788
48660,"Wichita Falls, TX",2024-12-01,51,58,7,2,118,6504,1839
48660,"Wichita Falls, TX",2025-01-01,39,63,15,4,121,6625,1878
48660,"Wichita Falls, TX",2025-02-01,34,52,12,5,103,6728,1912
48660,"Wichita Falls, TX",2025-03-01,59,67,14,3,143,6871,1971
48660,"Wichita Falls, TX",2025-04-01,59,66,25,1,151,7022,2030
48660,"Wichita Falls, TX",2025-05-01,49,76,18,1,144,7166,2079
48660,"Wichita Falls, TX",2025-06-01,26,39,12,0,77,7243,2105
48660,"Wichita Falls, TX",2025-07-01,10,21,4,2,37,7280,2115
48660,"Wichita Falls, TX",2025-08-01,42,58,16,4,120,7400,2157
48660,"Wichita Falls, TX",2025-09-01,2,3,1,0,6,7406,2159
29660,"Laramie, WY",2019-01-01,0,3,0,0,3,3,0
29660,"Laramie, WY",2019-02-01,0,4,1,0,5,8,0
29660,"Laramie, WY",2019-03-01,1,2,1,0,4,12,1
29660,"Laramie, WY",2019-04-01,2,3,1,0,6,18,3
29660,"Laramie, WY",2019-05-01,2,14,1,0,17,35,5
29660,"Laramie, WY",2019-06-01,3,45,5,1,54,89,8
29660,"Laramie, WY",2019-07-01,2,26,1,0,29,118,10
29660,"Laramie, WY",2019-08-01,1,33,5,0,39,157,11
29660,"Laramie, WY",2019-09-01,6,43,2,0,51,208,17
29660,"Laramie, WY",2019-10-01,5,16,2,0,23,231,22
29660,"Laramie, WY",2019-11-01,3,20,3,1,27,258,25
29660,"Laramie, WY",2019-12-01,3,23,2,0,28,286,28
29660,"Laramie, WY",2020-01-01,2,27,3,0,32,318,30
29660,"Laramie, WY",2020-02-01,8,30,0,0,38,356,38
29660,"Laramie, WY",2020-03-01,6,40,5,1,52,408,44
29660,"Laramie, WY",2020-04-01,17,49,7,0,73,481,61
29660,"Laramie, WY",2020-05-01,20,60,3,0,83,564,81
29660,"Laramie, WY",2020-06-01,17,31,2,0,50,614,98
29660,"Laramie, WY",2020-07-01,13,31,2,1,47,661,111
29660,"Laramie, WY",2020-08-01,16,56,4,3,79,740,127
29660,"Laramie, WY",2020-09-01,19,47,1,0,67,807,146
29660,"Laramie, WY",2020-10-01,25,36,1,0,62,869,171
29660,"Laramie, WY",2020-11-01,31,31,2,0,64,933,202
29660,"Laramie, WY",2020-12-01,16,30,2,1,49,982,218
29660,"Laramie, WY",2021-01-01,25,39,5,1,70,1052,243
29660,"Laramie, WY",2021-02-01,30,38,3,0,71,1123,273
29660,"Laramie, WY",2021-03-01,40,42,2,0,84,1207,313
29660,"Laramie, WY",2021-04-01,43,41,5,1,90,1297,356
29660,"Laramie, WY",2021-05-01,27,38,5,1,71,1368,383
29660,"Laramie, WY",2021-06-01,27,37,3,1,68,1436,410
29660,"Laramie, WY",2021-07-01,26,37,3,1,67,1503,436
29660,"Laramie, WY",2021-08-01,30,27,5,0,62,1565,466
29660,"Laramie, WY",2021-09-01,34,22,3,0,59,1624,500
29660,"Laramie, WY",2021-10-01,29,31,5,0,65,1689,529
29660,"Laramie, WY",2021-11-01,36,20,7,0,63,1752,565
29660,"Laramie, WY",2021-12-01,29,28,7,1,65,1817,594
29660,"Laramie, WY",2022-01-01,59,54,8,0,121,1938,653
29660,"Laramie, WY",2022-02-01,40,36,9,0,85,2023,693
29660,"Laramie, WY",2022-03-01,48,40,6,0,94,2117,741
29660,"Laramie, WY",2022-04-01,19,29,2,0,50,2167,760
29660,"Laramie, WY",2022-05-01,17,30,7,0,54,2221,777
29660,"Laramie, WY",2022-06-01,23,18,2,0,43,2264,800
29660,"Laramie, WY",2022-07-01,26,19,4,0,49,2313,826
29660,"Laramie, WY",2022-08-01,48,39,4,1,92,2405,874
29660,"Laramie, WY",2022-09-01,40,29,8,1,78,2483,914
29660,"Laramie, WY",2022-10-01,72,38,7,0,117,2600,986
29660,"Laramie, WY",2022-11-01,43,30,6,1,80,2680,1029
29660,"Laramie, WY",2022-12-01,45,24,8,1,78,2758,1074
29660,"Laramie, WY",2023-01-01,46,24,1,1,72,2830,1120
29660,"Laramie, WY",2023-02-01,66,31,8,1,106,2936,1186
29660,"Laramie, WY",2023-03-01,88,44,6,0,138,3074,1274
29660,"Laramie, WY",2023-04-01,34,24,2,0,60,3134,1308
29660,"Laramie, WY",2023-05-01,24,14,6,0,44,3178,1332
29660,"Laramie, WY",2023-06-01,26,21,2,1,50,3228,1358
29660,"Laramie, WY",2023-07-01,17,14,5,0,36,3264,1375
29660,"Laramie, WY",2023-08-01,39,15,4,0,58,3322,1414
29660,"Laramie, WY",2023-09-01,45,18,11,1,75,3397,1459
29660,"Laramie, WY",2023-10-01,63,19,7,1,90,3487,1522
29660,"Laramie, WY",2023-11-01,50,26,5,0,81,3568,1572
29660,"Laramie, WY",2023-12-01,43,17,4,1,65,3633,1615
29660,"Laramie, WY",2024-01-01,46,14,3,0,63,3696,1661
29660,"Laramie, WY",2024-02-01,66,22,5,0,93,3789,1727
29660,"Laramie, WY",2024-03-01,38,17,5,1,61,3850,1765
29660,"Laramie, WY",2024-04-01,23,22,4,0,49,3899,1788
29660,"Laramie, WY",2024-05-01,27,17,3,1,48,3947,1815
29660,"Laramie, WY",2024-06-01,11,9,3,0,23,3970,1826
29660,"Laramie, WY",2024-07-01,36,11,0,1,48,4018,1862
29660,"Laramie, WY",2024-08-01,56,21,4,0,81,4099,1918
29660,"Laramie, WY",2024-09-01,48,12,1,0,61,4160,1966
29660,"Laramie, WY",2024-10-01,76,19,4,0,99,4259,2042
29660,"Laramie, WY",2024-11-01,84,26,3,0,113,4372,2126
29660,"Laramie, WY",2024-12-01,43,14,2,0,59,4431,2169
29660,"Laramie, WY",2025-01-01,55,22,5,3,85,4516,2224
29660,"Laramie, WY",2025-02-01,72,11,2,0,85,4601,2296
29660,"Laramie, WY",2025-03-01,62,19,2,0,83,4684,2358
29660,"Laramie, WY",2025-04-01,54,14,2,1,71,4755,2412
29660,"Laramie, WY",2025-05-01,37,16,7,0,60,4815,2449
29660,"Laramie, WY",2025-06-01,39,13,3,0,55,4870,2488
29660,"Laramie, WY",2025-07-01,49,15,3,1,68,4938,2537
29660,"Laramie, WY",2025-08-01,46,13,3,1,63,5001,2583
29660,"Laramie, WY",2025-09-01,2,0,2,0,4,5005,2585
35660,"Niles, MI",2019-01-01,1,9,3,0,13,13,1
35660,"Niles, MI",2019-02-01,1,18,3,0,22,35,2
35660,"Niles, MI",2019-03-01,2,24,5,1,32,67,4
35660,"Niles, MI",2019-04-01,2,17,10,1,30,97,6
35660,"Niles, MI",2019-05-01,1,30,3,0,34,131,7
35660,"Niles, MI",2019-06-01,0,10,1,0,11,142,7
35660,"Niles, MI",2019-07-01,0,10,4,0,14,156,7
35660,"Niles, MI",2019-08-01,0,3,4,0,7,163,7
35660,"Niles, MI",2019-09-01,4,27,6,1,38,201,11
35660,"Niles, MI",2019-10-01,4,31,16,2,53,254,15
35660,"Niles, MI",2019-11-01,10,35,11,2,58,312,25
35660,"Niles, MI",2019-12-01,4,24,7,1,36,348,29
35660,"Niles, MI",2020-01-01,3,24,7,0,34,382,32
35660,"Niles, MI",2020-02-01,7,32,15,2,56,438,39
35660,"Niles, MI",2020-03-01,10,40,20,1,71,509,49
35660,"Niles, MI",2020-04-01,26,83,40,2,151,660,75
35660,"Niles, MI",2020-05-01,38,87,26,3,154,814,113
35660,"Niles, MI",2020-06-01,31,66,16,3,116,930,144
35660,"Niles, MI",2020-07-01,29,93,25,2,149,1079,173
35660,"Niles, MI",2020-08-01,28,98,31,3,160,1239,201
35660,"Niles, MI",2020-09-01,18,80,19,1,118,1357,219
35660,"Niles, MI",2020-10-01,26,78,26,0,130,1487,245
35660,"Niles, MI",2020-11-01,2,44,12,0,58,1545,247
35660,"Niles, MI",2020-12-01,8,31,4,0,43,1588,255
35660,"Niles, MI",2021-01-01,32,88,22,3,145,1733,287
35660,"Niles, MI",2021-02-01,31,86,17,4,138,1871,318
35660,"Niles, MI",2021-03-01,28,95,31,2,156,2027,346
35660,"Niles, MI",2021-04-01,27,93,25,1,146,2173,373
35660,"Niles, MI",2021-05-01,32,94,36,0,162,2335,405
35660,"Niles, MI",2021-06-01,31,83,13,2,129,2464,436
35660,"Niles, MI",2021-07-01,29,76,20,2,127,2591,465
35660,"Niles, MI",2021-08-01,38,73,21,2,134,2725,503
35660,"Niles, MI",2021-09-01,13,103,33,4,153,2878,516
35660,"Niles, MI",2021-10-01,9,44,12,1,66,2944,525
35660,"Niles, MI",2021-11-01,15,69,19,3,106,3050,540
35660,"Niles, MI",2021-12-01,23,79,18,2,122,3172,563
35660,"Niles, MI",2022-01-01,27,83,14,0,124,3296,590
35660,"Niles, MI",2022-02-01,43,76,30,4,153,3449,633
35660,"Niles, MI",2022-03-01,45,87,33,4,169,3618,678
35660,"Niles, MI",2022-04-01,33,97,23,0,153,3771,711
35660,"Niles, MI",2022-05-01,27,94,27,1,149,3920,738
35660,"Niles, MI",2022-06-01,19,26,4,0,49,3969,757
35660,"Niles, MI",2022-07-01,12,63,14,2,91,4060,769
35660,"Niles, MI",2022-08-01,14,51,21,1,87,4147,783
35660,"Niles, MI",2022-09-01,29,51,24,1,105,4252,812
35660,"Niles, MI",2022-10-01,19,67,12,3,101,4353,831
35660,"Niles, MI",2022-11-01,32,100,29,2,163,4516,863
35660,"Niles, MI",2022-12-01,41,96,19,1,157,4673,904
35660,"Niles, MI",2023-01-01,40,88,24,2,154,4827,944
35660,"Niles, MI",2023-02-01,30,78,29,3,140,4967,974
35660,"Niles, MI",2023-03-01,52,84,32,3,171,5138,1026
35660,"Niles, MI",2023-04-01,39,69,22,2,132,5270,1065
35660,"Niles, MI",2023-05-01,11,27,12,1,51,5321,1076
35660,"Niles, MI",2023-06-01,18,29,6,0,53,5374,1094
35660,"Niles, MI",2023-07-01,13,19,4,1,37,5411,1107
35660,"Niles, MI",2023-08-01,16,34,18,0,68,5479,1123
35660,"Niles, MI",2023-09-01,23,31,15,0,69,5548,1146
35660,"Niles, MI",2023-10-01,36,74,32,2,144,5692,1182
35660,"Niles, MI",2023-11-01,49,81,33,2,165,5857,1231
35660,"Niles, MI",2023-12-01,47,95,26,1,169,6026,1278
35660,"Niles, MI",2024-01-01,55,80,41,0,176,6202,1333
35660,"Niles, MI",2024-02-01,69,54,27,3,153,6355,1402
35660,"Niles, MI",2024-03-01,51,81,33,5,170,6525,1453
35660,"Niles, MI",2024-04-01,36,76,25,1,138,6663,1489
35660,"Niles, MI",2024-05-01,38,65,20,2,125,6788,1527
35660,"Niles, MI",2024-06-01,31,71,19,1,122,6910,1558
35660,"Niles, MI",2024-07-01,14,47,14,0,75,6985,1572
35660,"Niles, MI",2024-08-01,9,27,9,1,46,7031,1581
35660,"Niles, MI",2024-09-01,21,38,14,1,74,7105,1602
35660,"Niles, MI",2024-10-01,61,103,35,1,200,7305,1663
35660,"Niles, MI",2024-11-01,52,95,33,1,181,7486,1715
35660,"Niles, MI",2024-12-01,71,85,27,4,187,7673,1786
35660,"Niles, MI",2025-01-01,63,79,33,3,178,7851,1849
35660,"Niles, MI",2025-02-01,56,54,23,1,134,7985,1905
35660,"Niles, MI",2025-03-01,68,69,23,3,163,8148,1973
35660,"Niles, MI",2025-04-01,47,67,18,2,134,8282,2020
35660,"Niles, MI",2025-05-01,46,66,13,0,125,8407,2066
35660,"Niles, MI",2025-06-01,57,55,33,4,149,8556,2123
35660,"Niles, MI",2025-07-01,36,50,21,1,108,8664,2159
35660,"Niles, MI",2025-08-01,29,37,15,1,82,8746,2188
28900,"Klamath Falls, OR",2019-01-01,0,1,1,1,3,3,0
28900,"Klamath Falls, OR",2019-02-01,0,2,1,0,3,6,0
28900,"Klamath Falls, OR",2019-03-01,0,2,0,0,2,8,0
28900,"Klamath Falls, OR",2019-04-01,0,5,0,0,5,13,0
28900,"Klamath Falls, OR",2019-05-01,2,23,4,0,29,42,2
28900,"Klamath Falls, OR",2019-06-01,1,12,4,0,17,59,3
28900,"Klamath Falls, OR",2019-07-01,3,8,1,1,13,72,6
28900,"Klamath Falls, OR",2019-08-01,3,8,4,0,15,87,9
28900,"Klamath Falls, OR",2019-09-01,1,15,4,1,21,108,10
28900,"Klamath Falls, OR",2019-10-01,2,11,5,0,18,126,12
28900,"Klamath Falls, OR",2019-11-01,0,8,1,0,9,135,12
28900,"Klamath Falls, OR",2019-12-01,3,11,4,0,18,153,15
28900,"Klamath Falls, OR",2020-01-01,2,10,2,1,15,168,17
28900,"Klamath Falls, OR",2020-02-01,4,8,2,1,15,183,21
28900,"Klamath Falls, OR",2020-03-01,6,20,2,0,28,211,27
28900,"Klamath Falls, OR",2020-04-01,16,31,8,1,56,267,43
28900,"Klamath Falls, OR",2020-05-01,11,26,5,1,43,310,54
28900,"Klamath Falls, OR",2020-06-01,9,19,4,0,32,342,63
28900,"Klamath Falls, OR",2020-07-01,10,23,8,0,41,383,73
28900,"Klamath Falls, OR",2020-08-01,12,30,6,0,48,431,85
28900,"Klamath Falls, OR",2020-09-01,8,31,9,1,49,480,93
28900,"Klamath Falls, OR",2020-10-01,9,15,5,0,29,509,102
28900,"Klamath Falls, OR",2020-11-01,6,24,3,0,33,542,108
28900,"Klamath Falls, OR",2020-12-01,4,23,5,0,32,574,112
28900,"Klamath Falls, OR",2021-01-01,17,28,11,1,57,631,129
28900,"Klamath Falls, OR",2021-02-01,12,25,3,0,40,671,141
28900,"Klamath Falls, OR",2021-03-01,13,29,13,1,56,727,154
28900,"Klamath Falls, OR",2021-04-01,8,16,2,0,26,753,162
28900,"Klamath Falls, OR",2021-05-01,10,43,5,1,59,812,172
28900,"Klamath Falls, OR",2021-06-01,10,37,8,0,55,867,182
28900,"Klamath Falls, OR",2021-07-01,15,34,9,0,58,925,197
28900,"Klamath Falls, OR",2021-08-01,10,24,7,0,41,966,207
28900,"Klamath Falls, OR",2021-09-01,15,30,8,2,55,1021,222
28900,"Klamath Falls, OR",2021-10-01,8,24,6,1,39,1060,230
28900,"Klamath Falls, OR",2021-11-01,6,24,9,2,41,1101,236
28900,"Klamath Falls, OR",2021-12-01,16,29,10,1,56,1157,252
28900,"Klamath Falls, OR",2022-01-01,17,41,13,2,73,1230,269
28900,"Klamath Falls, OR",2022-02-01,14,26,6,1,47,1277,283
28900,"Klamath Falls, OR",2022-03-01,19,23,14,0,56,1333,302
28900,"Klamath Falls, OR",2022-04-01,15,26,7,0,48,1381,317
28900,"Klamath Falls, OR",2022-05-01,17,24,7,1,49,1430,334
28900,"Klamath Falls, OR",2022-06-01,23,22,7,0,52,1482,357
28900,"Klamath Falls, OR",2022-07-01,21,22,7,0,50,1532,378
28900,"Klamath Falls, OR",2022-08-01,32,32,10,0,74,1606,410
28900,"Klamath Falls, OR",2022-09-01,18,42,9,0,69,1675,428
28900,"Klamath Falls, OR",2022-10-01,18,27,7,0,52,1727,446
28900,"Klamath Falls, OR",2022-11-01,16,26,8,0,50,1777,462
28900,"Klamath Falls, OR",2022-12-01,16,26,9,1,52,1829,478
28900,"Klamath Falls, OR",2023-01-01,15,12,8,0,35,1864,493
28900,"Klamath Falls, OR",2023-02-01,20,22,7,1,50,1914,513
28900,"Klamath Falls, OR",2023-03-01,21,32,20,2,75,1989,534
28900,"Klamath Falls, OR",2023-04-01,22,21,7,0,50,2039,556
28900,"Klamath Falls, OR",2023-05-01,9,12,4,2,27,2066,565
28900,"Klamath Falls, OR",2023-06-01,8,17,5,1,31,2097,573
28900,"Klamath Falls, OR",2023-07-01,11,18,8,1,38,2135,584
28900,"Klamath Falls, OR",2023-08-01,6,12,1,0,19,2154,590
28900,"Klamath Falls, OR",2023-09-01,15,19,8,2,44,2198,605
28900,"Klamath Falls, OR",2023-10-01,15,24,3,1,43,2241,620
28900,"Klamath Falls, OR",2023-11-01,16,19,3,0,38,2279,636
28900,"Klamath Falls, OR",2023-12-01,22,27,6,4,59,2338,658
28900,"Klamath Falls, OR",2024-01-01,18,24,5,2,49,2387,676
28900,"Klamath Falls, OR",2024-02-01,10,19,2,0,31,2418,686
28900,"Klamath Falls, OR",2024-03-01,27,39,9,1,76,2494,713
28900,"Klamath Falls, OR",2024-04-01,15,30,5,2,52,2546,728
28900,"Klamath Falls, OR",2024-05-01,18,24,5,0,47,2593,746
28900,"Klamath Falls, OR",2024-06-01,18,35,9,0,62,2655,764
28900,"Klamath Falls, OR",2024-07-01,10,26,5,0,41,2696,774
28900,"Klamath Falls, OR",2024-08-01,6,18,3,0,27,2723,780
28900,"Klamath Falls, OR",2024-09-01,19,27,7,1,54,2777,799
28900,"Klamath Falls, OR",2024-10-01,26,25,10,1,62,2839,825
28900,"Klamath Falls, OR",2024-11-01,30,44,10,0,84,2923,855
28900,"Klamath Falls, OR",2024-12-01,21,37,8,2,68,2991,876
28900,"Klamath Falls, OR",2025-01-01,33,27,10,3,73,3064,909
28900,"Klamath Falls, OR",2025-02-01,36,44,8,0,88,3152,945
28900,"Klamath Falls, OR",2025-03-01,28,37,12,1,78,3230,973
28900,"Klamath Falls, OR",2025-04-01,23,31,6,1,61,3291,996
28900,"Klamath Falls, OR",2025-05-01,19,27,7,0,53,3344,1015
28900,"Klamath Falls, OR",2025-06-01,23,29,6,2,60,3404,1038
28900,"Klamath Falls, OR",2025-07-01,32,24,5,1,62,3466,1070
28900,"Klamath Falls, OR",2025-08-01,24,27,3,0,54,3520,1094
28900,"Klamath Falls, OR",2025-09-01,4,1,0,0,5,3525,1098
42660,"Seattle-Tacoma-Bellevue, WA",2019-01-01,45,619,155,19,838,838,45
42660,"Seattle-Tacoma-Bellevue, WA",2019-02-01,28,519,143,17,707,1545,73
42660,"Seattle-Tacoma-Bellevue, WA",2019-03-01,39,729,172,20,960,2505,112
42660,"Seattle-Tacoma-Bellevue, WA",2019-04-01,60,757,168,18,1003,3508,172
42660,"Seattle-Tacoma-Bellevue, WA",2019-05-01,60,776,155,15,1006,4514,232
42660,"Seattle-Tacoma-Bellevue, WA",2019-06-01,61,713,123,8,905,5419,293
42660,"Seattle-Tacoma-Bellevue, WA",2019-07-01,88,781,188,20,1077,6496,381
42660,"Seattle-Tacoma-Bellevue, WA",2019-08-01,99,812,162,18,1091,7587,480
42660,"Seattle-Tacoma-Bellevue, WA",2019-09-01,83,857,171,14,1125,8712,563
42660,"Seattle-Tacoma-Bellevue, WA",2019-10-01,90,854,187,27,1158,9870,653
42660,"Seattle-Tacoma-Bellevue, WA",2019-11-01,83,732,149,33,997,10867,736
42660,"Seattle-Tacoma-Bellevue, WA",2019-12-01,74,528,116,11,729,11596,810
42660,"Seattle-Tacoma-Bellevue, WA",2020-01-01,119,859,254,34,1266,12862,929
42660,"Seattle-Tacoma-Bellevue, WA",2020-02-01,109,864,252,61,1286,14148,1038
42660,"Seattle-Tacoma-Bellevue, WA",2020-03-01,194,1156,335,64,1749,15897,1232
42660,"Seattle-Tacoma-Bellevue, WA",2020-04-01,360,1379,422,57,2218,18115,1592
42660,"Seattle-Tacoma-Bellevue, WA",2020-05-01,751,2074,543,100,3468,21583,2343
42660,"Seattle-Tacoma-Bellevue, WA",2020-06-01,688,1883,378,33,2982,24565,3031
42660,"Seattle-Tacoma-Bellevue, WA",2020-07-01,768,2146,427,45,3386,27951,3799
42660,"Seattle-Tacoma-Bellevue, WA",2020-08-01,661,2453,557,57,3728,31679,4460
42660,"Seattle-Tacoma-Bellevue, WA",2020-09-01,565,2206,479,55,3305,34984,5025
42660,"Seattle-Tacoma-Bellevue, WA",2020-10-01,346,1603,361,46,2356,37340,5371
42660,"Seattle-Tacoma-Bellevue, WA",2020-11-01,310,1132,218,67,1727,39067,5681
42660,"Seattle-Tacoma-Bellevue, WA",2020-12-01,683,1890,451,67,3091,42158,6364
42660,"Seattle-Tacoma-Bellevue, WA",2021-01-01,838,2489,646,108,4081,46239,7202
42660,"Seattle-Tacoma-Bellevue, WA",2021-02-01,579,1715,433,105,2832,49071,7781
42660,"Seattle-Tacoma-Bellevue, WA",2021-03-01,691,1772,464,85,3012,52083,8472
42660,"Seattle-Tacoma-Bellevue, WA",2021-04-01,664,1872,390,74,3000,55083,9136
42660,"Seattle-Tacoma-Bellevue, WA",2021-05-01,722,2011,433,69,3235,58318,9858
42660,"Seattle-Tacoma-Bellevue, WA",2021-06-01,713,2149,452,108,3422,61740,10571
42660,"Seattle-Tacoma-Bellevue, WA",2021-07-01,804,2449,514,62,3829,65569,11375
42660,"Seattle-Tacoma-Bellevue, WA",2021-08-01,653,2175,531,60,3419,68988,12028
42660,"Seattle-Tacoma-Bellevue, WA",2021-09-01,570,2416,617,83,3686,72674,12598
42660,"Seattle-Tacoma-Bellevue, WA",2021-10-01,567,2142,558,68,3335,76009,13165
42660,"Seattle-Tacoma-Bellevue, WA",2021-11-01,588,1986,442,55,3071,79080,13753
42660,"Seattle-Tacoma-Bellevue, WA",2021-12-01,668,1812,475,50,3005,82085,14421
42660,"Seattle-Tacoma-Bellevue, WA",2022-01-01,879,2570,622,95,4166,86251,15300
42660,"Seattle-Tacoma-Bellevue, WA",2022-02-01,684,1848,533,63,3128,89379,15984
42660,"Seattle-Tacoma-Bellevue, WA",2022-03-01,750,1968,554,95,3367,92746,16734
42660,"Seattle-Tacoma-Bellevue, WA",2022-04-01,638,1704,510,70,2922,95668,17372
42660,"Seattle-Tacoma-Bellevue, WA",2022-05-01,718,1807,676,111,3312,98980,18090
42660,"Seattle-Tacoma-Bellevue, WA",2022-06-01,721,1530,387,38,2676,101656,18811
42660,"Seattle-Tacoma-Bellevue, WA",2022-07-01,718,1477,534,42,2771,104427,19529
42660,"Seattle-Tacoma-Bellevue, WA",2022-08-01,668,1642,1066,154,3530,107957,20197
42660,"Seattle-Tacoma-Bellevue, WA",2022-09-01,581,1688,931,99,3299,111256,20778
42660,"Seattle-Tacoma-Bellevue, WA",2022-10-01,539,1752,721,99,3111,114367,21317
42660,"Seattle-Tacoma-Bellevue, WA",2022-11-01,663,1562,572,40,2837,117204,21980
42660,"Seattle-Tacoma-Bellevue, WA",2022-12-01,723,1611,612,60,3006,120210,22703
42660,"Seattle-Tacoma-Bellevue, WA",2023-01-01,765,1740,539,76,3120,123330,23468
42660,"Seattle-Tacoma-Bellevue, WA",2023-02-01,589,1350,447,48,2434,125764,24057
42660,"Seattle-Tacoma-Bellevue, WA",2023-03-01,785,1643,460,58,2946,128710,24842
42660,"Seattle-Tacoma-Bellevue, WA",2023-04-01,641,1439,371,54,2505,131215,25483
42660,"Seattle-Tacoma-Bellevue, WA",2023-05-01,550,1057,267,27,1901,133116,26033
42660,"Seattle-Tacoma-Bellevue, WA",2023-06-01,584,933,247,25,1789,134905,26617
42660,"Seattle-Tacoma-Bellevue, WA",2023-07-01,586,1069,221,22,1898,136803,27203
42660,"Seattle-Tacoma-Bellevue, WA",2023-08-01,777,1655,429,45,2906,139709,27980
42660,"Seattle-Tacoma-Bellevue, WA",2023-09-01,793,1705,422,38,2958,142667,28773
42660,"Seattle-Tacoma-Bellevue, WA",2023-10-01,789,1785,460,52,3086,145753,29562
42660,"Seattle-Tacoma-Bellevue, WA",2023-11-01,762,1824,478,57,3121,148874,30324
42660,"Seattle-Tacoma-Bellevue, WA",2023-12-01,836,1644,434,39,2953,151827,31160
42660,"Seattle-Tacoma-Bellevue, WA",2024-01-01,827,2016,581,69,3493,155320,31987
42660,"Seattle-Tacoma-Bellevue, WA",2024-02-01,616,1524,474,66,2680,158000,32603
42660,"Seattle-Tacoma-Bellevue, WA",2024-03-01,690,1778,593,89,3150,161150,33293
42660,"Seattle-Tacoma-Bellevue, WA",2024-04-01,541,1347,375,43,2306,163456,33834
42660,"Seattle-Tacoma-Bellevue, WA",2024-05-01,668,1677,478,63,2886,166342,34502
42660,"Seattle-Tacoma-Bellevue, WA",2024-06-01,418,1112,384,77,1991,168333,34920
42660,"Seattle-Tacoma-Bellevue, WA",2024-07-01,387,1156,344,63,1950,170283,35307
42660,"Seattle-Tacoma-Bellevue, WA",2024-08-01,367,1251,489,138,2245,172528,35674
42660,"Seattle-Tacoma-Bellevue, WA",2024-09-01,603,1633,506,89,2831,175359,36277
42660,"Seattle-Tacoma-Bellevue, WA",2024-10-01,932,2028,567,62,3589,178948,37209
42660,"Seattle-Tacoma-Bellevue, WA",2024-11-01,803,1745,494,60,3102,182050,38012
42660,"Seattle-Tacoma-Bellevue, WA",2024-12-01,919,1674,517,69,3179,185229,38931
42660,"Seattle-Tacoma-Bellevue, WA",2025-01-01,481,1259,643,218,2601,187830,39412
42660,"Seattle-Tacoma-Bellevue, WA",2025-02-01,256,610,112,13,991,188821,39668
42660,"Seattle-Tacoma-Bellevue, WA",2025-03-01,236,474,96,10,816,189637,39904
42660,"Seattle-Tacoma-Bellevue, WA",2025-04-01,264,491,84,4,843,190480,40168
42660,"Seattle-Tacoma-Bellevue, WA",2025-05-01,411,695,165,6,1277,191757,40579
42660,"Seattle-Tacoma-Bellevue, WA",2025-06-01,277,512,80,3,872,192629,40856
42660,"Seattle-Tacoma-Bellevue, WA",2025-07-01,277,521,98,8,904,193533,41133
42660,"Seattle-Tacoma-Bellevue, WA",2025-08-01,198,354,68,3,623,194156,41331
42660,"Seattle-Tacoma-Bellevue, WA",2025-09-01,6,3,0,0,9,194165,41337
31940,"Marinette, WI-MI",2019-03-01,0,3,1,0,4,4,0
31940,"Marinette, WI-MI",2019-05-01,0,1,0,0,1,5,0
31940,"Marinette, WI-MI",2019-06-01,0,1,0,0,1,6,0
31940,"Marinette, WI-MI",2019-07-01,0,1,1,0,2,8,0
31940,"Marinette, WI-MI",2019-08-01,0,2,0,0,2,10,0
31940,"Marinette, WI-MI",2019-09-01,0,1,0,0,1,11,0
31940,"Marinette, WI-MI",2019-10-01,0,1,0,0,1,12,0
31940,"Marinette, WI-MI",2019-11-01,0,1,0,0,1,13,0
31940,"Marinette, WI-MI",2019-12-01,1,0,0,0,1,14,1
31940,"Marinette, WI-MI",2020-01-01,0,1,1,0,2,16,1
31940,"Marinette, WI-MI",2020-02-01,0,1,1,0,2,18,1
31940,"Marinette, WI-MI",2020-03-01,0,4,1,0,5,23,1
31940,"Marinette, WI-MI",2020-04-01,1,4,1,0,6,29,2
31940,"Marinette, WI-MI",2020-05-01,0,3,1,0,4,33,2
31940,"Marinette, WI-MI",2020-06-01,0,2,2,0,4,37,2
31940,"Marinette, WI-MI",2020-07-01,1,1,1,0,3,40,3
31940,"Marinette, WI-MI",2020-08-01,0,0,1,0,1,41,3
31940,"Marinette, WI-MI",2020-09-01,1,3,0,0,4,45,4
31940,"Marinette, WI-MI",2020-10-01,8,11,4,0,23,68,12
31940,"Marinette, WI-MI",2020-11-01,4,11,1,0,16,84,16
31940,"Marinette, WI-MI",2020-12-01,4,12,4,0,20,104,20
31940,"Marinette, WI-MI",2021-01-01,6,16,1,0,23,127,26
31940,"Marinette, WI-MI",2021-02-01,5,13,4,0,22,149,31
31940,"Marinette, WI-MI",2021-03-01,1,12,1,0,14,163,32
31940,"Marinette, WI-MI",2021-04-01,2,10,4,0,16,179,34
31940,"Marinette, WI-MI",2021-05-01,3,12,6,0,21,200,37
31940,"Marinette, WI-MI",2021-06-01,4,12,3,1,20,220,41
31940,"Marinette, WI-MI",2021-07-01,3,18,1,1,23,243,44
31940,"Marinette, WI-MI",2021-08-01,2,9,5,0,16,259,46
31940,"Marinette, WI-MI",2021-09-01,1,9,6,1,17,276,47
31940,"Marinette, WI-MI",2021-10-01,1,4,3,1,9,285,48
31940,"Marinette, WI-MI",2021-11-01,3,11,1,0,15,300,51
31940,"Marinette, WI-MI",2021-12-01,2,3,8,1,14,314,53
31940,"Marinette, WI-MI",2022-01-01,6,15,9,3,33,347,59
31940,"Marinette, WI-MI",2022-02-01,3,8,4,0,15,362,62
31940,"Marinette, WI-MI",2022-03-01,3,17,5,1,26,388,65
31940,"Marinette, WI-MI",2022-04-01,6,7,4,0,17,405,71
31940,"Marinette, WI-MI",2022-05-01,4,14,4,0,22,427,75
31940,"Marinette, WI-MI",2022-06-01,6,9,3,0,18,445,81
31940,"Marinette, WI-MI",2022-07-01,3,9,3,1,16,461,84
31940,"Marinette, WI-MI",2022-08-01,5,7,8,0,20,481,89
31940,"Marinette, WI-MI",2022-09-01,3,10,4,0,17,498,92
31940,"Marinette, WI-MI",2022-10-01,3,14,1,0,18,516,95
31940,"Marinette, WI-MI",2022-11-01,4,9,7,1,21,537,99
31940,"Marinette, WI-MI",2022-12-01,3,10,4,1,18,555,102
31940,"Marinette, WI-MI",2023-01-01,5,10,4,1,20,575,107
31940,"Marinette, WI-MI",2023-02-01,5,11,5,0,21,596,112
31940,"Marinette, WI-MI",2023-03-01,6,17,0,0,23,619,118
31940,"Marinette, WI-MI",2023-04-01,7,14,4,0,25,644,125
31940,"Marinette, WI-MI",2023-05-01,6,8,2,1,17,661,131
31940,"Marinette, WI-MI",2023-06-01,5,7,2,0,14,675,136
31940,"Marinette, WI-MI",2023-07-01,11,12,1,0,24,699,147
31940,"Marinette, WI-MI",2023-08-01,3,4,0,1,8,707,150
31940,"Marinette, WI-MI",2023-09-01,2,5,1,0,8,715,152
31940,"Marinette, WI-MI",2023-10-01,9,12,5,1,27,742,161
31940,"Marinette, WI-MI",2023-11-01,9,11,3,1,24,766,170
31940,"Marinette, WI-MI",2023-12-01,5,9,7,0,21,787,175
31940,"Marinette, WI-MI",2024-01-01,8,19,2,0,29,816,183
31940,"Marinette, WI-MI",2024-02-01,7,13,4,0,24,840,190
31940,"Marinette, WI-MI",2024-03-01,4,7,4,0,15,855,194
31940,"Marinette, WI-MI",2024-04-01,8,9,7,1,25,880,202
31940,"Marinette, WI-MI",2024-05-01,8,10,4,1,23,903,210
31940,"Marinette, WI-MI",2024-06-01,2,8,4,0,14,917,212
31940,"Marinette, WI-MI",2024-07-01,3,17,4,0,24,941,215
31940,"Marinette, WI-MI",2024-08-01,5,12,2,2,21,962,220
31940,"Marinette, WI-MI",2024-09-01,5,12,1,1,19,981,225
31940,"Marinette, WI-MI",2024-10-01,8,11,6,1,26,1007,233
31940,"Marinette, WI-MI",2024-11-01,9,10,4,0,23,1030,242
31940,"Marinette, WI-MI",2024-12-01,11,16,5,0,32,1062,253
31940,"Marinette, WI-MI",2025-01-01,16,17,4,0,37,1099,269
31940,"Marinette, WI-MI",2025-02-01,11,6,3,0,20,1119,280
31940,"Marinette, WI-MI",2025-03-01,8,10,7,1,26,1145,288
31940,"Marinette, WI-MI",2025-04-01,9,14,2,0,25,1170,297
31940,"Marinette, WI-MI",2025-05-01,16,12,3,0,31,1201,313
31940,"Marinette, WI-MI",2025-06-01,16,13,5,1,35,1236,329
31940,"Marinette, WI-MI",2025-07-01,6,13,2,1,22,1258,335
31940,"Marinette, WI-MI",2025-08-01,9,9,0,0,18,1276,344
31940,"Marinette, WI-MI",2025-09-01,0,1,1,0,2,1278,344
22800,"Fort Madison, IA",2019-01-01,0,1,0,0,1,1,0
22800,"Fort Madison, IA",2019-02-01,0,0,1,0,1,2,0
22800,"Fort Madison, IA",2019-04-01,0,2,0,0,2,4,0
22800,"Fort Madison, IA",2019-05-01,0,2,1,0,3,7,0
22800,"Fort Madison, IA",2019-07-01,0,2,0,0,2,9,0
22800,"Fort Madison, IA",2019-09-01,0,1,0,0,1,10,0
22800,"Fort Madison, IA",2019-10-01,0,1,0,0,1,11,0
22800,"Fort Madison, IA",2019-11-01,0,1,0,0,1,12,0
22800,"Fort Madison, IA",2020-01-01,0,1,0,0,1,13,0
22800,"Fort Madison, IA",2020-02-01,1,2,1,0,4,17,1
22800,"Fort Madison, IA",2020-03-01,1,0,0,0,1,18,2
22800,"Fort Madison, IA",2020-04-01,2,4,0,1,7,25,4
22800,"Fort Madison, IA",2020-05-01,3,3,1,0,7,32,7
22800,"Fort Madison, IA",2020-06-01,1,2,1,0,4,36,8
22800,"Fort Madison, IA",2020-07-01,3,4,1,0,8,44,11
22800,"Fort Madison, IA",2020-08-01,1,7,1,0,9,53,12
22800,"Fort Madison, IA",2020-09-01,0,3,2,1,6,59,12
22800,"Fort Madison, IA",2020-10-01,1,6,3,1,11,70,13
22800,"Fort Madison, IA",2020-11-01,0,3,2,0,5,75,13
22800,"Fort Madison, IA",2020-12-01,1,3,2,0,6,81,14
22800,"Fort Madison, IA",2021-01-01,3,8,2,0,13,94,17
22800,"Fort Madison, IA",2021-02-01,1,6,2,0,9,103,18
22800,"Fort Madison, IA",2021-03-01,1,5,1,1,8,111,19
22800,"Fort Madison, IA",2021-04-01,3,11,2,0,16,127,22
22800,"Fort Madison, IA",2021-05-01,7,15,4,0,26,153,29
22800,"Fort Madison, IA",2021-06-01,8,20,4,0,32,185,37
22800,"Fort Madison, IA",2021-07-01,4,10,1,1,16,201,41
22800,"Fort Madison, IA",2021-08-01,2,6,4,0,12,213,43
22800,"Fort Madison, IA",2021-09-01,4,17,2,0,23,236,47
22800,"Fort Madison, IA",2021-10-01,4,5,2,0,11,247,51
22800,"Fort Madison, IA",2021-11-01,3,11,1,0,15,262,54
22800,"Fort Madison, IA",2021-12-01,7,10,3,0,20,282,61
22800,"Fort Madison, IA",2022-01-01,5,18,5,0,28,310,66
22800,"Fort Madison, IA",2022-02-01,5,7,3,0,15,325,71
22800,"Fort Madison, IA",2022-03-01,7,9,4,0,20,345,78
22800,"Fort Madison, IA",2022-04-01,7,6,4,0,17,362,85
22800,"Fort Madison, IA",2022-05-01,1,8,5,0,14,376,86
22800,"Fort Madison, IA",2022-06-01,4,8,4,0,16,392,90
22800,"Fort Madison, IA",2022-07-01,2,8,0,0,10,402,92
22800,"Fort Madison, IA",2022-08-01,4,8,1,0,13,415,96
22800,"Fort Madison, IA",2022-09-01,6,2,4,0,12,427,102
22800,"Fort Madison, IA",2022-10-01,6,11,8,0,25,452,108
22800,"Fort Madison, IA",2022-11-01,12,8,2,0,22,474,120
22800,"Fort Madison, IA",2022-12-01,6,7,5,0,18,492,126
22800,"Fort Madison, IA",2023-01-01,3,12,4,0,19,511,129
22800,"Fort Madison, IA",2023-02-01,5,2,3,0,10,521,134
22800,"Fort Madison, IA",2023-03-01,7,18,2,0,27,548,141
22800,"Fort Madison, IA",2023-04-01,6,11,1,1,19,567,147
22800,"Fort Madison, IA",2023-05-01,5,7,1,0,13,580,152
22800,"Fort Madison, IA",2023-06-01,5,7,2,0,14,594,157
22800,"Fort Madison, IA",2023-07-01,5,9,1,0,15,609,162
22800,"Fort Madison, IA",2023-08-01,4,6,0,0,10,619,166
22800,"Fort Madison, IA",2023-09-01,2,6,1,0,9,628,168
22800,"Fort Madison, IA",2023-10-01,6,7,4,0,17,645,174
22800,"Fort Madison, IA",2023-11-01,9,7,3,0,19,664,183
22800,"Fort Madison, IA",2023-12-01,9,9,3,0,21,685,192
22800,"Fort Madison, IA",2024-01-01,10,9,2,0,21,706,202
22800,"Fort Madison, IA",2024-02-01,7,14,3,1,25,731,209
22800,"Fort Madison, IA",2024-03-01,11,2,4,0,17,748,220
22800,"Fort Madison, IA",2024-04-01,4,6,1,0,11,759,224
22800,"Fort Madison, IA",2024-05-01,4,7,1,0,12,771,228
22800,"Fort Madison, IA",2024-06-01,3,2,1,0,6,777,231
22800,"Fort Madison, IA",2024-07-01,5,5,0,0,10,787,236
22800,"Fort Madison, IA",2024-08-01,4,4,0,0,8,795,240
22800,"Fort Madison, IA",2024-09-01,11,10,3,0,24,819,251
22800,"Fort Madison, IA",2024-10-01,15,8,6,1,30,849,266
22800,"Fort Madison, IA",2024-11-01,7,8,3,0,18,867,273
22800,"Fort Madison, IA",2024-12-01,10,10,3,0,23,890,283
22800,"Fort Madison, IA",2025-01-01,10,8,1,0,19,909,293
22800,"Fort Madison, IA",2025-02-01,9,4,3,0,16,925,302
22800,"Fort Madison, IA",2025-03-01,13,7,2,0,22,947,315
22800,"Fort Madison, IA",2025-04-01,8,10,2,0,20,967,323
22800,"Fort Madison, IA",2025-05-01,8,8,3,0,19,986,331
22800,"Fort Madison, IA",2025-06-01,11,6,5,0,22,1008,342
22800,"Fort Madison, IA",2025-07-01,7,8,2,0,17,1025,349
22800,"Fort Madison, IA",2025-08-01,5,3,1,1,10,1035,354
36500,"Olympia-Lacey-Tumwater, WA",2019-01-01,4,96,23,3,126,126,4
36500,"Olympia-Lacey-Tumwater, WA",2019-02-01,2,64,12,3,81,207,6
36500,"Olympia-Lacey-Tumwater, WA",2019-03-01,4,91,21,3,119,326,10
36500,"Olympia-Lacey-Tumwater, WA",2019-04-01,4,95,21,2,122,448,14
36500,"Olympia-Lacey-Tumwater, WA",2019-05-01,4,92,16,1,113,561,18
36500,"Olympia-Lacey-Tumwater, WA",2019-06-01,4,76,19,3,102,663,22
36500,"Olympia-Lacey-Tumwater, WA",2019-07-01,7,82,29,1,119,782,29
36500,"Olympia-Lacey-Tumwater, WA",2019-08-01,10,85,23,0,118,900,39
36500,"Olympia-Lacey-Tumwater, WA",2019-09-01,9,75,18,3,105,1005,48
36500,"Olympia-Lacey-Tumwater, WA",2019-10-01,8,108,23,0,139,1144,56
36500,"Olympia-Lacey-Tumwater, WA",2019-11-01,8,94,16,3,121,1265,64
36500,"Olympia-Lacey-Tumwater, WA",2019-12-01,11,60,14,1,86,1351,75
36500,"Olympia-Lacey-Tumwater, WA",2020-01-01,19,87,22,1,129,1480,94
36500,"Olympia-Lacey-Tumwater, WA",2020-02-01,14,71,13,1,99,1579,108
36500,"Olympia-Lacey-Tumwater, WA",2020-03-01,29,99,24,2,154,1733,137
36500,"Olympia-Lacey-Tumwater, WA",2020-04-01,54,164,35,7,260,1993,191
36500,"Olympia-Lacey-Tumwater, WA",2020-05-01,109,237,49,6,401,2394,300
36500,"Olympia-Lacey-Tumwater, WA",2020-06-01,75,224,34,3,336,2730,375
36500,"Olympia-Lacey-Tumwater, WA",2020-07-01,88,269,51,3,411,3141,463
36500,"Olympia-Lacey-Tumwater, WA",2020-08-01,62,264,38,2,366,3507,525
36500,"Olympia-Lacey-Tumwater, WA",2020-09-01,79,252,44,5,380,3887,604
36500,"Olympia-Lacey-Tumwater, WA",2020-10-01,58,188,43,6,295,4182,662
36500,"Olympia-Lacey-Tumwater, WA",2020-11-01,26,88,19,1,134,4316,688
36500,"Olympia-Lacey-Tumwater, WA",2020-12-01,98,230,43,0,371,4687,786
36500,"Olympia-Lacey-Tumwater, WA",2021-01-01,89,286,43,4,422,5109,875
36500,"Olympia-Lacey-Tumwater, WA",2021-02-01,89,234,43,4,370,5479,964
36500,"Olympia-Lacey-Tumwater, WA",2021-03-01,105,219,39,1,364,5843,1069
36500,"Olympia-Lacey-Tumwater, WA",2021-04-01,87,270,54,5,416,6259,1156
36500,"Olympia-Lacey-Tumwater, WA",2021-05-01,100,310,53,2,465,6724,1256
36500,"Olympia-Lacey-Tumwater, WA",2021-06-01,92,299,63,6,460,7184,1348
36500,"Olympia-Lacey-Tumwater, WA",2021-07-01,108,344,67,5,524,7708,1456
36500,"Olympia-Lacey-Tumwater, WA",2021-08-01,95,315,66,9,485,8193,1551
36500,"Olympia-Lacey-Tumwater, WA",2021-09-01,85,291,64,6,446,8639,1636
36500,"Olympia-Lacey-Tumwater, WA",2021-10-01,75,273,81,5,434,9073,1711
36500,"Olympia-Lacey-Tumwater, WA",2021-11-01,104,306,78,14,502,9575,1815
36500,"Olympia-Lacey-Tumwater, WA",2021-12-01,100,249,57,3,409,9984,1915
36500,"Olympia-Lacey-Tumwater, WA",2022-01-01,123,372,112,5,612,10596,2038
36500,"Olympia-Lacey-Tumwater, WA",2022-02-01,100,252,68,8,428,11024,2138
36500,"Olympia-Lacey-Tumwater, WA",2022-03-01,115,238,69,15,437,11461,2253
36500,"Olympia-Lacey-Tumwater, WA",2022-04-01,89,223,60,8,380,11841,2342
36500,"Olympia-Lacey-Tumwater, WA",2022-05-01,112,210,49,4,375,12216,2454
36500,"Olympia-Lacey-Tumwater, WA",2022-06-01,93,208,52,4,357,12573,2547
36500,"Olympia-Lacey-Tumwater, WA",2022-07-01,92,179,44,2,317,12890,2639
36500,"Olympia-Lacey-Tumwater, WA",2022-08-01,112,208,59,9,388,13278,2751
36500,"Olympia-Lacey-Tumwater, WA",2022-09-01,99,211,47,7,364,13642,2850
36500,"Olympia-Lacey-Tumwater, WA",2022-10-01,87,197,40,7,331,13973,2937
36500,"Olympia-Lacey-Tumwater, WA",2022-11-01,93,198,49,3,343,14316,3030
36500,"Olympia-Lacey-Tumwater, WA",2022-12-01,98,208,55,2,363,14679,3128
36500,"Olympia-Lacey-Tumwater, WA",2023-01-01,81,229,80,2,392,15071,3209
36500,"Olympia-Lacey-Tumwater, WA",2023-02-01,106,145,52,3,306,15377,3315
36500,"Olympia-Lacey-Tumwater, WA",2023-03-01,97,207,53,6,363,15740,3412
36500,"Olympia-Lacey-Tumwater, WA",2023-04-01,102,168,44,7,321,16061,3514
36500,"Olympia-Lacey-Tumwater, WA",2023-05-01,71,127,26,2,226,16287,3585
36500,"Olympia-Lacey-Tumwater, WA",2023-06-01,59,118,23,2,202,16489,3644
36500,"Olympia-Lacey-Tumwater, WA",2023-07-01,57,116,21,3,197,16686,3701
36500,"Olympia-Lacey-Tumwater, WA",2023-08-01,98,211,41,3,353,17039,3799
36500,"Olympia-Lacey-Tumwater, WA",2023-09-01,112,168,59,3,342,17381,3911
36500,"Olympia-Lacey-Tumwater, WA",2023-10-01,113,184,48,6,351,17732,4024
36500,"Olympia-Lacey-Tumwater, WA",2023-11-01,106,201,64,6,377,18109,4130
36500,"Olympia-Lacey-Tumwater, WA",2023-12-01,116,166,51,1,334,18443,4246
36500,"Olympia-Lacey-Tumwater, WA",2024-01-01,109,210,62,8,389,18832,4355
36500,"Olympia-Lacey-Tumwater, WA",2024-02-01,91,132,38,2,263,19095,4446
36500,"Olympia-Lacey-Tumwater, WA",2024-03-01,117,165,42,10,334,19429,4563
36500,"Olympia-Lacey-Tumwater, WA",2024-04-01,102,139,51,7,299,19728,4665
36500,"Olympia-Lacey-Tumwater, WA",2024-05-01,111,159,48,4,322,20050,4776
36500,"Olympia-Lacey-Tumwater, WA",2024-06-01,58,95,26,1,180,20230,4834
36500,"Olympia-Lacey-Tumwater, WA",2024-07-01,54,82,23,1,160,20390,4888
36500,"Olympia-Lacey-Tumwater, WA",2024-08-01,48,89,18,5,160,20550,4936
36500,"Olympia-Lacey-Tumwater, WA",2024-09-01,105,142,37,3,287,20837,5041
36500,"Olympia-Lacey-Tumwater, WA",2024-10-01,106,185,40,3,334,21171,5147
36500,"Olympia-Lacey-Tumwater, WA",2024-11-01,121,170,54,4,349,21520,5268
36500,"Olympia-Lacey-Tumwater, WA",2024-12-01,128,141,49,4,322,21842,5396
36500,"Olympia-Lacey-Tumwater, WA",2025-01-01,83,107,34,3,227,22069,5479
36500,"Olympia-Lacey-Tumwater, WA",2025-02-01,54,78,19,1,152,22221,5533
36500,"Olympia-Lacey-Tumwater, WA",2025-03-01,63,80,18,0,161,22382,5596
36500,"Olympia-Lacey-Tumwater, WA",2025-04-01,53,63,11,2,129,22511,5649
36500,"Olympia-Lacey-Tumwater, WA",2025-05-01,43,64,14,0,121,22632,5692
36500,"Olympia-Lacey-Tumwater, WA",2025-06-01,34,45,9,2,90,22722,5726
36500,"Olympia-Lacey-Tumwater, WA",2025-07-01,45,53,9,1,108,22830,5771
36500,"Olympia-Lacey-Tumwater, WA",2025-08-01,32,47,14,0,93,22923,5803
36500,"Olympia-Lacey-Tumwater, WA",2025-09-01,0,1,0,0,1,22924,5803
11380,"Andrews, TX",2019-03-01,0,2,0,0,2,2,0
11380,"Andrews, TX",2019-08-01,0,2,0,0,2,4,0
11380,"Andrews, TX",2019-09-01,0,3,0,0,3,7,0
11380,"Andrews, TX",2019-10-01,0,1,0,0,1,8,0
11380,"Andrews, TX",2019-11-01,0,0,1,0,1,9,0
11380,"Andrews, TX",2020-01-01,0,0,1,0,1,10,0
11380,"Andrews, TX",2020-02-01,0,1,0,0,1,11,0
11380,"Andrews, TX",2020-03-01,0,2,1,0,3,14,0
11380,"Andrews, TX",2020-04-01,0,5,2,0,7,21,0
11380,"Andrews, TX",2020-05-01,0,2,1,0,3,24,0
11380,"Andrews, TX",2020-06-01,0,2,1,0,3,27,0
11380,"Andrews, TX",2020-07-01,0,1,2,0,3,30,0
11380,"Andrews, TX",2020-08-01,0,8,0,0,8,38,0
11380,"Andrews, TX",2020-09-01,0,8,1,0,9,47,0
11380,"Andrews, TX",2020-10-01,4,6,0,0,10,57,4
11380,"Andrews, TX",2020-11-01,1,5,2,0,8,65,5
11380,"Andrews, TX",2020-12-01,2,9,1,0,12,77,7
11380,"Andrews, TX",2021-01-01,4,7,4,0,15,92,11
11380,"Andrews, TX",2021-02-01,2,6,3,0,11,103,13
11380,"Andrews, TX",2021-03-01,3,3,3,0,9,112,16
11380,"Andrews, TX",2021-04-01,5,9,1,1,16,128,21
11380,"Andrews, TX",2021-05-01,5,13,3,0,21,149,26
11380,"Andrews, TX",2021-06-01,5,6,4,0,15,164,31
11380,"Andrews, TX",2021-07-01,3,8,5,0,16,180,34
11380,"Andrews, TX",2021-08-01,1,9,3,0,13,193,35
11380,"Andrews, TX",2021-09-01,3,8,2,0,13,206,38
11380,"Andrews, TX",2021-10-01,1,9,5,0,15,221,39
11380,"Andrews, TX",2021-11-01,0,8,3,0,11,232,39
11380,"Andrews, TX",2021-12-01,1,13,4,1,19,251,40
11380,"Andrews, TX",2022-01-01,5,7,7,0,19,270,45
11380,"Andrews, TX",2022-02-01,8,8,3,1,20,290,53
11380,"Andrews, TX",2022-03-01,6,10,5,0,21,311,59
11380,"Andrews, TX",2022-04-01,4,10,2,0,16,327,63
11380,"Andrews, TX",2022-05-01,6,14,2,0,22,349,69
11380,"Andrews, TX",2022-06-01,6,6,2,0,14,363,75
11380,"Andrews, TX",2022-07-01,1,7,1,0,9,372,76
11380,"Andrews, TX",2022-08-01,7,10,1,0,18,390,83
11380,"Andrews, TX",2022-09-01,6,12,5,0,23,413,89
11380,"Andrews, TX",2022-10-01,9,13,3,0,25,438,98
11380,"Andrews, TX",2022-11-01,11,15,6,0,32,470,109
11380,"Andrews, TX",2022-12-01,7,9,3,0,19,489,116
11380,"Andrews, TX",2023-01-01,11,17,5,0,33,522,127
11380,"Andrews, TX",2023-02-01,5,12,1,0,18,540,132
11380,"Andrews, TX",2023-03-01,8,16,9,0,33,573,140
11380,"Andrews, TX",2023-04-01,9,9,1,1,20,593,149
11380,"Andrews, TX",2023-05-01,6,10,6,1,23,616,155
11380,"Andrews, TX",2023-06-01,4,8,3,0,15,631,159
11380,"Andrews, TX",2023-07-01,5,13,6,0,24,655,164
11380,"Andrews, TX",2023-08-01,4,12,3,0,19,674,168
11380,"Andrews, TX",2023-09-01,4,10,4,0,18,692,172
11380,"Andrews, TX",2023-10-01,4,6,2,1,13,705,176
11380,"Andrews, TX",2023-11-01,11,12,9,0,32,737,187
11380,"Andrews, TX",2023-12-01,16,9,2,1,28,765,203
11380,"Andrews, TX",2024-01-01,5,15,5,0,25,790,208
11380,"Andrews, TX",2024-02-01,1,14,4,0,19,809,209
11380,"Andrews, TX",2024-03-01,10,14,4,1,29,838,219
11380,"Andrews, TX",2024-04-01,14,13,5,0,32,870,233
11380,"Andrews, TX",2024-05-01,13,19,3,1,36,906,246
11380,"Andrews, TX",2024-06-01,4,6,2,0,12,918,250
11380,"Andrews, TX",2024-07-01,3,14,2,0,19,937,253
11380,"Andrews, TX",2024-08-01,5,20,3,0,28,965,258
11380,"Andrews, TX",2024-09-01,3,11,2,0,16,981,261
11380,"Andrews, TX",2024-10-01,10,21,6,1,38,1019,271
11380,"Andrews, TX",2024-11-01,6,20,6,0,32,1051,277
11380,"Andrews, TX",2024-12-01,8,14,3,0,25,1076,285
11380,"Andrews, TX",2025-01-01,6,16,2,1,25,1101,291
11380,"Andrews, TX",2025-02-01,7,12,3,0,22,1123,298
11380,"Andrews, TX",2025-03-01,3,17,2,0,22,1145,301
11380,"Andrews, TX",2025-04-01,7,11,1,1,20,1165,308
11380,"Andrews, TX",2025-05-01,2,9,2,1,14,1179,310
11380,"Andrews, TX",2025-06-01,12,17,4,0,33,1212,322
11380,"Andrews, TX",2025-07-01,2,12,3,0,17,1229,324
11380,"Andrews, TX",2025-08-01,3,11,0,0,14,1243,327
38500,"Plymouth, IN",2019-01-01,0,1,1,0,2,2,0
38500,"Plymouth, IN",2019-02-01,0,2,1,0,3,5,0
38500,"Plymouth, IN",2019-03-01,0,1,0,0,1,6,0
38500,"Plymouth, IN",2019-04-01,1,1,0,0,2,8,1
38500,"Plymouth, IN",2019-05-01,0,2,0,0,2,10,1
38500,"Plymouth, IN",2019-09-01,0,2,0,0,2,12,1
38500,"Plymouth, IN",2019-10-01,1,2,2,0,5,17,2
38500,"Plymouth, IN",2019-11-01,0,3,1,0,4,21,2
38500,"Plymouth, IN",2019-12-01,0,1,2,1,4,25,2
38500,"Plymouth, IN",2020-01-01,0,4,2,0,6,31,2
38500,"Plymouth, IN",2020-02-01,0,4,1,0,5,36,2
38500,"Plymouth, IN",2020-03-01,3,2,1,0,6,42,5
38500,"Plymouth, IN",2020-04-01,1,8,1,0,10,52,6
38500,"Plymouth, IN",2020-05-01,2,6,0,0,8,60,8
38500,"Plymouth, IN",2020-06-01,3,5,0,0,8,68,11
38500,"Plymouth, IN",2020-07-01,4,8,2,0,14,82,15
38500,"Plymouth, IN",2020-08-01,7,15,2,0,24,106,22
38500,"Plymouth, IN",2020-09-01,3,18,1,0,22,128,25
38500,"Plymouth, IN",2020-10-01,2,12,3,0,17,145,27
38500,"Plymouth, IN",2020-11-01,5,12,4,0,21,166,32
38500,"Plymouth, IN",2020-12-01,14,18,2,1,35,201,46
38500,"Plymouth, IN",2021-01-01,11,11,9,0,31,232,57
38500,"Plymouth, IN",2021-02-01,10,14,7,1,32,264,67
38500,"Plymouth, IN",2021-03-01,10,22,8,0,40,304,77
38500,"Plymouth, IN",2021-04-01,8,24,8,1,41,345,85
38500,"Plymouth, IN",2021-05-01,8,26,9,0,43,388,93
38500,"Plymouth, IN",2021-06-01,7,24,8,0,39,427,100
38500,"Plymouth, IN",2021-07-01,9,19,8,1,37,464,109
38500,"Plymouth, IN",2021-08-01,12,24,7,2,45,509,121
38500,"Plymouth, IN",2021-09-01,11,35,8,1,55,564,132
38500,"Plymouth, IN",2021-10-01,7,13,7,2,29,593,139
38500,"Plymouth, IN",2021-11-01,12,25,7,1,45,638,151
38500,"Plymouth, IN",2021-12-01,15,22,13,1,51,689,166
38500,"Plymouth, IN",2022-01-01,9,40,5,0,54,743,175
38500,"Plymouth, IN",2022-02-01,14,33,12,2,61,804,189
38500,"Plymouth, IN",2022-03-01,9,34,14,3,60,864,198
38500,"Plymouth, IN",2022-04-01,15,44,5,0,64,928,213
38500,"Plymouth, IN",2022-05-01,12,22,12,0,46,974,225
38500,"Plymouth, IN",2022-06-01,8,19,2,0,29,1003,233
38500,"Plymouth, IN",2022-07-01,14,33,7,0,54,1057,247
38500,"Plymouth, IN",2022-08-01,7,27,6,1,41,1098,254
38500,"Plymouth, IN",2022-09-01,12,18,10,0,40,1138,266
38500,"Plymouth, IN",2022-10-01,13,17,4,0,34,1172,279
38500,"Plymouth, IN",2022-11-01,16,28,15,0,59,1231,295
38500,"Plymouth, IN",2022-12-01,14,40,7,1,62,1293,309
38500,"Plymouth, IN",2023-01-01,20,30,4,1,55,1348,329
38500,"Plymouth, IN",2023-02-01,15,32,7,1,55,1403,344
38500,"Plymouth, IN",2023-03-01,27,30,18,2,77,1480,371
38500,"Plymouth, IN",2023-04-01,8,27,4,1,40,1520,379
38500,"Plymouth, IN",2023-05-01,13,23,9,0,45,1565,392
38500,"Plymouth, IN",2023-06-01,13,21,3,0,37,1602,405
38500,"Plymouth, IN",2023-07-01,12,23,9,0,44,1646,417
38500,"Plymouth, IN",2023-08-01,7,19,9,1,36,1682,424
38500,"Plymouth, IN",2023-09-01,9,23,7,0,39,1721,433
38500,"Plymouth, IN",2023-10-01,20,27,14,0,61,1782,453
38500,"Plymouth, IN",2023-11-01,19,34,3,1,57,1839,472
38500,"Plymouth, IN",2023-12-01,16,25,3,2,46,1885,488
38500,"Plymouth, IN",2024-01-01,15,21,10,1,47,1932,503
38500,"Plymouth, IN",2024-02-01,25,10,10,0,45,1977,528
38500,"Plymouth, IN",2024-03-01,23,34,8,2,67,2044,551
38500,"Plymouth, IN",2024-04-01,13,23,8,0,44,2088,564
38500,"Plymouth, IN",2024-05-01,18,24,2,1,45,2133,582
38500,"Plymouth, IN",2024-06-01,6,10,4,2,22,2155,588
38500,"Plymouth, IN",2024-07-01,7,13,2,0,22,2177,595
38500,"Plymouth, IN",2024-08-01,6,10,6,0,22,2199,601
38500,"Plymouth, IN",2024-09-01,22,12,5,0,39,2238,623
38500,"Plymouth, IN",2024-10-01,24,42,12,1,79,2317,647
38500,"Plymouth, IN",2024-11-01,26,23,5,1,55,2372,673
38500,"Plymouth, IN",2024-12-01,31,21,2,1,55,2427,704
38500,"Plymouth, IN",2025-01-01,27,24,16,2,69,2496,731
38500,"Plymouth, IN",2025-02-01,21,23,8,1,53,2549,752
38500,"Plymouth, IN",2025-03-01,29,28,9,0,66,2615,781
38500,"Plymouth, IN",2025-04-01,33,18,15,1,67,2682,814
38500,"Plymouth, IN",2025-05-01,30,23,12,1,66,2748,844
38500,"Plymouth, IN",2025-06-01,29,19,9,2,59,2807,873
38500,"Plymouth, IN",2025-07-01,18,23,11,1,53,2860,891
38500,"Plymouth, IN",2025-08-01,10,21,3,0,34,2894,901
20500,"Durham-Chapel Hill, NC",2019-01-01,4,166,41,6,217,217,4
20500,"Durham-Chapel Hill, NC",2019-02-01,3,148,40,5,196,413,7
20500,"Durham-Chapel Hill, NC",2019-03-01,8,203,48,1,260,673,15
20500,"Durham-Chapel Hill, NC",2019-04-01,11,218,52,8,289,962,26
20500,"Durham-Chapel Hill, NC",2019-05-01,12,248,57,3,320,1282,38
20500,"Durham-Chapel Hill, NC",2019-06-01,7,170,20,1,198,1480,45
20500,"Durham-Chapel Hill, NC",2019-07-01,9,185,39,8,241,1721,54
20500,"Durham-Chapel Hill, NC",2019-08-01,11,228,46,4,289,2010,65
20500,"Durham-Chapel Hill, NC",2019-09-01,12,197,46,1,256,2266,77
20500,"Durham-Chapel Hill, NC",2019-10-01,9,139,23,4,175,2441,86
20500,"Durham-Chapel Hill, NC",2019-11-01,14,168,48,3,233,2674,100
20500,"Durham-Chapel Hill, NC",2019-12-01,13,138,30,1,182,2856,113
20500,"Durham-Chapel Hill, NC",2020-01-01,16,179,53,5,253,3109,129
20500,"Durham-Chapel Hill, NC",2020-02-01,21,122,24,2,169,3278,150
20500,"Durham-Chapel Hill, NC",2020-03-01,21,226,51,4,302,3580,171
20500,"Durham-Chapel Hill, NC",2020-04-01,92,559,136,17,804,4384,263
20500,"Durham-Chapel Hill, NC",2020-05-01,208,692,126,15,1041,5425,471
20500,"Durham-Chapel Hill, NC",2020-06-01,217,612,76,7,912,6337,688
20500,"Durham-Chapel Hill, NC",2020-07-01,219,719,113,11,1062,7399,907
20500,"Durham-Chapel Hill, NC",2020-08-01,200,892,164,18,1274,8673,1107
20500,"Durham-Chapel Hill, NC",2020-09-01,194,772,124,13,1103,9776,1301
20500,"Durham-Chapel Hill, NC",2020-10-01,125,454,79,8,666,10442,1426
20500,"Durham-Chapel Hill, NC",2020-11-01,77,249,42,3,371,10813,1503
20500,"Durham-Chapel Hill, NC",2020-12-01,76,205,42,1,324,11137,1579
20500,"Durham-Chapel Hill, NC",2021-01-01,277,664,115,14,1070,12207,1856
20500,"Durham-Chapel Hill, NC",2021-02-01,208,725,146,12,1091,13298,2064
20500,"Durham-Chapel Hill, NC",2021-03-01,314,792,146,21,1273,14571,2378
20500,"Durham-Chapel Hill, NC",2021-04-01,284,811,158,11,1264,15835,2662
20500,"Durham-Chapel Hill, NC",2021-05-01,366,840,155,10,1371,17206,3028
20500,"Durham-Chapel Hill, NC",2021-06-01,181,518,91,12,802,18008,3209
20500,"Durham-Chapel Hill, NC",2021-07-01,263,807,155,14,1239,19247,3472
20500,"Durham-Chapel Hill, NC",2021-08-01,226,874,219,22,1341,20588,3698
20500,"Durham-Chapel Hill, NC",2021-09-01,227,848,203,28,1306,21894,3925
20500,"Durham-Chapel Hill, NC",2021-10-01,117,479,109,14,719,22613,4042
20500,"Durham-Chapel Hill, NC",2021-11-01,193,540,131,12,876,23489,4235
20500,"Durham-Chapel Hill, NC",2021-12-01,392,657,158,10,1217,24706,4627
20500,"Durham-Chapel Hill, NC",2022-01-01,323,791,176,22,1312,26018,4950
20500,"Durham-Chapel Hill, NC",2022-02-01,257,585,145,16,1003,27021,5207
20500,"Durham-Chapel Hill, NC",2022-03-01,272,643,173,11,1099,28120,5479
20500,"Durham-Chapel Hill, NC",2022-04-01,212,663,163,18,1056,29176,5691
20500,"Durham-Chapel Hill, NC",2022-05-01,361,662,151,19,1193,30369,6052
20500,"Durham-Chapel Hill, NC",2022-06-01,212,402,88,7,709,31078,6264
20500,"Durham-Chapel Hill, NC",2022-07-01,230,487,124,8,849,31927,6494
20500,"Durham-Chapel Hill, NC",2022-08-01,252,661,164,23,1100,33027,6746
20500,"Durham-Chapel Hill, NC",2022-09-01,193,555,149,13,910,33937,6939
20500,"Durham-Chapel Hill, NC",2022-10-01,197,521,123,11,852,34789,7136
20500,"Durham-Chapel Hill, NC",2022-11-01,217,526,117,6,866,35655,7353
20500,"Durham-Chapel Hill, NC",2022-12-01,358,478,131,15,982,36637,7711
20500,"Durham-Chapel Hill, NC",2023-01-01,236,500,179,17,932,37569,7947
20500,"Durham-Chapel Hill, NC",2023-02-01,216,434,137,11,798,38367,8163
20500,"Durham-Chapel Hill, NC",2023-03-01,275,480,132,11,898,39265,8438
20500,"Durham-Chapel Hill, NC",2023-04-01,252,507,131,19,909,40174,8690
20500,"Durham-Chapel Hill, NC",2023-05-01,237,363,93,8,701,40875,8927
20500,"Durham-Chapel Hill, NC",2023-06-01,135,195,44,6,380,41255,9062
20500,"Durham-Chapel Hill, NC",2023-07-01,143,280,87,8,518,41773,9205
20500,"Durham-Chapel Hill, NC",2023-08-01,205,456,142,13,816,42589,9410
20500,"Durham-Chapel Hill, NC",2023-09-01,281,577,189,21,1068,43657,9691
20500,"Durham-Chapel Hill, NC",2023-10-01,248,531,155,12,946,44603,9939
20500,"Durham-Chapel Hill, NC",2023-11-01,273,523,155,17,968,45571,10212
20500,"Durham-Chapel Hill, NC",2023-12-01,354,425,143,18,940,46511,10566
20500,"Durham-Chapel Hill, NC",2024-01-01,311,495,134,16,956,47467,10877
20500,"Durham-Chapel Hill, NC",2024-02-01,301,427,116,11,855,48322,11178
20500,"Durham-Chapel Hill, NC",2024-03-01,330,430,166,12,938,49260,11508
20500,"Durham-Chapel Hill, NC",2024-04-01,266,430,128,14,838,50098,11774
20500,"Durham-Chapel Hill, NC",2024-05-01,439,557,148,11,1155,51253,12213
20500,"Durham-Chapel Hill, NC",2024-06-01,372,521,138,14,1045,52298,12585
20500,"Durham-Chapel Hill, NC",2024-07-01,348,522,150,23,1043,53341,12933
20500,"Durham-Chapel Hill, NC",2024-08-01,290,520,177,13,1000,54341,13223
20500,"Durham-Chapel Hill, NC",2024-09-01,274,473,161,22,930,55271,13497
20500,"Durham-Chapel Hill, NC",2024-10-01,300,425,127,14,866,56137,13797
20500,"Durham-Chapel Hill, NC",2024-11-01,328,422,144,12,906,57043,14125
20500,"Durham-Chapel Hill, NC",2024-12-01,341,432,137,12,922,57965,14466
20500,"Durham-Chapel Hill, NC",2025-01-01,341,456,129,10,936,58901,14807
20500,"Durham-Chapel Hill, NC",2025-02-01,292,375,107,15,789,59690,15099
20500,"Durham-Chapel Hill, NC",2025-03-01,343,428,115,19,905,60595,15442
20500,"Durham-Chapel Hill, NC",2025-04-01,346,403,139,13,901,61496,15788
20500,"Durham-Chapel Hill, NC",2025-05-01,414,393,125,15,947,62443,16202
20500,"Durham-Chapel Hill, NC",2025-06-01,404,395,122,18,939,63382,16606
20500,"Durham-Chapel Hill, NC",2025-07-01,336,384,126,15,861,64243,16942
20500,"Durham-Chapel Hill, NC",2025-08-01,223,285,80,13,601,64844,17165
20500,"Durham-Chapel Hill, NC",2025-09-01,5,3,2,0,10,64854,17170
26500,"Huntingdon, PA",2019-02-01,0,0,1,0,1,1,0
26500,"Huntingdon, PA",2019-04-01,0,3,0,0,3,4,0
26500,"Huntingdon, PA",2019-05-01,0,0,1,0,1,5,0
26500,"Huntingdon, PA",2019-06-01,0,1,0,0,1,6,0
26500,"Huntingdon, PA",2019-07-01,0,0,1,0,1,7,0
26500,"Huntingdon, PA",2019-08-01,0,1,0,0,1,8,0
26500,"Huntingdon, PA",2019-09-01,0,1,0,0,1,9,0
26500,"Huntingdon, PA",2019-10-01,0,0,1,0,1,10,0
26500,"Huntingdon, PA",2019-11-01,1,0,0,0,1,11,1
26500,"Huntingdon, PA",2019-12-01,0,2,1,0,3,14,1
26500,"Huntingdon, PA",2020-02-01,0,1,1,0,2,16,1
26500,"Huntingdon, PA",2020-03-01,0,1,0,1,2,18,1
26500,"Huntingdon, PA",2020-04-01,1,3,2,0,6,24,2
26500,"Huntingdon, PA",2020-05-01,1,2,0,0,3,27,3
26500,"Huntingdon, PA",2020-06-01,2,2,0,1,5,32,5
26500,"Huntingdon, PA",2020-07-01,2,2,0,0,4,36,7
26500,"Huntingdon, PA",2020-08-01,1,6,1,0,8,44,8
26500,"Huntingdon, PA",2020-09-01,1,1,0,0,2,46,9
26500,"Huntingdon, PA",2020-10-01,3,7,1,0,11,57,12
26500,"Huntingdon, PA",2020-11-01,0,5,0,0,5,62,12
26500,"Huntingdon, PA",2020-12-01,0,4,1,0,5,67,12
26500,"Huntingdon, PA",2021-01-01,1,3,2,0,6,73,13
26500,"Huntingdon, PA",2021-02-01,4,9,2,0,15,88,17
26500,"Huntingdon, PA",2021-03-01,9,15,3,0,27,115,26
26500,"Huntingdon, PA",2021-04-01,6,11,2,1,20,135,32
26500,"Huntingdon, PA",2021-05-01,7,13,2,0,22,157,39
26500,"Huntingdon, PA",2021-06-01,6,13,8,0,27,184,45
26500,"Huntingdon, PA",2021-07-01,5,8,3,0,16,200,50
26500,"Huntingdon, PA",2021-08-01,5,6,2,0,13,213,55
26500,"Huntingdon, PA",2021-09-01,5,9,3,0,17,230,60
26500,"Huntingdon, PA",2021-10-01,4,10,3,0,17,247,64
26500,"Huntingdon, PA",2021-11-01,1,4,4,0,9,256,65
26500,"Huntingdon, PA",2021-12-01,4,9,4,0,17,273,69
26500,"Huntingdon, PA",2022-01-01,10,16,0,0,26,299,79
26500,"Huntingdon, PA",2022-02-01,5,10,0,1,16,315,84
26500,"Huntingdon, PA",2022-03-01,4,1,2,0,7,322,88
26500,"Huntingdon, PA",2022-04-01,2,7,0,0,9,331,90
26500,"Huntingdon, PA",2022-05-01,4,5,3,0,12,343,94
26500,"Huntingdon, PA",2022-06-01,4,7,0,0,11,354,98
26500,"Huntingdon, PA",2022-07-01,3,9,3,0,15,369,101
26500,"Huntingdon, PA",2022-08-01,4,11,1,0,16,385,105
26500,"Huntingdon, PA",2022-09-01,1,6,1,0,8,393,106
26500,"Huntingdon, PA",2022-10-01,3,6,5,0,14,407,109
26500,"Huntingdon, PA",2022-11-01,6,10,2,0,18,425,115
26500,"Huntingdon, PA",2022-12-01,6,3,3,0,12,437,121
26500,"Huntingdon, PA",2023-01-01,6,3,4,0,13,450,127
26500,"Huntingdon, PA",2023-02-01,3,5,2,0,10,460,130
26500,"Huntingdon, PA",2023-03-01,2,9,2,0,13,473,132
26500,"Huntingdon, PA",2023-04-01,3,5,4,0,12,485,135
26500,"Huntingdon, PA",2023-05-01,2,3,2,0,7,492,137
26500,"Huntingdon, PA",2023-06-01,5,3,2,1,11,503,142
26500,"Huntingdon, PA",2023-07-01,4,0,0,1,5,508,146
26500,"Huntingdon, PA",2023-08-01,3,5,1,0,9,517,149
26500,"Huntingdon, PA",2023-09-01,5,5,3,0,13,530,154
26500,"Huntingdon, PA",2023-10-01,6,7,2,0,15,545,160
26500,"Huntingdon, PA",2023-11-01,7,6,0,1,14,559,167
26500,"Huntingdon, PA",2023-12-01,8,2,2,0,12,571,175
26500,"Huntingdon, PA",2024-01-01,2,5,2,0,9,580,177
26500,"Huntingdon, PA",2024-02-01,5,3,2,2,12,592,182
26500,"Huntingdon, PA",2024-03-01,8,6,0,0,14,606,190
26500,"Huntingdon, PA",2024-04-01,10,8,0,0,18,624,200
26500,"Huntingdon, PA",2024-05-01,3,3,2,0,8,632,203
26500,"Huntingdon, PA",2024-06-01,3,2,1,0,6,638,206
26500,"Huntingdon, PA",2024-07-01,3,3,0,0,6,644,209
26500,"Huntingdon, PA",2024-08-01,3,7,3,0,13,657,212
26500,"Huntingdon, PA",2024-09-01,3,5,5,0,13,670,215
26500,"Huntingdon, PA",2024-10-01,7,7,1,0,15,685,222
26500,"Huntingdon, PA",2024-11-01,7,4,1,0,12,697,229
26500,"Huntingdon, PA",2024-12-01,6,5,2,0,13,710,235
26500,"Huntingdon, PA",2025-01-01,7,4,0,0,11,721,242
26500,"Huntingdon, PA",2025-02-01,3,4,0,0,7,728,245
26500,"Huntingdon, PA",2025-03-01,15,4,2,0,21,749,260
26500,"Huntingdon, PA",2025-04-01,3,6,2,0,11,760,263
26500,"Huntingdon, PA",2025-05-01,6,5,0,0,11,771,269
26500,"Huntingdon, PA",2025-06-01,7,5,1,0,13,784,276
26500,"Huntingdon, PA",2025-07-01,8,8,1,0,17,801,284
26500,"Huntingdon, PA",2025-08-01,9,7,2,0,18,819,293
26500,"Huntingdon, PA",2025-09-01,0,0,1,0,1,820,293
44180,"Springfield, MO",2019-01-01,1,62,21,0,84,84,1
44180,"Springfield, MO",2019-02-01,2,68,17,1,88,172,3
44180,"Springfield, MO",2019-03-01,5,77,13,5,100,272,8
44180,"Springfield, MO",2019-04-01,3,60,14,0,77,349,11
44180,"Springfield, MO",2019-05-01,1,63,14,3,81,430,12
44180,"Springfield, MO",2019-06-01,5,83,9,1,98,528,17
44180,"Springfield, MO",2019-07-01,7,54,18,1,80,608,24
44180,"Springfield, MO",2019-08-01,9,53,17,2,81,689,33
44180,"Springfield, MO",2019-09-01,10,97,25,0,132,821,43
44180,"Springfield, MO",2019-10-01,6,81,16,1,104,925,49
44180,"Springfield, MO",2019-11-01,8,66,18,1,93,1018,57
44180,"Springfield, MO",2019-12-01,9,84,21,3,117,1135,66
44180,"Springfield, MO",2020-01-01,11,59,15,0,85,1220,77
44180,"Springfield, MO",2020-02-01,10,79,25,3,117,1337,87
44180,"Springfield, MO",2020-03-01,8,66,22,3,99,1436,95
44180,"Springfield, MO",2020-04-01,75,225,53,3,356,1792,170
44180,"Springfield, MO",2020-05-01,76,218,44,8,346,2138,246
44180,"Springfield, MO",2020-06-01,69,187,28,0,284,2422,315
44180,"Springfield, MO",2020-07-01,64,241,31,2,338,2760,379
44180,"Springfield, MO",2020-08-01,82,285,40,5,412,3172,461
44180,"Springfield, MO",2020-09-01,82,186,26,0,294,3466,543
44180,"Springfield, MO",2020-10-01,88,243,41,3,375,3841,631
44180,"Springfield, MO",2020-11-01,62,145,36,0,243,4084,693
44180,"Springfield, MO",2020-12-01,52,108,29,4,193,4277,745
44180,"Springfield, MO",2021-01-01,127,250,61,11,449,4726,872
44180,"Springfield, MO",2021-02-01,152,231,60,6,449,5175,1024
44180,"Springfield, MO",2021-03-01,183,376,69,12,640,5815,1207
44180,"Springfield, MO",2021-04-01,105,240,48,2,395,6210,1312
44180,"Springfield, MO",2021-05-01,83,181,57,4,325,6535,1395
44180,"Springfield, MO",2021-06-01,79,197,38,5,319,6854,1474
44180,"Springfield, MO",2021-07-01,45,131,30,5,211,7065,1519
44180,"Springfield, MO",2021-08-01,63,164,49,4,280,7345,1582
44180,"Springfield, MO",2021-09-01,86,223,68,3,380,7725,1668
44180,"Springfield, MO",2021-10-01,76,200,71,4,351,8076,1744
44180,"Springfield, MO",2021-11-01,67,136,35,2,240,8316,1811
44180,"Springfield, MO",2021-12-01,156,241,82,6,485,8801,1967
44180,"Springfield, MO",2022-01-01,207,365,95,4,671,9472,2174
44180,"Springfield, MO",2022-02-01,180,316,104,13,613,10085,2354
44180,"Springfield, MO",2022-03-01,165,293,86,10,554,10639,2519
44180,"Springfield, MO",2022-04-01,69,154,35,7,265,10904,2588
44180,"Springfield, MO",2022-05-01,73,145,29,1,248,11152,2661
44180,"Springfield, MO",2022-06-01,98,140,36,4,278,11430,2759
44180,"Springfield, MO",2022-07-01,51,124,27,5,207,11637,2810
44180,"Springfield, MO",2022-08-01,103,205,64,5,377,12014,2913
44180,"Springfield, MO",2022-09-01,152,310,68,7,537,12551,3065
44180,"Springfield, MO",2022-10-01,111,184,50,9,354,12905,3176
44180,"Springfield, MO",2022-11-01,131,224,68,6,429,13334,3307
44180,"Springfield, MO",2022-12-01,140,223,68,1,432,13766,3447
44180,"Springfield, MO",2023-01-01,174,252,87,8,521,14287,3621
44180,"Springfield, MO",2023-02-01,209,205,82,8,504,14791,3830
44180,"Springfield, MO",2023-03-01,215,314,85,6,620,15411,4045
44180,"Springfield, MO",2023-04-01,131,195,50,4,380,15791,4176
44180,"Springfield, MO",2023-05-01,75,117,26,1,219,16010,4251
44180,"Springfield, MO",2023-06-01,115,150,42,2,309,16319,4366
44180,"Springfield, MO",2023-07-01,72,93,27,2,194,16513,4438
44180,"Springfield, MO",2023-08-01,72,87,33,4,196,16709,4510
44180,"Springfield, MO",2023-09-01,102,124,27,3,256,16965,4612
44180,"Springfield, MO",2023-10-01,131,170,51,3,355,17320,4743
44180,"Springfield, MO",2023-11-01,154,171,56,5,386,17706,4897
44180,"Springfield, MO",2023-12-01,122,130,48,4,304,18010,5019
44180,"Springfield, MO",2024-01-01,128,173,47,5,353,18363,5147
44180,"Springfield, MO",2024-02-01,159,171,52,8,390,18753,5306
44180,"Springfield, MO",2024-03-01,189,195,77,6,467,19220,5495
44180,"Springfield, MO",2024-04-01,156,178,68,4,406,19626,5651
44180,"Springfield, MO",2024-05-01,148,191,67,7,413,20039,5799
44180,"Springfield, MO",2024-06-01,173,215,56,5,449,20488,5972
44180,"Springfield, MO",2024-07-01,151,144,36,4,335,20823,6123
44180,"Springfield, MO",2024-08-01,98,113,34,7,252,21075,6221
44180,"Springfield, MO",2024-09-01,69,79,21,0,169,21244,6290
44180,"Springfield, MO",2024-10-01,80,108,30,2,220,21464,6370
44180,"Springfield, MO",2024-11-01,121,86,28,3,238,21702,6491
44180,"Springfield, MO",2024-12-01,168,180,51,4,403,22105,6659
44180,"Springfield, MO",2025-01-01,213,185,51,3,452,22557,6872
44180,"Springfield, MO",2025-02-01,274,221,56,10,561,23118,7146
44180,"Springfield, MO",2025-03-01,282,251,91,6,630,23748,7428
44180,"Springfield, MO",2025-04-01,327,246,81,2,656,24404,7755
44180,"Springfield, MO",2025-05-01,302,241,76,10,629,25033,8057
44180,"Springfield, MO",2025-06-01,276,242,84,6,608,25641,8333
44180,"Springfield, MO",2025-07-01,236,227,56,5,524,26165,8569
44180,"Springfield, MO",2025-08-01,239,212,52,8,511,26676,8808
44180,"Springfield, MO",2025-09-01,5,3,1,0,9,26685,8813
43500,"Silver City, NM",2019-02-01,0,2,0,0,2,2,0
43500,"Silver City, NM",2019-04-01,0,0,1,0,1,3,0
43500,"Silver City, NM",2019-05-01,0,0,3,0,3,6,0
43500,"Silver City, NM",2019-06-01,0,0,0,1,1,7,0
43500,"Silver City, NM",2019-07-01,0,2,0,0,2,9,0
43500,"Silver City, NM",2019-09-01,0,1,0,0,1,10,0
43500,"Silver City, NM",2019-10-01,1,1,0,0,2,12,1
43500,"Silver City, NM",2019-11-01,1,2,0,0,3,15,2
43500,"Silver City, NM",2020-02-01,0,2,0,0,2,17,2
43500,"Silver City, NM",2020-03-01,1,0,0,1,2,19,3
43500,"Silver City, NM",2020-04-01,0,3,1,0,4,23,3
43500,"Silver City, NM",2020-05-01,0,1,0,0,1,24,3
43500,"Silver City, NM",2020-06-01,1,0,0,0,1,25,4
43500,"Silver City, NM",2020-07-01,1,3,0,0,4,29,5
43500,"Silver City, NM",2020-08-01,0,1,0,0,1,30,5
43500,"Silver City, NM",2020-09-01,1,2,0,0,3,33,6
43500,"Silver City, NM",2020-10-01,0,4,2,0,6,39,6
43500,"Silver City, NM",2020-11-01,1,8,0,1,10,49,7
43500,"Silver City, NM",2020-12-01,2,12,3,0,17,66,9
43500,"Silver City, NM",2021-01-01,2,8,4,0,14,80,11
43500,"Silver City, NM",2021-02-01,2,8,2,2,14,94,13
43500,"Silver City, NM",2021-03-01,4,6,1,0,11,105,17
43500,"Silver City, NM",2021-04-01,2,2,1,0,5,110,19
43500,"Silver City, NM",2021-05-01,2,7,1,0,10,120,21
43500,"Silver City, NM",2021-06-01,3,6,1,0,10,130,24
43500,"Silver City, NM",2021-07-01,4,4,0,0,8,138,28
43500,"Silver City, NM",2021-08-01,2,3,1,1,7,145,30
43500,"Silver City, NM",2021-09-01,1,4,9,0,14,159,31
43500,"Silver City, NM",2021-10-01,2,8,0,0,10,169,33
43500,"Silver City, NM",2021-11-01,3,7,2,0,12,181,36
43500,"Silver City, NM",2021-12-01,2,4,1,1,8,189,38
43500,"Silver City, NM",2022-01-01,6,15,3,0,24,213,44
43500,"Silver City, NM",2022-02-01,2,6,3,0,11,224,46
43500,"Silver City, NM",2022-03-01,3,8,3,0,14,238,49
43500,"Silver City, NM",2022-04-01,1,4,1,1,7,245,50
43500,"Silver City, NM",2022-05-01,4,9,0,1,14,259,54
43500,"Silver City, NM",2022-06-01,2,9,1,0,12,271,56
43500,"Silver City, NM",2022-07-01,1,4,3,1,9,280,57
43500,"Silver City, NM",2022-08-01,7,13,1,2,23,303,64
43500,"Silver City, NM",2022-09-01,4,5,1,0,10,313,68
43500,"Silver City, NM",2022-10-01,6,9,1,1,17,330,74
43500,"Silver City, NM",2022-11-01,2,6,2,0,10,340,76
43500,"Silver City, NM",2022-12-01,0,7,1,0,8,348,76
43500,"Silver City, NM",2023-01-01,5,6,1,0,12,360,81
43500,"Silver City, NM",2023-02-01,1,4,3,0,8,368,82
43500,"Silver City, NM",2023-03-01,4,6,2,1,13,381,86
43500,"Silver City, NM",2023-04-01,1,4,0,1,6,387,87
43500,"Silver City, NM",2023-05-01,3,7,2,2,14,401,90
43500,"Silver City, NM",2023-06-01,3,5,3,0,11,412,93
43500,"Silver City, NM",2023-07-01,2,3,3,1,9,421,95
43500,"Silver City, NM",2023-08-01,6,7,2,0,15,436,101
43500,"Silver City, NM",2023-09-01,1,2,1,0,4,440,102
43500,"Silver City, NM",2023-10-01,9,1,1,1,12,452,111
43500,"Silver City, NM",2023-11-01,9,2,2,0,13,465,120
43500,"Silver City, NM",2023-12-01,4,5,1,0,10,475,124
43500,"Silver City, NM",2024-01-01,11,11,1,0,23,498,135
43500,"Silver City, NM",2024-02-01,3,9,0,0,12,510,138
43500,"Silver City, NM",2024-03-01,6,8,0,0,14,524,144
43500,"Silver City, NM",2024-04-01,5,1,2,0,8,532,149
43500,"Silver City, NM",2024-05-01,5,6,3,0,14,546,154
43500,"Silver City, NM",2024-06-01,8,8,6,0,22,568,162
43500,"Silver City, NM",2024-07-01,4,4,2,0,10,578,166
43500,"Silver City, NM",2024-08-01,5,9,4,0,18,596,171
43500,"Silver City, NM",2024-09-01,10,7,1,0,18,614,181
43500,"Silver City, NM",2024-10-01,2,8,0,0,10,624,183
43500,"Silver City, NM",2024-11-01,6,11,1,0,18,642,189
43500,"Silver City, NM",2024-12-01,8,3,3,1,15,657,197
43500,"Silver City, NM",2025-01-01,12,9,3,0,24,681,209
43500,"Silver City, NM",2025-02-01,4,5,5,1,15,696,213
43500,"Silver City, NM",2025-03-01,4,6,4,0,14,710,217
43500,"Silver City, NM",2025-04-01,6,4,3,0,13,723,223
43500,"Silver City, NM",2025-05-01,3,8,3,0,14,737,226
43500,"Silver City, NM",2025-06-01,7,13,4,0,24,761,233
43500,"Silver City, NM",2025-07-01,5,9,2,0,16,777,238
43500,"Silver City, NM",2025-08-01,5,7,0,1,13,790,243
44100,"Springfield, IL",2019-01-01,0,25,4,2,31,31,0
44100,"Springfield, IL",2019-02-01,0,31,7,1,39,70,0
44100,"Springfield, IL",2019-03-01,4,46,7,1,58,128,4
44100,"Springfield, IL",2019-04-01,2,38,13,3,56,184,6
44100,"Springfield, IL",2019-05-01,3,45,9,0,57,241,9
44100,"Springfield, IL",2019-06-01,0,17,5,2,24,265,9
44100,"Springfield, IL",2019-07-01,2,36,8,0,46,311,11
44100,"Springfield, IL",2019-08-01,0,16,6,0,22,333,11
44100,"Springfield, IL",2019-09-01,6,52,8,1,67,400,17
44100,"Springfield, IL",2019-10-01,6,41,7,1,55,455,23
44100,"Springfield, IL",2019-11-01,8,50,16,1,75,530,31
44100,"Springfield, IL",2019-12-01,4,38,8,2,52,582,35
44100,"Springfield, IL",2020-01-01,3,44,6,0,53,635,38
44100,"Springfield, IL",2020-02-01,6,41,13,0,60,695,44
44100,"Springfield, IL",2020-03-01,12,66,13,1,92,787,56
44100,"Springfield, IL",2020-04-01,13,78,14,2,107,894,69
44100,"Springfield, IL",2020-05-01,87,171,29,4,291,1185,156
44100,"Springfield, IL",2020-06-01,33,83,15,5,136,1321,189
44100,"Springfield, IL",2020-07-01,33,104,26,1,164,1485,222
44100,"Springfield, IL",2020-08-01,38,133,33,2,206,1691,260
44100,"Springfield, IL",2020-09-01,33,106,19,1,159,1850,293
44100,"Springfield, IL",2020-10-01,21,100,15,3,139,1989,314
44100,"Springfield, IL",2020-11-01,15,61,10,1,87,2076,329
44100,"Springfield, IL",2020-12-01,17,47,11,0,75,2151,346
44100,"Springfield, IL",2021-01-01,80,141,43,2,266,2417,426
44100,"Springfield, IL",2021-02-01,88,176,45,1,310,2727,514
44100,"Springfield, IL",2021-03-01,78,208,28,2,316,3043,592
44100,"Springfield, IL",2021-04-01,97,185,39,5,326,3369,689
44100,"Springfield, IL",2021-05-01,33,103,25,0,161,3530,722
44100,"Springfield, IL",2021-06-01,25,88,13,2,128,3658,747
44100,"Springfield, IL",2021-07-01,17,60,6,2,85,3743,764
44100,"Springfield, IL",2021-08-01,39,119,23,1,182,3925,803
44100,"Springfield, IL",2021-09-01,57,158,35,5,255,4180,860
44100,"Springfield, IL",2021-10-01,16,72,24,3,115,4295,876
44100,"Springfield, IL",2021-11-01,17,70,19,1,107,4402,893
44100,"Springfield, IL",2021-12-01,56,143,29,2,230,4632,949
44100,"Springfield, IL",2022-01-01,92,158,47,2,299,4931,1041
44100,"Springfield, IL",2022-02-01,46,126,33,2,207,5138,1087
44100,"Springfield, IL",2022-03-01,70,168,42,3,283,5421,1157
44100,"Springfield, IL",2022-04-01,31,94,20,0,145,5566,1188
44100,"Springfield, IL",2022-05-01,26,68,18,0,112,5678,1214
44100,"Springfield, IL",2022-06-01,18,43,4,1,66,5744,1232
44100,"Springfield, IL",2022-07-01,17,44,10,1,72,5816,1249
44100,"Springfield, IL",2022-08-01,19,55,17,0,91,5907,1268
44100,"Springfield, IL",2022-09-01,70,124,38,3,235,6142,1338
44100,"Springfield, IL",2022-10-01,41,89,29,1,160,6302,1379
44100,"Springfield, IL",2022-11-01,56,103,17,0,176,6478,1435
44100,"Springfield, IL",2022-12-01,74,82,29,0,185,6663,1509
44100,"Springfield, IL",2023-01-01,68,136,34,1,239,6902,1577
44100,"Springfield, IL",2023-02-01,60,94,42,0,196,7098,1637
44100,"Springfield, IL",2023-03-01,87,188,44,3,322,7420,1724
44100,"Springfield, IL",2023-04-01,65,118,37,3,223,7643,1789
44100,"Springfield, IL",2023-05-01,36,53,12,1,102,7745,1825
44100,"Springfield, IL",2023-06-01,20,40,17,1,78,7823,1845
44100,"Springfield, IL",2023-07-01,37,53,8,0,98,7921,1882
44100,"Springfield, IL",2023-08-01,29,46,19,2,96,8017,1911
44100,"Springfield, IL",2023-09-01,68,123,44,4,239,8256,1979
44100,"Springfield, IL",2023-10-01,45,94,28,4,171,8427,2024
44100,"Springfield, IL",2023-11-01,86,116,36,2,240,8667,2110
44100,"Springfield, IL",2023-12-01,104,121,31,4,260,8927,2214
44100,"Springfield, IL",2024-01-01,112,113,38,4,267,9194,2326
44100,"Springfield, IL",2024-02-01,75,112,29,1,217,9411,2401
44100,"Springfield, IL",2024-03-01,105,125,47,4,281,9692,2506
44100,"Springfield, IL",2024-04-01,72,136,34,5,247,9939,2578
44100,"Springfield, IL",2024-05-01,95,145,24,3,267,10206,2673
44100,"Springfield, IL",2024-06-01,45,75,20,0,140,10346,2718
44100,"Springfield, IL",2024-07-01,28,55,23,3,109,10455,2746
44100,"Springfield, IL",2024-08-01,24,56,9,0,89,10544,2770
44100,"Springfield, IL",2024-09-01,50,85,29,3,167,10711,2820
44100,"Springfield, IL",2024-10-01,75,101,34,4,214,10925,2895
44100,"Springfield, IL",2024-11-01,73,96,32,2,203,11128,2968
44100,"Springfield, IL",2024-12-01,73,92,26,2,193,11321,3041
44100,"Springfield, IL",2025-01-01,88,118,39,4,249,11570,3129
44100,"Springfield, IL",2025-02-01,103,95,36,4,238,11808,3232
44100,"Springfield, IL",2025-03-01,109,111,40,1,261,12069,3341
44100,"Springfield, IL",2025-04-01,77,102,21,2,202,12271,3418
44100,"Springfield, IL",2025-05-01,116,99,30,3,248,12519,3534
44100,"Springfield, IL",2025-06-01,64,101,26,4,195,12714,3598
44100,"Springfield, IL",2025-07-01,66,79,22,3,170,12884,3664
44100,"Springfield, IL",2025-08-01,66,81,26,3,176,13060,3730
44100,"Springfield, IL",2025-09-01,1,0,0,0,1,13061,3731
15940,"Canton-Massillon, OH",2019-01-01,2,67,26,1,96,96,2
15940,"Canton-Massillon, OH",2019-02-01,3,118,24,5,150,246,5
15940,"Canton-Massillon, OH",2019-03-01,4,138,44,3,189,435,9
15940,"Canton-Massillon, OH",2019-04-01,2,121,34,3,160,595,11
15940,"Canton-Massillon, OH",2019-05-01,4,112,27,1,144,739,15
15940,"Canton-Massillon, OH",2019-06-01,5,68,14,2,89,828,20
15940,"Canton-Massillon, OH",2019-07-01,9,99,25,3,136,964,29
15940,"Canton-Massillon, OH",2019-08-01,12,92,29,3,136,1100,41
15940,"Canton-Massillon, OH",2019-09-01,8,100,32,3,143,1243,49
15940,"Canton-Massillon, OH",2019-10-01,7,78,20,1,106,1349,56
15940,"Canton-Massillon, OH",2019-11-01,15,85,24,3,127,1476,71
15940,"Canton-Massillon, OH",2019-12-01,19,108,27,1,155,1631,90
15940,"Canton-Massillon, OH",2020-01-01,23,116,29,2,170,1801,113
15940,"Canton-Massillon, OH",2020-02-01,36,111,28,5,180,1981,149
15940,"Canton-Massillon, OH",2020-03-01,37,137,47,7,228,2209,186
15940,"Canton-Massillon, OH",2020-04-01,131,353,101,11,596,2805,317
15940,"Canton-Massillon, OH",2020-05-01,277,472,118,16,883,3688,594
15940,"Canton-Massillon, OH",2020-06-01,147,340,75,3,565,4253,741
15940,"Canton-Massillon, OH",2020-07-01,146,373,68,4,591,4844,887
15940,"Canton-Massillon, OH",2020-08-01,88,337,79,7,511,5355,975
15940,"Canton-Massillon, OH",2020-09-01,98,306,67,6,477,5832,1073
15940,"Canton-Massillon, OH",2020-10-01,96,287,80,13,476,6308,1169
15940,"Canton-Massillon, OH",2020-11-01,84,208,45,7,344,6652,1253
15940,"Canton-Massillon, OH",2020-12-01,152,345,83,11,591,7243,1405
15940,"Canton-Massillon, OH",2021-01-01,168,374,114,5,661,7904,1573
15940,"Canton-Massillon, OH",2021-02-01,126,284,96,8,514,8418,1699
15940,"Canton-Massillon, OH",2021-03-01,149,285,74,9,517,8935,1848
15940,"Canton-Massillon, OH",2021-04-01,138,387,108,16,649,9584,1986
15940,"Canton-Massillon, OH",2021-05-01,154,428,100,17,699,10283,2140
15940,"Canton-Massillon, OH",2021-06-01,123,380,98,15,616,10899,2263
15940,"Canton-Massillon, OH",2021-07-01,125,334,99,19,577,11476,2388
15940,"Canton-Massillon, OH",2021-08-01,80,279,72,16,447,11923,2468
15940,"Canton-Massillon, OH",2021-09-01,100,297,116,11,524,12447,2568
15940,"Canton-Massillon, OH",2021-10-01,84,277,105,13,479,12926,2652
15940,"Canton-Massillon, OH",2021-11-01,101,298,76,10,485,13411,2753
15940,"Canton-Massillon, OH",2021-12-01,167,308,82,10,567,13978,2920
15940,"Canton-Massillon, OH",2022-01-01,140,305,88,8,541,14519,3060
15940,"Canton-Massillon, OH",2022-02-01,138,228,74,7,447,14966,3198
15940,"Canton-Massillon, OH",2022-03-01,120,265,88,13,486,15452,3318
15940,"Canton-Massillon, OH",2022-04-01,112,234,87,12,445,15897,3430
15940,"Canton-Massillon, OH",2022-05-01,107,238,77,8,430,16327,3537
15940,"Canton-Massillon, OH",2022-06-01,69,128,58,11,266,16593,3606
15940,"Canton-Massillon, OH",2022-07-01,86,169,58,0,313,16906,3692
15940,"Canton-Massillon, OH",2022-08-01,73,158,42,5,278,17184,3765
15940,"Canton-Massillon, OH",2022-09-01,99,161,51,4,315,17499,3864
15940,"Canton-Massillon, OH",2022-10-01,109,184,70,9,372,17871,3973
15940,"Canton-Massillon, OH",2022-11-01,107,190,70,7,374,18245,4080
15940,"Canton-Massillon, OH",2022-12-01,139,161,74,8,382,18627,4219
15940,"Canton-Massillon, OH",2023-01-01,140,207,84,8,439,19066,4359
15940,"Canton-Massillon, OH",2023-02-01,146,182,70,7,405,19471,4505
15940,"Canton-Massillon, OH",2023-03-01,150,253,84,10,497,19968,4655
15940,"Canton-Massillon, OH",2023-04-01,140,173,61,10,384,20352,4795
15940,"Canton-Massillon, OH",2023-05-01,101,123,46,8,278,20630,4896
15940,"Canton-Massillon, OH",2023-06-01,59,82,26,3,170,20800,4955
15940,"Canton-Massillon, OH",2023-07-01,68,151,40,5,264,21064,5023
15940,"Canton-Massillon, OH",2023-08-01,137,199,81,4,421,21485,5160
15940,"Canton-Massillon, OH",2023-09-01,129,180,65,11,385,21870,5289
15940,"Canton-Massillon, OH",2023-10-01,143,182,60,5,390,22260,5432
15940,"Canton-Massillon, OH",2023-11-01,134,215,82,7,438,22698,5566
15940,"Canton-Massillon, OH",2023-12-01,172,176,75,7,430,23128,5738
15940,"Canton-Massillon, OH",2024-01-01,199,207,77,8,491,23619,5937
15940,"Canton-Massillon, OH",2024-02-01,171,166,59,7,403,24022,6108
15940,"Canton-Massillon, OH",2024-03-01,193,176,53,15,437,24459,6301
15940,"Canton-Massillon, OH",2024-04-01,146,175,54,8,383,24842,6447
15940,"Canton-Massillon, OH",2024-05-01,195,196,76,11,478,25320,6642
15940,"Canton-Massillon, OH",2024-06-01,175,163,70,6,414,25734,6817
15940,"Canton-Massillon, OH",2024-07-01,155,200,56,12,423,26157,6972
15940,"Canton-Massillon, OH",2024-08-01,155,191,58,11,415,26572,7127
15940,"Canton-Massillon, OH",2024-09-01,156,190,66,3,415,26987,7283
15940,"Canton-Massillon, OH",2024-10-01,152,204,61,8,425,27412,7435
15940,"Canton-Massillon, OH",2024-11-01,202,171,68,11,452,27864,7637
15940,"Canton-Massillon, OH",2024-12-01,210,169,73,10,462,28326,7847
15940,"Canton-Massillon, OH",2025-01-01,198,193,69,8,468,28794,8045
15940,"Canton-Massillon, OH",2025-02-01,198,142,59,5,404,29198,8243
15940,"Canton-Massillon, OH",2025-03-01,193,174,63,5,435,29633,8436
15940,"Canton-Massillon, OH",2025-04-01,179,182,66,8,435,30068,8615
15940,"Canton-Massillon, OH",2025-05-01,227,226,67,7,527,30595,8842
15940,"Canton-Massillon, OH",2025-06-01,203,164,61,8,436,31031,9045
15940,"Canton-Massillon, OH",2025-07-01,168,151,58,6,383,31414,9213
15940,"Canton-Massillon, OH",2025-08-01,128,162,58,8,356,31770,9341
15940,"Canton-Massillon, OH",2025-09-01,2,4,2,0,8,31778,9343
45820,"Topeka, KS",2019-01-01,1,14,5,2,22,22,1
45820,"Topeka, KS",2019-02-01,0,28,6,0,34,56,1
45820,"Topeka, KS",2019-03-01,1,49,6,0,56,112,2
45820,"Topeka, KS",2019-04-01,3,39,9,0,51,163,5
45820,"Topeka, KS",2019-05-01,0,31,8,0,39,202,5
45820,"Topeka, KS",2019-06-01,4,41,5,2,52,254,9
45820,"Topeka, KS",2019-07-01,0,30,11,5,46,300,9
45820,"Topeka, KS",2019-08-01,2,39,8,1,50,350,11
45820,"Topeka, KS",2019-09-01,4,42,12,0,58,408,15
45820,"Topeka, KS",2019-10-01,1,29,7,0,37,445,16
45820,"Topeka, KS",2019-11-01,5,33,8,0,46,491,21
45820,"Topeka, KS",2019-12-01,2,38,4,0,44,535,23
45820,"Topeka, KS",2020-01-01,3,28,11,0,42,577,26
45820,"Topeka, KS",2020-02-01,6,33,5,4,48,625,32
45820,"Topeka, KS",2020-03-01,5,41,7,4,57,682,37
45820,"Topeka, KS",2020-04-01,34,124,22,4,184,866,71
45820,"Topeka, KS",2020-05-01,42,108,27,4,181,1047,113
45820,"Topeka, KS",2020-06-01,36,76,14,2,128,1175,149
45820,"Topeka, KS",2020-07-01,40,117,24,4,185,1360,189
45820,"Topeka, KS",2020-08-01,40,117,20,2,179,1539,229
45820,"Topeka, KS",2020-09-01,25,99,18,2,144,1683,254
45820,"Topeka, KS",2020-10-01,29,84,15,2,130,1813,283
45820,"Topeka, KS",2020-11-01,13,37,9,0,59,1872,296
45820,"Topeka, KS",2020-12-01,11,27,6,0,44,1916,307
45820,"Topeka, KS",2021-01-01,76,138,22,1,237,2153,383
45820,"Topeka, KS",2021-02-01,45,106,21,5,177,2330,428
45820,"Topeka, KS",2021-03-01,80,116,26,5,227,2557,508
45820,"Topeka, KS",2021-04-01,56,146,29,4,235,2792,564
45820,"Topeka, KS",2021-05-01,62,134,27,3,226,3018,626
45820,"Topeka, KS",2021-06-01,45,103,27,3,178,3196,671
45820,"Topeka, KS",2021-07-01,28,75,17,1,121,3317,699
45820,"Topeka, KS",2021-08-01,42,106,33,3,184,3501,741
45820,"Topeka, KS",2021-09-01,32,88,20,3,143,3644,773
45820,"Topeka, KS",2021-10-01,25,67,16,1,109,3753,798
45820,"Topeka, KS",2021-11-01,22,72,11,0,105,3858,820
45820,"Topeka, KS",2021-12-01,62,134,33,2,231,4089,882
45820,"Topeka, KS",2022-01-01,85,172,45,4,306,4395,967
45820,"Topeka, KS",2022-02-01,58,79,19,3,159,4554,1025
45820,"Topeka, KS",2022-03-01,66,105,34,3,208,4762,1091
45820,"Topeka, KS",2022-04-01,58,114,30,6,208,4970,1149
45820,"Topeka, KS",2022-05-01,54,86,22,3,165,5135,1203
45820,"Topeka, KS",2022-06-01,36,45,23,1,105,5240,1239
45820,"Topeka, KS",2022-07-01,28,63,12,2,105,5345,1267
45820,"Topeka, KS",2022-08-01,36,82,29,4,151,5496,1303
45820,"Topeka, KS",2022-09-01,31,65,23,3,122,5618,1334
45820,"Topeka, KS",2022-10-01,34,63,17,4,118,5736,1368
45820,"Topeka, KS",2022-11-01,73,119,18,0,210,5946,1441
45820,"Topeka, KS",2022-12-01,76,90,32,4,202,6148,1517
45820,"Topeka, KS",2023-01-01,72,98,32,2,204,6352,1589
45820,"Topeka, KS",2023-02-01,45,81,21,2,149,6501,1634
45820,"Topeka, KS",2023-03-01,106,109,33,6,254,6755,1740
45820,"Topeka, KS",2023-04-01,56,94,29,4,183,6938,1796
45820,"Topeka, KS",2023-05-01,33,56,12,3,104,7042,1829
45820,"Topeka, KS",2023-06-01,26,26,11,0,63,7105,1855
45820,"Topeka, KS",2023-07-01,17,27,8,2,54,7159,1872
45820,"Topeka, KS",2023-08-01,38,68,24,5,135,7294,1910
45820,"Topeka, KS",2023-09-01,54,82,24,1,161,7455,1964
45820,"Topeka, KS",2023-10-01,56,87,21,0,164,7619,2020
45820,"Topeka, KS",2023-11-01,57,93,25,7,182,7801,2077
45820,"Topeka, KS",2023-12-01,83,65,36,3,187,7988,2160
45820,"Topeka, KS",2024-01-01,91,97,25,6,219,8207,2251
45820,"Topeka, KS",2024-02-01,84,97,30,2,213,8420,2335
45820,"Topeka, KS",2024-03-01,66,76,27,4,173,8593,2401
45820,"Topeka, KS",2024-04-01,56,70,23,4,153,8746,2457
45820,"Topeka, KS",2024-05-01,58,76,21,1,156,8902,2515
45820,"Topeka, KS",2024-06-01,63,65,30,2,160,9062,2578
45820,"Topeka, KS",2024-07-01,52,77,17,1,147,9209,2630
45820,"Topeka, KS",2024-08-01,50,60,16,3,129,9338,2680
45820,"Topeka, KS",2024-09-01,55,84,26,2,167,9505,2735
45820,"Topeka, KS",2024-10-01,72,96,30,3,201,9706,2807
45820,"Topeka, KS",2024-11-01,89,87,28,2,206,9912,2896
45820,"Topeka, KS",2024-12-01,98,87,26,2,213,10125,2994
45820,"Topeka, KS",2025-01-01,79,88,28,1,196,10321,3073
45820,"Topeka, KS",2025-02-01,100,71,24,1,196,10517,3173
45820,"Topeka, KS",2025-03-01,100,85,20,6,211,10728,3273
45820,"Topeka, KS",2025-04-01,105,94,20,3,222,10950,3378
45820,"Topeka, KS",2025-05-01,117,87,31,2,237,11187,3495
45820,"Topeka, KS",2025-06-01,121,99,30,4,254,11441,3616
45820,"Topeka, KS",2025-07-01,119,92,30,1,242,11683,3735
45820,"Topeka, KS",2025-08-01,99,84,28,2,213,11896,3834
45820,"Topeka, KS",2025-09-01,2,3,0,0,5,11901,3836
18900,"Crossville, TN",2019-01-01,0,1,0,0,1,1,0
18900,"Crossville, TN",2019-02-01,0,1,1,0,2,3,0
18900,"Crossville, TN",2019-03-01,0,1,1,0,2,5,0
18900,"Crossville, TN",2019-04-01,0,1,0,0,1,6,0
18900,"Crossville, TN",2019-05-01,0,5,2,0,7,13,0
18900,"Crossville, TN",2019-06-01,0,5,7,0,12,25,0
18900,"Crossville, TN",2019-07-01,1,7,3,0,11,36,1
18900,"Crossville, TN",2019-08-01,0,9,0,0,9,45,1
18900,"Crossville, TN",2019-09-01,0,10,2,2,14,59,1
18900,"Crossville, TN",2019-10-01,0,5,3,0,8,67,1
18900,"Crossville, TN",2019-11-01,1,11,3,0,15,82,2
18900,"Crossville, TN",2019-12-01,1,7,2,0,10,92,3
18900,"Crossville, TN",2020-01-01,1,13,0,0,14,106,4
18900,"Crossville, TN",2020-02-01,2,16,4,0,22,128,6
18900,"Crossville, TN",2020-03-01,4,14,5,0,23,151,10
18900,"Crossville, TN",2020-04-01,7,24,6,1,38,189,17
18900,"Crossville, TN",2020-05-01,5,19,6,1,31,220,22
18900,"Crossville, TN",2020-06-01,4,23,6,1,34,254,26
18900,"Crossville, TN",2020-07-01,4,16,2,0,22,276,30
18900,"Crossville, TN",2020-08-01,2,17,2,1,22,298,32
18900,"Crossville, TN",2020-09-01,4,19,4,1,28,326,36
18900,"Crossville, TN",2020-10-01,6,10,6,0,22,348,42
18900,"Crossville, TN",2020-11-01,5,17,7,0,29,377,47
18900,"Crossville, TN",2020-12-01,6,18,7,0,31,408,53
18900,"Crossville, TN",2021-01-01,9,32,12,0,53,461,62
18900,"Crossville, TN",2021-02-01,9,15,7,1,32,493,71
18900,"Crossville, TN",2021-03-01,11,23,8,0,42,535,82
18900,"Crossville, TN",2021-04-01,14,30,10,2,56,591,96
18900,"Crossville, TN",2021-05-01,15,32,12,1,60,651,111
18900,"Crossville, TN",2021-06-01,13,24,8,1,46,697,124
18900,"Crossville, TN",2021-07-01,9,31,13,0,53,750,133
18900,"Crossville, TN",2021-08-01,10,36,8,2,56,806,143
18900,"Crossville, TN",2021-09-01,9,40,10,0,59,865,152
18900,"Crossville, TN",2021-10-01,6,28,13,0,47,912,158
18900,"Crossville, TN",2021-11-01,10,29,15,0,54,966,168
18900,"Crossville, TN",2021-12-01,7,22,14,0,43,1009,175
18900,"Crossville, TN",2022-01-01,17,47,17,3,84,1093,192
18900,"Crossville, TN",2022-02-01,7,27,12,0,46,1139,199
18900,"Crossville, TN",2022-03-01,9,34,11,0,54,1193,208
18900,"Crossville, TN",2022-04-01,17,32,3,1,53,1246,225
18900,"Crossville, TN",2022-05-01,8,20,8,1,37,1283,233
18900,"Crossville, TN",2022-06-01,15,37,9,0,61,1344,248
18900,"Crossville, TN",2022-07-01,14,23,6,1,44,1388,262
18900,"Crossville, TN",2022-08-01,14,37,7,0,58,1446,276
18900,"Crossville, TN",2022-09-01,13,34,15,1,63,1509,289
18900,"Crossville, TN",2022-10-01,13,20,11,0,44,1553,302
18900,"Crossville, TN",2022-11-01,14,38,12,1,65,1618,316
18900,"Crossville, TN",2022-12-01,22,33,15,2,72,1690,338
18900,"Crossville, TN",2023-01-01,18,34,12,2,66,1756,356
18900,"Crossville, TN",2023-02-01,13,26,14,2,55,1811,369
18900,"Crossville, TN",2023-03-01,17,29,18,1,65,1876,386
18900,"Crossville, TN",2023-04-01,14,25,12,0,51,1927,400
18900,"Crossville, TN",2023-05-01,4,18,5,0,27,1954,404
18900,"Crossville, TN",2023-06-01,12,20,6,0,38,1992,416
18900,"Crossville, TN",2023-07-01,7,16,2,0,25,2017,423
18900,"Crossville, TN",2023-08-01,12,12,4,1,29,2046,435
18900,"Crossville, TN",2023-09-01,9,16,2,0,27,2073,444
18900,"Crossville, TN",2023-10-01,7,22,6,0,35,2108,451
18900,"Crossville, TN",2023-11-01,20,28,5,3,56,2164,471
18900,"Crossville, TN",2023-12-01,17,25,9,0,51,2215,488
18900,"Crossville, TN",2024-01-01,23,22,10,1,56,2271,511
18900,"Crossville, TN",2024-02-01,22,20,9,1,52,2323,533
18900,"Crossville, TN",2024-03-01,22,23,7,2,54,2377,555
18900,"Crossville, TN",2024-04-01,15,31,8,0,54,2431,570
18900,"Crossville, TN",2024-05-01,17,26,3,0,46,2477,587
18900,"Crossville, TN",2024-06-01,18,31,11,1,61,2538,605
18900,"Crossville, TN",2024-07-01,11,14,4,0,29,2567,616
18900,"Crossville, TN",2024-08-01,13,22,3,0,38,2605,629
18900,"Crossville, TN",2024-09-01,16,22,8,0,46,2651,645
18900,"Crossville, TN",2024-10-01,18,19,14,2,53,2704,663
18900,"Crossville, TN",2024-11-01,27,17,14,2,60,2764,690
18900,"Crossville, TN",2024-12-01,21,28,15,2,66,2830,711
18900,"Crossville, TN",2025-01-01,17,26,13,3,59,2889,728
18900,"Crossville, TN",2025-02-01,21,18,7,1,47,2936,749
18900,"Crossville, TN",2025-03-01,19,25,8,1,53,2989,768
18900,"Crossville, TN",2025-04-01,21,19,10,2,52,3041,789
18900,"Crossville, TN",2025-05-01,20,22,7,1,50,3091,809
18900,"Crossville, TN",2025-06-01,18,25,10,1,54,3145,827
18900,"Crossville, TN",2025-07-01,29,26,12,1,68,3213,856
18900,"Crossville, TN",2025-08-01,16,16,2,0,34,3247,872
18900,"Crossville, TN",2025-09-01,1,0,0,0,1,3248,873
11820,"Astoria, OR",2019-01-01,0,1,1,1,3,3,0
11820,"Astoria, OR",2019-02-01,0,1,1,0,2,5,0
11820,"Astoria, OR",2019-03-01,0,1,3,0,4,9,0
11820,"Astoria, OR",2019-04-01,0,2,0,0,2,11,0
11820,"Astoria, OR",2019-05-01,0,5,3,0,8,19,0
11820,"Astoria, OR",2019-06-01,1,6,0,0,7,26,1
11820,"Astoria, OR",2019-07-01,0,1,0,0,1,27,1
11820,"Astoria, OR",2019-08-01,0,2,0,0,2,29,1
11820,"Astoria, OR",2019-09-01,0,5,0,0,5,34,1
11820,"Astoria, OR",2019-10-01,0,3,0,0,3,37,1
11820,"Astoria, OR",2019-11-01,1,3,2,0,6,43,2
11820,"Astoria, OR",2019-12-01,0,4,0,0,4,47,2
11820,"Astoria, OR",2020-01-01,1,2,0,0,3,50,3
11820,"Astoria, OR",2020-02-01,2,4,0,0,6,56,5
11820,"Astoria, OR",2020-03-01,0,3,3,0,6,62,5
11820,"Astoria, OR",2020-04-01,3,7,1,0,11,73,8
11820,"Astoria, OR",2020-05-01,0,3,1,0,4,77,8
11820,"Astoria, OR",2020-06-01,1,10,2,0,13,90,9
11820,"Astoria, OR",2020-07-01,0,11,2,0,13,103,9
11820,"Astoria, OR",2020-08-01,3,6,7,0,16,119,12
11820,"Astoria, OR",2020-09-01,1,6,2,1,10,129,13
11820,"Astoria, OR",2020-10-01,3,9,1,0,13,142,16
11820,"Astoria, OR",2020-11-01,1,6,2,1,10,152,17
11820,"Astoria, OR",2020-12-01,0,6,2,0,8,160,17
11820,"Astoria, OR",2021-01-01,3,14,3,0,20,180,20
11820,"Astoria, OR",2021-02-01,1,4,1,0,6,186,21
11820,"Astoria, OR",2021-03-01,2,16,2,0,20,206,23
11820,"Astoria, OR",2021-04-01,3,15,3,0,21,227,26
11820,"Astoria, OR",2021-05-01,8,23,6,0,37,264,34
11820,"Astoria, OR",2021-06-01,4,19,7,0,30,294,38
11820,"Astoria, OR",2021-07-01,5,14,4,1,24,318,43
11820,"Astoria, OR",2021-08-01,2,16,9,0,27,345,45
11820,"Astoria, OR",2021-09-01,7,12,9,0,28,373,52
11820,"Astoria, OR",2021-10-01,3,17,6,0,26,399,55
11820,"Astoria, OR",2021-11-01,2,18,5,1,26,425,57
11820,"Astoria, OR",2021-12-01,3,24,4,1,32,457,60
11820,"Astoria, OR",2022-01-01,5,25,12,1,43,500,65
11820,"Astoria, OR",2022-02-01,6,19,8,0,33,533,71
11820,"Astoria, OR",2022-03-01,5,12,6,1,24,557,76
11820,"Astoria, OR",2022-04-01,3,23,8,3,37,594,79
11820,"Astoria, OR",2022-05-01,6,12,3,0,21,615,85
11820,"Astoria, OR",2022-06-01,8,17,4,0,29,644,93
11820,"Astoria, OR",2022-07-01,5,18,8,1,32,676,98
11820,"Astoria, OR",2022-08-01,6,9,4,0,19,695,104
11820,"Astoria, OR",2022-09-01,6,14,8,2,30,725,110
11820,"Astoria, OR",2022-10-01,8,17,2,1,28,753,118
11820,"Astoria, OR",2022-11-01,5,20,4,1,30,783,123
11820,"Astoria, OR",2022-12-01,5,21,7,1,34,817,128
11820,"Astoria, OR",2023-01-01,7,23,7,1,38,855,135
11820,"Astoria, OR",2023-02-01,8,13,4,2,27,882,143
11820,"Astoria, OR",2023-03-01,11,31,6,0,48,930,154
11820,"Astoria, OR",2023-04-01,5,8,8,0,21,951,159
11820,"Astoria, OR",2023-05-01,6,12,4,0,22,973,165
11820,"Astoria, OR",2023-06-01,7,14,6,0,27,1000,172
11820,"Astoria, OR",2023-07-01,5,17,8,1,31,1031,177
11820,"Astoria, OR",2023-08-01,4,17,3,0,24,1055,181
11820,"Astoria, OR",2023-09-01,13,13,7,0,33,1088,194
11820,"Astoria, OR",2023-10-01,7,21,3,0,31,1119,201
11820,"Astoria, OR",2023-11-01,9,29,8,0,46,1165,210
11820,"Astoria, OR",2023-12-01,21,13,6,1,41,1206,231
11820,"Astoria, OR",2024-01-01,7,14,8,2,31,1237,238
11820,"Astoria, OR",2024-02-01,15,15,5,1,36,1273,253
11820,"Astoria, OR",2024-03-01,9,18,10,0,37,1310,262
11820,"Astoria, OR",2024-04-01,6,14,5,2,27,1337,268
11820,"Astoria, OR",2024-05-01,7,14,6,0,27,1364,275
11820,"Astoria, OR",2024-06-01,10,9,5,1,25,1389,285
11820,"Astoria, OR",2024-07-01,1,9,5,3,18,1407,286
11820,"Astoria, OR",2024-08-01,12,10,6,2,30,1437,298
11820,"Astoria, OR",2024-09-01,10,13,5,1,29,1466,308
11820,"Astoria, OR",2024-10-01,7,18,6,0,31,1497,315
11820,"Astoria, OR",2024-11-01,11,13,11,0,35,1532,326
11820,"Astoria, OR",2024-12-01,11,15,5,1,32,1564,337
11820,"Astoria, OR",2025-01-01,12,18,4,0,34,1598,349
11820,"Astoria, OR",2025-02-01,5,11,6,0,22,1620,354
11820,"Astoria, OR",2025-03-01,11,12,6,0,29,1649,365
11820,"Astoria, OR",2025-04-01,12,8,5,0,25,1674,377
11820,"Astoria, OR",2025-05-01,8,13,1,0,22,1696,385
11820,"Astoria, OR",2025-06-01,11,17,3,0,31,1727,396
11820,"Astoria, OR",2025-07-01,13,20,5,1,39,1766,409
11820,"Astoria, OR",2025-08-01,8,12,1,0,21,1787,417
11820,"Astoria, OR",2025-09-01,0,1,0,0,1,1788,417
22140,"Farmington, NM",2019-01-01,0,3,1,1,5,5,0
22140,"Farmington, NM",2019-02-01,0,6,2,0,8,13,0
22140,"Farmington, NM",2019-03-01,0,2,5,0,7,20,0
22140,"Farmington, NM",2019-04-01,0,12,2,1,15,35,0
22140,"Farmington, NM",2019-05-01,0,21,7,0,28,63,0
22140,"Farmington, NM",2019-06-01,0,7,2,0,9,72,0
22140,"Farmington, NM",2019-07-01,0,11,3,0,14,86,0
22140,"Farmington, NM",2019-08-01,2,12,5,1,20,106,2
22140,"Farmington, NM",2019-09-01,3,16,3,1,23,129,5
22140,"Farmington, NM",2019-10-01,1,16,3,1,21,150,6
22140,"Farmington, NM",2019-11-01,0,10,3,0,13,163,6
22140,"Farmington, NM",2019-12-01,2,13,2,0,17,180,8
22140,"Farmington, NM",2020-01-01,2,12,5,0,19,199,10
22140,"Farmington, NM",2020-02-01,3,7,4,0,14,213,13
22140,"Farmington, NM",2020-03-01,0,13,4,1,18,231,13
22140,"Farmington, NM",2020-04-01,5,28,10,1,44,275,18
22140,"Farmington, NM",2020-05-01,9,22,4,0,35,310,27
22140,"Farmington, NM",2020-06-01,14,26,3,0,43,353,41
22140,"Farmington, NM",2020-07-01,10,34,5,0,49,402,51
22140,"Farmington, NM",2020-08-01,6,19,4,0,29,431,57
22140,"Farmington, NM",2020-09-01,1,18,2,1,22,453,58
22140,"Farmington, NM",2020-10-01,8,14,3,0,25,478,66
22140,"Farmington, NM",2020-11-01,10,11,8,0,29,507,76
22140,"Farmington, NM",2020-12-01,5,25,6,0,36,543,81
22140,"Farmington, NM",2021-01-01,11,30,6,0,47,590,92
22140,"Farmington, NM",2021-02-01,10,30,10,0,50,640,102
22140,"Farmington, NM",2021-03-01,18,51,11,0,80,720,120
22140,"Farmington, NM",2021-04-01,19,55,15,1,90,810,139
22140,"Farmington, NM",2021-05-01,12,49,6,0,67,877,151
22140,"Farmington, NM",2021-06-01,19,37,8,3,67,944,170
22140,"Farmington, NM",2021-07-01,10,37,6,0,53,997,180
22140,"Farmington, NM",2021-08-01,7,24,4,0,35,1032,187
22140,"Farmington, NM",2021-09-01,11,32,8,1,52,1084,198
22140,"Farmington, NM",2021-10-01,12,25,4,0,41,1125,210
22140,"Farmington, NM",2021-11-01,6,25,3,0,34,1159,216
22140,"Farmington, NM",2021-12-01,17,37,7,0,61,1220,233
22140,"Farmington, NM",2022-01-01,24,42,9,0,75,1295,257
22140,"Farmington, NM",2022-02-01,13,25,7,0,45,1340,270
22140,"Farmington, NM",2022-03-01,14,35,8,0,57,1397,284
22140,"Farmington, NM",2022-04-01,15,33,4,0,52,1449,299
22140,"Farmington, NM",2022-05-01,10,28,8,1,47,1496,309
22140,"Farmington, NM",2022-06-01,14,20,3,0,37,1533,323
22140,"Farmington, NM",2022-07-01,13,28,2,0,43,1576,336
22140,"Farmington, NM",2022-08-01,16,34,7,0,57,1633,352
22140,"Farmington, NM",2022-09-01,18,37,7,1,63,1696,370
22140,"Farmington, NM",2022-10-01,7,22,9,1,39,1735,377
22140,"Farmington, NM",2022-11-01,11,44,8,0,63,1798,388
22140,"Farmington, NM",2022-12-01,16,26,4,0,46,1844,404
22140,"Farmington, NM",2023-01-01,17,32,3,1,53,1897,421
22140,"Farmington, NM",2023-02-01,14,21,6,0,41,1938,435
22140,"Farmington, NM",2023-03-01,24,33,11,1,69,2007,459
22140,"Farmington, NM",2023-04-01,13,24,6,1,44,2051,472
22140,"Farmington, NM",2023-05-01,11,18,5,0,34,2085,483
22140,"Farmington, NM",2023-06-01,8,12,3,0,23,2108,491
22140,"Farmington, NM",2023-07-01,22,27,4,0,53,2161,513
22140,"Farmington, NM",2023-08-01,5,14,0,0,19,2180,518
22140,"Farmington, NM",2023-09-01,15,21,0,0,36,2216,533
22140,"Farmington, NM",2023-10-01,14,36,5,0,55,2271,547
22140,"Farmington, NM",2023-11-01,26,28,11,1,66,2337,573
22140,"Farmington, NM",2023-12-01,25,36,12,0,73,2410,598
22140,"Farmington, NM",2024-01-01,18,25,8,0,51,2461,616
22140,"Farmington, NM",2024-02-01,24,26,5,0,55,2516,640
22140,"Farmington, NM",2024-03-01,25,25,6,3,59,2575,665
22140,"Farmington, NM",2024-04-01,21,22,8,1,52,2627,686
22140,"Farmington, NM",2024-05-01,17,28,4,1,50,2677,703
22140,"Farmington, NM",2024-06-01,16,29,3,0,48,2725,719
22140,"Farmington, NM",2024-07-01,15,20,10,0,45,2770,734
22140,"Farmington, NM",2024-08-01,3,13,5,0,21,2791,737
22140,"Farmington, NM",2024-09-01,11,12,5,0,28,2819,748
22140,"Farmington, NM",2024-10-01,24,38,9,1,72,2891,772
22140,"Farmington, NM",2024-11-01,15,14,4,0,33,2924,787
22140,"Farmington, NM",2024-12-01,25,29,7,0,61,2985,812
22140,"Farmington, NM",2025-01-01,14,21,4,0,39,3024,826
22140,"Farmington, NM",2025-02-01,23,24,7,0,54,3078,849
22140,"Farmington, NM",2025-03-01,37,34,12,0,83,3161,886
22140,"Farmington, NM",2025-04-01,19,19,3,0,41,3202,905
22140,"Farmington, NM",2025-05-01,24,30,4,0,58,3260,929
22140,"Farmington, NM",2025-06-01,23,34,9,0,66,3326,952
22140,"Farmington, NM",2025-07-01,18,32,3,0,53,3379,970
22140,"Farmington, NM",2025-08-01,30,39,6,3,78,3457,1000
44060,"Spokane-Spokane Valley, WA",2019-01-01,3,57,21,2,83,83,3
44060,"Spokane-Spokane Valley, WA",2019-02-01,4,69,15,2,90,173,7
44060,"Spokane-Spokane Valley, WA",2019-03-01,5,71,13,4,93,266,12
44060,"Spokane-Spokane Valley, WA",2019-04-01,7,77,12,2,98,364,19
44060,"Spokane-Spokane Valley, WA",2019-05-01,4,62,20,3,89,453,23
44060,"Spokane-Spokane Valley, WA",2019-06-01,7,61,6,1,75,528,30
44060,"Spokane-Spokane Valley, WA",2019-07-01,11,60,15,2,88,616,41
44060,"Spokane-Spokane Valley, WA",2019-08-01,10,67,19,1,97,713,51
44060,"Spokane-Spokane Valley, WA",2019-09-01,10,91,11,2,114,827,61
44060,"Spokane-Spokane Valley, WA",2019-10-01,8,45,16,0,69,896,69
44060,"Spokane-Spokane Valley, WA",2019-11-01,8,55,13,3,79,975,77
44060,"Spokane-Spokane Valley, WA",2019-12-01,2,65,18,1,86,1061,79
44060,"Spokane-Spokane Valley, WA",2020-01-01,16,79,23,2,120,1181,95
44060,"Spokane-Spokane Valley, WA",2020-02-01,13,76,18,2,109,1290,108
44060,"Spokane-Spokane Valley, WA",2020-03-01,17,67,17,4,105,1395,125
44060,"Spokane-Spokane Valley, WA",2020-04-01,81,263,47,10,401,1796,206
44060,"Spokane-Spokane Valley, WA",2020-05-01,144,292,53,5,494,2290,350
44060,"Spokane-Spokane Valley, WA",2020-06-01,68,165,21,4,258,2548,418
44060,"Spokane-Spokane Valley, WA",2020-07-01,106,304,54,7,471,3019,524
44060,"Spokane-Spokane Valley, WA",2020-08-01,119,296,63,9,487,3506,643
44060,"Spokane-Spokane Valley, WA",2020-09-01,95,247,57,5,404,3910,738
44060,"Spokane-Spokane Valley, WA",2020-10-01,50,152,23,1,226,4136,788
44060,"Spokane-Spokane Valley, WA",2020-11-01,69,193,49,5,316,4452,857
44060,"Spokane-Spokane Valley, WA",2020-12-01,82,174,31,4,291,4743,939
44060,"Spokane-Spokane Valley, WA",2021-01-01,173,361,63,10,607,5350,1112
44060,"Spokane-Spokane Valley, WA",2021-02-01,73,172,36,7,288,5638,1185
44060,"Spokane-Spokane Valley, WA",2021-03-01,166,348,78,3,595,6233,1351
44060,"Spokane-Spokane Valley, WA",2021-04-01,141,321,74,8,544,6777,1492
44060,"Spokane-Spokane Valley, WA",2021-05-01,74,189,38,2,303,7080,1566
44060,"Spokane-Spokane Valley, WA",2021-06-01,61,148,30,3,242,7322,1627
44060,"Spokane-Spokane Valley, WA",2021-07-01,148,403,95,11,657,7979,1775
44060,"Spokane-Spokane Valley, WA",2021-08-01,135,367,69,3,574,8553,1910
44060,"Spokane-Spokane Valley, WA",2021-09-01,104,265,57,4,430,8983,2014
44060,"Spokane-Spokane Valley, WA",2021-10-01,57,161,53,6,277,9260,2071
44060,"Spokane-Spokane Valley, WA",2021-11-01,71,136,32,3,242,9502,2142
44060,"Spokane-Spokane Valley, WA",2021-12-01,121,288,71,6,486,9988,2263
44060,"Spokane-Spokane Valley, WA",2022-01-01,297,551,121,8,977,10965,2560
44060,"Spokane-Spokane Valley, WA",2022-02-01,163,269,87,13,532,11497,2723
44060,"Spokane-Spokane Valley, WA",2022-03-01,130,239,63,6,438,11935,2853
44060,"Spokane-Spokane Valley, WA",2022-04-01,62,120,35,1,218,12153,2915
44060,"Spokane-Spokane Valley, WA",2022-05-01,98,168,37,1,304,12457,3013
44060,"Spokane-Spokane Valley, WA",2022-06-01,110,152,35,6,303,12760,3123
44060,"Spokane-Spokane Valley, WA",2022-07-01,114,191,47,0,352,13112,3237
44060,"Spokane-Spokane Valley, WA",2022-08-01,187,301,64,9,561,13673,3424
44060,"Spokane-Spokane Valley, WA",2022-09-01,145,315,98,6,564,14237,3569
44060,"Spokane-Spokane Valley, WA",2022-10-01,130,253,70,6,459,14696,3699
44060,"Spokane-Spokane Valley, WA",2022-11-01,156,283,94,9,542,15238,3855
44060,"Spokane-Spokane Valley, WA",2022-12-01,195,304,101,9,609,15847,4050
44060,"Spokane-Spokane Valley, WA",2023-01-01,221,442,108,13,784,16631,4271
44060,"Spokane-Spokane Valley, WA",2023-02-01,175,283,88,8,554,17185,4446
44060,"Spokane-Spokane Valley, WA",2023-03-01,197,327,109,12,645,17830,4643
44060,"Spokane-Spokane Valley, WA",2023-04-01,141,220,59,5,425,18255,4784
44060,"Spokane-Spokane Valley, WA",2023-05-01,80,90,27,2,199,18454,4864
44060,"Spokane-Spokane Valley, WA",2023-06-01,65,86,33,4,188,18642,4929
44060,"Spokane-Spokane Valley, WA",2023-07-01,93,134,24,5,256,18898,5022
44060,"Spokane-Spokane Valley, WA",2023-08-01,149,272,80,6,507,19405,5171
44060,"Spokane-Spokane Valley, WA",2023-09-01,159,238,68,13,478,19883,5330
44060,"Spokane-Spokane Valley, WA",2023-10-01,134,180,63,5,382,20265,5464
44060,"Spokane-Spokane Valley, WA",2023-11-01,194,264,78,11,547,20812,5658
44060,"Spokane-Spokane Valley, WA",2023-12-01,187,267,61,9,524,21336,5845
44060,"Spokane-Spokane Valley, WA",2024-01-01,215,268,79,10,572,21908,6060
44060,"Spokane-Spokane Valley, WA",2024-02-01,199,241,75,12,527,22435,6259
44060,"Spokane-Spokane Valley, WA",2024-03-01,204,234,73,8,519,22954,6463
44060,"Spokane-Spokane Valley, WA",2024-04-01,159,198,55,8,420,23374,6622
44060,"Spokane-Spokane Valley, WA",2024-05-01,188,194,77,11,470,23844,6810
44060,"Spokane-Spokane Valley, WA",2024-06-01,185,182,56,8,431,24275,6995
44060,"Spokane-Spokane Valley, WA",2024-07-01,205,250,64,10,529,24804,7200
44060,"Spokane-Spokane Valley, WA",2024-08-01,89,125,29,2,245,25049,7289
44060,"Spokane-Spokane Valley, WA",2024-09-01,133,142,43,6,324,25373,7422
44060,"Spokane-Spokane Valley, WA",2024-10-01,219,233,62,11,525,25898,7641
44060,"Spokane-Spokane Valley, WA",2024-11-01,236,238,51,3,528,26426,7877
44060,"Spokane-Spokane Valley, WA",2024-12-01,229,273,84,6,592,27018,8106
44060,"Spokane-Spokane Valley, WA",2025-01-01,246,259,76,15,596,27614,8352
44060,"Spokane-Spokane Valley, WA",2025-02-01,201,252,76,7,536,28150,8553
44060,"Spokane-Spokane Valley, WA",2025-03-01,221,224,80,4,529,28679,8774
44060,"Spokane-Spokane Valley, WA",2025-04-01,162,164,47,4,377,29056,8936
44060,"Spokane-Spokane Valley, WA",2025-05-01,239,220,62,5,526,29582,9175
44060,"Spokane-Spokane Valley, WA",2025-06-01,231,212,48,4,495,30077,9406
44060,"Spokane-Spokane Valley, WA",2025-07-01,227,182,52,3,464,30541,9633
44060,"Spokane-Spokane Valley, WA",2025-08-01,220,180,52,5,457,30998,9853
44060,"Spokane-Spokane Valley, WA",2025-09-01,3,7,2,0,12,31010,9856
42020,"San Luis Obispo-Paso Robles, CA",2019-01-01,3,51,11,0,65,65,3
42020,"San Luis Obispo-Paso Robles, CA",2019-02-01,4,46,3,2,55,120,7
42020,"San Luis Obispo-Paso Robles, CA",2019-03-01,3,36,15,3,57,177,10
42020,"San Luis Obispo-Paso Robles, CA",2019-04-01,3,53,12,2,70,247,13
42020,"San Luis Obispo-Paso Robles, CA",2019-05-01,5,52,9,0,66,313,18
42020,"San Luis Obispo-Paso Robles, CA",2019-06-01,5,51,5,0,61,374,23
42020,"San Luis Obispo-Paso Robles, CA",2019-07-01,19,50,8,2,79,453,42
42020,"San Luis Obispo-Paso Robles, CA",2019-08-01,13,46,9,0,68,521,55
42020,"San Luis Obispo-Paso Robles, CA",2019-09-01,13,53,8,2,76,597,68
42020,"San Luis Obispo-Paso Robles, CA",2019-10-01,6,65,7,2,80,677,74
42020,"San Luis Obispo-Paso Robles, CA",2019-11-01,6,36,7,0,49,726,80
42020,"San Luis Obispo-Paso Robles, CA",2019-12-01,10,33,8,0,51,777,90
42020,"San Luis Obispo-Paso Robles, CA",2020-01-01,8,37,12,0,57,834,98
42020,"San Luis Obispo-Paso Robles, CA",2020-02-01,6,31,1,0,38,872,104
42020,"San Luis Obispo-Paso Robles, CA",2020-03-01,20,56,13,3,92,964,124
42020,"San Luis Obispo-Paso Robles, CA",2020-04-01,52,132,25,7,216,1180,176
42020,"San Luis Obispo-Paso Robles, CA",2020-05-01,120,154,26,2,302,1482,296
42020,"San Luis Obispo-Paso Robles, CA",2020-06-01,98,150,26,3,277,1759,394
42020,"San Luis Obispo-Paso Robles, CA",2020-07-01,100,220,33,2,355,2114,494
42020,"San Luis Obispo-Paso Robles, CA",2020-08-01,75,170,21,1,267,2381,569
42020,"San Luis Obispo-Paso Robles, CA",2020-09-01,87,143,23,2,255,2636,656
42020,"San Luis Obispo-Paso Robles, CA",2020-10-01,49,137,27,2,215,2851,705
42020,"San Luis Obispo-Paso Robles, CA",2020-11-01,43,64,17,4,128,2979,748
42020,"San Luis Obispo-Paso Robles, CA",2020-12-01,47,53,6,4,110,3089,795
42020,"San Luis Obispo-Paso Robles, CA",2021-01-01,34,76,10,0,120,3209,829
42020,"San Luis Obispo-Paso Robles, CA",2021-02-01,23,64,16,2,105,3314,852
42020,"San Luis Obispo-Paso Robles, CA",2021-03-01,89,140,31,3,263,3577,941
42020,"San Luis Obispo-Paso Robles, CA",2021-04-01,39,66,25,4,134,3711,980
42020,"San Luis Obispo-Paso Robles, CA",2021-05-01,29,55,17,4,105,3816,1009
42020,"San Luis Obispo-Paso Robles, CA",2021-06-01,44,69,14,5,132,3948,1053
42020,"San Luis Obispo-Paso Robles, CA",2021-07-01,33,39,10,3,85,4033,1086
42020,"San Luis Obispo-Paso Robles, CA",2021-08-01,31,48,11,2,92,4125,1117
42020,"San Luis Obispo-Paso Robles, CA",2021-09-01,42,82,19,2,145,4270,1159
42020,"San Luis Obispo-Paso Robles, CA",2021-10-01,15,35,12,0,62,4332,1174
42020,"San Luis Obispo-Paso Robles, CA",2021-11-01,24,61,17,1,103,4435,1198
42020,"San Luis Obispo-Paso Robles, CA",2021-12-01,23,50,19,1,93,4528,1221
42020,"San Luis Obispo-Paso Robles, CA",2022-01-01,52,124,36,3,215,4743,1273
42020,"San Luis Obispo-Paso Robles, CA",2022-02-01,36,74,24,5,139,4882,1309
42020,"San Luis Obispo-Paso Robles, CA",2022-03-01,21,41,16,1,79,4961,1330
42020,"San Luis Obispo-Paso Robles, CA",2022-04-01,27,48,16,4,95,5056,1357
42020,"San Luis Obispo-Paso Robles, CA",2022-05-01,22,50,22,1,95,5151,1379
42020,"San Luis Obispo-Paso Robles, CA",2022-06-01,21,32,10,2,65,5216,1400
42020,"San Luis Obispo-Paso Robles, CA",2022-07-01,18,35,18,1,72,5288,1418
42020,"San Luis Obispo-Paso Robles, CA",2022-08-01,94,146,32,11,283,5571,1512
42020,"San Luis Obispo-Paso Robles, CA",2022-09-01,80,134,54,3,271,5842,1592
42020,"San Luis Obispo-Paso Robles, CA",2022-10-01,56,90,21,2,169,6011,1648
42020,"San Luis Obispo-Paso Robles, CA",2022-11-01,91,89,36,6,222,6233,1739
42020,"San Luis Obispo-Paso Robles, CA",2022-12-01,72,122,27,2,223,6456,1811
42020,"San Luis Obispo-Paso Robles, CA",2023-01-01,53,78,24,4,159,6615,1864
42020,"San Luis Obispo-Paso Robles, CA",2023-02-01,54,62,20,3,139,6754,1918
42020,"San Luis Obispo-Paso Robles, CA",2023-03-01,72,98,33,5,208,6962,1990
42020,"San Luis Obispo-Paso Robles, CA",2023-04-01,38,48,19,1,106,7068,2028
42020,"San Luis Obispo-Paso Robles, CA",2023-05-01,30,37,13,2,82,7150,2058
42020,"San Luis Obispo-Paso Robles, CA",2023-06-01,23,36,10,0,69,7219,2081
42020,"San Luis Obispo-Paso Robles, CA",2023-07-01,18,36,13,2,69,7288,2099
42020,"San Luis Obispo-Paso Robles, CA",2023-08-01,31,49,18,8,106,7394,2130
42020,"San Luis Obispo-Paso Robles, CA",2023-09-01,20,52,12,2,86,7480,2150
42020,"San Luis Obispo-Paso Robles, CA",2023-10-01,17,48,14,2,81,7561,2167
42020,"San Luis Obispo-Paso Robles, CA",2023-11-01,68,82,37,5,192,7753,2235
42020,"San Luis Obispo-Paso Robles, CA",2023-12-01,72,99,25,3,199,7952,2307
42020,"San Luis Obispo-Paso Robles, CA",2024-01-01,61,92,28,2,183,8135,2368
42020,"San Luis Obispo-Paso Robles, CA",2024-02-01,31,66,19,2,118,8253,2399
42020,"San Luis Obispo-Paso Robles, CA",2024-03-01,27,66,26,1,120,8373,2426
42020,"San Luis Obispo-Paso Robles, CA",2024-04-01,61,74,21,9,165,8538,2487
42020,"San Luis Obispo-Paso Robles, CA",2024-05-01,47,100,31,5,183,8721,2534
42020,"San Luis Obispo-Paso Robles, CA",2024-06-01,25,70,20,3,118,8839,2559
42020,"San Luis Obispo-Paso Robles, CA",2024-07-01,28,69,14,6,117,8956,2587
42020,"San Luis Obispo-Paso Robles, CA",2024-08-01,13,62,12,4,91,9047,2600
42020,"San Luis Obispo-Paso Robles, CA",2024-09-01,11,49,10,3,73,9120,2611
42020,"San Luis Obispo-Paso Robles, CA",2024-10-01,28,54,11,1,94,9214,2639
42020,"San Luis Obispo-Paso Robles, CA",2024-11-01,18,34,11,3,66,9280,2657
42020,"San Luis Obispo-Paso Robles, CA",2024-12-01,17,35,14,0,66,9346,2674
42020,"San Luis Obispo-Paso Robles, CA",2025-01-01,17,48,7,1,73,9419,2691
42020,"San Luis Obispo-Paso Robles, CA",2025-02-01,18,31,7,0,56,9475,2709
42020,"San Luis Obispo-Paso Robles, CA",2025-03-01,15,30,4,1,50,9525,2724
42020,"San Luis Obispo-Paso Robles, CA",2025-04-01,14,20,3,1,38,9563,2738
42020,"San Luis Obispo-Paso Robles, CA",2025-05-01,27,37,6,1,71,9634,2765
42020,"San Luis Obispo-Paso Robles, CA",2025-06-01,14,20,8,0,42,9676,2779
42020,"San Luis Obispo-Paso Robles, CA",2025-07-01,13,20,6,0,39,9715,2792
42020,"San Luis Obispo-Paso Robles, CA",2025-08-01,6,13,1,0,20,9735,2798
39460,"Punta Gorda, FL",2019-01-01,0,19,13,2,34,34,0
39460,"Punta Gorda, FL",2019-02-01,0,20,11,1,32,66,0
39460,"Punta Gorda, FL",2019-03-01,1,25,12,2,40,106,1
39460,"Punta Gorda, FL",2019-04-01,1,27,11,0,39,145,2
39460,"Punta Gorda, FL",2019-05-01,1,20,17,4,42,187,3
39460,"Punta Gorda, FL",2019-06-01,1,16,4,1,22,209,4
39460,"Punta Gorda, FL",2019-07-01,2,19,13,0,34,243,6
39460,"Punta Gorda, FL",2019-08-01,3,27,16,1,47,290,9
39460,"Punta Gorda, FL",2019-09-01,4,24,13,3,44,334,13
39460,"Punta Gorda, FL",2019-10-01,1,12,8,0,21,355,14
39460,"Punta Gorda, FL",2019-11-01,2,10,6,2,20,375,16
39460,"Punta Gorda, FL",2019-12-01,2,13,6,2,23,398,18
39460,"Punta Gorda, FL",2020-01-01,3,23,8,1,35,433,21
39460,"Punta Gorda, FL",2020-02-01,1,14,9,2,26,459,22
39460,"Punta Gorda, FL",2020-03-01,3,24,10,3,40,499,25
39460,"Punta Gorda, FL",2020-04-01,7,54,20,4,85,584,32
39460,"Punta Gorda, FL",2020-05-01,32,59,34,8,133,717,64
39460,"Punta Gorda, FL",2020-06-01,15,46,17,1,79,796,79
39460,"Punta Gorda, FL",2020-07-01,23,63,24,2,112,908,102
39460,"Punta Gorda, FL",2020-08-01,21,93,23,5,142,1050,123
39460,"Punta Gorda, FL",2020-09-01,20,67,29,3,119,1169,143
39460,"Punta Gorda, FL",2020-10-01,11,44,26,3,84,1253,154
39460,"Punta Gorda, FL",2020-11-01,7,37,20,1,65,1318,161
39460,"Punta Gorda, FL",2020-12-01,27,34,13,4,78,1396,188
39460,"Punta Gorda, FL",2021-01-01,49,114,37,7,207,1603,237
39460,"Punta Gorda, FL",2021-02-01,18,61,24,2,105,1708,255
39460,"Punta Gorda, FL",2021-03-01,51,85,34,7,177,1885,306
39460,"Punta Gorda, FL",2021-04-01,63,101,54,10,228,2113,369
39460,"Punta Gorda, FL",2021-05-01,43,112,41,8,204,2317,412
39460,"Punta Gorda, FL",2021-06-01,14,52,16,3,85,2402,426
39460,"Punta Gorda, FL",2021-07-01,26,75,31,4,136,2538,452
39460,"Punta Gorda, FL",2021-08-01,17,96,30,4,147,2685,469
39460,"Punta Gorda, FL",2021-09-01,21,68,31,0,120,2805,490
39460,"Punta Gorda, FL",2021-10-01,7,39,18,1,65,2870,497
39460,"Punta Gorda, FL",2021-11-01,25,50,26,6,107,2977,522
39460,"Punta Gorda, FL",2021-12-01,29,74,24,6,133,3110,551
39460,"Punta Gorda, FL",2022-01-01,68,126,65,8,267,3377,619
39460,"Punta Gorda, FL",2022-02-01,31,79,39,10,159,3536,650
39460,"Punta Gorda, FL",2022-03-01,44,108,50,14,216,3752,694
39460,"Punta Gorda, FL",2022-04-01,45,99,48,9,201,3953,739
39460,"Punta Gorda, FL",2022-05-01,32,95,41,3,171,4124,771
39460,"Punta Gorda, FL",2022-06-01,15,42,19,1,77,4201,786
39460,"Punta Gorda, FL",2022-07-01,18,28,20,3,69,4270,804
39460,"Punta Gorda, FL",2022-08-01,15,35,18,2,70,4340,819
39460,"Punta Gorda, FL",2022-09-01,28,34,33,3,98,4438,847
39460,"Punta Gorda, FL",2022-10-01,49,116,58,12,235,4673,896
39460,"Punta Gorda, FL",2022-11-01,32,79,38,7,156,4829,928
39460,"Punta Gorda, FL",2022-12-01,45,80,38,4,167,4996,973
39460,"Punta Gorda, FL",2023-01-01,39,120,28,6,193,5189,1012
39460,"Punta Gorda, FL",2023-02-01,31,72,38,5,146,5335,1043
39460,"Punta Gorda, FL",2023-03-01,34,96,40,5,175,5510,1077
39460,"Punta Gorda, FL",2023-04-01,35,94,44,6,179,5689,1112
39460,"Punta Gorda, FL",2023-05-01,23,34,13,0,70,5759,1135
39460,"Punta Gorda, FL",2023-06-01,15,32,9,0,56,5815,1150
39460,"Punta Gorda, FL",2023-07-01,10,44,12,1,67,5882,1160
39460,"Punta Gorda, FL",2023-08-01,11,30,5,0,46,5928,1171
39460,"Punta Gorda, FL",2023-09-01,4,46,11,2,63,5991,1175
39460,"Punta Gorda, FL",2023-10-01,18,57,17,4,96,6087,1193
39460,"Punta Gorda, FL",2023-11-01,44,113,42,5,204,6291,1237
39460,"Punta Gorda, FL",2023-12-01,65,109,48,8,230,6521,1302
39460,"Punta Gorda, FL",2024-01-01,50,123,66,4,243,6764,1352
39460,"Punta Gorda, FL",2024-02-01,47,109,36,7,199,6963,1399
39460,"Punta Gorda, FL",2024-03-01,41,102,43,10,196,7159,1440
39460,"Punta Gorda, FL",2024-04-01,44,107,32,5,188,7347,1484
39460,"Punta Gorda, FL",2024-05-01,32,85,28,1,146,7493,1516
39460,"Punta Gorda, FL",2024-06-01,28,70,20,5,123,7616,1544
39460,"Punta Gorda, FL",2024-07-01,11,30,13,2,56,7672,1555
39460,"Punta Gorda, FL",2024-08-01,9,21,10,3,43,7715,1564
39460,"Punta Gorda, FL",2024-09-01,16,37,15,1,69,7784,1580
39460,"Punta Gorda, FL",2024-10-01,30,106,27,6,169,7953,1610
39460,"Punta Gorda, FL",2024-11-01,39,107,40,3,189,8142,1649
39460,"Punta Gorda, FL",2024-12-01,32,93,28,3,156,8298,1681
39460,"Punta Gorda, FL",2025-01-01,50,101,59,10,220,8518,1731
39460,"Punta Gorda, FL",2025-02-01,37,79,33,5,154,8672,1768
39460,"Punta Gorda, FL",2025-03-01,43,85,38,5,171,8843,1811
39460,"Punta Gorda, FL",2025-04-01,47,102,49,7,205,9048,1858
39460,"Punta Gorda, FL",2025-05-01,52,86,38,6,182,9230,1910
39460,"Punta Gorda, FL",2025-06-01,56,121,37,4,218,9448,1966
39460,"Punta Gorda, FL",2025-07-01,37,70,37,7,151,9599,2003
39460,"Punta Gorda, FL",2025-08-01,26,61,24,3,114,9713,2029
39460,"Punta Gorda, FL",2025-09-01,0,1,0,0,1,9714,2029
14940,"Brigham City, UT-ID",2019-01-01,0,5,0,0,5,5,0
14940,"Brigham City, UT-ID",2019-02-01,0,2,0,0,2,7,0
14940,"Brigham City, UT-ID",2019-03-01,0,7,3,0,10,17,0
14940,"Brigham City, UT-ID",2019-04-01,1,3,3,0,7,24,1
14940,"Brigham City, UT-ID",2019-05-01,0,4,1,1,6,30,1
14940,"Brigham City, UT-ID",2019-06-01,1,10,1,0,12,42,2
14940,"Brigham City, UT-ID",2019-07-01,3,4,4,0,11,53,5
14940,"Brigham City, UT-ID",2019-08-01,1,1,2,0,4,57,6
14940,"Brigham City, UT-ID",2019-09-01,0,9,2,0,11,68,6
14940,"Brigham City, UT-ID",2019-10-01,0,6,1,0,7,75,6
14940,"Brigham City, UT-ID",2019-11-01,1,4,3,0,8,83,7
14940,"Brigham City, UT-ID",2019-12-01,3,8,7,0,18,101,10
14940,"Brigham City, UT-ID",2020-01-01,2,9,5,0,16,117,12
14940,"Brigham City, UT-ID",2020-02-01,1,8,2,1,12,129,13
14940,"Brigham City, UT-ID",2020-03-01,1,6,2,1,10,139,14
14940,"Brigham City, UT-ID",2020-04-01,6,24,4,1,35,174,20
14940,"Brigham City, UT-ID",2020-05-01,3,16,4,2,25,199,23
14940,"Brigham City, UT-ID",2020-06-01,6,10,4,0,20,219,29
14940,"Brigham City, UT-ID",2020-07-01,3,21,5,0,29,248,32
14940,"Brigham City, UT-ID",2020-08-01,7,23,9,0,39,287,39
14940,"Brigham City, UT-ID",2020-09-01,6,14,6,1,27,314,45
14940,"Brigham City, UT-ID",2020-10-01,9,25,10,2,46,360,54
14940,"Brigham City, UT-ID",2020-11-01,5,19,2,0,26,386,59
14940,"Brigham City, UT-ID",2020-12-01,9,24,5,0,38,424,68
14940,"Brigham City, UT-ID",2021-01-01,20,25,9,1,55,479,88
14940,"Brigham City, UT-ID",2021-02-01,5,26,8,1,40,519,93
14940,"Brigham City, UT-ID",2021-03-01,13,37,4,1,55,574,106
14940,"Brigham City, UT-ID",2021-04-01,8,25,6,0,39,613,114
14940,"Brigham City, UT-ID",2021-05-01,5,38,6,0,49,662,119
14940,"Brigham City, UT-ID",2021-06-01,12,29,6,1,48,710,131
14940,"Brigham City, UT-ID",2021-07-01,7,33,6,1,47,757,138
14940,"Brigham City, UT-ID",2021-08-01,7,25,9,0,41,798,145
14940,"Brigham City, UT-ID",2021-09-01,7,28,7,1,43,841,152
14940,"Brigham City, UT-ID",2021-10-01,5,24,4,1,34,875,157
14940,"Brigham City, UT-ID",2021-11-01,11,13,6,3,33,908,168
14940,"Brigham City, UT-ID",2021-12-01,16,41,11,2,70,978,184
14940,"Brigham City, UT-ID",2022-01-01,31,54,17,1,103,1081,215
14940,"Brigham City, UT-ID",2022-02-01,10,23,11,2,46,1127,225
14940,"Brigham City, UT-ID",2022-03-01,16,26,11,2,55,1182,241
14940,"Brigham City, UT-ID",2022-04-01,5,24,8,0,37,1219,246
14940,"Brigham City, UT-ID",2022-05-01,11,26,4,1,42,1261,257
14940,"Brigham City, UT-ID",2022-06-01,12,24,2,0,38,1299,269
14940,"Brigham City, UT-ID",2022-07-01,9,27,6,1,43,1342,278
14940,"Brigham City, UT-ID",2022-08-01,10,25,11,1,47,1389,288
14940,"Brigham City, UT-ID",2022-09-01,19,24,7,1,51,1440,307
14940,"Brigham City, UT-ID",2022-10-01,9,16,5,1,31,1471,316
14940,"Brigham City, UT-ID",2022-11-01,11,39,12,1,63,1534,327
14940,"Brigham City, UT-ID",2022-12-01,20,36,7,1,64,1598,347
14940,"Brigham City, UT-ID",2023-01-01,22,37,12,2,73,1671,369
14940,"Brigham City, UT-ID",2023-02-01,22,31,9,4,66,1737,391
14940,"Brigham City, UT-ID",2023-03-01,22,51,13,2,88,1825,413
14940,"Brigham City, UT-ID",2023-04-01,14,34,12,2,62,1887,427
14940,"Brigham City, UT-ID",2023-05-01,10,24,6,0,40,1927,437
14940,"Brigham City, UT-ID",2023-06-01,16,25,4,0,45,1972,453
14940,"Brigham City, UT-ID",2023-07-01,15,19,6,1,41,2013,468
14940,"Brigham City, UT-ID",2023-08-01,8,15,6,0,29,2042,476
14940,"Brigham City, UT-ID",2023-09-01,13,15,4,1,33,2075,489
14940,"Brigham City, UT-ID",2023-10-01,19,31,7,0,57,2132,508
14940,"Brigham City, UT-ID",2023-11-01,28,31,4,0,63,2195,536
14940,"Brigham City, UT-ID",2023-12-01,32,31,12,2,77,2272,568
14940,"Brigham City, UT-ID",2024-01-01,24,36,12,1,73,2345,592
14940,"Brigham City, UT-ID",2024-02-01,20,29,10,0,59,2404,612
14940,"Brigham City, UT-ID",2024-03-01,12,19,8,0,39,2443,624
14940,"Brigham City, UT-ID",2024-04-01,14,20,5,1,40,2483,638
14940,"Brigham City, UT-ID",2024-05-01,9,29,2,1,41,2524,647
14940,"Brigham City, UT-ID",2024-06-01,5,16,4,0,25,2549,652
14940,"Brigham City, UT-ID",2024-07-01,8,24,8,1,41,2590,660
14940,"Brigham City, UT-ID",2024-08-01,8,17,7,0,32,2622,668
14940,"Brigham City, UT-ID",2024-09-01,4,25,10,1,40,2662,672
14940,"Brigham City, UT-ID",2024-10-01,15,25,12,1,53,2715,687
14940,"Brigham City, UT-ID",2024-11-01,36,56,10,0,102,2817,723
14940,"Brigham City, UT-ID",2024-12-01,32,46,6,1,85,2902,755
14940,"Brigham City, UT-ID",2025-01-01,16,40,10,1,67,2969,771
14940,"Brigham City, UT-ID",2025-02-01,14,22,10,0,46,3015,785
14940,"Brigham City, UT-ID",2025-03-01,14,28,8,2,52,3067,799
14940,"Brigham City, UT-ID",2025-04-01,14,26,4,1,45,3112,813
14940,"Brigham City, UT-ID",2025-05-01,18,45,11,1,75,3187,831
14940,"Brigham City, UT-ID",2025-06-01,18,36,7,0,61,3248,849
14940,"Brigham City, UT-ID",2025-07-01,18,30,6,0,54,3302,867
14940,"Brigham City, UT-ID",2025-08-01,8,18,2,0,28,3330,875
14940,"Brigham City, UT-ID",2025-09-01,1,0,0,0,1,3331,876
10540,"Albany, OR",2019-01-01,0,10,3,0,13,13,0
10540,"Albany, OR",2019-02-01,1,25,7,1,34,47,1
10540,"Albany, OR",2019-03-01,4,25,5,1,35,82,5
10540,"Albany, OR",2019-04-01,1,30,3,1,35,117,6
10540,"Albany, OR",2019-05-01,2,26,13,0,41,158,8
10540,"Albany, OR",2019-06-01,5,23,3,1,32,190,13
10540,"Albany, OR",2019-07-01,1,25,8,1,35,225,14
10540,"Albany, OR",2019-08-01,3,24,3,1,31,256,17
10540,"Albany, OR",2019-09-01,2,37,6,1,46,302,19
10540,"Albany, OR",2019-10-01,5,27,5,0,37,339,24
10540,"Albany, OR",2019-11-01,7,27,9,2,45,384,31
10540,"Albany, OR",2019-12-01,4,32,4,0,40,424,35
10540,"Albany, OR",2020-01-01,2,32,10,2,46,470,37
10540,"Albany, OR",2020-02-01,9,38,6,2,55,525,46
10540,"Albany, OR",2020-03-01,9,36,8,3,56,581,55
10540,"Albany, OR",2020-04-01,36,104,15,3,158,739,91
10540,"Albany, OR",2020-05-01,57,120,13,5,195,934,148
10540,"Albany, OR",2020-06-01,38,90,14,0,142,1076,186
10540,"Albany, OR",2020-07-01,44,104,21,1,170,1246,230
10540,"Albany, OR",2020-08-01,48,138,8,3,197,1443,278
10540,"Albany, OR",2020-09-01,53,117,19,2,191,1634,331
10540,"Albany, OR",2020-10-01,45,122,25,1,193,1827,376
10540,"Albany, OR",2020-11-01,48,101,22,3,174,2001,424
10540,"Albany, OR",2020-12-01,19,52,5,0,76,2077,443
10540,"Albany, OR",2021-01-01,45,107,19,1,172,2249,488
10540,"Albany, OR",2021-02-01,46,100,17,5,168,2417,534
10540,"Albany, OR",2021-03-01,80,119,24,5,228,2645,614
10540,"Albany, OR",2021-04-01,55,95,24,1,175,2820,669
10540,"Albany, OR",2021-05-01,50,95,23,2,170,2990,719
10540,"Albany, OR",2021-06-01,47,129,25,1,202,3192,766
10540,"Albany, OR",2021-07-01,68,121,20,1,210,3402,834
10540,"Albany, OR",2021-08-01,42,94,20,1,157,3559,876
10540,"Albany, OR",2021-09-01,48,134,22,7,211,3770,924
10540,"Albany, OR",2021-10-01,23,83,23,4,133,3903,947
10540,"Albany, OR",2021-11-01,40,76,9,0,125,4028,987
10540,"Albany, OR",2021-12-01,60,95,22,1,178,4206,1047
10540,"Albany, OR",2022-01-01,72,148,40,3,263,4469,1119
10540,"Albany, OR",2022-02-01,58,95,37,2,192,4661,1177
10540,"Albany, OR",2022-03-01,42,89,29,3,163,4824,1219
10540,"Albany, OR",2022-04-01,41,58,21,0,120,4944,1260
10540,"Albany, OR",2022-05-01,61,87,22,4,174,5118,1321
10540,"Albany, OR",2022-06-01,43,72,17,1,133,5251,1364
10540,"Albany, OR",2022-07-01,46,62,18,2,128,5379,1410
10540,"Albany, OR",2022-08-01,49,64,9,5,127,5506,1459
10540,"Albany, OR",2022-09-01,47,85,25,3,160,5666,1506
10540,"Albany, OR",2022-10-01,54,70,16,3,143,5809,1560
10540,"Albany, OR",2022-11-01,57,102,22,2,183,5992,1617
10540,"Albany, OR",2022-12-01,59,78,21,1,159,6151,1676
10540,"Albany, OR",2023-01-01,58,94,35,2,189,6340,1734
10540,"Albany, OR",2023-02-01,59,75,22,1,157,6497,1793
10540,"Albany, OR",2023-03-01,68,92,31,7,198,6695,1861
10540,"Albany, OR",2023-04-01,56,65,20,0,141,6836,1917
10540,"Albany, OR",2023-05-01,38,65,17,0,120,6956,1955
10540,"Albany, OR",2023-06-01,41,44,19,2,106,7062,1996
10540,"Albany, OR",2023-07-01,45,42,17,1,105,7167,2041
10540,"Albany, OR",2023-08-01,37,33,10,2,82,7249,2078
10540,"Albany, OR",2023-09-01,63,60,15,3,141,7390,2141
10540,"Albany, OR",2023-10-01,47,69,21,5,142,7532,2188
10540,"Albany, OR",2023-11-01,78,91,28,6,203,7735,2266
10540,"Albany, OR",2023-12-01,88,77,26,2,193,7928,2354
10540,"Albany, OR",2024-01-01,78,88,20,2,188,8116,2432
10540,"Albany, OR",2024-02-01,90,60,21,4,175,8291,2522
10540,"Albany, OR",2024-03-01,71,68,25,1,165,8456,2593
10540,"Albany, OR",2024-04-01,54,61,13,1,129,8585,2647
10540,"Albany, OR",2024-05-01,41,49,19,2,111,8696,2688
10540,"Albany, OR",2024-06-01,40,55,15,1,111,8807,2728
10540,"Albany, OR",2024-07-01,53,53,20,1,127,8934,2781
10540,"Albany, OR",2024-08-01,26,47,18,0,91,9025,2807
10540,"Albany, OR",2024-09-01,40,46,16,3,105,9130,2847
10540,"Albany, OR",2024-10-01,87,74,20,0,181,9311,2934
10540,"Albany, OR",2024-11-01,102,76,26,2,206,9517,3036
10540,"Albany, OR",2024-12-01,106,61,27,4,198,9715,3142
10540,"Albany, OR",2025-01-01,89,66,17,2,174,9889,3231
10540,"Albany, OR",2025-02-01,71,80,28,2,181,10070,3302
10540,"Albany, OR",2025-03-01,77,55,28,3,163,10233,3379
10540,"Albany, OR",2025-04-01,75,55,21,1,152,10385,3454
10540,"Albany, OR",2025-05-01,94,58,17,2,171,10556,3548
10540,"Albany, OR",2025-06-01,79,68,18,1,166,10722,3627
10540,"Albany, OR",2025-07-01,70,59,18,4,151,10873,3697
10540,"Albany, OR",2025-08-01,57,57,12,1,127,11000,3754
10540,"Albany, OR",2025-09-01,0,1,0,0,1,11001,3754
28700,"Kingsport-Bristol, TN-VA",2019-01-01,0,10,7,0,17,17,0
28700,"Kingsport-Bristol, TN-VA",2019-02-01,0,40,16,3,59,76,0
28700,"Kingsport-Bristol, TN-VA",2019-03-01,1,42,9,1,53,129,1
28700,"Kingsport-Bristol, TN-VA",2019-04-01,0,43,11,0,54,183,1
28700,"Kingsport-Bristol, TN-VA",2019-05-01,3,59,12,1,75,258,4
28700,"Kingsport-Bristol, TN-VA",2019-06-01,1,38,10,2,51,309,5
28700,"Kingsport-Bristol, TN-VA",2019-07-01,2,33,12,0,47,356,7
28700,"Kingsport-Bristol, TN-VA",2019-08-01,4,42,16,2,64,420,11
28700,"Kingsport-Bristol, TN-VA",2019-09-01,1,30,8,3,42,462,12
28700,"Kingsport-Bristol, TN-VA",2019-10-01,3,16,10,0,29,491,15
28700,"Kingsport-Bristol, TN-VA",2019-11-01,3,22,13,0,38,529,18
28700,"Kingsport-Bristol, TN-VA",2019-12-01,0,30,9,1,40,569,18
28700,"Kingsport-Bristol, TN-VA",2020-01-01,3,41,11,1,56,625,21
28700,"Kingsport-Bristol, TN-VA",2020-02-01,2,35,13,0,50,675,23
28700,"Kingsport-Bristol, TN-VA",2020-03-01,5,44,13,0,62,737,28
28700,"Kingsport-Bristol, TN-VA",2020-04-01,25,142,36,11,214,951,53
28700,"Kingsport-Bristol, TN-VA",2020-05-01,48,192,37,3,280,1231,101
28700,"Kingsport-Bristol, TN-VA",2020-06-01,14,50,14,1,79,1310,115
28700,"Kingsport-Bristol, TN-VA",2020-07-01,33,151,26,4,214,1524,148
28700,"Kingsport-Bristol, TN-VA",2020-08-01,55,229,55,5,344,1868,203
28700,"Kingsport-Bristol, TN-VA",2020-09-01,38,159,37,3,237,2105,241
28700,"Kingsport-Bristol, TN-VA",2020-10-01,22,80,13,0,115,2220,263
28700,"Kingsport-Bristol, TN-VA",2020-11-01,19,86,26,2,133,2353,282
28700,"Kingsport-Bristol, TN-VA",2020-12-01,23,65,14,1,103,2456,305
28700,"Kingsport-Bristol, TN-VA",2021-01-01,119,270,74,4,467,2923,424
28700,"Kingsport-Bristol, TN-VA",2021-02-01,39,114,38,1,192,3115,463
28700,"Kingsport-Bristol, TN-VA",2021-03-01,107,271,81,9,468,3583,570
28700,"Kingsport-Bristol, TN-VA",2021-04-01,82,247,55,3,387,3970,652
28700,"Kingsport-Bristol, TN-VA",2021-05-01,33,133,34,1,201,4171,685
28700,"Kingsport-Bristol, TN-VA",2021-06-01,31,96,19,1,147,4318,716
28700,"Kingsport-Bristol, TN-VA",2021-07-01,41,126,27,1,195,4513,757
28700,"Kingsport-Bristol, TN-VA",2021-08-01,58,193,52,3,306,4819,815
28700,"Kingsport-Bristol, TN-VA",2021-09-01,70,219,56,2,347,5166,885
28700,"Kingsport-Bristol, TN-VA",2021-10-01,30,77,32,1,140,5306,915
28700,"Kingsport-Bristol, TN-VA",2021-11-01,37,86,16,2,141,5447,952
28700,"Kingsport-Bristol, TN-VA",2021-12-01,114,246,62,14,436,5883,1066
28700,"Kingsport-Bristol, TN-VA",2022-01-01,96,265,70,6,437,6320,1162
28700,"Kingsport-Bristol, TN-VA",2022-02-01,61,140,41,4,246,6566,1223
28700,"Kingsport-Bristol, TN-VA",2022-03-01,87,195,50,5,337,6903,1310
28700,"Kingsport-Bristol, TN-VA",2022-04-01,42,125,36,8,211,7114,1352
28700,"Kingsport-Bristol, TN-VA",2022-05-01,65,167,47,5,284,7398,1417
28700,"Kingsport-Bristol, TN-VA",2022-06-01,47,121,25,3,196,7594,1464
28700,"Kingsport-Bristol, TN-VA",2022-07-01,49,126,31,1,207,7801,1513
28700,"Kingsport-Bristol, TN-VA",2022-08-01,84,207,77,8,376,8177,1597
28700,"Kingsport-Bristol, TN-VA",2022-09-01,87,220,78,6,391,8568,1684
28700,"Kingsport-Bristol, TN-VA",2022-10-01,57,112,46,8,223,8791,1741
28700,"Kingsport-Bristol, TN-VA",2022-11-01,79,179,57,2,317,9108,1820
28700,"Kingsport-Bristol, TN-VA",2022-12-01,97,161,73,2,333,9441,1917
28700,"Kingsport-Bristol, TN-VA",2023-01-01,79,180,58,4,321,9762,1996
28700,"Kingsport-Bristol, TN-VA",2023-02-01,64,150,38,4,256,10018,2060
28700,"Kingsport-Bristol, TN-VA",2023-03-01,100,193,60,6,359,10377,2160
28700,"Kingsport-Bristol, TN-VA",2023-04-01,76,126,34,14,250,10627,2236
28700,"Kingsport-Bristol, TN-VA",2023-05-01,36,78,18,1,133,10760,2272
28700,"Kingsport-Bristol, TN-VA",2023-06-01,41,49,19,2,111,10871,2313
28700,"Kingsport-Bristol, TN-VA",2023-07-01,34,63,24,1,122,10993,2347
28700,"Kingsport-Bristol, TN-VA",2023-08-01,36,58,14,1,109,11102,2383
28700,"Kingsport-Bristol, TN-VA",2023-09-01,23,73,18,1,115,11217,2406
28700,"Kingsport-Bristol, TN-VA",2023-10-01,42,70,25,4,141,11358,2448
28700,"Kingsport-Bristol, TN-VA",2023-11-01,90,156,56,4,306,11664,2538
28700,"Kingsport-Bristol, TN-VA",2023-12-01,108,141,68,3,320,11984,2646
28700,"Kingsport-Bristol, TN-VA",2024-01-01,118,144,58,3,323,12307,2764
28700,"Kingsport-Bristol, TN-VA",2024-02-01,120,152,56,5,333,12640,2884
28700,"Kingsport-Bristol, TN-VA",2024-03-01,149,141,67,3,360,13000,3033
28700,"Kingsport-Bristol, TN-VA",2024-04-01,96,145,52,9,302,13302,3129
28700,"Kingsport-Bristol, TN-VA",2024-05-01,125,124,53,3,305,13607,3254
28700,"Kingsport-Bristol, TN-VA",2024-06-01,89,127,42,7,265,13872,3343
28700,"Kingsport-Bristol, TN-VA",2024-07-01,58,110,26,2,196,14068,3401
28700,"Kingsport-Bristol, TN-VA",2024-08-01,39,53,22,2,116,14184,3440
28700,"Kingsport-Bristol, TN-VA",2024-09-01,84,92,28,6,210,14394,3524
28700,"Kingsport-Bristol, TN-VA",2024-10-01,140,162,60,2,364,14758,3664
28700,"Kingsport-Bristol, TN-VA",2024-11-01,139,155,58,10,362,15120,3803
28700,"Kingsport-Bristol, TN-VA",2024-12-01,141,145,66,7,359,15479,3944
28700,"Kingsport-Bristol, TN-VA",2025-01-01,123,145,64,1,333,15812,4067
28700,"Kingsport-Bristol, TN-VA",2025-02-01,128,117,38,6,289,16101,4195
28700,"Kingsport-Bristol, TN-VA",2025-03-01,117,161,42,8,328,16429,4312
28700,"Kingsport-Bristol, TN-VA",2025-04-01,133,155,54,11,353,16782,4445
28700,"Kingsport-Bristol, TN-VA",2025-05-01,146,146,58,8,358,17140,4591
28700,"Kingsport-Bristol, TN-VA",2025-06-01,133,145,56,7,341,17481,4724
28700,"Kingsport-Bristol, TN-VA",2025-07-01,145,138,41,7,331,17812,4869
28700,"Kingsport-Bristol, TN-VA",2025-08-01,100,133,46,3,282,18094,4969
28700,"Kingsport-Bristol, TN-VA",2025-09-01,3,5,1,0,9,18103,4972
20700,"East Stroudsburg, PA",2019-01-01,0,8,3,0,11,11,0
20700,"East Stroudsburg, PA",2019-02-01,1,12,3,0,16,27,1
20700,"East Stroudsburg, PA",2019-03-01,2,22,8,0,32,59,3
20700,"East Stroudsburg, PA",2019-04-01,2,24,5,1,32,91,5
20700,"East Stroudsburg, PA",2019-05-01,3,41,13,2,59,150,8
20700,"East Stroudsburg, PA",2019-06-01,0,39,9,0,48,198,8
20700,"East Stroudsburg, PA",2019-07-01,4,29,9,0,42,240,12
20700,"East Stroudsburg, PA",2019-08-01,1,27,7,2,37,277,13
20700,"East Stroudsburg, PA",2019-09-01,1,14,7,1,23,300,14
20700,"East Stroudsburg, PA",2019-10-01,0,28,4,0,32,332,14
20700,"East Stroudsburg, PA",2019-11-01,3,29,9,2,43,375,17
20700,"East Stroudsburg, PA",2019-12-01,4,18,8,0,30,405,21
20700,"East Stroudsburg, PA",2020-01-01,4,26,2,1,33,438,25
20700,"East Stroudsburg, PA",2020-02-01,3,22,10,1,36,474,28
20700,"East Stroudsburg, PA",2020-03-01,6,30,7,1,44,518,34
20700,"East Stroudsburg, PA",2020-04-01,19,50,16,3,88,606,53
20700,"East Stroudsburg, PA",2020-05-01,26,67,15,1,109,715,79
20700,"East Stroudsburg, PA",2020-06-01,23,60,13,1,97,812,102
20700,"East Stroudsburg, PA",2020-07-01,28,95,13,2,138,950,130
20700,"East Stroudsburg, PA",2020-08-01,26,93,20,2,141,1091,156
20700,"East Stroudsburg, PA",2020-09-01,21,96,11,2,130,1221,177
20700,"East Stroudsburg, PA",2020-10-01,16,85,16,0,117,1338,193
20700,"East Stroudsburg, PA",2020-11-01,28,44,10,0,82,1420,221
20700,"East Stroudsburg, PA",2020-12-01,29,72,20,3,124,1544,250
20700,"East Stroudsburg, PA",2021-01-01,37,83,13,2,135,1679,287
20700,"East Stroudsburg, PA",2021-02-01,30,62,12,3,107,1786,317
20700,"East Stroudsburg, PA",2021-03-01,40,70,14,6,130,1916,357
20700,"East Stroudsburg, PA",2021-04-01,33,80,18,3,134,2050,390
20700,"East Stroudsburg, PA",2021-05-01,38,93,21,2,154,2204,428
20700,"East Stroudsburg, PA",2021-06-01,46,74,22,2,144,2348,474
20700,"East Stroudsburg, PA",2021-07-01,36,83,29,0,148,2496,510
20700,"East Stroudsburg, PA",2021-08-01,20,76,21,3,120,2616,530
20700,"East Stroudsburg, PA",2021-09-01,26,103,27,1,157,2773,556
20700,"East Stroudsburg, PA",2021-10-01,25,56,20,1,102,2875,581
20700,"East Stroudsburg, PA",2021-11-01,21,45,19,2,87,2962,602
20700,"East Stroudsburg, PA",2021-12-01,32,66,26,1,125,3087,634
20700,"East Stroudsburg, PA",2022-01-01,47,90,18,3,158,3245,681
20700,"East Stroudsburg, PA",2022-02-01,29,58,11,1,99,3344,710
20700,"East Stroudsburg, PA",2022-03-01,32,74,20,0,126,3470,742
20700,"East Stroudsburg, PA",2022-04-01,26,57,19,2,104,3574,768
20700,"East Stroudsburg, PA",2022-05-01,30,68,17,1,116,3690,798
20700,"East Stroudsburg, PA",2022-06-01,22,38,10,2,72,3762,820
20700,"East Stroudsburg, PA",2022-07-01,33,41,10,1,85,3847,853
20700,"East Stroudsburg, PA",2022-08-01,27,67,21,2,117,3964,880
20700,"East Stroudsburg, PA",2022-09-01,35,71,17,1,124,4088,915
20700,"East Stroudsburg, PA",2022-10-01,37,49,13,4,103,4191,952
20700,"East Stroudsburg, PA",2022-11-01,33,57,15,2,107,4298,985
20700,"East Stroudsburg, PA",2022-12-01,45,55,18,1,119,4417,1030
20700,"East Stroudsburg, PA",2023-01-01,43,55,19,3,120,4537,1073
20700,"East Stroudsburg, PA",2023-02-01,29,38,17,2,86,4623,1102
20700,"East Stroudsburg, PA",2023-03-01,48,64,20,3,135,4758,1150
20700,"East Stroudsburg, PA",2023-04-01,33,54,22,0,109,4867,1183
20700,"East Stroudsburg, PA",2023-05-01,26,34,11,2,73,4940,1209
20700,"East Stroudsburg, PA",2023-06-01,19,20,9,1,49,4989,1228
20700,"East Stroudsburg, PA",2023-07-01,16,25,4,0,45,5034,1244
20700,"East Stroudsburg, PA",2023-08-01,18,39,14,0,71,5105,1262
20700,"East Stroudsburg, PA",2023-09-01,30,44,10,2,86,5191,1292
20700,"East Stroudsburg, PA",2023-10-01,35,48,27,0,110,5301,1327
20700,"East Stroudsburg, PA",2023-11-01,40,68,26,5,139,5440,1367
20700,"East Stroudsburg, PA",2023-12-01,53,72,24,2,151,5591,1420
20700,"East Stroudsburg, PA",2024-01-01,47,62,23,1,133,5724,1467
20700,"East Stroudsburg, PA",2024-02-01,47,38,23,4,112,5836,1514
20700,"East Stroudsburg, PA",2024-03-01,41,49,22,3,115,5951,1555
20700,"East Stroudsburg, PA",2024-04-01,28,45,15,4,92,6043,1583
20700,"East Stroudsburg, PA",2024-05-01,41,51,17,1,110,6153,1624
20700,"East Stroudsburg, PA",2024-06-01,31,44,24,2,101,6254,1655
20700,"East Stroudsburg, PA",2024-07-01,50,55,12,1,118,6372,1705
20700,"East Stroudsburg, PA",2024-08-01,35,65,22,0,122,6494,1740
20700,"East Stroudsburg, PA",2024-09-01,53,68,19,4,144,6638,1793
20700,"East Stroudsburg, PA",2024-10-01,52,54,27,8,141,6779,1845
20700,"East Stroudsburg, PA",2024-11-01,41,51,18,2,112,6891,1886
20700,"East Stroudsburg, PA",2024-12-01,51,50,21,0,122,7013,1937
20700,"East Stroudsburg, PA",2025-01-01,48,60,18,0,126,7139,1985
20700,"East Stroudsburg, PA",2025-02-01,36,39,19,0,94,7233,2021
20700,"East Stroudsburg, PA",2025-03-01,67,52,17,0,136,7369,2088
20700,"East Stroudsburg, PA",2025-04-01,67,34,22,2,125,7494,2155
20700,"East Stroudsburg, PA",2025-05-01,62,50,22,2,136,7630,2217
20700,"East Stroudsburg, PA",2025-06-01,64,40,27,3,134,7764,2281
20700,"East Stroudsburg, PA",2025-07-01,44,44,19,2,109,7873,2325
20700,"East Stroudsburg, PA",2025-08-01,43,40,16,1,100,7973,2368
20700,"East Stroudsburg, PA",2025-09-01,1,1,2,0,4,7977,2369
46860,"Vernal, UT",2019-01-01,0,1,0,0,1,1,0
46860,"Vernal, UT",2019-03-01,0,0,1,0,1,2,0
46860,"Vernal, UT",2019-04-01,0,1,0,0,1,3,0
46860,"Vernal, UT",2019-05-01,0,2,0,0,2,5,0
46860,"Vernal, UT",2019-06-01,0,3,0,0,3,8,0
46860,"Vernal, UT",2019-07-01,0,2,2,0,4,12,0
46860,"Vernal, UT",2019-08-01,0,2,0,0,2,14,0
46860,"Vernal, UT",2019-09-01,0,2,0,0,2,16,0
46860,"Vernal, UT",2019-10-01,0,1,0,0,1,17,0
46860,"Vernal, UT",2019-11-01,0,2,0,0,2,19,0
46860,"Vernal, UT",2019-12-01,1,0,1,0,2,21,1
46860,"Vernal, UT",2020-01-01,1,1,1,1,4,25,2
46860,"Vernal, UT",2020-02-01,0,2,0,0,2,27,2
46860,"Vernal, UT",2020-03-01,0,1,0,0,1,28,2
46860,"Vernal, UT",2020-04-01,0,1,1,0,2,30,2
46860,"Vernal, UT",2020-05-01,0,5,0,0,5,35,2
46860,"Vernal, UT",2020-06-01,0,4,0,0,4,39,2
46860,"Vernal, UT",2020-07-01,0,2,3,0,5,44,2
46860,"Vernal, UT",2020-08-01,1,2,1,0,4,48,3
46860,"Vernal, UT",2020-09-01,1,5,1,0,7,55,4
46860,"Vernal, UT",2020-10-01,0,4,0,0,4,59,4
46860,"Vernal, UT",2020-11-01,0,3,0,0,3,62,4
46860,"Vernal, UT",2020-12-01,0,2,0,0,2,64,4
46860,"Vernal, UT",2021-01-01,3,4,0,0,7,71,7
46860,"Vernal, UT",2021-03-01,6,4,0,1,11,82,13
46860,"Vernal, UT",2021-04-01,6,20,4,1,31,113,19
46860,"Vernal, UT",2021-05-01,11,16,8,1,36,149,30
46860,"Vernal, UT",2021-06-01,6,26,6,1,39,188,36
46860,"Vernal, UT",2021-07-01,6,21,4,0,31,219,42
46860,"Vernal, UT",2021-08-01,2,21,2,1,26,245,44
46860,"Vernal, UT",2021-09-01,6,18,3,0,27,272,50
46860,"Vernal, UT",2021-10-01,14,19,3,0,36,308,64
46860,"Vernal, UT",2021-11-01,4,26,10,0,40,348,68
46860,"Vernal, UT",2021-12-01,4,24,2,0,30,378,72
46860,"Vernal, UT",2022-01-01,11,28,4,1,44,422,83
46860,"Vernal, UT",2022-02-01,18,24,6,1,49,471,101
46860,"Vernal, UT",2022-03-01,18,19,4,0,41,512,119
46860,"Vernal, UT",2022-04-01,4,18,4,1,27,539,123
46860,"Vernal, UT",2022-05-01,6,11,0,1,18,557,129
46860,"Vernal, UT",2022-06-01,11,21,5,1,38,595,140
46860,"Vernal, UT",2022-07-01,8,20,3,0,31,626,148
46860,"Vernal, UT",2022-08-01,12,17,2,0,31,657,160
46860,"Vernal, UT",2022-09-01,9,23,4,1,37,694,169
46860,"Vernal, UT",2022-10-01,12,12,3,0,27,721,181
46860,"Vernal, UT",2022-11-01,15,10,2,1,28,749,196
46860,"Vernal, UT",2022-12-01,11,16,3,0,30,779,207
46860,"Vernal, UT",2023-01-01,8,31,8,2,49,828,215
46860,"Vernal, UT",2023-02-01,15,20,4,0,39,867,230
46860,"Vernal, UT",2023-03-01,14,32,5,1,52,919,244
46860,"Vernal, UT",2023-04-01,12,20,6,1,39,958,256
46860,"Vernal, UT",2023-05-01,12,16,3,0,31,989,268
46860,"Vernal, UT",2023-06-01,18,11,3,0,32,1021,286
46860,"Vernal, UT",2023-07-01,16,16,3,1,36,1057,302
46860,"Vernal, UT",2023-08-01,6,14,3,0,23,1080,308
46860,"Vernal, UT",2023-09-01,13,18,6,4,41,1121,321
46860,"Vernal, UT",2023-10-01,8,11,4,0,23,1144,329
46860,"Vernal, UT",2023-11-01,9,19,5,1,34,1178,338
46860,"Vernal, UT",2023-12-01,14,10,4,0,28,1206,352
46860,"Vernal, UT",2024-01-01,10,17,5,1,33,1239,362
46860,"Vernal, UT",2024-02-01,22,15,4,1,42,1281,384
46860,"Vernal, UT",2024-03-01,17,19,8,0,44,1325,401
46860,"Vernal, UT",2024-04-01,13,13,0,0,26,1351,414
46860,"Vernal, UT",2024-05-01,10,13,1,1,25,1376,424
46860,"Vernal, UT",2024-06-01,3,4,2,0,9,1385,427
46860,"Vernal, UT",2024-07-01,9,10,3,0,22,1407,436
46860,"Vernal, UT",2024-08-01,6,9,6,0,21,1428,442
46860,"Vernal, UT",2024-09-01,10,11,2,0,23,1451,452
46860,"Vernal, UT",2024-10-01,9,15,5,0,29,1480,461
46860,"Vernal, UT",2024-11-01,5,10,3,0,18,1498,466
46860,"Vernal, UT",2024-12-01,8,16,4,1,29,1527,474
46860,"Vernal, UT",2025-01-01,5,18,4,0,27,1554,479
46860,"Vernal, UT",2025-02-01,6,11,1,0,18,1572,485
46860,"Vernal, UT",2025-03-01,16,16,4,1,37,1609,501
46860,"Vernal, UT",2025-04-01,11,10,3,0,24,1633,512
46860,"Vernal, UT",2025-05-01,8,14,9,0,31,1664,520
46860,"Vernal, UT",2025-06-01,13,14,7,0,34,1698,533
46860,"Vernal, UT",2025-07-01,15,12,4,1,32,1730,548
46860,"Vernal, UT",2025-08-01,16,12,8,0,36,1766,564
30660,"Lincoln, IL",2019-01-01,0,3,2,1,6,6,0
30660,"Lincoln, IL",2019-02-01,0,6,1,1,8,14,0
30660,"Lincoln, IL",2019-03-01,0,3,1,1,5,19,0
30660,"Lincoln, IL",2019-04-01,0,4,5,1,10,29,0
30660,"Lincoln, IL",2019-05-01,1,5,1,0,7,36,1
30660,"Lincoln, IL",2019-06-01,0,1,2,1,4,40,1
30660,"Lincoln, IL",2019-07-01,0,3,1,0,4,44,1
30660,"Lincoln, IL",2019-08-01,0,0,2,0,2,46,1
30660,"Lincoln, IL",2019-09-01,0,6,1,0,7,53,1
30660,"Lincoln, IL",2019-10-01,0,1,2,1,4,57,1
30660,"Lincoln, IL",2019-11-01,0,9,3,0,12,69,1
30660,"Lincoln, IL",2019-12-01,1,5,1,1,8,77,2
30660,"Lincoln, IL",2020-01-01,0,8,1,0,9,86,2
30660,"Lincoln, IL",2020-02-01,1,9,2,0,12,98,3
30660,"Lincoln, IL",2020-03-01,2,13,4,0,19,117,5
30660,"Lincoln, IL",2020-04-01,1,14,3,0,18,135,6
30660,"Lincoln, IL",2020-05-01,8,21,9,0,38,173,14
30660,"Lincoln, IL",2020-06-01,5,15,5,1,26,199,19
30660,"Lincoln, IL",2020-07-01,7,16,6,1,30,229,26
30660,"Lincoln, IL",2020-08-01,4,22,8,1,35,264,30
30660,"Lincoln, IL",2020-09-01,1,14,4,0,19,283,31
30660,"Lincoln, IL",2020-10-01,3,18,3,0,24,307,34
30660,"Lincoln, IL",2020-11-01,3,14,5,1,23,330,37
30660,"Lincoln, IL",2020-12-01,7,9,0,0,16,346,44
30660,"Lincoln, IL",2021-01-01,5,11,4,0,20,366,49
30660,"Lincoln, IL",2021-02-01,11,15,3,0,29,395,60
30660,"Lincoln, IL",2021-03-01,7,13,4,0,24,419,67
30660,"Lincoln, IL",2021-04-01,5,14,5,0,24,443,72
30660,"Lincoln, IL",2021-05-01,7,10,9,0,26,469,79
30660,"Lincoln, IL",2021-06-01,3,13,5,1,22,491,82
30660,"Lincoln, IL",2021-07-01,3,21,3,0,27,518,85
30660,"Lincoln, IL",2021-08-01,4,11,3,0,18,536,89
30660,"Lincoln, IL",2021-09-01,6,19,3,1,29,565,95
30660,"Lincoln, IL",2021-10-01,2,19,3,0,24,589,97
30660,"Lincoln, IL",2021-11-01,4,11,0,0,15,604,101
30660,"Lincoln, IL",2021-12-01,6,12,1,0,19,623,107
30660,"Lincoln, IL",2022-01-01,9,25,9,1,44,667,116
30660,"Lincoln, IL",2022-02-01,9,10,2,0,21,688,125
30660,"Lincoln, IL",2022-03-01,6,16,1,1,24,712,131
30660,"Lincoln, IL",2022-04-01,8,11,3,0,22,734,139
30660,"Lincoln, IL",2022-05-01,3,9,1,0,13,747,142
30660,"Lincoln, IL",2022-06-01,2,6,3,0,11,758,144
30660,"Lincoln, IL",2022-07-01,6,13,2,1,22,780,150
30660,"Lincoln, IL",2022-08-01,3,7,3,0,13,793,153
30660,"Lincoln, IL",2022-09-01,4,12,7,0,23,816,157
30660,"Lincoln, IL",2022-10-01,3,5,3,1,12,828,160
30660,"Lincoln, IL",2022-11-01,5,10,3,2,20,848,165
30660,"Lincoln, IL",2022-12-01,7,12,3,0,22,870,172
30660,"Lincoln, IL",2023-01-01,9,17,6,0,32,902,181
30660,"Lincoln, IL",2023-02-01,5,14,2,0,21,923,186
30660,"Lincoln, IL",2023-03-01,13,17,4,1,35,958,199
30660,"Lincoln, IL",2023-04-01,7,15,7,0,29,987,206
30660,"Lincoln, IL",2023-05-01,2,5,1,0,8,995,208
30660,"Lincoln, IL",2023-06-01,2,7,2,0,11,1006,210
30660,"Lincoln, IL",2023-07-01,5,12,6,0,23,1029,215
30660,"Lincoln, IL",2023-08-01,6,8,3,0,17,1046,221
30660,"Lincoln, IL",2023-09-01,3,9,1,0,13,1059,224
30660,"Lincoln, IL",2023-10-01,2,12,6,0,20,1079,226
30660,"Lincoln, IL",2023-11-01,8,20,2,0,30,1109,234
30660,"Lincoln, IL",2023-12-01,8,12,5,1,26,1135,242
30660,"Lincoln, IL",2024-01-01,9,8,4,1,22,1157,251
30660,"Lincoln, IL",2024-02-01,13,9,5,0,27,1184,264
30660,"Lincoln, IL",2024-03-01,5,13,1,1,20,1204,269
30660,"Lincoln, IL",2024-04-01,7,6,3,1,17,1221,276
30660,"Lincoln, IL",2024-05-01,9,17,7,0,33,1254,285
30660,"Lincoln, IL",2024-06-01,4,5,3,0,12,1266,289
30660,"Lincoln, IL",2024-07-01,3,1,2,0,6,1272,292
30660,"Lincoln, IL",2024-08-01,3,4,0,0,7,1279,295
30660,"Lincoln, IL",2024-09-01,6,7,2,0,15,1294,301
30660,"Lincoln, IL",2024-10-01,4,5,2,0,11,1305,305
30660,"Lincoln, IL",2024-11-01,5,9,3,0,17,1322,310
30660,"Lincoln, IL",2024-12-01,4,7,0,0,11,1333,314
30660,"Lincoln, IL",2025-01-01,10,9,5,0,24,1357,324
30660,"Lincoln, IL",2025-02-01,7,11,3,0,21,1378,331
30660,"Lincoln, IL",2025-03-01,9,6,4,0,19,1397,340
30660,"Lincoln, IL",2025-04-01,8,10,2,2,22,1419,348
30660,"Lincoln, IL",2025-05-01,11,12,1,0,24,1443,359
30660,"Lincoln, IL",2025-06-01,13,29,8,0,50,1493,372
30660,"Lincoln, IL",2025-07-01,11,13,2,0,26,1519,383
30660,"Lincoln, IL",2025-08-01,15,12,5,0,32,1551,398
43020,"Shawano, WI",2019-03-01,0,0,1,0,1,1,0
43020,"Shawano, WI",2019-04-01,0,0,1,0,1,2,0
43020,"Shawano, WI",2019-05-01,0,1,0,0,1,3,0
43020,"Shawano, WI",2019-06-01,0,0,1,0,1,4,0
43020,"Shawano, WI",2019-09-01,0,3,0,0,3,7,0
43020,"Shawano, WI",2019-10-01,0,3,0,0,3,10,0
43020,"Shawano, WI",2019-11-01,0,2,0,0,2,12,0
43020,"Shawano, WI",2019-12-01,0,1,0,0,1,13,0
43020,"Shawano, WI",2020-01-01,0,0,1,0,1,14,0
43020,"Shawano, WI",2020-02-01,0,0,2,0,2,16,0
43020,"Shawano, WI",2020-03-01,1,4,0,0,5,21,1
43020,"Shawano, WI",2020-04-01,0,2,1,1,4,25,1
43020,"Shawano, WI",2020-06-01,2,0,1,0,3,28,3
43020,"Shawano, WI",2020-07-01,0,4,0,0,4,32,3
43020,"Shawano, WI",2020-08-01,0,5,1,0,6,38,3
43020,"Shawano, WI",2020-09-01,1,4,0,0,5,43,4
43020,"Shawano, WI",2020-10-01,1,6,0,0,7,50,5
43020,"Shawano, WI",2020-11-01,1,3,1,0,5,55,6
43020,"Shawano, WI",2020-12-01,0,2,2,0,4,59,6
43020,"Shawano, WI",2021-01-01,1,4,2,0,7,66,7
43020,"Shawano, WI",2021-02-01,9,12,4,0,25,91,16
43020,"Shawano, WI",2021-03-01,5,21,4,1,31,122,21
43020,"Shawano, WI",2021-04-01,7,16,4,0,27,149,28
43020,"Shawano, WI",2021-05-01,9,19,2,0,30,179,37
43020,"Shawano, WI",2021-06-01,2,10,4,0,16,195,39
43020,"Shawano, WI",2021-07-01,3,13,3,0,19,214,42
43020,"Shawano, WI",2021-08-01,2,7,1,0,10,224,44
43020,"Shawano, WI",2021-09-01,5,15,3,0,23,247,49
43020,"Shawano, WI",2021-10-01,4,7,2,0,13,260,53
43020,"Shawano, WI",2021-11-01,4,4,3,0,11,271,57
43020,"Shawano, WI",2021-12-01,3,7,7,0,17,288,60
43020,"Shawano, WI",2022-01-01,10,14,5,0,29,317,70
43020,"Shawano, WI",2022-02-01,4,12,7,2,25,342,74
43020,"Shawano, WI",2022-03-01,5,6,4,0,15,357,79
43020,"Shawano, WI",2022-04-01,5,7,4,0,16,373,84
43020,"Shawano, WI",2022-05-01,5,9,3,0,17,390,89
43020,"Shawano, WI",2022-06-01,1,7,1,0,9,399,90
43020,"Shawano, WI",2022-07-01,6,8,3,0,17,416,96
43020,"Shawano, WI",2022-08-01,5,9,2,0,16,432,101
43020,"Shawano, WI",2022-09-01,5,6,4,1,16,448,106
43020,"Shawano, WI",2022-10-01,1,11,2,0,14,462,107
43020,"Shawano, WI",2022-11-01,4,11,2,0,17,479,111
43020,"Shawano, WI",2022-12-01,3,4,2,0,9,488,114
43020,"Shawano, WI",2023-01-01,5,14,5,0,24,512,119
43020,"Shawano, WI",2023-02-01,6,9,5,0,20,532,125
43020,"Shawano, WI",2023-03-01,10,15,2,0,27,559,135
43020,"Shawano, WI",2023-04-01,6,11,6,0,23,582,141
43020,"Shawano, WI",2023-05-01,5,9,1,0,15,597,146
43020,"Shawano, WI",2023-06-01,9,9,2,0,20,617,155
43020,"Shawano, WI",2023-07-01,4,7,1,0,12,629,159
43020,"Shawano, WI",2023-08-01,2,7,5,0,14,643,161
43020,"Shawano, WI",2023-09-01,3,8,2,0,13,656,164
43020,"Shawano, WI",2023-10-01,2,9,6,0,17,673,166
43020,"Shawano, WI",2023-11-01,4,6,0,0,10,683,170
43020,"Shawano, WI",2023-12-01,5,9,1,0,15,698,175
43020,"Shawano, WI",2024-01-01,2,7,0,1,10,708,177
43020,"Shawano, WI",2024-02-01,12,6,3,1,22,730,189
43020,"Shawano, WI",2024-03-01,5,8,7,0,20,750,194
43020,"Shawano, WI",2024-04-01,5,7,3,1,16,766,199
43020,"Shawano, WI",2024-05-01,7,8,1,0,16,782,206
43020,"Shawano, WI",2024-06-01,7,11,5,1,24,806,213
43020,"Shawano, WI",2024-07-01,7,7,2,0,16,822,220
43020,"Shawano, WI",2024-08-01,4,1,0,0,5,827,224
43020,"Shawano, WI",2024-09-01,5,6,4,0,15,842,229
43020,"Shawano, WI",2024-10-01,15,10,4,0,29,871,244
43020,"Shawano, WI",2024-11-01,6,9,3,1,19,890,250
43020,"Shawano, WI",2024-12-01,6,10,3,0,19,909,256
43020,"Shawano, WI",2025-01-01,4,7,2,1,14,923,260
43020,"Shawano, WI",2025-02-01,6,9,4,1,20,943,266
43020,"Shawano, WI",2025-03-01,10,9,4,0,23,966,276
43020,"Shawano, WI",2025-04-01,5,6,7,0,18,984,281
43020,"Shawano, WI",2025-05-01,6,8,2,0,16,1000,287
43020,"Shawano, WI",2025-06-01,11,17,3,1,32,1032,298
43020,"Shawano, WI",2025-07-01,6,10,4,0,20,1052,304
43020,"Shawano, WI",2025-08-01,6,13,2,0,21,1073,310
43020,"Shawano, WI",2025-09-01,2,0,0,0,2,1075,312
37300,"Palestine, TX",2019-01-01,0,2,1,0,3,3,0
37300,"Palestine, TX",2019-02-01,0,0,2,0,2,5,0
37300,"Palestine, TX",2019-03-01,0,6,3,0,9,14,0
37300,"Palestine, TX",2019-04-01,0,4,0,0,4,18,0
37300,"Palestine, TX",2019-05-01,0,0,1,0,1,19,0
37300,"Palestine, TX",2019-06-01,0,11,4,0,15,34,0
37300,"Palestine, TX",2019-07-01,0,9,2,0,11,45,0
37300,"Palestine, TX",2019-08-01,0,7,0,0,7,52,0
37300,"Palestine, TX",2019-09-01,0,4,2,1,7,59,0
37300,"Palestine, TX",2019-10-01,0,3,2,0,5,64,0
37300,"Palestine, TX",2019-11-01,0,11,2,0,13,77,0
37300,"Palestine, TX",2019-12-01,1,13,3,1,18,95,1
37300,"Palestine, TX",2020-01-01,0,10,2,1,13,108,1
37300,"Palestine, TX",2020-02-01,0,5,1,0,6,114,1
37300,"Palestine, TX",2020-03-01,2,10,0,0,12,126,3
37300,"Palestine, TX",2020-04-01,2,12,2,0,16,142,5
37300,"Palestine, TX",2020-05-01,5,21,3,2,31,173,10
37300,"Palestine, TX",2020-06-01,3,18,2,0,23,196,13
37300,"Palestine, TX",2020-07-01,5,9,7,0,21,217,18
37300,"Palestine, TX",2020-08-01,4,17,3,0,24,241,22
37300,"Palestine, TX",2020-09-01,2,18,3,1,24,265,24
37300,"Palestine, TX",2020-10-01,5,15,7,0,27,292,29
37300,"Palestine, TX",2020-11-01,3,18,3,1,25,317,32
37300,"Palestine, TX",2020-12-01,8,22,3,0,33,350,40
37300,"Palestine, TX",2021-01-01,6,25,10,0,41,391,46
37300,"Palestine, TX",2021-02-01,10,17,3,0,30,421,56
37300,"Palestine, TX",2021-03-01,8,13,6,0,27,448,64
37300,"Palestine, TX",2021-04-01,4,24,7,1,36,484,68
37300,"Palestine, TX",2021-05-01,10,28,8,1,47,531,78
37300,"Palestine, TX",2021-06-01,10,29,8,0,47,578,88
37300,"Palestine, TX",2021-07-01,9,28,7,1,45,623,97
37300,"Palestine, TX",2021-08-01,10,25,7,1,43,666,107
37300,"Palestine, TX",2021-09-01,4,19,9,0,32,698,111
37300,"Palestine, TX",2021-10-01,8,16,6,0,30,728,119
37300,"Palestine, TX",2021-11-01,5,12,4,0,21,749,124
37300,"Palestine, TX",2021-12-01,9,22,7,1,39,788,133
37300,"Palestine, TX",2022-01-01,2,28,5,0,35,823,135
37300,"Palestine, TX",2022-02-01,6,24,8,0,38,861,141
37300,"Palestine, TX",2022-03-01,10,22,4,3,39,900,151
37300,"Palestine, TX",2022-04-01,12,20,5,0,37,937,163
37300,"Palestine, TX",2022-05-01,4,28,10,0,42,979,167
37300,"Palestine, TX",2022-06-01,10,15,10,1,36,1015,177
37300,"Palestine, TX",2022-07-01,9,22,4,0,35,1050,186
37300,"Palestine, TX",2022-08-01,5,12,13,0,30,1080,191
37300,"Palestine, TX",2022-09-01,4,22,9,1,36,1116,195
37300,"Palestine, TX",2022-10-01,6,21,10,0,37,1153,201
37300,"Palestine, TX",2022-11-01,5,14,5,1,25,1178,206
37300,"Palestine, TX",2022-12-01,6,20,3,2,31,1209,212
37300,"Palestine, TX",2023-01-01,5,10,4,0,19,1228,217
37300,"Palestine, TX",2023-02-01,6,8,6,0,20,1248,223
37300,"Palestine, TX",2023-03-01,13,18,10,0,41,1289,236
37300,"Palestine, TX",2023-04-01,13,10,6,1,30,1319,249
37300,"Palestine, TX",2023-05-01,13,7,6,2,28,1347,262
37300,"Palestine, TX",2023-06-01,7,21,7,2,37,1384,269
37300,"Palestine, TX",2023-07-01,9,20,7,0,36,1420,278
37300,"Palestine, TX",2023-08-01,6,7,3,0,16,1436,284
37300,"Palestine, TX",2023-09-01,5,14,1,1,21,1457,289
37300,"Palestine, TX",2023-10-01,4,23,5,0,32,1489,293
37300,"Palestine, TX",2023-11-01,16,22,5,0,43,1532,309
37300,"Palestine, TX",2023-12-01,17,22,8,0,47,1579,326
37300,"Palestine, TX",2024-01-01,15,32,5,2,54,1633,341
37300,"Palestine, TX",2024-02-01,9,27,10,0,46,1679,350
37300,"Palestine, TX",2024-03-01,13,22,2,1,38,1717,363
37300,"Palestine, TX",2024-04-01,8,19,6,1,34,1751,371
37300,"Palestine, TX",2024-05-01,7,11,1,0,19,1770,378
37300,"Palestine, TX",2024-06-01,5,22,6,0,33,1803,383
37300,"Palestine, TX",2024-07-01,7,17,7,0,31,1834,390
37300,"Palestine, TX",2024-08-01,10,14,4,0,28,1862,400
37300,"Palestine, TX",2024-09-01,12,19,4,1,36,1898,412
37300,"Palestine, TX",2024-10-01,13,12,7,1,33,1931,425
37300,"Palestine, TX",2024-11-01,7,20,7,2,36,1967,432
37300,"Palestine, TX",2024-12-01,12,15,5,0,32,1999,444
37300,"Palestine, TX",2025-01-01,10,15,11,1,37,2036,454
37300,"Palestine, TX",2025-02-01,9,15,6,2,32,2068,463
37300,"Palestine, TX",2025-03-01,21,23,7,0,51,2119,484
37300,"Palestine, TX",2025-04-01,10,20,10,1,41,2160,494
37300,"Palestine, TX",2025-05-01,19,26,3,0,48,2208,513
37300,"Palestine, TX",2025-06-01,21,26,5,1,53,2261,534
37300,"Palestine, TX",2025-07-01,13,18,7,0,38,2299,547
37300,"Palestine, TX",2025-08-01,16,22,10,1,49,2348,563
37300,"Palestine, TX",2025-09-01,2,0,1,0,3,2351,565
39740,"Reading, PA",2019-01-01,1,32,4,1,38,38,1
39740,"Reading, PA",2019-02-01,0,54,10,0,64,102,1
39740,"Reading, PA",2019-03-01,3,52,20,0,75,177,4
39740,"Reading, PA",2019-04-01,3,61,16,0,80,257,7
39740,"Reading, PA",2019-05-01,5,62,8,0,75,332,12
39740,"Reading, PA",2019-06-01,3,49,6,1,59,391,15
39740,"Reading, PA",2019-07-01,6,43,12,2,63,454,21
39740,"Reading, PA",2019-08-01,7,59,11,0,77,531,28
39740,"Reading, PA",2019-09-01,9,56,18,6,89,620,37
39740,"Reading, PA",2019-10-01,2,47,15,0,64,684,39
39740,"Reading, PA",2019-11-01,5,63,14,0,82,766,44
39740,"Reading, PA",2019-12-01,11,55,15,0,81,847,55
39740,"Reading, PA",2020-01-01,10,63,10,2,85,932,65
39740,"Reading, PA",2020-02-01,11,65,14,2,92,1024,76
39740,"Reading, PA",2020-03-01,21,94,25,2,142,1166,97
39740,"Reading, PA",2020-04-01,44,182,63,7,296,1462,141
39740,"Reading, PA",2020-05-01,84,222,49,2,357,1819,225
39740,"Reading, PA",2020-06-01,74,236,26,3,339,2158,299
39740,"Reading, PA",2020-07-01,98,266,44,4,412,2570,397
39740,"Reading, PA",2020-08-01,95,309,52,5,461,3031,492
39740,"Reading, PA",2020-09-01,68,257,56,3,384,3415,560
39740,"Reading, PA",2020-10-01,56,236,48,2,342,3757,616
39740,"Reading, PA",2020-11-01,45,147,30,2,224,3981,661
39740,"Reading, PA",2020-12-01,44,114,23,1,182,4163,705
39740,"Reading, PA",2021-01-01,73,193,44,0,310,4473,778
39740,"Reading, PA",2021-02-01,77,230,50,5,362,4835,855
39740,"Reading, PA",2021-03-01,116,270,62,5,453,5288,971
39740,"Reading, PA",2021-04-01,123,295,57,6,481,5769,1094
39740,"Reading, PA",2021-05-01,107,204,44,2,357,6126,1201
39740,"Reading, PA",2021-06-01,93,199,32,2,326,6452,1294
39740,"Reading, PA",2021-07-01,45,124,27,3,199,6651,1339
39740,"Reading, PA",2021-08-01,32,125,35,1,193,6844,1371
39740,"Reading, PA",2021-09-01,90,249,52,5,396,7240,1461
39740,"Reading, PA",2021-10-01,23,120,24,1,168,7408,1484
39740,"Reading, PA",2021-11-01,31,90,18,1,140,7548,1515
39740,"Reading, PA",2021-12-01,60,160,42,4,266,7814,1575
39740,"Reading, PA",2022-01-01,67,156,39,0,262,8076,1642
39740,"Reading, PA",2022-02-01,24,69,19,3,115,8191,1666
39740,"Reading, PA",2022-03-01,51,121,23,2,197,8388,1717
39740,"Reading, PA",2022-04-01,31,96,27,2,156,8544,1748
39740,"Reading, PA",2022-05-01,70,145,30,1,246,8790,1818
39740,"Reading, PA",2022-06-01,60,97,18,1,176,8966,1878
39740,"Reading, PA",2022-07-01,28,75,16,4,123,9089,1906
39740,"Reading, PA",2022-08-01,48,89,28,0,165,9254,1954
39740,"Reading, PA",2022-09-01,61,122,39,2,224,9478,2015
39740,"Reading, PA",2022-10-01,56,108,46,0,210,9688,2071
39740,"Reading, PA",2022-11-01,79,150,36,4,269,9957,2150
39740,"Reading, PA",2022-12-01,157,212,55,2,426,10383,2307
39740,"Reading, PA",2023-01-01,133,226,41,8,408,10791,2440
39740,"Reading, PA",2023-02-01,90,170,57,7,324,11115,2530
39740,"Reading, PA",2023-03-01,117,202,67,4,390,11505,2647
39740,"Reading, PA",2023-04-01,93,184,54,3,334,11839,2740
39740,"Reading, PA",2023-05-01,100,185,51,6,342,12181,2840
39740,"Reading, PA",2023-06-01,104,178,40,12,334,12515,2944
39740,"Reading, PA",2023-07-01,100,174,39,7,320,12835,3044
39740,"Reading, PA",2023-08-01,75,169,38,5,287,13122,3119
39740,"Reading, PA",2023-09-01,109,210,53,7,379,13501,3228
39740,"Reading, PA",2023-10-01,135,222,69,5,431,13932,3363
39740,"Reading, PA",2023-11-01,110,252,61,6,429,14361,3473
39740,"Reading, PA",2023-12-01,141,181,52,4,378,14739,3614
39740,"Reading, PA",2024-01-01,157,240,61,3,461,15200,3771
39740,"Reading, PA",2024-02-01,159,207,67,7,440,15640,3930
39740,"Reading, PA",2024-03-01,152,212,69,5,438,16078,4082
39740,"Reading, PA",2024-04-01,129,177,51,4,361,16439,4211
39740,"Reading, PA",2024-05-01,168,218,53,6,445,16884,4379
39740,"Reading, PA",2024-06-01,104,170,37,1,312,17196,4483
39740,"Reading, PA",2024-07-01,107,177,42,3,329,17525,4590
39740,"Reading, PA",2024-08-01,66,114,29,2,211,17736,4656
39740,"Reading, PA",2024-09-01,37,81,15,0,133,17869,4693
39740,"Reading, PA",2024-10-01,130,184,63,5,382,18251,4823
39740,"Reading, PA",2024-11-01,148,203,70,2,423,18674,4971
39740,"Reading, PA",2024-12-01,180,219,52,2,453,19127,5151
39740,"Reading, PA",2025-01-01,156,228,63,2,449,19576,5307
39740,"Reading, PA",2025-02-01,170,196,61,2,429,20005,5477
39740,"Reading, PA",2025-03-01,178,202,66,3,449,20454,5655
39740,"Reading, PA",2025-04-01,215,183,63,3,464,20918,5870
39740,"Reading, PA",2025-05-01,186,205,49,1,441,21359,6056
39740,"Reading, PA",2025-06-01,78,108,29,1,216,21575,6134
39740,"Reading, PA",2025-07-01,198,192,50,0,440,22015,6332
39740,"Reading, PA",2025-08-01,73,80,24,1,178,22193,6405
39740,"Reading, PA",2025-09-01,4,6,2,0,12,22205,6409
26860,"Indiana, PA",2019-01-01,0,2,2,0,4,4,0
26860,"Indiana, PA",2019-04-01,0,2,0,0,2,6,0
26860,"Indiana, PA",2019-05-01,0,14,1,0,15,21,0
26860,"Indiana, PA",2019-06-01,0,12,3,1,16,37,0
26860,"Indiana, PA",2019-07-01,1,7,0,1,9,46,1
26860,"Indiana, PA",2019-08-01,1,20,1,0,22,68,2
26860,"Indiana, PA",2019-09-01,4,28,4,1,37,105,6
26860,"Indiana, PA",2019-10-01,2,26,3,0,31,136,8
26860,"Indiana, PA",2019-11-01,6,25,1,1,33,169,14
26860,"Indiana, PA",2019-12-01,2,16,0,1,19,188,16
26860,"Indiana, PA",2020-01-01,2,21,2,0,25,213,18
26860,"Indiana, PA",2020-02-01,1,13,4,0,18,231,19
26860,"Indiana, PA",2020-03-01,6,12,2,0,20,251,25
26860,"Indiana, PA",2020-04-01,6,21,1,0,28,279,31
26860,"Indiana, PA",2020-05-01,21,50,0,0,71,350,52
26860,"Indiana, PA",2020-06-01,10,34,0,0,44,394,62
26860,"Indiana, PA",2020-07-01,17,37,3,0,57,451,79
26860,"Indiana, PA",2020-08-01,17,38,2,0,57,508,96
26860,"Indiana, PA",2020-09-01,13,16,4,0,33,541,109
26860,"Indiana, PA",2020-10-01,15,34,2,0,51,592,124
26860,"Indiana, PA",2020-11-01,16,25,1,0,42,634,140
26860,"Indiana, PA",2020-12-01,18,25,6,0,49,683,158
26860,"Indiana, PA",2021-01-01,19,35,3,0,57,740,177
26860,"Indiana, PA",2021-02-01,18,24,7,1,50,790,195
26860,"Indiana, PA",2021-03-01,17,36,1,1,55,845,212
26860,"Indiana, PA",2021-04-01,10,30,6,0,46,891,222
26860,"Indiana, PA",2021-05-01,22,44,7,1,74,965,244
26860,"Indiana, PA",2021-06-01,18,33,5,0,56,1021,262
26860,"Indiana, PA",2021-07-01,24,29,4,0,57,1078,286
26860,"Indiana, PA",2021-08-01,21,38,4,0,63,1141,307
26860,"Indiana, PA",2021-09-01,32,27,2,0,61,1202,339
26860,"Indiana, PA",2021-10-01,21,29,5,0,55,1257,360
26860,"Indiana, PA",2021-11-01,29,28,4,0,61,1318,389
26860,"Indiana, PA",2021-12-01,38,41,6,0,85,1403,427
26860,"Indiana, PA",2022-01-01,36,35,5,2,78,1481,463
26860,"Indiana, PA",2022-02-01,34,23,6,1,64,1545,497
26860,"Indiana, PA",2022-03-01,32,27,7,0,66,1611,529
26860,"Indiana, PA",2022-04-01,23,21,4,1,49,1660,552
26860,"Indiana, PA",2022-05-01,20,26,4,2,52,1712,572
26860,"Indiana, PA",2022-06-01,20,16,6,0,42,1754,592
26860,"Indiana, PA",2022-07-01,17,18,4,1,40,1794,609
26860,"Indiana, PA",2022-08-01,21,32,8,0,61,1855,630
26860,"Indiana, PA",2022-09-01,29,12,4,0,45,1900,659
26860,"Indiana, PA",2022-10-01,30,26,8,0,64,1964,689
26860,"Indiana, PA",2022-11-01,38,12,5,2,57,2021,727
26860,"Indiana, PA",2022-12-01,31,18,10,0,59,2080,758
26860,"Indiana, PA",2023-01-01,28,20,1,0,49,2129,786
26860,"Indiana, PA",2023-02-01,19,20,9,1,49,2178,805
26860,"Indiana, PA",2023-03-01,49,21,3,0,73,2251,854
26860,"Indiana, PA",2023-04-01,32,15,2,0,49,2300,886
26860,"Indiana, PA",2023-05-01,26,15,4,0,45,2345,912
26860,"Indiana, PA",2023-06-01,17,16,6,0,39,2384,929
26860,"Indiana, PA",2023-07-01,22,13,4,0,39,2423,951
26860,"Indiana, PA",2023-08-01,21,9,2,0,32,2455,972
26860,"Indiana, PA",2023-09-01,31,28,10,0,69,2524,1003
26860,"Indiana, PA",2023-10-01,41,24,6,0,71,2595,1044
26860,"Indiana, PA",2023-11-01,47,29,3,0,79,2674,1091
26860,"Indiana, PA",2023-12-01,39,18,9,1,67,2741,1130
26860,"Indiana, PA",2024-01-01,28,23,9,0,60,2801,1158
26860,"Indiana, PA",2024-02-01,45,24,8,0,77,2878,1203
26860,"Indiana, PA",2024-03-01,50,17,11,0,78,2956,1253
26860,"Indiana, PA",2024-04-01,35,11,6,1,53,3009,1288
26860,"Indiana, PA",2024-05-01,26,15,7,0,48,3057,1314
26860,"Indiana, PA",2024-06-01,36,26,2,0,64,3121,1350
26860,"Indiana, PA",2024-07-01,25,11,3,1,40,3161,1375
26860,"Indiana, PA",2024-08-01,27,20,4,0,51,3212,1402
26860,"Indiana, PA",2024-09-01,56,17,6,0,79,3291,1458
26860,"Indiana, PA",2024-10-01,34,15,7,0,56,3347,1492
26860,"Indiana, PA",2024-11-01,34,22,4,0,60,3407,1526
26860,"Indiana, PA",2024-12-01,38,18,1,0,57,3464,1564
26860,"Indiana, PA",2025-01-01,34,23,7,0,64,3528,1598
26860,"Indiana, PA",2025-02-01,58,12,1,0,71,3599,1656
26860,"Indiana, PA",2025-03-01,50,32,16,1,99,3698,1706
26860,"Indiana, PA",2025-04-01,46,16,9,0,71,3769,1752
26860,"Indiana, PA",2025-05-01,40,22,5,1,68,3837,1792
26860,"Indiana, PA",2025-06-01,29,20,5,0,54,3891,1821
26860,"Indiana, PA",2025-07-01,30,20,9,0,59,3950,1851
26860,"Indiana, PA",2025-08-01,21,17,5,1,44,3994,1872
26860,"Indiana, PA",2025-09-01,1,0,0,0,1,3995,1873
28940,"Knoxville, TN",2019-01-01,7,135,33,2,177,177,7
28940,"Knoxville, TN",2019-02-01,3,123,41,5,172,349,10
28940,"Knoxville, TN",2019-03-01,6,139,31,6,182,531,16
28940,"Knoxville, TN",2019-04-01,4,152,51,4,211,742,20
28940,"Knoxville, TN",2019-05-01,4,159,53,1,217,959,24
28940,"Knoxville, TN",2019-06-01,11,192,43,4,250,1209,35
28940,"Knoxville, TN",2019-07-01,7,152,53,0,212,1421,42
28940,"Knoxville, TN",2019-08-01,9,154,52,3,218,1639,51
28940,"Knoxville, TN",2019-09-01,7,168,42,4,221,1860,58
28940,"Knoxville, TN",2019-10-01,12,130,41,3,186,2046,70
28940,"Knoxville, TN",2019-11-01,17,172,43,7,239,2285,87
28940,"Knoxville, TN",2019-12-01,11,129,24,4,168,2453,98
28940,"Knoxville, TN",2020-01-01,15,190,58,4,267,2720,113
28940,"Knoxville, TN",2020-02-01,18,129,40,4,191,2911,131
28940,"Knoxville, TN",2020-03-01,25,174,58,7,264,3175,156
28940,"Knoxville, TN",2020-04-01,126,504,124,7,761,3936,282
28940,"Knoxville, TN",2020-05-01,235,677,109,10,1031,4967,517
28940,"Knoxville, TN",2020-06-01,129,396,80,7,612,5579,646
28940,"Knoxville, TN",2020-07-01,185,644,133,15,977,6556,831
28940,"Knoxville, TN",2020-08-01,172,665,151,7,995,7551,1003
28940,"Knoxville, TN",2020-09-01,170,578,107,15,870,8421,1173
28940,"Knoxville, TN",2020-10-01,132,425,103,11,671,9092,1305
28940,"Knoxville, TN",2020-11-01,89,297,59,10,455,9547,1394
28940,"Knoxville, TN",2020-12-01,133,297,51,5,486,10033,1527
28940,"Knoxville, TN",2021-01-01,386,890,156,21,1453,11486,1913
28940,"Knoxville, TN",2021-02-01,180,456,107,7,750,12236,2093
28940,"Knoxville, TN",2021-03-01,289,623,123,11,1046,13282,2382
28940,"Knoxville, TN",2021-04-01,269,699,160,18,1146,14428,2651
28940,"Knoxville, TN",2021-05-01,216,558,107,9,890,15318,2867
28940,"Knoxville, TN",2021-06-01,111,376,84,6,577,15895,2978
28940,"Knoxville, TN",2021-07-01,113,335,81,8,537,16432,3091
28940,"Knoxville, TN",2021-08-01,213,694,185,14,1106,17538,3304
28940,"Knoxville, TN",2021-09-01,217,762,237,18,1234,18772,3521
28940,"Knoxville, TN",2021-10-01,143,390,96,7,636,19408,3664
28940,"Knoxville, TN",2021-11-01,190,524,130,16,860,20268,3854
28940,"Knoxville, TN",2021-12-01,355,621,132,20,1128,21396,4209
28940,"Knoxville, TN",2022-01-01,253,519,149,11,932,22328,4462
28940,"Knoxville, TN",2022-02-01,146,307,80,5,538,22866,4608
28940,"Knoxville, TN",2022-03-01,251,589,160,17,1017,23883,4859
28940,"Knoxville, TN",2022-04-01,206,461,136,12,815,24698,5065
28940,"Knoxville, TN",2022-05-01,190,425,112,8,735,25433,5255
28940,"Knoxville, TN",2022-06-01,118,239,53,2,412,25845,5373
28940,"Knoxville, TN",2022-07-01,128,271,64,7,470,26315,5501
28940,"Knoxville, TN",2022-08-01,227,484,129,10,850,27165,5728
28940,"Knoxville, TN",2022-09-01,223,524,123,10,880,28045,5951
28940,"Knoxville, TN",2022-10-01,201,413,124,12,750,28795,6152
28940,"Knoxville, TN",2022-11-01,257,508,161,11,937,29732,6409
28940,"Knoxville, TN",2022-12-01,335,507,134,11,987,30719,6744
28940,"Knoxville, TN",2023-01-01,331,521,148,10,1010,31729,7075
28940,"Knoxville, TN",2023-02-01,264,390,113,10,777,32506,7339
28940,"Knoxville, TN",2023-03-01,316,518,147,18,999,33505,7655
28940,"Knoxville, TN",2023-04-01,236,415,130,16,797,34302,7891
28940,"Knoxville, TN",2023-05-01,129,213,45,5,392,34694,8020
28940,"Knoxville, TN",2023-06-01,107,190,53,5,355,35049,8127
28940,"Knoxville, TN",2023-07-01,111,164,40,3,318,35367,8238
28940,"Knoxville, TN",2023-08-01,151,282,73,12,518,35885,8389
28940,"Knoxville, TN",2023-09-01,280,436,125,13,854,36739,8669
28940,"Knoxville, TN",2023-10-01,308,415,139,19,881,37620,8977
28940,"Knoxville, TN",2023-11-01,338,469,146,11,964,38584,9315
28940,"Knoxville, TN",2023-12-01,342,434,151,11,938,39522,9657
28940,"Knoxville, TN",2024-01-01,339,430,158,11,938,40460,9996
28940,"Knoxville, TN",2024-02-01,351,422,136,22,931,41391,10347
28940,"Knoxville, TN",2024-03-01,300,374,121,10,805,42196,10647
28940,"Knoxville, TN",2024-04-01,305,333,101,14,753,42949,10952
28940,"Knoxville, TN",2024-05-01,329,383,113,11,836,43785,11281
28940,"Knoxville, TN",2024-06-01,369,381,91,12,853,44638,11650
28940,"Knoxville, TN",2024-07-01,332,419,107,8,866,45504,11982
28940,"Knoxville, TN",2024-08-01,321,426,124,14,885,46389,12303
28940,"Knoxville, TN",2024-09-01,299,383,136,8,826,47215,12602
28940,"Knoxville, TN",2024-10-01,339,419,125,12,895,48110,12941
28940,"Knoxville, TN",2024-11-01,340,418,136,18,912,49022,13281
28940,"Knoxville, TN",2024-12-01,382,417,110,12,921,49943,13663
28940,"Knoxville, TN",2025-01-01,351,401,132,7,891,50834,14014
28940,"Knoxville, TN",2025-02-01,344,307,99,16,766,51600,14358
28940,"Knoxville, TN",2025-03-01,362,345,101,11,819,52419,14720
28940,"Knoxville, TN",2025-04-01,400,359,109,10,878,53297,15120
28940,"Knoxville, TN",2025-05-01,410,404,118,19,951,54248,15530
28940,"Knoxville, TN",2025-06-01,370,434,127,15,946,55194,15900
28940,"Knoxville, TN",2025-07-01,373,369,102,14,858,56052,16273
28940,"Knoxville, TN",2025-08-01,284,301,104,12,701,56753,16557
28940,"Knoxville, TN",2025-09-01,14,12,1,0,27,56780,16571
43640,"Slidell-Mandeville-Covington, LA",2019-01-01,1,56,14,2,73,73,1
43640,"Slidell-Mandeville-Covington, LA",2019-02-01,3,44,6,1,54,127,4
43640,"Slidell-Mandeville-Covington, LA",2019-03-01,1,42,20,3,66,193,5
43640,"Slidell-Mandeville-Covington, LA",2019-04-01,2,68,18,2,90,283,7
43640,"Slidell-Mandeville-Covington, LA",2019-05-01,2,42,13,1,58,341,9
43640,"Slidell-Mandeville-Covington, LA",2019-06-01,0,31,6,1,38,379,9
43640,"Slidell-Mandeville-Covington, LA",2019-07-01,2,31,13,0,46,425,11
43640,"Slidell-Mandeville-Covington, LA",2019-08-01,1,27,7,1,36,461,12
43640,"Slidell-Mandeville-Covington, LA",2019-09-01,3,63,24,1,91,552,15
43640,"Slidell-Mandeville-Covington, LA",2019-10-01,2,63,13,0,78,630,17
43640,"Slidell-Mandeville-Covington, LA",2019-11-01,4,35,15,1,55,685,21
43640,"Slidell-Mandeville-Covington, LA",2019-12-01,3,34,5,2,44,729,24
43640,"Slidell-Mandeville-Covington, LA",2020-01-01,7,47,13,0,67,796,31
43640,"Slidell-Mandeville-Covington, LA",2020-02-01,7,25,11,3,46,842,38
43640,"Slidell-Mandeville-Covington, LA",2020-03-01,11,61,22,1,95,937,49
43640,"Slidell-Mandeville-Covington, LA",2020-04-01,14,72,23,3,112,1049,63
43640,"Slidell-Mandeville-Covington, LA",2020-05-01,46,182,46,3,277,1326,109
43640,"Slidell-Mandeville-Covington, LA",2020-06-01,90,157,35,1,283,1609,199
43640,"Slidell-Mandeville-Covington, LA",2020-07-01,56,176,36,4,272,1881,255
43640,"Slidell-Mandeville-Covington, LA",2020-08-01,71,264,52,9,396,2277,326
43640,"Slidell-Mandeville-Covington, LA",2020-09-01,51,179,45,4,279,2556,377
43640,"Slidell-Mandeville-Covington, LA",2020-10-01,39,156,29,6,230,2786,416
43640,"Slidell-Mandeville-Covington, LA",2020-11-01,27,107,23,4,161,2947,443
43640,"Slidell-Mandeville-Covington, LA",2020-12-01,39,96,34,5,174,3121,482
43640,"Slidell-Mandeville-Covington, LA",2021-01-01,81,228,35,1,345,3466,563
43640,"Slidell-Mandeville-Covington, LA",2021-02-01,40,146,34,4,224,3690,603
43640,"Slidell-Mandeville-Covington, LA",2021-03-01,90,168,45,4,307,3997,693
43640,"Slidell-Mandeville-Covington, LA",2021-04-01,81,239,55,8,383,4380,774
43640,"Slidell-Mandeville-Covington, LA",2021-05-01,108,284,65,6,463,4843,882
43640,"Slidell-Mandeville-Covington, LA",2021-06-01,106,283,55,5,449,5292,988
43640,"Slidell-Mandeville-Covington, LA",2021-07-01,98,276,81,10,465,5757,1086
43640,"Slidell-Mandeville-Covington, LA",2021-08-01,76,280,61,11,428,6185,1162
43640,"Slidell-Mandeville-Covington, LA",2021-09-01,52,145,25,9,231,6416,1214
43640,"Slidell-Mandeville-Covington, LA",2021-10-01,54,216,51,9,330,6746,1268
43640,"Slidell-Mandeville-Covington, LA",2021-11-01,67,203,46,1,317,7063,1335
43640,"Slidell-Mandeville-Covington, LA",2021-12-01,106,207,54,6,373,7436,1441
43640,"Slidell-Mandeville-Covington, LA",2022-01-01,100,219,59,4,382,7818,1541
43640,"Slidell-Mandeville-Covington, LA",2022-02-01,53,134,45,2,234,8052,1594
43640,"Slidell-Mandeville-Covington, LA",2022-03-01,91,177,68,7,343,8395,1685
43640,"Slidell-Mandeville-Covington, LA",2022-04-01,76,194,40,8,318,8713,1761
43640,"Slidell-Mandeville-Covington, LA",2022-05-01,83,231,58,11,383,9096,1844
43640,"Slidell-Mandeville-Covington, LA",2022-06-01,75,167,27,3,272,9368,1919
43640,"Slidell-Mandeville-Covington, LA",2022-07-01,56,158,45,3,262,9630,1975
43640,"Slidell-Mandeville-Covington, LA",2022-08-01,28,73,23,5,129,9759,2003
43640,"Slidell-Mandeville-Covington, LA",2022-09-01,49,134,43,3,229,9988,2052
43640,"Slidell-Mandeville-Covington, LA",2022-10-01,64,106,31,7,208,10196,2116
43640,"Slidell-Mandeville-Covington, LA",2022-11-01,91,185,52,5,333,10529,2207
43640,"Slidell-Mandeville-Covington, LA",2022-12-01,97,150,53,5,305,10834,2304
43640,"Slidell-Mandeville-Covington, LA",2023-01-01,78,170,68,2,318,11152,2382
43640,"Slidell-Mandeville-Covington, LA",2023-02-01,98,124,48,4,274,11426,2480
43640,"Slidell-Mandeville-Covington, LA",2023-03-01,126,224,48,8,406,11832,2606
43640,"Slidell-Mandeville-Covington, LA",2023-04-01,116,166,65,6,353,12185,2722
43640,"Slidell-Mandeville-Covington, LA",2023-05-01,100,130,32,0,262,12447,2822
43640,"Slidell-Mandeville-Covington, LA",2023-06-01,37,66,23,4,130,12577,2859
43640,"Slidell-Mandeville-Covington, LA",2023-07-01,32,68,29,0,129,12706,2891
43640,"Slidell-Mandeville-Covington, LA",2023-08-01,35,54,23,2,114,12820,2926
43640,"Slidell-Mandeville-Covington, LA",2023-09-01,103,170,61,8,342,13162,3029
43640,"Slidell-Mandeville-Covington, LA",2023-10-01,86,152,52,5,295,13457,3115
43640,"Slidell-Mandeville-Covington, LA",2023-11-01,124,189,62,10,385,13842,3239
43640,"Slidell-Mandeville-Covington, LA",2023-12-01,145,201,54,4,404,14246,3384
43640,"Slidell-Mandeville-Covington, LA",2024-01-01,133,161,61,5,360,14606,3517
43640,"Slidell-Mandeville-Covington, LA",2024-02-01,115,137,44,7,303,14909,3632
43640,"Slidell-Mandeville-Covington, LA",2024-03-01,134,165,43,10,352,15261,3766
43640,"Slidell-Mandeville-Covington, LA",2024-04-01,108,162,54,5,329,15590,3874
43640,"Slidell-Mandeville-Covington, LA",2024-05-01,160,166,53,7,386,15976,4034
43640,"Slidell-Mandeville-Covington, LA",2024-06-01,102,135,38,6,281,16257,4136
43640,"Slidell-Mandeville-Covington, LA",2024-07-01,141,171,50,9,371,16628,4277
43640,"Slidell-Mandeville-Covington, LA",2024-08-01,161,224,68,5,458,17086,4438
43640,"Slidell-Mandeville-Covington, LA",2024-09-01,129,177,64,7,377,17463,4567
43640,"Slidell-Mandeville-Covington, LA",2024-10-01,154,168,77,6,405,17868,4721
43640,"Slidell-Mandeville-Covington, LA",2024-11-01,149,185,60,5,399,18267,4870
43640,"Slidell-Mandeville-Covington, LA",2024-12-01,188,209,73,8,478,18745,5058
43640,"Slidell-Mandeville-Covington, LA",2025-01-01,166,175,63,6,410,19155,5224
43640,"Slidell-Mandeville-Covington, LA",2025-02-01,139,136,62,12,349,19504,5363
43640,"Slidell-Mandeville-Covington, LA",2025-03-01,197,162,67,10,436,19940,5560
43640,"Slidell-Mandeville-Covington, LA",2025-04-01,184,218,66,9,477,20417,5744
43640,"Slidell-Mandeville-Covington, LA",2025-05-01,245,219,69,15,548,20965,5989
43640,"Slidell-Mandeville-Covington, LA",2025-06-01,234,255,92,14,595,21560,6223
43640,"Slidell-Mandeville-Covington, LA",2025-07-01,185,185,82,5,457,22017,6408
43640,"Slidell-Mandeville-Covington, LA",2025-08-01,133,149,56,7,345,22362,6541
43640,"Slidell-Mandeville-Covington, LA",2025-09-01,4,0,0,0,4,22366,6545
24220,"Grand Forks, ND-MN",2019-01-01,0,1,0,0,1,1,0
24220,"Grand Forks, ND-MN",2019-02-01,0,2,0,0,2,3,0
24220,"Grand Forks, ND-MN",2019-03-01,2,6,2,0,10,13,2
24220,"Grand Forks, ND-MN",2019-04-01,1,16,2,0,19,32,3
24220,"Grand Forks, ND-MN",2019-05-01,0,19,2,1,22,54,3
24220,"Grand Forks, ND-MN",2019-06-01,1,14,1,1,17,71,4
24220,"Grand Forks, ND-MN",2019-07-01,2,25,1,0,28,99,6
24220,"Grand Forks, ND-MN",2019-08-01,0,18,4,0,22,121,6
24220,"Grand Forks, ND-MN",2019-09-01,0,21,1,1,23,144,6
24220,"Grand Forks, ND-MN",2019-10-01,5,22,1,0,28,172,11
24220,"Grand Forks, ND-MN",2019-11-01,0,25,0,0,25,197,11
24220,"Grand Forks, ND-MN",2019-12-01,3,28,2,0,33,230,14
24220,"Grand Forks, ND-MN",2020-01-01,6,17,2,0,25,255,20
24220,"Grand Forks, ND-MN",2020-02-01,5,26,2,0,33,288,25
24220,"Grand Forks, ND-MN",2020-03-01,9,40,8,0,57,345,34
24220,"Grand Forks, ND-MN",2020-04-01,31,75,8,0,114,459,65
24220,"Grand Forks, ND-MN",2020-05-01,27,52,5,0,84,543,92
24220,"Grand Forks, ND-MN",2020-06-01,25,42,2,0,69,612,117
24220,"Grand Forks, ND-MN",2020-07-01,27,58,5,0,90,702,144
24220,"Grand Forks, ND-MN",2020-08-01,27,77,13,1,118,820,171
24220,"Grand Forks, ND-MN",2020-09-01,35,53,5,0,93,913,206
24220,"Grand Forks, ND-MN",2020-10-01,23,62,6,0,91,1004,229
24220,"Grand Forks, ND-MN",2020-11-01,29,45,7,0,81,1085,258
24220,"Grand Forks, ND-MN",2020-12-01,12,33,3,0,48,1133,270
24220,"Grand Forks, ND-MN",2021-01-01,27,34,4,0,65,1198,297
24220,"Grand Forks, ND-MN",2021-02-01,41,65,10,0,116,1314,338
24220,"Grand Forks, ND-MN",2021-03-01,52,62,6,2,122,1436,390
24220,"Grand Forks, ND-MN",2021-04-01,31,50,8,0,89,1525,421
24220,"Grand Forks, ND-MN",2021-05-01,33,52,7,0,92,1617,454
24220,"Grand Forks, ND-MN",2021-06-01,31,65,9,0,105,1722,485
24220,"Grand Forks, ND-MN",2021-07-01,24,43,6,1,74,1796,509
24220,"Grand Forks, ND-MN",2021-08-01,23,22,4,1,50,1846,532
24220,"Grand Forks, ND-MN",2021-09-01,19,48,13,1,81,1927,551
24220,"Grand Forks, ND-MN",2021-10-01,16,37,12,0,65,1992,567
24220,"Grand Forks, ND-MN",2021-11-01,21,31,6,0,58,2050,588
24220,"Grand Forks, ND-MN",2021-12-01,37,44,5,0,86,2136,625
24220,"Grand Forks, ND-MN",2022-01-01,69,64,9,0,142,2278,694
24220,"Grand Forks, ND-MN",2022-02-01,50,58,9,1,118,2396,744
24220,"Grand Forks, ND-MN",2022-03-01,35,49,5,1,90,2486,779
24220,"Grand Forks, ND-MN",2022-04-01,23,37,7,1,68,2554,802
24220,"Grand Forks, ND-MN",2022-05-01,18,45,8,0,71,2625,820
24220,"Grand Forks, ND-MN",2022-06-01,21,31,10,0,62,2687,841
24220,"Grand Forks, ND-MN",2022-07-01,21,30,5,0,56,2743,862
24220,"Grand Forks, ND-MN",2022-08-01,27,33,5,0,65,2808,889
24220,"Grand Forks, ND-MN",2022-09-01,35,30,5,0,70,2878,924
24220,"Grand Forks, ND-MN",2022-10-01,32,37,8,0,77,2955,956
24220,"Grand Forks, ND-MN",2022-11-01,37,22,7,2,68,3023,993
24220,"Grand Forks, ND-MN",2022-12-01,32,39,4,0,75,3098,1025
24220,"Grand Forks, ND-MN",2023-01-01,40,46,5,0,91,3189,1065
24220,"Grand Forks, ND-MN",2023-02-01,50,34,8,0,92,3281,1115
24220,"Grand Forks, ND-MN",2023-03-01,59,44,11,1,115,3396,1174
24220,"Grand Forks, ND-MN",2023-04-01,36,34,13,1,84,3480,1210
24220,"Grand Forks, ND-MN",2023-05-01,28,21,6,0,55,3535,1238
24220,"Grand Forks, ND-MN",2023-06-01,29,22,6,0,57,3592,1267
24220,"Grand Forks, ND-MN",2023-07-01,32,30,2,0,64,3656,1299
24220,"Grand Forks, ND-MN",2023-08-01,36,21,6,1,64,3720,1335
24220,"Grand Forks, ND-MN",2023-09-01,29,42,3,1,75,3795,1364
24220,"Grand Forks, ND-MN",2023-10-01,38,35,10,0,83,3878,1402
24220,"Grand Forks, ND-MN",2023-11-01,52,29,4,0,85,3963,1454
24220,"Grand Forks, ND-MN",2023-12-01,37,47,12,2,98,4061,1491
24220,"Grand Forks, ND-MN",2024-01-01,55,26,9,0,90,4151,1546
24220,"Grand Forks, ND-MN",2024-02-01,63,39,11,0,113,4264,1609
24220,"Grand Forks, ND-MN",2024-03-01,37,40,10,1,88,4352,1646
24220,"Grand Forks, ND-MN",2024-04-01,33,37,3,0,73,4425,1679
24220,"Grand Forks, ND-MN",2024-05-01,38,38,8,2,86,4511,1717
24220,"Grand Forks, ND-MN",2024-06-01,17,25,11,0,53,4564,1734
24220,"Grand Forks, ND-MN",2024-07-01,23,21,5,2,51,4615,1757
24220,"Grand Forks, ND-MN",2024-08-01,18,23,4,0,45,4660,1775
24220,"Grand Forks, ND-MN",2024-09-01,31,13,9,3,56,4716,1806
24220,"Grand Forks, ND-MN",2024-10-01,71,53,4,2,130,4846,1877
24220,"Grand Forks, ND-MN",2024-11-01,48,37,7,0,92,4938,1925
24220,"Grand Forks, ND-MN",2024-12-01,52,42,7,0,101,5039,1977
24220,"Grand Forks, ND-MN",2025-01-01,71,39,7,1,118,5157,2048
24220,"Grand Forks, ND-MN",2025-02-01,70,31,11,1,113,5270,2118
24220,"Grand Forks, ND-MN",2025-03-01,62,31,9,0,102,5372,2180
24220,"Grand Forks, ND-MN",2025-04-01,50,37,8,2,97,5469,2230
24220,"Grand Forks, ND-MN",2025-05-01,60,31,10,1,102,5571,2290
24220,"Grand Forks, ND-MN",2025-06-01,48,50,8,0,106,5677,2338
24220,"Grand Forks, ND-MN",2025-07-01,38,28,6,0,72,5749,2376
24220,"Grand Forks, ND-MN",2025-08-01,46,33,3,0,82,5831,2422
24220,"Grand Forks, ND-MN",2025-09-01,0,1,0,0,1,5832,2422
48300,"Wenatchee-East Wenatchee, WA",2019-03-01,0,2,2,0,4,4,0
48300,"Wenatchee-East Wenatchee, WA",2019-04-01,1,5,1,0,7,11,1
48300,"Wenatchee-East Wenatchee, WA",2019-05-01,0,1,2,0,3,14,1
48300,"Wenatchee-East Wenatchee, WA",2019-06-01,0,3,0,0,3,17,1
48300,"Wenatchee-East Wenatchee, WA",2019-07-01,1,12,6,0,19,36,2
48300,"Wenatchee-East Wenatchee, WA",2019-08-01,1,15,2,0,18,54,3
48300,"Wenatchee-East Wenatchee, WA",2019-09-01,0,12,3,0,15,69,3
48300,"Wenatchee-East Wenatchee, WA",2019-10-01,5,9,4,1,19,88,8
48300,"Wenatchee-East Wenatchee, WA",2019-11-01,1,12,2,0,15,103,9
48300,"Wenatchee-East Wenatchee, WA",2019-12-01,1,9,3,0,13,116,10
48300,"Wenatchee-East Wenatchee, WA",2020-01-01,2,17,1,1,21,137,12
48300,"Wenatchee-East Wenatchee, WA",2020-02-01,3,14,2,0,19,156,15
48300,"Wenatchee-East Wenatchee, WA",2020-03-01,7,17,8,0,32,188,22
48300,"Wenatchee-East Wenatchee, WA",2020-04-01,14,39,7,0,60,248,36
48300,"Wenatchee-East Wenatchee, WA",2020-05-01,9,20,6,0,35,283,45
48300,"Wenatchee-East Wenatchee, WA",2020-06-01,9,28,4,1,42,325,54
48300,"Wenatchee-East Wenatchee, WA",2020-07-01,13,21,4,0,38,363,67
48300,"Wenatchee-East Wenatchee, WA",2020-08-01,11,21,6,4,42,405,78
48300,"Wenatchee-East Wenatchee, WA",2020-09-01,7,39,6,0,52,457,85
48300,"Wenatchee-East Wenatchee, WA",2020-10-01,12,24,4,0,40,497,97
48300,"Wenatchee-East Wenatchee, WA",2020-11-01,8,21,2,0,31,528,105
48300,"Wenatchee-East Wenatchee, WA",2020-12-01,14,21,8,0,43,571,119
48300,"Wenatchee-East Wenatchee, WA",2021-01-01,19,42,8,0,69,640,138
48300,"Wenatchee-East Wenatchee, WA",2021-02-01,13,27,3,0,43,683,151
48300,"Wenatchee-East Wenatchee, WA",2021-03-01,21,25,14,1,61,744,172
48300,"Wenatchee-East Wenatchee, WA",2021-04-01,23,23,4,1,51,795,195
48300,"Wenatchee-East Wenatchee, WA",2021-05-01,16,28,6,1,51,846,211
48300,"Wenatchee-East Wenatchee, WA",2021-06-01,21,44,6,0,71,917,232
48300,"Wenatchee-East Wenatchee, WA",2021-07-01,12,60,8,0,80,997,244
48300,"Wenatchee-East Wenatchee, WA",2021-08-01,15,40,4,0,59,1056,259
48300,"Wenatchee-East Wenatchee, WA",2021-09-01,7,23,11,2,43,1099,266
48300,"Wenatchee-East Wenatchee, WA",2021-10-01,10,43,9,2,64,1163,276
48300,"Wenatchee-East Wenatchee, WA",2021-11-01,14,32,9,2,57,1220,290
48300,"Wenatchee-East Wenatchee, WA",2021-12-01,14,32,2,2,50,1270,304
48300,"Wenatchee-East Wenatchee, WA",2022-01-01,25,49,18,1,93,1363,329
48300,"Wenatchee-East Wenatchee, WA",2022-02-01,21,32,13,1,67,1430,350
48300,"Wenatchee-East Wenatchee, WA",2022-03-01,18,38,6,1,63,1493,368
48300,"Wenatchee-East Wenatchee, WA",2022-04-01,15,45,12,2,74,1567,383
48300,"Wenatchee-East Wenatchee, WA",2022-05-01,16,24,8,1,49,1616,399
48300,"Wenatchee-East Wenatchee, WA",2022-06-01,23,24,5,2,54,1670,422
48300,"Wenatchee-East Wenatchee, WA",2022-07-01,23,25,7,1,56,1726,445
48300,"Wenatchee-East Wenatchee, WA",2022-08-01,18,39,17,0,74,1800,463
48300,"Wenatchee-East Wenatchee, WA",2022-09-01,23,26,1,2,52,1852,486
48300,"Wenatchee-East Wenatchee, WA",2022-10-01,26,39,11,1,77,1929,512
48300,"Wenatchee-East Wenatchee, WA",2022-11-01,22,24,5,0,51,1980,534
48300,"Wenatchee-East Wenatchee, WA",2022-12-01,20,30,16,0,66,2046,554
48300,"Wenatchee-East Wenatchee, WA",2023-01-01,25,41,12,1,79,2125,579
48300,"Wenatchee-East Wenatchee, WA",2023-02-01,16,28,14,2,60,2185,595
48300,"Wenatchee-East Wenatchee, WA",2023-03-01,26,23,10,2,61,2246,621
48300,"Wenatchee-East Wenatchee, WA",2023-04-01,23,20,7,0,50,2296,644
48300,"Wenatchee-East Wenatchee, WA",2023-05-01,16,21,8,0,45,2341,660
48300,"Wenatchee-East Wenatchee, WA",2023-06-01,11,15,2,0,28,2369,671
48300,"Wenatchee-East Wenatchee, WA",2023-07-01,24,23,7,0,54,2423,695
48300,"Wenatchee-East Wenatchee, WA",2023-08-01,21,29,4,3,57,2480,716
48300,"Wenatchee-East Wenatchee, WA",2023-09-01,14,18,4,2,38,2518,730
48300,"Wenatchee-East Wenatchee, WA",2023-10-01,20,30,4,1,55,2573,750
48300,"Wenatchee-East Wenatchee, WA",2023-11-01,19,34,7,0,60,2633,769
48300,"Wenatchee-East Wenatchee, WA",2023-12-01,25,29,7,1,62,2695,794
48300,"Wenatchee-East Wenatchee, WA",2024-01-01,25,34,8,2,69,2764,819
48300,"Wenatchee-East Wenatchee, WA",2024-02-01,24,19,12,0,55,2819,843
48300,"Wenatchee-East Wenatchee, WA",2024-03-01,27,33,10,0,70,2889,870
48300,"Wenatchee-East Wenatchee, WA",2024-04-01,18,28,1,0,47,2936,888
48300,"Wenatchee-East Wenatchee, WA",2024-05-01,26,34,9,1,70,3006,914
48300,"Wenatchee-East Wenatchee, WA",2024-06-01,17,24,2,1,44,3050,931
48300,"Wenatchee-East Wenatchee, WA",2024-07-01,20,32,8,0,60,3110,951
48300,"Wenatchee-East Wenatchee, WA",2024-08-01,26,44,12,1,83,3193,977
48300,"Wenatchee-East Wenatchee, WA",2024-09-01,12,44,7,1,64,3257,989
48300,"Wenatchee-East Wenatchee, WA",2024-10-01,29,37,6,2,74,3331,1018
48300,"Wenatchee-East Wenatchee, WA",2024-11-01,17,27,11,0,55,3386,1035
48300,"Wenatchee-East Wenatchee, WA",2024-12-01,23,25,11,0,59,3445,1058
48300,"Wenatchee-East Wenatchee, WA",2025-01-01,19,27,5,0,51,3496,1077
48300,"Wenatchee-East Wenatchee, WA",2025-02-01,20,35,6,0,61,3557,1097
48300,"Wenatchee-East Wenatchee, WA",2025-03-01,32,30,12,0,74,3631,1129
48300,"Wenatchee-East Wenatchee, WA",2025-04-01,9,5,3,1,18,3649,1138
48300,"Wenatchee-East Wenatchee, WA",2025-05-01,19,21,1,0,41,3690,1157
48300,"Wenatchee-East Wenatchee, WA",2025-06-01,26,18,8,0,52,3742,1183
48300,"Wenatchee-East Wenatchee, WA",2025-07-01,29,22,6,0,57,3799,1212
48300,"Wenatchee-East Wenatchee, WA",2025-08-01,27,21,4,0,52,3851,1239
15500,"Burlington, NC",2019-01-01,1,56,8,1,66,66,1
15500,"Burlington, NC",2019-02-01,0,51,10,4,65,131,1
15500,"Burlington, NC",2019-03-01,3,59,21,0,83,214,4
15500,"Burlington, NC",2019-04-01,1,76,16,1,94,308,5
15500,"Burlington, NC",2019-05-01,2,81,23,1,107,415,7
15500,"Burlington, NC",2019-06-01,0,26,3,0,29,444,7
15500,"Burlington, NC",2019-07-01,3,41,4,0,48,492,10
15500,"Burlington, NC",2019-08-01,2,30,16,2,50,542,12
15500,"Burlington, NC",2019-09-01,3,48,12,0,63,605,15
15500,"Burlington, NC",2019-10-01,5,65,15,1,86,691,20
15500,"Burlington, NC",2019-11-01,3,59,23,1,86,777,23
15500,"Burlington, NC",2019-12-01,7,46,15,0,68,845,30
15500,"Burlington, NC",2020-01-01,8,61,17,4,90,935,38
15500,"Burlington, NC",2020-02-01,8,40,15,0,63,998,46
15500,"Burlington, NC",2020-03-01,9,59,18,1,87,1085,55
15500,"Burlington, NC",2020-04-01,26,145,35,4,210,1295,81
15500,"Burlington, NC",2020-05-01,60,168,40,7,275,1570,141
15500,"Burlington, NC",2020-06-01,24,104,12,1,141,1711,165
15500,"Burlington, NC",2020-07-01,52,174,36,2,264,1975,217
15500,"Burlington, NC",2020-08-01,63,226,45,2,336,2311,280
15500,"Burlington, NC",2020-09-01,52,173,46,3,274,2585,332
15500,"Burlington, NC",2020-10-01,34,107,17,2,160,2745,366
15500,"Burlington, NC",2020-11-01,22,61,12,0,95,2840,388
15500,"Burlington, NC",2020-12-01,24,55,4,0,83,2923,412
15500,"Burlington, NC",2021-01-01,98,217,48,3,366,3289,510
15500,"Burlington, NC",2021-02-01,72,232,33,2,339,3628,582
15500,"Burlington, NC",2021-03-01,89,224,48,7,368,3996,671
15500,"Burlington, NC",2021-04-01,78,213,34,5,330,4326,749
15500,"Burlington, NC",2021-05-01,54,165,38,3,260,4586,803
15500,"Burlington, NC",2021-06-01,50,84,18,6,158,4744,853
15500,"Burlington, NC",2021-07-01,51,164,42,1,258,5002,904
15500,"Burlington, NC",2021-08-01,73,305,82,6,466,5468,977
15500,"Burlington, NC",2021-09-01,71,246,55,6,378,5846,1048
15500,"Burlington, NC",2021-10-01,40,107,29,3,179,6025,1088
15500,"Burlington, NC",2021-11-01,52,137,47,0,236,6261,1140
15500,"Burlington, NC",2021-12-01,93,168,39,1,301,6562,1233
15500,"Burlington, NC",2022-01-01,87,215,51,7,360,6922,1320
15500,"Burlington, NC",2022-02-01,90,189,58,5,342,7264,1410
15500,"Burlington, NC",2022-03-01,89,177,60,3,329,7593,1499
15500,"Burlington, NC",2022-04-01,76,186,53,3,318,7911,1575
15500,"Burlington, NC",2022-05-01,83,164,45,3,295,8206,1658
15500,"Burlington, NC",2022-06-01,26,57,11,0,94,8300,1684
15500,"Burlington, NC",2022-07-01,29,53,16,0,98,8398,1713
15500,"Burlington, NC",2022-08-01,45,138,29,3,215,8613,1758
15500,"Burlington, NC",2022-09-01,47,90,26,6,169,8782,1805
15500,"Burlington, NC",2022-10-01,66,128,45,6,245,9027,1871
15500,"Burlington, NC",2022-11-01,75,123,53,7,258,9285,1946
15500,"Burlington, NC",2022-12-01,97,125,46,7,275,9560,2043
15500,"Burlington, NC",2023-01-01,80,131,44,5,260,9820,2123
15500,"Burlington, NC",2023-02-01,65,99,46,6,216,10036,2188
15500,"Burlington, NC",2023-03-01,89,153,53,3,298,10334,2277
15500,"Burlington, NC",2023-04-01,70,132,47,5,254,10588,2347
15500,"Burlington, NC",2023-05-01,52,80,28,2,162,10750,2399
15500,"Burlington, NC",2023-06-01,28,45,10,1,84,10834,2427
15500,"Burlington, NC",2023-07-01,30,41,9,3,83,10917,2457
15500,"Burlington, NC",2023-08-01,43,85,28,0,156,11073,2500
15500,"Burlington, NC",2023-09-01,61,141,54,6,262,11335,2561
15500,"Burlington, NC",2023-10-01,57,72,35,3,167,11502,2618
15500,"Burlington, NC",2023-11-01,90,109,34,10,243,11745,2708
15500,"Burlington, NC",2023-12-01,101,118,40,4,263,12008,2809
15500,"Burlington, NC",2024-01-01,116,133,42,5,296,12304,2925
15500,"Burlington, NC",2024-02-01,107,122,34,1,264,12568,3032
15500,"Burlington, NC",2024-03-01,110,114,42,6,272,12840,3142
15500,"Burlington, NC",2024-04-01,79,96,29,4,208,13048,3221
15500,"Burlington, NC",2024-05-01,74,127,34,3,238,13286,3295
15500,"Burlington, NC",2024-06-01,74,115,35,3,227,13513,3369
15500,"Burlington, NC",2024-07-01,92,127,41,2,262,13775,3461
15500,"Burlington, NC",2024-08-01,56,116,50,4,226,14001,3517
15500,"Burlington, NC",2024-09-01,81,137,53,6,277,14278,3598
15500,"Burlington, NC",2024-10-01,109,155,58,8,330,14608,3707
15500,"Burlington, NC",2024-11-01,108,144,58,9,319,14927,3815
15500,"Burlington, NC",2024-12-01,130,142,51,6,329,15256,3945
15500,"Burlington, NC",2025-01-01,126,138,57,2,323,15579,4071
15500,"Burlington, NC",2025-02-01,94,111,37,4,246,15825,4165
15500,"Burlington, NC",2025-03-01,118,133,46,9,306,16131,4283
15500,"Burlington, NC",2025-04-01,116,137,46,8,307,16438,4399
15500,"Burlington, NC",2025-05-01,120,129,56,3,308,16746,4519
15500,"Burlington, NC",2025-06-01,105,133,61,11,310,17056,4624
15500,"Burlington, NC",2025-07-01,108,130,32,5,275,17331,4732
15500,"Burlington, NC",2025-08-01,69,108,30,8,215,17546,4801
15500,"Burlington, NC",2025-09-01,0,3,1,1,5,17551,4801
42980,"Seymour, IN",2019-01-01,0,2,2,0,4,4,0
42980,"Seymour, IN",2019-02-01,0,0,1,0,1,5,0
42980,"Seymour, IN",2019-03-01,0,1,1,0,2,7,0
42980,"Seymour, IN",2019-04-01,0,2,0,0,2,9,0
42980,"Seymour, IN",2019-05-01,0,10,0,0,10,19,0
42980,"Seymour, IN",2019-06-01,0,4,3,0,7,26,0
42980,"Seymour, IN",2019-07-01,0,3,1,0,4,30,0
42980,"Seymour, IN",2019-08-01,0,16,3,0,19,49,0
42980,"Seymour, IN",2019-09-01,3,7,1,0,11,60,3
42980,"Seymour, IN",2019-10-01,0,15,4,0,19,79,3
42980,"Seymour, IN",2019-11-01,1,21,6,1,29,108,4
42980,"Seymour, IN",2019-12-01,4,19,3,1,27,135,8
42980,"Seymour, IN",2020-01-01,2,14,4,0,20,155,10
42980,"Seymour, IN",2020-02-01,1,10,1,0,12,167,11
42980,"Seymour, IN",2020-03-01,3,18,7,0,28,195,14
42980,"Seymour, IN",2020-04-01,5,19,2,2,28,223,19
42980,"Seymour, IN",2020-05-01,9,35,3,0,47,270,28
42980,"Seymour, IN",2020-06-01,5,21,5,1,32,302,33
42980,"Seymour, IN",2020-07-01,4,34,4,1,43,345,37
42980,"Seymour, IN",2020-08-01,6,35,9,1,51,396,43
42980,"Seymour, IN",2020-09-01,8,26,5,0,39,435,51
42980,"Seymour, IN",2020-10-01,6,23,5,0,34,469,57
42980,"Seymour, IN",2020-11-01,1,20,6,2,29,498,58
42980,"Seymour, IN",2020-12-01,13,27,10,1,51,549,71
42980,"Seymour, IN",2021-01-01,14,42,14,0,70,619,85
42980,"Seymour, IN",2021-02-01,11,45,8,0,64,683,96
42980,"Seymour, IN",2021-03-01,15,37,19,1,72,755,111
42980,"Seymour, IN",2021-04-01,14,43,13,0,70,825,125
42980,"Seymour, IN",2021-05-01,13,48,14,1,76,901,138
42980,"Seymour, IN",2021-06-01,15,47,7,2,71,972,153
42980,"Seymour, IN",2021-07-01,18,43,21,2,84,1056,171
42980,"Seymour, IN",2021-08-01,5,50,13,0,68,1124,176
42980,"Seymour, IN",2021-09-01,4,32,12,4,52,1176,180
42980,"Seymour, IN",2021-10-01,12,49,13,2,76,1252,192
42980,"Seymour, IN",2021-11-01,7,29,10,2,48,1300,199
42980,"Seymour, IN",2021-12-01,15,47,12,3,77,1377,214
42980,"Seymour, IN",2022-01-01,21,47,14,0,82,1459,235
42980,"Seymour, IN",2022-02-01,10,27,15,2,54,1513,245
42980,"Seymour, IN",2022-03-01,7,40,13,1,61,1574,252
42980,"Seymour, IN",2022-04-01,15,40,14,0,69,1643,267
42980,"Seymour, IN",2022-05-01,16,40,18,0,74,1717,283
42980,"Seymour, IN",2022-06-01,13,22,7,1,43,1760,296
42980,"Seymour, IN",2022-07-01,11,28,10,1,50,1810,307
42980,"Seymour, IN",2022-08-01,7,29,15,0,51,1861,314
42980,"Seymour, IN",2022-09-01,7,14,10,0,31,1892,321
42980,"Seymour, IN",2022-10-01,10,29,17,3,59,1951,331
42980,"Seymour, IN",2022-11-01,16,30,13,0,59,2010,347
42980,"Seymour, IN",2022-12-01,15,24,10,3,52,2062,362
42980,"Seymour, IN",2023-01-01,16,18,17,1,52,2114,378
42980,"Seymour, IN",2023-02-01,12,17,11,0,40,2154,390
42980,"Seymour, IN",2023-03-01,23,34,22,1,80,2234,413
42980,"Seymour, IN",2023-04-01,23,17,9,1,50,2284,436
42980,"Seymour, IN",2023-05-01,19,23,5,1,48,2332,455
42980,"Seymour, IN",2023-06-01,12,17,8,1,38,2370,467
42980,"Seymour, IN",2023-07-01,15,16,5,0,36,2406,482
42980,"Seymour, IN",2023-08-01,8,13,4,0,25,2431,490
42980,"Seymour, IN",2023-09-01,3,13,2,0,18,2449,493
42980,"Seymour, IN",2023-10-01,8,25,7,1,41,2490,501
42980,"Seymour, IN",2023-11-01,19,21,12,0,52,2542,520
42980,"Seymour, IN",2023-12-01,18,19,9,0,46,2588,538
42980,"Seymour, IN",2024-01-01,24,26,12,0,62,2650,562
42980,"Seymour, IN",2024-02-01,13,15,5,1,34,2684,575
42980,"Seymour, IN",2024-03-01,8,24,7,1,40,2724,583
42980,"Seymour, IN",2024-04-01,9,18,5,0,32,2756,592
42980,"Seymour, IN",2024-05-01,11,16,3,0,30,2786,603
42980,"Seymour, IN",2024-06-01,5,12,4,0,21,2807,608
42980,"Seymour, IN",2024-07-01,7,6,7,0,20,2827,615
42980,"Seymour, IN",2024-08-01,5,18,7,0,30,2857,620
42980,"Seymour, IN",2024-09-01,13,20,5,1,39,2896,633
42980,"Seymour, IN",2024-10-01,12,19,3,1,35,2931,645
42980,"Seymour, IN",2024-11-01,12,20,6,0,38,2969,657
42980,"Seymour, IN",2024-12-01,14,16,7,1,38,3007,671
42980,"Seymour, IN",2025-01-01,19,23,9,1,52,3059,690
42980,"Seymour, IN",2025-02-01,21,23,10,1,55,3114,711
42980,"Seymour, IN",2025-03-01,11,15,5,1,32,3146,722
42980,"Seymour, IN",2025-04-01,18,19,1,0,38,3184,740
42980,"Seymour, IN",2025-05-01,19,26,7,1,53,3237,759
42980,"Seymour, IN",2025-06-01,5,9,1,0,15,3252,764
42980,"Seymour, IN",2025-07-01,7,15,0,0,22,3274,771
42980,"Seymour, IN",2025-08-01,10,15,2,0,27,3301,781
42980,"Seymour, IN",2025-09-01,0,1,0,0,1,3302,781
42820,"Selma, AL",2019-02-01,0,0,1,0,1,1,0
42820,"Selma, AL",2019-03-01,0,2,0,0,2,3,0
42820,"Selma, AL",2019-04-01,0,1,0,0,1,4,0
42820,"Selma, AL",2019-05-01,0,3,0,0,3,7,0
42820,"Selma, AL",2019-06-01,0,1,0,0,1,8,0
42820,"Selma, AL",2019-08-01,1,0,0,0,1,9,1
42820,"Selma, AL",2019-09-01,0,3,0,0,3,12,1
42820,"Selma, AL",2019-10-01,0,3,0,0,3,15,1
42820,"Selma, AL",2019-11-01,0,1,0,0,1,16,1
42820,"Selma, AL",2019-12-01,0,0,1,0,1,17,1
42820,"Selma, AL",2020-02-01,0,2,1,0,3,20,1
42820,"Selma, AL",2020-03-01,0,6,0,0,6,26,1
42820,"Selma, AL",2020-04-01,1,3,0,0,4,30,2
42820,"Selma, AL",2020-05-01,2,4,1,0,7,37,4
42820,"Selma, AL",2020-06-01,2,5,0,0,7,44,6
42820,"Selma, AL",2020-07-01,0,5,3,0,8,52,6
42820,"Selma, AL",2020-08-01,1,7,2,0,10,62,7
42820,"Selma, AL",2020-09-01,0,13,4,0,17,79,7
42820,"Selma, AL",2020-10-01,0,4,0,0,4,83,7
42820,"Selma, AL",2020-11-01,1,3,0,0,4,87,8
42820,"Selma, AL",2020-12-01,1,2,0,0,3,90,9
42820,"Selma, AL",2021-01-01,2,7,1,0,10,100,11
42820,"Selma, AL",2021-02-01,1,4,0,0,5,105,12
42820,"Selma, AL",2021-03-01,2,25,7,0,34,139,14
42820,"Selma, AL",2021-04-01,15,39,8,0,62,201,29
42820,"Selma, AL",2021-05-01,4,39,8,0,51,252,33
42820,"Selma, AL",2021-06-01,12,25,6,1,44,296,45
42820,"Selma, AL",2021-07-01,5,31,3,1,40,336,50
42820,"Selma, AL",2021-08-01,7,14,3,0,24,360,57
42820,"Selma, AL",2021-09-01,5,20,5,1,31,391,62
42820,"Selma, AL",2021-10-01,1,18,5,0,24,415,63
42820,"Selma, AL",2021-11-01,6,16,2,0,24,439,69
42820,"Selma, AL",2021-12-01,11,21,11,1,44,483,80
42820,"Selma, AL",2022-01-01,10,25,4,0,39,522,90
42820,"Selma, AL",2022-02-01,3,11,3,0,17,539,93
42820,"Selma, AL",2022-03-01,11,23,4,1,39,578,104
42820,"Selma, AL",2022-04-01,4,19,3,0,26,604,108
42820,"Selma, AL",2022-05-01,5,19,2,0,26,630,113
42820,"Selma, AL",2022-06-01,7,23,2,0,32,662,120
42820,"Selma, AL",2022-07-01,7,11,6,1,25,687,127
42820,"Selma, AL",2022-08-01,7,14,7,0,28,715,134
42820,"Selma, AL",2022-09-01,2,13,6,0,21,736,136
42820,"Selma, AL",2022-10-01,3,12,0,0,15,751,139
42820,"Selma, AL",2022-11-01,5,14,2,1,22,773,144
42820,"Selma, AL",2022-12-01,4,13,5,1,23,796,148
42820,"Selma, AL",2023-01-01,5,13,7,0,25,821,153
42820,"Selma, AL",2023-02-01,10,5,1,0,16,837,163
42820,"Selma, AL",2023-03-01,5,11,1,0,17,854,168
42820,"Selma, AL",2023-04-01,9,26,2,0,37,891,177
42820,"Selma, AL",2023-05-01,13,11,7,0,31,922,190
42820,"Selma, AL",2023-06-01,10,25,8,0,43,965,200
42820,"Selma, AL",2023-07-01,12,12,4,0,28,993,212
42820,"Selma, AL",2023-08-01,3,16,6,0,25,1018,215
42820,"Selma, AL",2023-09-01,3,14,0,0,17,1035,218
42820,"Selma, AL",2023-10-01,4,9,3,0,16,1051,222
42820,"Selma, AL",2023-11-01,6,10,6,1,23,1074,228
42820,"Selma, AL",2023-12-01,9,15,2,2,28,1102,237
42820,"Selma, AL",2024-01-01,8,14,6,0,28,1130,245
42820,"Selma, AL",2024-02-01,7,11,2,0,20,1150,252
42820,"Selma, AL",2024-03-01,9,29,6,0,44,1194,261
42820,"Selma, AL",2024-04-01,12,19,3,0,34,1228,273
42820,"Selma, AL",2024-05-01,15,19,8,0,42,1270,288
42820,"Selma, AL",2024-06-01,9,20,1,0,30,1300,297
42820,"Selma, AL",2024-07-01,7,15,2,0,24,1324,304
42820,"Selma, AL",2024-08-01,11,15,5,1,32,1356,315
42820,"Selma, AL",2024-09-01,12,15,7,1,35,1391,327
42820,"Selma, AL",2024-10-01,13,9,5,1,28,1419,340
42820,"Selma, AL",2024-11-01,16,17,4,1,38,1457,356
42820,"Selma, AL",2024-12-01,15,19,2,1,37,1494,371
42820,"Selma, AL",2025-01-01,13,14,1,1,29,1523,384
42820,"Selma, AL",2025-02-01,6,8,5,0,19,1542,390
42820,"Selma, AL",2025-03-01,9,9,1,2,21,1563,399
42820,"Selma, AL",2025-04-01,12,14,3,0,29,1592,411
42820,"Selma, AL",2025-05-01,17,16,6,1,40,1632,428
42820,"Selma, AL",2025-06-01,12,18,4,2,36,1668,440
42820,"Selma, AL",2025-07-01,3,8,0,0,11,1679,443
42820,"Selma, AL",2025-08-01,15,12,2,0,29,1708,458
43320,"Show Low, AZ",2019-02-01,0,1,2,0,3,3,0
43320,"Show Low, AZ",2019-03-01,0,1,1,0,2,5,0
43320,"Show Low, AZ",2019-04-01,0,1,0,1,2,7,0
43320,"Show Low, AZ",2019-05-01,0,1,0,1,2,9,0
43320,"Show Low, AZ",2019-06-01,0,1,3,0,4,13,0
43320,"Show Low, AZ",2019-07-01,1,3,0,0,4,17,1
43320,"Show Low, AZ",2019-08-01,1,1,1,0,3,20,2
43320,"Show Low, AZ",2019-09-01,0,3,0,0,3,23,2
43320,"Show Low, AZ",2019-10-01,0,4,1,0,5,28,2
43320,"Show Low, AZ",2019-11-01,0,1,2,0,3,31,2
43320,"Show Low, AZ",2019-12-01,0,1,2,0,3,34,2
43320,"Show Low, AZ",2020-01-01,1,1,1,0,3,37,3
43320,"Show Low, AZ",2020-02-01,1,4,1,0,6,43,4
43320,"Show Low, AZ",2020-03-01,0,4,0,0,4,47,4
43320,"Show Low, AZ",2020-04-01,1,6,3,0,10,57,5
43320,"Show Low, AZ",2020-05-01,3,3,1,0,7,64,8
43320,"Show Low, AZ",2020-06-01,1,8,1,1,11,75,9
43320,"Show Low, AZ",2020-07-01,1,6,4,1,12,87,10
43320,"Show Low, AZ",2020-08-01,0,8,0,0,8,95,10
43320,"Show Low, AZ",2020-09-01,1,5,2,0,8,103,11
43320,"Show Low, AZ",2020-10-01,2,11,7,2,22,125,13
43320,"Show Low, AZ",2020-11-01,4,8,2,0,14,139,17
43320,"Show Low, AZ",2020-12-01,1,15,2,0,18,157,18
43320,"Show Low, AZ",2021-01-01,4,20,4,1,29,186,22
43320,"Show Low, AZ",2021-02-01,4,14,4,0,22,208,26
43320,"Show Low, AZ",2021-03-01,4,8,3,0,15,223,30
43320,"Show Low, AZ",2021-04-01,2,14,5,2,23,246,32
43320,"Show Low, AZ",2021-05-01,4,20,7,0,31,277,36
43320,"Show Low, AZ",2021-06-01,6,16,4,1,27,304,42
43320,"Show Low, AZ",2021-07-01,9,15,2,1,27,331,51
43320,"Show Low, AZ",2021-08-01,3,25,13,2,43,374,54
43320,"Show Low, AZ",2021-09-01,1,12,4,0,17,391,55
43320,"Show Low, AZ",2021-10-01,6,20,6,2,34,425,61
43320,"Show Low, AZ",2021-11-01,2,11,4,2,19,444,63
43320,"Show Low, AZ",2021-12-01,8,16,7,0,31,475,71
43320,"Show Low, AZ",2022-01-01,14,25,7,0,46,521,85
43320,"Show Low, AZ",2022-02-01,5,13,3,1,22,543,90
43320,"Show Low, AZ",2022-03-01,9,14,5,0,28,571,99
43320,"Show Low, AZ",2022-04-01,7,20,4,0,31,602,106
43320,"Show Low, AZ",2022-05-01,5,24,8,1,38,640,111
43320,"Show Low, AZ",2022-06-01,10,18,6,4,38,678,121
43320,"Show Low, AZ",2022-07-01,13,19,3,1,36,714,134
43320,"Show Low, AZ",2022-08-01,8,15,4,0,27,741,142
43320,"Show Low, AZ",2022-09-01,8,22,3,0,33,774,150
43320,"Show Low, AZ",2022-10-01,10,23,3,0,36,810,160
43320,"Show Low, AZ",2022-11-01,8,11,9,0,28,838,168
43320,"Show Low, AZ",2022-12-01,10,17,3,1,31,869,178
43320,"Show Low, AZ",2023-01-01,12,22,4,1,39,908,190
43320,"Show Low, AZ",2023-02-01,13,13,9,1,36,944,203
43320,"Show Low, AZ",2023-03-01,9,20,6,1,36,980,212
43320,"Show Low, AZ",2023-04-01,11,21,3,0,35,1015,223
43320,"Show Low, AZ",2023-05-01,6,17,4,2,29,1044,229
43320,"Show Low, AZ",2023-06-01,12,17,2,0,31,1075,241
43320,"Show Low, AZ",2023-07-01,8,15,6,1,30,1105,249
43320,"Show Low, AZ",2023-08-01,7,9,2,1,19,1124,256
43320,"Show Low, AZ",2023-09-01,7,17,8,1,33,1157,263
43320,"Show Low, AZ",2023-10-01,10,12,3,0,25,1182,273
43320,"Show Low, AZ",2023-11-01,14,20,0,1,35,1217,287
43320,"Show Low, AZ",2023-12-01,12,13,8,0,33,1250,299
43320,"Show Low, AZ",2024-01-01,8,17,6,1,32,1282,307
43320,"Show Low, AZ",2024-02-01,15,19,9,0,43,1325,322
43320,"Show Low, AZ",2024-03-01,11,20,6,0,37,1362,333
43320,"Show Low, AZ",2024-04-01,5,19,5,0,29,1391,338
43320,"Show Low, AZ",2024-05-01,13,17,6,0,36,1427,351
43320,"Show Low, AZ",2024-06-01,6,16,4,2,28,1455,357
43320,"Show Low, AZ",2024-07-01,7,16,5,0,28,1483,364
43320,"Show Low, AZ",2024-08-01,10,17,3,0,30,1513,374
43320,"Show Low, AZ",2024-09-01,11,19,2,1,33,1546,385
43320,"Show Low, AZ",2024-10-01,13,23,13,1,50,1596,398
43320,"Show Low, AZ",2024-11-01,12,28,10,1,51,1647,410
43320,"Show Low, AZ",2024-12-01,9,26,3,1,39,1686,419
43320,"Show Low, AZ",2025-01-01,20,32,7,0,59,1745,439
43320,"Show Low, AZ",2025-02-01,10,17,8,2,37,1782,449
43320,"Show Low, AZ",2025-03-01,11,16,12,2,41,1823,460
43320,"Show Low, AZ",2025-04-01,12,16,8,1,37,1860,472
43320,"Show Low, AZ",2025-05-01,19,16,7,2,44,1904,491
43320,"Show Low, AZ",2025-06-01,11,14,8,0,33,1937,502
43320,"Show Low, AZ",2025-07-01,5,18,8,1,32,1969,507
43320,"Show Low, AZ",2025-08-01,8,10,8,0,26,1995,515
37500,"Paragould, AR",2019-03-01,0,1,0,0,1,1,0
37500,"Paragould, AR",2019-04-01,0,8,1,0,9,10,0
37500,"Paragould, AR",2019-05-01,0,3,0,0,3,13,0
37500,"Paragould, AR",2019-06-01,0,3,3,0,6,19,0
37500,"Paragould, AR",2019-07-01,1,8,7,0,16,35,1
37500,"Paragould, AR",2019-08-01,1,11,3,0,15,50,2
37500,"Paragould, AR",2019-09-01,3,14,3,1,21,71,5
37500,"Paragould, AR",2019-10-01,1,4,1,0,6,77,6
37500,"Paragould, AR",2019-11-01,0,8,3,1,12,89,6
37500,"Paragould, AR",2019-12-01,1,6,5,0,12,101,7
37500,"Paragould, AR",2020-01-01,0,10,3,0,13,114,7
37500,"Paragould, AR",2020-02-01,2,7,5,0,14,128,9
37500,"Paragould, AR",2020-03-01,1,10,2,0,13,141,10
37500,"Paragould, AR",2020-04-01,2,24,7,0,33,174,12
37500,"Paragould, AR",2020-05-01,6,24,9,0,39,213,18
37500,"Paragould, AR",2020-06-01,6,16,6,0,28,241,24
37500,"Paragould, AR",2020-07-01,8,22,6,0,36,277,32
37500,"Paragould, AR",2020-08-01,2,39,6,0,47,324,34
37500,"Paragould, AR",2020-09-01,6,19,4,1,30,354,40
37500,"Paragould, AR",2020-10-01,4,14,3,0,21,375,44
37500,"Paragould, AR",2020-11-01,3,17,4,0,24,399,47
37500,"Paragould, AR",2020-12-01,3,20,4,1,28,427,50
37500,"Paragould, AR",2021-01-01,11,35,7,0,53,480,61
37500,"Paragould, AR",2021-02-01,9,35,9,1,54,534,70
37500,"Paragould, AR",2021-03-01,17,35,4,1,57,591,87
37500,"Paragould, AR",2021-04-01,22,36,9,1,68,659,109
37500,"Paragould, AR",2021-05-01,10,45,6,0,61,720,119
37500,"Paragould, AR",2021-06-01,7,31,8,1,47,767,126
37500,"Paragould, AR",2021-07-01,7,27,5,0,39,806,133
37500,"Paragould, AR",2021-08-01,8,40,10,0,58,864,141
37500,"Paragould, AR",2021-09-01,5,34,4,0,43,907,146
37500,"Paragould, AR",2021-10-01,9,38,12,0,59,966,155
37500,"Paragould, AR",2021-11-01,8,23,9,0,40,1006,163
37500,"Paragould, AR",2021-12-01,11,31,10,0,52,1058,174
37500,"Paragould, AR",2022-01-01,19,35,14,0,68,1126,193
37500,"Paragould, AR",2022-02-01,15,25,9,1,50,1176,208
37500,"Paragould, AR",2022-03-01,12,39,6,1,58,1234,220
37500,"Paragould, AR",2022-04-01,11,35,11,1,58,1292,231
37500,"Paragould, AR",2022-05-01,13,36,3,0,52,1344,244
37500,"Paragould, AR",2022-06-01,13,21,9,1,44,1388,257
37500,"Paragould, AR",2022-07-01,18,43,8,0,69,1457,275
37500,"Paragould, AR",2022-08-01,14,32,11,0,57,1514,289
37500,"Paragould, AR",2022-09-01,9,26,10,2,47,1561,298
37500,"Paragould, AR",2022-10-01,21,31,7,0,59,1620,319
37500,"Paragould, AR",2022-11-01,13,35,11,1,60,1680,332
37500,"Paragould, AR",2022-12-01,14,26,5,2,47,1727,346
37500,"Paragould, AR",2023-01-01,15,26,16,0,57,1784,361
37500,"Paragould, AR",2023-02-01,14,36,5,1,56,1840,375
37500,"Paragould, AR",2023-03-01,27,66,17,2,112,1952,402
37500,"Paragould, AR",2023-04-01,18,31,11,1,61,2013,420
37500,"Paragould, AR",2023-05-01,13,27,6,2,48,2061,433
37500,"Paragould, AR",2023-06-01,10,14,7,1,32,2093,443
37500,"Paragould, AR",2023-07-01,16,28,5,0,49,2142,459
37500,"Paragould, AR",2023-08-01,6,23,6,0,35,2177,465
37500,"Paragould, AR",2023-09-01,22,23,6,3,54,2231,487
37500,"Paragould, AR",2023-10-01,18,31,17,0,66,2297,505
37500,"Paragould, AR",2023-11-01,12,49,5,0,66,2363,517
37500,"Paragould, AR",2023-12-01,21,41,14,1,77,2440,538
37500,"Paragould, AR",2024-01-01,24,44,11,0,79,2519,562
37500,"Paragould, AR",2024-02-01,24,39,11,1,75,2594,586
37500,"Paragould, AR",2024-03-01,26,37,8,1,72,2666,612
37500,"Paragould, AR",2024-04-01,32,38,8,0,78,2744,644
37500,"Paragould, AR",2024-05-01,27,25,10,2,64,2808,671
37500,"Paragould, AR",2024-06-01,25,29,14,1,69,2877,696
37500,"Paragould, AR",2024-07-01,18,9,5,0,32,2909,714
37500,"Paragould, AR",2024-08-01,7,19,8,1,35,2944,721
37500,"Paragould, AR",2024-09-01,9,20,8,0,37,2981,730
37500,"Paragould, AR",2024-10-01,22,41,14,0,77,3058,752
37500,"Paragould, AR",2024-11-01,27,31,9,0,67,3125,779
37500,"Paragould, AR",2024-12-01,15,32,12,1,60,3185,794
37500,"Paragould, AR",2025-01-01,30,28,13,0,71,3256,824
37500,"Paragould, AR",2025-02-01,29,28,8,1,66,3322,853
37500,"Paragould, AR",2025-03-01,28,24,16,1,69,3391,881
37500,"Paragould, AR",2025-04-01,40,36,15,0,91,3482,921
37500,"Paragould, AR",2025-05-01,32,36,11,2,81,3563,953
37500,"Paragould, AR",2025-06-01,35,37,19,0,91,3654,988
37500,"Paragould, AR",2025-07-01,26,26,4,0,56,3710,1014
37500,"Paragould, AR",2025-08-01,21,23,8,0,52,3762,1035
41760,"Sandpoint, ID",2019-01-01,0,1,0,0,1,1,0
41760,"Sandpoint, ID",2019-03-01,0,2,0,0,2,3,0
41760,"Sandpoint, ID",2019-04-01,0,1,0,0,1,4,0
41760,"Sandpoint, ID",2019-06-01,0,3,0,0,3,7,0
41760,"Sandpoint, ID",2019-07-01,0,0,2,0,2,9,0
41760,"Sandpoint, ID",2019-09-01,0,2,1,0,3,12,0
41760,"Sandpoint, ID",2019-10-01,0,0,1,0,1,13,0
41760,"Sandpoint, ID",2019-11-01,1,2,2,0,5,18,1
41760,"Sandpoint, ID",2019-12-01,0,1,0,0,1,19,1
41760,"Sandpoint, ID",2020-01-01,0,1,0,0,1,20,1
41760,"Sandpoint, ID",2020-02-01,0,1,0,0,1,21,1
41760,"Sandpoint, ID",2020-03-01,1,0,0,0,1,22,2
41760,"Sandpoint, ID",2020-04-01,1,1,1,0,3,25,3
41760,"Sandpoint, ID",2020-05-01,0,3,3,0,6,31,3
41760,"Sandpoint, ID",2020-06-01,0,1,0,0,1,32,3
41760,"Sandpoint, ID",2020-07-01,1,5,4,0,10,42,4
41760,"Sandpoint, ID",2020-08-01,2,7,1,1,11,53,6
41760,"Sandpoint, ID",2020-09-01,1,1,1,0,3,56,7
41760,"Sandpoint, ID",2020-10-01,0,2,2,0,4,60,7
41760,"Sandpoint, ID",2020-11-01,1,1,1,0,3,63,8
41760,"Sandpoint, ID",2020-12-01,1,4,1,1,7,70,9
41760,"Sandpoint, ID",2021-01-01,2,4,0,0,6,76,11
41760,"Sandpoint, ID",2021-02-01,2,6,1,0,9,85,13
41760,"Sandpoint, ID",2021-03-01,2,6,3,0,11,96,15
41760,"Sandpoint, ID",2021-04-01,5,13,2,0,20,116,20
41760,"Sandpoint, ID",2021-05-01,3,8,2,0,13,129,23
41760,"Sandpoint, ID",2021-06-01,9,6,1,2,18,147,32
41760,"Sandpoint, ID",2021-07-01,5,12,2,1,20,167,37
41760,"Sandpoint, ID",2021-08-01,5,11,4,0,20,187,42
41760,"Sandpoint, ID",2021-09-01,1,13,3,0,17,204,43
41760,"Sandpoint, ID",2021-10-01,2,11,5,0,18,222,45
41760,"Sandpoint, ID",2021-11-01,3,9,4,0,16,238,48
41760,"Sandpoint, ID",2021-12-01,1,7,2,0,10,248,49
41760,"Sandpoint, ID",2022-01-01,7,23,1,1,32,280,56
41760,"Sandpoint, ID",2022-02-01,4,19,3,1,27,307,60
41760,"Sandpoint, ID",2022-03-01,4,14,2,0,20,327,64
41760,"Sandpoint, ID",2022-04-01,6,8,2,0,16,343,70
41760,"Sandpoint, ID",2022-05-01,2,11,3,0,16,359,72
41760,"Sandpoint, ID",2022-06-01,0,7,3,0,10,369,72
41760,"Sandpoint, ID",2022-07-01,3,7,4,0,14,383,75
41760,"Sandpoint, ID",2022-08-01,5,13,1,0,19,402,80
41760,"Sandpoint, ID",2022-09-01,9,8,2,0,19,421,89
41760,"Sandpoint, ID",2022-10-01,8,7,3,0,18,439,97
41760,"Sandpoint, ID",2022-11-01,7,14,4,0,25,464,104
41760,"Sandpoint, ID",2022-12-01,10,11,2,1,24,488,114
41760,"Sandpoint, ID",2023-01-01,6,16,8,2,32,520,120
41760,"Sandpoint, ID",2023-02-01,2,9,1,0,12,532,122
41760,"Sandpoint, ID",2023-03-01,5,10,4,0,19,551,127
41760,"Sandpoint, ID",2023-04-01,5,15,7,1,28,579,132
41760,"Sandpoint, ID",2023-05-01,5,9,1,0,15,594,137
41760,"Sandpoint, ID",2023-06-01,8,7,4,0,19,613,145
41760,"Sandpoint, ID",2023-07-01,5,8,6,2,21,634,150
41760,"Sandpoint, ID",2023-08-01,4,9,8,0,21,655,154
41760,"Sandpoint, ID",2023-09-01,5,5,1,1,12,667,159
41760,"Sandpoint, ID",2023-10-01,3,7,1,0,11,678,162
41760,"Sandpoint, ID",2023-11-01,6,6,1,2,15,693,168
41760,"Sandpoint, ID",2023-12-01,8,13,2,0,23,716,176
41760,"Sandpoint, ID",2024-01-01,6,5,3,1,15,731,182
41760,"Sandpoint, ID",2024-02-01,5,11,5,0,21,752,187
41760,"Sandpoint, ID",2024-03-01,13,16,3,1,33,785,200
41760,"Sandpoint, ID",2024-04-01,5,14,4,0,23,808,205
41760,"Sandpoint, ID",2024-05-01,7,8,5,1,21,829,212
41760,"Sandpoint, ID",2024-06-01,3,10,4,2,19,848,215
41760,"Sandpoint, ID",2024-07-01,5,8,5,1,19,867,220
41760,"Sandpoint, ID",2024-08-01,4,6,4,0,14,881,224
41760,"Sandpoint, ID",2024-09-01,2,6,4,0,12,893,226
41760,"Sandpoint, ID",2024-10-01,3,8,5,0,16,909,229
41760,"Sandpoint, ID",2024-11-01,5,11,2,0,18,927,234
41760,"Sandpoint, ID",2024-12-01,5,13,1,1,20,947,239
41760,"Sandpoint, ID",2025-01-01,8,9,3,0,20,967,247
41760,"Sandpoint, ID",2025-02-01,1,7,3,1,12,979,248
41760,"Sandpoint, ID",2025-03-01,8,5,4,0,17,996,256
41760,"Sandpoint, ID",2025-04-01,7,4,1,0,12,1008,263
41760,"Sandpoint, ID",2025-05-01,5,5,4,0,14,1022,268
41760,"Sandpoint, ID",2025-06-01,5,4,5,0,14,1036,273
41760,"Sandpoint, ID",2025-07-01,7,9,1,0,17,1053,280
41760,"Sandpoint, ID",2025-08-01,2,4,2,1,9,1062,282
41760,"Sandpoint, ID",2025-09-01,0,1,0,0,1,1063,282
38900,"Portland-Vancouver-Hillsboro, OR-WA",2019-01-01,13,316,111,7,447,447,13
38900,"Portland-Vancouver-Hillsboro, OR-WA",2019-02-01,14,320,79,13,426,873,27
38900,"Portland-Vancouver-Hillsboro, OR-WA",2019-03-01,21,421,86,11,539,1412,48
38900,"Portland-Vancouver-Hillsboro, OR-WA",2019-04-01,20,440,83,6,549,1961,68
38900,"Portland-Vancouver-Hillsboro, OR-WA",2019-05-01,23,448,89,6,566,2527,91
38900,"Portland-Vancouver-Hillsboro, OR-WA",2019-06-01,24,276,65,6,371,2898,115
38900,"Portland-Vancouver-Hillsboro, OR-WA",2019-07-01,31,353,66,4,454,3352,146
38900,"Portland-Vancouver-Hillsboro, OR-WA",2019-08-01,33,398,93,10,534,3886,179
38900,"Portland-Vancouver-Hillsboro, OR-WA",2019-09-01,45,431,97,13,586,4472,224
38900,"Portland-Vancouver-Hillsboro, OR-WA",2019-10-01,21,236,49,2,308,4780,245
38900,"Portland-Vancouver-Hillsboro, OR-WA",2019-11-01,36,306,77,3,422,5202,281
38900,"Portland-Vancouver-Hillsboro, OR-WA",2019-12-01,36,238,61,2,337,5539,317
38900,"Portland-Vancouver-Hillsboro, OR-WA",2020-01-01,72,463,130,18,683,6222,389
38900,"Portland-Vancouver-Hillsboro, OR-WA",2020-02-01,61,368,107,8,544,6766,450
38900,"Portland-Vancouver-Hillsboro, OR-WA",2020-03-01,83,427,132,17,659,7425,533
38900,"Portland-Vancouver-Hillsboro, OR-WA",2020-04-01,393,1186,323,32,1934,9359,926
38900,"Portland-Vancouver-Hillsboro, OR-WA",2020-05-01,623,1300,295,41,2259,11618,1549
38900,"Portland-Vancouver-Hillsboro, OR-WA",2020-06-01,538,1187,209,23,1957,13575,2087
38900,"Portland-Vancouver-Hillsboro, OR-WA",2020-07-01,547,1404,307,27,2285,15860,2634
38900,"Portland-Vancouver-Hillsboro, OR-WA",2020-08-01,487,1722,379,56,2644,18504,3121
38900,"Portland-Vancouver-Hillsboro, OR-WA",2020-09-01,400,1514,306,36,2256,20760,3521
38900,"Portland-Vancouver-Hillsboro, OR-WA",2020-10-01,361,1429,275,31,2096,22856,3882
38900,"Portland-Vancouver-Hillsboro, OR-WA",2020-11-01,374,1256,264,39,1933,24789,4256
38900,"Portland-Vancouver-Hillsboro, OR-WA",2020-12-01,453,1359,302,37,2151,26940,4709
38900,"Portland-Vancouver-Hillsboro, OR-WA",2021-01-01,559,1558,325,48,2490,29430,5268
38900,"Portland-Vancouver-Hillsboro, OR-WA",2021-02-01,370,1115,295,32,1812,31242,5638
38900,"Portland-Vancouver-Hillsboro, OR-WA",2021-03-01,519,1288,274,37,2118,33360,6157
38900,"Portland-Vancouver-Hillsboro, OR-WA",2021-04-01,535,1336,302,38,2211,35571,6692
38900,"Portland-Vancouver-Hillsboro, OR-WA",2021-05-01,684,1668,344,35,2731,38302,7376
38900,"Portland-Vancouver-Hillsboro, OR-WA",2021-06-01,641,1799,378,31,2849,41151,8017
38900,"Portland-Vancouver-Hillsboro, OR-WA",2021-07-01,596,1900,358,39,2893,44044,8613
38900,"Portland-Vancouver-Hillsboro, OR-WA",2021-08-01,513,1574,365,29,2481,46525,9126
38900,"Portland-Vancouver-Hillsboro, OR-WA",2021-09-01,434,1670,423,44,2571,49096,9560
38900,"Portland-Vancouver-Hillsboro, OR-WA",2021-10-01,366,1568,402,57,2393,51489,9926
38900,"Portland-Vancouver-Hillsboro, OR-WA",2021-11-01,439,1412,347,33,2231,53720,10365
38900,"Portland-Vancouver-Hillsboro, OR-WA",2021-12-01,586,1398,326,42,2352,56072,10951
38900,"Portland-Vancouver-Hillsboro, OR-WA",2022-01-01,711,1856,454,47,3068,59140,11662
38900,"Portland-Vancouver-Hillsboro, OR-WA",2022-02-01,548,1272,321,27,2168,61308,12210
38900,"Portland-Vancouver-Hillsboro, OR-WA",2022-03-01,482,1295,337,50,2164,63472,12692
38900,"Portland-Vancouver-Hillsboro, OR-WA",2022-04-01,471,1139,351,39,2000,65472,13163
38900,"Portland-Vancouver-Hillsboro, OR-WA",2022-05-01,528,1218,326,34,2106,67578,13691
38900,"Portland-Vancouver-Hillsboro, OR-WA",2022-06-01,547,1075,283,25,1930,69508,14238
38900,"Portland-Vancouver-Hillsboro, OR-WA",2022-07-01,562,1130,297,30,2019,71527,14800
38900,"Portland-Vancouver-Hillsboro, OR-WA",2022-08-01,564,1244,323,55,2186,73713,15364
38900,"Portland-Vancouver-Hillsboro, OR-WA",2022-09-01,447,1165,333,31,1976,75689,15811
38900,"Portland-Vancouver-Hillsboro, OR-WA",2022-10-01,428,1142,302,39,1911,77600,16239
38900,"Portland-Vancouver-Hillsboro, OR-WA",2022-11-01,453,1108,333,33,1927,79527,16692
38900,"Portland-Vancouver-Hillsboro, OR-WA",2022-12-01,528,1024,308,36,1896,81423,17220
38900,"Portland-Vancouver-Hillsboro, OR-WA",2023-01-01,478,1215,357,29,2079,83502,17698
38900,"Portland-Vancouver-Hillsboro, OR-WA",2023-02-01,439,878,257,28,1602,85104,18137
38900,"Portland-Vancouver-Hillsboro, OR-WA",2023-03-01,582,1096,301,33,2012,87116,18719
38900,"Portland-Vancouver-Hillsboro, OR-WA",2023-04-01,506,967,258,23,1754,88870,19225
38900,"Portland-Vancouver-Hillsboro, OR-WA",2023-05-01,518,920,233,25,1696,90566,19743
38900,"Portland-Vancouver-Hillsboro, OR-WA",2023-06-01,648,982,310,25,1965,92531,20391
38900,"Portland-Vancouver-Hillsboro, OR-WA",2023-07-01,746,1145,330,32,2253,94784,21137
38900,"Portland-Vancouver-Hillsboro, OR-WA",2023-08-01,630,999,299,21,1949,96733,21767
38900,"Portland-Vancouver-Hillsboro, OR-WA",2023-09-01,483,1004,279,29,1795,98528,22250
38900,"Portland-Vancouver-Hillsboro, OR-WA",2023-10-01,528,1038,300,31,1897,100425,22778
38900,"Portland-Vancouver-Hillsboro, OR-WA",2023-11-01,522,1003,290,26,1841,102266,23300
38900,"Portland-Vancouver-Hillsboro, OR-WA",2023-12-01,575,964,269,21,1829,104095,23875
38900,"Portland-Vancouver-Hillsboro, OR-WA",2024-01-01,587,913,260,27,1787,105882,24462
38900,"Portland-Vancouver-Hillsboro, OR-WA",2024-02-01,568,903,262,30,1763,107645,25030
38900,"Portland-Vancouver-Hillsboro, OR-WA",2024-03-01,558,849,254,25,1686,109331,25588
38900,"Portland-Vancouver-Hillsboro, OR-WA",2024-04-01,524,786,216,24,1550,110881,26112
38900,"Portland-Vancouver-Hillsboro, OR-WA",2024-05-01,614,884,234,24,1756,112637,26726
38900,"Portland-Vancouver-Hillsboro, OR-WA",2024-06-01,667,858,224,26,1775,114412,27393
38900,"Portland-Vancouver-Hillsboro, OR-WA",2024-07-01,701,891,219,30,1841,116253,28094
38900,"Portland-Vancouver-Hillsboro, OR-WA",2024-08-01,610,909,263,35,1817,118070,28704
38900,"Portland-Vancouver-Hillsboro, OR-WA",2024-09-01,594,906,242,39,1781,119851,29298
38900,"Portland-Vancouver-Hillsboro, OR-WA",2024-10-01,551,910,245,19,1725,121576,29849
38900,"Portland-Vancouver-Hillsboro, OR-WA",2024-11-01,600,965,267,25,1857,123433,30449
38900,"Portland-Vancouver-Hillsboro, OR-WA",2024-12-01,634,825,226,17,1702,125135,31083
38900,"Portland-Vancouver-Hillsboro, OR-WA",2025-01-01,651,944,282,32,1909,127044,31734
38900,"Portland-Vancouver-Hillsboro, OR-WA",2025-02-01,556,794,233,26,1609,128653,32290
38900,"Portland-Vancouver-Hillsboro, OR-WA",2025-03-01,658,783,233,18,1692,130345,32948
38900,"Portland-Vancouver-Hillsboro, OR-WA",2025-04-01,622,714,220,25,1581,131926,33570
38900,"Portland-Vancouver-Hillsboro, OR-WA",2025-05-01,732,744,245,23,1744,133670,34302
38900,"Portland-Vancouver-Hillsboro, OR-WA",2025-06-01,845,783,225,28,1881,135551,35147
38900,"Portland-Vancouver-Hillsboro, OR-WA",2025-07-01,788,776,235,19,1818,137369,35935
38900,"Portland-Vancouver-Hillsboro, OR-WA",2025-08-01,639,694,188,23,1544,138913,36574
38900,"Portland-Vancouver-Hillsboro, OR-WA",2025-09-01,21,15,7,1,44,138957,36595
23660,"Galesburg, IL",2019-01-01,0,2,0,0,2,2,0
23660,"Galesburg, IL",2019-02-01,0,2,0,0,2,4,0
23660,"Galesburg, IL",2019-03-01,0,2,1,0,3,7,0
23660,"Galesburg, IL",2019-04-01,0,6,2,0,8,15,0
23660,"Galesburg, IL",2019-05-01,0,2,1,0,3,18,0
23660,"Galesburg, IL",2019-06-01,0,5,0,0,5,23,0
23660,"Galesburg, IL",2019-07-01,4,27,3,0,34,57,4
23660,"Galesburg, IL",2019-08-01,0,5,3,0,8,65,4
23660,"Galesburg, IL",2019-09-01,0,5,6,0,11,76,4
23660,"Galesburg, IL",2019-10-01,1,5,7,0,13,89,5
23660,"Galesburg, IL",2019-11-01,1,6,4,0,11,100,6
23660,"Galesburg, IL",2019-12-01,1,9,2,0,12,112,7
23660,"Galesburg, IL",2020-01-01,1,5,2,0,8,120,8
23660,"Galesburg, IL",2020-02-01,0,6,2,0,8,128,8
23660,"Galesburg, IL",2020-03-01,2,12,4,1,19,147,10
23660,"Galesburg, IL",2020-04-01,7,24,7,0,38,185,17
23660,"Galesburg, IL",2020-05-01,19,27,8,0,54,239,36
23660,"Galesburg, IL",2020-06-01,7,17,5,2,31,270,43
23660,"Galesburg, IL",2020-07-01,3,19,6,1,29,299,46
23660,"Galesburg, IL",2020-08-01,6,25,8,0,39,338,52
23660,"Galesburg, IL",2020-09-01,3,19,11,1,34,372,55
23660,"Galesburg, IL",2020-10-01,8,27,5,0,40,412,63
23660,"Galesburg, IL",2020-11-01,6,24,6,0,36,448,69
23660,"Galesburg, IL",2020-12-01,7,20,4,2,33,481,76
23660,"Galesburg, IL",2021-01-01,18,26,7,1,52,533,94
23660,"Galesburg, IL",2021-02-01,9,15,9,1,34,567,103
23660,"Galesburg, IL",2021-03-01,13,43,15,2,73,640,116
23660,"Galesburg, IL",2021-04-01,9,38,10,3,60,700,125
23660,"Galesburg, IL",2021-05-01,6,39,5,1,51,751,131
23660,"Galesburg, IL",2021-06-01,13,39,10,0,62,813,144
23660,"Galesburg, IL",2021-07-01,9,25,11,1,46,859,153
23660,"Galesburg, IL",2021-08-01,6,21,6,2,35,894,159
23660,"Galesburg, IL",2021-09-01,13,18,9,3,43,937,172
23660,"Galesburg, IL",2021-10-01,11,27,8,1,47,984,183
23660,"Galesburg, IL",2021-11-01,12,23,5,0,40,1024,195
23660,"Galesburg, IL",2021-12-01,11,28,8,1,48,1072,206
23660,"Galesburg, IL",2022-01-01,16,24,6,1,47,1119,222
23660,"Galesburg, IL",2022-02-01,9,25,5,0,39,1158,231
23660,"Galesburg, IL",2022-03-01,11,25,8,0,44,1202,242
23660,"Galesburg, IL",2022-04-01,10,37,3,0,50,1252,252
23660,"Galesburg, IL",2022-05-01,12,27,8,0,47,1299,264
23660,"Galesburg, IL",2022-06-01,6,14,7,1,28,1327,270
23660,"Galesburg, IL",2022-07-01,14,15,2,0,31,1358,284
23660,"Galesburg, IL",2022-08-01,9,31,8,0,48,1406,293
23660,"Galesburg, IL",2022-09-01,7,21,6,1,35,1441,300
23660,"Galesburg, IL",2022-10-01,7,17,6,0,30,1471,307
23660,"Galesburg, IL",2022-11-01,6,19,4,1,30,1501,313
23660,"Galesburg, IL",2022-12-01,15,17,5,0,37,1538,328
23660,"Galesburg, IL",2023-01-01,14,23,5,1,43,1581,342
23660,"Galesburg, IL",2023-02-01,19,13,10,0,42,1623,361
23660,"Galesburg, IL",2023-03-01,20,28,7,0,55,1678,381
23660,"Galesburg, IL",2023-04-01,11,30,3,1,45,1723,392
23660,"Galesburg, IL",2023-05-01,15,21,6,1,43,1766,407
23660,"Galesburg, IL",2023-06-01,12,20,4,1,37,1803,419
23660,"Galesburg, IL",2023-07-01,15,16,4,0,35,1838,434
23660,"Galesburg, IL",2023-08-01,4,8,2,0,14,1852,438
23660,"Galesburg, IL",2023-09-01,4,8,0,1,13,1865,442
23660,"Galesburg, IL",2023-10-01,15,19,2,0,36,1901,457
23660,"Galesburg, IL",2023-11-01,8,14,6,0,28,1929,465
23660,"Galesburg, IL",2023-12-01,11,25,6,1,43,1972,476
23660,"Galesburg, IL",2024-01-01,15,21,8,0,44,2016,491
23660,"Galesburg, IL",2024-02-01,18,20,9,2,49,2065,509
23660,"Galesburg, IL",2024-03-01,15,27,4,1,47,2112,524
23660,"Galesburg, IL",2024-04-01,9,22,7,1,39,2151,533
23660,"Galesburg, IL",2024-05-01,8,23,2,0,33,2184,541
23660,"Galesburg, IL",2024-06-01,7,5,4,0,16,2200,548
23660,"Galesburg, IL",2024-07-01,7,3,2,0,12,2212,555
23660,"Galesburg, IL",2024-08-01,3,4,3,0,10,2222,558
23660,"Galesburg, IL",2024-09-01,14,14,3,0,31,2253,572
23660,"Galesburg, IL",2024-10-01,24,20,5,2,51,2304,596
23660,"Galesburg, IL",2024-11-01,11,31,8,2,52,2356,607
23660,"Galesburg, IL",2024-12-01,19,20,5,0,44,2400,626
23660,"Galesburg, IL",2025-01-01,18,28,8,1,55,2455,644
23660,"Galesburg, IL",2025-02-01,21,15,8,0,44,2499,665
23660,"Galesburg, IL",2025-03-01,20,23,5,0,48,2547,685
23660,"Galesburg, IL",2025-04-01,28,17,8,0,53,2600,713
23660,"Galesburg, IL",2025-05-01,23,24,6,2,55,2655,736
23660,"Galesburg, IL",2025-06-01,28,20,6,1,55,2710,764
23660,"Galesburg, IL",2025-07-01,11,15,6,0,32,2742,775
23660,"Galesburg, IL",2025-08-01,15,19,6,0,40,2782,790
35140,"Newberry, SC",2019-01-01,0,1,0,0,1,1,0
35140,"Newberry, SC",2019-02-01,0,2,1,0,3,4,0
35140,"Newberry, SC",2019-03-01,0,3,0,0,3,7,0
35140,"Newberry, SC",2019-04-01,0,1,0,0,1,8,0
35140,"Newberry, SC",2019-05-01,0,3,1,0,4,12,0
35140,"Newberry, SC",2019-06-01,0,1,2,0,3,15,0
35140,"Newberry, SC",2019-07-01,1,2,0,1,4,19,1
35140,"Newberry, SC",2019-08-01,0,5,2,0,7,26,1
35140,"Newberry, SC",2019-09-01,0,2,2,0,4,30,1
35140,"Newberry, SC",2019-10-01,0,3,1,0,4,34,1
35140,"Newberry, SC",2019-11-01,1,6,1,0,8,42,2
35140,"Newberry, SC",2019-12-01,0,4,1,0,5,47,2
35140,"Newberry, SC",2020-01-01,0,2,2,0,4,51,2
35140,"Newberry, SC",2020-02-01,1,4,0,0,5,56,3
35140,"Newberry, SC",2020-03-01,0,3,1,0,4,60,3
35140,"Newberry, SC",2020-04-01,0,11,0,0,11,71,3
35140,"Newberry, SC",2020-05-01,3,13,8,0,24,95,6
35140,"Newberry, SC",2020-06-01,3,8,0,0,11,106,9
35140,"Newberry, SC",2020-07-01,4,15,3,0,22,128,13
35140,"Newberry, SC",2020-08-01,4,23,2,1,30,158,17
35140,"Newberry, SC",2020-09-01,0,9,2,0,11,169,17
35140,"Newberry, SC",2020-10-01,6,4,3,0,13,182,23
35140,"Newberry, SC",2020-11-01,5,7,2,0,14,196,28
35140,"Newberry, SC",2020-12-01,3,11,0,1,15,211,31
35140,"Newberry, SC",2021-01-01,12,27,9,0,48,259,43
35140,"Newberry, SC",2021-02-01,4,35,7,0,46,305,47
35140,"Newberry, SC",2021-03-01,18,43,12,1,74,379,65
35140,"Newberry, SC",2021-04-01,17,38,12,0,67,446,82
35140,"Newberry, SC",2021-05-01,22,29,7,0,58,504,104
35140,"Newberry, SC",2021-06-01,9,52,9,0,70,574,113
35140,"Newberry, SC",2021-07-01,16,44,13,1,74,648,129
35140,"Newberry, SC",2021-08-01,12,41,7,1,61,709,141
35140,"Newberry, SC",2021-09-01,12,32,5,0,49,758,153
35140,"Newberry, SC",2021-10-01,11,18,9,1,39,797,164
35140,"Newberry, SC",2021-11-01,6,24,9,0,39,836,170
35140,"Newberry, SC",2021-12-01,27,30,10,3,70,906,197
35140,"Newberry, SC",2022-01-01,13,43,9,0,65,971,210
35140,"Newberry, SC",2022-02-01,17,21,10,2,50,1021,227
35140,"Newberry, SC",2022-03-01,13,51,18,1,83,1104,240
35140,"Newberry, SC",2022-04-01,16,26,7,0,49,1153,256
35140,"Newberry, SC",2022-05-01,22,43,9,2,76,1229,278
35140,"Newberry, SC",2022-06-01,7,25,3,0,35,1264,285
35140,"Newberry, SC",2022-07-01,7,16,8,0,31,1295,292
35140,"Newberry, SC",2022-08-01,9,21,4,1,35,1330,301
35140,"Newberry, SC",2022-09-01,9,20,5,0,34,1364,310
35140,"Newberry, SC",2022-10-01,21,16,13,2,52,1416,331
35140,"Newberry, SC",2022-11-01,17,27,11,2,57,1473,348
35140,"Newberry, SC",2022-12-01,25,19,10,0,54,1527,373
35140,"Newberry, SC",2023-01-01,14,30,9,4,57,1584,387
35140,"Newberry, SC",2023-02-01,22,19,12,0,53,1637,409
35140,"Newberry, SC",2023-03-01,31,31,10,3,75,1712,440
35140,"Newberry, SC",2023-04-01,22,22,7,1,52,1764,462
35140,"Newberry, SC",2023-05-01,14,34,9,0,57,1821,476
35140,"Newberry, SC",2023-06-01,17,19,4,1,41,1862,493
35140,"Newberry, SC",2023-07-01,19,22,2,0,43,1905,512
35140,"Newberry, SC",2023-08-01,8,30,5,2,45,1950,520
35140,"Newberry, SC",2023-09-01,21,27,13,2,63,2013,541
35140,"Newberry, SC",2023-10-01,20,25,13,0,58,2071,561
35140,"Newberry, SC",2023-11-01,25,22,5,2,54,2125,586
35140,"Newberry, SC",2023-12-01,19,23,11,2,55,2180,605
35140,"Newberry, SC",2024-01-01,26,23,12,1,62,2242,631
35140,"Newberry, SC",2024-02-01,18,23,10,0,51,2293,649
35140,"Newberry, SC",2024-03-01,19,22,12,0,53,2346,668
35140,"Newberry, SC",2024-04-01,26,18,6,0,50,2396,694
35140,"Newberry, SC",2024-05-01,28,19,11,0,58,2454,722
35140,"Newberry, SC",2024-06-01,17,28,9,4,58,2512,739
35140,"Newberry, SC",2024-07-01,25,19,8,1,53,2565,764
35140,"Newberry, SC",2024-08-01,22,13,10,2,47,2612,786
35140,"Newberry, SC",2024-09-01,16,27,10,1,54,2666,802
35140,"Newberry, SC",2024-10-01,14,23,7,1,45,2711,816
35140,"Newberry, SC",2024-11-01,15,21,5,2,43,2754,831
35140,"Newberry, SC",2024-12-01,27,13,3,1,44,2798,858
35140,"Newberry, SC",2025-01-01,10,15,12,1,38,2836,868
35140,"Newberry, SC",2025-02-01,18,11,2,3,34,2870,886
35140,"Newberry, SC",2025-03-01,22,9,4,0,35,2905,908
35140,"Newberry, SC",2025-04-01,20,12,4,1,37,2942,928
35140,"Newberry, SC",2025-05-01,28,15,4,0,47,2989,956
35140,"Newberry, SC",2025-06-01,17,21,10,1,49,3038,973
35140,"Newberry, SC",2025-07-01,18,13,5,0,36,3074,991
35140,"Newberry, SC",2025-08-01,16,16,2,1,35,3109,1007
38860,"Portland-South Portland, ME",2019-01-01,0,27,3,1,31,31,0
38860,"Portland-South Portland, ME",2019-02-01,1,22,7,0,30,61,1
38860,"Portland-South Portland, ME",2019-03-01,3,31,3,1,38,99,4
38860,"Portland-South Portland, ME",2019-04-01,2,37,9,2,50,149,6
38860,"Portland-South Portland, ME",2019-05-01,2,47,5,1,55,204,8
38860,"Portland-South Portland, ME",2019-06-01,3,47,10,2,62,266,11
38860,"Portland-South Portland, ME",2019-07-01,7,46,8,0,61,327,18
38860,"Portland-South Portland, ME",2019-08-01,3,44,11,0,58,385,21
38860,"Portland-South Portland, ME",2019-09-01,6,49,12,1,68,453,27
38860,"Portland-South Portland, ME",2019-10-01,2,38,8,0,48,501,29
38860,"Portland-South Portland, ME",2019-11-01,4,31,11,1,47,548,33
38860,"Portland-South Portland, ME",2019-12-01,5,40,5,0,50,598,38
38860,"Portland-South Portland, ME",2020-01-01,6,50,8,0,64,662,44
38860,"Portland-South Portland, ME",2020-02-01,12,53,15,2,82,744,56
38860,"Portland-South Portland, ME",2020-03-01,10,44,18,0,72,816,66
38860,"Portland-South Portland, ME",2020-04-01,23,84,18,2,127,943,89
38860,"Portland-South Portland, ME",2020-05-01,76,161,28,6,271,1214,165
38860,"Portland-South Portland, ME",2020-06-01,70,144,30,1,245,1459,235
38860,"Portland-South Portland, ME",2020-07-01,53,151,31,2,237,1696,288
38860,"Portland-South Portland, ME",2020-08-01,54,168,28,6,256,1952,342
38860,"Portland-South Portland, ME",2020-09-01,38,157,33,4,232,2184,380
38860,"Portland-South Portland, ME",2020-10-01,29,167,26,1,223,2407,409
38860,"Portland-South Portland, ME",2020-11-01,24,110,18,0,152,2559,433
38860,"Portland-South Portland, ME",2020-12-01,64,130,21,2,217,2776,497
38860,"Portland-South Portland, ME",2021-01-01,95,206,37,5,343,3119,592
38860,"Portland-South Portland, ME",2021-02-01,59,154,30,1,244,3363,651
38860,"Portland-South Portland, ME",2021-03-01,92,174,26,3,295,3658,743
38860,"Portland-South Portland, ME",2021-04-01,68,170,36,4,278,3936,811
38860,"Portland-South Portland, ME",2021-05-01,71,174,33,1,279,4215,882
38860,"Portland-South Portland, ME",2021-06-01,63,184,26,2,275,4490,945
38860,"Portland-South Portland, ME",2021-07-01,66,190,31,8,295,4785,1011
38860,"Portland-South Portland, ME",2021-08-01,61,189,39,7,296,5081,1072
38860,"Portland-South Portland, ME",2021-09-01,56,206,36,1,299,5380,1128
38860,"Portland-South Portland, ME",2021-10-01,44,140,25,4,213,5593,1172
38860,"Portland-South Portland, ME",2021-11-01,48,142,35,3,228,5821,1220
38860,"Portland-South Portland, ME",2021-12-01,110,175,28,3,316,6137,1330
38860,"Portland-South Portland, ME",2022-01-01,97,216,44,2,359,6496,1427
38860,"Portland-South Portland, ME",2022-02-01,90,172,35,4,301,6797,1517
38860,"Portland-South Portland, ME",2022-03-01,71,192,44,4,311,7108,1588
38860,"Portland-South Portland, ME",2022-04-01,61,127,34,0,222,7330,1649
38860,"Portland-South Portland, ME",2022-05-01,69,165,35,3,272,7602,1718
38860,"Portland-South Portland, ME",2022-06-01,56,139,30,2,227,7829,1774
38860,"Portland-South Portland, ME",2022-07-01,70,125,34,2,231,8060,1844
38860,"Portland-South Portland, ME",2022-08-01,70,159,35,1,265,8325,1914
38860,"Portland-South Portland, ME",2022-09-01,71,127,48,6,252,8577,1985
38860,"Portland-South Portland, ME",2022-10-01,60,145,28,4,237,8814,2045
38860,"Portland-South Portland, ME",2022-11-01,49,155,42,2,248,9062,2094
38860,"Portland-South Portland, ME",2022-12-01,79,139,34,8,260,9322,2173
38860,"Portland-South Portland, ME",2023-01-01,73,141,41,2,257,9579,2246
38860,"Portland-South Portland, ME",2023-02-01,63,140,24,4,231,9810,2309
38860,"Portland-South Portland, ME",2023-03-01,83,150,40,2,275,10085,2392
38860,"Portland-South Portland, ME",2023-04-01,53,102,24,2,181,10266,2445
38860,"Portland-South Portland, ME",2023-05-01,40,59,17,1,117,10383,2485
38860,"Portland-South Portland, ME",2023-06-01,51,89,32,2,174,10557,2536
38860,"Portland-South Portland, ME",2023-07-01,57,117,32,1,207,10764,2593
38860,"Portland-South Portland, ME",2023-08-01,31,94,18,0,143,10907,2624
38860,"Portland-South Portland, ME",2023-09-01,62,91,30,4,187,11094,2686
38860,"Portland-South Portland, ME",2023-10-01,48,112,33,1,194,11288,2734
38860,"Portland-South Portland, ME",2023-11-01,78,131,42,3,254,11542,2812
38860,"Portland-South Portland, ME",2023-12-01,93,127,39,3,262,11804,2905
38860,"Portland-South Portland, ME",2024-01-01,76,139,33,2,250,12054,2981
38860,"Portland-South Portland, ME",2024-02-01,77,116,40,2,235,12289,3058
38860,"Portland-South Portland, ME",2024-03-01,75,108,32,7,222,12511,3133
38860,"Portland-South Portland, ME",2024-04-01,73,97,29,1,200,12711,3206
38860,"Portland-South Portland, ME",2024-05-01,89,96,22,2,209,12920,3295
38860,"Portland-South Portland, ME",2024-06-01,77,118,18,3,216,13136,3372
38860,"Portland-South Portland, ME",2024-07-01,101,125,34,3,263,13399,3473
38860,"Portland-South Portland, ME",2024-08-01,79,109,32,0,220,13619,3552
38860,"Portland-South Portland, ME",2024-09-01,85,135,31,3,254,13873,3637
38860,"Portland-South Portland, ME",2024-10-01,106,123,32,1,262,14135,3743
38860,"Portland-South Portland, ME",2024-11-01,113,134,34,5,286,14421,3856
38860,"Portland-South Portland, ME",2024-12-01,129,137,25,2,293,14714,3985
38860,"Portland-South Portland, ME",2025-01-01,118,142,59,5,324,15038,4103
38860,"Portland-South Portland, ME",2025-02-01,111,138,29,2,280,15318,4214
38860,"Portland-South Portland, ME",2025-03-01,94,125,35,3,257,15575,4308
38860,"Portland-South Portland, ME",2025-04-01,76,88,27,1,192,15767,4384
38860,"Portland-South Portland, ME",2025-05-01,104,122,31,3,260,16027,4488
38860,"Portland-South Portland, ME",2025-06-01,121,123,33,2,279,16306,4609
38860,"Portland-South Portland, ME",2025-07-01,71,104,36,2,213,16519,4680
38860,"Portland-South Portland, ME",2025-08-01,62,106,23,1,192,16711,4742
38860,"Portland-South Portland, ME",2025-09-01,3,1,1,0,5,16716,4745
24580,"Green Bay, WI",2019-01-01,1,14,4,0,19,19,1
24580,"Green Bay, WI",2019-02-01,0,22,8,2,32,51,1
24580,"Green Bay, WI",2019-03-01,1,30,6,1,38,89,2
24580,"Green Bay, WI",2019-04-01,6,41,10,1,58,147,8
24580,"Green Bay, WI",2019-05-01,1,30,9,1,41,188,9
24580,"Green Bay, WI",2019-06-01,1,36,6,0,43,231,10
24580,"Green Bay, WI",2019-07-01,2,22,10,0,34,265,12
24580,"Green Bay, WI",2019-08-01,2,28,8,0,38,303,14
24580,"Green Bay, WI",2019-09-01,4,34,8,0,46,349,18
24580,"Green Bay, WI",2019-10-01,3,21,5,0,29,378,21
24580,"Green Bay, WI",2019-11-01,1,20,5,0,26,404,22
24580,"Green Bay, WI",2019-12-01,2,24,9,0,35,439,24
24580,"Green Bay, WI",2020-01-01,9,33,12,1,55,494,33
24580,"Green Bay, WI",2020-02-01,6,24,10,0,40,534,39
24580,"Green Bay, WI",2020-03-01,10,66,14,2,92,626,49
24580,"Green Bay, WI",2020-04-01,38,91,36,1,166,792,87
24580,"Green Bay, WI",2020-05-01,36,80,18,1,135,927,123
24580,"Green Bay, WI",2020-06-01,13,48,10,0,71,998,136
24580,"Green Bay, WI",2020-07-01,25,98,17,3,143,1141,161
24580,"Green Bay, WI",2020-08-01,41,107,18,2,168,1309,202
24580,"Green Bay, WI",2020-09-01,40,91,18,2,151,1460,242
24580,"Green Bay, WI",2020-10-01,39,86,16,1,142,1602,281
24580,"Green Bay, WI",2020-11-01,21,59,12,0,92,1694,302
24580,"Green Bay, WI",2020-12-01,24,59,12,1,96,1790,326
24580,"Green Bay, WI",2021-01-01,82,136,35,1,254,2044,408
24580,"Green Bay, WI",2021-02-01,74,127,28,4,233,2277,482
24580,"Green Bay, WI",2021-03-01,81,139,30,0,250,2527,563
24580,"Green Bay, WI",2021-04-01,47,103,21,1,172,2699,610
24580,"Green Bay, WI",2021-05-01,62,102,21,1,186,2885,672
24580,"Green Bay, WI",2021-06-01,41,87,25,1,154,3039,713
24580,"Green Bay, WI",2021-07-01,41,93,24,1,159,3198,754
24580,"Green Bay, WI",2021-08-01,30,85,19,1,135,3333,784
24580,"Green Bay, WI",2021-09-01,38,100,32,2,172,3505,822
24580,"Green Bay, WI",2021-10-01,26,49,9,1,85,3590,848
24580,"Green Bay, WI",2021-11-01,38,56,12,2,108,3698,886
24580,"Green Bay, WI",2021-12-01,85,118,35,3,241,3939,971
24580,"Green Bay, WI",2022-01-01,143,197,60,4,404,4343,1114
24580,"Green Bay, WI",2022-02-01,78,103,23,4,208,4551,1192
24580,"Green Bay, WI",2022-03-01,60,123,29,6,218,4769,1252
24580,"Green Bay, WI",2022-04-01,48,113,23,3,187,4956,1300
24580,"Green Bay, WI",2022-05-01,61,92,22,0,175,5131,1361
24580,"Green Bay, WI",2022-06-01,32,57,16,2,107,5238,1393
24580,"Green Bay, WI",2022-07-01,56,65,14,0,135,5373,1449
24580,"Green Bay, WI",2022-08-01,38,61,21,0,120,5493,1487
24580,"Green Bay, WI",2022-09-01,60,98,27,2,187,5680,1547
24580,"Green Bay, WI",2022-10-01,73,108,28,2,211,5891,1620
24580,"Green Bay, WI",2022-11-01,69,114,38,3,224,6115,1689
24580,"Green Bay, WI",2022-12-01,81,113,35,6,235,6350,1770
24580,"Green Bay, WI",2023-01-01,116,140,43,2,301,6651,1886
24580,"Green Bay, WI",2023-02-01,98,120,45,3,266,6917,1984
24580,"Green Bay, WI",2023-03-01,104,151,32,4,291,7208,2088
24580,"Green Bay, WI",2023-04-01,73,126,41,2,242,7450,2161
24580,"Green Bay, WI",2023-05-01,34,53,12,3,102,7552,2195
24580,"Green Bay, WI",2023-06-01,32,57,9,0,98,7650,2227
24580,"Green Bay, WI",2023-07-01,31,52,11,1,95,7745,2258
24580,"Green Bay, WI",2023-08-01,31,58,21,1,111,7856,2289
24580,"Green Bay, WI",2023-09-01,61,88,31,3,183,8039,2350
24580,"Green Bay, WI",2023-10-01,75,101,31,0,207,8246,2425
24580,"Green Bay, WI",2023-11-01,92,111,31,5,239,8485,2517
24580,"Green Bay, WI",2023-12-01,108,101,31,3,243,8728,2625
24580,"Green Bay, WI",2024-01-01,104,111,18,4,237,8965,2729
24580,"Green Bay, WI",2024-02-01,105,85,25,3,218,9183,2834
24580,"Green Bay, WI",2024-03-01,97,81,36,3,217,9400,2931
24580,"Green Bay, WI",2024-04-01,87,91,38,4,220,9620,3018
24580,"Green Bay, WI",2024-05-01,85,110,23,3,221,9841,3103
24580,"Green Bay, WI",2024-06-01,70,103,43,0,216,10057,3173
24580,"Green Bay, WI",2024-07-01,53,73,20,2,148,10205,3226
24580,"Green Bay, WI",2024-08-01,47,68,16,0,131,10336,3273
24580,"Green Bay, WI",2024-09-01,54,73,23,1,151,10487,3327
24580,"Green Bay, WI",2024-10-01,119,124,36,5,284,10771,3446
24580,"Green Bay, WI",2024-11-01,102,120,33,6,261,11032,3548
24580,"Green Bay, WI",2024-12-01,124,108,32,4,268,11300,3672
24580,"Green Bay, WI",2025-01-01,113,120,43,3,279,11579,3785
24580,"Green Bay, WI",2025-02-01,110,96,27,0,233,11812,3895
24580,"Green Bay, WI",2025-03-01,130,102,48,2,282,12094,4025
24580,"Green Bay, WI",2025-04-01,122,108,29,5,264,12358,4147
24580,"Green Bay, WI",2025-05-01,141,111,23,4,279,12637,4288
24580,"Green Bay, WI",2025-06-01,133,120,43,1,297,12934,4421
24580,"Green Bay, WI",2025-07-01,97,112,23,4,236,13170,4518
24580,"Green Bay, WI",2025-08-01,86,101,24,2,213,13383,4604
24580,"Green Bay, WI",2025-09-01,5,3,0,0,8,13391,4609
13020,"Bay City, MI",2019-01-01,0,4,3,1,8,8,0
13020,"Bay City, MI",2019-02-01,0,18,6,0,24,32,0
13020,"Bay City, MI",2019-03-01,1,20,6,1,28,60,1
13020,"Bay City, MI",2019-04-01,4,26,4,2,36,96,5
13020,"Bay City, MI",2019-05-01,1,19,4,2,26,122,6
13020,"Bay City, MI",2019-06-01,1,13,7,0,21,143,7
13020,"Bay City, MI",2019-07-01,0,13,7,0,20,163,7
13020,"Bay City, MI",2019-08-01,0,17,8,0,25,188,7
13020,"Bay City, MI",2019-09-01,2,16,1,1,20,208,9
13020,"Bay City, MI",2019-10-01,0,12,2,0,14,222,9
13020,"Bay City, MI",2019-11-01,2,11,4,0,17,239,11
13020,"Bay City, MI",2019-12-01,1,10,7,0,18,257,12
13020,"Bay City, MI",2020-01-01,1,15,2,0,18,275,13
13020,"Bay City, MI",2020-02-01,3,23,2,0,28,303,16
13020,"Bay City, MI",2020-03-01,6,21,3,1,31,334,22
13020,"Bay City, MI",2020-04-01,12,40,12,1,65,399,34
13020,"Bay City, MI",2020-05-01,23,65,16,2,106,505,57
13020,"Bay City, MI",2020-06-01,26,61,14,2,103,608,83
13020,"Bay City, MI",2020-07-01,28,72,20,0,120,728,111
13020,"Bay City, MI",2020-08-01,21,79,15,2,117,845,132
13020,"Bay City, MI",2020-09-01,19,52,11,2,84,929,151
13020,"Bay City, MI",2020-10-01,25,70,11,2,108,1037,176
13020,"Bay City, MI",2020-11-01,15,54,9,0,78,1115,191
13020,"Bay City, MI",2020-12-01,10,22,7,0,39,1154,201
13020,"Bay City, MI",2021-01-01,23,63,24,0,110,1264,224
13020,"Bay City, MI",2021-02-01,39,75,25,0,139,1403,263
13020,"Bay City, MI",2021-03-01,30,84,27,3,144,1547,293
13020,"Bay City, MI",2021-04-01,31,75,20,4,130,1677,324
13020,"Bay City, MI",2021-05-01,17,47,13,2,79,1756,341
13020,"Bay City, MI",2021-06-01,29,89,21,0,139,1895,370
13020,"Bay City, MI",2021-07-01,20,72,16,2,110,2005,390
13020,"Bay City, MI",2021-08-01,17,59,12,1,89,2094,407
13020,"Bay City, MI",2021-09-01,21,67,11,1,100,2194,428
13020,"Bay City, MI",2021-10-01,8,27,8,0,43,2237,436
13020,"Bay City, MI",2021-11-01,17,33,15,2,67,2304,453
13020,"Bay City, MI",2021-12-01,28,65,17,2,112,2416,481
13020,"Bay City, MI",2022-01-01,49,98,27,4,178,2594,530
13020,"Bay City, MI",2022-02-01,33,67,20,2,122,2716,563
13020,"Bay City, MI",2022-03-01,21,47,17,2,87,2803,584
13020,"Bay City, MI",2022-04-01,14,42,8,1,65,2868,598
13020,"Bay City, MI",2022-05-01,18,37,12,0,67,2935,616
13020,"Bay City, MI",2022-06-01,19,41,8,0,68,3003,635
13020,"Bay City, MI",2022-07-01,16,40,7,2,65,3068,651
13020,"Bay City, MI",2022-08-01,32,73,25,4,134,3202,683
13020,"Bay City, MI",2022-09-01,41,71,27,2,141,3343,724
13020,"Bay City, MI",2022-10-01,27,60,21,6,114,3457,751
13020,"Bay City, MI",2022-11-01,32,53,13,1,99,3556,783
13020,"Bay City, MI",2022-12-01,41,41,12,0,94,3650,824
13020,"Bay City, MI",2023-01-01,45,59,13,1,118,3768,869
13020,"Bay City, MI",2023-02-01,37,54,21,2,114,3882,906
13020,"Bay City, MI",2023-03-01,47,83,29,1,160,4042,953
13020,"Bay City, MI",2023-04-01,25,44,13,1,83,4125,978
13020,"Bay City, MI",2023-05-01,20,31,6,0,57,4182,998
13020,"Bay City, MI",2023-06-01,23,23,7,0,53,4235,1021
13020,"Bay City, MI",2023-07-01,20,33,12,2,67,4302,1041
13020,"Bay City, MI",2023-08-01,12,30,12,0,54,4356,1053
13020,"Bay City, MI",2023-09-01,21,33,10,0,64,4420,1074
13020,"Bay City, MI",2023-10-01,29,42,18,2,91,4511,1103
13020,"Bay City, MI",2023-11-01,48,53,21,3,125,4636,1151
13020,"Bay City, MI",2023-12-01,46,64,19,1,130,4766,1197
13020,"Bay City, MI",2024-01-01,42,68,25,3,138,4904,1239
13020,"Bay City, MI",2024-02-01,44,48,14,0,106,5010,1283
13020,"Bay City, MI",2024-03-01,64,55,24,4,147,5157,1347
13020,"Bay City, MI",2024-04-01,34,53,22,1,110,5267,1381
13020,"Bay City, MI",2024-05-01,32,50,21,1,104,5371,1413
13020,"Bay City, MI",2024-06-01,34,58,19,3,114,5485,1447
13020,"Bay City, MI",2024-07-01,26,40,18,0,84,5569,1473
13020,"Bay City, MI",2024-08-01,24,48,7,1,80,5649,1497
13020,"Bay City, MI",2024-09-01,27,43,12,1,83,5732,1524
13020,"Bay City, MI",2024-10-01,43,76,19,2,140,5872,1567
13020,"Bay City, MI",2024-11-01,58,48,16,6,128,6000,1625
13020,"Bay City, MI",2024-12-01,58,54,17,2,131,6131,1683
13020,"Bay City, MI",2025-01-01,54,61,21,2,138,6269,1737
13020,"Bay City, MI",2025-02-01,58,40,18,1,117,6386,1795
13020,"Bay City, MI",2025-03-01,60,66,18,1,145,6531,1855
13020,"Bay City, MI",2025-04-01,61,48,21,1,131,6662,1916
13020,"Bay City, MI",2025-05-01,52,56,16,0,124,6786,1968
13020,"Bay City, MI",2025-06-01,15,21,7,0,43,6829,1983
13020,"Bay City, MI",2025-07-01,14,19,6,0,39,6868,1997
13020,"Bay City, MI",2025-08-01,37,50,14,2,103,6971,2034
13020,"Bay City, MI",2025-09-01,1,1,0,0,2,6973,2035
34380,"Mount Pleasant, MI",2019-01-01,0,3,2,0,5,5,0
34380,"Mount Pleasant, MI",2019-02-01,0,11,4,0,15,20,0
34380,"Mount Pleasant, MI",2019-03-01,2,7,1,1,11,31,2
34380,"Mount Pleasant, MI",2019-04-01,2,6,3,1,12,43,4
34380,"Mount Pleasant, MI",2019-05-01,1,30,7,1,39,82,5
34380,"Mount Pleasant, MI",2019-06-01,0,23,4,0,27,109,5
34380,"Mount Pleasant, MI",2019-07-01,1,25,2,0,28,137,6
34380,"Mount Pleasant, MI",2019-08-01,3,21,4,2,30,167,9
34380,"Mount Pleasant, MI",2019-09-01,1,29,4,1,35,202,10
34380,"Mount Pleasant, MI",2019-10-01,3,33,4,0,40,242,13
34380,"Mount Pleasant, MI",2019-11-01,2,26,6,0,34,276,15
34380,"Mount Pleasant, MI",2019-12-01,3,13,5,0,21,297,18
34380,"Mount Pleasant, MI",2020-01-01,1,22,3,0,26,323,19
34380,"Mount Pleasant, MI",2020-02-01,6,20,2,0,28,351,25
34380,"Mount Pleasant, MI",2020-03-01,5,29,3,1,38,389,30
34380,"Mount Pleasant, MI",2020-04-01,15,56,6,0,77,466,45
34380,"Mount Pleasant, MI",2020-05-01,34,56,11,0,101,567,79
34380,"Mount Pleasant, MI",2020-06-01,27,45,9,2,83,650,106
34380,"Mount Pleasant, MI",2020-07-01,24,62,12,0,98,748,130
34380,"Mount Pleasant, MI",2020-08-01,38,87,6,0,131,879,168
34380,"Mount Pleasant, MI",2020-09-01,29,78,12,0,119,998,197
34380,"Mount Pleasant, MI",2020-10-01,38,78,4,0,120,1118,235
34380,"Mount Pleasant, MI",2020-11-01,35,54,3,0,92,1210,270
34380,"Mount Pleasant, MI",2020-12-01,31,47,3,1,82,1292,301
34380,"Mount Pleasant, MI",2021-01-01,42,66,7,1,116,1408,343
34380,"Mount Pleasant, MI",2021-02-01,34,51,12,1,98,1506,377
34380,"Mount Pleasant, MI",2021-03-01,41,82,4,1,128,1634,418
34380,"Mount Pleasant, MI",2021-04-01,45,70,7,0,122,1756,463
34380,"Mount Pleasant, MI",2021-05-01,31,72,15,1,119,1875,494
34380,"Mount Pleasant, MI",2021-06-01,36,64,8,0,108,1983,530
34380,"Mount Pleasant, MI",2021-07-01,26,50,5,1,82,2065,556
34380,"Mount Pleasant, MI",2021-08-01,22,60,11,0,93,2158,578
34380,"Mount Pleasant, MI",2021-09-01,40,57,6,0,103,2261,618
34380,"Mount Pleasant, MI",2021-10-01,29,56,14,0,99,2360,647
34380,"Mount Pleasant, MI",2021-11-01,30,41,12,0,83,2443,677
34380,"Mount Pleasant, MI",2021-12-01,37,57,12,0,106,2549,714
34380,"Mount Pleasant, MI",2022-01-01,53,78,13,1,145,2694,767
34380,"Mount Pleasant, MI",2022-02-01,39,53,8,0,100,2794,806
34380,"Mount Pleasant, MI",2022-03-01,33,66,23,0,122,2916,839
34380,"Mount Pleasant, MI",2022-04-01,28,45,11,0,84,3000,867
34380,"Mount Pleasant, MI",2022-05-01,24,43,12,0,79,3079,891
34380,"Mount Pleasant, MI",2022-06-01,18,38,10,1,67,3146,909
34380,"Mount Pleasant, MI",2022-07-01,27,33,12,1,73,3219,936
34380,"Mount Pleasant, MI",2022-08-01,24,33,9,3,69,3288,960
34380,"Mount Pleasant, MI",2022-09-01,39,36,12,0,87,3375,999
34380,"Mount Pleasant, MI",2022-10-01,38,49,7,2,96,3471,1037
34380,"Mount Pleasant, MI",2022-11-01,63,45,6,3,117,3588,1100
34380,"Mount Pleasant, MI",2022-12-01,49,46,18,1,114,3702,1149
34380,"Mount Pleasant, MI",2023-01-01,40,38,13,1,92,3794,1189
34380,"Mount Pleasant, MI",2023-02-01,44,38,13,0,95,3889,1233
34380,"Mount Pleasant, MI",2023-03-01,72,76,24,2,174,4063,1305
34380,"Mount Pleasant, MI",2023-04-01,30,41,10,1,82,4145,1335
34380,"Mount Pleasant, MI",2023-05-01,30,34,7,1,72,4217,1365
34380,"Mount Pleasant, MI",2023-06-01,19,27,3,0,49,4266,1384
34380,"Mount Pleasant, MI",2023-07-01,27,23,8,0,58,4324,1411
34380,"Mount Pleasant, MI",2023-08-01,29,27,7,1,64,4388,1440
34380,"Mount Pleasant, MI",2023-09-01,55,43,17,0,115,4503,1495
34380,"Mount Pleasant, MI",2023-10-01,47,55,15,3,120,4623,1542
34380,"Mount Pleasant, MI",2023-11-01,62,38,10,2,112,4735,1604
34380,"Mount Pleasant, MI",2023-12-01,45,46,11,2,104,4839,1649
34380,"Mount Pleasant, MI",2024-01-01,48,38,21,2,109,4948,1697
34380,"Mount Pleasant, MI",2024-02-01,70,33,13,1,117,5065,1767
34380,"Mount Pleasant, MI",2024-03-01,62,40,18,1,121,5186,1829
34380,"Mount Pleasant, MI",2024-04-01,40,28,14,0,82,5268,1869
34380,"Mount Pleasant, MI",2024-05-01,51,32,13,1,97,5365,1920
34380,"Mount Pleasant, MI",2024-06-01,24,23,6,2,55,5420,1944
34380,"Mount Pleasant, MI",2024-07-01,23,28,6,1,58,5478,1967
34380,"Mount Pleasant, MI",2024-08-01,22,29,7,5,63,5541,1989
34380,"Mount Pleasant, MI",2024-09-01,29,27,10,0,66,5607,2018
34380,"Mount Pleasant, MI",2024-10-01,64,59,14,3,140,5747,2082
34380,"Mount Pleasant, MI",2024-11-01,58,39,13,1,111,5858,2140
34380,"Mount Pleasant, MI",2024-12-01,55,40,10,3,108,5966,2195
34380,"Mount Pleasant, MI",2025-01-01,42,37,13,0,92,6058,2237
34380,"Mount Pleasant, MI",2025-02-01,79,41,10,0,130,6188,2316
34380,"Mount Pleasant, MI",2025-03-01,67,47,17,2,133,6321,2383
34380,"Mount Pleasant, MI",2025-04-01,60,43,10,1,114,6435,2443
34380,"Mount Pleasant, MI",2025-05-01,34,26,7,1,68,6503,2477
34380,"Mount Pleasant, MI",2025-06-01,39,27,13,0,79,6582,2516
34380,"Mount Pleasant, MI",2025-07-01,22,19,5,1,47,6629,2538
34380,"Mount Pleasant, MI",2025-08-01,28,21,7,3,59,6688,2566
34380,"Mount Pleasant, MI",2025-09-01,2,0,1,0,3,6691,2568
45700,"Tifton, GA",2019-01-01,0,2,0,0,2,2,0
45700,"Tifton, GA",2019-02-01,0,1,1,0,2,4,0
45700,"Tifton, GA",2019-03-01,0,3,1,0,4,8,0
45700,"Tifton, GA",2019-04-01,0,5,1,0,6,14,0
45700,"Tifton, GA",2019-05-01,0,6,2,0,8,22,0
45700,"Tifton, GA",2019-06-01,0,13,3,2,18,40,0
45700,"Tifton, GA",2019-07-01,0,12,4,1,17,57,0
45700,"Tifton, GA",2019-08-01,0,20,6,0,26,83,0
45700,"Tifton, GA",2019-09-01,2,12,7,1,22,105,2
45700,"Tifton, GA",2019-10-01,2,13,5,2,22,127,4
45700,"Tifton, GA",2019-11-01,0,7,1,0,8,135,4
45700,"Tifton, GA",2019-12-01,0,17,1,0,18,153,4
45700,"Tifton, GA",2020-01-01,1,8,5,1,15,168,5
45700,"Tifton, GA",2020-02-01,3,10,1,0,14,182,8
45700,"Tifton, GA",2020-03-01,3,24,5,0,32,214,11
45700,"Tifton, GA",2020-04-01,6,18,6,1,31,245,17
45700,"Tifton, GA",2020-05-01,7,23,9,0,39,284,24
45700,"Tifton, GA",2020-06-01,8,19,7,0,34,318,32
45700,"Tifton, GA",2020-07-01,4,19,7,0,30,348,36
45700,"Tifton, GA",2020-08-01,8,24,4,3,39,387,44
45700,"Tifton, GA",2020-09-01,10,22,7,1,40,427,54
45700,"Tifton, GA",2020-10-01,3,25,6,3,37,464,57
45700,"Tifton, GA",2020-11-01,10,22,6,0,38,502,67
45700,"Tifton, GA",2020-12-01,8,41,3,2,54,556,75
45700,"Tifton, GA",2021-01-01,9,31,11,1,52,608,84
45700,"Tifton, GA",2021-02-01,9,40,12,0,61,669,93
45700,"Tifton, GA",2021-03-01,15,37,9,0,61,730,108
45700,"Tifton, GA",2021-04-01,17,55,5,1,78,808,125
45700,"Tifton, GA",2021-05-01,24,79,9,1,113,921,149
45700,"Tifton, GA",2021-06-01,21,57,9,0,87,1008,170
45700,"Tifton, GA",2021-07-01,10,43,18,0,71,1079,180
45700,"Tifton, GA",2021-08-01,11,49,8,1,69,1148,191
45700,"Tifton, GA",2021-09-01,13,41,14,3,71,1219,204
45700,"Tifton, GA",2021-10-01,9,28,12,0,49,1268,213
45700,"Tifton, GA",2021-11-01,11,35,8,0,54,1322,224
45700,"Tifton, GA",2021-12-01,8,39,15,1,63,1385,232
45700,"Tifton, GA",2022-01-01,18,49,11,2,80,1465,250
45700,"Tifton, GA",2022-02-01,23,28,13,1,65,1530,273
45700,"Tifton, GA",2022-03-01,17,41,20,0,78,1608,290
45700,"Tifton, GA",2022-04-01,12,43,6,1,62,1670,302
45700,"Tifton, GA",2022-05-01,15,50,8,0,73,1743,317
45700,"Tifton, GA",2022-06-01,7,29,9,1,46,1789,324
45700,"Tifton, GA",2022-07-01,14,31,7,1,53,1842,338
45700,"Tifton, GA",2022-08-01,9,51,9,0,69,1911,347
45700,"Tifton, GA",2022-09-01,6,38,10,0,54,1965,353
45700,"Tifton, GA",2022-10-01,17,40,14,1,72,2037,370
45700,"Tifton, GA",2022-11-01,11,40,8,0,59,2096,381
45700,"Tifton, GA",2022-12-01,19,28,13,1,61,2157,400
45700,"Tifton, GA",2023-01-01,12,24,7,0,43,2200,412
45700,"Tifton, GA",2023-02-01,11,24,16,1,52,2252,423
45700,"Tifton, GA",2023-03-01,29,36,16,0,81,2333,452
45700,"Tifton, GA",2023-04-01,18,25,7,1,51,2384,470
45700,"Tifton, GA",2023-05-01,18,27,8,1,54,2438,488
45700,"Tifton, GA",2023-06-01,10,24,7,3,44,2482,498
45700,"Tifton, GA",2023-07-01,17,38,8,0,63,2545,515
45700,"Tifton, GA",2023-08-01,23,39,11,2,75,2620,538
45700,"Tifton, GA",2023-09-01,24,38,7,2,71,2691,562
45700,"Tifton, GA",2023-10-01,19,37,5,0,61,2752,581
45700,"Tifton, GA",2023-11-01,22,33,15,3,73,2825,603
45700,"Tifton, GA",2023-12-01,29,38,14,1,82,2907,632
45700,"Tifton, GA",2024-01-01,22,35,23,1,81,2988,654
45700,"Tifton, GA",2024-02-01,23,28,11,1,63,3051,677
45700,"Tifton, GA",2024-03-01,26,38,8,1,73,3124,703
45700,"Tifton, GA",2024-04-01,20,43,14,0,77,3201,723
45700,"Tifton, GA",2024-05-01,14,36,10,2,62,3263,737
45700,"Tifton, GA",2024-06-01,13,18,5,0,36,3299,750
45700,"Tifton, GA",2024-07-01,8,21,3,0,32,3331,758
45700,"Tifton, GA",2024-08-01,11,30,7,0,48,3379,769
45700,"Tifton, GA",2024-09-01,12,22,3,0,37,3416,781
45700,"Tifton, GA",2024-10-01,25,32,11,0,68,3484,806
45700,"Tifton, GA",2024-11-01,25,30,12,3,70,3554,831
45700,"Tifton, GA",2024-12-01,14,34,20,1,69,3623,845
45700,"Tifton, GA",2025-01-01,21,22,12,0,55,3678,866
45700,"Tifton, GA",2025-02-01,13,26,6,2,47,3725,879
45700,"Tifton, GA",2025-03-01,33,43,8,0,84,3809,912
45700,"Tifton, GA",2025-04-01,29,46,16,1,92,3901,941
45700,"Tifton, GA",2025-05-01,25,51,7,2,85,3986,966
45700,"Tifton, GA",2025-06-01,17,25,6,1,49,4035,983
45700,"Tifton, GA",2025-07-01,10,23,6,1,40,4075,993
45700,"Tifton, GA",2025-08-01,11,21,4,0,36,4111,1004
31860,"Mankato, MN",2019-01-01,0,4,1,0,5,5,0
31860,"Mankato, MN",2019-02-01,0,6,1,0,7,12,0
31860,"Mankato, MN",2019-03-01,2,17,3,0,22,34,2
31860,"Mankato, MN",2019-04-01,2,35,10,0,47,81,4
31860,"Mankato, MN",2019-05-01,3,35,4,0,42,123,7
31860,"Mankato, MN",2019-06-01,1,26,4,1,32,155,8
31860,"Mankato, MN",2019-07-01,1,25,6,0,32,187,9
31860,"Mankato, MN",2019-08-01,4,19,6,0,29,216,13
31860,"Mankato, MN",2019-09-01,2,34,3,0,39,255,15
31860,"Mankato, MN",2019-10-01,7,27,7,0,41,296,22
31860,"Mankato, MN",2019-11-01,6,21,2,0,29,325,28
31860,"Mankato, MN",2019-12-01,6,34,1,0,41,366,34
31860,"Mankato, MN",2020-01-01,11,38,8,0,57,423,45
31860,"Mankato, MN",2020-02-01,16,39,4,1,60,483,61
31860,"Mankato, MN",2020-03-01,15,49,11,0,75,558,76
31860,"Mankato, MN",2020-04-01,39,84,10,1,134,692,115
31860,"Mankato, MN",2020-05-01,70,67,9,1,147,839,185
31860,"Mankato, MN",2020-06-01,43,71,3,0,117,956,228
31860,"Mankato, MN",2020-07-01,38,59,6,1,104,1060,266
31860,"Mankato, MN",2020-08-01,36,78,8,0,122,1182,302
31860,"Mankato, MN",2020-09-01,54,68,12,2,136,1318,356
31860,"Mankato, MN",2020-10-01,37,64,3,0,104,1422,393
31860,"Mankato, MN",2020-11-01,56,79,7,0,142,1564,449
31860,"Mankato, MN",2020-12-01,36,55,7,1,99,1663,485
31860,"Mankato, MN",2021-01-01,77,62,7,0,146,1809,562
31860,"Mankato, MN",2021-02-01,49,57,8,1,115,1924,611
31860,"Mankato, MN",2021-03-01,64,81,9,2,156,2080,675
31860,"Mankato, MN",2021-04-01,40,44,8,2,94,2174,715
31860,"Mankato, MN",2021-05-01,53,64,10,0,127,2301,768
31860,"Mankato, MN",2021-06-01,42,52,6,2,102,2403,810
31860,"Mankato, MN",2021-07-01,47,48,6,2,103,2506,857
31860,"Mankato, MN",2021-08-01,30,65,8,0,103,2609,887
31860,"Mankato, MN",2021-09-01,35,63,9,1,108,2717,922
31860,"Mankato, MN",2021-10-01,39,34,10,0,83,2800,961
31860,"Mankato, MN",2021-11-01,26,34,3,2,65,2865,987
31860,"Mankato, MN",2021-12-01,61,52,13,0,126,2991,1048
31860,"Mankato, MN",2022-01-01,63,77,10,2,152,3143,1111
31860,"Mankato, MN",2022-02-01,52,52,12,1,117,3260,1163
31860,"Mankato, MN",2022-03-01,54,39,8,1,102,3362,1217
31860,"Mankato, MN",2022-04-01,33,36,6,0,75,3437,1250
31860,"Mankato, MN",2022-05-01,38,47,11,1,97,3534,1288
31860,"Mankato, MN",2022-06-01,39,43,8,1,91,3625,1327
31860,"Mankato, MN",2022-07-01,28,34,9,0,71,3696,1355
31860,"Mankato, MN",2022-08-01,48,67,6,1,122,3818,1403
31860,"Mankato, MN",2022-09-01,46,34,10,0,90,3908,1449
31860,"Mankato, MN",2022-10-01,78,51,9,2,140,4048,1527
31860,"Mankato, MN",2022-11-01,54,40,5,2,101,4149,1581
31860,"Mankato, MN",2022-12-01,65,41,13,1,120,4269,1646
31860,"Mankato, MN",2023-01-01,65,49,15,0,129,4398,1711
31860,"Mankato, MN",2023-02-01,55,41,8,2,106,4504,1766
31860,"Mankato, MN",2023-03-01,84,56,8,1,149,4653,1850
31860,"Mankato, MN",2023-04-01,54,38,9,3,104,4757,1904
31860,"Mankato, MN",2023-05-01,43,30,7,0,80,4837,1947
31860,"Mankato, MN",2023-06-01,42,19,10,0,71,4908,1989
31860,"Mankato, MN",2023-07-01,33,41,3,2,79,4987,2022
31860,"Mankato, MN",2023-08-01,52,30,6,1,89,5076,2074
31860,"Mankato, MN",2023-09-01,65,22,6,0,93,5169,2139
31860,"Mankato, MN",2023-10-01,57,25,11,2,95,5264,2196
31860,"Mankato, MN",2023-11-01,83,36,11,0,130,5394,2279
31860,"Mankato, MN",2023-12-01,88,46,8,0,142,5536,2367
31860,"Mankato, MN",2024-01-01,98,47,12,0,157,5693,2465
31860,"Mankato, MN",2024-02-01,93,41,7,1,142,5835,2558
31860,"Mankato, MN",2024-03-01,79,30,12,1,122,5957,2637
31860,"Mankato, MN",2024-04-01,58,28,3,0,89,6046,2695
31860,"Mankato, MN",2024-05-01,43,28,4,2,77,6123,2738
31860,"Mankato, MN",2024-06-01,54,29,5,1,89,6212,2792
31860,"Mankato, MN",2024-07-01,40,19,3,1,63,6275,2832
31860,"Mankato, MN",2024-08-01,37,20,7,0,64,6339,2869
31860,"Mankato, MN",2024-09-01,72,26,7,0,105,6444,2941
31860,"Mankato, MN",2024-10-01,74,30,6,2,112,6556,3015
31860,"Mankato, MN",2024-11-01,86,40,10,1,137,6693,3101
31860,"Mankato, MN",2024-12-01,78,49,10,2,139,6832,3179
31860,"Mankato, MN",2025-01-01,79,45,11,0,135,6967,3258
31860,"Mankato, MN",2025-02-01,82,26,5,0,113,7080,3340
31860,"Mankato, MN",2025-03-01,75,37,3,0,115,7195,3415
31860,"Mankato, MN",2025-04-01,74,19,6,1,100,7295,3489
31860,"Mankato, MN",2025-05-01,68,28,8,2,106,7401,3557
31860,"Mankato, MN",2025-06-01,59,35,11,1,106,7507,3616
31860,"Mankato, MN",2025-07-01,48,24,12,2,86,7593,3664
31860,"Mankato, MN",2025-08-01,58,21,3,0,82,7675,3722
31860,"Mankato, MN",2025-09-01,1,1,0,0,2,7677,3723
30860,"Logan, UT-ID",2019-01-01,0,7,1,0,8,8,0
30860,"Logan, UT-ID",2019-02-01,1,15,1,0,17,25,1
30860,"Logan, UT-ID",2019-03-01,0,43,10,0,53,78,1
30860,"Logan, UT-ID",2019-04-01,1,34,6,0,41,119,2
30860,"Logan, UT-ID",2019-05-01,4,40,5,0,49,168,6
30860,"Logan, UT-ID",2019-06-01,4,31,4,2,41,209,10
30860,"Logan, UT-ID",2019-07-01,5,25,5,0,35,244,15
30860,"Logan, UT-ID",2019-08-01,6,24,4,1,35,279,21
30860,"Logan, UT-ID",2019-09-01,4,38,6,0,48,327,25
30860,"Logan, UT-ID",2019-10-01,7,39,5,0,51,378,32
30860,"Logan, UT-ID",2019-11-01,5,45,5,2,57,435,37
30860,"Logan, UT-ID",2019-12-01,7,28,8,0,43,478,44
30860,"Logan, UT-ID",2020-01-01,11,38,5,2,56,534,55
30860,"Logan, UT-ID",2020-02-01,7,39,2,2,50,584,62
30860,"Logan, UT-ID",2020-03-01,13,53,11,1,78,662,75
30860,"Logan, UT-ID",2020-04-01,46,167,15,3,231,893,121
30860,"Logan, UT-ID",2020-05-01,51,125,8,1,185,1078,172
30860,"Logan, UT-ID",2020-06-01,30,47,5,0,82,1160,202
30860,"Logan, UT-ID",2020-07-01,40,91,6,1,138,1298,242
30860,"Logan, UT-ID",2020-08-01,48,92,11,0,151,1449,290
30860,"Logan, UT-ID",2020-09-01,56,80,6,1,143,1592,346
30860,"Logan, UT-ID",2020-10-01,58,82,5,1,146,1738,404
30860,"Logan, UT-ID",2020-11-01,27,49,5,0,81,1819,431
30860,"Logan, UT-ID",2020-12-01,25,55,5,0,85,1904,456
30860,"Logan, UT-ID",2021-01-01,41,65,12,1,119,2023,497
30860,"Logan, UT-ID",2021-02-01,24,57,5,0,86,2109,521
30860,"Logan, UT-ID",2021-03-01,58,100,9,2,169,2278,579
30860,"Logan, UT-ID",2021-04-01,44,65,12,0,121,2399,623
30860,"Logan, UT-ID",2021-05-01,56,101,7,0,164,2563,679
30860,"Logan, UT-ID",2021-06-01,33,76,9,2,120,2683,712
30860,"Logan, UT-ID",2021-07-01,39,69,12,0,120,2803,751
30860,"Logan, UT-ID",2021-08-01,36,50,13,0,99,2902,787
30860,"Logan, UT-ID",2021-09-01,40,66,6,1,113,3015,827
30860,"Logan, UT-ID",2021-10-01,22,38,8,0,68,3083,849
30860,"Logan, UT-ID",2021-11-01,37,48,5,1,91,3174,886
30860,"Logan, UT-ID",2021-12-01,49,85,15,1,150,3324,935
30860,"Logan, UT-ID",2022-01-01,119,124,18,0,261,3585,1054
30860,"Logan, UT-ID",2022-02-01,65,65,11,2,143,3728,1119
30860,"Logan, UT-ID",2022-03-01,69,80,14,1,164,3892,1188
30860,"Logan, UT-ID",2022-04-01,36,64,7,0,107,3999,1224
30860,"Logan, UT-ID",2022-05-01,64,80,10,0,154,4153,1288
30860,"Logan, UT-ID",2022-06-01,65,91,6,0,162,4315,1353
30860,"Logan, UT-ID",2022-07-01,60,82,13,1,156,4471,1413
30860,"Logan, UT-ID",2022-08-01,75,97,14,1,187,4658,1488
30860,"Logan, UT-ID",2022-09-01,103,123,30,3,259,4917,1591
30860,"Logan, UT-ID",2022-10-01,62,68,12,1,143,5060,1653
30860,"Logan, UT-ID",2022-11-01,71,79,19,1,170,5230,1724
30860,"Logan, UT-ID",2022-12-01,73,85,11,1,170,5400,1797
30860,"Logan, UT-ID",2023-01-01,101,116,20,0,237,5637,1898
30860,"Logan, UT-ID",2023-02-01,88,66,18,2,174,5811,1986
30860,"Logan, UT-ID",2023-03-01,135,102,19,1,257,6068,2121
30860,"Logan, UT-ID",2023-04-01,72,65,17,0,154,6222,2193
30860,"Logan, UT-ID",2023-05-01,34,49,8,1,92,6314,2227
30860,"Logan, UT-ID",2023-06-01,33,43,8,1,85,6399,2260
30860,"Logan, UT-ID",2023-07-01,47,52,6,0,105,6504,2307
30860,"Logan, UT-ID",2023-08-01,20,33,5,0,58,6562,2327
30860,"Logan, UT-ID",2023-09-01,78,67,15,3,163,6725,2405
30860,"Logan, UT-ID",2023-10-01,80,51,9,0,140,6865,2485
30860,"Logan, UT-ID",2023-11-01,88,61,8,1,158,7023,2573
30860,"Logan, UT-ID",2023-12-01,84,52,18,2,156,7179,2657
30860,"Logan, UT-ID",2024-01-01,92,60,10,1,163,7342,2749
30860,"Logan, UT-ID",2024-02-01,100,69,12,1,182,7524,2849
30860,"Logan, UT-ID",2024-03-01,62,45,13,1,121,7645,2911
30860,"Logan, UT-ID",2024-04-01,46,59,5,2,112,7757,2957
30860,"Logan, UT-ID",2024-05-01,48,59,10,1,118,7875,3005
30860,"Logan, UT-ID",2024-06-01,45,51,15,0,111,7986,3050
30860,"Logan, UT-ID",2024-07-01,48,63,18,1,130,8116,3098
30860,"Logan, UT-ID",2024-08-01,17,17,6,0,40,8156,3115
30860,"Logan, UT-ID",2024-09-01,10,27,8,1,46,8202,3125
30860,"Logan, UT-ID",2024-10-01,60,66,5,1,132,8334,3185
30860,"Logan, UT-ID",2024-11-01,72,68,9,1,150,8484,3257
30860,"Logan, UT-ID",2024-12-01,74,49,12,1,136,8620,3331
30860,"Logan, UT-ID",2025-01-01,81,62,11,1,155,8775,3412
30860,"Logan, UT-ID",2025-02-01,80,62,11,1,154,8929,3492
30860,"Logan, UT-ID",2025-03-01,63,47,10,0,120,9049,3555
30860,"Logan, UT-ID",2025-04-01,28,27,3,0,58,9107,3583
30860,"Logan, UT-ID",2025-05-01,74,56,9,3,142,9249,3657
30860,"Logan, UT-ID",2025-06-01,78,49,12,1,140,9389,3735
30860,"Logan, UT-ID",2025-07-01,28,29,11,0,68,9457,3763
30860,"Logan, UT-ID",2025-08-01,58,42,7,0,107,9564,3821
30860,"Logan, UT-ID",2025-09-01,0,1,0,0,1,9565,3821
49010,"Winchester, TN",2019-01-01,0,4,1,0,5,5,0
49010,"Winchester, TN",2019-02-01,0,0,1,0,1,6,0
49010,"Winchester, TN",2019-03-01,0,1,0,0,1,7,0
49010,"Winchester, TN",2019-04-01,0,4,1,0,5,12,0
49010,"Winchester, TN",2019-05-01,0,6,3,1,10,22,0
49010,"Winchester, TN",2019-06-01,0,4,0,0,4,26,0
49010,"Winchester, TN",2019-07-01,0,6,3,0,9,35,0
49010,"Winchester, TN",2019-08-01,0,2,2,0,4,39,0
49010,"Winchester, TN",2019-09-01,0,6,2,0,8,47,0
49010,"Winchester, TN",2019-10-01,0,5,2,0,7,54,0
49010,"Winchester, TN",2019-11-01,0,6,3,0,9,63,0
49010,"Winchester, TN",2019-12-01,0,1,0,0,1,64,0
49010,"Winchester, TN",2020-01-01,0,6,2,0,8,72,0
49010,"Winchester, TN",2020-02-01,0,4,2,2,8,80,0
49010,"Winchester, TN",2020-03-01,1,11,1,1,14,94,1
49010,"Winchester, TN",2020-04-01,6,12,3,0,21,115,7
49010,"Winchester, TN",2020-05-01,4,12,9,0,25,140,11
49010,"Winchester, TN",2020-06-01,4,11,5,0,20,160,15
49010,"Winchester, TN",2020-07-01,6,20,5,0,31,191,21
49010,"Winchester, TN",2020-08-01,4,15,1,1,21,212,25
49010,"Winchester, TN",2020-09-01,5,24,11,3,43,255,30
49010,"Winchester, TN",2020-10-01,2,13,5,0,20,275,32
49010,"Winchester, TN",2020-11-01,1,10,2,2,15,290,33
49010,"Winchester, TN",2020-12-01,1,13,1,0,15,305,34
49010,"Winchester, TN",2021-01-01,7,15,0,0,22,327,41
49010,"Winchester, TN",2021-02-01,2,11,3,0,16,343,43
49010,"Winchester, TN",2021-03-01,8,13,7,0,28,371,51
49010,"Winchester, TN",2021-04-01,13,28,4,1,46,417,64
49010,"Winchester, TN",2021-05-01,9,13,4,0,26,443,73
49010,"Winchester, TN",2021-06-01,6,25,4,2,37,480,79
49010,"Winchester, TN",2021-07-01,7,17,3,0,27,507,86
49010,"Winchester, TN",2021-08-01,0,19,6,0,25,532,86
49010,"Winchester, TN",2021-09-01,4,14,6,2,26,558,90
49010,"Winchester, TN",2021-10-01,2,14,6,1,23,581,92
49010,"Winchester, TN",2021-11-01,4,16,5,0,25,606,96
49010,"Winchester, TN",2021-12-01,6,20,3,0,29,635,102
49010,"Winchester, TN",2022-01-01,9,21,7,2,39,674,111
49010,"Winchester, TN",2022-02-01,5,15,11,0,31,705,116
49010,"Winchester, TN",2022-03-01,6,15,8,0,29,734,122
49010,"Winchester, TN",2022-04-01,3,21,5,0,29,763,125
49010,"Winchester, TN",2022-05-01,8,18,1,1,28,791,133
49010,"Winchester, TN",2022-06-01,4,25,6,0,35,826,137
49010,"Winchester, TN",2022-07-01,9,16,11,0,36,862,146
49010,"Winchester, TN",2022-08-01,5,22,10,0,37,899,151
49010,"Winchester, TN",2022-09-01,4,12,12,1,29,928,155
49010,"Winchester, TN",2022-10-01,5,17,7,0,29,957,160
49010,"Winchester, TN",2022-11-01,7,15,5,2,29,986,167
49010,"Winchester, TN",2022-12-01,13,18,9,0,40,1026,180
49010,"Winchester, TN",2023-01-01,1,18,6,0,25,1051,181
49010,"Winchester, TN",2023-02-01,4,21,7,0,32,1083,185
49010,"Winchester, TN",2023-03-01,15,23,9,0,47,1130,200
49010,"Winchester, TN",2023-04-01,8,11,9,0,28,1158,208
49010,"Winchester, TN",2023-05-01,10,17,5,0,32,1190,218
49010,"Winchester, TN",2023-06-01,9,7,1,0,17,1207,227
49010,"Winchester, TN",2023-07-01,8,18,4,1,31,1238,235
49010,"Winchester, TN",2023-08-01,3,5,1,0,9,1247,238
49010,"Winchester, TN",2023-09-01,4,8,0,0,12,1259,242
49010,"Winchester, TN",2023-10-01,8,18,4,0,30,1289,250
49010,"Winchester, TN",2023-11-01,11,25,9,0,45,1334,261
49010,"Winchester, TN",2023-12-01,7,16,9,0,32,1366,268
49010,"Winchester, TN",2024-01-01,15,30,9,0,54,1420,283
49010,"Winchester, TN",2024-02-01,21,19,7,0,47,1467,304
49010,"Winchester, TN",2024-03-01,20,33,7,1,61,1528,324
49010,"Winchester, TN",2024-04-01,18,37,5,0,60,1588,342
49010,"Winchester, TN",2024-05-01,23,34,11,0,68,1656,365
49010,"Winchester, TN",2024-06-01,8,23,6,0,37,1693,373
49010,"Winchester, TN",2024-07-01,13,18,7,1,39,1732,386
49010,"Winchester, TN",2024-08-01,10,15,5,1,31,1763,396
49010,"Winchester, TN",2024-09-01,10,13,8,0,31,1794,406
49010,"Winchester, TN",2024-10-01,15,16,7,1,39,1833,421
49010,"Winchester, TN",2024-11-01,19,20,12,2,53,1886,440
49010,"Winchester, TN",2024-12-01,16,21,14,0,51,1937,456
49010,"Winchester, TN",2025-01-01,14,21,7,0,42,1979,470
49010,"Winchester, TN",2025-02-01,12,18,8,1,39,2018,482
49010,"Winchester, TN",2025-03-01,16,21,5,1,43,2061,498
49010,"Winchester, TN",2025-04-01,15,18,8,2,43,2104,513
49010,"Winchester, TN",2025-05-01,18,20,6,1,45,2149,531
49010,"Winchester, TN",2025-06-01,15,22,7,1,45,2194,546
49010,"Winchester, TN",2025-07-01,26,34,9,2,71,2265,572
49010,"Winchester, TN",2025-08-01,17,18,13,3,51,2316,589
49010,"Winchester, TN",2025-09-01,0,0,1,0,1,2317,589
43580,"Sioux City, IA-NE-SD",2019-01-01,0,5,0,0,5,5,0
43580,"Sioux City, IA-NE-SD",2019-02-01,0,9,4,0,13,18,0
43580,"Sioux City, IA-NE-SD",2019-03-01,1,18,4,0,23,41,1
43580,"Sioux City, IA-NE-SD",2019-04-01,1,19,3,0,23,64,2
43580,"Sioux City, IA-NE-SD",2019-05-01,3,21,0,0,24,88,5
43580,"Sioux City, IA-NE-SD",2019-06-01,5,18,7,1,31,119,10
43580,"Sioux City, IA-NE-SD",2019-07-01,2,24,7,0,33,152,12
43580,"Sioux City, IA-NE-SD",2019-08-01,2,11,4,0,17,169,14
43580,"Sioux City, IA-NE-SD",2019-09-01,3,18,3,1,25,194,17
43580,"Sioux City, IA-NE-SD",2019-10-01,2,16,3,1,22,216,19
43580,"Sioux City, IA-NE-SD",2019-11-01,4,18,3,1,26,242,23
43580,"Sioux City, IA-NE-SD",2019-12-01,4,26,3,1,34,276,27
43580,"Sioux City, IA-NE-SD",2020-01-01,3,23,6,2,34,310,30
43580,"Sioux City, IA-NE-SD",2020-02-01,5,15,10,1,31,341,35
43580,"Sioux City, IA-NE-SD",2020-03-01,19,46,16,3,84,425,54
43580,"Sioux City, IA-NE-SD",2020-04-01,26,83,18,7,134,559,80
43580,"Sioux City, IA-NE-SD",2020-05-01,48,93,13,1,155,714,128
43580,"Sioux City, IA-NE-SD",2020-06-01,33,44,11,0,88,802,161
43580,"Sioux City, IA-NE-SD",2020-07-01,40,70,12,1,123,925,201
43580,"Sioux City, IA-NE-SD",2020-08-01,35,79,19,4,137,1062,236
43580,"Sioux City, IA-NE-SD",2020-09-01,21,62,12,1,96,1158,257
43580,"Sioux City, IA-NE-SD",2020-10-01,25,57,11,1,94,1252,282
43580,"Sioux City, IA-NE-SD",2020-11-01,29,62,8,1,100,1352,311
43580,"Sioux City, IA-NE-SD",2020-12-01,25,32,8,0,65,1417,336
43580,"Sioux City, IA-NE-SD",2021-01-01,53,90,29,6,178,1595,389
43580,"Sioux City, IA-NE-SD",2021-02-01,35,46,21,4,106,1701,424
43580,"Sioux City, IA-NE-SD",2021-03-01,44,85,23,2,154,1855,468
43580,"Sioux City, IA-NE-SD",2021-04-01,41,65,12,0,118,1973,509
43580,"Sioux City, IA-NE-SD",2021-05-01,27,61,25,3,116,2089,536
43580,"Sioux City, IA-NE-SD",2021-06-01,22,59,12,3,96,2185,558
43580,"Sioux City, IA-NE-SD",2021-07-01,16,54,12,1,83,2268,574
43580,"Sioux City, IA-NE-SD",2021-08-01,25,66,15,1,107,2375,599
43580,"Sioux City, IA-NE-SD",2021-09-01,29,56,9,0,94,2469,628
43580,"Sioux City, IA-NE-SD",2021-10-01,25,44,16,1,86,2555,653
43580,"Sioux City, IA-NE-SD",2021-11-01,23,42,12,1,78,2633,676
43580,"Sioux City, IA-NE-SD",2021-12-01,38,72,7,4,121,2754,714
43580,"Sioux City, IA-NE-SD",2022-01-01,70,97,26,0,193,2947,784
43580,"Sioux City, IA-NE-SD",2022-02-01,21,42,6,1,70,3017,805
43580,"Sioux City, IA-NE-SD",2022-03-01,48,80,27,1,156,3173,853
43580,"Sioux City, IA-NE-SD",2022-04-01,32,60,18,2,112,3285,885
43580,"Sioux City, IA-NE-SD",2022-05-01,36,57,15,2,110,3395,921
43580,"Sioux City, IA-NE-SD",2022-06-01,21,60,6,1,88,3483,942
43580,"Sioux City, IA-NE-SD",2022-07-01,40,57,15,0,112,3595,982
43580,"Sioux City, IA-NE-SD",2022-08-01,45,55,16,2,118,3713,1027
43580,"Sioux City, IA-NE-SD",2022-09-01,53,88,24,1,166,3879,1080
43580,"Sioux City, IA-NE-SD",2022-10-01,49,63,19,1,132,4011,1129
43580,"Sioux City, IA-NE-SD",2022-11-01,52,62,19,3,136,4147,1181
43580,"Sioux City, IA-NE-SD",2022-12-01,55,66,24,0,145,4292,1236
43580,"Sioux City, IA-NE-SD",2023-01-01,42,89,26,0,157,4449,1278
43580,"Sioux City, IA-NE-SD",2023-02-01,57,74,18,2,151,4600,1335
43580,"Sioux City, IA-NE-SD",2023-03-01,76,79,26,0,181,4781,1411
43580,"Sioux City, IA-NE-SD",2023-04-01,48,66,19,3,136,4917,1459
43580,"Sioux City, IA-NE-SD",2023-05-01,25,35,9,0,69,4986,1484
43580,"Sioux City, IA-NE-SD",2023-06-01,31,32,14,0,77,5063,1515
43580,"Sioux City, IA-NE-SD",2023-07-01,23,33,9,0,65,5128,1538
43580,"Sioux City, IA-NE-SD",2023-08-01,26,42,11,0,79,5207,1564
43580,"Sioux City, IA-NE-SD",2023-09-01,37,38,6,1,82,5289,1601
43580,"Sioux City, IA-NE-SD",2023-10-01,36,56,17,4,113,5402,1637
43580,"Sioux City, IA-NE-SD",2023-11-01,62,83,19,5,169,5571,1699
43580,"Sioux City, IA-NE-SD",2023-12-01,81,65,23,1,170,5741,1780
43580,"Sioux City, IA-NE-SD",2024-01-01,54,47,21,1,123,5864,1834
43580,"Sioux City, IA-NE-SD",2024-02-01,72,71,14,0,157,6021,1906
43580,"Sioux City, IA-NE-SD",2024-03-01,60,60,14,2,136,6157,1966
43580,"Sioux City, IA-NE-SD",2024-04-01,62,65,13,1,141,6298,2028
43580,"Sioux City, IA-NE-SD",2024-05-01,66,64,15,0,145,6443,2094
43580,"Sioux City, IA-NE-SD",2024-06-01,45,66,18,2,131,6574,2139
43580,"Sioux City, IA-NE-SD",2024-07-01,54,63,13,4,134,6708,2193
43580,"Sioux City, IA-NE-SD",2024-08-01,30,68,18,2,118,6826,2223
43580,"Sioux City, IA-NE-SD",2024-09-01,14,42,6,0,62,6888,2237
43580,"Sioux City, IA-NE-SD",2024-10-01,70,86,20,1,177,7065,2307
43580,"Sioux City, IA-NE-SD",2024-11-01,62,84,13,0,159,7224,2369
43580,"Sioux City, IA-NE-SD",2024-12-01,69,84,19,3,175,7399,2438
43580,"Sioux City, IA-NE-SD",2025-01-01,54,54,16,0,124,7523,2492
43580,"Sioux City, IA-NE-SD",2025-02-01,68,58,17,0,143,7666,2560
43580,"Sioux City, IA-NE-SD",2025-03-01,64,66,18,1,149,7815,2624
43580,"Sioux City, IA-NE-SD",2025-04-01,70,60,10,1,141,7956,2694
43580,"Sioux City, IA-NE-SD",2025-05-01,89,93,18,1,201,8157,2783
43580,"Sioux City, IA-NE-SD",2025-06-01,81,90,22,0,193,8350,2864
43580,"Sioux City, IA-NE-SD",2025-07-01,72,80,22,0,174,8524,2936
43580,"Sioux City, IA-NE-SD",2025-08-01,62,47,21,2,132,8656,2998
43580,"Sioux City, IA-NE-SD",2025-09-01,2,2,1,0,5,8661,3000
29460,"Lakeland-Winter Haven, FL",2019-01-01,5,118,47,2,172,172,5
29460,"Lakeland-Winter Haven, FL",2019-02-01,3,75,31,8,117,289,8
29460,"Lakeland-Winter Haven, FL",2019-03-01,6,115,40,0,161,450,14
29460,"Lakeland-Winter Haven, FL",2019-04-01,6,144,49,6,205,655,20
29460,"Lakeland-Winter Haven, FL",2019-05-01,8,140,53,7,208,863,28
29460,"Lakeland-Winter Haven, FL",2019-06-01,5,89,29,5,128,991,33
29460,"Lakeland-Winter Haven, FL",2019-07-01,10,124,33,2,169,1160,43
29460,"Lakeland-Winter Haven, FL",2019-08-01,10,160,44,2,216,1376,53
29460,"Lakeland-Winter Haven, FL",2019-09-01,13,169,46,2,230,1606,66
29460,"Lakeland-Winter Haven, FL",2019-10-01,5,83,20,2,110,1716,71
29460,"Lakeland-Winter Haven, FL",2019-11-01,7,108,33,2,150,1866,78
29460,"Lakeland-Winter Haven, FL",2019-12-01,12,89,33,2,136,2002,90
29460,"Lakeland-Winter Haven, FL",2020-01-01,13,131,58,7,209,2211,103
29460,"Lakeland-Winter Haven, FL",2020-02-01,8,87,20,2,117,2328,111
29460,"Lakeland-Winter Haven, FL",2020-03-01,30,168,56,5,259,2587,141
29460,"Lakeland-Winter Haven, FL",2020-04-01,66,388,124,17,595,3182,207
29460,"Lakeland-Winter Haven, FL",2020-05-01,102,367,114,9,592,3774,309
29460,"Lakeland-Winter Haven, FL",2020-06-01,48,181,65,7,301,4075,357
29460,"Lakeland-Winter Haven, FL",2020-07-01,134,493,126,11,764,4839,491
29460,"Lakeland-Winter Haven, FL",2020-08-01,138,457,116,13,724,5563,629
29460,"Lakeland-Winter Haven, FL",2020-09-01,126,460,99,17,702,6265,755
29460,"Lakeland-Winter Haven, FL",2020-10-01,83,343,85,6,517,6782,838
29460,"Lakeland-Winter Haven, FL",2020-11-01,59,290,85,3,437,7219,897
29460,"Lakeland-Winter Haven, FL",2020-12-01,58,186,52,6,302,7521,955
29460,"Lakeland-Winter Haven, FL",2021-01-01,198,531,152,14,895,8416,1153
29460,"Lakeland-Winter Haven, FL",2021-02-01,110,277,106,7,500,8916,1263
29460,"Lakeland-Winter Haven, FL",2021-03-01,255,656,191,25,1127,10043,1518
29460,"Lakeland-Winter Haven, FL",2021-04-01,276,851,213,36,1376,11419,1794
29460,"Lakeland-Winter Haven, FL",2021-05-01,189,612,148,16,965,12384,1983
29460,"Lakeland-Winter Haven, FL",2021-06-01,93,373,77,7,550,12934,2076
29460,"Lakeland-Winter Haven, FL",2021-07-01,111,335,83,7,536,13470,2187
29460,"Lakeland-Winter Haven, FL",2021-08-01,98,369,111,10,588,14058,2285
29460,"Lakeland-Winter Haven, FL",2021-09-01,107,383,119,13,622,14680,2392
29460,"Lakeland-Winter Haven, FL",2021-10-01,44,181,42,7,274,14954,2436
29460,"Lakeland-Winter Haven, FL",2021-11-01,56,246,69,7,378,15332,2492
29460,"Lakeland-Winter Haven, FL",2021-12-01,158,375,118,11,662,15994,2650
29460,"Lakeland-Winter Haven, FL",2022-01-01,231,592,144,17,984,16978,2881
29460,"Lakeland-Winter Haven, FL",2022-02-01,99,259,76,16,450,17428,2980
29460,"Lakeland-Winter Haven, FL",2022-03-01,250,597,201,22,1070,18498,3230
29460,"Lakeland-Winter Haven, FL",2022-04-01,171,521,163,17,872,19370,3401
29460,"Lakeland-Winter Haven, FL",2022-05-01,97,282,70,5,454,19824,3498
29460,"Lakeland-Winter Haven, FL",2022-06-01,68,198,54,2,322,20146,3566
29460,"Lakeland-Winter Haven, FL",2022-07-01,59,169,48,8,284,20430,3625
29460,"Lakeland-Winter Haven, FL",2022-08-01,55,166,56,6,283,20713,3680
29460,"Lakeland-Winter Haven, FL",2022-09-01,274,583,193,20,1070,21783,3954
29460,"Lakeland-Winter Haven, FL",2022-10-01,283,614,222,24,1143,22926,4237
29460,"Lakeland-Winter Haven, FL",2022-11-01,202,453,130,24,809,23735,4439
29460,"Lakeland-Winter Haven, FL",2022-12-01,218,449,165,15,847,24582,4657
29460,"Lakeland-Winter Haven, FL",2023-01-01,152,367,122,11,652,25234,4809
29460,"Lakeland-Winter Haven, FL",2023-02-01,149,289,120,12,570,25804,4958
29460,"Lakeland-Winter Haven, FL",2023-03-01,292,569,178,11,1050,26854,5250
29460,"Lakeland-Winter Haven, FL",2023-04-01,196,401,130,15,742,27596,5446
29460,"Lakeland-Winter Haven, FL",2023-05-01,71,196,46,9,322,27918,5517
29460,"Lakeland-Winter Haven, FL",2023-06-01,88,162,51,5,306,28224,5605
29460,"Lakeland-Winter Haven, FL",2023-07-01,63,158,54,2,277,28501,5668
29460,"Lakeland-Winter Haven, FL",2023-08-01,56,154,40,3,253,28754,5724
29460,"Lakeland-Winter Haven, FL",2023-09-01,89,217,66,7,379,29133,5813
29460,"Lakeland-Winter Haven, FL",2023-10-01,99,228,105,8,440,29573,5912
29460,"Lakeland-Winter Haven, FL",2023-11-01,95,236,81,7,419,29992,6007
29460,"Lakeland-Winter Haven, FL",2023-12-01,124,256,90,7,477,30469,6131
29460,"Lakeland-Winter Haven, FL",2024-01-01,110,276,92,8,486,30955,6241
29460,"Lakeland-Winter Haven, FL",2024-02-01,278,456,168,18,920,31875,6519
29460,"Lakeland-Winter Haven, FL",2024-03-01,326,453,210,12,1001,32876,6845
29460,"Lakeland-Winter Haven, FL",2024-04-01,287,516,153,21,977,33853,7132
29460,"Lakeland-Winter Haven, FL",2024-05-01,264,455,145,17,881,34734,7396
29460,"Lakeland-Winter Haven, FL",2024-06-01,139,329,103,5,576,35310,7535
29460,"Lakeland-Winter Haven, FL",2024-07-01,92,232,57,0,381,35691,7627
29460,"Lakeland-Winter Haven, FL",2024-08-01,48,120,49,4,221,35912,7675
29460,"Lakeland-Winter Haven, FL",2024-09-01,85,215,73,6,379,36291,7760
29460,"Lakeland-Winter Haven, FL",2024-10-01,245,489,130,13,877,37168,8005
29460,"Lakeland-Winter Haven, FL",2024-11-01,233,411,164,13,821,37989,8238
29460,"Lakeland-Winter Haven, FL",2024-12-01,219,378,132,8,737,38726,8457
29460,"Lakeland-Winter Haven, FL",2025-01-01,267,421,138,7,833,39559,8724
29460,"Lakeland-Winter Haven, FL",2025-02-01,237,370,120,11,738,40297,8961
29460,"Lakeland-Winter Haven, FL",2025-03-01,254,366,124,18,762,41059,9215
29460,"Lakeland-Winter Haven, FL",2025-04-01,272,422,126,16,836,41895,9487
29460,"Lakeland-Winter Haven, FL",2025-05-01,248,433,143,12,836,42731,9735
29460,"Lakeland-Winter Haven, FL",2025-06-01,115,185,65,7,372,43103,9850
29460,"Lakeland-Winter Haven, FL",2025-07-01,102,164,49,5,320,43423,9952
29460,"Lakeland-Winter Haven, FL",2025-08-01,214,348,123,20,705,44128,10166
29460,"Lakeland-Winter Haven, FL",2025-09-01,6,10,1,1,18,44146,10172
14780,"Brenham, TX",2019-01-01,0,1,0,0,1,1,0
14780,"Brenham, TX",2019-02-01,0,1,0,0,1,2,0
14780,"Brenham, TX",2019-03-01,0,1,2,0,3,5,0
14780,"Brenham, TX",2019-04-01,0,1,1,0,2,7,0
14780,"Brenham, TX",2019-05-01,1,2,3,0,6,13,1
14780,"Brenham, TX",2019-06-01,0,4,1,0,5,18,1
14780,"Brenham, TX",2019-07-01,0,4,1,0,5,23,1
14780,"Brenham, TX",2019-08-01,0,0,2,1,3,26,1
14780,"Brenham, TX",2019-09-01,0,2,0,0,2,28,1
14780,"Brenham, TX",2019-10-01,0,4,2,1,7,35,1
14780,"Brenham, TX",2019-11-01,0,1,0,0,1,36,1
14780,"Brenham, TX",2019-12-01,0,3,1,0,4,40,1
14780,"Brenham, TX",2020-01-01,1,3,1,0,5,45,2
14780,"Brenham, TX",2020-02-01,0,2,1,0,3,48,2
14780,"Brenham, TX",2020-03-01,1,4,0,0,5,53,3
14780,"Brenham, TX",2020-04-01,2,6,2,0,10,63,5
14780,"Brenham, TX",2020-05-01,7,8,0,0,15,78,12
14780,"Brenham, TX",2020-06-01,3,3,2,1,9,87,15
14780,"Brenham, TX",2020-07-01,5,12,4,2,23,110,20
14780,"Brenham, TX",2020-08-01,8,11,3,0,22,132,28
14780,"Brenham, TX",2020-09-01,3,18,1,0,22,154,31
14780,"Brenham, TX",2020-10-01,12,16,1,1,30,184,43
14780,"Brenham, TX",2020-11-01,3,9,4,0,16,200,46
14780,"Brenham, TX",2020-12-01,12,16,5,2,35,235,58
14780,"Brenham, TX",2021-01-01,11,20,9,1,41,276,69
14780,"Brenham, TX",2021-02-01,11,20,4,0,35,311,80
14780,"Brenham, TX",2021-03-01,10,22,6,1,39,350,90
14780,"Brenham, TX",2021-04-01,20,21,8,1,50,400,110
14780,"Brenham, TX",2021-05-01,13,27,6,0,46,446,123
14780,"Brenham, TX",2021-06-01,7,24,7,1,39,485,130
14780,"Brenham, TX",2021-07-01,7,17,4,0,28,513,137
14780,"Brenham, TX",2021-08-01,7,12,4,1,24,537,144
14780,"Brenham, TX",2021-09-01,9,16,6,2,33,570,153
14780,"Brenham, TX",2021-10-01,14,15,0,2,31,601,167
14780,"Brenham, TX",2021-11-01,8,19,5,0,32,633,175
14780,"Brenham, TX",2021-12-01,16,18,8,0,42,675,191
14780,"Brenham, TX",2022-01-01,16,19,4,1,40,715,207
14780,"Brenham, TX",2022-02-01,14,10,4,1,29,744,221
14780,"Brenham, TX",2022-03-01,16,24,7,2,49,793,237
14780,"Brenham, TX",2022-04-01,20,29,9,1,59,852,257
14780,"Brenham, TX",2022-05-01,14,14,7,1,36,888,271
14780,"Brenham, TX",2022-06-01,8,11,6,1,26,914,279
14780,"Brenham, TX",2022-07-01,13,18,5,0,36,950,292
14780,"Brenham, TX",2022-08-01,18,14,6,1,39,989,310
14780,"Brenham, TX",2022-09-01,27,25,6,1,59,1048,337
14780,"Brenham, TX",2022-10-01,17,26,14,0,57,1105,354
14780,"Brenham, TX",2022-11-01,25,26,6,2,59,1164,379
14780,"Brenham, TX",2022-12-01,18,19,10,0,47,1211,397
14780,"Brenham, TX",2023-01-01,18,20,4,2,44,1255,415
14780,"Brenham, TX",2023-02-01,15,20,13,0,48,1303,430
14780,"Brenham, TX",2023-03-01,15,30,11,2,58,1361,445
14780,"Brenham, TX",2023-04-01,14,10,6,0,30,1391,459
14780,"Brenham, TX",2023-05-01,15,10,4,1,30,1421,474
14780,"Brenham, TX",2023-06-01,7,14,5,1,27,1448,481
14780,"Brenham, TX",2023-07-01,19,6,7,0,32,1480,500
14780,"Brenham, TX",2023-08-01,11,18,6,2,37,1517,511
14780,"Brenham, TX",2023-09-01,25,25,14,1,65,1582,536
14780,"Brenham, TX",2023-10-01,31,24,11,3,69,1651,567
14780,"Brenham, TX",2023-11-01,22,27,9,1,59,1710,589
14780,"Brenham, TX",2023-12-01,16,20,7,0,43,1753,605
14780,"Brenham, TX",2024-01-01,16,29,10,1,56,1809,621
14780,"Brenham, TX",2024-02-01,30,27,6,0,63,1872,651
14780,"Brenham, TX",2024-03-01,23,19,7,2,51,1923,674
14780,"Brenham, TX",2024-04-01,27,20,6,0,53,1976,701
14780,"Brenham, TX",2024-05-01,20,21,5,0,46,2022,721
14780,"Brenham, TX",2024-06-01,10,23,5,2,40,2062,731
14780,"Brenham, TX",2024-07-01,12,20,2,0,34,2096,743
14780,"Brenham, TX",2024-08-01,17,20,4,1,42,2138,760
14780,"Brenham, TX",2024-09-01,17,30,11,0,58,2196,777
14780,"Brenham, TX",2024-10-01,25,19,3,1,48,2244,802
14780,"Brenham, TX",2024-11-01,27,17,2,0,46,2290,829
14780,"Brenham, TX",2024-12-01,23,19,5,3,50,2340,852
14780,"Brenham, TX",2025-01-01,16,24,7,1,48,2388,868
14780,"Brenham, TX",2025-02-01,24,12,5,2,43,2431,892
14780,"Brenham, TX",2025-03-01,22,21,3,1,47,2478,914
14780,"Brenham, TX",2025-04-01,24,17,4,1,46,2524,938
14780,"Brenham, TX",2025-05-01,20,23,8,0,51,2575,958
14780,"Brenham, TX",2025-06-01,19,27,3,2,51,2626,977
14780,"Brenham, TX",2025-07-01,13,21,5,1,40,2666,990
14780,"Brenham, TX",2025-08-01,12,10,2,3,27,2693,1002
14780,"Brenham, TX",2025-09-01,1,0,0,0,1,2694,1003
12380,"Austin, MN",2019-02-01,0,1,0,0,1,1,0
12380,"Austin, MN",2019-03-01,0,1,2,0,3,4,0
12380,"Austin, MN",2019-04-01,0,1,0,0,1,5,0
12380,"Austin, MN",2019-05-01,0,0,1,0,1,6,0
12380,"Austin, MN",2019-06-01,0,1,0,0,1,7,0
12380,"Austin, MN",2019-07-01,0,1,0,0,1,8,0
12380,"Austin, MN",2019-08-01,1,2,2,0,5,13,1
12380,"Austin, MN",2019-10-01,0,4,0,0,4,17,1
12380,"Austin, MN",2019-11-01,1,1,1,0,3,20,2
12380,"Austin, MN",2020-01-01,0,1,0,0,1,21,2
12380,"Austin, MN",2020-02-01,1,1,1,0,3,24,3
12380,"Austin, MN",2020-03-01,2,3,0,0,5,29,5
12380,"Austin, MN",2020-04-01,0,2,2,0,4,33,5
12380,"Austin, MN",2020-05-01,1,2,0,0,3,36,6
12380,"Austin, MN",2020-06-01,3,4,1,0,8,44,9
12380,"Austin, MN",2020-07-01,3,4,1,0,8,52,12
12380,"Austin, MN",2020-08-01,1,11,0,0,12,64,13
12380,"Austin, MN",2020-09-01,0,6,5,0,11,75,13
12380,"Austin, MN",2020-10-01,2,16,6,0,24,99,15
12380,"Austin, MN",2020-11-01,7,18,6,0,31,130,22
12380,"Austin, MN",2020-12-01,7,17,0,0,24,154,29
12380,"Austin, MN",2021-01-01,13,9,3,1,26,180,42
12380,"Austin, MN",2021-02-01,7,16,2,0,25,205,49
12380,"Austin, MN",2021-03-01,6,17,6,0,29,234,55
12380,"Austin, MN",2021-04-01,8,11,7,0,26,260,63
12380,"Austin, MN",2021-05-01,8,12,5,0,25,285,71
12380,"Austin, MN",2021-06-01,5,14,1,1,21,306,76
12380,"Austin, MN",2021-07-01,6,18,4,1,29,335,82
12380,"Austin, MN",2021-08-01,3,11,2,0,16,351,85
12380,"Austin, MN",2021-09-01,7,4,4,2,17,368,92
12380,"Austin, MN",2021-10-01,5,12,2,1,20,388,97
12380,"Austin, MN",2021-11-01,2,8,1,1,12,400,99
12380,"Austin, MN",2021-12-01,4,12,0,0,16,416,103
12380,"Austin, MN",2022-01-01,8,9,3,0,20,436,111
12380,"Austin, MN",2022-02-01,7,12,1,1,21,457,118
12380,"Austin, MN",2022-03-01,6,9,2,0,17,474,124
12380,"Austin, MN",2022-04-01,5,8,1,0,14,488,129
12380,"Austin, MN",2022-05-01,4,6,3,0,13,501,133
12380,"Austin, MN",2022-06-01,3,7,2,0,12,513,136
12380,"Austin, MN",2022-07-01,4,5,3,1,13,526,140
12380,"Austin, MN",2022-08-01,2,8,2,1,13,539,142
12380,"Austin, MN",2022-09-01,5,8,3,0,16,555,147
12380,"Austin, MN",2022-10-01,2,9,0,0,11,566,149
12380,"Austin, MN",2022-11-01,5,5,5,0,15,581,154
12380,"Austin, MN",2022-12-01,7,3,0,0,10,591,161
12380,"Austin, MN",2023-01-01,5,6,0,0,11,602,166
12380,"Austin, MN",2023-02-01,3,4,6,1,14,616,169
12380,"Austin, MN",2023-03-01,8,14,4,0,26,642,177
12380,"Austin, MN",2023-04-01,7,12,5,0,24,666,184
12380,"Austin, MN",2023-05-01,2,10,4,0,16,682,186
12380,"Austin, MN",2023-06-01,3,6,4,1,14,696,189
12380,"Austin, MN",2023-07-01,3,5,2,0,10,706,192
12380,"Austin, MN",2023-08-01,4,11,2,0,17,723,196
12380,"Austin, MN",2023-09-01,6,6,0,1,13,736,202
12380,"Austin, MN",2023-10-01,3,11,2,0,16,752,205
12380,"Austin, MN",2023-11-01,5,8,1,0,14,766,210
12380,"Austin, MN",2023-12-01,6,4,2,0,12,778,216
12380,"Austin, MN",2024-01-01,6,7,4,0,17,795,222
12380,"Austin, MN",2024-02-01,9,6,4,1,20,815,231
12380,"Austin, MN",2024-03-01,5,10,3,0,18,833,236
12380,"Austin, MN",2024-04-01,8,9,5,0,22,855,244
12380,"Austin, MN",2024-05-01,2,16,1,1,20,875,246
12380,"Austin, MN",2024-06-01,1,6,3,0,10,885,247
12380,"Austin, MN",2024-07-01,5,1,0,0,6,891,252
12380,"Austin, MN",2024-08-01,3,2,1,0,6,897,255
12380,"Austin, MN",2024-09-01,4,10,1,0,15,912,259
12380,"Austin, MN",2024-10-01,10,10,1,0,21,933,269
12380,"Austin, MN",2024-11-01,11,16,2,0,29,962,280
12380,"Austin, MN",2024-12-01,10,12,4,3,29,991,290
12380,"Austin, MN",2025-01-01,18,9,2,1,30,1021,308
12380,"Austin, MN",2025-02-01,8,6,4,0,18,1039,316
12380,"Austin, MN",2025-03-01,6,11,3,0,20,1059,322
12380,"Austin, MN",2025-04-01,10,9,2,0,21,1080,332
12380,"Austin, MN",2025-05-01,7,5,1,0,13,1093,339
12380,"Austin, MN",2025-06-01,13,13,3,0,29,1122,352
12380,"Austin, MN",2025-07-01,11,9,6,0,26,1148,363
12380,"Austin, MN",2025-08-01,6,6,3,0,15,1163,369
12380,"Austin, MN",2025-09-01,1,1,0,0,2,1165,370
17650,"Cody, WY",2019-01-01,0,1,1,0,2,2,0
17650,"Cody, WY",2019-03-01,0,0,2,0,2,4,0
17650,"Cody, WY",2019-04-01,0,0,1,0,1,5,0
17650,"Cody, WY",2019-05-01,0,3,2,0,5,10,0
17650,"Cody, WY",2019-06-01,0,1,0,0,1,11,0
17650,"Cody, WY",2019-07-01,0,2,0,0,2,13,0
17650,"Cody, WY",2019-08-01,0,2,0,0,2,15,0
17650,"Cody, WY",2019-09-01,0,3,1,0,4,19,0
17650,"Cody, WY",2019-10-01,0,1,0,0,1,20,0
17650,"Cody, WY",2019-11-01,0,3,0,0,3,23,0
17650,"Cody, WY",2019-12-01,0,3,1,0,4,27,0
17650,"Cody, WY",2020-01-01,0,1,0,0,1,28,0
17650,"Cody, WY",2020-02-01,0,0,1,0,1,29,0
17650,"Cody, WY",2020-03-01,0,1,2,0,3,32,0
17650,"Cody, WY",2020-04-01,0,6,1,0,7,39,0
17650,"Cody, WY",2020-05-01,0,2,0,0,2,41,0
17650,"Cody, WY",2020-06-01,0,3,0,1,4,45,0
17650,"Cody, WY",2020-07-01,0,4,2,0,6,51,0
17650,"Cody, WY",2020-08-01,0,1,1,1,3,54,0
17650,"Cody, WY",2020-09-01,1,1,1,0,3,57,1
17650,"Cody, WY",2020-10-01,1,4,4,0,9,66,2
17650,"Cody, WY",2020-11-01,0,2,0,0,2,68,2
17650,"Cody, WY",2020-12-01,1,1,0,0,2,70,3
17650,"Cody, WY",2021-01-01,1,3,2,0,6,76,4
17650,"Cody, WY",2021-02-01,0,0,2,1,3,79,4
17650,"Cody, WY",2021-03-01,5,4,3,0,12,91,9
17650,"Cody, WY",2021-04-01,5,9,2,0,16,107,14
17650,"Cody, WY",2021-05-01,2,12,1,2,17,124,16
17650,"Cody, WY",2021-06-01,4,12,2,1,19,143,20
17650,"Cody, WY",2021-07-01,4,6,4,0,14,157,24
17650,"Cody, WY",2021-08-01,2,12,4,0,18,175,26
17650,"Cody, WY",2021-09-01,2,7,3,0,12,187,28
17650,"Cody, WY",2021-10-01,0,14,2,0,16,203,28
17650,"Cody, WY",2021-11-01,8,6,5,0,19,222,36
17650,"Cody, WY",2021-12-01,4,4,5,0,13,235,40
17650,"Cody, WY",2022-01-01,5,9,4,0,18,253,45
17650,"Cody, WY",2022-02-01,3,8,2,0,13,266,48
17650,"Cody, WY",2022-03-01,4,7,3,0,14,280,52
17650,"Cody, WY",2022-04-01,0,9,1,0,10,290,52
17650,"Cody, WY",2022-05-01,3,4,3,0,10,300,55
17650,"Cody, WY",2022-06-01,2,15,2,0,19,319,57
17650,"Cody, WY",2022-07-01,5,6,3,0,14,333,62
17650,"Cody, WY",2022-08-01,3,6,3,0,12,345,65
17650,"Cody, WY",2022-09-01,1,6,0,0,7,352,66
17650,"Cody, WY",2022-10-01,3,5,5,1,14,366,69
17650,"Cody, WY",2022-11-01,4,9,5,0,18,384,73
17650,"Cody, WY",2022-12-01,3,5,8,0,16,400,76
17650,"Cody, WY",2023-01-01,3,12,2,3,20,420,79
17650,"Cody, WY",2023-02-01,9,7,4,0,20,440,88
17650,"Cody, WY",2023-03-01,5,10,6,1,22,462,93
17650,"Cody, WY",2023-04-01,4,16,5,0,25,487,97
17650,"Cody, WY",2023-05-01,2,10,2,0,14,501,99
17650,"Cody, WY",2023-06-01,7,6,2,0,15,516,106
17650,"Cody, WY",2023-07-01,5,5,0,1,11,527,111
17650,"Cody, WY",2023-08-01,9,11,3,0,23,550,120
17650,"Cody, WY",2023-09-01,2,4,2,0,8,558,122
17650,"Cody, WY",2023-10-01,5,11,3,1,20,578,127
17650,"Cody, WY",2023-11-01,6,11,5,2,24,602,133
17650,"Cody, WY",2023-12-01,5,8,7,1,21,623,138
17650,"Cody, WY",2024-01-01,4,9,2,0,15,638,142
17650,"Cody, WY",2024-02-01,4,6,3,0,13,651,146
17650,"Cody, WY",2024-03-01,12,17,3,0,32,683,158
17650,"Cody, WY",2024-04-01,5,8,3,1,17,700,163
17650,"Cody, WY",2024-05-01,4,6,4,0,14,714,167
17650,"Cody, WY",2024-06-01,4,9,2,1,16,730,171
17650,"Cody, WY",2024-07-01,11,8,1,1,21,751,182
17650,"Cody, WY",2024-08-01,4,9,2,0,15,766,186
17650,"Cody, WY",2024-09-01,4,6,2,0,12,778,190
17650,"Cody, WY",2024-10-01,2,6,1,0,9,787,192
17650,"Cody, WY",2024-11-01,8,7,2,0,17,804,200
17650,"Cody, WY",2024-12-01,9,6,5,1,21,825,209
17650,"Cody, WY",2025-01-01,3,8,3,0,14,839,212
17650,"Cody, WY",2025-02-01,6,2,1,0,9,848,218
17650,"Cody, WY",2025-03-01,11,4,0,0,15,863,229
17650,"Cody, WY",2025-04-01,4,6,0,1,11,874,233
17650,"Cody, WY",2025-05-01,8,6,2,0,16,890,241
17650,"Cody, WY",2025-06-01,4,7,1,0,12,902,245
17650,"Cody, WY",2025-07-01,3,13,1,0,17,919,248
17650,"Cody, WY",2025-08-01,5,5,1,0,11,930,253
17650,"Cody, WY",2025-09-01,0,1,0,0,1,931,253
28580,"Key West-Key Largo, FL",2019-01-01,1,1,6,1,9,9,1
28580,"Key West-Key Largo, FL",2019-02-01,0,4,2,0,6,15,1
28580,"Key West-Key Largo, FL",2019-03-01,0,4,4,0,8,23,1
28580,"Key West-Key Largo, FL",2019-04-01,0,5,1,3,9,32,1
28580,"Key West-Key Largo, FL",2019-05-01,0,12,3,0,15,47,1
28580,"Key West-Key Largo, FL",2019-06-01,0,3,4,0,7,54,1
28580,"Key West-Key Largo, FL",2019-07-01,0,8,5,0,13,67,1
28580,"Key West-Key Largo, FL",2019-08-01,0,15,8,0,23,90,1
28580,"Key West-Key Largo, FL",2019-09-01,1,17,5,0,23,113,2
28580,"Key West-Key Largo, FL",2019-10-01,0,13,6,0,19,132,2
28580,"Key West-Key Largo, FL",2019-11-01,0,6,6,0,12,144,2
28580,"Key West-Key Largo, FL",2019-12-01,0,7,5,0,12,156,2
28580,"Key West-Key Largo, FL",2020-01-01,2,10,8,0,20,176,4
28580,"Key West-Key Largo, FL",2020-02-01,2,10,5,1,18,194,6
28580,"Key West-Key Largo, FL",2020-03-01,0,11,6,0,17,211,6
28580,"Key West-Key Largo, FL",2020-04-01,2,29,18,2,51,262,8
28580,"Key West-Key Largo, FL",2020-05-01,4,34,11,2,51,313,12
28580,"Key West-Key Largo, FL",2020-06-01,1,15,5,1,22,335,13
28580,"Key West-Key Largo, FL",2020-07-01,0,17,8,0,25,360,13
28580,"Key West-Key Largo, FL",2020-08-01,3,24,9,1,37,397,16
28580,"Key West-Key Largo, FL",2020-09-01,8,22,17,0,47,444,24
28580,"Key West-Key Largo, FL",2020-10-01,3,15,9,0,27,471,27
28580,"Key West-Key Largo, FL",2020-11-01,1,18,8,1,28,499,28
28580,"Key West-Key Largo, FL",2020-12-01,3,27,10,1,41,540,31
28580,"Key West-Key Largo, FL",2021-01-01,8,36,18,0,62,602,39
28580,"Key West-Key Largo, FL",2021-02-01,9,20,8,3,40,642,48
28580,"Key West-Key Largo, FL",2021-03-01,9,35,24,2,70,712,57
28580,"Key West-Key Largo, FL",2021-04-01,12,34,11,2,59,771,69
28580,"Key West-Key Largo, FL",2021-05-01,13,27,17,0,57,828,82
28580,"Key West-Key Largo, FL",2021-06-01,7,32,14,2,55,883,89
28580,"Key West-Key Largo, FL",2021-07-01,12,37,11,3,63,946,101
28580,"Key West-Key Largo, FL",2021-08-01,6,37,24,3,70,1016,107
28580,"Key West-Key Largo, FL",2021-09-01,2,34,13,2,51,1067,109
28580,"Key West-Key Largo, FL",2021-10-01,2,27,10,1,40,1107,111
28580,"Key West-Key Largo, FL",2021-11-01,7,36,13,2,58,1165,118
28580,"Key West-Key Largo, FL",2021-12-01,12,35,16,0,63,1228,130
28580,"Key West-Key Largo, FL",2022-01-01,17,47,15,1,80,1308,147
28580,"Key West-Key Largo, FL",2022-02-01,5,25,11,3,44,1352,152
28580,"Key West-Key Largo, FL",2022-03-01,13,36,17,4,70,1422,165
28580,"Key West-Key Largo, FL",2022-04-01,9,36,16,1,62,1484,174
28580,"Key West-Key Largo, FL",2022-05-01,14,39,13,2,68,1552,188
28580,"Key West-Key Largo, FL",2022-06-01,13,34,12,1,60,1612,201
28580,"Key West-Key Largo, FL",2022-07-01,6,27,10,0,43,1655,207
28580,"Key West-Key Largo, FL",2022-08-01,6,19,14,2,41,1696,213
28580,"Key West-Key Largo, FL",2022-09-01,10,30,17,0,57,1753,223
28580,"Key West-Key Largo, FL",2022-10-01,12,50,21,5,88,1841,235
28580,"Key West-Key Largo, FL",2022-11-01,13,31,24,0,68,1909,248
28580,"Key West-Key Largo, FL",2022-12-01,15,42,18,0,75,1984,263
28580,"Key West-Key Largo, FL",2023-01-01,15,46,24,5,90,2074,278
28580,"Key West-Key Largo, FL",2023-02-01,13,46,18,0,77,2151,291
28580,"Key West-Key Largo, FL",2023-03-01,10,45,31,3,89,2240,301
28580,"Key West-Key Largo, FL",2023-04-01,8,61,30,1,100,2340,309
28580,"Key West-Key Largo, FL",2023-05-01,15,45,18,0,78,2418,324
28580,"Key West-Key Largo, FL",2023-06-01,10,31,16,2,59,2477,334
28580,"Key West-Key Largo, FL",2023-07-01,6,49,13,1,69,2546,340
28580,"Key West-Key Largo, FL",2023-08-01,10,46,11,0,67,2613,350
28580,"Key West-Key Largo, FL",2023-09-01,20,66,21,1,108,2721,370
28580,"Key West-Key Largo, FL",2023-10-01,11,59,18,4,92,2813,381
28580,"Key West-Key Largo, FL",2023-11-01,13,49,20,1,83,2896,394
28580,"Key West-Key Largo, FL",2023-12-01,14,51,19,6,90,2986,408
28580,"Key West-Key Largo, FL",2024-01-01,22,46,18,3,89,3075,430
28580,"Key West-Key Largo, FL",2024-02-01,16,45,13,2,76,3151,446
28580,"Key West-Key Largo, FL",2024-03-01,13,50,18,2,83,3234,459
28580,"Key West-Key Largo, FL",2024-04-01,19,59,17,3,98,3332,478
28580,"Key West-Key Largo, FL",2024-05-01,16,45,15,2,78,3410,494
28580,"Key West-Key Largo, FL",2024-06-01,8,38,26,5,77,3487,502
28580,"Key West-Key Largo, FL",2024-07-01,4,22,7,0,33,3520,506
28580,"Key West-Key Largo, FL",2024-08-01,4,9,2,0,15,3535,510
28580,"Key West-Key Largo, FL",2024-09-01,15,36,10,1,62,3597,525
28580,"Key West-Key Largo, FL",2024-10-01,11,30,13,0,54,3651,536
28580,"Key West-Key Largo, FL",2024-11-01,7,23,16,1,47,3698,543
28580,"Key West-Key Largo, FL",2024-12-01,14,31,14,0,59,3757,557
28580,"Key West-Key Largo, FL",2025-01-01,10,26,11,3,50,3807,567
28580,"Key West-Key Largo, FL",2025-02-01,3,35,11,3,52,3859,570
28580,"Key West-Key Largo, FL",2025-03-01,17,48,20,2,87,3946,587
28580,"Key West-Key Largo, FL",2025-04-01,18,48,16,1,83,4029,605
28580,"Key West-Key Largo, FL",2025-05-01,11,37,10,1,59,4088,616
28580,"Key West-Key Largo, FL",2025-06-01,12,23,19,2,56,4144,628
28580,"Key West-Key Largo, FL",2025-07-01,10,28,6,1,45,4189,638
28580,"Key West-Key Largo, FL",2025-08-01,16,20,5,0,41,4230,654
42220,"Santa Rosa-Petaluma, CA",2019-01-01,8,141,17,1,167,167,8
42220,"Santa Rosa-Petaluma, CA",2019-02-01,4,116,24,1,145,312,12
42220,"Santa Rosa-Petaluma, CA",2019-03-01,9,109,31,4,153,465,21
42220,"Santa Rosa-Petaluma, CA",2019-04-01,11,155,28,2,196,661,32
42220,"Santa Rosa-Petaluma, CA",2019-05-01,13,167,27,5,212,873,45
42220,"Santa Rosa-Petaluma, CA",2019-06-01,9,132,24,1,166,1039,54
42220,"Santa Rosa-Petaluma, CA",2019-07-01,14,133,39,4,190,1229,68
42220,"Santa Rosa-Petaluma, CA",2019-08-01,8,137,34,5,184,1413,76
42220,"Santa Rosa-Petaluma, CA",2019-09-01,19,139,28,5,191,1604,95
42220,"Santa Rosa-Petaluma, CA",2019-10-01,20,94,23,2,139,1743,115
42220,"Santa Rosa-Petaluma, CA",2019-11-01,17,83,16,3,119,1862,132
42220,"Santa Rosa-Petaluma, CA",2019-12-01,16,84,18,3,121,1983,148
42220,"Santa Rosa-Petaluma, CA",2020-01-01,18,89,24,3,134,2117,166
42220,"Santa Rosa-Petaluma, CA",2020-02-01,10,65,18,1,94,2211,176
42220,"Santa Rosa-Petaluma, CA",2020-03-01,8,78,31,6,123,2334,184
42220,"Santa Rosa-Petaluma, CA",2020-04-01,54,201,75,12,342,2676,238
42220,"Santa Rosa-Petaluma, CA",2020-05-01,99,220,50,7,376,3052,337
42220,"Santa Rosa-Petaluma, CA",2020-06-01,96,222,58,2,378,3430,433
42220,"Santa Rosa-Petaluma, CA",2020-07-01,131,240,58,6,435,3865,564
42220,"Santa Rosa-Petaluma, CA",2020-08-01,94,290,75,10,469,4334,658
42220,"Santa Rosa-Petaluma, CA",2020-09-01,107,254,62,3,426,4760,765
42220,"Santa Rosa-Petaluma, CA",2020-10-01,88,272,72,6,438,5198,853
42220,"Santa Rosa-Petaluma, CA",2020-11-01,79,249,51,4,383,5581,932
42220,"Santa Rosa-Petaluma, CA",2020-12-01,38,139,27,9,213,5794,970
42220,"Santa Rosa-Petaluma, CA",2021-01-01,59,143,74,8,284,6078,1029
42220,"Santa Rosa-Petaluma, CA",2021-02-01,26,88,34,5,153,6231,1055
42220,"Santa Rosa-Petaluma, CA",2021-03-01,61,163,63,7,294,6525,1116
42220,"Santa Rosa-Petaluma, CA",2021-04-01,51,144,69,5,269,6794,1167
42220,"Santa Rosa-Petaluma, CA",2021-05-01,39,144,34,2,219,7013,1206
42220,"Santa Rosa-Petaluma, CA",2021-06-01,26,105,23,4,158,7171,1232
42220,"Santa Rosa-Petaluma, CA",2021-07-01,29,96,43,9,177,7348,1261
42220,"Santa Rosa-Petaluma, CA",2021-08-01,50,143,72,7,272,7620,1311
42220,"Santa Rosa-Petaluma, CA",2021-09-01,74,231,68,7,380,8000,1385
42220,"Santa Rosa-Petaluma, CA",2021-10-01,23,116,48,5,192,8192,1408
42220,"Santa Rosa-Petaluma, CA",2021-11-01,32,101,27,4,164,8356,1440
42220,"Santa Rosa-Petaluma, CA",2021-12-01,38,129,43,10,220,8576,1478
42220,"Santa Rosa-Petaluma, CA",2022-01-01,95,248,114,15,472,9048,1573
42220,"Santa Rosa-Petaluma, CA",2022-02-01,26,109,51,17,203,9251,1599
42220,"Santa Rosa-Petaluma, CA",2022-03-01,22,76,38,7,143,9394,1621
42220,"Santa Rosa-Petaluma, CA",2022-04-01,15,83,50,9,157,9551,1636
42220,"Santa Rosa-Petaluma, CA",2022-05-01,17,85,57,14,173,9724,1653
42220,"Santa Rosa-Petaluma, CA",2022-06-01,11,64,49,12,136,9860,1664
42220,"Santa Rosa-Petaluma, CA",2022-07-01,29,102,46,11,188,10048,1693
42220,"Santa Rosa-Petaluma, CA",2022-08-01,174,330,132,23,659,10707,1867
42220,"Santa Rosa-Petaluma, CA",2022-09-01,150,356,107,15,628,11335,2017
42220,"Santa Rosa-Petaluma, CA",2022-10-01,75,200,75,9,359,11694,2092
42220,"Santa Rosa-Petaluma, CA",2022-11-01,123,232,65,4,424,12118,2215
42220,"Santa Rosa-Petaluma, CA",2022-12-01,113,211,70,12,406,12524,2328
42220,"Santa Rosa-Petaluma, CA",2023-01-01,63,187,49,16,315,12839,2391
42220,"Santa Rosa-Petaluma, CA",2023-02-01,51,121,41,16,229,13068,2442
42220,"Santa Rosa-Petaluma, CA",2023-03-01,88,217,79,10,394,13462,2530
42220,"Santa Rosa-Petaluma, CA",2023-04-01,45,109,33,10,197,13659,2575
42220,"Santa Rosa-Petaluma, CA",2023-05-01,42,90,29,0,161,13820,2617
42220,"Santa Rosa-Petaluma, CA",2023-06-01,37,84,30,6,157,13977,2654
42220,"Santa Rosa-Petaluma, CA",2023-07-01,34,96,35,3,168,14145,2688
42220,"Santa Rosa-Petaluma, CA",2023-08-01,27,113,47,9,196,14341,2715
42220,"Santa Rosa-Petaluma, CA",2023-09-01,19,161,68,9,257,14598,2734
42220,"Santa Rosa-Petaluma, CA",2023-10-01,34,143,68,8,253,14851,2768
42220,"Santa Rosa-Petaluma, CA",2023-11-01,27,174,124,24,349,15200,2795
42220,"Santa Rosa-Petaluma, CA",2023-12-01,43,187,113,16,359,15559,2838
42220,"Santa Rosa-Petaluma, CA",2024-01-01,23,180,92,9,304,15863,2861
42220,"Santa Rosa-Petaluma, CA",2024-02-01,27,153,84,22,286,16149,2888
42220,"Santa Rosa-Petaluma, CA",2024-03-01,26,145,85,14,270,16419,2914
42220,"Santa Rosa-Petaluma, CA",2024-04-01,29,168,66,14,277,16696,2943
42220,"Santa Rosa-Petaluma, CA",2024-05-01,35,179,111,23,348,17044,2978
42220,"Santa Rosa-Petaluma, CA",2024-06-01,38,198,102,26,364,17408,3016
42220,"Santa Rosa-Petaluma, CA",2024-07-01,54,249,134,21,458,17866,3070
42220,"Santa Rosa-Petaluma, CA",2024-08-01,33,217,107,24,381,18247,3103
42220,"Santa Rosa-Petaluma, CA",2024-09-01,29,137,76,17,259,18506,3132
42220,"Santa Rosa-Petaluma, CA",2024-10-01,25,153,72,11,261,18767,3157
42220,"Santa Rosa-Petaluma, CA",2024-11-01,34,119,57,9,219,18986,3191
42220,"Santa Rosa-Petaluma, CA",2024-12-01,22,95,46,11,174,19160,3213
42220,"Santa Rosa-Petaluma, CA",2025-01-01,27,81,42,7,157,19317,3240
42220,"Santa Rosa-Petaluma, CA",2025-02-01,26,72,45,5,148,19465,3266
42220,"Santa Rosa-Petaluma, CA",2025-03-01,19,81,19,1,120,19585,3285
42220,"Santa Rosa-Petaluma, CA",2025-04-01,17,60,10,2,89,19674,3302
42220,"Santa Rosa-Petaluma, CA",2025-05-01,30,60,11,2,103,19777,3332
42220,"Santa Rosa-Petaluma, CA",2025-06-01,20,39,9,0,68,19845,3352
42220,"Santa Rosa-Petaluma, CA",2025-07-01,28,54,11,1,94,19939,3380
42220,"Santa Rosa-Petaluma, CA",2025-08-01,19,25,16,0,60,19999,3399
42220,"Santa Rosa-Petaluma, CA",2025-09-01,0,2,0,1,3,20002,3399
25780,"Henderson, NC",2019-01-01,0,3,1,0,4,4,0
25780,"Henderson, NC",2019-02-01,0,4,1,0,5,9,0
25780,"Henderson, NC",2019-03-01,0,6,2,0,8,17,0
25780,"Henderson, NC",2019-04-01,1,9,1,0,11,28,1
25780,"Henderson, NC",2019-05-01,0,5,3,0,8,36,1
25780,"Henderson, NC",2019-06-01,0,14,4,0,18,54,1
25780,"Henderson, NC",2019-07-01,0,7,3,0,10,64,1
25780,"Henderson, NC",2019-08-01,0,13,6,0,19,83,1
25780,"Henderson, NC",2019-09-01,0,9,2,0,11,94,1
25780,"Henderson, NC",2019-10-01,0,8,1,0,9,103,1
25780,"Henderson, NC",2019-11-01,0,14,5,1,20,123,1
25780,"Henderson, NC",2019-12-01,1,12,6,0,19,142,2
25780,"Henderson, NC",2020-01-01,0,9,1,0,10,152,2
25780,"Henderson, NC",2020-02-01,2,8,4,0,14,166,4
25780,"Henderson, NC",2020-03-01,1,13,7,0,21,187,5
25780,"Henderson, NC",2020-04-01,0,21,3,0,24,211,5
25780,"Henderson, NC",2020-05-01,2,21,8,0,31,242,7
25780,"Henderson, NC",2020-06-01,3,20,4,1,28,270,10
25780,"Henderson, NC",2020-07-01,5,24,6,0,35,305,15
25780,"Henderson, NC",2020-08-01,7,39,5,0,51,356,22
25780,"Henderson, NC",2020-09-01,7,29,5,0,41,397,29
25780,"Henderson, NC",2020-10-01,8,17,6,0,31,428,37
25780,"Henderson, NC",2020-11-01,5,23,4,0,32,460,42
25780,"Henderson, NC",2020-12-01,8,22,6,0,36,496,50
25780,"Henderson, NC",2021-01-01,11,29,7,0,47,543,61
25780,"Henderson, NC",2021-02-01,11,38,8,1,58,601,72
25780,"Henderson, NC",2021-03-01,10,25,6,1,42,643,82
25780,"Henderson, NC",2021-04-01,8,37,10,1,56,699,90
25780,"Henderson, NC",2021-05-01,12,39,8,1,60,759,102
25780,"Henderson, NC",2021-06-01,13,38,10,1,62,821,115
25780,"Henderson, NC",2021-07-01,16,34,8,2,60,881,131
25780,"Henderson, NC",2021-08-01,9,31,11,1,52,933,140
25780,"Henderson, NC",2021-09-01,7,24,8,2,41,974,147
25780,"Henderson, NC",2021-10-01,7,25,17,0,49,1023,154
25780,"Henderson, NC",2021-11-01,16,31,17,0,64,1087,170
25780,"Henderson, NC",2021-12-01,21,35,7,1,64,1151,191
25780,"Henderson, NC",2022-01-01,15,42,14,0,71,1222,206
25780,"Henderson, NC",2022-02-01,14,35,10,5,64,1286,220
25780,"Henderson, NC",2022-03-01,10,37,13,1,61,1347,230
25780,"Henderson, NC",2022-04-01,13,41,18,0,72,1419,243
25780,"Henderson, NC",2022-05-01,12,33,8,3,56,1475,255
25780,"Henderson, NC",2022-06-01,12,26,6,0,44,1519,267
25780,"Henderson, NC",2022-07-01,7,34,16,1,58,1577,274
25780,"Henderson, NC",2022-08-01,10,35,9,1,55,1632,284
25780,"Henderson, NC",2022-09-01,7,17,6,0,30,1662,291
25780,"Henderson, NC",2022-10-01,13,29,11,0,53,1715,304
25780,"Henderson, NC",2022-11-01,10,27,9,0,46,1761,314
25780,"Henderson, NC",2022-12-01,17,29,8,1,55,1816,331
25780,"Henderson, NC",2023-01-01,15,37,11,1,64,1880,346
25780,"Henderson, NC",2023-02-01,17,21,13,2,53,1933,363
25780,"Henderson, NC",2023-03-01,11,25,10,1,47,1980,374
25780,"Henderson, NC",2023-04-01,14,33,5,1,53,2033,388
25780,"Henderson, NC",2023-05-01,9,33,5,2,49,2082,397
25780,"Henderson, NC",2023-06-01,10,14,4,1,29,2111,407
25780,"Henderson, NC",2023-07-01,15,28,9,4,56,2167,422
25780,"Henderson, NC",2023-08-01,14,27,5,0,46,2213,436
25780,"Henderson, NC",2023-09-01,8,22,17,4,51,2264,444
25780,"Henderson, NC",2023-10-01,16,29,14,1,60,2324,460
25780,"Henderson, NC",2023-11-01,16,28,15,2,61,2385,476
25780,"Henderson, NC",2023-12-01,25,28,12,0,65,2450,501
25780,"Henderson, NC",2024-01-01,12,33,13,0,58,2508,513
25780,"Henderson, NC",2024-02-01,16,22,10,1,49,2557,529
25780,"Henderson, NC",2024-03-01,25,22,12,4,63,2620,554
25780,"Henderson, NC",2024-04-01,9,45,11,1,66,2686,563
25780,"Henderson, NC",2024-05-01,8,31,19,1,59,2745,571
25780,"Henderson, NC",2024-06-01,4,14,4,0,22,2767,575
25780,"Henderson, NC",2024-07-01,11,16,3,0,30,2797,586
25780,"Henderson, NC",2024-08-01,13,27,13,2,55,2852,599
25780,"Henderson, NC",2024-09-01,13,25,5,1,44,2896,612
25780,"Henderson, NC",2024-10-01,20,32,16,4,72,2968,632
25780,"Henderson, NC",2024-11-01,17,33,8,1,59,3027,649
25780,"Henderson, NC",2024-12-01,17,26,12,0,55,3082,666
25780,"Henderson, NC",2025-01-01,18,22,6,3,49,3131,684
25780,"Henderson, NC",2025-02-01,14,25,14,1,54,3185,698
25780,"Henderson, NC",2025-03-01,11,31,10,3,55,3240,709
25780,"Henderson, NC",2025-04-01,24,25,8,0,57,3297,733
25780,"Henderson, NC",2025-05-01,24,40,14,1,79,3376,757
25780,"Henderson, NC",2025-06-01,26,34,5,0,65,3441,783
25780,"Henderson, NC",2025-07-01,14,27,11,4,56,3497,797
25780,"Henderson, NC",2025-08-01,6,19,8,2,35,3532,803
25780,"Henderson, NC",2025-09-01,1,0,0,0,1,3533,804
38380,"Plainview, TX",2019-02-01,0,0,1,0,1,1,0
38380,"Plainview, TX",2019-03-01,0,1,0,0,1,2,0
38380,"Plainview, TX",2019-04-01,0,1,1,0,2,4,0
38380,"Plainview, TX",2019-05-01,0,1,0,0,1,5,0
38380,"Plainview, TX",2019-08-01,0,1,0,0,1,6,0
38380,"Plainview, TX",2019-09-01,0,1,0,0,1,7,0
38380,"Plainview, TX",2019-10-01,0,5,0,0,5,12,0
38380,"Plainview, TX",2019-11-01,0,1,1,0,2,14,0
38380,"Plainview, TX",2019-12-01,1,1,1,0,3,17,1
38380,"Plainview, TX",2020-01-01,0,1,0,0,1,18,1
38380,"Plainview, TX",2020-02-01,0,1,0,0,1,19,1
38380,"Plainview, TX",2020-03-01,0,1,1,0,2,21,1
38380,"Plainview, TX",2020-04-01,0,4,2,2,8,29,1
38380,"Plainview, TX",2020-05-01,2,5,1,0,8,37,3
38380,"Plainview, TX",2020-06-01,2,4,0,0,6,43,5
38380,"Plainview, TX",2020-07-01,0,4,2,0,6,49,5
38380,"Plainview, TX",2020-08-01,1,3,0,0,4,53,6
38380,"Plainview, TX",2020-09-01,1,5,1,0,7,60,7
38380,"Plainview, TX",2020-10-01,1,5,1,0,7,67,8
38380,"Plainview, TX",2020-11-01,1,1,0,1,3,70,9
38380,"Plainview, TX",2020-12-01,2,10,4,0,16,86,11
38380,"Plainview, TX",2021-01-01,4,9,4,0,17,103,15
38380,"Plainview, TX",2021-02-01,3,7,3,0,13,116,18
38380,"Plainview, TX",2021-03-01,6,12,2,1,21,137,24
38380,"Plainview, TX",2021-04-01,7,6,3,0,16,153,31
38380,"Plainview, TX",2021-05-01,3,20,4,0,27,180,34
38380,"Plainview, TX",2021-06-01,6,10,4,1,21,201,40
38380,"Plainview, TX",2021-07-01,5,17,6,0,28,229,45
38380,"Plainview, TX",2021-08-01,7,11,3,1,22,251,52
38380,"Plainview, TX",2021-09-01,2,18,1,1,22,273,54
38380,"Plainview, TX",2021-10-01,5,16,1,2,24,297,59
38380,"Plainview, TX",2021-11-01,3,13,3,1,20,317,62
38380,"Plainview, TX",2021-12-01,10,9,6,0,25,342,72
38380,"Plainview, TX",2022-01-01,11,19,3,3,36,378,83
38380,"Plainview, TX",2022-02-01,10,15,4,1,30,408,93
38380,"Plainview, TX",2022-03-01,5,17,8,0,30,438,98
38380,"Plainview, TX",2022-04-01,6,12,2,0,20,458,104
38380,"Plainview, TX",2022-05-01,5,23,5,0,33,491,109
38380,"Plainview, TX",2022-06-01,10,22,3,0,35,526,119
38380,"Plainview, TX",2022-07-01,2,20,3,0,25,551,121
38380,"Plainview, TX",2022-08-01,6,18,3,0,27,578,127
38380,"Plainview, TX",2022-09-01,8,17,7,0,32,610,135
38380,"Plainview, TX",2022-10-01,4,18,5,1,28,638,139
38380,"Plainview, TX",2022-11-01,8,16,5,0,29,667,147
38380,"Plainview, TX",2022-12-01,9,7,2,0,18,685,156
38380,"Plainview, TX",2023-01-01,6,6,1,0,13,698,162
38380,"Plainview, TX",2023-02-01,13,10,8,0,31,729,175
38380,"Plainview, TX",2023-03-01,6,17,7,0,30,759,181
38380,"Plainview, TX",2023-04-01,9,13,7,0,29,788,190
38380,"Plainview, TX",2023-05-01,6,9,2,0,17,805,196
38380,"Plainview, TX",2023-06-01,6,17,1,0,24,829,202
38380,"Plainview, TX",2023-07-01,10,8,3,1,22,851,212
38380,"Plainview, TX",2023-08-01,3,5,1,0,9,860,215
38380,"Plainview, TX",2023-09-01,3,5,1,0,9,869,218
38380,"Plainview, TX",2023-10-01,13,20,6,0,39,908,231
38380,"Plainview, TX",2023-11-01,15,16,1,0,32,940,246
38380,"Plainview, TX",2023-12-01,8,15,2,0,25,965,254
38380,"Plainview, TX",2024-01-01,10,10,6,0,26,991,264
38380,"Plainview, TX",2024-02-01,14,8,1,0,23,1014,278
38380,"Plainview, TX",2024-03-01,8,15,6,1,30,1044,286
38380,"Plainview, TX",2024-04-01,14,21,4,0,39,1083,300
38380,"Plainview, TX",2024-05-01,9,9,1,0,19,1102,309
38380,"Plainview, TX",2024-06-01,10,11,5,0,26,1128,319
38380,"Plainview, TX",2024-07-01,4,7,2,0,13,1141,323
38380,"Plainview, TX",2024-08-01,2,4,0,0,6,1147,325
38380,"Plainview, TX",2024-09-01,8,9,0,0,17,1164,333
38380,"Plainview, TX",2024-10-01,15,22,3,0,40,1204,348
38380,"Plainview, TX",2024-11-01,10,11,4,0,25,1229,358
38380,"Plainview, TX",2024-12-01,16,9,6,0,31,1260,374
38380,"Plainview, TX",2025-01-01,5,9,5,0,19,1279,379
38380,"Plainview, TX",2025-02-01,11,6,10,0,27,1306,390
38380,"Plainview, TX",2025-03-01,8,14,6,1,29,1335,398
38380,"Plainview, TX",2025-04-01,12,8,0,0,20,1355,410
38380,"Plainview, TX",2025-05-01,10,20,4,1,35,1390,420
38380,"Plainview, TX",2025-06-01,11,23,12,1,47,1437,431
38380,"Plainview, TX",2025-07-01,4,15,5,0,24,1461,435
38380,"Plainview, TX",2025-08-01,5,8,1,2,16,1477,440
38660,"Ponce, PR",2019-01-01,0,0,1,0,1,1,0
38660,"Ponce, PR",2019-03-01,0,1,0,0,1,2,0
38660,"Ponce, PR",2019-04-01,0,1,0,0,1,3,0
38660,"Ponce, PR",2019-07-01,0,1,0,0,1,4,0
38660,"Ponce, PR",2019-08-01,0,2,0,0,2,6,0
38660,"Ponce, PR",2019-09-01,0,2,0,0,2,8,0
38660,"Ponce, PR",2019-10-01,0,2,0,0,2,10,0
38660,"Ponce, PR",2019-11-01,0,2,0,0,2,12,0
38660,"Ponce, PR",2019-12-01,0,3,1,0,4,16,0
38660,"Ponce, PR",2020-01-01,0,1,0,0,1,17,0
38660,"Ponce, PR",2020-02-01,1,0,0,0,1,18,1
38660,"Ponce, PR",2020-04-01,0,2,1,0,3,21,1
38660,"Ponce, PR",2020-05-01,0,1,0,0,1,22,1
38660,"Ponce, PR",2020-06-01,0,1,1,0,2,24,1
38660,"Ponce, PR",2020-07-01,0,5,1,0,6,30,1
38660,"Ponce, PR",2020-08-01,0,0,1,0,1,31,1
38660,"Ponce, PR",2020-09-01,0,2,2,0,4,35,1
38660,"Ponce, PR",2020-10-01,0,5,0,0,5,40,1
38660,"Ponce, PR",2020-11-01,0,3,1,0,4,44,1
38660,"Ponce, PR",2020-12-01,0,4,1,0,5,49,1
38660,"Ponce, PR",2021-01-01,3,6,0,0,9,58,4
38660,"Ponce, PR",2021-02-01,0,6,1,0,7,65,4
38660,"Ponce, PR",2021-03-01,3,12,3,0,18,83,7
38660,"Ponce, PR",2021-04-01,3,8,1,0,12,95,10
38660,"Ponce, PR",2021-05-01,3,16,0,0,19,114,13
38660,"Ponce, PR",2021-06-01,4,8,1,0,13,127,17
38660,"Ponce, PR",2021-07-01,1,7,0,0,8,135,18
38660,"Ponce, PR",2021-08-01,0,8,0,0,8,143,18
38660,"Ponce, PR",2021-09-01,3,8,0,0,11,154,21
38660,"Ponce, PR",2021-10-01,1,4,0,0,5,159,22
38660,"Ponce, PR",2021-11-01,3,3,2,0,8,167,25
38660,"Ponce, PR",2021-12-01,2,9,0,0,11,178,27
38660,"Ponce, PR",2022-01-01,2,11,4,0,17,195,29
38660,"Ponce, PR",2022-02-01,2,5,2,0,9,204,31
38660,"Ponce, PR",2022-03-01,1,18,4,0,23,227,32
38660,"Ponce, PR",2022-04-01,1,12,5,0,18,245,33
38660,"Ponce, PR",2022-05-01,2,15,5,0,22,267,35
38660,"Ponce, PR",2022-06-01,4,12,4,0,20,287,39
38660,"Ponce, PR",2022-07-01,4,11,3,0,18,305,43
38660,"Ponce, PR",2022-08-01,4,13,5,0,22,327,47
38660,"Ponce, PR",2022-09-01,3,18,3,0,24,351,50
38660,"Ponce, PR",2022-10-01,1,15,2,1,19,370,51
38660,"Ponce, PR",2022-11-01,4,11,2,0,17,387,55
38660,"Ponce, PR",2022-12-01,1,15,2,0,18,405,56
38660,"Ponce, PR",2023-01-01,6,2,0,0,8,413,62
38660,"Ponce, PR",2023-02-01,0,7,1,0,8,421,62
38660,"Ponce, PR",2023-03-01,7,22,4,0,33,454,69
38660,"Ponce, PR",2023-04-01,10,23,5,1,39,493,79
38660,"Ponce, PR",2023-05-01,6,31,4,0,41,534,85
38660,"Ponce, PR",2023-06-01,8,37,2,0,47,581,93
38660,"Ponce, PR",2023-07-01,11,40,3,0,54,635,104
38660,"Ponce, PR",2023-08-01,5,14,3,0,22,657,109
38660,"Ponce, PR",2023-09-01,8,29,7,0,44,701,117
38660,"Ponce, PR",2023-10-01,11,29,7,1,48,749,128
38660,"Ponce, PR",2023-11-01,18,31,4,0,53,802,146
38660,"Ponce, PR",2023-12-01,16,39,9,0,64,866,162
38660,"Ponce, PR",2024-01-01,15,34,7,0,56,922,177
38660,"Ponce, PR",2024-02-01,16,21,3,1,41,963,193
38660,"Ponce, PR",2024-03-01,12,25,4,0,41,1004,205
38660,"Ponce, PR",2024-04-01,16,19,8,1,44,1048,221
38660,"Ponce, PR",2024-05-01,17,18,3,0,38,1086,238
38660,"Ponce, PR",2024-06-01,17,18,4,0,39,1125,255
38660,"Ponce, PR",2024-07-01,7,19,2,0,28,1153,262
38660,"Ponce, PR",2024-08-01,9,18,4,0,31,1184,271
38660,"Ponce, PR",2024-09-01,9,20,3,0,32,1216,280
38660,"Ponce, PR",2024-10-01,12,16,4,0,32,1248,292
38660,"Ponce, PR",2024-11-01,15,18,3,3,39,1287,307
38660,"Ponce, PR",2024-12-01,21,22,3,1,47,1334,328
38660,"Ponce, PR",2025-01-01,22,27,5,0,54,1388,350
38660,"Ponce, PR",2025-02-01,14,17,9,0,40,1428,364
38660,"Ponce, PR",2025-03-01,17,16,6,0,39,1467,381
38660,"Ponce, PR",2025-04-01,22,25,4,0,51,1518,403
38660,"Ponce, PR",2025-05-01,15,21,8,1,45,1563,418
38660,"Ponce, PR",2025-06-01,20,31,6,0,57,1620,438
38660,"Ponce, PR",2025-07-01,17,25,7,0,49,1669,455
38660,"Ponce, PR",2025-08-01,11,26,8,1,46,1715,466
38660,"Ponce, PR",2025-09-01,1,0,0,0,1,1716,467
20940,"El Centro, CA",2019-01-01,0,5,0,0,5,5,0
20940,"El Centro, CA",2019-02-01,0,5,3,0,8,13,0
20940,"El Centro, CA",2019-03-01,0,12,3,0,15,28,0
20940,"El Centro, CA",2019-04-01,1,10,1,0,12,40,1
20940,"El Centro, CA",2019-05-01,1,9,3,0,13,53,2
20940,"El Centro, CA",2019-06-01,1,11,1,0,13,66,3
20940,"El Centro, CA",2019-07-01,1,6,3,0,10,76,4
20940,"El Centro, CA",2019-08-01,1,16,2,0,19,95,5
20940,"El Centro, CA",2019-09-01,0,13,2,0,15,110,5
20940,"El Centro, CA",2019-10-01,3,11,1,0,15,125,8
20940,"El Centro, CA",2019-11-01,1,15,1,1,18,143,9
20940,"El Centro, CA",2019-12-01,5,9,6,0,20,163,14
20940,"El Centro, CA",2020-01-01,2,9,1,0,12,175,16
20940,"El Centro, CA",2020-02-01,5,11,5,0,21,196,21
20940,"El Centro, CA",2020-03-01,2,27,7,0,36,232,23
20940,"El Centro, CA",2020-04-01,9,39,7,0,55,287,32
20940,"El Centro, CA",2020-05-01,10,24,5,0,39,326,42
20940,"El Centro, CA",2020-06-01,7,33,4,2,46,372,49
20940,"El Centro, CA",2020-07-01,11,29,3,0,43,415,60
20940,"El Centro, CA",2020-08-01,8,42,8,1,59,474,68
20940,"El Centro, CA",2020-09-01,12,35,9,1,57,531,80
20940,"El Centro, CA",2020-10-01,13,29,9,0,51,582,93
20940,"El Centro, CA",2020-11-01,7,27,5,2,41,623,100
20940,"El Centro, CA",2020-12-01,3,30,4,2,39,662,103
20940,"El Centro, CA",2021-01-01,9,34,5,1,49,711,112
20940,"El Centro, CA",2021-02-01,15,33,1,0,49,760,127
20940,"El Centro, CA",2021-03-01,25,47,14,1,87,847,152
20940,"El Centro, CA",2021-04-01,13,29,4,0,46,893,165
20940,"El Centro, CA",2021-05-01,20,50,6,0,76,969,185
20940,"El Centro, CA",2021-06-01,19,64,8,0,91,1060,204
20940,"El Centro, CA",2021-07-01,11,18,0,0,29,1089,215
20940,"El Centro, CA",2021-08-01,18,34,10,0,62,1151,233
20940,"El Centro, CA",2021-09-01,13,40,9,0,62,1213,246
20940,"El Centro, CA",2021-10-01,11,34,7,1,53,1266,257
20940,"El Centro, CA",2021-11-01,7,28,5,0,40,1306,264
20940,"El Centro, CA",2021-12-01,22,31,7,0,60,1366,286
20940,"El Centro, CA",2022-01-01,21,65,14,3,103,1469,307
20940,"El Centro, CA",2022-02-01,21,48,9,0,78,1547,328
20940,"El Centro, CA",2022-03-01,21,23,4,1,49,1596,349
20940,"El Centro, CA",2022-04-01,17,28,4,0,49,1645,366
20940,"El Centro, CA",2022-05-01,16,33,5,1,55,1700,382
20940,"El Centro, CA",2022-06-01,12,24,6,0,42,1742,394
20940,"El Centro, CA",2022-07-01,14,23,6,0,43,1785,408
20940,"El Centro, CA",2022-08-01,17,27,8,0,52,1837,425
20940,"El Centro, CA",2022-09-01,9,23,3,0,35,1872,434
20940,"El Centro, CA",2022-10-01,28,38,7,1,74,1946,462
20940,"El Centro, CA",2022-11-01,22,36,6,0,64,2010,484
20940,"El Centro, CA",2022-12-01,21,35,9,0,65,2075,505
20940,"El Centro, CA",2023-01-01,11,22,5,0,38,2113,516
20940,"El Centro, CA",2023-02-01,7,20,6,0,33,2146,523
20940,"El Centro, CA",2023-03-01,22,47,8,1,78,2224,545
20940,"El Centro, CA",2023-04-01,26,40,7,2,75,2299,571
20940,"El Centro, CA",2023-05-01,16,31,5,0,52,2351,587
20940,"El Centro, CA",2023-06-01,12,30,3,0,45,2396,599
20940,"El Centro, CA",2023-07-01,30,42,9,0,81,2477,629
20940,"El Centro, CA",2023-08-01,7,16,3,0,26,2503,636
20940,"El Centro, CA",2023-09-01,23,36,5,2,66,2569,659
20940,"El Centro, CA",2023-10-01,26,43,5,1,75,2644,685
20940,"El Centro, CA",2023-11-01,27,45,7,1,80,2724,712
20940,"El Centro, CA",2023-12-01,14,32,4,0,50,2774,726
20940,"El Centro, CA",2024-01-01,21,45,18,1,85,2859,747
20940,"El Centro, CA",2024-02-01,22,39,2,0,63,2922,769
20940,"El Centro, CA",2024-03-01,26,43,11,2,82,3004,795
20940,"El Centro, CA",2024-04-01,16,19,1,2,38,3042,811
20940,"El Centro, CA",2024-05-01,8,13,2,0,23,3065,819
20940,"El Centro, CA",2024-06-01,2,9,1,0,12,3077,821
20940,"El Centro, CA",2024-07-01,3,6,2,1,12,3089,824
20940,"El Centro, CA",2024-08-01,1,9,1,0,11,3100,825
20940,"El Centro, CA",2024-09-01,1,4,1,0,6,3106,826
20940,"El Centro, CA",2024-10-01,2,3,0,0,5,3111,828
20940,"El Centro, CA",2024-11-01,1,5,2,0,8,3119,829
20940,"El Centro, CA",2024-12-01,5,3,1,0,9,3128,834
20940,"El Centro, CA",2025-01-01,2,2,0,0,4,3132,836
20940,"El Centro, CA",2025-02-01,0,8,1,0,9,3141,836
20940,"El Centro, CA",2025-03-01,6,11,1,0,18,3159,842
20940,"El Centro, CA",2025-04-01,3,10,4,0,17,3176,845
20940,"El Centro, CA",2025-05-01,5,11,1,0,17,3193,850
20940,"El Centro, CA",2025-06-01,0,3,1,0,4,3197,850
20940,"El Centro, CA",2025-07-01,9,6,1,0,16,3213,859
20940,"El Centro, CA",2025-08-01,1,6,0,0,7,3220,860
47380,"Waco, TX",2019-01-01,0,31,7,1,39,39,0
47380,"Waco, TX",2019-02-01,1,36,9,0,46,85,1
47380,"Waco, TX",2019-03-01,1,40,18,1,60,145,2
47380,"Waco, TX",2019-04-01,1,49,10,0,60,205,3
47380,"Waco, TX",2019-05-01,1,58,9,2,70,275,4
47380,"Waco, TX",2019-06-01,3,28,6,0,37,312,7
47380,"Waco, TX",2019-07-01,2,30,11,0,43,355,9
47380,"Waco, TX",2019-08-01,8,59,11,0,78,433,17
47380,"Waco, TX",2019-09-01,10,51,12,0,73,506,27
47380,"Waco, TX",2019-10-01,6,60,19,1,86,592,33
47380,"Waco, TX",2019-11-01,13,72,8,3,96,688,46
47380,"Waco, TX",2019-12-01,7,54,9,2,72,760,53
47380,"Waco, TX",2020-01-01,5,43,10,0,58,818,58
47380,"Waco, TX",2020-02-01,10,71,12,1,94,912,68
47380,"Waco, TX",2020-03-01,18,101,14,4,137,1049,86
47380,"Waco, TX",2020-04-01,43,216,41,4,304,1353,129
47380,"Waco, TX",2020-05-01,83,240,29,3,355,1708,212
47380,"Waco, TX",2020-06-01,62,178,22,3,265,1973,274
47380,"Waco, TX",2020-07-01,80,252,33,2,367,2340,354
47380,"Waco, TX",2020-08-01,71,228,47,8,354,2694,425
47380,"Waco, TX",2020-09-01,79,226,32,5,342,3036,504
47380,"Waco, TX",2020-10-01,62,155,42,6,265,3301,566
47380,"Waco, TX",2020-11-01,30,96,14,2,142,3443,596
47380,"Waco, TX",2020-12-01,34,68,15,0,117,3560,630
47380,"Waco, TX",2021-01-01,110,235,46,3,394,3954,740
47380,"Waco, TX",2021-02-01,82,194,36,5,317,4271,822
47380,"Waco, TX",2021-03-01,125,232,40,5,402,4673,947
47380,"Waco, TX",2021-04-01,118,272,49,4,443,5116,1065
47380,"Waco, TX",2021-05-01,128,251,31,9,419,5535,1193
47380,"Waco, TX",2021-06-01,61,191,47,8,307,5842,1254
47380,"Waco, TX",2021-07-01,87,223,55,4,369,6211,1341
47380,"Waco, TX",2021-08-01,66,174,44,3,287,6498,1407
47380,"Waco, TX",2021-09-01,67,198,52,9,326,6824,1474
47380,"Waco, TX",2021-10-01,41,118,33,3,195,7019,1515
47380,"Waco, TX",2021-11-01,51,125,23,0,199,7218,1566
47380,"Waco, TX",2021-12-01,88,158,35,4,285,7503,1654
47380,"Waco, TX",2022-01-01,88,184,43,9,324,7827,1742
47380,"Waco, TX",2022-02-01,64,111,37,3,215,8042,1806
47380,"Waco, TX",2022-03-01,113,235,65,4,417,8459,1919
47380,"Waco, TX",2022-04-01,100,233,47,5,385,8844,2019
47380,"Waco, TX",2022-05-01,87,180,51,6,324,9168,2106
47380,"Waco, TX",2022-06-01,78,156,53,3,290,9458,2184
47380,"Waco, TX",2022-07-01,92,231,68,6,397,9855,2276
47380,"Waco, TX",2022-08-01,135,260,60,15,470,10325,2411
47380,"Waco, TX",2022-09-01,126,206,81,5,418,10743,2537
47380,"Waco, TX",2022-10-01,108,217,64,6,395,11138,2645
47380,"Waco, TX",2022-11-01,122,234,53,7,416,11554,2767
47380,"Waco, TX",2022-12-01,124,182,56,6,368,11922,2891
47380,"Waco, TX",2023-01-01,132,169,66,10,377,12299,3023
47380,"Waco, TX",2023-02-01,135,142,58,5,340,12639,3158
47380,"Waco, TX",2023-03-01,161,222,84,10,477,13116,3319
47380,"Waco, TX",2023-04-01,110,196,73,4,383,13499,3429
47380,"Waco, TX",2023-05-01,118,157,43,9,327,13826,3547
47380,"Waco, TX",2023-06-01,57,106,23,4,190,14016,3604
47380,"Waco, TX",2023-07-01,46,85,25,3,159,14175,3650
47380,"Waco, TX",2023-08-01,77,130,41,7,255,14430,3727
47380,"Waco, TX",2023-09-01,104,161,49,7,321,14751,3831
47380,"Waco, TX",2023-10-01,137,181,50,13,381,15132,3968
47380,"Waco, TX",2023-11-01,152,207,65,7,431,15563,4120
47380,"Waco, TX",2023-12-01,144,162,56,8,370,15933,4264
47380,"Waco, TX",2024-01-01,140,171,41,9,361,16294,4404
47380,"Waco, TX",2024-02-01,138,157,54,6,355,16649,4542
47380,"Waco, TX",2024-03-01,145,171,41,4,361,17010,4687
47380,"Waco, TX",2024-04-01,128,175,39,6,348,17358,4815
47380,"Waco, TX",2024-05-01,124,204,47,5,380,17738,4939
47380,"Waco, TX",2024-06-01,103,136,52,3,294,18032,5042
47380,"Waco, TX",2024-07-01,96,147,57,3,303,18335,5138
47380,"Waco, TX",2024-08-01,96,148,42,7,293,18628,5234
47380,"Waco, TX",2024-09-01,114,165,55,2,336,18964,5348
47380,"Waco, TX",2024-10-01,128,206,60,5,399,19363,5476
47380,"Waco, TX",2024-11-01,131,190,39,8,368,19731,5607
47380,"Waco, TX",2024-12-01,157,185,52,7,401,20132,5764
47380,"Waco, TX",2025-01-01,135,170,49,5,359,20491,5899
47380,"Waco, TX",2025-02-01,128,114,41,10,293,20784,6027
47380,"Waco, TX",2025-03-01,137,133,34,5,309,21093,6164
47380,"Waco, TX",2025-04-01,157,160,49,10,376,21469,6321
47380,"Waco, TX",2025-05-01,164,204,48,6,422,21891,6485
47380,"Waco, TX",2025-06-01,132,194,53,3,382,22273,6617
47380,"Waco, TX",2025-07-01,133,159,45,6,343,22616,6750
47380,"Waco, TX",2025-08-01,129,114,42,10,295,22911,6879
47380,"Waco, TX",2025-09-01,1,6,1,0,8,22919,6880
17780,"College Station-Bryan, TX",2019-01-01,3,83,24,3,113,113,3
17780,"College Station-Bryan, TX",2019-02-01,2,87,18,0,107,220,5
17780,"College Station-Bryan, TX",2019-03-01,4,98,20,2,124,344,9
17780,"College Station-Bryan, TX",2019-04-01,10,119,33,1,163,507,19
17780,"College Station-Bryan, TX",2019-05-01,3,110,24,1,138,645,22
17780,"College Station-Bryan, TX",2019-06-01,10,96,23,2,131,776,32
17780,"College Station-Bryan, TX",2019-07-01,14,94,24,1,133,909,46
17780,"College Station-Bryan, TX",2019-08-01,12,99,28,2,141,1050,58
17780,"College Station-Bryan, TX",2019-09-01,30,137,29,2,198,1248,88
17780,"College Station-Bryan, TX",2019-10-01,32,145,40,1,218,1466,120
17780,"College Station-Bryan, TX",2019-11-01,24,83,21,2,130,1596,144
17780,"College Station-Bryan, TX",2019-12-01,14,93,11,1,119,1715,158
17780,"College Station-Bryan, TX",2020-01-01,21,101,36,2,160,1875,179
17780,"College Station-Bryan, TX",2020-02-01,29,116,30,4,179,2054,208
17780,"College Station-Bryan, TX",2020-03-01,35,141,44,3,223,2277,243
17780,"College Station-Bryan, TX",2020-04-01,77,307,78,11,473,2750,320
17780,"College Station-Bryan, TX",2020-05-01,190,308,66,9,573,3323,510
17780,"College Station-Bryan, TX",2020-06-01,113,261,63,6,443,3766,623
17780,"College Station-Bryan, TX",2020-07-01,181,401,83,10,675,4441,804
17780,"College Station-Bryan, TX",2020-08-01,223,411,86,11,731,5172,1027
17780,"College Station-Bryan, TX",2020-09-01,262,401,70,5,738,5910,1289
17780,"College Station-Bryan, TX",2020-10-01,142,292,63,14,511,6421,1431
17780,"College Station-Bryan, TX",2020-11-01,65,141,28,2,236,6657,1496
17780,"College Station-Bryan, TX",2020-12-01,101,161,57,5,324,6981,1597
17780,"College Station-Bryan, TX",2021-01-01,258,311,96,19,684,7665,1855
17780,"College Station-Bryan, TX",2021-02-01,214,315,60,3,592,8257,2069
17780,"College Station-Bryan, TX",2021-03-01,335,387,107,19,848,9105,2404
17780,"College Station-Bryan, TX",2021-04-01,351,468,74,14,907,10012,2755
17780,"College Station-Bryan, TX",2021-05-01,320,470,81,16,887,10899,3075
17780,"College Station-Bryan, TX",2021-06-01,153,269,60,15,497,11396,3228
17780,"College Station-Bryan, TX",2021-07-01,73,137,30,4,244,11640,3301
17780,"College Station-Bryan, TX",2021-08-01,160,259,61,12,492,12132,3461
17780,"College Station-Bryan, TX",2021-09-01,169,219,60,8,456,12588,3630
17780,"College Station-Bryan, TX",2021-10-01,108,203,71,11,393,12981,3738
17780,"College Station-Bryan, TX",2021-11-01,98,135,53,6,292,13273,3836
17780,"College Station-Bryan, TX",2021-12-01,177,212,67,13,469,13742,4013
17780,"College Station-Bryan, TX",2022-01-01,174,229,68,13,484,14226,4187
17780,"College Station-Bryan, TX",2022-02-01,143,183,45,16,387,14613,4330
17780,"College Station-Bryan, TX",2022-03-01,211,211,71,10,503,15116,4541
17780,"College Station-Bryan, TX",2022-04-01,176,216,62,6,460,15576,4717
17780,"College Station-Bryan, TX",2022-05-01,127,147,67,5,346,15922,4844
17780,"College Station-Bryan, TX",2022-06-01,111,114,46,3,274,16196,4955
17780,"College Station-Bryan, TX",2022-07-01,104,128,42,6,280,16476,5059
17780,"College Station-Bryan, TX",2022-08-01,234,221,87,6,548,17024,5293
17780,"College Station-Bryan, TX",2022-09-01,340,398,86,8,832,17856,5633
17780,"College Station-Bryan, TX",2022-10-01,232,226,65,5,528,18384,5865
17780,"College Station-Bryan, TX",2022-11-01,285,250,91,8,634,19018,6150
17780,"College Station-Bryan, TX",2022-12-01,290,255,81,13,639,19657,6440
17780,"College Station-Bryan, TX",2023-01-01,269,206,80,10,565,20222,6709
17780,"College Station-Bryan, TX",2023-02-01,273,224,68,10,575,20797,6982
17780,"College Station-Bryan, TX",2023-03-01,336,252,77,10,675,21472,7318
17780,"College Station-Bryan, TX",2023-04-01,182,204,59,6,451,21923,7500
17780,"College Station-Bryan, TX",2023-05-01,103,92,29,4,228,22151,7603
17780,"College Station-Bryan, TX",2023-06-01,80,70,29,2,181,22332,7683
17780,"College Station-Bryan, TX",2023-07-01,60,80,22,3,165,22497,7743
17780,"College Station-Bryan, TX",2023-08-01,124,121,36,3,284,22781,7867
17780,"College Station-Bryan, TX",2023-09-01,303,207,61,4,575,23356,8170
17780,"College Station-Bryan, TX",2023-10-01,268,209,59,6,542,23898,8438
17780,"College Station-Bryan, TX",2023-11-01,305,206,64,3,578,24476,8743
17780,"College Station-Bryan, TX",2023-12-01,296,190,71,5,562,25038,9039
17780,"College Station-Bryan, TX",2024-01-01,279,199,54,11,543,25581,9318
17780,"College Station-Bryan, TX",2024-02-01,321,176,44,3,544,26125,9639
17780,"College Station-Bryan, TX",2024-03-01,288,171,55,5,519,26644,9927
17780,"College Station-Bryan, TX",2024-04-01,266,153,39,7,465,27109,10193
17780,"College Station-Bryan, TX",2024-05-01,212,160,37,7,416,27525,10405
17780,"College Station-Bryan, TX",2024-06-01,145,126,40,4,315,27840,10550
17780,"College Station-Bryan, TX",2024-07-01,123,101,32,3,259,28099,10673
17780,"College Station-Bryan, TX",2024-08-01,137,136,29,5,307,28406,10810
17780,"College Station-Bryan, TX",2024-09-01,252,169,65,5,491,28897,11062
17780,"College Station-Bryan, TX",2024-10-01,335,189,43,8,575,29472,11397
17780,"College Station-Bryan, TX",2024-11-01,260,189,44,3,496,29968,11657
17780,"College Station-Bryan, TX",2024-12-01,238,197,48,8,491,30459,11895
17780,"College Station-Bryan, TX",2025-01-01,237,109,47,4,397,30856,12132
17780,"College Station-Bryan, TX",2025-02-01,246,112,31,4,393,31249,12378
17780,"College Station-Bryan, TX",2025-03-01,246,149,36,3,434,31683,12624
17780,"College Station-Bryan, TX",2025-04-01,248,136,39,4,427,32110,12872
17780,"College Station-Bryan, TX",2025-05-01,305,154,47,6,512,32622,13177
17780,"College Station-Bryan, TX",2025-06-01,214,161,46,7,428,33050,13391
17780,"College Station-Bryan, TX",2025-07-01,143,119,36,2,300,33350,13534
17780,"College Station-Bryan, TX",2025-08-01,182,115,37,3,337,33687,13716
17780,"College Station-Bryan, TX",2025-09-01,10,4,0,0,14,33701,13726
36540,"Omaha, NE-IA",2019-01-01,1,109,26,2,138,138,1
36540,"Omaha, NE-IA",2019-02-01,7,111,41,1,160,298,8
36540,"Omaha, NE-IA",2019-03-01,8,171,39,4,222,520,16
36540,"Omaha, NE-IA",2019-04-01,7,164,55,1,227,747,23
36540,"Omaha, NE-IA",2019-05-01,10,224,29,1,264,1011,33
36540,"Omaha, NE-IA",2019-06-01,21,209,34,3,267,1278,54
36540,"Omaha, NE-IA",2019-07-01,20,185,32,3,240,1518,74
36540,"Omaha, NE-IA",2019-08-01,10,155,22,5,192,1710,84
36540,"Omaha, NE-IA",2019-09-01,13,141,36,4,194,1904,97
36540,"Omaha, NE-IA",2019-10-01,12,113,30,1,156,2060,109
36540,"Omaha, NE-IA",2019-11-01,28,152,34,3,217,2277,137
36540,"Omaha, NE-IA",2019-12-01,17,135,27,2,181,2458,154
36540,"Omaha, NE-IA",2020-01-01,36,212,38,6,292,2750,190
36540,"Omaha, NE-IA",2020-02-01,21,161,34,1,217,2967,211
36540,"Omaha, NE-IA",2020-03-01,36,198,61,4,299,3266,247
36540,"Omaha, NE-IA",2020-04-01,196,530,124,18,868,4134,443
36540,"Omaha, NE-IA",2020-05-01,244,461,106,10,821,4955,687
36540,"Omaha, NE-IA",2020-06-01,233,484,77,7,801,5756,920
36540,"Omaha, NE-IA",2020-07-01,206,535,112,2,855,6611,1126
36540,"Omaha, NE-IA",2020-08-01,142,628,135,10,915,7526,1268
36540,"Omaha, NE-IA",2020-09-01,163,546,123,8,840,8366,1431
36540,"Omaha, NE-IA",2020-10-01,161,458,103,9,731,9097,1592
36540,"Omaha, NE-IA",2020-11-01,125,319,79,4,527,9624,1717
36540,"Omaha, NE-IA",2020-12-01,126,231,46,6,409,10033,1843
36540,"Omaha, NE-IA",2021-01-01,304,619,140,7,1070,11103,2147
36540,"Omaha, NE-IA",2021-02-01,223,539,122,13,897,12000,2370
36540,"Omaha, NE-IA",2021-03-01,345,532,117,15,1009,13009,2715
36540,"Omaha, NE-IA",2021-04-01,201,463,98,7,769,13778,2916
36540,"Omaha, NE-IA",2021-05-01,167,366,47,9,589,14367,3083
36540,"Omaha, NE-IA",2021-06-01,241,526,106,13,886,15253,3324
36540,"Omaha, NE-IA",2021-07-01,129,299,47,8,483,15736,3453
36540,"Omaha, NE-IA",2021-08-01,203,500,112,13,828,16564,3656
36540,"Omaha, NE-IA",2021-09-01,221,582,156,17,976,17540,3877
36540,"Omaha, NE-IA",2021-10-01,153,403,109,8,673,18213,4030
36540,"Omaha, NE-IA",2021-11-01,172,387,81,9,649,18862,4202
36540,"Omaha, NE-IA",2021-12-01,353,612,158,10,1133,19995,4555
36540,"Omaha, NE-IA",2022-01-01,362,680,175,11,1228,21223,4917
36540,"Omaha, NE-IA",2022-02-01,203,424,110,10,747,21970,5120
36540,"Omaha, NE-IA",2022-03-01,310,570,162,14,1056,23026,5430
36540,"Omaha, NE-IA",2022-04-01,236,448,103,10,797,23823,5666
36540,"Omaha, NE-IA",2022-05-01,319,460,120,12,911,24734,5985
36540,"Omaha, NE-IA",2022-06-01,152,260,68,3,483,25217,6137
36540,"Omaha, NE-IA",2022-07-01,234,354,94,5,687,25904,6371
36540,"Omaha, NE-IA",2022-08-01,173,347,86,7,613,26517,6544
36540,"Omaha, NE-IA",2022-09-01,168,379,105,6,658,27175,6712
36540,"Omaha, NE-IA",2022-10-01,221,388,98,10,717,27892,6933
36540,"Omaha, NE-IA",2022-11-01,234,403,98,11,746,28638,7167
36540,"Omaha, NE-IA",2022-12-01,304,406,108,6,824,29462,7471
36540,"Omaha, NE-IA",2023-01-01,314,460,110,7,891,30353,7785
36540,"Omaha, NE-IA",2023-02-01,276,412,129,10,827,31180,8061
36540,"Omaha, NE-IA",2023-03-01,334,521,153,16,1024,32204,8395
36540,"Omaha, NE-IA",2023-04-01,259,408,116,12,795,32999,8654
36540,"Omaha, NE-IA",2023-05-01,199,255,65,4,523,33522,8853
36540,"Omaha, NE-IA",2023-06-01,94,144,35,0,273,33795,8947
36540,"Omaha, NE-IA",2023-07-01,152,256,68,1,477,34272,9099
36540,"Omaha, NE-IA",2023-08-01,278,417,131,17,843,35115,9377
36540,"Omaha, NE-IA",2023-09-01,270,419,100,7,796,35911,9647
36540,"Omaha, NE-IA",2023-10-01,268,452,102,5,827,36738,9915
36540,"Omaha, NE-IA",2023-11-01,282,401,129,10,822,37560,10197
36540,"Omaha, NE-IA",2023-12-01,383,405,122,10,920,38480,10580
36540,"Omaha, NE-IA",2024-01-01,318,425,112,11,866,39346,10898
36540,"Omaha, NE-IA",2024-02-01,316,372,113,8,809,40155,11214
36540,"Omaha, NE-IA",2024-03-01,358,389,109,10,866,41021,11572
36540,"Omaha, NE-IA",2024-04-01,307,352,113,9,781,41802,11879
36540,"Omaha, NE-IA",2024-05-01,388,432,109,13,942,42744,12267
36540,"Omaha, NE-IA",2024-06-01,398,449,137,13,997,43741,12665
36540,"Omaha, NE-IA",2024-07-01,361,477,105,13,956,44697,13026
36540,"Omaha, NE-IA",2024-08-01,313,422,91,13,839,45536,13339
36540,"Omaha, NE-IA",2024-09-01,257,354,115,6,732,46268,13596
36540,"Omaha, NE-IA",2024-10-01,311,401,111,9,832,47100,13907
36540,"Omaha, NE-IA",2024-11-01,359,378,100,8,845,47945,14266
36540,"Omaha, NE-IA",2024-12-01,376,372,95,13,856,48801,14642
36540,"Omaha, NE-IA",2025-01-01,407,397,124,5,933,49734,15049
36540,"Omaha, NE-IA",2025-02-01,349,357,102,5,813,50547,15398
36540,"Omaha, NE-IA",2025-03-01,351,440,113,6,910,51457,15749
36540,"Omaha, NE-IA",2025-04-01,372,349,95,8,824,52281,16121
36540,"Omaha, NE-IA",2025-05-01,381,378,100,14,873,53154,16502
36540,"Omaha, NE-IA",2025-06-01,450,363,87,11,911,54065,16952
36540,"Omaha, NE-IA",2025-07-01,421,379,114,8,922,54987,17373
36540,"Omaha, NE-IA",2025-08-01,312,321,78,11,722,55709,17685
36540,"Omaha, NE-IA",2025-09-01,6,10,5,0,21,55730,17691
34580,"Mount Vernon-Anacortes, WA",2019-01-01,0,7,3,0,10,10,0
34580,"Mount Vernon-Anacortes, WA",2019-02-01,1,21,2,0,24,34,1
34580,"Mount Vernon-Anacortes, WA",2019-03-01,0,12,5,0,17,51,1
34580,"Mount Vernon-Anacortes, WA",2019-04-01,0,16,3,0,19,70,1
34580,"Mount Vernon-Anacortes, WA",2019-05-01,2,22,4,0,28,98,3
34580,"Mount Vernon-Anacortes, WA",2019-06-01,1,19,4,0,24,122,4
34580,"Mount Vernon-Anacortes, WA",2019-07-01,3,23,8,0,34,156,7
34580,"Mount Vernon-Anacortes, WA",2019-08-01,3,26,6,3,38,194,10
34580,"Mount Vernon-Anacortes, WA",2019-09-01,2,24,2,1,29,223,12
34580,"Mount Vernon-Anacortes, WA",2019-10-01,7,32,3,0,42,265,19
34580,"Mount Vernon-Anacortes, WA",2019-11-01,2,21,0,0,23,288,21
34580,"Mount Vernon-Anacortes, WA",2019-12-01,0,24,1,3,28,316,21
34580,"Mount Vernon-Anacortes, WA",2020-01-01,6,25,7,1,39,355,27
34580,"Mount Vernon-Anacortes, WA",2020-02-01,5,17,6,0,28,383,32
34580,"Mount Vernon-Anacortes, WA",2020-03-01,8,29,9,1,47,430,40
34580,"Mount Vernon-Anacortes, WA",2020-04-01,9,40,16,2,67,497,49
34580,"Mount Vernon-Anacortes, WA",2020-05-01,19,61,19,2,101,598,68
34580,"Mount Vernon-Anacortes, WA",2020-06-01,22,55,9,1,87,685,90
34580,"Mount Vernon-Anacortes, WA",2020-07-01,17,53,14,0,84,769,107
34580,"Mount Vernon-Anacortes, WA",2020-08-01,27,65,11,0,103,872,134
34580,"Mount Vernon-Anacortes, WA",2020-09-01,17,74,16,1,108,980,151
34580,"Mount Vernon-Anacortes, WA",2020-10-01,12,65,12,1,90,1070,163
34580,"Mount Vernon-Anacortes, WA",2020-11-01,19,59,8,4,90,1160,182
34580,"Mount Vernon-Anacortes, WA",2020-12-01,29,59,10,0,98,1258,211
34580,"Mount Vernon-Anacortes, WA",2021-01-01,40,88,19,1,148,1406,251
34580,"Mount Vernon-Anacortes, WA",2021-02-01,27,41,9,1,78,1484,278
34580,"Mount Vernon-Anacortes, WA",2021-03-01,29,67,16,2,114,1598,307
34580,"Mount Vernon-Anacortes, WA",2021-04-01,22,42,9,2,75,1673,329
34580,"Mount Vernon-Anacortes, WA",2021-05-01,23,68,15,1,107,1780,352
34580,"Mount Vernon-Anacortes, WA",2021-06-01,26,80,5,2,113,1893,378
34580,"Mount Vernon-Anacortes, WA",2021-07-01,25,99,20,3,147,2040,403
34580,"Mount Vernon-Anacortes, WA",2021-08-01,27,97,34,5,163,2203,430
34580,"Mount Vernon-Anacortes, WA",2021-09-01,22,88,22,3,135,2338,452
34580,"Mount Vernon-Anacortes, WA",2021-10-01,34,74,17,4,129,2467,486
34580,"Mount Vernon-Anacortes, WA",2021-11-01,23,85,24,1,133,2600,509
34580,"Mount Vernon-Anacortes, WA",2021-12-01,30,59,20,0,109,2709,539
34580,"Mount Vernon-Anacortes, WA",2022-01-01,38,106,24,2,170,2879,577
34580,"Mount Vernon-Anacortes, WA",2022-02-01,25,68,16,1,110,2989,602
34580,"Mount Vernon-Anacortes, WA",2022-03-01,30,69,17,3,119,3108,632
34580,"Mount Vernon-Anacortes, WA",2022-04-01,21,66,24,2,113,3221,653
34580,"Mount Vernon-Anacortes, WA",2022-05-01,22,59,16,3,100,3321,675
34580,"Mount Vernon-Anacortes, WA",2022-06-01,21,34,13,1,69,3390,696
34580,"Mount Vernon-Anacortes, WA",2022-07-01,23,62,14,0,99,3489,719
34580,"Mount Vernon-Anacortes, WA",2022-08-01,20,45,13,2,80,3569,739
34580,"Mount Vernon-Anacortes, WA",2022-09-01,20,52,12,2,86,3655,759
34580,"Mount Vernon-Anacortes, WA",2022-10-01,16,53,15,4,88,3743,775
34580,"Mount Vernon-Anacortes, WA",2022-11-01,27,50,23,2,102,3845,802
34580,"Mount Vernon-Anacortes, WA",2022-12-01,25,47,16,1,89,3934,827
34580,"Mount Vernon-Anacortes, WA",2023-01-01,28,55,15,0,98,4032,855
34580,"Mount Vernon-Anacortes, WA",2023-02-01,17,39,12,1,69,4101,872
34580,"Mount Vernon-Anacortes, WA",2023-03-01,28,44,9,2,83,4184,900
34580,"Mount Vernon-Anacortes, WA",2023-04-01,16,35,18,1,70,4254,916
34580,"Mount Vernon-Anacortes, WA",2023-05-01,15,33,9,2,59,4313,931
34580,"Mount Vernon-Anacortes, WA",2023-06-01,31,32,20,1,84,4397,962
34580,"Mount Vernon-Anacortes, WA",2023-07-01,27,48,16,2,93,4490,989
34580,"Mount Vernon-Anacortes, WA",2023-08-01,27,40,21,2,90,4580,1016
34580,"Mount Vernon-Anacortes, WA",2023-09-01,36,53,22,1,112,4692,1052
34580,"Mount Vernon-Anacortes, WA",2023-10-01,27,58,25,1,111,4803,1079
34580,"Mount Vernon-Anacortes, WA",2023-11-01,49,52,17,1,119,4922,1128
34580,"Mount Vernon-Anacortes, WA",2023-12-01,33,42,18,1,94,5016,1161
34580,"Mount Vernon-Anacortes, WA",2024-01-01,43,59,19,2,123,5139,1204
34580,"Mount Vernon-Anacortes, WA",2024-02-01,30,43,16,3,92,5231,1234
34580,"Mount Vernon-Anacortes, WA",2024-03-01,28,60,18,1,107,5338,1262
34580,"Mount Vernon-Anacortes, WA",2024-04-01,30,52,11,2,95,5433,1292
34580,"Mount Vernon-Anacortes, WA",2024-05-01,25,55,12,1,93,5526,1317
34580,"Mount Vernon-Anacortes, WA",2024-06-01,14,28,8,0,50,5576,1331
34580,"Mount Vernon-Anacortes, WA",2024-07-01,8,14,5,0,27,5603,1339
34580,"Mount Vernon-Anacortes, WA",2024-08-01,13,40,4,0,57,5660,1352
34580,"Mount Vernon-Anacortes, WA",2024-09-01,37,44,10,2,93,5753,1389
34580,"Mount Vernon-Anacortes, WA",2024-10-01,44,75,24,0,143,5896,1433
34580,"Mount Vernon-Anacortes, WA",2024-11-01,47,49,14,0,110,6006,1480
34580,"Mount Vernon-Anacortes, WA",2024-12-01,50,60,11,1,122,6128,1530
34580,"Mount Vernon-Anacortes, WA",2025-01-01,35,39,9,2,85,6213,1565
34580,"Mount Vernon-Anacortes, WA",2025-02-01,17,33,8,1,59,6272,1582
34580,"Mount Vernon-Anacortes, WA",2025-03-01,19,28,7,2,56,6328,1601
34580,"Mount Vernon-Anacortes, WA",2025-04-01,17,21,6,0,44,6372,1618
34580,"Mount Vernon-Anacortes, WA",2025-05-01,16,27,7,1,51,6423,1634
34580,"Mount Vernon-Anacortes, WA",2025-06-01,9,19,6,0,34,6457,1643
34580,"Mount Vernon-Anacortes, WA",2025-07-01,14,29,8,1,52,6509,1657
34580,"Mount Vernon-Anacortes, WA",2025-08-01,9,10,2,0,21,6530,1666
49300,"Wooster, OH",2019-01-01,0,2,1,0,3,3,0
49300,"Wooster, OH",2019-02-01,0,12,3,0,15,18,0
49300,"Wooster, OH",2019-03-01,2,10,7,1,20,38,2
49300,"Wooster, OH",2019-04-01,1,15,6,1,23,61,3
49300,"Wooster, OH",2019-05-01,1,15,7,1,24,85,4
49300,"Wooster, OH",2019-06-01,1,14,4,0,19,104,5
49300,"Wooster, OH",2019-07-01,3,18,4,2,27,131,8
49300,"Wooster, OH",2019-08-01,3,22,4,1,30,161,11
49300,"Wooster, OH",2019-09-01,1,14,3,0,18,179,12
49300,"Wooster, OH",2019-10-01,1,19,8,0,28,207,13
49300,"Wooster, OH",2019-11-01,4,18,6,0,28,235,17
49300,"Wooster, OH",2019-12-01,3,17,5,0,25,260,20
49300,"Wooster, OH",2020-01-01,3,13,11,0,27,287,23
49300,"Wooster, OH",2020-02-01,1,13,7,1,22,309,24
49300,"Wooster, OH",2020-03-01,6,18,6,0,30,339,30
49300,"Wooster, OH",2020-04-01,17,30,13,4,64,403,47
49300,"Wooster, OH",2020-05-01,30,38,12,2,82,485,77
49300,"Wooster, OH",2020-06-01,12,39,10,0,61,546,89
49300,"Wooster, OH",2020-07-01,17,37,9,2,65,611,106
49300,"Wooster, OH",2020-08-01,16,49,14,2,81,692,122
49300,"Wooster, OH",2020-09-01,7,48,17,2,74,766,129
49300,"Wooster, OH",2020-10-01,12,30,12,2,56,822,141
49300,"Wooster, OH",2020-11-01,7,23,10,0,40,862,148
49300,"Wooster, OH",2020-12-01,16,34,8,0,58,920,164
49300,"Wooster, OH",2021-01-01,29,49,11,0,89,1009,193
49300,"Wooster, OH",2021-02-01,32,50,13,1,96,1105,225
49300,"Wooster, OH",2021-03-01,16,51,6,2,75,1180,241
49300,"Wooster, OH",2021-04-01,21,31,9,1,62,1242,262
49300,"Wooster, OH",2021-05-01,17,66,17,0,100,1342,279
49300,"Wooster, OH",2021-06-01,20,59,19,3,101,1443,299
49300,"Wooster, OH",2021-07-01,22,41,15,1,79,1522,321
49300,"Wooster, OH",2021-08-01,11,44,7,0,62,1584,332
49300,"Wooster, OH",2021-09-01,16,39,19,1,75,1659,348
49300,"Wooster, OH",2021-10-01,18,44,15,1,78,1737,366
49300,"Wooster, OH",2021-11-01,14,47,16,1,78,1815,380
49300,"Wooster, OH",2021-12-01,23,61,12,1,97,1912,403
49300,"Wooster, OH",2022-01-01,32,65,16,2,115,2027,435
49300,"Wooster, OH",2022-02-01,24,39,14,1,78,2105,459
49300,"Wooster, OH",2022-03-01,16,46,13,3,78,2183,475
49300,"Wooster, OH",2022-04-01,26,54,19,1,100,2283,501
49300,"Wooster, OH",2022-05-01,36,36,14,1,87,2370,537
49300,"Wooster, OH",2022-06-01,18,29,14,1,62,2432,555
49300,"Wooster, OH",2022-07-01,23,38,17,0,78,2510,578
49300,"Wooster, OH",2022-08-01,18,35,10,0,63,2573,596
49300,"Wooster, OH",2022-09-01,27,37,15,1,80,2653,623
49300,"Wooster, OH",2022-10-01,28,41,15,3,87,2740,651
49300,"Wooster, OH",2022-11-01,26,41,12,1,80,2820,677
49300,"Wooster, OH",2022-12-01,27,48,17,2,94,2914,704
49300,"Wooster, OH",2023-01-01,40,33,16,5,94,3008,744
49300,"Wooster, OH",2023-02-01,30,40,17,4,91,3099,774
49300,"Wooster, OH",2023-03-01,39,53,21,1,114,3213,813
49300,"Wooster, OH",2023-04-01,28,41,8,1,78,3291,841
49300,"Wooster, OH",2023-05-01,29,28,15,1,73,3364,870
49300,"Wooster, OH",2023-06-01,25,22,7,1,55,3419,895
49300,"Wooster, OH",2023-07-01,18,40,9,1,68,3487,913
49300,"Wooster, OH",2023-08-01,24,29,11,0,64,3551,937
49300,"Wooster, OH",2023-09-01,27,32,9,1,69,3620,964
49300,"Wooster, OH",2023-10-01,34,46,18,1,99,3719,998
49300,"Wooster, OH",2023-11-01,42,67,19,0,128,3847,1040
49300,"Wooster, OH",2023-12-01,45,42,11,2,100,3947,1085
49300,"Wooster, OH",2024-01-01,46,48,20,1,115,4062,1131
49300,"Wooster, OH",2024-02-01,51,32,20,2,105,4167,1182
49300,"Wooster, OH",2024-03-01,53,54,15,1,123,4290,1235
49300,"Wooster, OH",2024-04-01,53,40,13,2,108,4398,1288
49300,"Wooster, OH",2024-05-01,14,30,10,0,54,4452,1302
49300,"Wooster, OH",2024-06-01,16,18,3,0,37,4489,1318
49300,"Wooster, OH",2024-07-01,18,24,7,1,50,4539,1336
49300,"Wooster, OH",2024-08-01,23,36,5,2,66,4605,1359
49300,"Wooster, OH",2024-09-01,32,30,9,0,71,4676,1391
49300,"Wooster, OH",2024-10-01,28,36,13,2,79,4755,1419
49300,"Wooster, OH",2024-11-01,38,32,14,0,84,4839,1457
49300,"Wooster, OH",2024-12-01,38,39,10,2,89,4928,1495
49300,"Wooster, OH",2025-01-01,33,46,20,3,102,5030,1528
49300,"Wooster, OH",2025-02-01,41,27,8,0,76,5106,1569
49300,"Wooster, OH",2025-03-01,37,24,11,2,74,5180,1606
49300,"Wooster, OH",2025-04-01,37,41,10,1,89,5269,1643
49300,"Wooster, OH",2025-05-01,37,19,9,2,67,5336,1680
49300,"Wooster, OH",2025-06-01,46,36,9,0,91,5427,1726
49300,"Wooster, OH",2025-07-01,24,29,7,1,61,5488,1750
49300,"Wooster, OH",2025-08-01,21,25,8,1,55,5543,1771
49300,"Wooster, OH",2025-09-01,2,2,0,0,4,5547,1773
21020,"Elizabeth City, NC",2019-01-01,0,5,2,0,7,7,0
21020,"Elizabeth City, NC",2019-02-01,0,4,4,0,8,15,0
21020,"Elizabeth City, NC",2019-03-01,2,8,4,0,14,29,2
21020,"Elizabeth City, NC",2019-04-01,0,10,3,0,13,42,2
21020,"Elizabeth City, NC",2019-05-01,0,5,3,0,8,50,2
21020,"Elizabeth City, NC",2019-06-01,0,13,7,0,20,70,2
21020,"Elizabeth City, NC",2019-07-01,0,9,6,0,15,85,2
21020,"Elizabeth City, NC",2019-08-01,0,7,6,0,13,98,2
21020,"Elizabeth City, NC",2019-09-01,1,14,4,0,19,117,3
21020,"Elizabeth City, NC",2019-10-01,3,14,2,0,19,136,6
21020,"Elizabeth City, NC",2019-11-01,3,12,7,0,22,158,9
21020,"Elizabeth City, NC",2019-12-01,2,15,3,1,21,179,11
21020,"Elizabeth City, NC",2020-01-01,0,13,5,1,19,198,11
21020,"Elizabeth City, NC",2020-02-01,4,7,0,0,11,209,15
21020,"Elizabeth City, NC",2020-03-01,4,20,3,1,28,237,19
21020,"Elizabeth City, NC",2020-04-01,9,30,4,1,44,281,28
21020,"Elizabeth City, NC",2020-05-01,13,34,6,1,54,335,41
21020,"Elizabeth City, NC",2020-06-01,10,30,5,0,45,380,51
21020,"Elizabeth City, NC",2020-07-01,7,35,2,2,46,426,58
21020,"Elizabeth City, NC",2020-08-01,14,39,13,1,67,493,72
21020,"Elizabeth City, NC",2020-09-01,9,40,3,4,56,549,81
21020,"Elizabeth City, NC",2020-10-01,5,20,3,1,29,578,86
21020,"Elizabeth City, NC",2020-11-01,11,21,2,0,34,612,97
21020,"Elizabeth City, NC",2020-12-01,11,31,4,1,47,659,108
21020,"Elizabeth City, NC",2021-01-01,12,34,5,1,52,711,120
21020,"Elizabeth City, NC",2021-02-01,14,32,4,0,50,761,134
21020,"Elizabeth City, NC",2021-03-01,20,37,4,0,61,822,154
21020,"Elizabeth City, NC",2021-04-01,19,48,9,0,76,898,173
21020,"Elizabeth City, NC",2021-05-01,19,40,9,0,68,966,192
21020,"Elizabeth City, NC",2021-06-01,20,49,18,1,88,1054,212
21020,"Elizabeth City, NC",2021-07-01,11,39,8,1,59,1113,223
21020,"Elizabeth City, NC",2021-08-01,19,37,6,0,62,1175,242
21020,"Elizabeth City, NC",2021-09-01,18,33,11,2,64,1239,260
21020,"Elizabeth City, NC",2021-10-01,7,26,7,0,40,1279,267
21020,"Elizabeth City, NC",2021-11-01,10,31,6,1,48,1327,277
21020,"Elizabeth City, NC",2021-12-01,25,37,10,0,72,1399,302
21020,"Elizabeth City, NC",2022-01-01,23,47,10,3,83,1482,325
21020,"Elizabeth City, NC",2022-02-01,17,26,14,1,58,1540,342
21020,"Elizabeth City, NC",2022-03-01,23,42,10,1,76,1616,365
21020,"Elizabeth City, NC",2022-04-01,13,30,9,2,54,1670,378
21020,"Elizabeth City, NC",2022-05-01,18,32,13,2,65,1735,396
21020,"Elizabeth City, NC",2022-06-01,8,24,8,0,40,1775,404
21020,"Elizabeth City, NC",2022-07-01,8,24,10,0,42,1817,412
21020,"Elizabeth City, NC",2022-08-01,21,47,11,0,79,1896,433
21020,"Elizabeth City, NC",2022-09-01,16,31,9,1,57,1953,449
21020,"Elizabeth City, NC",2022-10-01,12,25,12,1,50,2003,461
21020,"Elizabeth City, NC",2022-11-01,13,28,12,0,53,2056,474
21020,"Elizabeth City, NC",2022-12-01,17,20,12,1,50,2106,491
21020,"Elizabeth City, NC",2023-01-01,18,29,9,1,57,2163,509
21020,"Elizabeth City, NC",2023-02-01,18,33,10,0,61,2224,527
21020,"Elizabeth City, NC",2023-03-01,28,37,9,0,74,2298,555
21020,"Elizabeth City, NC",2023-04-01,25,31,8,0,64,2362,580
21020,"Elizabeth City, NC",2023-05-01,9,39,9,1,58,2420,589
21020,"Elizabeth City, NC",2023-06-01,16,16,10,1,43,2463,605
21020,"Elizabeth City, NC",2023-07-01,16,30,9,0,55,2518,621
21020,"Elizabeth City, NC",2023-08-01,9,17,10,0,36,2554,630
21020,"Elizabeth City, NC",2023-09-01,13,23,10,0,46,2600,643
21020,"Elizabeth City, NC",2023-10-01,21,20,12,0,53,2653,664
21020,"Elizabeth City, NC",2023-11-01,29,34,13,4,80,2733,693
21020,"Elizabeth City, NC",2023-12-01,37,35,9,2,83,2816,730
21020,"Elizabeth City, NC",2024-01-01,28,36,13,3,80,2896,758
21020,"Elizabeth City, NC",2024-02-01,23,27,11,0,61,2957,781
21020,"Elizabeth City, NC",2024-03-01,32,26,8,1,67,3024,813
21020,"Elizabeth City, NC",2024-04-01,27,23,11,2,63,3087,840
21020,"Elizabeth City, NC",2024-05-01,15,19,3,0,37,3124,855
21020,"Elizabeth City, NC",2024-06-01,20,18,8,0,46,3170,875
21020,"Elizabeth City, NC",2024-07-01,25,26,17,1,69,3239,900
21020,"Elizabeth City, NC",2024-08-01,29,43,14,1,87,3326,929
21020,"Elizabeth City, NC",2024-09-01,27,33,14,2,76,3402,956
21020,"Elizabeth City, NC",2024-10-01,29,29,13,1,72,3474,985
21020,"Elizabeth City, NC",2024-11-01,20,39,12,0,71,3545,1005
21020,"Elizabeth City, NC",2024-12-01,35,29,12,1,77,3622,1040
21020,"Elizabeth City, NC",2025-01-01,37,21,8,1,67,3689,1077
21020,"Elizabeth City, NC",2025-02-01,30,22,8,0,60,3749,1107
21020,"Elizabeth City, NC",2025-03-01,34,29,11,0,74,3823,1141
21020,"Elizabeth City, NC",2025-04-01,38,32,8,1,79,3902,1179
21020,"Elizabeth City, NC",2025-05-01,24,33,10,1,68,3970,1203
21020,"Elizabeth City, NC",2025-06-01,31,32,17,2,82,4052,1234
21020,"Elizabeth City, NC",2025-07-01,22,33,11,0,66,4118,1256
21020,"Elizabeth City, NC",2025-08-01,32,22,9,3,66,4184,1288
21020,"Elizabeth City, NC",2025-09-01,1,0,0,0,1,4185,1289
37860,"Pensacola-Ferry Pass-Brent, FL",2019-01-01,2,53,11,1,67,67,2
37860,"Pensacola-Ferry Pass-Brent, FL",2019-02-01,1,54,18,1,74,141,3
37860,"Pensacola-Ferry Pass-Brent, FL",2019-03-01,2,52,19,1,74,215,5
37860,"Pensacola-Ferry Pass-Brent, FL",2019-04-01,4,70,12,4,90,305,9
37860,"Pensacola-Ferry Pass-Brent, FL",2019-05-01,5,87,22,2,116,421,14
37860,"Pensacola-Ferry Pass-Brent, FL",2019-06-01,3,68,17,0,88,509,17
37860,"Pensacola-Ferry Pass-Brent, FL",2019-07-01,5,89,27,4,125,634,22
37860,"Pensacola-Ferry Pass-Brent, FL",2019-08-01,4,98,21,3,126,760,26
37860,"Pensacola-Ferry Pass-Brent, FL",2019-09-01,3,88,21,5,117,877,29
37860,"Pensacola-Ferry Pass-Brent, FL",2019-10-01,6,53,11,3,73,950,35
37860,"Pensacola-Ferry Pass-Brent, FL",2019-11-01,5,69,20,2,96,1046,40
37860,"Pensacola-Ferry Pass-Brent, FL",2019-12-01,4,48,16,1,69,1115,44
37860,"Pensacola-Ferry Pass-Brent, FL",2020-01-01,8,70,27,1,106,1221,52
37860,"Pensacola-Ferry Pass-Brent, FL",2020-02-01,16,71,18,4,109,1330,68
37860,"Pensacola-Ferry Pass-Brent, FL",2020-03-01,9,100,25,2,136,1466,77
37860,"Pensacola-Ferry Pass-Brent, FL",2020-04-01,49,231,50,12,342,1808,126
37860,"Pensacola-Ferry Pass-Brent, FL",2020-05-01,80,360,77,9,526,2334,206
37860,"Pensacola-Ferry Pass-Brent, FL",2020-06-01,51,187,34,3,275,2609,257
37860,"Pensacola-Ferry Pass-Brent, FL",2020-07-01,89,312,70,13,484,3093,346
37860,"Pensacola-Ferry Pass-Brent, FL",2020-08-01,101,436,74,14,625,3718,447
37860,"Pensacola-Ferry Pass-Brent, FL",2020-09-01,73,306,79,5,463,4181,520
37860,"Pensacola-Ferry Pass-Brent, FL",2020-10-01,57,255,47,0,359,4540,577
37860,"Pensacola-Ferry Pass-Brent, FL",2020-11-01,51,180,47,4,282,4822,628
37860,"Pensacola-Ferry Pass-Brent, FL",2020-12-01,40,130,24,4,198,5020,668
37860,"Pensacola-Ferry Pass-Brent, FL",2021-01-01,138,376,80,12,606,5626,806
37860,"Pensacola-Ferry Pass-Brent, FL",2021-02-01,67,193,34,1,295,5921,873
37860,"Pensacola-Ferry Pass-Brent, FL",2021-03-01,142,346,70,8,566,6487,1015
37860,"Pensacola-Ferry Pass-Brent, FL",2021-04-01,131,446,79,7,663,7150,1146
37860,"Pensacola-Ferry Pass-Brent, FL",2021-05-01,160,506,92,7,765,7915,1306
37860,"Pensacola-Ferry Pass-Brent, FL",2021-06-01,115,457,110,10,692,8607,1421
37860,"Pensacola-Ferry Pass-Brent, FL",2021-07-01,84,226,47,5,362,8969,1505
37860,"Pensacola-Ferry Pass-Brent, FL",2021-08-01,73,280,74,5,432,9401,1578
37860,"Pensacola-Ferry Pass-Brent, FL",2021-09-01,106,348,77,16,547,9948,1684
37860,"Pensacola-Ferry Pass-Brent, FL",2021-10-01,53,150,37,3,243,10191,1737
37860,"Pensacola-Ferry Pass-Brent, FL",2021-11-01,41,124,38,0,203,10394,1778
37860,"Pensacola-Ferry Pass-Brent, FL",2021-12-01,89,202,46,4,341,10735,1867
37860,"Pensacola-Ferry Pass-Brent, FL",2022-01-01,103,274,49,7,433,11168,1970
37860,"Pensacola-Ferry Pass-Brent, FL",2022-02-01,80,185,46,5,316,11484,2050
37860,"Pensacola-Ferry Pass-Brent, FL",2022-03-01,181,443,102,12,738,12222,2231
37860,"Pensacola-Ferry Pass-Brent, FL",2022-04-01,152,356,90,12,610,12832,2383
37860,"Pensacola-Ferry Pass-Brent, FL",2022-05-01,138,358,96,7,599,13431,2521
37860,"Pensacola-Ferry Pass-Brent, FL",2022-06-01,73,207,52,4,336,13767,2594
37860,"Pensacola-Ferry Pass-Brent, FL",2022-07-01,98,240,63,9,410,14177,2692
37860,"Pensacola-Ferry Pass-Brent, FL",2022-08-01,158,327,86,11,582,14759,2850
37860,"Pensacola-Ferry Pass-Brent, FL",2022-09-01,144,287,87,4,522,15281,2994
37860,"Pensacola-Ferry Pass-Brent, FL",2022-10-01,109,227,79,6,421,15702,3103
37860,"Pensacola-Ferry Pass-Brent, FL",2022-11-01,169,324,89,10,592,16294,3272
37860,"Pensacola-Ferry Pass-Brent, FL",2022-12-01,162,271,82,13,528,16822,3434
37860,"Pensacola-Ferry Pass-Brent, FL",2023-01-01,178,286,93,12,569,17391,3612
37860,"Pensacola-Ferry Pass-Brent, FL",2023-02-01,165,253,85,18,521,17912,3777
37860,"Pensacola-Ferry Pass-Brent, FL",2023-03-01,182,342,123,9,656,18568,3959
37860,"Pensacola-Ferry Pass-Brent, FL",2023-04-01,156,262,96,9,523,19091,4115
37860,"Pensacola-Ferry Pass-Brent, FL",2023-05-01,88,130,37,5,260,19351,4203
37860,"Pensacola-Ferry Pass-Brent, FL",2023-06-01,80,161,54,10,305,19656,4283
37860,"Pensacola-Ferry Pass-Brent, FL",2023-07-01,143,248,81,8,480,20136,4426
37860,"Pensacola-Ferry Pass-Brent, FL",2023-08-01,101,161,57,8,327,20463,4527
37860,"Pensacola-Ferry Pass-Brent, FL",2023-09-01,66,146,42,6,260,20723,4593
37860,"Pensacola-Ferry Pass-Brent, FL",2023-10-01,89,153,38,5,285,21008,4682
37860,"Pensacola-Ferry Pass-Brent, FL",2023-11-01,108,175,52,6,341,21349,4790
37860,"Pensacola-Ferry Pass-Brent, FL",2023-12-01,116,202,54,7,379,21728,4906
37860,"Pensacola-Ferry Pass-Brent, FL",2024-01-01,210,283,107,11,611,22339,5116
37860,"Pensacola-Ferry Pass-Brent, FL",2024-02-01,198,235,90,11,534,22873,5314
37860,"Pensacola-Ferry Pass-Brent, FL",2024-03-01,228,259,85,8,580,23453,5542
37860,"Pensacola-Ferry Pass-Brent, FL",2024-04-01,152,234,75,7,468,23921,5694
37860,"Pensacola-Ferry Pass-Brent, FL",2024-05-01,175,219,89,5,488,24409,5869
37860,"Pensacola-Ferry Pass-Brent, FL",2024-06-01,173,258,77,10,518,24927,6042
37860,"Pensacola-Ferry Pass-Brent, FL",2024-07-01,174,276,91,12,553,25480,6216
37860,"Pensacola-Ferry Pass-Brent, FL",2024-08-01,173,289,76,9,547,26027,6389
37860,"Pensacola-Ferry Pass-Brent, FL",2024-09-01,112,183,69,5,369,26396,6501
37860,"Pensacola-Ferry Pass-Brent, FL",2024-10-01,176,222,95,10,503,26899,6677
37860,"Pensacola-Ferry Pass-Brent, FL",2024-11-01,187,274,99,14,574,27473,6864
37860,"Pensacola-Ferry Pass-Brent, FL",2024-12-01,165,241,87,9,502,27975,7029
37860,"Pensacola-Ferry Pass-Brent, FL",2025-01-01,197,259,100,15,571,28546,7226
37860,"Pensacola-Ferry Pass-Brent, FL",2025-02-01,179,202,81,8,470,29016,7405
37860,"Pensacola-Ferry Pass-Brent, FL",2025-03-01,174,192,87,10,463,29479,7579
37860,"Pensacola-Ferry Pass-Brent, FL",2025-04-01,197,208,86,9,500,29979,7776
37860,"Pensacola-Ferry Pass-Brent, FL",2025-05-01,203,244,100,14,561,30540,7979
37860,"Pensacola-Ferry Pass-Brent, FL",2025-06-01,221,259,111,9,600,31140,8200
37860,"Pensacola-Ferry Pass-Brent, FL",2025-07-01,189,274,96,9,568,31708,8389
37860,"Pensacola-Ferry Pass-Brent, FL",2025-08-01,177,219,69,10,475,32183,8566
37860,"Pensacola-Ferry Pass-Brent, FL",2025-09-01,2,6,5,0,13,32196,8568
16100,"Carlsbad-Artesia, NM",2019-01-01,0,1,0,0,1,1,0
16100,"Carlsbad-Artesia, NM",2019-02-01,0,2,1,0,3,4,0
16100,"Carlsbad-Artesia, NM",2019-03-01,0,3,0,0,3,7,0
16100,"Carlsbad-Artesia, NM",2019-04-01,0,2,0,0,2,9,0
16100,"Carlsbad-Artesia, NM",2019-05-01,0,3,2,0,5,14,0
16100,"Carlsbad-Artesia, NM",2019-06-01,0,10,5,1,16,30,0
16100,"Carlsbad-Artesia, NM",2019-07-01,0,15,1,0,16,46,0
16100,"Carlsbad-Artesia, NM",2019-08-01,2,19,2,0,23,69,2
16100,"Carlsbad-Artesia, NM",2019-09-01,1,19,4,0,24,93,3
16100,"Carlsbad-Artesia, NM",2019-10-01,2,17,7,0,26,119,5
16100,"Carlsbad-Artesia, NM",2019-11-01,0,16,3,0,19,138,5
16100,"Carlsbad-Artesia, NM",2019-12-01,3,19,5,0,27,165,8
16100,"Carlsbad-Artesia, NM",2020-01-01,1,13,1,0,15,180,9
16100,"Carlsbad-Artesia, NM",2020-02-01,2,11,4,0,17,197,11
16100,"Carlsbad-Artesia, NM",2020-03-01,4,18,4,0,26,223,15
16100,"Carlsbad-Artesia, NM",2020-04-01,7,22,2,2,33,256,22
16100,"Carlsbad-Artesia, NM",2020-05-01,14,46,9,2,71,327,36
16100,"Carlsbad-Artesia, NM",2020-06-01,15,37,10,0,62,389,51
16100,"Carlsbad-Artesia, NM",2020-07-01,16,53,16,2,87,476,67
16100,"Carlsbad-Artesia, NM",2020-08-01,15,52,12,1,80,556,82
16100,"Carlsbad-Artesia, NM",2020-09-01,12,36,7,0,55,611,94
16100,"Carlsbad-Artesia, NM",2020-10-01,12,40,12,1,65,676,106
16100,"Carlsbad-Artesia, NM",2020-11-01,12,35,6,1,54,730,118
16100,"Carlsbad-Artesia, NM",2020-12-01,5,26,2,1,34,764,123
16100,"Carlsbad-Artesia, NM",2021-01-01,10,43,14,0,67,831,133
16100,"Carlsbad-Artesia, NM",2021-02-01,10,34,7,0,51,882,143
16100,"Carlsbad-Artesia, NM",2021-03-01,13,39,12,0,64,946,156
16100,"Carlsbad-Artesia, NM",2021-04-01,9,32,7,0,48,994,165
16100,"Carlsbad-Artesia, NM",2021-05-01,16,54,9,0,79,1073,181
16100,"Carlsbad-Artesia, NM",2021-06-01,9,61,15,2,87,1160,190
16100,"Carlsbad-Artesia, NM",2021-07-01,16,59,5,0,80,1240,206
16100,"Carlsbad-Artesia, NM",2021-08-01,11,58,10,0,79,1319,217
16100,"Carlsbad-Artesia, NM",2021-09-01,10,48,12,0,70,1389,227
16100,"Carlsbad-Artesia, NM",2021-10-01,7,32,11,2,52,1441,234
16100,"Carlsbad-Artesia, NM",2021-11-01,11,30,11,1,53,1494,245
16100,"Carlsbad-Artesia, NM",2021-12-01,11,48,7,0,66,1560,256
16100,"Carlsbad-Artesia, NM",2022-01-01,11,50,11,3,75,1635,267
16100,"Carlsbad-Artesia, NM",2022-02-01,9,48,10,0,67,1702,276
16100,"Carlsbad-Artesia, NM",2022-03-01,14,52,16,0,82,1784,290
16100,"Carlsbad-Artesia, NM",2022-04-01,11,30,10,2,53,1837,301
16100,"Carlsbad-Artesia, NM",2022-05-01,6,38,7,3,54,1891,307
16100,"Carlsbad-Artesia, NM",2022-06-01,12,43,7,0,62,1953,319
16100,"Carlsbad-Artesia, NM",2022-07-01,19,39,20,1,79,2032,338
16100,"Carlsbad-Artesia, NM",2022-08-01,22,64,12,2,100,2132,360
16100,"Carlsbad-Artesia, NM",2022-09-01,11,48,8,0,67,2199,371
16100,"Carlsbad-Artesia, NM",2022-10-01,15,52,18,0,85,2284,386
16100,"Carlsbad-Artesia, NM",2022-11-01,19,34,13,0,66,2350,405
16100,"Carlsbad-Artesia, NM",2022-12-01,14,34,9,2,59,2409,419
16100,"Carlsbad-Artesia, NM",2023-01-01,18,50,13,1,82,2491,437
16100,"Carlsbad-Artesia, NM",2023-02-01,19,36,14,0,69,2560,456
16100,"Carlsbad-Artesia, NM",2023-03-01,29,58,15,2,104,2664,485
16100,"Carlsbad-Artesia, NM",2023-04-01,24,40,9,3,76,2740,509
16100,"Carlsbad-Artesia, NM",2023-05-01,14,39,4,4,61,2801,523
16100,"Carlsbad-Artesia, NM",2023-06-01,16,33,10,4,63,2864,539
16100,"Carlsbad-Artesia, NM",2023-07-01,29,42,21,1,93,2957,568
16100,"Carlsbad-Artesia, NM",2023-08-01,23,37,12,0,72,3029,591
16100,"Carlsbad-Artesia, NM",2023-09-01,18,39,13,0,70,3099,609
16100,"Carlsbad-Artesia, NM",2023-10-01,24,34,19,2,79,3178,633
16100,"Carlsbad-Artesia, NM",2023-11-01,28,42,9,1,80,3258,661
16100,"Carlsbad-Artesia, NM",2023-12-01,36,40,14,0,90,3348,697
16100,"Carlsbad-Artesia, NM",2024-01-01,29,63,13,1,106,3454,726
16100,"Carlsbad-Artesia, NM",2024-02-01,27,59,20,1,107,3561,753
16100,"Carlsbad-Artesia, NM",2024-03-01,28,64,13,0,105,3666,781
16100,"Carlsbad-Artesia, NM",2024-04-01,44,69,14,2,129,3795,825
16100,"Carlsbad-Artesia, NM",2024-05-01,21,49,13,0,83,3878,846
16100,"Carlsbad-Artesia, NM",2024-06-01,28,65,18,2,113,3991,874
16100,"Carlsbad-Artesia, NM",2024-07-01,18,46,10,1,75,4066,892
16100,"Carlsbad-Artesia, NM",2024-08-01,8,34,9,2,53,4119,900
16100,"Carlsbad-Artesia, NM",2024-09-01,25,65,12,2,104,4223,925
16100,"Carlsbad-Artesia, NM",2024-10-01,28,63,20,0,111,4334,953
16100,"Carlsbad-Artesia, NM",2024-11-01,28,47,16,1,92,4426,981
16100,"Carlsbad-Artesia, NM",2024-12-01,26,44,19,2,91,4517,1007
16100,"Carlsbad-Artesia, NM",2025-01-01,28,47,15,0,90,4607,1035
16100,"Carlsbad-Artesia, NM",2025-02-01,20,49,11,0,80,4687,1055
16100,"Carlsbad-Artesia, NM",2025-03-01,22,41,7,0,70,4757,1077
16100,"Carlsbad-Artesia, NM",2025-04-01,34,40,6,3,83,4840,1111
16100,"Carlsbad-Artesia, NM",2025-05-01,36,36,15,1,88,4928,1147
16100,"Carlsbad-Artesia, NM",2025-06-01,29,49,17,1,96,5024,1176
16100,"Carlsbad-Artesia, NM",2025-07-01,30,35,15,1,81,5105,1206
16100,"Carlsbad-Artesia, NM",2025-08-01,19,34,8,3,64,5169,1225
25620,"Hattiesburg, MS",2019-01-01,0,3,0,1,4,4,0
25620,"Hattiesburg, MS",2019-02-01,0,6,2,0,8,12,0
25620,"Hattiesburg, MS",2019-03-01,0,26,2,1,29,41,0
25620,"Hattiesburg, MS",2019-04-01,1,20,3,0,24,65,1
25620,"Hattiesburg, MS",2019-05-01,0,35,6,0,41,106,1
25620,"Hattiesburg, MS",2019-06-01,1,29,6,1,37,143,2
25620,"Hattiesburg, MS",2019-07-01,5,21,2,0,28,171,7
25620,"Hattiesburg, MS",2019-08-01,3,34,7,0,44,215,10
25620,"Hattiesburg, MS",2019-09-01,3,24,6,0,33,248,13
25620,"Hattiesburg, MS",2019-10-01,2,25,9,0,36,284,15
25620,"Hattiesburg, MS",2019-11-01,3,24,7,1,35,319,18
25620,"Hattiesburg, MS",2019-12-01,7,35,1,0,43,362,25
25620,"Hattiesburg, MS",2020-01-01,3,33,4,0,40,402,28
25620,"Hattiesburg, MS",2020-02-01,8,41,8,1,58,460,36
25620,"Hattiesburg, MS",2020-03-01,9,46,8,1,64,524,45
25620,"Hattiesburg, MS",2020-04-01,15,68,9,0,92,616,60
25620,"Hattiesburg, MS",2020-05-01,42,158,17,0,217,833,102
25620,"Hattiesburg, MS",2020-06-01,41,111,11,0,163,996,143
25620,"Hattiesburg, MS",2020-07-01,31,130,12,2,175,1171,174
25620,"Hattiesburg, MS",2020-08-01,53,206,26,2,287,1458,227
25620,"Hattiesburg, MS",2020-09-01,39,134,9,2,184,1642,266
25620,"Hattiesburg, MS",2020-10-01,26,100,14,0,140,1782,292
25620,"Hattiesburg, MS",2020-11-01,30,89,12,1,132,1914,322
25620,"Hattiesburg, MS",2020-12-01,28,79,9,0,116,2030,350
25620,"Hattiesburg, MS",2021-01-01,81,156,17,3,257,2287,431
25620,"Hattiesburg, MS",2021-02-01,44,124,12,1,181,2468,475
25620,"Hattiesburg, MS",2021-03-01,81,167,27,0,275,2743,556
25620,"Hattiesburg, MS",2021-04-01,80,202,28,2,312,3055,636
25620,"Hattiesburg, MS",2021-05-01,64,212,28,1,305,3360,700
25620,"Hattiesburg, MS",2021-06-01,47,144,17,2,210,3570,747
25620,"Hattiesburg, MS",2021-07-01,43,137,22,4,206,3776,790
25620,"Hattiesburg, MS",2021-08-01,51,121,23,0,195,3971,841
25620,"Hattiesburg, MS",2021-09-01,66,151,25,4,246,4217,907
25620,"Hattiesburg, MS",2021-10-01,38,108,16,2,164,4381,945
25620,"Hattiesburg, MS",2021-11-01,39,100,25,0,164,4545,984
25620,"Hattiesburg, MS",2021-12-01,71,128,25,2,226,4771,1055
25620,"Hattiesburg, MS",2022-01-01,77,129,27,0,233,5004,1132
25620,"Hattiesburg, MS",2022-02-01,43,84,13,2,142,5146,1175
25620,"Hattiesburg, MS",2022-03-01,101,181,30,3,315,5461,1276
25620,"Hattiesburg, MS",2022-04-01,62,103,19,2,186,5647,1338
25620,"Hattiesburg, MS",2022-05-01,55,124,26,3,208,5855,1393
25620,"Hattiesburg, MS",2022-06-01,48,80,11,3,142,5997,1441
25620,"Hattiesburg, MS",2022-07-01,52,106,19,3,180,6177,1493
25620,"Hattiesburg, MS",2022-08-01,75,140,25,1,241,6418,1568
25620,"Hattiesburg, MS",2022-09-01,63,109,25,4,201,6619,1631
25620,"Hattiesburg, MS",2022-10-01,64,104,22,2,192,6811,1695
25620,"Hattiesburg, MS",2022-11-01,80,122,24,2,228,7039,1775
25620,"Hattiesburg, MS",2022-12-01,105,129,53,3,290,7329,1880
25620,"Hattiesburg, MS",2023-01-01,87,115,33,1,236,7565,1967
25620,"Hattiesburg, MS",2023-02-01,85,111,41,4,241,7806,2052
25620,"Hattiesburg, MS",2023-03-01,121,170,32,2,325,8131,2173
25620,"Hattiesburg, MS",2023-04-01,87,116,27,1,231,8362,2260
25620,"Hattiesburg, MS",2023-05-01,45,74,12,0,131,8493,2305
25620,"Hattiesburg, MS",2023-06-01,51,45,16,3,115,8608,2356
25620,"Hattiesburg, MS",2023-07-01,52,73,12,0,137,8745,2408
25620,"Hattiesburg, MS",2023-08-01,46,72,18,1,137,8882,2454
25620,"Hattiesburg, MS",2023-09-01,48,76,13,2,139,9021,2502
25620,"Hattiesburg, MS",2023-10-01,77,90,14,0,181,9202,2579
25620,"Hattiesburg, MS",2023-11-01,107,152,37,1,297,9499,2686
25620,"Hattiesburg, MS",2023-12-01,142,158,36,6,342,9841,2828
25620,"Hattiesburg, MS",2024-01-01,109,127,44,3,283,10124,2937
25620,"Hattiesburg, MS",2024-02-01,124,134,26,4,288,10412,3061
25620,"Hattiesburg, MS",2024-03-01,142,133,39,5,319,10731,3203
25620,"Hattiesburg, MS",2024-04-01,118,131,31,5,285,11016,3321
25620,"Hattiesburg, MS",2024-05-01,126,122,36,0,284,11300,3447
25620,"Hattiesburg, MS",2024-06-01,53,64,19,2,138,11438,3500
25620,"Hattiesburg, MS",2024-07-01,65,78,17,1,161,11599,3565
25620,"Hattiesburg, MS",2024-08-01,69,65,18,3,155,11754,3634
25620,"Hattiesburg, MS",2024-09-01,86,101,26,3,216,11970,3720
25620,"Hattiesburg, MS",2024-10-01,143,156,41,2,342,12312,3863
25620,"Hattiesburg, MS",2024-11-01,175,132,31,7,345,12657,4038
25620,"Hattiesburg, MS",2024-12-01,160,124,41,6,331,12988,4198
25620,"Hattiesburg, MS",2025-01-01,142,121,41,5,309,13297,4340
25620,"Hattiesburg, MS",2025-02-01,149,93,35,6,283,13580,4489
25620,"Hattiesburg, MS",2025-03-01,194,131,43,6,374,13954,4683
25620,"Hattiesburg, MS",2025-04-01,172,138,35,2,347,14301,4855
25620,"Hattiesburg, MS",2025-05-01,156,141,45,5,347,14648,5011
25620,"Hattiesburg, MS",2025-06-01,91,71,25,4,191,14839,5102
25620,"Hattiesburg, MS",2025-07-01,113,116,32,4,265,15104,5215
25620,"Hattiesburg, MS",2025-08-01,124,97,24,4,249,15353,5339
25620,"Hattiesburg, MS",2025-09-01,0,1,0,0,1,15354,5339
11420,"Angola, IN",2019-01-01,0,3,0,0,3,3,0
11420,"Angola, IN",2019-02-01,0,1,0,0,1,4,0
11420,"Angola, IN",2019-03-01,0,1,0,0,1,5,0
11420,"Angola, IN",2019-04-01,0,2,0,0,2,7,0
11420,"Angola, IN",2019-05-01,2,1,1,0,4,11,2
11420,"Angola, IN",2019-06-01,0,2,0,0,2,13,2
11420,"Angola, IN",2019-07-01,0,1,0,0,1,14,2
11420,"Angola, IN",2019-08-01,0,3,1,0,4,18,2
11420,"Angola, IN",2019-09-01,0,3,1,0,4,22,2
11420,"Angola, IN",2019-11-01,0,0,1,0,1,23,2
11420,"Angola, IN",2019-12-01,0,3,2,0,5,28,2
11420,"Angola, IN",2020-01-01,1,3,2,0,6,34,3
11420,"Angola, IN",2020-02-01,1,0,2,0,3,37,4
11420,"Angola, IN",2020-03-01,0,4,2,0,6,43,4
11420,"Angola, IN",2020-04-01,3,8,4,0,15,58,7
11420,"Angola, IN",2020-05-01,1,12,4,1,18,76,8
11420,"Angola, IN",2020-06-01,2,4,1,0,7,83,10
11420,"Angola, IN",2020-07-01,2,3,1,0,6,89,12
11420,"Angola, IN",2020-08-01,0,3,0,0,3,92,12
11420,"Angola, IN",2020-09-01,2,6,2,1,11,103,14
11420,"Angola, IN",2020-10-01,5,13,3,1,22,125,19
11420,"Angola, IN",2020-11-01,7,19,2,1,29,154,26
11420,"Angola, IN",2020-12-01,6,16,2,0,24,178,32
11420,"Angola, IN",2021-01-01,9,17,2,2,30,208,41
11420,"Angola, IN",2021-02-01,13,25,9,0,47,255,54
11420,"Angola, IN",2021-03-01,10,15,4,1,30,285,64
11420,"Angola, IN",2021-04-01,11,23,6,0,40,325,75
11420,"Angola, IN",2021-05-01,15,25,8,1,49,374,90
11420,"Angola, IN",2021-06-01,9,22,4,1,36,410,99
11420,"Angola, IN",2021-07-01,10,31,13,1,55,465,109
11420,"Angola, IN",2021-08-01,7,24,11,2,44,509,116
11420,"Angola, IN",2021-09-01,7,21,11,2,41,550,123
11420,"Angola, IN",2021-10-01,13,26,10,2,51,601,136
11420,"Angola, IN",2021-11-01,16,21,4,0,41,642,152
11420,"Angola, IN",2021-12-01,12,17,4,0,33,675,164
11420,"Angola, IN",2022-01-01,14,30,11,1,56,731,178
11420,"Angola, IN",2022-02-01,15,15,4,1,35,766,193
11420,"Angola, IN",2022-03-01,9,28,4,0,41,807,202
11420,"Angola, IN",2022-04-01,8,25,7,1,41,848,210
11420,"Angola, IN",2022-05-01,11,24,10,0,45,893,221
11420,"Angola, IN",2022-06-01,6,18,8,1,33,926,227
11420,"Angola, IN",2022-07-01,10,14,8,1,33,959,237
11420,"Angola, IN",2022-08-01,11,18,6,0,35,994,248
11420,"Angola, IN",2022-09-01,13,21,3,1,38,1032,261
11420,"Angola, IN",2022-10-01,6,16,12,2,36,1068,267
11420,"Angola, IN",2022-11-01,11,24,6,1,42,1110,278
11420,"Angola, IN",2022-12-01,13,19,9,2,43,1153,291
11420,"Angola, IN",2023-01-01,27,26,4,0,57,1210,318
11420,"Angola, IN",2023-02-01,12,17,9,1,39,1249,330
11420,"Angola, IN",2023-03-01,20,25,11,0,56,1305,350
11420,"Angola, IN",2023-04-01,11,21,5,1,38,1343,361
11420,"Angola, IN",2023-05-01,17,17,4,0,38,1381,378
11420,"Angola, IN",2023-06-01,7,18,10,0,35,1416,385
11420,"Angola, IN",2023-07-01,15,23,8,1,47,1463,400
11420,"Angola, IN",2023-08-01,12,14,3,2,31,1494,412
11420,"Angola, IN",2023-09-01,12,33,6,0,51,1545,424
11420,"Angola, IN",2023-10-01,11,23,7,0,41,1586,435
11420,"Angola, IN",2023-11-01,22,19,15,1,57,1643,457
11420,"Angola, IN",2023-12-01,17,21,8,0,46,1689,474
11420,"Angola, IN",2024-01-01,11,21,7,0,39,1728,485
11420,"Angola, IN",2024-02-01,14,21,6,2,43,1771,499
11420,"Angola, IN",2024-03-01,19,16,6,1,42,1813,518
11420,"Angola, IN",2024-04-01,14,7,10,0,31,1844,532
11420,"Angola, IN",2024-05-01,13,15,5,1,34,1878,545
11420,"Angola, IN",2024-06-01,9,13,7,1,30,1908,554
11420,"Angola, IN",2024-07-01,8,10,2,0,20,1928,562
11420,"Angola, IN",2024-08-01,10,11,4,0,25,1953,572
11420,"Angola, IN",2024-09-01,15,9,3,0,27,1980,587
11420,"Angola, IN",2024-10-01,24,19,9,2,54,2034,611
11420,"Angola, IN",2024-11-01,19,15,8,1,43,2077,630
11420,"Angola, IN",2024-12-01,18,22,8,1,49,2126,648
11420,"Angola, IN",2025-01-01,21,21,8,0,50,2176,669
11420,"Angola, IN",2025-02-01,20,18,8,0,46,2222,689
11420,"Angola, IN",2025-03-01,29,20,4,0,53,2275,718
11420,"Angola, IN",2025-04-01,22,19,6,0,47,2322,740
11420,"Angola, IN",2025-05-01,21,16,10,0,47,2369,761
11420,"Angola, IN",2025-06-01,18,17,7,1,43,2412,779
11420,"Angola, IN",2025-07-01,16,17,7,1,41,2453,795
11420,"Angola, IN",2025-08-01,13,14,6,1,34,2487,808
26460,"Hudson, NY",2019-01-01,0,0,1,0,1,1,0
26460,"Hudson, NY",2019-03-01,0,3,3,0,6,7,0
26460,"Hudson, NY",2019-04-01,1,0,0,0,1,8,1
26460,"Hudson, NY",2019-05-01,0,0,2,0,2,10,1
26460,"Hudson, NY",2019-06-01,0,1,1,0,2,12,1
26460,"Hudson, NY",2019-08-01,0,2,1,0,3,15,1
26460,"Hudson, NY",2019-09-01,0,2,0,0,2,17,1
26460,"Hudson, NY",2019-10-01,1,2,0,1,4,21,2
26460,"Hudson, NY",2019-12-01,0,1,0,0,1,22,2
26460,"Hudson, NY",2020-01-01,0,1,3,0,4,26,2
26460,"Hudson, NY",2020-02-01,0,1,1,0,2,28,2
26460,"Hudson, NY",2020-03-01,0,5,3,0,8,36,2
26460,"Hudson, NY",2020-04-01,0,4,0,0,4,40,2
26460,"Hudson, NY",2020-05-01,2,5,3,0,10,50,4
26460,"Hudson, NY",2020-06-01,1,6,0,0,7,57,5
26460,"Hudson, NY",2020-07-01,1,3,3,0,7,64,6
26460,"Hudson, NY",2020-08-01,0,9,0,0,9,73,6
26460,"Hudson, NY",2020-09-01,2,6,2,0,10,83,8
26460,"Hudson, NY",2020-10-01,0,15,1,1,17,100,8
26460,"Hudson, NY",2020-11-01,5,8,1,0,14,114,13
26460,"Hudson, NY",2020-12-01,2,8,2,0,12,126,15
26460,"Hudson, NY",2021-01-01,1,9,5,1,16,142,16
26460,"Hudson, NY",2021-02-01,1,8,8,0,17,159,17
26460,"Hudson, NY",2021-03-01,3,18,7,1,29,188,20
26460,"Hudson, NY",2021-04-01,3,9,3,0,15,203,23
26460,"Hudson, NY",2021-05-01,5,19,2,0,26,229,28
26460,"Hudson, NY",2021-06-01,2,12,1,0,15,244,30
26460,"Hudson, NY",2021-07-01,3,13,1,0,17,261,33
26460,"Hudson, NY",2021-08-01,3,15,6,0,24,285,36
26460,"Hudson, NY",2021-09-01,6,20,1,1,28,313,42
26460,"Hudson, NY",2021-10-01,6,8,4,0,18,331,48
26460,"Hudson, NY",2021-11-01,7,10,2,1,20,351,55
26460,"Hudson, NY",2021-12-01,5,16,4,0,25,376,60
26460,"Hudson, NY",2022-01-01,12,20,3,0,35,411,72
26460,"Hudson, NY",2022-02-01,4,8,0,2,14,425,76
26460,"Hudson, NY",2022-03-01,5,12,7,0,24,449,81
26460,"Hudson, NY",2022-04-01,2,13,2,0,17,466,83
26460,"Hudson, NY",2022-05-01,6,11,3,0,20,486,89
26460,"Hudson, NY",2022-06-01,3,13,2,0,18,504,92
26460,"Hudson, NY",2022-07-01,2,4,4,0,10,514,94
26460,"Hudson, NY",2022-08-01,5,14,3,0,22,536,99
26460,"Hudson, NY",2022-09-01,2,10,1,0,13,549,101
26460,"Hudson, NY",2022-10-01,6,9,4,0,19,568,107
26460,"Hudson, NY",2022-11-01,3,10,3,0,16,584,110
26460,"Hudson, NY",2022-12-01,8,11,11,1,31,615,118
26460,"Hudson, NY",2023-01-01,4,8,2,0,14,629,122
26460,"Hudson, NY",2023-02-01,4,13,2,0,19,648,126
26460,"Hudson, NY",2023-03-01,6,9,3,0,18,666,132
26460,"Hudson, NY",2023-04-01,9,8,5,0,22,688,141
26460,"Hudson, NY",2023-05-01,3,9,1,0,13,701,144
26460,"Hudson, NY",2023-06-01,7,10,2,0,19,720,151
26460,"Hudson, NY",2023-07-01,6,7,4,1,18,738,157
26460,"Hudson, NY",2023-08-01,1,9,1,0,11,749,158
26460,"Hudson, NY",2023-09-01,7,10,7,0,24,773,165
26460,"Hudson, NY",2023-10-01,6,9,2,1,18,791,171
26460,"Hudson, NY",2023-11-01,4,13,4,0,21,812,175
26460,"Hudson, NY",2023-12-01,4,10,3,0,17,829,179
26460,"Hudson, NY",2024-01-01,13,13,4,0,30,859,192
26460,"Hudson, NY",2024-02-01,9,10,4,0,23,882,201
26460,"Hudson, NY",2024-03-01,10,12,4,0,26,908,211
26460,"Hudson, NY",2024-04-01,7,7,3,1,18,926,218
26460,"Hudson, NY",2024-05-01,7,7,0,1,15,941,225
26460,"Hudson, NY",2024-06-01,12,11,3,0,26,967,237
26460,"Hudson, NY",2024-07-01,7,11,3,1,22,989,244
26460,"Hudson, NY",2024-08-01,2,14,6,1,23,1012,246
26460,"Hudson, NY",2024-09-01,10,14,6,0,30,1042,256
26460,"Hudson, NY",2024-10-01,8,22,4,2,36,1078,264
26460,"Hudson, NY",2024-11-01,7,14,3,0,24,1102,271
26460,"Hudson, NY",2024-12-01,7,13,4,1,25,1127,278
26460,"Hudson, NY",2025-01-01,6,19,5,1,31,1158,284
26460,"Hudson, NY",2025-02-01,10,8,2,1,21,1179,294
26460,"Hudson, NY",2025-03-01,7,13,1,0,21,1200,301
26460,"Hudson, NY",2025-04-01,8,9,9,0,26,1226,309
26460,"Hudson, NY",2025-05-01,17,13,5,1,36,1262,326
26460,"Hudson, NY",2025-06-01,16,22,3,1,42,1304,342
26460,"Hudson, NY",2025-07-01,11,14,8,2,35,1339,353
26460,"Hudson, NY",2025-08-01,3,16,4,1,24,1363,356
14180,"Blytheville, AR",2019-02-01,0,0,1,0,1,1,0
14180,"Blytheville, AR",2019-03-01,0,1,0,0,1,2,0
14180,"Blytheville, AR",2019-04-01,0,1,0,0,1,3,0
14180,"Blytheville, AR",2019-05-01,0,1,0,0,1,4,0
14180,"Blytheville, AR",2019-07-01,0,1,0,0,1,5,0
14180,"Blytheville, AR",2019-08-01,0,0,0,1,1,6,0
14180,"Blytheville, AR",2019-10-01,0,1,0,0,1,7,0
14180,"Blytheville, AR",2019-11-01,0,1,0,0,1,8,0
14180,"Blytheville, AR",2019-12-01,0,2,1,0,3,11,0
14180,"Blytheville, AR",2020-01-01,0,4,1,0,5,16,0
14180,"Blytheville, AR",2020-03-01,0,0,1,0,1,17,0
14180,"Blytheville, AR",2020-04-01,0,2,0,0,2,19,0
14180,"Blytheville, AR",2020-05-01,1,3,0,0,4,23,1
14180,"Blytheville, AR",2020-06-01,1,3,0,0,4,27,2
14180,"Blytheville, AR",2020-07-01,3,5,2,0,10,37,5
14180,"Blytheville, AR",2020-08-01,2,9,1,0,12,49,7
14180,"Blytheville, AR",2020-09-01,4,1,1,0,6,55,11
14180,"Blytheville, AR",2020-10-01,0,7,2,0,9,64,11
14180,"Blytheville, AR",2020-11-01,2,8,2,0,12,76,13
14180,"Blytheville, AR",2020-12-01,2,17,3,0,22,98,15
14180,"Blytheville, AR",2021-01-01,4,22,2,0,28,126,19
14180,"Blytheville, AR",2021-02-01,5,13,4,0,22,148,24
14180,"Blytheville, AR",2021-03-01,12,12,6,0,30,178,36
14180,"Blytheville, AR",2021-04-01,4,20,4,0,28,206,40
14180,"Blytheville, AR",2021-05-01,3,26,5,0,34,240,43
14180,"Blytheville, AR",2021-06-01,1,13,3,0,17,257,44
14180,"Blytheville, AR",2021-07-01,4,16,5,0,25,282,48
14180,"Blytheville, AR",2021-08-01,11,18,1,0,30,312,59
14180,"Blytheville, AR",2021-09-01,3,14,3,0,20,332,62
14180,"Blytheville, AR",2021-10-01,4,18,5,0,27,359,66
14180,"Blytheville, AR",2021-11-01,6,6,4,0,16,375,72
14180,"Blytheville, AR",2021-12-01,5,15,6,1,27,402,77
14180,"Blytheville, AR",2022-01-01,7,23,3,0,33,435,84
14180,"Blytheville, AR",2022-02-01,4,20,4,1,29,464,88
14180,"Blytheville, AR",2022-03-01,5,17,4,2,28,492,93
14180,"Blytheville, AR",2022-04-01,7,28,4,0,39,531,100
14180,"Blytheville, AR",2022-05-01,6,21,5,0,32,563,106
14180,"Blytheville, AR",2022-06-01,3,13,8,0,24,587,109
14180,"Blytheville, AR",2022-07-01,6,15,3,0,24,611,115
14180,"Blytheville, AR",2022-08-01,4,19,4,0,27,638,119
14180,"Blytheville, AR",2022-09-01,7,13,5,0,25,663,126
14180,"Blytheville, AR",2022-10-01,0,12,6,0,18,681,126
14180,"Blytheville, AR",2022-11-01,5,15,4,0,24,705,131
14180,"Blytheville, AR",2022-12-01,5,16,2,0,23,728,136
14180,"Blytheville, AR",2023-01-01,6,16,8,0,30,758,142
14180,"Blytheville, AR",2023-02-01,8,19,4,0,31,789,150
14180,"Blytheville, AR",2023-03-01,5,22,9,1,37,826,155
14180,"Blytheville, AR",2023-04-01,10,7,3,0,20,846,165
14180,"Blytheville, AR",2023-05-01,11,16,5,1,33,879,176
14180,"Blytheville, AR",2023-06-01,5,13,7,1,26,905,181
14180,"Blytheville, AR",2023-07-01,8,16,6,1,31,936,189
14180,"Blytheville, AR",2023-08-01,7,19,3,0,29,965,196
14180,"Blytheville, AR",2023-09-01,6,9,3,0,18,983,202
14180,"Blytheville, AR",2023-10-01,13,20,8,1,42,1025,215
14180,"Blytheville, AR",2023-11-01,9,14,4,0,27,1052,224
14180,"Blytheville, AR",2023-12-01,12,13,7,0,32,1084,236
14180,"Blytheville, AR",2024-01-01,7,14,6,0,27,1111,243
14180,"Blytheville, AR",2024-02-01,9,13,3,0,25,1136,252
14180,"Blytheville, AR",2024-03-01,10,18,4,1,33,1169,262
14180,"Blytheville, AR",2024-04-01,11,21,5,0,37,1206,273
14180,"Blytheville, AR",2024-05-01,9,16,4,0,29,1235,282
14180,"Blytheville, AR",2024-06-01,13,22,11,0,46,1281,295
14180,"Blytheville, AR",2024-07-01,10,20,3,0,33,1314,305
14180,"Blytheville, AR",2024-08-01,12,23,4,1,40,1354,317
14180,"Blytheville, AR",2024-09-01,8,14,12,0,34,1388,325
14180,"Blytheville, AR",2024-10-01,13,17,2,1,33,1421,338
14180,"Blytheville, AR",2024-11-01,11,23,6,0,40,1461,349
14180,"Blytheville, AR",2024-12-01,11,18,3,0,32,1493,360
14180,"Blytheville, AR",2025-01-01,6,17,6,0,29,1522,366
14180,"Blytheville, AR",2025-02-01,19,7,6,0,32,1554,385
14180,"Blytheville, AR",2025-03-01,18,17,3,2,40,1594,403
14180,"Blytheville, AR",2025-04-01,12,27,6,1,46,1640,415
14180,"Blytheville, AR",2025-05-01,14,14,6,1,35,1675,429
14180,"Blytheville, AR",2025-06-01,10,13,10,0,33,1708,439
14180,"Blytheville, AR",2025-07-01,13,10,4,0,27,1735,452
14180,"Blytheville, AR",2025-08-01,6,13,9,0,28,1763,458
26780,"Hutchinson, MN",2019-01-01,0,1,0,0,1,1,0
26780,"Hutchinson, MN",2019-04-01,0,1,1,0,2,3,0
26780,"Hutchinson, MN",2019-06-01,0,1,2,1,4,7,0
26780,"Hutchinson, MN",2019-07-01,1,1,0,0,2,9,1
26780,"Hutchinson, MN",2019-08-01,0,0,2,0,2,11,1
26780,"Hutchinson, MN",2019-09-01,0,0,1,0,1,12,1
26780,"Hutchinson, MN",2019-10-01,0,1,0,0,1,13,1
26780,"Hutchinson, MN",2019-11-01,1,0,0,0,1,14,2
26780,"Hutchinson, MN",2019-12-01,0,2,0,0,2,16,2
26780,"Hutchinson, MN",2020-01-01,0,1,1,0,2,18,2
26780,"Hutchinson, MN",2020-02-01,0,0,1,0,1,19,2
26780,"Hutchinson, MN",2020-03-01,0,2,1,0,3,22,2
26780,"Hutchinson, MN",2020-04-01,0,2,1,1,4,26,2
26780,"Hutchinson, MN",2020-05-01,1,1,2,0,4,30,3
26780,"Hutchinson, MN",2020-06-01,0,3,1,0,4,34,3
26780,"Hutchinson, MN",2020-07-01,1,1,0,0,2,36,4
26780,"Hutchinson, MN",2020-08-01,1,2,2,0,5,41,5
26780,"Hutchinson, MN",2020-09-01,2,2,0,0,4,45,7
26780,"Hutchinson, MN",2020-10-01,2,4,0,0,6,51,9
26780,"Hutchinson, MN",2020-11-01,0,2,0,0,2,53,9
26780,"Hutchinson, MN",2020-12-01,0,2,3,0,5,58,9
26780,"Hutchinson, MN",2021-01-01,0,1,0,0,1,59,9
26780,"Hutchinson, MN",2021-02-01,0,1,1,0,2,61,9
26780,"Hutchinson, MN",2021-03-01,3,4,0,0,7,68,12
26780,"Hutchinson, MN",2021-04-01,2,4,0,0,6,74,14
26780,"Hutchinson, MN",2021-05-01,7,11,1,0,19,93,21
26780,"Hutchinson, MN",2021-06-01,9,16,6,1,32,125,30
26780,"Hutchinson, MN",2021-07-01,6,9,4,0,19,144,36
26780,"Hutchinson, MN",2021-08-01,7,6,1,0,14,158,43
26780,"Hutchinson, MN",2021-09-01,2,13,1,0,16,174,45
26780,"Hutchinson, MN",2021-10-01,2,9,5,0,16,190,47
26780,"Hutchinson, MN",2021-11-01,7,6,2,0,15,205,54
26780,"Hutchinson, MN",2021-12-01,4,6,2,1,13,218,58
26780,"Hutchinson, MN",2022-01-01,6,14,3,1,24,242,64
26780,"Hutchinson, MN",2022-02-01,5,17,6,0,28,270,69
26780,"Hutchinson, MN",2022-03-01,9,13,5,2,29,299,78
26780,"Hutchinson, MN",2022-04-01,3,12,4,0,19,318,81
26780,"Hutchinson, MN",2022-05-01,3,11,5,0,19,337,84
26780,"Hutchinson, MN",2022-06-01,3,10,2,0,15,352,87
26780,"Hutchinson, MN",2022-07-01,3,11,1,0,15,367,90
26780,"Hutchinson, MN",2022-08-01,9,15,1,0,25,392,99
26780,"Hutchinson, MN",2022-09-01,6,11,2,0,19,411,105
26780,"Hutchinson, MN",2022-10-01,6,10,3,0,19,430,111
26780,"Hutchinson, MN",2022-11-01,5,8,4,0,17,447,116
26780,"Hutchinson, MN",2022-12-01,6,10,2,0,18,465,122
26780,"Hutchinson, MN",2023-01-01,10,8,5,0,23,488,132
26780,"Hutchinson, MN",2023-02-01,5,9,4,0,18,506,137
26780,"Hutchinson, MN",2023-03-01,4,5,8,0,17,523,141
26780,"Hutchinson, MN",2023-04-01,6,12,8,0,26,549,147
26780,"Hutchinson, MN",2023-05-01,4,7,1,1,13,562,151
26780,"Hutchinson, MN",2023-06-01,4,6,5,0,15,577,155
26780,"Hutchinson, MN",2023-07-01,2,10,3,2,17,594,157
26780,"Hutchinson, MN",2023-08-01,6,5,1,0,12,606,163
26780,"Hutchinson, MN",2023-09-01,4,10,3,0,17,623,167
26780,"Hutchinson, MN",2023-10-01,3,16,3,0,22,645,170
26780,"Hutchinson, MN",2023-11-01,9,5,1,0,15,660,179
26780,"Hutchinson, MN",2023-12-01,4,12,8,0,24,684,183
26780,"Hutchinson, MN",2024-01-01,8,7,3,0,18,702,191
26780,"Hutchinson, MN",2024-02-01,13,12,6,0,31,733,204
26780,"Hutchinson, MN",2024-03-01,8,9,1,1,19,752,212
26780,"Hutchinson, MN",2024-04-01,7,11,1,0,19,771,219
26780,"Hutchinson, MN",2024-05-01,3,4,3,1,11,782,222
26780,"Hutchinson, MN",2024-06-01,5,9,1,0,15,797,227
26780,"Hutchinson, MN",2024-07-01,2,8,0,0,10,807,229
26780,"Hutchinson, MN",2024-08-01,2,3,2,0,7,814,231
26780,"Hutchinson, MN",2024-09-01,9,2,0,0,11,825,240
26780,"Hutchinson, MN",2024-10-01,6,12,3,0,21,846,246
26780,"Hutchinson, MN",2024-11-01,8,7,1,0,16,862,254
26780,"Hutchinson, MN",2024-12-01,3,14,6,0,23,885,257
26780,"Hutchinson, MN",2025-01-01,12,9,3,0,24,909,269
26780,"Hutchinson, MN",2025-02-01,11,2,1,0,14,923,280
26780,"Hutchinson, MN",2025-03-01,4,11,2,0,17,940,284
26780,"Hutchinson, MN",2025-04-01,9,13,4,0,26,966,293
26780,"Hutchinson, MN",2025-05-01,17,8,0,0,25,991,310
26780,"Hutchinson, MN",2025-06-01,13,11,2,0,26,1017,323
26780,"Hutchinson, MN",2025-07-01,5,9,2,0,16,1033,328
26780,"Hutchinson, MN",2025-08-01,11,6,1,0,18,1051,339
27180,"Jackson, TN",2019-01-01,0,11,2,0,13,13,0
27180,"Jackson, TN",2019-02-01,0,5,3,0,8,21,0
27180,"Jackson, TN",2019-03-01,0,13,7,0,20,41,0
27180,"Jackson, TN",2019-04-01,1,19,3,0,23,64,1
27180,"Jackson, TN",2019-05-01,1,37,7,1,46,110,2
27180,"Jackson, TN",2019-06-01,1,28,5,1,35,145,3
27180,"Jackson, TN",2019-07-01,0,29,9,0,38,183,3
27180,"Jackson, TN",2019-08-01,2,22,3,2,29,212,5
27180,"Jackson, TN",2019-09-01,1,27,3,1,32,244,6
27180,"Jackson, TN",2019-10-01,0,26,4,0,30,274,6
27180,"Jackson, TN",2019-11-01,1,38,9,2,50,324,7
27180,"Jackson, TN",2019-12-01,3,29,9,0,41,365,10
27180,"Jackson, TN",2020-01-01,5,28,9,0,42,407,15
27180,"Jackson, TN",2020-02-01,3,36,14,1,54,461,18
27180,"Jackson, TN",2020-03-01,4,38,15,1,58,519,22
27180,"Jackson, TN",2020-04-01,17,69,13,3,102,621,39
27180,"Jackson, TN",2020-05-01,15,98,17,4,134,755,54
27180,"Jackson, TN",2020-06-01,21,74,10,4,109,864,75
27180,"Jackson, TN",2020-07-01,23,103,11,1,138,1002,98
27180,"Jackson, TN",2020-08-01,40,129,25,1,195,1197,138
27180,"Jackson, TN",2020-09-01,28,109,24,2,163,1360,166
27180,"Jackson, TN",2020-10-01,20,63,18,3,104,1464,186
27180,"Jackson, TN",2020-11-01,24,57,9,0,90,1554,210
27180,"Jackson, TN",2020-12-01,18,67,11,0,96,1650,228
27180,"Jackson, TN",2021-01-01,51,120,27,0,198,1848,279
27180,"Jackson, TN",2021-02-01,28,87,19,1,135,1983,307
27180,"Jackson, TN",2021-03-01,55,134,26,1,216,2199,362
27180,"Jackson, TN",2021-04-01,62,180,31,3,276,2475,424
27180,"Jackson, TN",2021-05-01,48,159,32,1,240,2715,472
27180,"Jackson, TN",2021-06-01,53,122,19,2,196,2911,525
27180,"Jackson, TN",2021-07-01,35,101,16,2,154,3065,560
27180,"Jackson, TN",2021-08-01,36,133,35,4,208,3273,596
27180,"Jackson, TN",2021-09-01,31,127,33,1,192,3465,627
27180,"Jackson, TN",2021-10-01,34,87,29,1,151,3616,661
27180,"Jackson, TN",2021-11-01,41,100,16,1,158,3774,702
27180,"Jackson, TN",2021-12-01,50,123,29,1,203,3977,752
27180,"Jackson, TN",2022-01-01,76,161,31,7,275,4252,828
27180,"Jackson, TN",2022-02-01,41,110,23,2,176,4428,869
27180,"Jackson, TN",2022-03-01,62,167,35,3,267,4695,931
27180,"Jackson, TN",2022-04-01,42,168,28,0,238,4933,973
27180,"Jackson, TN",2022-05-01,47,123,20,0,190,5123,1020
27180,"Jackson, TN",2022-06-01,46,121,30,2,199,5322,1066
27180,"Jackson, TN",2022-07-01,40,86,36,3,165,5487,1106
27180,"Jackson, TN",2022-08-01,47,92,29,1,169,5656,1153
27180,"Jackson, TN",2022-09-01,32,85,25,4,146,5802,1185
27180,"Jackson, TN",2022-10-01,27,91,25,1,144,5946,1212
27180,"Jackson, TN",2022-11-01,50,82,17,4,153,6099,1262
27180,"Jackson, TN",2022-12-01,55,94,16,0,165,6264,1317
27180,"Jackson, TN",2023-01-01,45,94,31,6,176,6440,1362
27180,"Jackson, TN",2023-02-01,46,77,22,4,149,6589,1408
27180,"Jackson, TN",2023-03-01,72,156,39,1,268,6857,1480
27180,"Jackson, TN",2023-04-01,56,92,29,1,178,7035,1536
27180,"Jackson, TN",2023-05-01,42,70,28,2,142,7177,1578
27180,"Jackson, TN",2023-06-01,37,72,19,4,132,7309,1615
27180,"Jackson, TN",2023-07-01,52,70,19,2,143,7452,1667
27180,"Jackson, TN",2023-08-01,52,67,20,3,142,7594,1719
27180,"Jackson, TN",2023-09-01,43,67,18,1,129,7723,1762
27180,"Jackson, TN",2023-10-01,49,95,25,3,172,7895,1811
27180,"Jackson, TN",2023-11-01,58,89,28,5,180,8075,1869
27180,"Jackson, TN",2023-12-01,83,91,30,3,207,8282,1952
27180,"Jackson, TN",2024-01-01,67,104,35,6,212,8494,2019
27180,"Jackson, TN",2024-02-01,72,95,25,2,194,8688,2091
27180,"Jackson, TN",2024-03-01,59,111,25,5,200,8888,2150
27180,"Jackson, TN",2024-04-01,56,97,26,6,185,9073,2206
27180,"Jackson, TN",2024-05-01,44,80,28,1,153,9226,2250
27180,"Jackson, TN",2024-06-01,33,88,22,1,144,9370,2283
27180,"Jackson, TN",2024-07-01,52,81,19,2,154,9524,2335
27180,"Jackson, TN",2024-08-01,35,60,15,1,111,9635,2370
27180,"Jackson, TN",2024-09-01,43,84,16,2,145,9780,2413
27180,"Jackson, TN",2024-10-01,95,111,36,5,247,10027,2508
27180,"Jackson, TN",2024-11-01,82,92,32,4,210,10237,2590
27180,"Jackson, TN",2024-12-01,94,113,30,2,239,10476,2684
27180,"Jackson, TN",2025-01-01,92,112,25,2,231,10707,2776
27180,"Jackson, TN",2025-02-01,66,85,27,0,178,10885,2842
27180,"Jackson, TN",2025-03-01,100,120,30,4,254,11139,2942
27180,"Jackson, TN",2025-04-01,98,115,37,6,256,11395,3040
27180,"Jackson, TN",2025-05-01,100,119,37,6,262,11657,3140
27180,"Jackson, TN",2025-06-01,73,94,30,5,202,11859,3213
27180,"Jackson, TN",2025-07-01,54,56,21,1,132,11991,3267
27180,"Jackson, TN",2025-08-01,56,52,22,1,131,12122,3323
27180,"Jackson, TN",2025-09-01,0,1,0,0,1,12123,3323
19660,"Deltona-Daytona Beach-Ormond Beach, FL",2019-01-01,4,98,50,1,153,153,4
19660,"Deltona-Daytona Beach-Ormond Beach, FL",2019-02-01,6,133,40,8,187,340,10
19660,"Deltona-Daytona Beach-Ormond Beach, FL",2019-03-01,5,141,54,10,210,550,15
19660,"Deltona-Daytona Beach-Ormond Beach, FL",2019-04-01,13,158,49,7,227,777,28
19660,"Deltona-Daytona Beach-Ormond Beach, FL",2019-05-01,4,154,47,4,209,986,32
19660,"Deltona-Daytona Beach-Ormond Beach, FL",2019-06-01,8,114,34,7,163,1149,40
19660,"Deltona-Daytona Beach-Ormond Beach, FL",2019-07-01,8,112,37,5,162,1311,48
19660,"Deltona-Daytona Beach-Ormond Beach, FL",2019-08-01,8,133,40,5,186,1497,56
19660,"Deltona-Daytona Beach-Ormond Beach, FL",2019-09-01,7,134,37,5,183,1680,63
19660,"Deltona-Daytona Beach-Ormond Beach, FL",2019-10-01,7,66,31,4,108,1788,70
19660,"Deltona-Daytona Beach-Ormond Beach, FL",2019-11-01,12,100,29,4,145,1933,82
19660,"Deltona-Daytona Beach-Ormond Beach, FL",2019-12-01,8,96,27,5,136,2069,90
19660,"Deltona-Daytona Beach-Ormond Beach, FL",2020-01-01,15,127,48,5,195,2264,105
19660,"Deltona-Daytona Beach-Ormond Beach, FL",2020-02-01,7,82,24,2,115,2379,112
19660,"Deltona-Daytona Beach-Ormond Beach, FL",2020-03-01,17,136,64,6,223,2602,129
19660,"Deltona-Daytona Beach-Ormond Beach, FL",2020-04-01,50,278,97,7,432,3034,179
19660,"Deltona-Daytona Beach-Ormond Beach, FL",2020-05-01,102,397,130,14,643,3677,281
19660,"Deltona-Daytona Beach-Ormond Beach, FL",2020-06-01,65,205,65,8,343,4020,346
19660,"Deltona-Daytona Beach-Ormond Beach, FL",2020-07-01,102,345,99,15,561,4581,448
19660,"Deltona-Daytona Beach-Ormond Beach, FL",2020-08-01,173,578,148,22,921,5502,621
19660,"Deltona-Daytona Beach-Ormond Beach, FL",2020-09-01,146,521,133,21,821,6323,767
19660,"Deltona-Daytona Beach-Ormond Beach, FL",2020-10-01,46,193,59,6,304,6627,813
19660,"Deltona-Daytona Beach-Ormond Beach, FL",2020-11-01,30,143,48,5,226,6853,843
19660,"Deltona-Daytona Beach-Ormond Beach, FL",2020-12-01,62,175,62,11,310,7163,905
19660,"Deltona-Daytona Beach-Ormond Beach, FL",2021-01-01,207,473,124,20,824,7987,1112
19660,"Deltona-Daytona Beach-Ormond Beach, FL",2021-02-01,100,279,102,17,498,8485,1212
19660,"Deltona-Daytona Beach-Ormond Beach, FL",2021-03-01,249,584,186,38,1057,9542,1461
19660,"Deltona-Daytona Beach-Ormond Beach, FL",2021-04-01,257,719,237,23,1236,10778,1718
19660,"Deltona-Daytona Beach-Ormond Beach, FL",2021-05-01,197,557,158,19,931,11709,1915
19660,"Deltona-Daytona Beach-Ormond Beach, FL",2021-06-01,117,379,110,18,624,12333,2032
19660,"Deltona-Daytona Beach-Ormond Beach, FL",2021-07-01,104,342,111,13,570,12903,2136
19660,"Deltona-Daytona Beach-Ormond Beach, FL",2021-08-01,115,370,117,17,619,13522,2251
19660,"Deltona-Daytona Beach-Ormond Beach, FL",2021-09-01,80,308,119,18,525,14047,2331
19660,"Deltona-Daytona Beach-Ormond Beach, FL",2021-10-01,51,180,72,7,310,14357,2382
19660,"Deltona-Daytona Beach-Ormond Beach, FL",2021-11-01,106,338,123,7,574,14931,2488
19660,"Deltona-Daytona Beach-Ormond Beach, FL",2021-12-01,121,275,96,8,500,15431,2609
19660,"Deltona-Daytona Beach-Ormond Beach, FL",2022-01-01,178,448,179,19,824,16255,2787
19660,"Deltona-Daytona Beach-Ormond Beach, FL",2022-02-01,73,180,63,10,326,16581,2860
19660,"Deltona-Daytona Beach-Ormond Beach, FL",2022-03-01,203,429,171,24,827,17408,3063
19660,"Deltona-Daytona Beach-Ormond Beach, FL",2022-04-01,218,482,158,26,884,18292,3281
19660,"Deltona-Daytona Beach-Ormond Beach, FL",2022-05-01,165,397,144,20,726,19018,3446
19660,"Deltona-Daytona Beach-Ormond Beach, FL",2022-06-01,51,169,68,6,294,19312,3497
19660,"Deltona-Daytona Beach-Ormond Beach, FL",2022-07-01,81,151,76,6,314,19626,3578
19660,"Deltona-Daytona Beach-Ormond Beach, FL",2022-08-01,63,163,81,8,315,19941,3641
19660,"Deltona-Daytona Beach-Ormond Beach, FL",2022-09-01,116,249,92,10,467,20408,3757
19660,"Deltona-Daytona Beach-Ormond Beach, FL",2022-10-01,295,558,204,26,1083,21491,4052
19660,"Deltona-Daytona Beach-Ormond Beach, FL",2022-11-01,191,372,146,14,723,22214,4243
19660,"Deltona-Daytona Beach-Ormond Beach, FL",2022-12-01,204,325,113,17,659,22873,4447
19660,"Deltona-Daytona Beach-Ormond Beach, FL",2023-01-01,160,310,113,16,599,23472,4607
19660,"Deltona-Daytona Beach-Ormond Beach, FL",2023-02-01,143,272,122,9,546,24018,4750
19660,"Deltona-Daytona Beach-Ormond Beach, FL",2023-03-01,237,404,170,14,825,24843,4987
19660,"Deltona-Daytona Beach-Ormond Beach, FL",2023-04-01,160,292,112,9,573,25416,5147
19660,"Deltona-Daytona Beach-Ormond Beach, FL",2023-05-01,100,165,49,6,320,25736,5247
19660,"Deltona-Daytona Beach-Ormond Beach, FL",2023-06-01,59,107,39,2,207,25943,5306
19660,"Deltona-Daytona Beach-Ormond Beach, FL",2023-07-01,54,128,37,3,222,26165,5360
19660,"Deltona-Daytona Beach-Ormond Beach, FL",2023-08-01,52,103,32,5,192,26357,5412
19660,"Deltona-Daytona Beach-Ormond Beach, FL",2023-09-01,67,176,70,4,317,26674,5479
19660,"Deltona-Daytona Beach-Ormond Beach, FL",2023-10-01,148,295,125,18,586,27260,5627
19660,"Deltona-Daytona Beach-Ormond Beach, FL",2023-11-01,201,343,144,21,709,27969,5828
19660,"Deltona-Daytona Beach-Ormond Beach, FL",2023-12-01,236,366,132,20,754,28723,6064
19660,"Deltona-Daytona Beach-Ormond Beach, FL",2024-01-01,219,348,163,18,748,29471,6283
19660,"Deltona-Daytona Beach-Ormond Beach, FL",2024-02-01,205,300,127,23,655,30126,6488
19660,"Deltona-Daytona Beach-Ormond Beach, FL",2024-03-01,244,390,135,24,793,30919,6732
19660,"Deltona-Daytona Beach-Ormond Beach, FL",2024-04-01,256,350,160,12,778,31697,6988
19660,"Deltona-Daytona Beach-Ormond Beach, FL",2024-05-01,255,362,146,19,782,32479,7243
19660,"Deltona-Daytona Beach-Ormond Beach, FL",2024-06-01,165,215,95,12,487,32966,7408
19660,"Deltona-Daytona Beach-Ormond Beach, FL",2024-07-01,108,232,88,13,441,33407,7516
19660,"Deltona-Daytona Beach-Ormond Beach, FL",2024-08-01,71,157,43,3,274,33681,7587
19660,"Deltona-Daytona Beach-Ormond Beach, FL",2024-09-01,107,178,68,7,360,34041,7694
19660,"Deltona-Daytona Beach-Ormond Beach, FL",2024-10-01,173,260,95,10,538,34579,7867
19660,"Deltona-Daytona Beach-Ormond Beach, FL",2024-11-01,165,309,108,19,601,35180,8032
19660,"Deltona-Daytona Beach-Ormond Beach, FL",2024-12-01,159,293,107,16,575,35755,8191
19660,"Deltona-Daytona Beach-Ormond Beach, FL",2025-01-01,207,289,109,13,618,36373,8398
19660,"Deltona-Daytona Beach-Ormond Beach, FL",2025-02-01,190,240,119,19,568,36941,8588
19660,"Deltona-Daytona Beach-Ormond Beach, FL",2025-03-01,211,275,130,17,633,37574,8799
19660,"Deltona-Daytona Beach-Ormond Beach, FL",2025-04-01,190,258,101,16,565,38139,8989
19660,"Deltona-Daytona Beach-Ormond Beach, FL",2025-05-01,224,305,116,14,659,38798,9213
19660,"Deltona-Daytona Beach-Ormond Beach, FL",2025-06-01,228,278,120,17,643,39441,9441
19660,"Deltona-Daytona Beach-Ormond Beach, FL",2025-07-01,177,293,106,14,590,40031,9618
19660,"Deltona-Daytona Beach-Ormond Beach, FL",2025-08-01,162,223,73,11,469,40500,9780
19660,"Deltona-Daytona Beach-Ormond Beach, FL",2025-09-01,4,4,2,0,10,40510,9784
17410,"Cleveland, OH",2019-01-01,9,335,95,11,450,450,9
17410,"Cleveland, OH",2019-02-01,13,434,112,11,570,1020,22
17410,"Cleveland, OH",2019-03-01,26,518,136,18,698,1718,48
17410,"Cleveland, OH",2019-04-01,32,569,122,11,734,2452,80
17410,"Cleveland, OH",2019-05-01,28,534,94,11,667,3119,108
17410,"Cleveland, OH",2019-06-01,20,292,73,9,394,3513,128
17410,"Cleveland, OH",2019-07-01,56,459,115,16,646,4159,184
17410,"Cleveland, OH",2019-08-01,27,458,105,12,602,4761,211
17410,"Cleveland, OH",2019-09-01,24,391,98,9,522,5283,235
17410,"Cleveland, OH",2019-10-01,39,291,74,12,416,5699,274
17410,"Cleveland, OH",2019-11-01,60,416,89,10,575,6274,334
17410,"Cleveland, OH",2019-12-01,103,476,108,8,695,6969,437
17410,"Cleveland, OH",2020-01-01,87,473,118,18,696,7665,524
17410,"Cleveland, OH",2020-02-01,110,495,116,22,743,8408,634
17410,"Cleveland, OH",2020-03-01,115,527,140,16,798,9206,749
17410,"Cleveland, OH",2020-04-01,364,1167,282,39,1852,11058,1113
17410,"Cleveland, OH",2020-05-01,616,1675,292,38,2621,13679,1729
17410,"Cleveland, OH",2020-06-01,441,1286,202,32,1961,15640,2170
17410,"Cleveland, OH",2020-07-01,392,1345,252,28,2017,17657,2562
17410,"Cleveland, OH",2020-08-01,347,1336,277,26,1986,19643,2909
17410,"Cleveland, OH",2020-09-01,314,1194,240,39,1787,21430,3223
17410,"Cleveland, OH",2020-10-01,333,1141,253,33,1760,23190,3556
17410,"Cleveland, OH",2020-11-01,243,736,155,6,1140,24330,3799
17410,"Cleveland, OH",2020-12-01,527,1201,250,47,2025,26355,4326
17410,"Cleveland, OH",2021-01-01,546,1344,337,45,2272,28627,4872
17410,"Cleveland, OH",2021-02-01,361,1018,254,29,1662,30289,5233
17410,"Cleveland, OH",2021-03-01,459,1032,263,34,1788,32077,5692
17410,"Cleveland, OH",2021-04-01,436,1198,285,32,1951,34028,6128
17410,"Cleveland, OH",2021-05-01,532,1316,303,34,2185,36213,6660
17410,"Cleveland, OH",2021-06-01,508,1495,349,32,2384,38597,7168
17410,"Cleveland, OH",2021-07-01,446,1284,316,34,2080,40677,7614
17410,"Cleveland, OH",2021-08-01,297,1026,262,46,1631,42308,7911
17410,"Cleveland, OH",2021-09-01,261,1077,337,46,1721,44029,8172
17410,"Cleveland, OH",2021-10-01,311,1093,307,48,1759,45788,8483
17410,"Cleveland, OH",2021-11-01,347,1008,302,48,1705,47493,8830
17410,"Cleveland, OH",2021-12-01,489,1066,315,37,1907,49400,9319
17410,"Cleveland, OH",2022-01-01,409,1155,296,50,1910,51310,9728
17410,"Cleveland, OH",2022-02-01,355,797,266,33,1451,52761,10083
17410,"Cleveland, OH",2022-03-01,460,996,284,44,1784,54545,10543
17410,"Cleveland, OH",2022-04-01,348,1006,302,45,1701,56246,10891
17410,"Cleveland, OH",2022-05-01,401,890,237,31,1559,57805,11292
17410,"Cleveland, OH",2022-06-01,221,549,146,21,937,58742,11513
17410,"Cleveland, OH",2022-07-01,251,573,162,22,1008,59750,11764
17410,"Cleveland, OH",2022-08-01,242,617,202,28,1089,60839,12006
17410,"Cleveland, OH",2022-09-01,263,661,194,23,1141,61980,12269
17410,"Cleveland, OH",2022-10-01,337,713,229,31,1310,63290,12606
17410,"Cleveland, OH",2022-11-01,370,705,219,24,1318,64608,12976
17410,"Cleveland, OH",2022-12-01,412,648,193,21,1274,65882,13388
17410,"Cleveland, OH",2023-01-01,425,752,259,27,1463,67345,13813
17410,"Cleveland, OH",2023-02-01,380,690,264,34,1368,68713,14193
17410,"Cleveland, OH",2023-03-01,512,770,271,24,1577,70290,14705
17410,"Cleveland, OH",2023-04-01,366,678,196,23,1263,71553,15071
17410,"Cleveland, OH",2023-05-01,338,541,166,21,1066,72619,15409
17410,"Cleveland, OH",2023-06-01,233,377,121,14,745,73364,15642
17410,"Cleveland, OH",2023-07-01,323,531,170,22,1046,74410,15965
17410,"Cleveland, OH",2023-08-01,392,701,226,34,1353,75763,16357
17410,"Cleveland, OH",2023-09-01,399,726,220,36,1381,77144,16756
17410,"Cleveland, OH",2023-10-01,425,828,238,29,1520,78664,17181
17410,"Cleveland, OH",2023-11-01,471,784,264,30,1549,80213,17652
17410,"Cleveland, OH",2023-12-01,496,754,215,24,1489,81702,18148
17410,"Cleveland, OH",2024-01-01,510,723,245,29,1507,83209,18658
17410,"Cleveland, OH",2024-02-01,448,664,221,35,1368,84577,19106
17410,"Cleveland, OH",2024-03-01,545,685,215,35,1480,86057,19651
17410,"Cleveland, OH",2024-04-01,499,672,184,22,1377,87434,20150
17410,"Cleveland, OH",2024-05-01,600,661,190,24,1475,88909,20750
17410,"Cleveland, OH",2024-06-01,546,736,226,45,1553,90462,21296
17410,"Cleveland, OH",2024-07-01,558,782,246,45,1631,92093,21854
17410,"Cleveland, OH",2024-08-01,522,802,249,37,1610,93703,22376
17410,"Cleveland, OH",2024-09-01,467,724,247,32,1470,95173,22843
17410,"Cleveland, OH",2024-10-01,455,715,234,34,1438,96611,23298
17410,"Cleveland, OH",2024-11-01,551,722,236,41,1550,98161,23849
17410,"Cleveland, OH",2024-12-01,609,602,196,29,1436,99597,24458
17410,"Cleveland, OH",2025-01-01,561,649,218,32,1460,101057,25019
17410,"Cleveland, OH",2025-02-01,470,470,136,23,1099,102156,25489
17410,"Cleveland, OH",2025-03-01,607,522,175,29,1333,103489,26096
17410,"Cleveland, OH",2025-04-01,665,702,210,33,1610,105099,26761
17410,"Cleveland, OH",2025-05-01,737,692,271,46,1746,106845,27498
17410,"Cleveland, OH",2025-06-01,634,644,255,41,1574,108419,28132
17410,"Cleveland, OH",2025-07-01,595,607,231,53,1486,109905,28727
17410,"Cleveland, OH",2025-08-01,493,562,170,43,1268,111173,29220
17410,"Cleveland, OH",2025-09-01,11,8,2,1,22,111195,29231
25850,"Hermitage, PA",2019-01-01,0,21,13,2,36,36,0
25850,"Hermitage, PA",2019-02-01,0,32,10,1,43,79,0
25850,"Hermitage, PA",2019-03-01,1,37,10,2,50,129,1
25850,"Hermitage, PA",2019-04-01,5,22,5,2,34,163,6
25850,"Hermitage, PA",2019-05-01,3,23,12,1,39,202,9
25850,"Hermitage, PA",2019-06-01,0,20,6,0,26,228,9
25850,"Hermitage, PA",2019-07-01,1,22,7,1,31,259,10
25850,"Hermitage, PA",2019-08-01,3,22,9,0,34,293,13
25850,"Hermitage, PA",2019-09-01,2,16,10,3,31,324,15
25850,"Hermitage, PA",2019-10-01,4,23,2,2,31,355,19
25850,"Hermitage, PA",2019-11-01,3,21,3,0,27,382,22
25850,"Hermitage, PA",2019-12-01,4,35,5,4,48,430,26
25850,"Hermitage, PA",2020-01-01,4,24,2,2,32,462,30
25850,"Hermitage, PA",2020-02-01,6,28,8,2,44,506,36
25850,"Hermitage, PA",2020-03-01,1,22,9,1,33,539,37
25850,"Hermitage, PA",2020-04-01,9,63,19,3,94,633,46
25850,"Hermitage, PA",2020-05-01,35,87,15,3,140,773,81
25850,"Hermitage, PA",2020-06-01,21,68,12,1,102,875,102
25850,"Hermitage, PA",2020-07-01,23,93,24,1,141,1016,125
25850,"Hermitage, PA",2020-08-01,23,64,23,1,111,1127,148
25850,"Hermitage, PA",2020-09-01,36,48,13,4,101,1228,184
25850,"Hermitage, PA",2020-10-01,10,41,7,2,60,1288,194
25850,"Hermitage, PA",2020-11-01,15,32,8,1,56,1344,209
25850,"Hermitage, PA",2020-12-01,13,34,12,2,61,1405,222
25850,"Hermitage, PA",2021-01-01,44,89,22,3,158,1563,266
25850,"Hermitage, PA",2021-02-01,25,46,12,2,85,1648,291
25850,"Hermitage, PA",2021-03-01,27,56,23,4,110,1758,318
25850,"Hermitage, PA",2021-04-01,35,78,22,5,140,1898,353
25850,"Hermitage, PA",2021-05-01,24,59,11,3,97,1995,377
25850,"Hermitage, PA",2021-06-01,12,48,5,2,67,2062,389
25850,"Hermitage, PA",2021-07-01,9,29,5,0,43,2105,398
25850,"Hermitage, PA",2021-08-01,10,43,6,2,61,2166,408
25850,"Hermitage, PA",2021-09-01,17,57,8,2,84,2250,425
25850,"Hermitage, PA",2021-10-01,6,21,6,0,33,2283,431
25850,"Hermitage, PA",2021-11-01,17,44,11,2,74,2357,448
25850,"Hermitage, PA",2021-12-01,17,57,12,3,89,2446,465
25850,"Hermitage, PA",2022-01-01,19,61,15,0,95,2541,484
25850,"Hermitage, PA",2022-02-01,31,52,15,1,99,2640,515
25850,"Hermitage, PA",2022-03-01,22,57,12,2,93,2733,537
25850,"Hermitage, PA",2022-04-01,20,30,7,0,57,2790,557
25850,"Hermitage, PA",2022-05-01,17,22,9,1,49,2839,574
25850,"Hermitage, PA",2022-06-01,7,19,4,1,31,2870,581
25850,"Hermitage, PA",2022-07-01,8,14,7,0,29,2899,589
25850,"Hermitage, PA",2022-08-01,11,20,7,1,39,2938,600
25850,"Hermitage, PA",2022-09-01,19,41,14,2,76,3014,619
25850,"Hermitage, PA",2022-10-01,12,23,7,1,43,3057,631
25850,"Hermitage, PA",2022-11-01,20,35,15,0,70,3127,651
25850,"Hermitage, PA",2022-12-01,29,30,11,0,70,3197,680
25850,"Hermitage, PA",2023-01-01,34,43,17,4,98,3295,714
25850,"Hermitage, PA",2023-02-01,20,54,24,2,100,3395,734
25850,"Hermitage, PA",2023-03-01,29,52,20,1,102,3497,763
25850,"Hermitage, PA",2023-04-01,26,35,16,1,78,3575,789
25850,"Hermitage, PA",2023-05-01,15,17,5,0,37,3612,804
25850,"Hermitage, PA",2023-06-01,11,20,2,0,33,3645,815
25850,"Hermitage, PA",2023-07-01,13,11,1,1,26,3671,828
25850,"Hermitage, PA",2023-08-01,14,12,6,0,32,3703,842
25850,"Hermitage, PA",2023-09-01,17,31,8,0,56,3759,859
25850,"Hermitage, PA",2023-10-01,15,26,10,2,53,3812,874
25850,"Hermitage, PA",2023-11-01,41,53,17,4,115,3927,915
25850,"Hermitage, PA",2023-12-01,35,51,22,1,109,4036,950
25850,"Hermitage, PA",2024-01-01,41,52,17,1,111,4147,991
25850,"Hermitage, PA",2024-02-01,34,49,15,1,99,4246,1025
25850,"Hermitage, PA",2024-03-01,34,40,21,1,96,4342,1059
25850,"Hermitage, PA",2024-04-01,35,38,19,3,95,4437,1094
25850,"Hermitage, PA",2024-05-01,33,48,12,0,93,4530,1127
25850,"Hermitage, PA",2024-06-01,38,39,10,0,87,4617,1165
25850,"Hermitage, PA",2024-07-01,35,33,9,2,79,4696,1200
25850,"Hermitage, PA",2024-08-01,33,44,21,2,100,4796,1233
25850,"Hermitage, PA",2024-09-01,22,27,15,2,66,4862,1255
25850,"Hermitage, PA",2024-10-01,32,36,14,0,82,4944,1287
25850,"Hermitage, PA",2024-11-01,32,40,13,3,88,5032,1319
25850,"Hermitage, PA",2024-12-01,47,50,12,2,111,5143,1366
25850,"Hermitage, PA",2025-01-01,50,51,23,1,125,5268,1416
25850,"Hermitage, PA",2025-02-01,31,40,12,2,85,5353,1447
25850,"Hermitage, PA",2025-03-01,30,49,17,2,98,5451,1477
25850,"Hermitage, PA",2025-04-01,40,41,16,0,97,5548,1517
25850,"Hermitage, PA",2025-05-01,48,37,15,3,103,5651,1565
25850,"Hermitage, PA",2025-06-01,39,42,16,4,101,5752,1604
25850,"Hermitage, PA",2025-07-01,40,50,16,0,106,5858,1644
25850,"Hermitage, PA",2025-08-01,23,41,14,2,80,5938,1667
25850,"Hermitage, PA",2025-09-01,1,0,0,0,1,5939,1668
26380,"Houma-Bayou Cane-Thibodaux, LA",2019-01-01,0,5,1,0,6,6,0
26380,"Houma-Bayou Cane-Thibodaux, LA",2019-02-01,0,3,1,0,4,10,0
26380,"Houma-Bayou Cane-Thibodaux, LA",2019-03-01,0,2,4,0,6,16,0
26380,"Houma-Bayou Cane-Thibodaux, LA",2019-04-01,0,15,5,2,22,38,0
26380,"Houma-Bayou Cane-Thibodaux, LA",2019-05-01,0,13,3,0,16,54,0
26380,"Houma-Bayou Cane-Thibodaux, LA",2019-06-01,0,10,3,0,13,67,0
26380,"Houma-Bayou Cane-Thibodaux, LA",2019-07-01,1,11,0,0,12,79,1
26380,"Houma-Bayou Cane-Thibodaux, LA",2019-08-01,1,5,2,0,8,87,2
26380,"Houma-Bayou Cane-Thibodaux, LA",2019-09-01,1,18,2,2,23,110,3
26380,"Houma-Bayou Cane-Thibodaux, LA",2019-10-01,0,16,2,0,18,128,3
26380,"Houma-Bayou Cane-Thibodaux, LA",2019-11-01,0,10,2,1,13,141,3
26380,"Houma-Bayou Cane-Thibodaux, LA",2019-12-01,3,13,0,0,16,157,6
26380,"Houma-Bayou Cane-Thibodaux, LA",2020-01-01,0,16,2,0,18,175,6
26380,"Houma-Bayou Cane-Thibodaux, LA",2020-02-01,4,12,3,0,19,194,10
26380,"Houma-Bayou Cane-Thibodaux, LA",2020-03-01,6,24,7,0,37,231,16
26380,"Houma-Bayou Cane-Thibodaux, LA",2020-04-01,13,44,10,1,68,299,29
26380,"Houma-Bayou Cane-Thibodaux, LA",2020-05-01,16,45,7,0,68,367,45
26380,"Houma-Bayou Cane-Thibodaux, LA",2020-06-01,10,54,12,0,76,443,55
26380,"Houma-Bayou Cane-Thibodaux, LA",2020-07-01,24,61,14,0,99,542,79
26380,"Houma-Bayou Cane-Thibodaux, LA",2020-08-01,20,77,8,0,105,647,99
26380,"Houma-Bayou Cane-Thibodaux, LA",2020-09-01,25,77,16,1,119,766,124
26380,"Houma-Bayou Cane-Thibodaux, LA",2020-10-01,20,78,9,3,110,876,144
26380,"Houma-Bayou Cane-Thibodaux, LA",2020-11-01,14,49,13,1,77,953,158
26380,"Houma-Bayou Cane-Thibodaux, LA",2020-12-01,12,31,8,0,51,1004,170
26380,"Houma-Bayou Cane-Thibodaux, LA",2021-01-01,29,71,13,1,114,1118,199
26380,"Houma-Bayou Cane-Thibodaux, LA",2021-02-01,30,66,15,1,112,1230,229
26380,"Houma-Bayou Cane-Thibodaux, LA",2021-03-01,28,64,12,2,106,1336,257
26380,"Houma-Bayou Cane-Thibodaux, LA",2021-04-01,28,97,16,0,141,1477,285
26380,"Houma-Bayou Cane-Thibodaux, LA",2021-05-01,37,105,15,1,158,1635,322
26380,"Houma-Bayou Cane-Thibodaux, LA",2021-06-01,44,87,17,1,149,1784,366
26380,"Houma-Bayou Cane-Thibodaux, LA",2021-07-01,26,66,10,3,105,1889,392
26380,"Houma-Bayou Cane-Thibodaux, LA",2021-08-01,19,53,12,1,85,1974,411
26380,"Houma-Bayou Cane-Thibodaux, LA",2021-09-01,10,30,8,1,49,2023,421
26380,"Houma-Bayou Cane-Thibodaux, LA",2021-10-01,28,65,17,1,111,2134,449
26380,"Houma-Bayou Cane-Thibodaux, LA",2021-11-01,33,60,19,2,114,2248,482
26380,"Houma-Bayou Cane-Thibodaux, LA",2021-12-01,45,65,17,0,127,2375,527
26380,"Houma-Bayou Cane-Thibodaux, LA",2022-01-01,29,89,16,0,134,2509,556
26380,"Houma-Bayou Cane-Thibodaux, LA",2022-02-01,29,42,19,2,92,2601,585
26380,"Houma-Bayou Cane-Thibodaux, LA",2022-03-01,29,77,22,2,130,2731,614
26380,"Houma-Bayou Cane-Thibodaux, LA",2022-04-01,27,65,18,0,110,2841,641
26380,"Houma-Bayou Cane-Thibodaux, LA",2022-05-01,30,80,20,0,130,2971,671
26380,"Houma-Bayou Cane-Thibodaux, LA",2022-06-01,30,45,13,1,89,3060,701
26380,"Houma-Bayou Cane-Thibodaux, LA",2022-07-01,25,51,13,0,89,3149,726
26380,"Houma-Bayou Cane-Thibodaux, LA",2022-08-01,19,60,8,0,87,3236,745
26380,"Houma-Bayou Cane-Thibodaux, LA",2022-09-01,31,57,10,2,100,3336,776
26380,"Houma-Bayou Cane-Thibodaux, LA",2022-10-01,40,46,14,0,100,3436,816
26380,"Houma-Bayou Cane-Thibodaux, LA",2022-11-01,30,65,13,0,108,3544,846
26380,"Houma-Bayou Cane-Thibodaux, LA",2022-12-01,48,61,19,0,128,3672,894
26380,"Houma-Bayou Cane-Thibodaux, LA",2023-01-01,39,57,17,2,115,3787,933
26380,"Houma-Bayou Cane-Thibodaux, LA",2023-02-01,33,45,14,0,92,3879,966
26380,"Houma-Bayou Cane-Thibodaux, LA",2023-03-01,68,101,24,0,193,4072,1034
26380,"Houma-Bayou Cane-Thibodaux, LA",2023-04-01,38,57,19,0,114,4186,1072
26380,"Houma-Bayou Cane-Thibodaux, LA",2023-05-01,27,37,9,0,73,4259,1099
26380,"Houma-Bayou Cane-Thibodaux, LA",2023-06-01,15,27,7,0,49,4308,1114
26380,"Houma-Bayou Cane-Thibodaux, LA",2023-07-01,30,25,12,0,67,4375,1144
26380,"Houma-Bayou Cane-Thibodaux, LA",2023-08-01,27,43,14,0,84,4459,1171
26380,"Houma-Bayou Cane-Thibodaux, LA",2023-09-01,39,83,22,2,146,4605,1210
26380,"Houma-Bayou Cane-Thibodaux, LA",2023-10-01,41,54,23,2,120,4725,1251
26380,"Houma-Bayou Cane-Thibodaux, LA",2023-11-01,71,89,31,5,196,4921,1322
26380,"Houma-Bayou Cane-Thibodaux, LA",2023-12-01,82,73,29,3,187,5108,1404
26380,"Houma-Bayou Cane-Thibodaux, LA",2024-01-01,85,80,24,3,192,5300,1489
26380,"Houma-Bayou Cane-Thibodaux, LA",2024-02-01,52,61,17,2,132,5432,1541
26380,"Houma-Bayou Cane-Thibodaux, LA",2024-03-01,81,98,37,0,216,5648,1622
26380,"Houma-Bayou Cane-Thibodaux, LA",2024-04-01,57,52,14,2,125,5773,1679
26380,"Houma-Bayou Cane-Thibodaux, LA",2024-05-01,39,46,7,1,93,5866,1718
26380,"Houma-Bayou Cane-Thibodaux, LA",2024-06-01,27,40,5,1,73,5939,1745
26380,"Houma-Bayou Cane-Thibodaux, LA",2024-07-01,24,30,9,3,66,6005,1769
26380,"Houma-Bayou Cane-Thibodaux, LA",2024-08-01,52,62,20,1,135,6140,1821
26380,"Houma-Bayou Cane-Thibodaux, LA",2024-09-01,61,67,17,1,146,6286,1882
26380,"Houma-Bayou Cane-Thibodaux, LA",2024-10-01,92,90,19,5,206,6492,1974
26380,"Houma-Bayou Cane-Thibodaux, LA",2024-11-01,89,90,31,2,212,6704,2063
26380,"Houma-Bayou Cane-Thibodaux, LA",2024-12-01,92,80,20,3,195,6899,2155
26380,"Houma-Bayou Cane-Thibodaux, LA",2025-01-01,89,79,32,1,201,7100,2244
26380,"Houma-Bayou Cane-Thibodaux, LA",2025-02-01,81,53,24,4,162,7262,2325
26380,"Houma-Bayou Cane-Thibodaux, LA",2025-03-01,102,82,25,3,212,7474,2427
26380,"Houma-Bayou Cane-Thibodaux, LA",2025-04-01,84,89,33,2,208,7682,2511
26380,"Houma-Bayou Cane-Thibodaux, LA",2025-05-01,99,95,46,6,246,7928,2610
26380,"Houma-Bayou Cane-Thibodaux, LA",2025-06-01,101,105,18,3,227,8155,2711
26380,"Houma-Bayou Cane-Thibodaux, LA",2025-07-01,98,91,23,2,214,8369,2809
26380,"Houma-Bayou Cane-Thibodaux, LA",2025-08-01,73,87,25,1,186,8555,2882
26380,"Houma-Bayou Cane-Thibodaux, LA",2025-09-01,4,2,2,0,8,8563,2886
34420,"Mount Pleasant, TX",2019-01-01,1,0,1,1,3,3,1
34420,"Mount Pleasant, TX",2019-03-01,0,3,1,0,4,7,1
34420,"Mount Pleasant, TX",2019-05-01,0,1,1,0,2,9,1
34420,"Mount Pleasant, TX",2019-06-01,0,2,0,0,2,11,1
34420,"Mount Pleasant, TX",2019-07-01,0,1,0,0,1,12,1
34420,"Mount Pleasant, TX",2019-08-01,1,3,2,0,6,18,2
34420,"Mount Pleasant, TX",2019-09-01,0,3,1,1,5,23,2
34420,"Mount Pleasant, TX",2019-10-01,1,2,0,0,3,26,3
34420,"Mount Pleasant, TX",2019-11-01,0,1,0,0,1,27,3
34420,"Mount Pleasant, TX",2019-12-01,0,0,1,0,1,28,3
34420,"Mount Pleasant, TX",2020-01-01,0,4,1,0,5,33,3
34420,"Mount Pleasant, TX",2020-02-01,0,3,2,0,5,38,3
34420,"Mount Pleasant, TX",2020-03-01,0,2,0,0,2,40,3
34420,"Mount Pleasant, TX",2020-04-01,1,4,2,0,7,47,4
34420,"Mount Pleasant, TX",2020-05-01,3,7,2,1,13,60,7
34420,"Mount Pleasant, TX",2020-06-01,1,9,0,0,10,70,8
34420,"Mount Pleasant, TX",2020-07-01,0,3,1,0,4,74,8
34420,"Mount Pleasant, TX",2020-08-01,1,11,4,0,16,90,9
34420,"Mount Pleasant, TX",2020-09-01,3,9,4,1,17,107,12
34420,"Mount Pleasant, TX",2020-10-01,1,13,4,0,18,125,13
34420,"Mount Pleasant, TX",2020-11-01,3,9,2,1,15,140,16
34420,"Mount Pleasant, TX",2020-12-01,6,13,3,0,22,162,22
34420,"Mount Pleasant, TX",2021-01-01,7,23,4,0,34,196,29
34420,"Mount Pleasant, TX",2021-02-01,3,16,3,0,22,218,32
34420,"Mount Pleasant, TX",2021-03-01,9,22,3,2,36,254,41
34420,"Mount Pleasant, TX",2021-04-01,6,15,8,1,30,284,47
34420,"Mount Pleasant, TX",2021-05-01,4,10,5,1,20,304,51
34420,"Mount Pleasant, TX",2021-06-01,9,16,6,1,32,336,60
34420,"Mount Pleasant, TX",2021-07-01,10,25,2,0,37,373,70
34420,"Mount Pleasant, TX",2021-08-01,7,16,9,0,32,405,77
34420,"Mount Pleasant, TX",2021-09-01,5,21,7,1,34,439,82
34420,"Mount Pleasant, TX",2021-10-01,3,28,6,1,38,477,85
34420,"Mount Pleasant, TX",2021-11-01,13,25,6,0,44,521,98
34420,"Mount Pleasant, TX",2021-12-01,7,22,7,1,37,558,105
34420,"Mount Pleasant, TX",2022-01-01,4,30,9,0,43,601,109
34420,"Mount Pleasant, TX",2022-02-01,5,21,9,0,35,636,114
34420,"Mount Pleasant, TX",2022-03-01,13,27,10,1,51,687,127
34420,"Mount Pleasant, TX",2022-04-01,5,20,4,0,29,716,132
34420,"Mount Pleasant, TX",2022-05-01,7,21,5,1,34,750,139
34420,"Mount Pleasant, TX",2022-06-01,6,11,2,2,21,771,145
34420,"Mount Pleasant, TX",2022-07-01,5,13,5,0,23,794,150
34420,"Mount Pleasant, TX",2022-08-01,6,12,8,1,27,821,156
34420,"Mount Pleasant, TX",2022-09-01,4,12,4,0,20,841,160
34420,"Mount Pleasant, TX",2022-10-01,8,11,5,2,26,867,168
34420,"Mount Pleasant, TX",2022-11-01,4,24,8,0,36,903,172
34420,"Mount Pleasant, TX",2022-12-01,16,12,7,1,36,939,188
34420,"Mount Pleasant, TX",2023-01-01,7,13,4,1,25,964,195
34420,"Mount Pleasant, TX",2023-02-01,8,24,6,1,39,1003,203
34420,"Mount Pleasant, TX",2023-03-01,14,30,10,4,58,1061,217
34420,"Mount Pleasant, TX",2023-04-01,14,12,7,0,33,1094,231
34420,"Mount Pleasant, TX",2023-05-01,6,27,6,3,42,1136,237
34420,"Mount Pleasant, TX",2023-06-01,15,26,5,0,46,1182,252
34420,"Mount Pleasant, TX",2023-07-01,17,23,3,0,43,1225,269
34420,"Mount Pleasant, TX",2023-08-01,9,10,1,0,20,1245,278
34420,"Mount Pleasant, TX",2023-09-01,5,24,6,2,37,1282,283
34420,"Mount Pleasant, TX",2023-10-01,11,17,2,0,30,1312,294
34420,"Mount Pleasant, TX",2023-11-01,15,20,6,0,41,1353,309
34420,"Mount Pleasant, TX",2023-12-01,10,17,3,0,30,1383,319
34420,"Mount Pleasant, TX",2024-01-01,7,29,10,1,47,1430,326
34420,"Mount Pleasant, TX",2024-02-01,13,24,11,1,49,1479,339
34420,"Mount Pleasant, TX",2024-03-01,25,25,5,0,55,1534,364
34420,"Mount Pleasant, TX",2024-04-01,18,18,5,0,41,1575,382
34420,"Mount Pleasant, TX",2024-05-01,14,23,3,0,40,1615,396
34420,"Mount Pleasant, TX",2024-06-01,15,21,5,0,41,1656,411
34420,"Mount Pleasant, TX",2024-07-01,6,9,2,0,17,1673,417
34420,"Mount Pleasant, TX",2024-08-01,4,7,10,0,21,1694,421
34420,"Mount Pleasant, TX",2024-09-01,12,14,6,2,34,1728,433
34420,"Mount Pleasant, TX",2024-10-01,6,31,6,1,44,1772,439
34420,"Mount Pleasant, TX",2024-11-01,15,10,5,1,31,1803,454
34420,"Mount Pleasant, TX",2024-12-01,20,23,9,0,52,1855,474
34420,"Mount Pleasant, TX",2025-01-01,10,16,11,0,37,1892,484
34420,"Mount Pleasant, TX",2025-02-01,9,29,3,0,41,1933,493
34420,"Mount Pleasant, TX",2025-03-01,23,28,13,2,66,1999,516
34420,"Mount Pleasant, TX",2025-04-01,12,11,11,2,36,2035,528
34420,"Mount Pleasant, TX",2025-05-01,12,28,6,0,46,2081,540
34420,"Mount Pleasant, TX",2025-06-01,14,26,9,0,49,2130,554
34420,"Mount Pleasant, TX",2025-07-01,7,11,5,0,23,2153,561
34420,"Mount Pleasant, TX",2025-08-01,6,15,2,0,23,2176,567
12060,"Atlanta-Sandy Springs-Roswell, GA",2019-01-01,17,1005,265,24,1311,1311,17
12060,"Atlanta-Sandy Springs-Roswell, GA",2019-02-01,20,758,176,14,968,2279,37
12060,"Atlanta-Sandy Springs-Roswell, GA",2019-03-01,31,1237,267,22,1557,3836,68
12060,"Atlanta-Sandy Springs-Roswell, GA",2019-04-01,64,1594,351,22,2031,5867,132
12060,"Atlanta-Sandy Springs-Roswell, GA",2019-05-01,48,1823,362,25,2258,8125,180
12060,"Atlanta-Sandy Springs-Roswell, GA",2019-06-01,32,1032,251,17,1332,9457,212
12060,"Atlanta-Sandy Springs-Roswell, GA",2019-07-01,80,1371,302,25,1778,11235,292
12060,"Atlanta-Sandy Springs-Roswell, GA",2019-08-01,75,1636,312,34,2057,13292,367
12060,"Atlanta-Sandy Springs-Roswell, GA",2019-09-01,78,1526,330,21,1955,15247,445
12060,"Atlanta-Sandy Springs-Roswell, GA",2019-10-01,108,1464,322,24,1918,17165,553
12060,"Atlanta-Sandy Springs-Roswell, GA",2019-11-01,104,1334,291,30,1759,18924,657
12060,"Atlanta-Sandy Springs-Roswell, GA",2019-12-01,67,849,203,15,1134,20058,724
12060,"Atlanta-Sandy Springs-Roswell, GA",2020-01-01,137,1445,329,24,1935,21993,861
12060,"Atlanta-Sandy Springs-Roswell, GA",2020-02-01,170,1449,314,27,1960,23953,1031
12060,"Atlanta-Sandy Springs-Roswell, GA",2020-03-01,219,1707,378,16,2320,26273,1250
12060,"Atlanta-Sandy Springs-Roswell, GA",2020-04-01,460,2306,523,52,3341,29614,1710
12060,"Atlanta-Sandy Springs-Roswell, GA",2020-05-01,1133,3686,694,66,5579,35193,2843
12060,"Atlanta-Sandy Springs-Roswell, GA",2020-06-01,1218,3824,574,48,5664,40857,4061
12060,"Atlanta-Sandy Springs-Roswell, GA",2020-07-01,1346,4529,727,105,6707,47564,5407
12060,"Atlanta-Sandy Springs-Roswell, GA",2020-08-01,1145,4971,821,71,7008,54572,6552
12060,"Atlanta-Sandy Springs-Roswell, GA",2020-09-01,1006,4299,764,79,6148,60720,7558
12060,"Atlanta-Sandy Springs-Roswell, GA",2020-10-01,749,3430,590,65,4834,65554,8307
12060,"Atlanta-Sandy Springs-Roswell, GA",2020-11-01,697,2851,533,55,4136,69690,9004
12060,"Atlanta-Sandy Springs-Roswell, GA",2020-12-01,1114,3586,647,58,5405,75095,10118
12060,"Atlanta-Sandy Springs-Roswell, GA",2021-01-01,1416,4425,828,77,6746,81841,11534
12060,"Atlanta-Sandy Springs-Roswell, GA",2021-02-01,884,3171,656,71,4782,86623,12418
12060,"Atlanta-Sandy Springs-Roswell, GA",2021-03-01,1204,3749,835,75,5863,92486,13622
12060,"Atlanta-Sandy Springs-Roswell, GA",2021-04-01,1322,4680,900,78,6980,99466,14944
12060,"Atlanta-Sandy Springs-Roswell, GA",2021-05-01,1650,5282,1071,68,8071,107537,16594
12060,"Atlanta-Sandy Springs-Roswell, GA",2021-06-01,1634,5813,1096,109,8652,116189,18228
12060,"Atlanta-Sandy Springs-Roswell, GA",2021-07-01,1451,5680,1182,108,8421,124610,19679
12060,"Atlanta-Sandy Springs-Roswell, GA",2021-08-01,1182,5336,1109,102,7729,132339,20861
12060,"Atlanta-Sandy Springs-Roswell, GA",2021-09-01,1051,4500,988,89,6628,138967,21912
12060,"Atlanta-Sandy Springs-Roswell, GA",2021-10-01,972,3750,895,91,5708,144675,22884
12060,"Atlanta-Sandy Springs-Roswell, GA",2021-11-01,971,3180,691,60,4902,149577,23855
12060,"Atlanta-Sandy Springs-Roswell, GA",2021-12-01,1511,3652,761,79,6003,155580,25366
12060,"Atlanta-Sandy Springs-Roswell, GA",2022-01-01,1080,3406,775,85,5346,160926,26446
12060,"Atlanta-Sandy Springs-Roswell, GA",2022-02-01,495,1417,328,38,2278,163204,26941
12060,"Atlanta-Sandy Springs-Roswell, GA",2022-03-01,1264,3548,822,96,5730,168934,28205
12060,"Atlanta-Sandy Springs-Roswell, GA",2022-04-01,1182,3322,785,86,5375,174309,29387
12060,"Atlanta-Sandy Springs-Roswell, GA",2022-05-01,1407,3290,765,66,5528,179837,30794
12060,"Atlanta-Sandy Springs-Roswell, GA",2022-06-01,954,2297,535,39,3825,183662,31748
12060,"Atlanta-Sandy Springs-Roswell, GA",2022-07-01,419,1116,268,20,1823,185485,32167
12060,"Atlanta-Sandy Springs-Roswell, GA",2022-08-01,599,1726,427,36,2788,188273,32766
12060,"Atlanta-Sandy Springs-Roswell, GA",2022-09-01,836,2252,571,54,3713,191986,33602
12060,"Atlanta-Sandy Springs-Roswell, GA",2022-10-01,1309,3025,896,86,5316,197302,34911
12060,"Atlanta-Sandy Springs-Roswell, GA",2022-11-01,1175,2855,789,64,4883,202185,36086
12060,"Atlanta-Sandy Springs-Roswell, GA",2022-12-01,1365,2603,672,60,4700,206885,37451
12060,"Atlanta-Sandy Springs-Roswell, GA",2023-01-01,1156,2538,709,59,4462,211347,38607
12060,"Atlanta-Sandy Springs-Roswell, GA",2023-02-01,1077,2175,660,52,3964,215311,39684
12060,"Atlanta-Sandy Springs-Roswell, GA",2023-03-01,1489,2999,774,80,5342,220653,41173
12060,"Atlanta-Sandy Springs-Roswell, GA",2023-04-01,1055,2417,673,71,4216,224869,42228
12060,"Atlanta-Sandy Springs-Roswell, GA",2023-05-01,1049,1913,535,39,3536,228405,43277
12060,"Atlanta-Sandy Springs-Roswell, GA",2023-06-01,535,1154,281,21,1991,230396,43812
12060,"Atlanta-Sandy Springs-Roswell, GA",2023-07-01,487,1233,325,30,2075,232471,44299
12060,"Atlanta-Sandy Springs-Roswell, GA",2023-08-01,915,2034,645,56,3650,236121,45214
12060,"Atlanta-Sandy Springs-Roswell, GA",2023-09-01,1214,2703,830,83,4830,240951,46428
12060,"Atlanta-Sandy Springs-Roswell, GA",2023-10-01,1265,2723,846,66,4900,245851,47693
12060,"Atlanta-Sandy Springs-Roswell, GA",2023-11-01,1365,2789,815,73,5042,250893,49058
12060,"Atlanta-Sandy Springs-Roswell, GA",2023-12-01,1686,2734,784,76,5280,256173,50744
12060,"Atlanta-Sandy Springs-Roswell, GA",2024-01-01,1506,2811,817,75,5209,261382,52250
12060,"Atlanta-Sandy Springs-Roswell, GA",2024-02-01,1441,2480,764,80,4765,266147,53691
12060,"Atlanta-Sandy Springs-Roswell, GA",2024-03-01,1556,2567,760,82,4965,271112,55247
12060,"Atlanta-Sandy Springs-Roswell, GA",2024-04-01,1365,2429,667,53,4514,275626,56612
12060,"Atlanta-Sandy Springs-Roswell, GA",2024-05-01,1679,2481,673,67,4900,280526,58291
12060,"Atlanta-Sandy Springs-Roswell, GA",2024-06-01,1390,2683,776,62,4911,285437,59681
12060,"Atlanta-Sandy Springs-Roswell, GA",2024-07-01,733,1706,408,44,2891,288328,60414
12060,"Atlanta-Sandy Springs-Roswell, GA",2024-08-01,1099,2683,760,76,4618,292946,61513
12060,"Atlanta-Sandy Springs-Roswell, GA",2024-09-01,1228,2828,859,92,5007,297953,62741
12060,"Atlanta-Sandy Springs-Roswell, GA",2024-10-01,1406,2729,787,79,5001,302954,64147
12060,"Atlanta-Sandy Springs-Roswell, GA",2024-11-01,1357,2578,678,69,4682,307636,65504
12060,"Atlanta-Sandy Springs-Roswell, GA",2024-12-01,1473,2387,664,70,4594,312230,66977
12060,"Atlanta-Sandy Springs-Roswell, GA",2025-01-01,1318,2347,695,57,4417,316647,68295
12060,"Atlanta-Sandy Springs-Roswell, GA",2025-02-01,1083,1899,711,91,3784,320431,69378
12060,"Atlanta-Sandy Springs-Roswell, GA",2025-03-01,1307,2075,687,118,4187,324618,70685
12060,"Atlanta-Sandy Springs-Roswell, GA",2025-04-01,1451,2078,629,84,4242,328860,72136
12060,"Atlanta-Sandy Springs-Roswell, GA",2025-05-01,1636,2187,661,62,4546,333406,73772
12060,"Atlanta-Sandy Springs-Roswell, GA",2025-06-01,1573,2143,691,64,4471,337877,75345
12060,"Atlanta-Sandy Springs-Roswell, GA",2025-07-01,1268,2000,626,59,3953,341830,76613
12060,"Atlanta-Sandy Springs-Roswell, GA",2025-08-01,1014,1621,541,61,3237,345067,77627
12060,"Atlanta-Sandy Springs-Roswell, GA",2025-09-01,10,39,6,0,55,345122,77637
25900,"Hilo-Kailua, HI",2019-01-01,0,14,2,0,16,16,0
25900,"Hilo-Kailua, HI",2019-02-01,2,15,3,0,20,36,2
25900,"Hilo-Kailua, HI",2019-03-01,0,18,2,0,20,56,2
25900,"Hilo-Kailua, HI",2019-04-01,1,25,4,0,30,86,3
25900,"Hilo-Kailua, HI",2019-05-01,2,13,4,1,20,106,5
25900,"Hilo-Kailua, HI",2019-06-01,4,34,11,1,50,156,9
25900,"Hilo-Kailua, HI",2019-07-01,3,40,7,1,51,207,12
25900,"Hilo-Kailua, HI",2019-08-01,3,28,7,0,38,245,15
25900,"Hilo-Kailua, HI",2019-09-01,1,41,12,1,55,300,16
25900,"Hilo-Kailua, HI",2019-10-01,4,35,6,0,45,345,20
25900,"Hilo-Kailua, HI",2019-11-01,2,39,5,1,47,392,22
25900,"Hilo-Kailua, HI",2019-12-01,3,24,13,1,41,433,25
25900,"Hilo-Kailua, HI",2020-01-01,4,37,8,2,51,484,29
25900,"Hilo-Kailua, HI",2020-02-01,3,34,10,1,48,532,32
25900,"Hilo-Kailua, HI",2020-03-01,8,53,24,3,88,620,40
25900,"Hilo-Kailua, HI",2020-04-01,18,70,24,2,114,734,58
25900,"Hilo-Kailua, HI",2020-05-01,28,88,16,2,134,868,86
25900,"Hilo-Kailua, HI",2020-06-01,26,60,11,0,97,965,112
25900,"Hilo-Kailua, HI",2020-07-01,17,107,20,2,146,1111,129
25900,"Hilo-Kailua, HI",2020-08-01,28,94,14,3,139,1250,157
25900,"Hilo-Kailua, HI",2020-09-01,21,84,17,4,126,1376,178
25900,"Hilo-Kailua, HI",2020-10-01,13,74,13,2,102,1478,191
25900,"Hilo-Kailua, HI",2020-11-01,23,64,8,1,96,1574,214
25900,"Hilo-Kailua, HI",2020-12-01,27,66,13,3,109,1683,241
25900,"Hilo-Kailua, HI",2021-01-01,32,80,20,1,133,1816,273
25900,"Hilo-Kailua, HI",2021-02-01,18,62,12,1,93,1909,291
25900,"Hilo-Kailua, HI",2021-03-01,26,65,16,4,111,2020,317
25900,"Hilo-Kailua, HI",2021-04-01,26,80,18,0,124,2144,343
25900,"Hilo-Kailua, HI",2021-05-01,29,88,6,1,124,2268,372
25900,"Hilo-Kailua, HI",2021-06-01,45,111,13,3,172,2440,417
25900,"Hilo-Kailua, HI",2021-07-01,31,89,17,3,140,2580,448
25900,"Hilo-Kailua, HI",2021-08-01,31,84,21,3,139,2719,479
25900,"Hilo-Kailua, HI",2021-09-01,24,132,31,2,189,2908,503
25900,"Hilo-Kailua, HI",2021-10-01,25,68,30,3,126,3034,528
25900,"Hilo-Kailua, HI",2021-11-01,27,77,21,4,129,3163,555
25900,"Hilo-Kailua, HI",2021-12-01,15,84,19,2,120,3283,570
25900,"Hilo-Kailua, HI",2022-01-01,35,102,23,3,163,3446,605
25900,"Hilo-Kailua, HI",2022-02-01,19,73,20,1,113,3559,624
25900,"Hilo-Kailua, HI",2022-03-01,25,75,20,3,123,3682,649
25900,"Hilo-Kailua, HI",2022-04-01,22,53,18,3,96,3778,671
25900,"Hilo-Kailua, HI",2022-05-01,26,63,16,0,105,3883,697
25900,"Hilo-Kailua, HI",2022-06-01,24,79,15,1,119,4002,721
25900,"Hilo-Kailua, HI",2022-07-01,20,56,17,1,94,4096,741
25900,"Hilo-Kailua, HI",2022-08-01,29,60,17,1,107,4203,770
25900,"Hilo-Kailua, HI",2022-09-01,28,65,13,1,107,4310,798
25900,"Hilo-Kailua, HI",2022-10-01,34,78,26,2,140,4450,832
25900,"Hilo-Kailua, HI",2022-11-01,38,67,21,2,128,4578,870
25900,"Hilo-Kailua, HI",2022-12-01,25,49,18,2,94,4672,895
25900,"Hilo-Kailua, HI",2023-01-01,35,52,25,2,114,4786,930
25900,"Hilo-Kailua, HI",2023-02-01,30,46,15,2,93,4879,960
25900,"Hilo-Kailua, HI",2023-03-01,49,41,15,2,107,4986,1009
25900,"Hilo-Kailua, HI",2023-04-01,34,51,16,0,101,5087,1043
25900,"Hilo-Kailua, HI",2023-05-01,55,43,18,2,118,5205,1098
25900,"Hilo-Kailua, HI",2023-06-01,30,54,13,1,98,5303,1128
25900,"Hilo-Kailua, HI",2023-07-01,47,59,22,1,129,5432,1175
25900,"Hilo-Kailua, HI",2023-08-01,32,84,18,1,135,5567,1207
25900,"Hilo-Kailua, HI",2023-09-01,41,55,12,2,110,5677,1248
25900,"Hilo-Kailua, HI",2023-10-01,30,62,17,1,110,5787,1278
25900,"Hilo-Kailua, HI",2023-11-01,34,45,18,1,98,5885,1312
25900,"Hilo-Kailua, HI",2023-12-01,24,69,12,2,107,5992,1336
25900,"Hilo-Kailua, HI",2024-01-01,28,55,15,3,101,6093,1364
25900,"Hilo-Kailua, HI",2024-02-01,45,44,17,1,107,6200,1409
25900,"Hilo-Kailua, HI",2024-03-01,47,47,13,1,108,6308,1456
25900,"Hilo-Kailua, HI",2024-04-01,35,56,8,1,100,6408,1491
25900,"Hilo-Kailua, HI",2024-05-01,68,76,9,2,155,6563,1559
25900,"Hilo-Kailua, HI",2024-06-01,54,40,17,2,113,6676,1613
25900,"Hilo-Kailua, HI",2024-07-01,51,60,21,0,132,6808,1664
25900,"Hilo-Kailua, HI",2024-08-01,44,55,19,2,120,6928,1708
25900,"Hilo-Kailua, HI",2024-09-01,44,62,20,3,129,7057,1752
25900,"Hilo-Kailua, HI",2024-10-01,40,56,13,2,111,7168,1792
25900,"Hilo-Kailua, HI",2024-11-01,48,58,18,1,125,7293,1840
25900,"Hilo-Kailua, HI",2024-12-01,51,58,22,3,134,7427,1891
25900,"Hilo-Kailua, HI",2025-01-01,53,62,22,3,140,7567,1944
25900,"Hilo-Kailua, HI",2025-02-01,35,55,25,4,119,7686,1979
25900,"Hilo-Kailua, HI",2025-03-01,46,45,17,3,111,7797,2025
25900,"Hilo-Kailua, HI",2025-04-01,54,45,18,1,118,7915,2079
25900,"Hilo-Kailua, HI",2025-05-01,57,57,18,2,134,8049,2136
25900,"Hilo-Kailua, HI",2025-06-01,64,65,12,0,141,8190,2200
25900,"Hilo-Kailua, HI",2025-07-01,60,50,11,0,121,8311,2260
25900,"Hilo-Kailua, HI",2025-08-01,54,47,13,1,115,8426,2314
25900,"Hilo-Kailua, HI",2025-09-01,0,2,0,0,2,8428,2314
23500,"Gaffney, SC",2019-01-01,0,4,3,0,7,7,0
23500,"Gaffney, SC",2019-02-01,0,7,2,0,9,16,0
23500,"Gaffney, SC",2019-03-01,0,13,4,0,17,33,0
23500,"Gaffney, SC",2019-04-01,0,8,2,0,10,43,0
23500,"Gaffney, SC",2019-05-01,1,8,4,1,14,57,1
23500,"Gaffney, SC",2019-06-01,1,6,6,0,13,70,2
23500,"Gaffney, SC",2019-07-01,0,18,8,2,28,98,2
23500,"Gaffney, SC",2019-08-01,4,18,5,0,27,125,6
23500,"Gaffney, SC",2019-09-01,0,26,9,0,35,160,6
23500,"Gaffney, SC",2019-10-01,0,5,5,1,11,171,6
23500,"Gaffney, SC",2019-11-01,2,16,7,0,25,196,8
23500,"Gaffney, SC",2019-12-01,1,17,5,1,24,220,9
23500,"Gaffney, SC",2020-01-01,0,13,4,0,17,237,9
23500,"Gaffney, SC",2020-02-01,1,12,2,0,15,252,10
23500,"Gaffney, SC",2020-03-01,6,24,7,0,37,289,16
23500,"Gaffney, SC",2020-04-01,10,32,15,0,57,346,26
23500,"Gaffney, SC",2020-05-01,22,50,17,0,89,435,48
23500,"Gaffney, SC",2020-06-01,8,35,8,0,51,486,56
23500,"Gaffney, SC",2020-07-01,12,47,14,3,76,562,68
23500,"Gaffney, SC",2020-08-01,13,64,11,3,91,653,81
23500,"Gaffney, SC",2020-09-01,15,45,9,3,72,725,96
23500,"Gaffney, SC",2020-10-01,6,26,8,1,41,766,102
23500,"Gaffney, SC",2020-11-01,12,33,4,2,51,817,114
23500,"Gaffney, SC",2020-12-01,9,34,3,0,46,863,123
23500,"Gaffney, SC",2021-01-01,25,66,15,2,108,971,148
23500,"Gaffney, SC",2021-02-01,16,45,13,0,74,1045,164
23500,"Gaffney, SC",2021-03-01,36,56,12,1,105,1150,200
23500,"Gaffney, SC",2021-04-01,22,67,16,2,107,1257,222
23500,"Gaffney, SC",2021-05-01,19,80,17,1,117,1374,241
23500,"Gaffney, SC",2021-06-01,22,62,14,2,100,1474,263
23500,"Gaffney, SC",2021-07-01,22,46,26,2,96,1570,285
23500,"Gaffney, SC",2021-08-01,17,52,20,2,91,1661,302
23500,"Gaffney, SC",2021-09-01,18,76,24,1,119,1780,320
23500,"Gaffney, SC",2021-10-01,10,43,16,0,69,1849,330
23500,"Gaffney, SC",2021-11-01,14,42,12,0,68,1917,344
23500,"Gaffney, SC",2021-12-01,29,56,16,0,101,2018,373
23500,"Gaffney, SC",2022-01-01,25,73,13,2,113,2131,398
23500,"Gaffney, SC",2022-02-01,23,47,25,1,96,2227,421
23500,"Gaffney, SC",2022-03-01,36,55,17,1,109,2336,457
23500,"Gaffney, SC",2022-04-01,23,61,17,1,102,2438,480
23500,"Gaffney, SC",2022-05-01,25,67,14,1,107,2545,505
23500,"Gaffney, SC",2022-06-01,15,31,7,3,56,2601,520
23500,"Gaffney, SC",2022-07-01,16,44,15,2,77,2678,536
23500,"Gaffney, SC",2022-08-01,17,54,15,1,87,2765,553
23500,"Gaffney, SC",2022-09-01,10,29,6,2,47,2812,563
23500,"Gaffney, SC",2022-10-01,18,33,10,2,63,2875,581
23500,"Gaffney, SC",2022-11-01,23,47,17,1,88,2963,604
23500,"Gaffney, SC",2022-12-01,27,49,17,0,93,3056,631
23500,"Gaffney, SC",2023-01-01,26,46,10,2,84,3140,657
23500,"Gaffney, SC",2023-02-01,21,40,11,0,72,3212,678
23500,"Gaffney, SC",2023-03-01,31,51,17,4,103,3315,709
23500,"Gaffney, SC",2023-04-01,27,44,22,2,95,3410,736
23500,"Gaffney, SC",2023-05-01,16,46,14,0,76,3486,752
23500,"Gaffney, SC",2023-06-01,9,18,11,0,38,3524,761
23500,"Gaffney, SC",2023-07-01,12,17,4,1,34,3558,773
23500,"Gaffney, SC",2023-08-01,16,45,9,0,70,3628,789
23500,"Gaffney, SC",2023-09-01,26,52,27,2,107,3735,815
23500,"Gaffney, SC",2023-10-01,24,41,16,0,81,3816,839
23500,"Gaffney, SC",2023-11-01,35,47,15,0,97,3913,874
23500,"Gaffney, SC",2023-12-01,27,55,16,2,100,4013,901
23500,"Gaffney, SC",2024-01-01,35,61,16,2,114,4127,936
23500,"Gaffney, SC",2024-02-01,52,39,14,4,109,4236,988
23500,"Gaffney, SC",2024-03-01,57,52,16,3,128,4364,1045
23500,"Gaffney, SC",2024-04-01,36,60,15,4,115,4479,1081
23500,"Gaffney, SC",2024-05-01,34,58,22,2,116,4595,1115
23500,"Gaffney, SC",2024-06-01,34,48,15,5,102,4697,1149
23500,"Gaffney, SC",2024-07-01,29,41,10,2,82,4779,1178
23500,"Gaffney, SC",2024-08-01,35,50,15,1,101,4880,1213
23500,"Gaffney, SC",2024-09-01,24,38,23,1,86,4966,1237
23500,"Gaffney, SC",2024-10-01,29,32,11,2,74,5040,1266
23500,"Gaffney, SC",2024-11-01,32,47,18,4,101,5141,1298
23500,"Gaffney, SC",2024-12-01,53,44,12,3,112,5253,1351
23500,"Gaffney, SC",2025-01-01,25,38,16,3,82,5335,1376
23500,"Gaffney, SC",2025-02-01,27,34,11,1,73,5408,1403
23500,"Gaffney, SC",2025-03-01,44,34,10,2,90,5498,1447
23500,"Gaffney, SC",2025-04-01,44,47,16,0,107,5605,1491
23500,"Gaffney, SC",2025-05-01,49,57,8,3,117,5722,1540
23500,"Gaffney, SC",2025-06-01,31,46,18,3,98,5820,1571
23500,"Gaffney, SC",2025-07-01,30,40,8,2,80,5900,1601
23500,"Gaffney, SC",2025-08-01,20,33,16,4,73,5973,1621
23500,"Gaffney, SC",2025-09-01,1,0,0,0,1,5974,1622
36420,"Oklahoma City, OK",2019-01-01,6,222,74,5,307,307,6
36420,"Oklahoma City, OK",2019-02-01,4,179,49,6,238,545,10
36420,"Oklahoma City, OK",2019-03-01,5,252,69,7,333,878,15
36420,"Oklahoma City, OK",2019-04-01,12,311,60,11,394,1272,27
36420,"Oklahoma City, OK",2019-05-01,5,311,71,7,394,1666,32
36420,"Oklahoma City, OK",2019-06-01,6,207,45,6,264,1930,38
36420,"Oklahoma City, OK",2019-07-01,13,165,48,6,232,2162,51
36420,"Oklahoma City, OK",2019-08-01,15,302,72,4,393,2555,66
36420,"Oklahoma City, OK",2019-09-01,17,302,84,10,413,2968,83
36420,"Oklahoma City, OK",2019-10-01,15,185,45,14,259,3227,98
36420,"Oklahoma City, OK",2019-11-01,19,181,55,7,262,3489,117
36420,"Oklahoma City, OK",2019-12-01,21,141,42,3,207,3696,138
36420,"Oklahoma City, OK",2020-01-01,22,188,36,5,251,3947,160
36420,"Oklahoma City, OK",2020-02-01,22,161,44,5,232,4179,182
36420,"Oklahoma City, OK",2020-03-01,51,363,100,14,528,4707,233
36420,"Oklahoma City, OK",2020-04-01,169,776,227,21,1193,5900,402
36420,"Oklahoma City, OK",2020-05-01,182,670,152,18,1022,6922,584
36420,"Oklahoma City, OK",2020-06-01,142,564,103,7,816,7738,726
36420,"Oklahoma City, OK",2020-07-01,192,835,177,11,1215,8953,918
36420,"Oklahoma City, OK",2020-08-01,165,745,138,26,1074,10027,1083
36420,"Oklahoma City, OK",2020-09-01,173,663,126,10,972,10999,1256
36420,"Oklahoma City, OK",2020-10-01,121,521,115,7,764,11763,1377
36420,"Oklahoma City, OK",2020-11-01,103,407,77,14,601,12364,1480
36420,"Oklahoma City, OK",2020-12-01,86,313,81,12,492,12856,1566
36420,"Oklahoma City, OK",2021-01-01,346,891,195,17,1449,14305,1912
36420,"Oklahoma City, OK",2021-02-01,166,517,107,11,801,15106,2078
36420,"Oklahoma City, OK",2021-03-01,388,1050,268,26,1732,16838,2466
36420,"Oklahoma City, OK",2021-04-01,275,903,193,22,1393,18231,2741
36420,"Oklahoma City, OK",2021-05-01,199,721,142,12,1074,19305,2940
36420,"Oklahoma City, OK",2021-06-01,149,496,106,7,758,20063,3089
36420,"Oklahoma City, OK",2021-07-01,108,382,80,7,577,20640,3197
36420,"Oklahoma City, OK",2021-08-01,157,639,148,13,957,21597,3354
36420,"Oklahoma City, OK",2021-09-01,233,905,211,23,1372,22969,3587
36420,"Oklahoma City, OK",2021-10-01,100,356,108,5,569,23538,3687
36420,"Oklahoma City, OK",2021-11-01,97,294,77,9,477,24015,3784
36420,"Oklahoma City, OK",2021-12-01,311,637,183,23,1154,25169,4095
36420,"Oklahoma City, OK",2022-01-01,582,1153,296,28,2059,27228,4677
36420,"Oklahoma City, OK",2022-02-01,252,595,149,13,1009,28237,4929
36420,"Oklahoma City, OK",2022-03-01,490,1121,284,26,1921,30158,5419
36420,"Oklahoma City, OK",2022-04-01,164,408,88,6,666,30824,5583
36420,"Oklahoma City, OK",2022-05-01,224,560,138,10,932,31756,5807
36420,"Oklahoma City, OK",2022-06-01,119,302,74,5,500,32256,5926
36420,"Oklahoma City, OK",2022-07-01,122,249,63,5,439,32695,6048
36420,"Oklahoma City, OK",2022-08-01,182,461,132,7,782,33477,6230
36420,"Oklahoma City, OK",2022-09-01,240,598,164,13,1015,34492,6470
36420,"Oklahoma City, OK",2022-10-01,233,493,155,13,894,35386,6703
36420,"Oklahoma City, OK",2022-11-01,375,786,199,20,1380,36766,7078
36420,"Oklahoma City, OK",2022-12-01,451,730,228,21,1430,38196,7529
36420,"Oklahoma City, OK",2023-01-01,466,838,263,20,1587,39783,7995
36420,"Oklahoma City, OK",2023-02-01,414,723,230,18,1385,41168,8409
36420,"Oklahoma City, OK",2023-03-01,577,878,241,33,1729,42897,8986
36420,"Oklahoma City, OK",2023-04-01,316,659,159,15,1149,44046,9302
36420,"Oklahoma City, OK",2023-05-01,214,393,86,6,699,44745,9516
36420,"Oklahoma City, OK",2023-06-01,152,279,69,7,507,45252,9668
36420,"Oklahoma City, OK",2023-07-01,196,301,99,9,605,45857,9864
36420,"Oklahoma City, OK",2023-08-01,204,389,97,14,704,46561,10068
36420,"Oklahoma City, OK",2023-09-01,273,551,173,18,1015,47576,10341
36420,"Oklahoma City, OK",2023-10-01,159,295,71,7,532,48108,10500
36420,"Oklahoma City, OK",2023-11-01,479,672,233,17,1401,49509,10979
36420,"Oklahoma City, OK",2023-12-01,543,723,224,20,1510,51019,11522
36420,"Oklahoma City, OK",2024-01-01,592,835,256,27,1710,52729,12114
36420,"Oklahoma City, OK",2024-02-01,553,663,204,24,1444,54173,12667
36420,"Oklahoma City, OK",2024-03-01,606,778,214,25,1623,55796,13273
36420,"Oklahoma City, OK",2024-04-01,450,604,179,21,1254,57050,13723
36420,"Oklahoma City, OK",2024-05-01,513,718,219,31,1481,58531,14236
36420,"Oklahoma City, OK",2024-06-01,547,734,245,23,1549,60080,14783
36420,"Oklahoma City, OK",2024-07-01,535,673,202,18,1428,61508,15318
36420,"Oklahoma City, OK",2024-08-01,467,710,200,33,1410,62918,15785
36420,"Oklahoma City, OK",2024-09-01,272,418,81,16,787,63705,16057
36420,"Oklahoma City, OK",2024-10-01,542,695,207,21,1465,65170,16599
36420,"Oklahoma City, OK",2024-11-01,581,762,188,29,1560,66730,17180
36420,"Oklahoma City, OK",2024-12-01,616,666,204,16,1502,68232,17796
36420,"Oklahoma City, OK",2025-01-01,627,719,206,21,1573,69805,18423
36420,"Oklahoma City, OK",2025-02-01,655,624,204,15,1498,71303,19078
36420,"Oklahoma City, OK",2025-03-01,693,709,168,15,1585,72888,19771
36420,"Oklahoma City, OK",2025-04-01,608,707,207,19,1541,74429,20379
36420,"Oklahoma City, OK",2025-05-01,672,765,196,15,1648,76077,21051
36420,"Oklahoma City, OK",2025-06-01,680,730,182,26,1618,77695,21731
36420,"Oklahoma City, OK",2025-07-01,470,537,163,13,1183,78878,22201
36420,"Oklahoma City, OK",2025-08-01,481,571,178,28,1258,80136,22682
36420,"Oklahoma City, OK",2025-09-01,10,11,3,0,24,80160,22692
33620,"Moberly, MO",2019-04-01,0,2,0,0,2,2,0
33620,"Moberly, MO",2019-05-01,1,0,0,0,1,3,1
33620,"Moberly, MO",2019-10-01,0,1,0,0,1,4,1
33620,"Moberly, MO",2019-11-01,0,2,0,0,2,6,1
33620,"Moberly, MO",2019-12-01,0,1,1,0,2,8,1
33620,"Moberly, MO",2020-01-01,0,2,0,0,2,10,1
33620,"Moberly, MO",2020-02-01,1,1,0,0,2,12,2
33620,"Moberly, MO",2020-03-01,0,1,0,0,1,13,2
33620,"Moberly, MO",2020-04-01,0,0,1,0,1,14,2
33620,"Moberly, MO",2020-05-01,0,4,0,0,4,18,2
33620,"Moberly, MO",2020-08-01,0,2,0,1,3,21,2
33620,"Moberly, MO",2020-09-01,1,5,0,0,6,27,3
33620,"Moberly, MO",2020-10-01,0,3,0,0,3,30,3
33620,"Moberly, MO",2020-11-01,1,1,1,1,4,34,4
33620,"Moberly, MO",2020-12-01,0,3,0,0,3,37,4
33620,"Moberly, MO",2021-01-01,0,4,2,0,6,43,4
33620,"Moberly, MO",2021-02-01,2,2,1,0,5,48,6
33620,"Moberly, MO",2021-03-01,3,5,1,0,9,57,9
33620,"Moberly, MO",2021-04-01,0,3,1,0,4,61,9
33620,"Moberly, MO",2021-05-01,5,5,5,0,15,76,14
33620,"Moberly, MO",2021-06-01,2,14,5,0,21,97,16
33620,"Moberly, MO",2021-07-01,1,14,2,0,17,114,17
33620,"Moberly, MO",2021-08-01,2,10,6,0,18,132,19
33620,"Moberly, MO",2021-09-01,3,14,4,1,22,154,22
33620,"Moberly, MO",2021-10-01,6,13,7,1,27,181,28
33620,"Moberly, MO",2021-11-01,5,22,3,0,30,211,33
33620,"Moberly, MO",2021-12-01,4,17,10,0,31,242,37
33620,"Moberly, MO",2022-01-01,5,17,4,1,27,269,42
33620,"Moberly, MO",2022-02-01,5,20,5,0,30,299,47
33620,"Moberly, MO",2022-03-01,13,20,7,1,41,340,60
33620,"Moberly, MO",2022-04-01,7,23,2,2,34,374,67
33620,"Moberly, MO",2022-05-01,5,16,4,0,25,399,72
33620,"Moberly, MO",2022-06-01,6,16,9,1,32,431,78
33620,"Moberly, MO",2022-07-01,3,7,3,1,14,445,81
33620,"Moberly, MO",2022-08-01,7,16,2,2,27,472,88
33620,"Moberly, MO",2022-09-01,8,15,3,0,26,498,96
33620,"Moberly, MO",2022-10-01,7,15,7,0,29,527,103
33620,"Moberly, MO",2022-11-01,8,19,4,0,31,558,111
33620,"Moberly, MO",2022-12-01,10,12,3,0,25,583,121
33620,"Moberly, MO",2023-01-01,8,12,2,1,23,606,129
33620,"Moberly, MO",2023-02-01,5,14,5,0,24,630,134
33620,"Moberly, MO",2023-03-01,13,16,5,0,34,664,147
33620,"Moberly, MO",2023-04-01,8,9,7,0,24,688,155
33620,"Moberly, MO",2023-05-01,7,15,2,1,25,713,162
33620,"Moberly, MO",2023-06-01,10,16,7,0,33,746,172
33620,"Moberly, MO",2023-07-01,11,13,2,0,26,772,183
33620,"Moberly, MO",2023-08-01,8,17,10,1,36,808,191
33620,"Moberly, MO",2023-09-01,8,10,4,0,22,830,199
33620,"Moberly, MO",2023-10-01,11,5,3,0,19,849,210
33620,"Moberly, MO",2023-11-01,11,16,4,0,31,880,221
33620,"Moberly, MO",2023-12-01,6,15,5,0,26,906,227
33620,"Moberly, MO",2024-01-01,10,14,11,0,35,941,237
33620,"Moberly, MO",2024-02-01,20,21,3,2,46,987,257
33620,"Moberly, MO",2024-03-01,17,9,2,0,28,1015,274
33620,"Moberly, MO",2024-04-01,8,19,6,0,33,1048,282
33620,"Moberly, MO",2024-05-01,15,9,5,1,30,1078,297
33620,"Moberly, MO",2024-06-01,11,14,5,0,30,1108,308
33620,"Moberly, MO",2024-07-01,9,9,1,0,19,1127,317
33620,"Moberly, MO",2024-08-01,6,9,3,0,18,1145,323
33620,"Moberly, MO",2024-09-01,12,12,0,0,24,1169,335
33620,"Moberly, MO",2024-10-01,8,15,3,0,26,1195,343
33620,"Moberly, MO",2024-11-01,12,7,4,0,23,1218,355
33620,"Moberly, MO",2024-12-01,20,18,9,0,47,1265,375
33620,"Moberly, MO",2025-01-01,17,15,2,0,34,1299,392
33620,"Moberly, MO",2025-02-01,14,13,3,0,30,1329,406
33620,"Moberly, MO",2025-03-01,11,12,4,2,29,1358,417
33620,"Moberly, MO",2025-04-01,15,15,4,1,35,1393,432
33620,"Moberly, MO",2025-05-01,10,16,2,0,28,1421,442
33620,"Moberly, MO",2025-06-01,9,14,6,0,29,1450,451
33620,"Moberly, MO",2025-07-01,5,7,2,0,14,1464,456
33620,"Moberly, MO",2025-08-01,7,3,2,0,12,1476,463
39420,"Pullman, WA",2019-01-01,0,4,0,0,4,4,0
39420,"Pullman, WA",2019-02-01,1,4,2,0,7,11,1
39420,"Pullman, WA",2019-03-01,1,25,2,1,29,40,2
39420,"Pullman, WA",2019-04-01,4,35,4,0,43,83,6
39420,"Pullman, WA",2019-05-01,1,31,3,1,36,119,7
39420,"Pullman, WA",2019-06-01,1,21,1,0,23,142,8
39420,"Pullman, WA",2019-07-01,3,8,0,0,11,153,11
39420,"Pullman, WA",2019-08-01,1,25,3,0,29,182,12
39420,"Pullman, WA",2019-09-01,7,35,1,0,43,225,19
39420,"Pullman, WA",2019-10-01,12,25,1,0,38,263,31
39420,"Pullman, WA",2019-11-01,2,16,4,0,22,285,33
39420,"Pullman, WA",2019-12-01,4,33,2,0,39,324,37
39420,"Pullman, WA",2020-01-01,4,41,1,0,46,370,41
39420,"Pullman, WA",2020-02-01,19,66,8,0,93,463,60
39420,"Pullman, WA",2020-03-01,20,53,4,1,78,541,80
39420,"Pullman, WA",2020-04-01,44,63,5,0,112,653,124
39420,"Pullman, WA",2020-05-01,70,90,6,0,166,819,194
39420,"Pullman, WA",2020-06-01,50,54,1,0,105,924,244
39420,"Pullman, WA",2020-07-01,43,84,8,0,135,1059,287
39420,"Pullman, WA",2020-08-01,50,64,7,1,122,1181,337
39420,"Pullman, WA",2020-09-01,93,94,8,0,195,1376,430
39420,"Pullman, WA",2020-10-01,39,60,2,0,101,1477,469
39420,"Pullman, WA",2020-11-01,42,65,3,0,110,1587,511
39420,"Pullman, WA",2020-12-01,52,63,3,0,118,1705,563
39420,"Pullman, WA",2021-01-01,63,57,3,0,123,1828,626
39420,"Pullman, WA",2021-02-01,77,90,8,1,176,2004,703
39420,"Pullman, WA",2021-03-01,92,94,7,0,193,2197,795
39420,"Pullman, WA",2021-04-01,60,68,5,0,133,2330,855
39420,"Pullman, WA",2021-05-01,84,113,9,1,207,2537,939
39420,"Pullman, WA",2021-06-01,46,65,6,0,117,2654,985
39420,"Pullman, WA",2021-07-01,51,51,6,0,108,2762,1036
39420,"Pullman, WA",2021-08-01,59,77,11,3,150,2912,1095
39420,"Pullman, WA",2021-09-01,96,84,15,0,195,3107,1191
39420,"Pullman, WA",2021-10-01,64,59,13,1,137,3244,1255
39420,"Pullman, WA",2021-11-01,63,53,12,1,129,3373,1318
39420,"Pullman, WA",2021-12-01,58,44,7,0,109,3482,1376
39420,"Pullman, WA",2022-01-01,120,83,6,1,210,3692,1496
39420,"Pullman, WA",2022-02-01,80,71,7,2,160,3852,1576
39420,"Pullman, WA",2022-03-01,63,56,4,1,124,3976,1639
39420,"Pullman, WA",2022-04-01,41,36,7,0,84,4060,1680
39420,"Pullman, WA",2022-05-01,60,55,6,3,124,4184,1740
39420,"Pullman, WA",2022-06-01,48,32,6,0,86,4270,1788
39420,"Pullman, WA",2022-07-01,48,42,10,0,100,4370,1836
39420,"Pullman, WA",2022-08-01,69,51,8,1,129,4499,1905
39420,"Pullman, WA",2022-09-01,91,59,9,2,161,4660,1996
39420,"Pullman, WA",2022-10-01,96,36,6,0,138,4798,2092
39420,"Pullman, WA",2022-11-01,94,42,8,1,145,4943,2186
39420,"Pullman, WA",2022-12-01,84,48,5,0,137,5080,2270
39420,"Pullman, WA",2023-01-01,98,49,15,0,162,5242,2368
39420,"Pullman, WA",2023-02-01,91,42,10,2,145,5387,2459
39420,"Pullman, WA",2023-03-01,82,51,4,2,139,5526,2541
39420,"Pullman, WA",2023-04-01,60,33,11,0,104,5630,2601
39420,"Pullman, WA",2023-05-01,52,27,3,1,83,5713,2653
39420,"Pullman, WA",2023-06-01,53,21,4,0,78,5791,2706
39420,"Pullman, WA",2023-07-01,38,22,3,1,64,5855,2744
39420,"Pullman, WA",2023-08-01,63,25,1,0,89,5944,2807
39420,"Pullman, WA",2023-09-01,117,31,10,1,159,6103,2924
39420,"Pullman, WA",2023-10-01,106,39,7,0,152,6255,3030
39420,"Pullman, WA",2023-11-01,89,40,16,2,147,6402,3119
39420,"Pullman, WA",2023-12-01,90,28,5,0,123,6525,3209
39420,"Pullman, WA",2024-01-01,72,30,8,0,110,6635,3281
39420,"Pullman, WA",2024-02-01,107,33,7,0,147,6782,3388
39420,"Pullman, WA",2024-03-01,77,23,8,0,108,6890,3465
39420,"Pullman, WA",2024-04-01,66,28,8,0,102,6992,3531
39420,"Pullman, WA",2024-05-01,61,12,4,1,78,7070,3592
39420,"Pullman, WA",2024-06-01,20,9,1,0,30,7100,3612
39420,"Pullman, WA",2024-07-01,41,13,4,1,59,7159,3653
39420,"Pullman, WA",2024-08-01,53,26,9,0,88,7247,3706
39420,"Pullman, WA",2024-09-01,123,28,10,1,162,7409,3829
39420,"Pullman, WA",2024-10-01,123,28,12,1,164,7573,3952
39420,"Pullman, WA",2024-11-01,100,38,14,0,152,7725,4052
39420,"Pullman, WA",2024-12-01,92,32,9,1,134,7859,4144
39420,"Pullman, WA",2025-01-01,104,34,11,0,149,8008,4248
39420,"Pullman, WA",2025-02-01,112,26,5,0,143,8151,4360
39420,"Pullman, WA",2025-03-01,88,24,7,0,119,8270,4448
39420,"Pullman, WA",2025-04-01,57,18,7,1,83,8353,4505
39420,"Pullman, WA",2025-05-01,51,17,7,2,77,8430,4556
39420,"Pullman, WA",2025-06-01,39,25,4,0,68,8498,4595
39420,"Pullman, WA",2025-07-01,35,14,5,0,54,8552,4630
39420,"Pullman, WA",2025-08-01,62,27,7,0,96,8648,4692
39420,"Pullman, WA",2025-09-01,4,0,0,0,4,8652,4696
20740,"Eau Claire, WI",2019-01-01,0,2,0,0,2,2,0
20740,"Eau Claire, WI",2019-02-01,0,2,0,0,2,4,0
20740,"Eau Claire, WI",2019-03-01,1,8,3,0,12,16,1
20740,"Eau Claire, WI",2019-04-01,1,21,6,0,28,44,2
20740,"Eau Claire, WI",2019-05-01,2,15,5,0,22,66,4
20740,"Eau Claire, WI",2019-06-01,1,14,2,0,17,83,5
20740,"Eau Claire, WI",2019-07-01,0,25,2,0,27,110,5
20740,"Eau Claire, WI",2019-08-01,4,17,6,0,27,137,9
20740,"Eau Claire, WI",2019-09-01,3,27,4,0,34,171,12
20740,"Eau Claire, WI",2019-10-01,6,13,2,0,21,192,18
20740,"Eau Claire, WI",2019-11-01,4,17,6,0,27,219,22
20740,"Eau Claire, WI",2019-12-01,6,7,3,0,16,235,28
20740,"Eau Claire, WI",2020-01-01,4,17,0,0,21,256,32
20740,"Eau Claire, WI",2020-02-01,5,22,8,0,35,291,37
20740,"Eau Claire, WI",2020-03-01,14,32,11,3,60,351,51
20740,"Eau Claire, WI",2020-04-01,25,65,7,0,97,448,76
20740,"Eau Claire, WI",2020-05-01,37,52,7,0,96,544,113
20740,"Eau Claire, WI",2020-06-01,29,41,3,2,75,619,142
20740,"Eau Claire, WI",2020-07-01,33,69,7,0,109,728,175
20740,"Eau Claire, WI",2020-08-01,19,38,5,0,62,790,194
20740,"Eau Claire, WI",2020-09-01,18,32,9,1,60,850,212
20740,"Eau Claire, WI",2020-10-01,32,49,9,1,91,941,244
20740,"Eau Claire, WI",2020-11-01,22,41,2,1,66,1007,266
20740,"Eau Claire, WI",2020-12-01,36,34,7,1,78,1085,302
20740,"Eau Claire, WI",2021-01-01,43,64,12,0,119,1204,345
20740,"Eau Claire, WI",2021-02-01,56,63,10,0,129,1333,401
20740,"Eau Claire, WI",2021-03-01,69,69,12,2,152,1485,470
20740,"Eau Claire, WI",2021-04-01,51,53,11,0,115,1600,521
20740,"Eau Claire, WI",2021-05-01,59,72,13,2,146,1746,580
20740,"Eau Claire, WI",2021-06-01,55,81,9,2,147,1893,635
20740,"Eau Claire, WI",2021-07-01,38,63,10,1,112,2005,673
20740,"Eau Claire, WI",2021-08-01,41,58,10,3,112,2117,714
20740,"Eau Claire, WI",2021-09-01,36,45,12,3,96,2213,750
20740,"Eau Claire, WI",2021-10-01,40,42,11,1,94,2307,790
20740,"Eau Claire, WI",2021-11-01,34,33,6,0,73,2380,824
20740,"Eau Claire, WI",2021-12-01,61,78,13,2,154,2534,885
20740,"Eau Claire, WI",2022-01-01,83,79,15,1,178,2712,968
20740,"Eau Claire, WI",2022-02-01,54,38,11,1,104,2816,1022
20740,"Eau Claire, WI",2022-03-01,47,57,13,0,117,2933,1069
20740,"Eau Claire, WI",2022-04-01,32,45,13,0,90,3023,1101
20740,"Eau Claire, WI",2022-05-01,49,51,8,0,108,3131,1150
20740,"Eau Claire, WI",2022-06-01,53,47,10,2,112,3243,1203
20740,"Eau Claire, WI",2022-07-01,54,71,18,0,143,3386,1257
20740,"Eau Claire, WI",2022-08-01,65,61,21,2,149,3535,1322
20740,"Eau Claire, WI",2022-09-01,69,66,17,0,152,3687,1391
20740,"Eau Claire, WI",2022-10-01,60,56,12,1,129,3816,1451
20740,"Eau Claire, WI",2022-11-01,67,53,17,2,139,3955,1518
20740,"Eau Claire, WI",2022-12-01,74,60,9,0,143,4098,1592
20740,"Eau Claire, WI",2023-01-01,82,72,17,0,171,4269,1674
20740,"Eau Claire, WI",2023-02-01,67,50,17,0,134,4403,1741
20740,"Eau Claire, WI",2023-03-01,77,58,24,2,161,4564,1818
20740,"Eau Claire, WI",2023-04-01,66,47,13,1,127,4691,1884
20740,"Eau Claire, WI",2023-05-01,37,33,10,1,81,4772,1921
20740,"Eau Claire, WI",2023-06-01,52,35,11,0,98,4870,1973
20740,"Eau Claire, WI",2023-07-01,34,27,12,0,73,4943,2007
20740,"Eau Claire, WI",2023-08-01,54,38,12,1,105,5048,2061
20740,"Eau Claire, WI",2023-09-01,58,39,12,0,109,5157,2119
20740,"Eau Claire, WI",2023-10-01,73,50,16,3,142,5299,2192
20740,"Eau Claire, WI",2023-11-01,64,66,11,1,142,5441,2256
20740,"Eau Claire, WI",2023-12-01,70,53,13,0,136,5577,2326
20740,"Eau Claire, WI",2024-01-01,84,49,20,3,156,5733,2410
20740,"Eau Claire, WI",2024-02-01,87,57,20,2,166,5899,2497
20740,"Eau Claire, WI",2024-03-01,83,52,14,1,150,6049,2580
20740,"Eau Claire, WI",2024-04-01,61,54,17,1,133,6182,2641
20740,"Eau Claire, WI",2024-05-01,70,58,10,1,139,6321,2711
20740,"Eau Claire, WI",2024-06-01,31,32,3,0,66,6387,2742
20740,"Eau Claire, WI",2024-07-01,76,38,15,0,129,6516,2818
20740,"Eau Claire, WI",2024-08-01,43,44,6,0,93,6609,2861
20740,"Eau Claire, WI",2024-09-01,87,45,14,0,146,6755,2948
20740,"Eau Claire, WI",2024-10-01,84,57,17,2,160,6915,3032
20740,"Eau Claire, WI",2024-11-01,81,63,20,0,164,7079,3113
20740,"Eau Claire, WI",2024-12-01,109,69,18,0,196,7275,3222
20740,"Eau Claire, WI",2025-01-01,119,60,17,1,197,7472,3341
20740,"Eau Claire, WI",2025-02-01,105,38,11,1,155,7627,3446
20740,"Eau Claire, WI",2025-03-01,106,53,17,0,176,7803,3552
20740,"Eau Claire, WI",2025-04-01,86,63,21,1,171,7974,3638
20740,"Eau Claire, WI",2025-05-01,87,58,14,0,159,8133,3725
20740,"Eau Claire, WI",2025-06-01,109,50,20,5,184,8317,3834
20740,"Eau Claire, WI",2025-07-01,87,55,18,2,162,8479,3921
20740,"Eau Claire, WI",2025-08-01,74,49,15,1,139,8618,3995
20740,"Eau Claire, WI",2025-09-01,1,1,1,0,3,8621,3996
28380,"Kennett, MO",2019-04-01,0,1,0,0,1,1,0
28380,"Kennett, MO",2019-05-01,0,2,0,0,2,3,0
28380,"Kennett, MO",2019-12-01,0,0,1,0,1,4,0
28380,"Kennett, MO",2020-01-01,0,3,0,0,3,7,0
28380,"Kennett, MO",2020-02-01,0,1,0,0,1,8,0
28380,"Kennett, MO",2020-03-01,0,1,1,0,2,10,0
28380,"Kennett, MO",2020-05-01,0,2,0,0,2,12,0
28380,"Kennett, MO",2020-06-01,1,3,0,0,4,16,1
28380,"Kennett, MO",2020-07-01,0,2,0,0,2,18,1
28380,"Kennett, MO",2020-08-01,0,4,0,0,4,22,1
28380,"Kennett, MO",2020-10-01,1,3,1,0,5,27,2
28380,"Kennett, MO",2020-11-01,0,2,0,0,2,29,2
28380,"Kennett, MO",2020-12-01,0,4,2,0,6,35,2
28380,"Kennett, MO",2021-01-01,0,3,2,0,5,40,2
28380,"Kennett, MO",2021-02-01,0,4,2,0,6,46,2
28380,"Kennett, MO",2021-03-01,1,2,0,0,3,49,3
28380,"Kennett, MO",2021-04-01,1,1,2,0,4,53,4
28380,"Kennett, MO",2021-05-01,0,7,1,0,8,61,4
28380,"Kennett, MO",2021-06-01,1,3,2,0,6,67,5
28380,"Kennett, MO",2021-07-01,0,5,1,0,6,73,5
28380,"Kennett, MO",2021-08-01,1,10,1,0,12,85,6
28380,"Kennett, MO",2021-09-01,1,8,1,0,10,95,7
28380,"Kennett, MO",2021-10-01,2,8,4,0,14,109,9
28380,"Kennett, MO",2021-11-01,3,14,1,0,18,127,12
28380,"Kennett, MO",2021-12-01,5,11,3,0,19,146,17
28380,"Kennett, MO",2022-01-01,6,5,5,1,17,163,23
28380,"Kennett, MO",2022-02-01,0,6,5,0,11,174,23
28380,"Kennett, MO",2022-03-01,5,14,1,0,20,194,28
28380,"Kennett, MO",2022-04-01,2,17,6,0,25,219,30
28380,"Kennett, MO",2022-05-01,6,11,2,0,19,238,36
28380,"Kennett, MO",2022-06-01,1,7,1,0,9,247,37
28380,"Kennett, MO",2022-07-01,5,7,2,0,14,261,42
28380,"Kennett, MO",2022-08-01,5,8,1,0,14,275,47
28380,"Kennett, MO",2022-09-01,2,11,3,0,16,291,49
28380,"Kennett, MO",2022-10-01,1,8,0,0,9,300,50
28380,"Kennett, MO",2022-11-01,5,11,4,0,20,320,55
28380,"Kennett, MO",2022-12-01,6,11,5,1,23,343,61
28380,"Kennett, MO",2023-01-01,4,8,0,0,12,355,65
28380,"Kennett, MO",2023-02-01,5,9,2,1,17,372,70
28380,"Kennett, MO",2023-03-01,5,24,6,1,36,408,75
28380,"Kennett, MO",2023-04-01,5,7,1,1,14,422,80
28380,"Kennett, MO",2023-05-01,6,8,2,0,16,438,86
28380,"Kennett, MO",2023-06-01,4,9,5,2,20,458,90
28380,"Kennett, MO",2023-07-01,3,12,1,0,16,474,93
28380,"Kennett, MO",2023-08-01,2,9,6,0,17,491,95
28380,"Kennett, MO",2023-09-01,3,6,1,0,10,501,98
28380,"Kennett, MO",2023-10-01,9,17,2,0,28,529,107
28380,"Kennett, MO",2023-11-01,3,13,2,0,18,547,110
28380,"Kennett, MO",2023-12-01,12,11,3,0,26,573,122
28380,"Kennett, MO",2024-01-01,7,18,4,0,29,602,129
28380,"Kennett, MO",2024-02-01,7,15,2,0,24,626,136
28380,"Kennett, MO",2024-03-01,7,9,4,1,21,647,143
28380,"Kennett, MO",2024-04-01,8,13,2,0,23,670,151
28380,"Kennett, MO",2024-05-01,8,12,3,0,23,693,159
28380,"Kennett, MO",2024-06-01,3,6,3,0,12,705,162
28380,"Kennett, MO",2024-07-01,1,7,2,0,10,715,163
28380,"Kennett, MO",2024-08-01,0,7,2,0,9,724,163
28380,"Kennett, MO",2024-09-01,2,7,3,0,12,736,165
28380,"Kennett, MO",2024-10-01,5,17,4,1,27,763,170
28380,"Kennett, MO",2024-11-01,5,13,2,0,20,783,175
28380,"Kennett, MO",2024-12-01,5,9,3,0,17,800,180
28380,"Kennett, MO",2025-01-01,5,7,2,0,14,814,185
28380,"Kennett, MO",2025-02-01,14,8,3,0,25,839,199
28380,"Kennett, MO",2025-03-01,14,16,9,2,41,880,213
28380,"Kennett, MO",2025-04-01,9,14,9,1,33,913,222
28380,"Kennett, MO",2025-05-01,7,7,1,1,16,929,229
28380,"Kennett, MO",2025-06-01,3,7,3,0,13,942,232
28380,"Kennett, MO",2025-07-01,1,6,2,0,9,951,233
28380,"Kennett, MO",2025-08-01,5,14,2,1,22,973,238
28380,"Kennett, MO",2025-09-01,0,2,0,0,2,975,238
12940,"Baton Rouge, LA",2019-01-01,1,77,32,0,110,110,1
12940,"Baton Rouge, LA",2019-02-01,1,78,23,2,104,214,2
12940,"Baton Rouge, LA",2019-03-01,4,81,30,4,119,333,6
12940,"Baton Rouge, LA",2019-04-01,4,87,16,0,107,440,10
12940,"Baton Rouge, LA",2019-05-01,1,88,22,0,111,551,11
12940,"Baton Rouge, LA",2019-06-01,2,52,7,1,62,613,13
12940,"Baton Rouge, LA",2019-07-01,3,70,13,2,88,701,16
12940,"Baton Rouge, LA",2019-08-01,3,66,13,3,85,786,19
12940,"Baton Rouge, LA",2019-09-01,5,137,28,3,173,959,24
12940,"Baton Rouge, LA",2019-10-01,12,117,31,5,165,1124,36
12940,"Baton Rouge, LA",2019-11-01,20,100,18,2,140,1264,56
12940,"Baton Rouge, LA",2019-12-01,12,77,18,2,109,1373,68
12940,"Baton Rouge, LA",2020-01-01,13,112,21,2,148,1521,81
12940,"Baton Rouge, LA",2020-02-01,17,75,17,1,110,1631,98
12940,"Baton Rouge, LA",2020-03-01,31,182,36,4,253,1884,129
12940,"Baton Rouge, LA",2020-04-01,46,221,47,4,318,2202,175
12940,"Baton Rouge, LA",2020-05-01,148,433,86,8,675,2877,323
12940,"Baton Rouge, LA",2020-06-01,164,486,89,7,746,3623,487
12940,"Baton Rouge, LA",2020-07-01,166,533,96,7,802,4425,653
12940,"Baton Rouge, LA",2020-08-01,222,753,105,14,1094,5519,875
12940,"Baton Rouge, LA",2020-09-01,186,609,88,5,888,6407,1061
12940,"Baton Rouge, LA",2020-10-01,143,503,61,8,715,7122,1204
12940,"Baton Rouge, LA",2020-11-01,85,326,48,7,466,7588,1289
12940,"Baton Rouge, LA",2020-12-01,136,416,69,6,627,8215,1425
12940,"Baton Rouge, LA",2021-01-01,301,676,118,9,1104,9319,1726
12940,"Baton Rouge, LA",2021-02-01,186,461,87,5,739,10058,1912
12940,"Baton Rouge, LA",2021-03-01,237,548,108,6,899,10957,2149
12940,"Baton Rouge, LA",2021-04-01,216,666,93,8,983,11940,2365
12940,"Baton Rouge, LA",2021-05-01,336,796,159,10,1301,13241,2701
12940,"Baton Rouge, LA",2021-06-01,258,748,126,10,1142,14383,2959
12940,"Baton Rouge, LA",2021-07-01,271,765,135,9,1180,15563,3230
12940,"Baton Rouge, LA",2021-08-01,209,694,125,5,1033,16596,3439
12940,"Baton Rouge, LA",2021-09-01,172,468,69,14,723,17319,3611
12940,"Baton Rouge, LA",2021-10-01,233,564,117,10,924,18243,3844
12940,"Baton Rouge, LA",2021-11-01,234,550,101,10,895,19138,4078
12940,"Baton Rouge, LA",2021-12-01,281,574,112,9,976,20114,4359
12940,"Baton Rouge, LA",2022-01-01,268,578,128,4,978,21092,4627
12940,"Baton Rouge, LA",2022-02-01,209,382,82,5,678,21770,4836
12940,"Baton Rouge, LA",2022-03-01,145,290,77,8,520,22290,4981
12940,"Baton Rouge, LA",2022-04-01,140,290,58,6,494,22784,5121
12940,"Baton Rouge, LA",2022-05-01,187,412,80,8,687,23471,5308
12940,"Baton Rouge, LA",2022-06-01,173,361,67,6,607,24078,5481
12940,"Baton Rouge, LA",2022-07-01,156,305,58,7,526,24604,5637
12940,"Baton Rouge, LA",2022-08-01,70,207,41,2,320,24924,5707
12940,"Baton Rouge, LA",2022-09-01,170,330,73,7,580,25504,5877
12940,"Baton Rouge, LA",2022-10-01,243,359,84,12,698,26202,6120
12940,"Baton Rouge, LA",2022-11-01,271,416,110,4,801,27003,6391
12940,"Baton Rouge, LA",2022-12-01,347,440,93,10,890,27893,6738
12940,"Baton Rouge, LA",2023-01-01,278,401,99,7,785,28678,7016
12940,"Baton Rouge, LA",2023-02-01,238,308,86,7,639,29317,7254
12940,"Baton Rouge, LA",2023-03-01,358,472,125,5,960,30277,7612
12940,"Baton Rouge, LA",2023-04-01,262,426,103,10,801,31078,7874
12940,"Baton Rouge, LA",2023-05-01,242,320,73,9,644,31722,8116
12940,"Baton Rouge, LA",2023-06-01,152,179,49,3,383,32105,8268
12940,"Baton Rouge, LA",2023-07-01,134,192,53,6,385,32490,8402
12940,"Baton Rouge, LA",2023-08-01,261,365,131,12,769,33259,8663
12940,"Baton Rouge, LA",2023-09-01,310,458,124,13,905,34164,8973
12940,"Baton Rouge, LA",2023-10-01,374,416,112,10,912,35076,9347
12940,"Baton Rouge, LA",2023-11-01,367,408,124,15,914,35990,9714
12940,"Baton Rouge, LA",2023-12-01,440,432,123,20,1015,37005,10154
12940,"Baton Rouge, LA",2024-01-01,394,416,98,11,919,37924,10548
12940,"Baton Rouge, LA",2024-02-01,329,308,85,16,738,38662,10877
12940,"Baton Rouge, LA",2024-03-01,432,386,113,10,941,39603,11309
12940,"Baton Rouge, LA",2024-04-01,348,369,93,10,820,40423,11657
12940,"Baton Rouge, LA",2024-05-01,400,440,109,7,956,41379,12057
12940,"Baton Rouge, LA",2024-06-01,297,329,81,10,717,42096,12354
12940,"Baton Rouge, LA",2024-07-01,170,234,59,5,468,42564,12524
12940,"Baton Rouge, LA",2024-08-01,276,335,84,6,701,43265,12800
12940,"Baton Rouge, LA",2024-09-01,318,391,98,13,820,44085,13118
12940,"Baton Rouge, LA",2024-10-01,370,399,93,9,871,44956,13488
12940,"Baton Rouge, LA",2024-11-01,351,406,106,17,880,45836,13839
12940,"Baton Rouge, LA",2024-12-01,425,397,107,11,940,46776,14264
12940,"Baton Rouge, LA",2025-01-01,423,365,99,14,901,47677,14687
12940,"Baton Rouge, LA",2025-02-01,416,320,71,14,821,48498,15103
12940,"Baton Rouge, LA",2025-03-01,508,371,116,16,1011,49509,15611
12940,"Baton Rouge, LA",2025-04-01,533,479,115,21,1148,50657,16144
12940,"Baton Rouge, LA",2025-05-01,500,463,117,16,1096,51753,16644
12940,"Baton Rouge, LA",2025-06-01,557,522,118,17,1214,52967,17201
12940,"Baton Rouge, LA",2025-07-01,431,426,126,20,1003,53970,17632
12940,"Baton Rouge, LA",2025-08-01,338,373,118,12,841,54811,17970
12940,"Baton Rouge, LA",2025-09-01,11,2,0,1,14,54825,17981
24860,"Greenville-Anderson-Greer, SC",2019-01-01,2,91,20,2,115,115,2
24860,"Greenville-Anderson-Greer, SC",2019-02-01,3,111,44,2,160,275,5
24860,"Greenville-Anderson-Greer, SC",2019-03-01,6,140,25,3,174,449,11
24860,"Greenville-Anderson-Greer, SC",2019-04-01,16,160,32,1,209,658,27
24860,"Greenville-Anderson-Greer, SC",2019-05-01,5,164,47,0,216,874,32
24860,"Greenville-Anderson-Greer, SC",2019-06-01,12,112,31,1,156,1030,44
24860,"Greenville-Anderson-Greer, SC",2019-07-01,16,220,57,6,299,1329,60
24860,"Greenville-Anderson-Greer, SC",2019-08-01,17,191,57,5,270,1599,77
24860,"Greenville-Anderson-Greer, SC",2019-09-01,9,174,39,2,224,1823,86
24860,"Greenville-Anderson-Greer, SC",2019-10-01,7,77,16,1,101,1924,93
24860,"Greenville-Anderson-Greer, SC",2019-11-01,14,118,31,2,165,2089,107
24860,"Greenville-Anderson-Greer, SC",2019-12-01,11,115,26,4,156,2245,118
24860,"Greenville-Anderson-Greer, SC",2020-01-01,19,171,48,5,243,2488,137
24860,"Greenville-Anderson-Greer, SC",2020-02-01,7,123,20,4,154,2642,144
24860,"Greenville-Anderson-Greer, SC",2020-03-01,23,230,74,6,333,2975,167
24860,"Greenville-Anderson-Greer, SC",2020-04-01,86,368,97,8,559,3534,253
24860,"Greenville-Anderson-Greer, SC",2020-05-01,285,884,138,10,1317,4851,538
24860,"Greenville-Anderson-Greer, SC",2020-06-01,149,400,64,2,615,5466,687
24860,"Greenville-Anderson-Greer, SC",2020-07-01,130,466,94,14,704,6170,817
24860,"Greenville-Anderson-Greer, SC",2020-08-01,234,911,163,14,1322,7492,1051
24860,"Greenville-Anderson-Greer, SC",2020-09-01,146,665,132,16,959,8451,1197
24860,"Greenville-Anderson-Greer, SC",2020-10-01,166,612,137,13,928,9379,1363
24860,"Greenville-Anderson-Greer, SC",2020-11-01,94,372,76,10,552,9931,1457
24860,"Greenville-Anderson-Greer, SC",2020-12-01,83,222,47,8,360,10291,1540
24860,"Greenville-Anderson-Greer, SC",2021-01-01,301,791,172,11,1275,11566,1841
24860,"Greenville-Anderson-Greer, SC",2021-02-01,205,561,135,15,916,12482,2046
24860,"Greenville-Anderson-Greer, SC",2021-03-01,392,895,212,20,1519,14001,2438
24860,"Greenville-Anderson-Greer, SC",2021-04-01,335,1045,189,23,1592,15593,2773
24860,"Greenville-Anderson-Greer, SC",2021-05-01,251,618,119,10,998,16591,3024
24860,"Greenville-Anderson-Greer, SC",2021-06-01,144,461,81,11,697,17288,3168
24860,"Greenville-Anderson-Greer, SC",2021-07-01,75,299,65,9,448,17736,3243
24860,"Greenville-Anderson-Greer, SC",2021-08-01,139,404,87,14,644,18380,3382
24860,"Greenville-Anderson-Greer, SC",2021-09-01,223,767,258,20,1268,19648,3605
24860,"Greenville-Anderson-Greer, SC",2021-10-01,84,279,65,9,437,20085,3689
24860,"Greenville-Anderson-Greer, SC",2021-11-01,105,332,76,5,518,20603,3794
24860,"Greenville-Anderson-Greer, SC",2021-12-01,300,608,149,12,1069,21672,4094
24860,"Greenville-Anderson-Greer, SC",2022-01-01,303,789,217,25,1334,23006,4397
24860,"Greenville-Anderson-Greer, SC",2022-02-01,158,434,137,12,741,23747,4555
24860,"Greenville-Anderson-Greer, SC",2022-03-01,301,701,208,15,1225,24972,4856
24860,"Greenville-Anderson-Greer, SC",2022-04-01,244,667,162,18,1091,26063,5100
24860,"Greenville-Anderson-Greer, SC",2022-05-01,165,399,98,8,670,26733,5265
24860,"Greenville-Anderson-Greer, SC",2022-06-01,115,258,65,3,441,27174,5380
24860,"Greenville-Anderson-Greer, SC",2022-07-01,91,181,46,5,323,27497,5471
24860,"Greenville-Anderson-Greer, SC",2022-08-01,92,226,77,8,403,27900,5563
24860,"Greenville-Anderson-Greer, SC",2022-09-01,110,321,87,10,528,28428,5673
24860,"Greenville-Anderson-Greer, SC",2022-10-01,170,366,101,7,644,29072,5843
24860,"Greenville-Anderson-Greer, SC",2022-11-01,390,716,200,24,1330,30402,6233
24860,"Greenville-Anderson-Greer, SC",2022-12-01,333,563,146,19,1061,31463,6566
24860,"Greenville-Anderson-Greer, SC",2023-01-01,253,554,143,15,965,32428,6819
24860,"Greenville-Anderson-Greer, SC",2023-02-01,259,480,157,16,912,33340,7078
24860,"Greenville-Anderson-Greer, SC",2023-03-01,389,705,183,21,1298,34638,7467
24860,"Greenville-Anderson-Greer, SC",2023-04-01,290,567,175,12,1044,35682,7757
24860,"Greenville-Anderson-Greer, SC",2023-05-01,151,279,84,2,516,36198,7908
24860,"Greenville-Anderson-Greer, SC",2023-06-01,124,231,59,6,420,36618,8032
24860,"Greenville-Anderson-Greer, SC",2023-07-01,85,187,44,4,320,36938,8117
24860,"Greenville-Anderson-Greer, SC",2023-08-01,141,258,89,15,503,37441,8258
24860,"Greenville-Anderson-Greer, SC",2023-09-01,248,560,165,24,997,38438,8506
24860,"Greenville-Anderson-Greer, SC",2023-10-01,267,543,177,18,1005,39443,8773
24860,"Greenville-Anderson-Greer, SC",2023-11-01,310,565,180,19,1074,40517,9083
24860,"Greenville-Anderson-Greer, SC",2023-12-01,369,515,164,12,1060,41577,9452
24860,"Greenville-Anderson-Greer, SC",2024-01-01,406,580,195,23,1204,42781,9858
24860,"Greenville-Anderson-Greer, SC",2024-02-01,347,474,168,19,1008,43789,10205
24860,"Greenville-Anderson-Greer, SC",2024-03-01,381,536,183,23,1123,44912,10586
24860,"Greenville-Anderson-Greer, SC",2024-04-01,337,505,142,15,999,45911,10923
24860,"Greenville-Anderson-Greer, SC",2024-05-01,451,608,185,16,1260,47171,11374
24860,"Greenville-Anderson-Greer, SC",2024-06-01,342,528,162,15,1047,48218,11716
24860,"Greenville-Anderson-Greer, SC",2024-07-01,247,380,126,8,761,48979,11963
24860,"Greenville-Anderson-Greer, SC",2024-08-01,207,381,137,16,741,49720,12170
24860,"Greenville-Anderson-Greer, SC",2024-09-01,288,445,152,16,901,50621,12458
24860,"Greenville-Anderson-Greer, SC",2024-10-01,343,437,125,14,919,51540,12801
24860,"Greenville-Anderson-Greer, SC",2024-11-01,363,458,148,16,985,52525,13164
24860,"Greenville-Anderson-Greer, SC",2024-12-01,447,483,139,15,1084,53609,13611
24860,"Greenville-Anderson-Greer, SC",2025-01-01,393,492,152,20,1057,54666,14004
24860,"Greenville-Anderson-Greer, SC",2025-02-01,335,405,120,14,874,55540,14339
24860,"Greenville-Anderson-Greer, SC",2025-03-01,399,442,133,14,988,56528,14738
24860,"Greenville-Anderson-Greer, SC",2025-04-01,402,471,134,6,1013,57541,15140
24860,"Greenville-Anderson-Greer, SC",2025-05-01,529,560,136,25,1250,58791,15669
24860,"Greenville-Anderson-Greer, SC",2025-06-01,528,470,154,29,1181,59972,16197
24860,"Greenville-Anderson-Greer, SC",2025-07-01,391,468,158,20,1037,61009,16588
24860,"Greenville-Anderson-Greer, SC",2025-08-01,316,413,136,9,874,61883,16904
24860,"Greenville-Anderson-Greer, SC",2025-09-01,7,10,2,1,20,61903,16911
45060,"Syracuse, NY",2019-01-01,3,42,19,3,67,67,3
45060,"Syracuse, NY",2019-02-01,1,51,20,1,73,140,4
45060,"Syracuse, NY",2019-03-01,4,65,9,0,78,218,8
45060,"Syracuse, NY",2019-04-01,7,66,11,0,84,302,15
45060,"Syracuse, NY",2019-05-01,3,80,18,1,102,404,18
45060,"Syracuse, NY",2019-06-01,7,77,12,2,98,502,25
45060,"Syracuse, NY",2019-07-01,2,52,19,1,74,576,27
45060,"Syracuse, NY",2019-08-01,1,67,12,1,81,657,28
45060,"Syracuse, NY",2019-09-01,4,85,11,1,101,758,32
45060,"Syracuse, NY",2019-10-01,11,98,19,1,129,887,43
45060,"Syracuse, NY",2019-11-01,2,97,21,2,122,1009,45
45060,"Syracuse, NY",2019-12-01,12,72,11,0,95,1104,57
45060,"Syracuse, NY",2020-01-01,19,98,22,4,143,1247,76
45060,"Syracuse, NY",2020-02-01,10,76,17,2,105,1352,86
45060,"Syracuse, NY",2020-03-01,34,171,40,5,250,1602,120
45060,"Syracuse, NY",2020-04-01,49,147,34,5,235,1837,169
45060,"Syracuse, NY",2020-05-01,128,348,45,5,526,2363,297
45060,"Syracuse, NY",2020-06-01,123,295,40,5,463,2826,420
45060,"Syracuse, NY",2020-07-01,120,317,44,7,488,3314,540
45060,"Syracuse, NY",2020-08-01,73,293,41,3,410,3724,613
45060,"Syracuse, NY",2020-09-01,78,259,46,1,384,4108,691
45060,"Syracuse, NY",2020-10-01,88,256,47,4,395,4503,779
45060,"Syracuse, NY",2020-11-01,72,236,41,6,355,4858,851
45060,"Syracuse, NY",2020-12-01,39,113,23,4,179,5037,890
45060,"Syracuse, NY",2021-01-01,161,296,47,6,510,5547,1051
45060,"Syracuse, NY",2021-02-01,102,267,57,6,432,5979,1153
45060,"Syracuse, NY",2021-03-01,135,301,78,10,524,6503,1288
45060,"Syracuse, NY",2021-04-01,134,322,59,6,521,7024,1422
45060,"Syracuse, NY",2021-05-01,171,358,71,9,609,7633,1593
45060,"Syracuse, NY",2021-06-01,124,309,56,5,494,8127,1717
45060,"Syracuse, NY",2021-07-01,127,344,77,8,556,8683,1844
45060,"Syracuse, NY",2021-08-01,116,401,90,8,615,9298,1960
45060,"Syracuse, NY",2021-09-01,80,427,89,7,603,9901,2040
45060,"Syracuse, NY",2021-10-01,66,219,69,2,356,10257,2106
45060,"Syracuse, NY",2021-11-01,55,170,43,6,274,10531,2161
45060,"Syracuse, NY",2021-12-01,129,323,67,5,524,11055,2290
45060,"Syracuse, NY",2022-01-01,118,274,50,8,450,11505,2408
45060,"Syracuse, NY",2022-02-01,106,308,63,7,484,11989,2514
45060,"Syracuse, NY",2022-03-01,105,310,82,8,505,12494,2619
45060,"Syracuse, NY",2022-04-01,94,247,84,7,432,12926,2713
45060,"Syracuse, NY",2022-05-01,136,299,59,2,496,13422,2849
45060,"Syracuse, NY",2022-06-01,78,154,37,2,271,13693,2927
45060,"Syracuse, NY",2022-07-01,69,159,32,2,262,13955,2996
45060,"Syracuse, NY",2022-08-01,105,239,63,4,411,14366,3101
45060,"Syracuse, NY",2022-09-01,106,274,53,9,442,14808,3207
45060,"Syracuse, NY",2022-10-01,117,219,63,10,409,15217,3324
45060,"Syracuse, NY",2022-11-01,115,209,51,3,378,15595,3439
45060,"Syracuse, NY",2022-12-01,117,193,67,3,380,15975,3556
45060,"Syracuse, NY",2023-01-01,120,221,61,5,407,16382,3676
45060,"Syracuse, NY",2023-02-01,105,233,58,2,398,16780,3781
45060,"Syracuse, NY",2023-03-01,168,271,63,4,506,17286,3949
45060,"Syracuse, NY",2023-04-01,110,219,71,8,408,17694,4059
45060,"Syracuse, NY",2023-05-01,99,183,44,6,332,18026,4158
45060,"Syracuse, NY",2023-06-01,52,86,19,1,158,18184,4210
45060,"Syracuse, NY",2023-07-01,51,86,16,1,154,18338,4261
45060,"Syracuse, NY",2023-08-01,118,214,69,7,408,18746,4379
45060,"Syracuse, NY",2023-09-01,111,268,66,4,449,19195,4490
45060,"Syracuse, NY",2023-10-01,159,276,74,3,512,19707,4649
45060,"Syracuse, NY",2023-11-01,115,245,60,5,425,20132,4764
45060,"Syracuse, NY",2023-12-01,188,215,61,8,472,20604,4952
45060,"Syracuse, NY",2024-01-01,174,251,63,2,490,21094,5126
45060,"Syracuse, NY",2024-02-01,158,199,65,5,427,21521,5284
45060,"Syracuse, NY",2024-03-01,149,229,69,11,458,21979,5433
45060,"Syracuse, NY",2024-04-01,150,210,58,4,422,22401,5583
45060,"Syracuse, NY",2024-05-01,179,237,58,11,485,22886,5762
45060,"Syracuse, NY",2024-06-01,184,220,42,6,452,23338,5946
45060,"Syracuse, NY",2024-07-01,150,246,59,4,459,23797,6096
45060,"Syracuse, NY",2024-08-01,136,223,40,9,408,24205,6232
45060,"Syracuse, NY",2024-09-01,134,208,59,11,412,24617,6366
45060,"Syracuse, NY",2024-10-01,131,180,59,7,377,24994,6497
45060,"Syracuse, NY",2024-11-01,147,192,45,2,386,25380,6644
45060,"Syracuse, NY",2024-12-01,177,205,58,4,444,25824,6821
45060,"Syracuse, NY",2025-01-01,183,244,51,5,483,26307,7004
45060,"Syracuse, NY",2025-02-01,173,203,63,11,450,26757,7177
45060,"Syracuse, NY",2025-03-01,217,284,100,10,611,27368,7394
45060,"Syracuse, NY",2025-04-01,176,255,60,6,497,27865,7570
45060,"Syracuse, NY",2025-05-01,208,232,58,9,507,28372,7778
45060,"Syracuse, NY",2025-06-01,198,248,61,12,519,28891,7976
45060,"Syracuse, NY",2025-07-01,177,272,78,7,534,29425,8153
45060,"Syracuse, NY",2025-08-01,143,196,49,4,392,29817,8296
45060,"Syracuse, NY",2025-09-01,3,0,0,0,3,29820,8299
16660,"Charleston-Mattoon, IL",2019-01-01,0,4,0,0,4,4,0
16660,"Charleston-Mattoon, IL",2019-02-01,0,4,0,0,4,8,0
16660,"Charleston-Mattoon, IL",2019-03-01,0,6,2,0,8,16,0
16660,"Charleston-Mattoon, IL",2019-04-01,0,9,5,0,14,30,0
16660,"Charleston-Mattoon, IL",2019-05-01,1,14,1,0,16,46,1
16660,"Charleston-Mattoon, IL",2019-06-01,0,13,2,0,15,61,1
16660,"Charleston-Mattoon, IL",2019-07-01,1,9,3,0,13,74,2
16660,"Charleston-Mattoon, IL",2019-08-01,0,9,3,0,12,86,2
16660,"Charleston-Mattoon, IL",2019-09-01,4,17,0,0,21,107,6
16660,"Charleston-Mattoon, IL",2019-10-01,1,11,1,0,13,120,7
16660,"Charleston-Mattoon, IL",2019-11-01,1,15,1,1,18,138,8
16660,"Charleston-Mattoon, IL",2019-12-01,2,17,3,1,23,161,10
16660,"Charleston-Mattoon, IL",2020-01-01,2,15,2,0,19,180,12
16660,"Charleston-Mattoon, IL",2020-02-01,3,9,5,0,17,197,15
16660,"Charleston-Mattoon, IL",2020-03-01,6,20,3,0,29,226,21
16660,"Charleston-Mattoon, IL",2020-04-01,11,24,11,1,47,273,32
16660,"Charleston-Mattoon, IL",2020-05-01,19,43,5,0,67,340,51
16660,"Charleston-Mattoon, IL",2020-06-01,4,43,3,0,50,390,55
16660,"Charleston-Mattoon, IL",2020-07-01,7,20,5,0,32,422,62
16660,"Charleston-Mattoon, IL",2020-08-01,13,19,3,0,35,457,75
16660,"Charleston-Mattoon, IL",2020-09-01,13,27,1,2,43,500,88
16660,"Charleston-Mattoon, IL",2020-10-01,10,30,4,1,45,545,98
16660,"Charleston-Mattoon, IL",2020-11-01,6,22,3,0,31,576,104
16660,"Charleston-Mattoon, IL",2020-12-01,13,26,3,1,43,619,117
16660,"Charleston-Mattoon, IL",2021-01-01,23,38,2,1,64,683,140
16660,"Charleston-Mattoon, IL",2021-02-01,24,29,8,0,61,744,164
16660,"Charleston-Mattoon, IL",2021-03-01,23,36,10,0,69,813,187
16660,"Charleston-Mattoon, IL",2021-04-01,28,52,1,1,82,895,215
16660,"Charleston-Mattoon, IL",2021-05-01,21,30,11,0,62,957,236
16660,"Charleston-Mattoon, IL",2021-06-01,21,42,8,0,71,1028,257
16660,"Charleston-Mattoon, IL",2021-07-01,22,24,6,0,52,1080,279
16660,"Charleston-Mattoon, IL",2021-08-01,23,29,9,1,62,1142,302
16660,"Charleston-Mattoon, IL",2021-09-01,23,35,8,0,66,1208,325
16660,"Charleston-Mattoon, IL",2021-10-01,14,29,11,0,54,1262,339
16660,"Charleston-Mattoon, IL",2021-11-01,14,31,4,1,50,1312,353
16660,"Charleston-Mattoon, IL",2021-12-01,19,27,7,2,55,1367,372
16660,"Charleston-Mattoon, IL",2022-01-01,24,31,7,1,63,1430,396
16660,"Charleston-Mattoon, IL",2022-02-01,39,27,7,1,74,1504,435
16660,"Charleston-Mattoon, IL",2022-03-01,25,33,9,2,69,1573,460
16660,"Charleston-Mattoon, IL",2022-04-01,15,31,4,0,50,1623,475
16660,"Charleston-Mattoon, IL",2022-05-01,15,29,2,0,46,1669,490
16660,"Charleston-Mattoon, IL",2022-06-01,10,28,5,0,43,1712,500
16660,"Charleston-Mattoon, IL",2022-07-01,17,28,5,1,51,1763,517
16660,"Charleston-Mattoon, IL",2022-08-01,19,42,11,1,73,1836,536
16660,"Charleston-Mattoon, IL",2022-09-01,24,30,5,0,59,1895,560
16660,"Charleston-Mattoon, IL",2022-10-01,14,35,11,1,61,1956,574
16660,"Charleston-Mattoon, IL",2022-11-01,22,18,2,0,42,1998,596
16660,"Charleston-Mattoon, IL",2022-12-01,25,37,2,0,64,2062,621
16660,"Charleston-Mattoon, IL",2023-01-01,22,21,11,1,55,2117,643
16660,"Charleston-Mattoon, IL",2023-02-01,27,26,8,1,62,2179,670
16660,"Charleston-Mattoon, IL",2023-03-01,23,40,13,1,77,2256,693
16660,"Charleston-Mattoon, IL",2023-04-01,21,28,10,2,61,2317,714
16660,"Charleston-Mattoon, IL",2023-05-01,16,25,4,0,45,2362,730
16660,"Charleston-Mattoon, IL",2023-06-01,12,23,5,0,40,2402,742
16660,"Charleston-Mattoon, IL",2023-07-01,12,28,8,0,48,2450,754
16660,"Charleston-Mattoon, IL",2023-08-01,19,17,5,0,41,2491,773
16660,"Charleston-Mattoon, IL",2023-09-01,25,24,14,0,63,2554,798
16660,"Charleston-Mattoon, IL",2023-10-01,29,33,13,0,75,2629,827
16660,"Charleston-Mattoon, IL",2023-11-01,28,30,9,3,70,2699,855
16660,"Charleston-Mattoon, IL",2023-12-01,18,29,12,3,62,2761,873
16660,"Charleston-Mattoon, IL",2024-01-01,26,36,10,1,73,2834,899
16660,"Charleston-Mattoon, IL",2024-02-01,33,29,13,4,79,2913,932
16660,"Charleston-Mattoon, IL",2024-03-01,37,36,14,0,87,3000,969
16660,"Charleston-Mattoon, IL",2024-04-01,28,41,10,2,81,3081,997
16660,"Charleston-Mattoon, IL",2024-05-01,21,30,20,0,71,3152,1018
16660,"Charleston-Mattoon, IL",2024-06-01,13,19,7,0,39,3191,1031
16660,"Charleston-Mattoon, IL",2024-07-01,8,18,6,1,33,3224,1039
16660,"Charleston-Mattoon, IL",2024-08-01,8,21,6,1,36,3260,1047
16660,"Charleston-Mattoon, IL",2024-09-01,11,20,2,1,34,3294,1058
16660,"Charleston-Mattoon, IL",2024-10-01,39,37,12,0,88,3382,1097
16660,"Charleston-Mattoon, IL",2024-11-01,29,39,10,0,78,3460,1126
16660,"Charleston-Mattoon, IL",2024-12-01,33,29,3,0,65,3525,1159
16660,"Charleston-Mattoon, IL",2025-01-01,34,33,4,0,71,3596,1193
16660,"Charleston-Mattoon, IL",2025-02-01,33,24,11,1,69,3665,1226
16660,"Charleston-Mattoon, IL",2025-03-01,35,39,11,3,88,3753,1261
16660,"Charleston-Mattoon, IL",2025-04-01,12,18,4,0,34,3787,1273
16660,"Charleston-Mattoon, IL",2025-05-01,10,27,10,0,47,3834,1283
16660,"Charleston-Mattoon, IL",2025-06-01,8,19,3,0,30,3864,1291
16660,"Charleston-Mattoon, IL",2025-07-01,6,13,4,1,24,3888,1297
16660,"Charleston-Mattoon, IL",2025-08-01,3,8,0,1,12,3900,1300
16660,"Charleston-Mattoon, IL",2025-09-01,0,3,0,0,3,3903,1300
38220,"Pine Bluff, AR",2019-02-01,0,1,3,0,4,4,0
38220,"Pine Bluff, AR",2019-03-01,0,1,2,0,3,7,0
38220,"Pine Bluff, AR",2019-04-01,0,2,0,0,2,9,0
38220,"Pine Bluff, AR",2019-05-01,0,4,0,0,4,13,0
38220,"Pine Bluff, AR",2019-06-01,1,7,2,0,10,23,1
38220,"Pine Bluff, AR",2019-07-01,0,8,2,0,10,33,1
38220,"Pine Bluff, AR",2019-08-01,0,7,2,0,9,42,1
38220,"Pine Bluff, AR",2019-09-01,1,7,4,0,12,54,2
38220,"Pine Bluff, AR",2019-10-01,0,7,2,0,9,63,2
38220,"Pine Bluff, AR",2019-11-01,0,5,2,0,7,70,2
38220,"Pine Bluff, AR",2019-12-01,2,7,1,0,10,80,4
38220,"Pine Bluff, AR",2020-01-01,0,9,1,0,10,90,4
38220,"Pine Bluff, AR",2020-02-01,1,7,2,0,10,100,5
38220,"Pine Bluff, AR",2020-03-01,3,11,4,0,18,118,8
38220,"Pine Bluff, AR",2020-04-01,7,29,8,1,45,163,15
38220,"Pine Bluff, AR",2020-05-01,9,33,2,0,44,207,24
38220,"Pine Bluff, AR",2020-06-01,9,27,5,0,41,248,33
38220,"Pine Bluff, AR",2020-07-01,4,33,7,0,44,292,37
38220,"Pine Bluff, AR",2020-08-01,9,43,1,0,53,345,46
38220,"Pine Bluff, AR",2020-09-01,11,42,8,0,61,406,57
38220,"Pine Bluff, AR",2020-10-01,15,25,5,1,46,452,72
38220,"Pine Bluff, AR",2020-11-01,6,17,7,1,31,483,78
38220,"Pine Bluff, AR",2020-12-01,10,35,9,0,54,537,88
38220,"Pine Bluff, AR",2021-01-01,16,45,5,1,67,604,104
38220,"Pine Bluff, AR",2021-02-01,6,25,5,0,36,640,110
38220,"Pine Bluff, AR",2021-03-01,16,47,11,0,74,714,126
38220,"Pine Bluff, AR",2021-04-01,14,64,11,0,89,803,140
38220,"Pine Bluff, AR",2021-05-01,16,43,11,1,71,874,156
38220,"Pine Bluff, AR",2021-06-01,20,44,12,1,77,951,176
38220,"Pine Bluff, AR",2021-07-01,10,39,5,0,54,1005,186
38220,"Pine Bluff, AR",2021-08-01,21,34,8,0,63,1068,207
38220,"Pine Bluff, AR",2021-09-01,15,34,6,0,55,1123,222
38220,"Pine Bluff, AR",2021-10-01,10,34,8,0,52,1175,232
38220,"Pine Bluff, AR",2021-11-01,17,28,9,1,55,1230,249
38220,"Pine Bluff, AR",2021-12-01,16,39,14,0,69,1299,265
38220,"Pine Bluff, AR",2022-01-01,15,39,10,0,64,1363,280
38220,"Pine Bluff, AR",2022-02-01,14,22,11,1,48,1411,294
38220,"Pine Bluff, AR",2022-03-01,21,35,7,0,63,1474,315
38220,"Pine Bluff, AR",2022-04-01,9,36,8,0,53,1527,324
38220,"Pine Bluff, AR",2022-05-01,17,29,8,0,54,1581,341
38220,"Pine Bluff, AR",2022-06-01,15,25,7,1,48,1629,356
38220,"Pine Bluff, AR",2022-07-01,11,24,9,1,45,1674,367
38220,"Pine Bluff, AR",2022-08-01,14,19,7,0,40,1714,381
38220,"Pine Bluff, AR",2022-09-01,11,24,7,2,44,1758,392
38220,"Pine Bluff, AR",2022-10-01,11,25,11,1,48,1806,403
38220,"Pine Bluff, AR",2022-11-01,23,28,13,0,64,1870,426
38220,"Pine Bluff, AR",2022-12-01,21,25,4,0,50,1920,447
38220,"Pine Bluff, AR",2023-01-01,15,23,5,1,44,1964,462
38220,"Pine Bluff, AR",2023-02-01,8,21,11,1,41,2005,470
38220,"Pine Bluff, AR",2023-03-01,29,38,8,0,75,2080,499
38220,"Pine Bluff, AR",2023-04-01,14,26,9,0,49,2129,513
38220,"Pine Bluff, AR",2023-05-01,10,22,9,0,41,2170,523
38220,"Pine Bluff, AR",2023-06-01,7,22,7,1,37,2207,530
38220,"Pine Bluff, AR",2023-07-01,11,21,4,0,36,2243,541
38220,"Pine Bluff, AR",2023-08-01,13,25,10,1,49,2292,554
38220,"Pine Bluff, AR",2023-09-01,20,21,12,1,54,2346,574
38220,"Pine Bluff, AR",2023-10-01,25,30,10,0,65,2411,599
38220,"Pine Bluff, AR",2023-11-01,20,30,11,1,62,2473,619
38220,"Pine Bluff, AR",2023-12-01,32,31,15,0,78,2551,651
38220,"Pine Bluff, AR",2024-01-01,25,32,6,0,63,2614,676
38220,"Pine Bluff, AR",2024-02-01,25,25,8,2,60,2674,701
38220,"Pine Bluff, AR",2024-03-01,29,32,13,1,75,2749,730
38220,"Pine Bluff, AR",2024-04-01,31,30,12,1,74,2823,761
38220,"Pine Bluff, AR",2024-05-01,23,45,13,0,81,2904,784
38220,"Pine Bluff, AR",2024-06-01,41,28,15,2,86,2990,825
38220,"Pine Bluff, AR",2024-07-01,22,23,5,2,52,3042,847
38220,"Pine Bluff, AR",2024-08-01,21,36,16,0,73,3115,868
38220,"Pine Bluff, AR",2024-09-01,27,37,7,4,75,3190,895
38220,"Pine Bluff, AR",2024-10-01,30,43,11,3,87,3277,925
38220,"Pine Bluff, AR",2024-11-01,33,29,13,2,77,3354,958
38220,"Pine Bluff, AR",2024-12-01,35,33,12,4,84,3438,993
38220,"Pine Bluff, AR",2025-01-01,37,32,9,1,79,3517,1030
38220,"Pine Bluff, AR",2025-02-01,25,21,12,1,59,3576,1055
38220,"Pine Bluff, AR",2025-03-01,44,16,11,1,72,3648,1099
38220,"Pine Bluff, AR",2025-04-01,36,36,3,3,78,3726,1135
38220,"Pine Bluff, AR",2025-05-01,24,27,6,2,59,3785,1159
38220,"Pine Bluff, AR",2025-06-01,30,33,14,4,81,3866,1189
38220,"Pine Bluff, AR",2025-07-01,21,25,12,4,62,3928,1210
38220,"Pine Bluff, AR",2025-08-01,28,26,7,0,61,3989,1238
13340,"Bellefontaine, OH",2019-01-01,0,0,1,0,1,1,0
13340,"Bellefontaine, OH",2019-02-01,0,2,0,0,2,3,0
13340,"Bellefontaine, OH",2019-03-01,0,3,0,0,3,6,0
13340,"Bellefontaine, OH",2019-04-01,0,7,2,0,9,15,0
13340,"Bellefontaine, OH",2019-05-01,0,6,2,0,8,23,0
13340,"Bellefontaine, OH",2019-06-01,0,3,1,0,4,27,0
13340,"Bellefontaine, OH",2019-07-01,0,4,3,0,7,34,0
13340,"Bellefontaine, OH",2019-08-01,0,1,3,0,4,38,0
13340,"Bellefontaine, OH",2019-09-01,0,5,1,0,6,44,0
13340,"Bellefontaine, OH",2019-10-01,2,6,2,0,10,54,2
13340,"Bellefontaine, OH",2019-11-01,0,0,4,1,5,59,2
13340,"Bellefontaine, OH",2019-12-01,0,2,2,0,4,63,2
13340,"Bellefontaine, OH",2020-01-01,0,10,1,0,11,74,2
13340,"Bellefontaine, OH",2020-02-01,0,4,0,0,4,78,2
13340,"Bellefontaine, OH",2020-03-01,0,7,1,0,8,86,2
13340,"Bellefontaine, OH",2020-04-01,1,9,3,1,14,100,3
13340,"Bellefontaine, OH",2020-05-01,4,9,2,0,15,115,7
13340,"Bellefontaine, OH",2020-06-01,0,9,3,0,12,127,7
13340,"Bellefontaine, OH",2020-07-01,3,12,3,1,19,146,10
13340,"Bellefontaine, OH",2020-08-01,2,10,2,0,14,160,12
13340,"Bellefontaine, OH",2020-09-01,1,15,2,0,18,178,13
13340,"Bellefontaine, OH",2020-10-01,3,26,12,0,41,219,16
13340,"Bellefontaine, OH",2020-11-01,3,19,8,0,30,249,19
13340,"Bellefontaine, OH",2020-12-01,8,45,3,0,56,305,27
13340,"Bellefontaine, OH",2021-01-01,9,47,13,1,70,375,36
13340,"Bellefontaine, OH",2021-02-01,14,36,9,2,61,436,50
13340,"Bellefontaine, OH",2021-03-01,8,37,8,1,54,490,58
13340,"Bellefontaine, OH",2021-04-01,7,36,10,3,56,546,65
13340,"Bellefontaine, OH",2021-05-01,17,56,7,0,80,626,82
13340,"Bellefontaine, OH",2021-06-01,12,35,11,0,58,684,94
13340,"Bellefontaine, OH",2021-07-01,8,30,11,1,50,734,102
13340,"Bellefontaine, OH",2021-08-01,4,37,9,2,52,786,106
13340,"Bellefontaine, OH",2021-09-01,10,46,9,1,66,852,116
13340,"Bellefontaine, OH",2021-10-01,4,33,12,0,49,901,120
13340,"Bellefontaine, OH",2021-11-01,14,29,9,2,54,955,134
13340,"Bellefontaine, OH",2021-12-01,14,35,11,1,61,1016,148
13340,"Bellefontaine, OH",2022-01-01,17,38,9,3,67,1083,165
13340,"Bellefontaine, OH",2022-02-01,12,27,10,0,49,1132,177
13340,"Bellefontaine, OH",2022-03-01,8,28,14,0,50,1182,185
13340,"Bellefontaine, OH",2022-04-01,14,30,15,0,59,1241,199
13340,"Bellefontaine, OH",2022-05-01,8,24,10,0,42,1283,207
13340,"Bellefontaine, OH",2022-06-01,7,26,7,0,40,1323,214
13340,"Bellefontaine, OH",2022-07-01,8,18,10,1,37,1360,222
13340,"Bellefontaine, OH",2022-08-01,6,25,11,1,43,1403,228
13340,"Bellefontaine, OH",2022-09-01,8,26,7,0,41,1444,236
13340,"Bellefontaine, OH",2022-10-01,6,23,13,1,43,1487,242
13340,"Bellefontaine, OH",2022-11-01,8,15,9,0,32,1519,250
13340,"Bellefontaine, OH",2022-12-01,13,20,9,1,43,1562,263
13340,"Bellefontaine, OH",2023-01-01,11,22,11,2,46,1608,274
13340,"Bellefontaine, OH",2023-02-01,3,18,5,1,27,1635,277
13340,"Bellefontaine, OH",2023-03-01,13,24,15,1,53,1688,290
13340,"Bellefontaine, OH",2023-04-01,6,23,11,1,41,1729,296
13340,"Bellefontaine, OH",2023-05-01,12,18,5,1,36,1765,308
13340,"Bellefontaine, OH",2023-06-01,9,13,12,0,34,1799,317
13340,"Bellefontaine, OH",2023-07-01,6,11,6,0,23,1822,323
13340,"Bellefontaine, OH",2023-08-01,7,13,4,1,25,1847,330
13340,"Bellefontaine, OH",2023-09-01,6,22,6,2,36,1883,336
13340,"Bellefontaine, OH",2023-10-01,12,29,10,0,51,1934,348
13340,"Bellefontaine, OH",2023-11-01,18,25,10,1,54,1988,366
13340,"Bellefontaine, OH",2023-12-01,11,36,9,0,56,2044,377
13340,"Bellefontaine, OH",2024-01-01,20,24,8,1,53,2097,397
13340,"Bellefontaine, OH",2024-02-01,18,21,6,1,46,2143,415
13340,"Bellefontaine, OH",2024-03-01,25,25,5,2,57,2200,440
13340,"Bellefontaine, OH",2024-04-01,14,19,6,0,39,2239,454
13340,"Bellefontaine, OH",2024-05-01,15,18,11,1,45,2284,469
13340,"Bellefontaine, OH",2024-06-01,13,15,6,0,34,2318,482
13340,"Bellefontaine, OH",2024-07-01,6,14,3,0,23,2341,488
13340,"Bellefontaine, OH",2024-08-01,7,17,2,0,26,2367,495
13340,"Bellefontaine, OH",2024-09-01,22,29,10,1,62,2429,517
13340,"Bellefontaine, OH",2024-10-01,25,31,5,1,62,2491,542
13340,"Bellefontaine, OH",2024-11-01,29,20,8,1,58,2549,571
13340,"Bellefontaine, OH",2024-12-01,22,18,8,2,50,2599,593
13340,"Bellefontaine, OH",2025-01-01,22,34,15,2,73,2672,615
13340,"Bellefontaine, OH",2025-02-01,22,24,6,0,52,2724,637
13340,"Bellefontaine, OH",2025-03-01,23,19,10,1,53,2777,660
13340,"Bellefontaine, OH",2025-04-01,23,22,6,1,52,2829,683
13340,"Bellefontaine, OH",2025-05-01,16,21,4,1,42,2871,699
13340,"Bellefontaine, OH",2025-06-01,15,15,5,0,35,2906,714
13340,"Bellefontaine, OH",2025-07-01,23,17,8,0,48,2954,737
13340,"Bellefontaine, OH",2025-08-01,8,7,4,0,19,2973,745
44940,"Sumter, SC",2019-01-01,0,7,3,0,10,10,0
44940,"Sumter, SC",2019-02-01,0,9,3,0,12,22,0
44940,"Sumter, SC",2019-03-01,0,7,0,0,7,29,0
44940,"Sumter, SC",2019-04-01,0,17,4,0,21,50,0
44940,"Sumter, SC",2019-05-01,0,21,5,0,26,76,0
44940,"Sumter, SC",2019-06-01,1,23,7,1,32,108,1
44940,"Sumter, SC",2019-07-01,1,21,3,1,26,134,2
44940,"Sumter, SC",2019-08-01,1,22,5,0,28,162,3
44940,"Sumter, SC",2019-09-01,1,24,8,0,33,195,4
44940,"Sumter, SC",2019-10-01,1,24,3,3,31,226,5
44940,"Sumter, SC",2019-11-01,2,17,5,0,24,250,7
44940,"Sumter, SC",2019-12-01,3,19,4,1,27,277,10
44940,"Sumter, SC",2020-01-01,3,17,5,0,25,302,13
44940,"Sumter, SC",2020-02-01,3,24,3,0,30,332,16
44940,"Sumter, SC",2020-03-01,2,33,6,1,42,374,18
44940,"Sumter, SC",2020-04-01,10,46,17,0,73,447,28
44940,"Sumter, SC",2020-05-01,10,86,7,0,103,550,38
44940,"Sumter, SC",2020-06-01,13,36,7,1,57,607,51
44940,"Sumter, SC",2020-07-01,25,88,12,3,128,735,76
44940,"Sumter, SC",2020-08-01,26,116,23,3,168,903,102
44940,"Sumter, SC",2020-09-01,14,86,21,2,123,1026,116
44940,"Sumter, SC",2020-10-01,11,71,11,3,96,1122,127
44940,"Sumter, SC",2020-11-01,17,46,9,1,73,1195,144
44940,"Sumter, SC",2020-12-01,10,53,15,1,79,1274,154
44940,"Sumter, SC",2021-01-01,38,106,23,2,169,1443,192
44940,"Sumter, SC",2021-02-01,29,93,15,0,137,1580,221
44940,"Sumter, SC",2021-03-01,28,91,17,3,139,1719,249
44940,"Sumter, SC",2021-04-01,34,126,20,1,181,1900,283
44940,"Sumter, SC",2021-05-01,45,106,33,3,187,2087,328
44940,"Sumter, SC",2021-06-01,33,114,21,0,168,2255,361
44940,"Sumter, SC",2021-07-01,27,70,15,0,112,2367,388
44940,"Sumter, SC",2021-08-01,23,100,20,1,144,2511,411
44940,"Sumter, SC",2021-09-01,20,94,32,1,147,2658,431
44940,"Sumter, SC",2021-10-01,26,52,20,1,99,2757,457
44940,"Sumter, SC",2021-11-01,15,69,12,0,96,2853,472
44940,"Sumter, SC",2021-12-01,34,63,18,2,117,2970,506
44940,"Sumter, SC",2022-01-01,34,75,14,1,124,3094,540
44940,"Sumter, SC",2022-02-01,19,45,16,0,80,3174,559
44940,"Sumter, SC",2022-03-01,47,110,28,2,187,3361,606
44940,"Sumter, SC",2022-04-01,32,77,24,1,134,3495,638
44940,"Sumter, SC",2022-05-01,34,88,20,2,144,3639,672
44940,"Sumter, SC",2022-06-01,34,70,21,1,126,3765,706
44940,"Sumter, SC",2022-07-01,33,68,13,1,115,3880,739
44940,"Sumter, SC",2022-08-01,25,75,17,3,120,4000,764
44940,"Sumter, SC",2022-09-01,36,56,15,0,107,4107,800
44940,"Sumter, SC",2022-10-01,35,74,17,0,126,4233,835
44940,"Sumter, SC",2022-11-01,37,82,21,3,143,4376,872
44940,"Sumter, SC",2022-12-01,43,69,23,2,137,4513,915
44940,"Sumter, SC",2023-01-01,35,75,25,3,138,4651,950
44940,"Sumter, SC",2023-02-01,28,59,16,3,106,4757,978
44940,"Sumter, SC",2023-03-01,68,86,25,3,182,4939,1046
44940,"Sumter, SC",2023-04-01,39,82,21,3,145,5084,1085
44940,"Sumter, SC",2023-05-01,35,56,13,1,105,5189,1120
44940,"Sumter, SC",2023-06-01,25,50,12,2,89,5278,1145
44940,"Sumter, SC",2023-07-01,29,42,11,0,82,5360,1174
44940,"Sumter, SC",2023-08-01,22,52,7,0,81,5441,1196
44940,"Sumter, SC",2023-09-01,39,44,7,1,91,5532,1235
44940,"Sumter, SC",2023-10-01,52,54,18,0,124,5656,1287
44940,"Sumter, SC",2023-11-01,38,76,29,0,143,5799,1325
44940,"Sumter, SC",2023-12-01,45,72,23,3,143,5942,1370
44940,"Sumter, SC",2024-01-01,43,66,21,2,132,6074,1413
44940,"Sumter, SC",2024-02-01,59,57,14,1,131,6205,1472
44940,"Sumter, SC",2024-03-01,53,78,13,0,144,6349,1525
44940,"Sumter, SC",2024-04-01,49,59,12,3,123,6472,1574
44940,"Sumter, SC",2024-05-01,31,32,8,1,72,6544,1605
44940,"Sumter, SC",2024-06-01,44,53,12,1,110,6654,1649
44940,"Sumter, SC",2024-07-01,53,48,17,1,119,6773,1702
44940,"Sumter, SC",2024-08-01,53,71,25,4,153,6926,1755
44940,"Sumter, SC",2024-09-01,49,75,22,4,150,7076,1804
44940,"Sumter, SC",2024-10-01,66,86,32,1,185,7261,1870
44940,"Sumter, SC",2024-11-01,59,49,23,4,135,7396,1929
44940,"Sumter, SC",2024-12-01,55,71,23,3,152,7548,1984
44940,"Sumter, SC",2025-01-01,58,61,23,2,144,7692,2042
44940,"Sumter, SC",2025-02-01,42,59,13,1,115,7807,2084
44940,"Sumter, SC",2025-03-01,72,52,11,3,138,7945,2156
44940,"Sumter, SC",2025-04-01,81,70,19,6,176,8121,2237
44940,"Sumter, SC",2025-05-01,64,64,20,5,153,8274,2301
44940,"Sumter, SC",2025-06-01,87,83,36,2,208,8482,2388
44940,"Sumter, SC",2025-07-01,67,69,23,4,163,8645,2455
44940,"Sumter, SC",2025-08-01,65,67,24,4,160,8805,2520
44940,"Sumter, SC",2025-09-01,1,1,1,0,3,8808,2521
13660,"Big Rapids, MI",2019-01-01,0,2,1,0,3,3,0
13660,"Big Rapids, MI",2019-02-01,0,2,0,0,2,5,0
13660,"Big Rapids, MI",2019-03-01,0,4,1,0,5,10,0
13660,"Big Rapids, MI",2019-04-01,0,4,1,0,5,15,0
13660,"Big Rapids, MI",2019-05-01,0,3,0,0,3,18,0
13660,"Big Rapids, MI",2019-06-01,0,0,1,0,1,19,0
13660,"Big Rapids, MI",2019-07-01,0,1,1,1,3,22,0
13660,"Big Rapids, MI",2019-08-01,0,4,1,0,5,27,0
13660,"Big Rapids, MI",2019-09-01,0,4,3,0,7,34,0
13660,"Big Rapids, MI",2019-10-01,0,1,0,0,1,35,0
13660,"Big Rapids, MI",2019-11-01,0,4,1,0,5,40,0
13660,"Big Rapids, MI",2019-12-01,1,1,0,0,2,42,1
13660,"Big Rapids, MI",2020-01-01,0,1,0,0,1,43,1
13660,"Big Rapids, MI",2020-02-01,2,2,0,0,4,47,3
13660,"Big Rapids, MI",2020-03-01,1,0,0,0,1,48,4
13660,"Big Rapids, MI",2020-04-01,2,8,0,0,10,58,6
13660,"Big Rapids, MI",2020-05-01,12,12,1,0,25,83,18
13660,"Big Rapids, MI",2020-06-01,5,11,1,0,17,100,23
13660,"Big Rapids, MI",2020-07-01,9,13,1,0,23,123,32
13660,"Big Rapids, MI",2020-08-01,7,10,2,0,19,142,39
13660,"Big Rapids, MI",2020-09-01,4,8,1,0,13,155,43
13660,"Big Rapids, MI",2020-10-01,27,32,5,0,64,219,70
13660,"Big Rapids, MI",2020-11-01,19,27,1,0,47,266,89
13660,"Big Rapids, MI",2020-12-01,15,23,4,1,43,309,104
13660,"Big Rapids, MI",2021-01-01,25,26,5,0,56,365,129
13660,"Big Rapids, MI",2021-02-01,18,38,4,0,60,425,147
13660,"Big Rapids, MI",2021-03-01,25,21,3,0,49,474,172
13660,"Big Rapids, MI",2021-04-01,10,27,4,1,42,516,182
13660,"Big Rapids, MI",2021-05-01,23,40,11,1,75,591,205
13660,"Big Rapids, MI",2021-06-01,18,31,2,1,52,643,223
13660,"Big Rapids, MI",2021-07-01,17,33,7,0,57,700,240
13660,"Big Rapids, MI",2021-08-01,22,34,8,0,64,764,262
13660,"Big Rapids, MI",2021-09-01,32,39,6,0,77,841,294
13660,"Big Rapids, MI",2021-10-01,35,37,6,0,78,919,329
13660,"Big Rapids, MI",2021-11-01,27,39,12,0,78,997,356
13660,"Big Rapids, MI",2021-12-01,22,36,3,1,62,1059,378
13660,"Big Rapids, MI",2022-01-01,32,59,10,2,103,1162,410
13660,"Big Rapids, MI",2022-02-01,35,44,4,0,83,1245,445
13660,"Big Rapids, MI",2022-03-01,17,32,10,0,59,1304,462
13660,"Big Rapids, MI",2022-04-01,18,33,5,0,56,1360,480
13660,"Big Rapids, MI",2022-05-01,19,26,0,1,46,1406,499
13660,"Big Rapids, MI",2022-06-01,12,19,3,0,34,1440,511
13660,"Big Rapids, MI",2022-07-01,12,14,5,0,31,1471,523
13660,"Big Rapids, MI",2022-08-01,18,18,4,2,42,1513,541
13660,"Big Rapids, MI",2022-09-01,22,20,3,0,45,1558,563
13660,"Big Rapids, MI",2022-10-01,26,22,7,0,55,1613,589
13660,"Big Rapids, MI",2022-11-01,32,19,2,1,54,1667,621
13660,"Big Rapids, MI",2022-12-01,31,21,4,0,56,1723,652
13660,"Big Rapids, MI",2023-01-01,17,23,6,1,47,1770,669
13660,"Big Rapids, MI",2023-02-01,35,22,7,0,64,1834,704
13660,"Big Rapids, MI",2023-03-01,52,25,10,0,87,1921,756
13660,"Big Rapids, MI",2023-04-01,15,31,6,1,53,1974,771
13660,"Big Rapids, MI",2023-05-01,14,10,7,0,31,2005,785
13660,"Big Rapids, MI",2023-06-01,8,15,6,0,29,2034,793
13660,"Big Rapids, MI",2023-07-01,17,21,6,0,44,2078,810
13660,"Big Rapids, MI",2023-08-01,21,15,4,0,40,2118,831
13660,"Big Rapids, MI",2023-09-01,31,25,6,0,62,2180,862
13660,"Big Rapids, MI",2023-10-01,32,21,3,0,56,2236,894
13660,"Big Rapids, MI",2023-11-01,40,17,6,0,63,2299,934
13660,"Big Rapids, MI",2023-12-01,20,17,3,1,41,2340,954
13660,"Big Rapids, MI",2024-01-01,37,9,4,1,51,2391,991
13660,"Big Rapids, MI",2024-02-01,36,18,7,1,62,2453,1027
13660,"Big Rapids, MI",2024-03-01,41,19,6,2,68,2521,1068
13660,"Big Rapids, MI",2024-04-01,21,16,5,0,42,2563,1089
13660,"Big Rapids, MI",2024-05-01,24,13,4,1,42,2605,1113
13660,"Big Rapids, MI",2024-06-01,9,9,5,0,23,2628,1122
13660,"Big Rapids, MI",2024-07-01,13,10,4,1,28,2656,1135
13660,"Big Rapids, MI",2024-08-01,11,7,1,0,19,2675,1146
13660,"Big Rapids, MI",2024-09-01,23,11,7,0,41,2716,1169
13660,"Big Rapids, MI",2024-10-01,38,14,10,0,62,2778,1207
13660,"Big Rapids, MI",2024-11-01,44,17,8,0,69,2847,1251
13660,"Big Rapids, MI",2024-12-01,36,12,6,0,54,2901,1287
13660,"Big Rapids, MI",2025-01-01,33,28,7,0,68,2969,1320
13660,"Big Rapids, MI",2025-02-01,46,21,1,0,68,3037,1366
13660,"Big Rapids, MI",2025-03-01,47,14,8,2,71,3108,1413
13660,"Big Rapids, MI",2025-04-01,26,6,1,1,34,3142,1439
13660,"Big Rapids, MI",2025-05-01,15,12,6,0,33,3175,1454
13660,"Big Rapids, MI",2025-06-01,13,12,2,0,27,3202,1467
13660,"Big Rapids, MI",2025-07-01,21,16,4,3,44,3246,1488
13660,"Big Rapids, MI",2025-08-01,14,10,4,1,29,3275,1502
13660,"Big Rapids, MI",2025-09-01,4,0,0,0,4,3279,1506
46540,"Utica-Rome, NY",2019-01-01,0,7,5,0,12,12,0
46540,"Utica-Rome, NY",2019-02-01,1,12,6,0,19,31,1
46540,"Utica-Rome, NY",2019-03-01,1,34,7,1,43,74,2
46540,"Utica-Rome, NY",2019-04-01,5,45,6,1,57,131,7
46540,"Utica-Rome, NY",2019-05-01,0,29,10,1,40,171,7
46540,"Utica-Rome, NY",2019-06-01,2,18,7,2,29,200,9
46540,"Utica-Rome, NY",2019-07-01,3,18,4,1,26,226,12
46540,"Utica-Rome, NY",2019-08-01,0,20,7,0,27,253,12
46540,"Utica-Rome, NY",2019-09-01,0,27,2,0,29,282,12
46540,"Utica-Rome, NY",2019-10-01,3,27,4,0,34,316,15
46540,"Utica-Rome, NY",2019-11-01,3,26,7,2,38,354,18
46540,"Utica-Rome, NY",2019-12-01,6,31,9,0,46,400,24
46540,"Utica-Rome, NY",2020-01-01,7,33,5,0,45,445,31
46540,"Utica-Rome, NY",2020-02-01,5,20,6,0,31,476,36
46540,"Utica-Rome, NY",2020-03-01,6,47,11,1,65,541,42
46540,"Utica-Rome, NY",2020-04-01,13,60,14,3,90,631,55
46540,"Utica-Rome, NY",2020-05-01,36,77,5,2,120,751,91
46540,"Utica-Rome, NY",2020-06-01,31,96,26,1,154,905,122
46540,"Utica-Rome, NY",2020-07-01,31,88,26,1,146,1051,153
46540,"Utica-Rome, NY",2020-08-01,19,76,15,2,112,1163,172
46540,"Utica-Rome, NY",2020-09-01,25,95,16,1,137,1300,197
46540,"Utica-Rome, NY",2020-10-01,21,77,20,0,118,1418,218
46540,"Utica-Rome, NY",2020-11-01,20,83,15,1,119,1537,238
46540,"Utica-Rome, NY",2020-12-01,16,50,9,1,76,1613,254
46540,"Utica-Rome, NY",2021-01-01,54,124,23,3,204,1817,308
46540,"Utica-Rome, NY",2021-02-01,64,123,27,5,219,2036,372
46540,"Utica-Rome, NY",2021-03-01,51,135,37,5,228,2264,423
46540,"Utica-Rome, NY",2021-04-01,49,110,14,3,176,2440,472
46540,"Utica-Rome, NY",2021-05-01,29,53,19,0,101,2541,501
46540,"Utica-Rome, NY",2021-06-01,18,76,19,2,115,2656,519
46540,"Utica-Rome, NY",2021-07-01,22,93,28,1,144,2800,541
46540,"Utica-Rome, NY",2021-08-01,28,77,17,0,122,2922,569
46540,"Utica-Rome, NY",2021-09-01,28,84,24,1,137,3059,597
46540,"Utica-Rome, NY",2021-10-01,21,53,13,2,89,3148,618
46540,"Utica-Rome, NY",2021-11-01,21,47,12,0,80,3228,639
46540,"Utica-Rome, NY",2021-12-01,39,103,25,3,170,3398,678
46540,"Utica-Rome, NY",2022-01-01,63,137,19,3,222,3620,741
46540,"Utica-Rome, NY",2022-02-01,44,100,31,3,178,3798,785
46540,"Utica-Rome, NY",2022-03-01,30,93,20,1,144,3942,815
46540,"Utica-Rome, NY",2022-04-01,21,60,12,1,94,4036,836
46540,"Utica-Rome, NY",2022-05-01,42,90,30,2,164,4200,878
46540,"Utica-Rome, NY",2022-06-01,17,51,8,1,77,4277,895
46540,"Utica-Rome, NY",2022-07-01,29,58,13,2,102,4379,924
46540,"Utica-Rome, NY",2022-08-01,20,58,17,2,97,4476,944
46540,"Utica-Rome, NY",2022-09-01,38,62,11,1,112,4588,982
46540,"Utica-Rome, NY",2022-10-01,30,81,15,2,128,4716,1012
46540,"Utica-Rome, NY",2022-11-01,60,78,28,4,170,4886,1072
46540,"Utica-Rome, NY",2022-12-01,49,85,32,4,170,5056,1121
46540,"Utica-Rome, NY",2023-01-01,39,84,30,3,156,5212,1160
46540,"Utica-Rome, NY",2023-02-01,56,87,31,0,174,5386,1216
46540,"Utica-Rome, NY",2023-03-01,71,117,38,3,229,5615,1287
46540,"Utica-Rome, NY",2023-04-01,46,75,30,1,152,5767,1333
46540,"Utica-Rome, NY",2023-05-01,34,62,15,1,112,5879,1367
46540,"Utica-Rome, NY",2023-06-01,17,36,6,0,59,5938,1384
46540,"Utica-Rome, NY",2023-07-01,26,51,11,3,91,6029,1410
46540,"Utica-Rome, NY",2023-08-01,37,64,18,1,120,6149,1447
46540,"Utica-Rome, NY",2023-09-01,58,60,19,1,138,6287,1505
46540,"Utica-Rome, NY",2023-10-01,61,104,31,1,197,6484,1566
46540,"Utica-Rome, NY",2023-11-01,71,90,40,1,202,6686,1637
46540,"Utica-Rome, NY",2023-12-01,55,92,38,1,186,6872,1692
46540,"Utica-Rome, NY",2024-01-01,63,89,34,0,186,7058,1755
46540,"Utica-Rome, NY",2024-02-01,94,77,34,0,205,7263,1849
46540,"Utica-Rome, NY",2024-03-01,88,108,32,1,229,7492,1937
46540,"Utica-Rome, NY",2024-04-01,69,72,37,2,180,7672,2006
46540,"Utica-Rome, NY",2024-05-01,60,78,27,0,165,7837,2066
46540,"Utica-Rome, NY",2024-06-01,59,84,23,4,170,8007,2125
46540,"Utica-Rome, NY",2024-07-01,53,102,26,3,184,8191,2178
46540,"Utica-Rome, NY",2024-08-01,32,50,23,5,110,8301,2210
46540,"Utica-Rome, NY",2024-09-01,84,91,34,7,216,8517,2294
46540,"Utica-Rome, NY",2024-10-01,89,103,30,5,227,8744,2383
46540,"Utica-Rome, NY",2024-11-01,74,101,34,6,215,8959,2457
46540,"Utica-Rome, NY",2024-12-01,83,108,37,2,230,9189,2540
46540,"Utica-Rome, NY",2025-01-01,95,116,25,3,239,9428,2635
46540,"Utica-Rome, NY",2025-02-01,85,108,26,5,224,9652,2720
46540,"Utica-Rome, NY",2025-03-01,109,110,36,5,260,9912,2829
46540,"Utica-Rome, NY",2025-04-01,97,107,26,2,232,10144,2926
46540,"Utica-Rome, NY",2025-05-01,114,128,25,4,271,10415,3040
46540,"Utica-Rome, NY",2025-06-01,105,107,31,1,244,10659,3145
46540,"Utica-Rome, NY",2025-07-01,97,123,37,3,260,10919,3242
46540,"Utica-Rome, NY",2025-08-01,68,82,28,4,182,11101,3310
46540,"Utica-Rome, NY",2025-09-01,0,2,3,0,5,11106,3310
16620,"Charleston, WV",2019-01-01,1,12,5,1,19,19,1
16620,"Charleston, WV",2019-02-01,0,26,4,1,31,50,1
16620,"Charleston, WV",2019-03-01,1,33,12,0,46,96,2
16620,"Charleston, WV",2019-04-01,2,42,8,1,53,149,4
16620,"Charleston, WV",2019-05-01,1,60,16,0,77,226,5
16620,"Charleston, WV",2019-06-01,1,36,16,1,54,280,6
16620,"Charleston, WV",2019-07-01,1,39,11,1,52,332,7
16620,"Charleston, WV",2019-08-01,3,42,12,2,59,391,10
16620,"Charleston, WV",2019-09-01,7,36,6,0,49,440,17
16620,"Charleston, WV",2019-10-01,5,54,11,0,70,510,22
16620,"Charleston, WV",2019-11-01,3,50,11,0,64,574,25
16620,"Charleston, WV",2019-12-01,2,23,7,2,34,608,27
16620,"Charleston, WV",2020-01-01,8,29,9,1,47,655,35
16620,"Charleston, WV",2020-02-01,2,29,12,2,45,700,37
16620,"Charleston, WV",2020-03-01,9,63,13,0,85,785,46
16620,"Charleston, WV",2020-04-01,31,86,23,2,142,927,77
16620,"Charleston, WV",2020-05-01,49,156,32,2,239,1166,126
16620,"Charleston, WV",2020-06-01,20,82,8,3,113,1279,146
16620,"Charleston, WV",2020-07-01,21,104,22,0,147,1426,167
16620,"Charleston, WV",2020-08-01,32,185,29,4,250,1676,199
16620,"Charleston, WV",2020-09-01,33,94,22,2,151,1827,232
16620,"Charleston, WV",2020-10-01,12,52,14,0,78,1905,244
16620,"Charleston, WV",2020-11-01,16,76,15,2,109,2014,260
16620,"Charleston, WV",2020-12-01,29,68,14,1,112,2126,289
16620,"Charleston, WV",2021-01-01,62,158,31,1,252,2378,351
16620,"Charleston, WV",2021-02-01,62,143,37,6,248,2626,413
16620,"Charleston, WV",2021-03-01,61,151,42,6,260,2886,474
16620,"Charleston, WV",2021-04-01,70,179,32,2,283,3169,544
16620,"Charleston, WV",2021-05-01,65,141,28,3,237,3406,609
16620,"Charleston, WV",2021-06-01,25,68,16,0,109,3515,634
16620,"Charleston, WV",2021-07-01,27,97,22,3,149,3664,661
16620,"Charleston, WV",2021-08-01,28,88,26,2,144,3808,689
16620,"Charleston, WV",2021-09-01,45,113,36,3,197,4005,734
16620,"Charleston, WV",2021-10-01,23,72,18,1,114,4119,757
16620,"Charleston, WV",2021-11-01,36,95,31,4,166,4285,793
16620,"Charleston, WV",2021-12-01,45,108,27,4,184,4469,838
16620,"Charleston, WV",2022-01-01,51,150,30,4,235,4704,889
16620,"Charleston, WV",2022-02-01,44,100,35,3,182,4886,933
16620,"Charleston, WV",2022-03-01,52,128,37,3,220,5106,985
16620,"Charleston, WV",2022-04-01,35,102,29,3,169,5275,1020
16620,"Charleston, WV",2022-05-01,47,99,31,1,178,5453,1067
16620,"Charleston, WV",2022-06-01,42,78,14,2,136,5589,1109
16620,"Charleston, WV",2022-07-01,35,102,30,3,170,5759,1144
16620,"Charleston, WV",2022-08-01,56,130,43,2,231,5990,1200
16620,"Charleston, WV",2022-09-01,38,124,28,0,190,6180,1238
16620,"Charleston, WV",2022-10-01,41,84,37,1,163,6343,1279
16620,"Charleston, WV",2022-11-01,41,96,33,2,172,6515,1320
16620,"Charleston, WV",2022-12-01,36,93,28,1,158,6673,1356
16620,"Charleston, WV",2023-01-01,55,94,27,5,181,6854,1411
16620,"Charleston, WV",2023-02-01,42,88,30,1,161,7015,1453
16620,"Charleston, WV",2023-03-01,79,103,34,3,219,7234,1532
16620,"Charleston, WV",2023-04-01,57,101,27,5,190,7424,1589
16620,"Charleston, WV",2023-05-01,41,54,15,0,110,7534,1630
16620,"Charleston, WV",2023-06-01,35,52,13,5,105,7639,1665
16620,"Charleston, WV",2023-07-01,27,41,13,1,82,7721,1692
16620,"Charleston, WV",2023-08-01,40,76,27,2,145,7866,1732
16620,"Charleston, WV",2023-09-01,45,85,26,8,164,8030,1777
16620,"Charleston, WV",2023-10-01,42,87,32,2,163,8193,1819
16620,"Charleston, WV",2023-11-01,59,91,23,4,177,8370,1878
16620,"Charleston, WV",2023-12-01,64,81,27,2,174,8544,1942
16620,"Charleston, WV",2024-01-01,45,92,29,2,168,8712,1987
16620,"Charleston, WV",2024-02-01,56,87,29,6,178,8890,2043
16620,"Charleston, WV",2024-03-01,62,97,32,3,194,9084,2105
16620,"Charleston, WV",2024-04-01,51,71,28,3,153,9237,2156
16620,"Charleston, WV",2024-05-01,86,97,33,2,218,9455,2242
16620,"Charleston, WV",2024-06-01,77,104,30,5,216,9671,2319
16620,"Charleston, WV",2024-07-01,68,108,39,8,223,9894,2387
16620,"Charleston, WV",2024-08-01,46,95,30,4,175,10069,2433
16620,"Charleston, WV",2024-09-01,64,105,36,5,210,10279,2497
16620,"Charleston, WV",2024-10-01,61,90,32,3,186,10465,2558
16620,"Charleston, WV",2024-11-01,73,103,31,4,211,10676,2631
16620,"Charleston, WV",2024-12-01,67,91,41,3,202,10878,2698
16620,"Charleston, WV",2025-01-01,69,86,28,4,187,11065,2767
16620,"Charleston, WV",2025-02-01,52,79,17,0,148,11213,2819
16620,"Charleston, WV",2025-03-01,78,78,20,3,179,11392,2897
16620,"Charleston, WV",2025-04-01,70,96,41,3,210,11602,2967
16620,"Charleston, WV",2025-05-01,94,99,29,5,227,11829,3061
16620,"Charleston, WV",2025-06-01,77,117,27,5,226,12055,3138
16620,"Charleston, WV",2025-07-01,66,86,39,3,194,12249,3204
16620,"Charleston, WV",2025-08-01,49,77,28,1,155,12404,3253
16620,"Charleston, WV",2025-09-01,1,2,0,0,3,12407,3254
46340,"Tyler, TX",2019-01-01,0,24,5,1,30,30,0
46340,"Tyler, TX",2019-02-01,1,24,7,2,34,64,1
46340,"Tyler, TX",2019-03-01,1,37,10,0,48,112,2
46340,"Tyler, TX",2019-04-01,1,32,3,1,37,149,3
46340,"Tyler, TX",2019-05-01,2,45,12,1,60,209,5
46340,"Tyler, TX",2019-06-01,3,27,6,2,38,247,8
46340,"Tyler, TX",2019-07-01,3,25,7,0,35,282,11
46340,"Tyler, TX",2019-08-01,6,41,10,1,58,340,17
46340,"Tyler, TX",2019-09-01,5,49,9,1,64,404,22
46340,"Tyler, TX",2019-10-01,3,34,4,0,41,445,25
46340,"Tyler, TX",2019-11-01,5,38,14,1,58,503,30
46340,"Tyler, TX",2019-12-01,5,43,7,0,55,558,35
46340,"Tyler, TX",2020-01-01,5,45,17,3,70,628,40
46340,"Tyler, TX",2020-02-01,11,60,8,4,83,711,51
46340,"Tyler, TX",2020-03-01,5,55,15,1,76,787,56
46340,"Tyler, TX",2020-04-01,33,154,36,6,229,1016,89
46340,"Tyler, TX",2020-05-01,51,179,28,5,263,1279,140
46340,"Tyler, TX",2020-06-01,29,99,24,4,156,1435,169
46340,"Tyler, TX",2020-07-01,51,159,36,5,251,1686,220
46340,"Tyler, TX",2020-08-01,47,215,41,3,306,1992,267
46340,"Tyler, TX",2020-09-01,75,211,30,1,317,2309,342
46340,"Tyler, TX",2020-10-01,26,116,20,5,167,2476,368
46340,"Tyler, TX",2020-11-01,31,72,22,4,129,2605,399
46340,"Tyler, TX",2020-12-01,42,104,17,4,167,2772,441
46340,"Tyler, TX",2021-01-01,93,190,39,3,325,3097,534
46340,"Tyler, TX",2021-02-01,61,154,42,2,259,3356,595
46340,"Tyler, TX",2021-03-01,127,234,51,4,416,3772,722
46340,"Tyler, TX",2021-04-01,121,242,49,5,417,4189,843
46340,"Tyler, TX",2021-05-01,71,203,39,2,315,4504,914
46340,"Tyler, TX",2021-06-01,51,130,40,5,226,4730,965
46340,"Tyler, TX",2021-07-01,48,146,25,3,222,4952,1013
46340,"Tyler, TX",2021-08-01,48,149,36,3,236,5188,1061
46340,"Tyler, TX",2021-09-01,83,203,53,3,342,5530,1144
46340,"Tyler, TX",2021-10-01,54,111,36,5,206,5736,1198
46340,"Tyler, TX",2021-11-01,52,129,23,3,207,5943,1250
46340,"Tyler, TX",2021-12-01,83,184,41,6,314,6257,1333
46340,"Tyler, TX",2022-01-01,77,193,35,3,308,6565,1410
46340,"Tyler, TX",2022-02-01,72,159,38,4,273,6838,1482
46340,"Tyler, TX",2022-03-01,112,218,60,7,397,7235,1594
46340,"Tyler, TX",2022-04-01,68,106,30,7,211,7446,1662
46340,"Tyler, TX",2022-05-01,84,155,38,1,278,7724,1746
46340,"Tyler, TX",2022-06-01,78,125,40,3,246,7970,1824
46340,"Tyler, TX",2022-07-01,61,107,29,1,198,8168,1885
46340,"Tyler, TX",2022-08-01,76,142,36,2,256,8424,1961
46340,"Tyler, TX",2022-09-01,132,251,63,5,451,8875,2093
46340,"Tyler, TX",2022-10-01,63,135,43,5,246,9121,2156
46340,"Tyler, TX",2022-11-01,118,180,64,7,369,9490,2274
46340,"Tyler, TX",2022-12-01,160,243,58,7,468,9958,2434
46340,"Tyler, TX",2023-01-01,106,172,65,5,348,10306,2540
46340,"Tyler, TX",2023-02-01,93,135,39,3,270,10576,2633
46340,"Tyler, TX",2023-03-01,172,228,65,4,469,11045,2805
46340,"Tyler, TX",2023-04-01,105,170,38,5,318,11363,2910
46340,"Tyler, TX",2023-05-01,65,107,26,5,203,11566,2975
46340,"Tyler, TX",2023-06-01,57,96,28,1,182,11748,3032
46340,"Tyler, TX",2023-07-01,87,119,23,3,232,11980,3119
46340,"Tyler, TX",2023-08-01,67,85,23,0,175,12155,3186
46340,"Tyler, TX",2023-09-01,73,130,29,6,238,12393,3259
46340,"Tyler, TX",2023-10-01,90,142,38,9,279,12672,3349
46340,"Tyler, TX",2023-11-01,158,205,69,5,437,13109,3507
46340,"Tyler, TX",2023-12-01,143,212,62,5,422,13531,3650
46340,"Tyler, TX",2024-01-01,194,207,66,3,470,14001,3844
46340,"Tyler, TX",2024-02-01,172,167,45,11,395,14396,4016
46340,"Tyler, TX",2024-03-01,166,186,42,7,401,14797,4182
46340,"Tyler, TX",2024-04-01,128,154,47,8,337,15134,4310
46340,"Tyler, TX",2024-05-01,78,106,24,2,210,15344,4388
46340,"Tyler, TX",2024-06-01,66,74,31,1,172,15516,4454
46340,"Tyler, TX",2024-07-01,37,75,24,3,139,15655,4491
46340,"Tyler, TX",2024-08-01,92,101,39,4,236,15891,4583
46340,"Tyler, TX",2024-09-01,121,120,51,4,296,16187,4704
46340,"Tyler, TX",2024-10-01,154,191,67,4,416,16603,4858
46340,"Tyler, TX",2024-11-01,155,203,75,14,447,17050,5013
46340,"Tyler, TX",2024-12-01,154,181,55,8,398,17448,5167
46340,"Tyler, TX",2025-01-01,134,183,74,10,401,17849,5301
46340,"Tyler, TX",2025-02-01,151,152,52,3,358,18207,5452
46340,"Tyler, TX",2025-03-01,192,173,47,2,414,18621,5644
46340,"Tyler, TX",2025-04-01,167,188,70,10,435,19056,5811
46340,"Tyler, TX",2025-05-01,164,217,49,6,436,19492,5975
46340,"Tyler, TX",2025-06-01,88,136,35,4,263,19755,6063
46340,"Tyler, TX",2025-07-01,69,111,23,3,206,19961,6132
46340,"Tyler, TX",2025-08-01,124,170,57,2,353,20314,6256
46340,"Tyler, TX",2025-09-01,4,1,2,0,7,20321,6260
12100,"Atlantic City-Hammonton, NJ",2019-01-01,2,51,15,2,70,70,2
12100,"Atlantic City-Hammonton, NJ",2019-02-01,1,48,18,2,69,139,3
12100,"Atlantic City-Hammonton, NJ",2019-03-01,1,50,15,1,67,206,4
12100,"Atlantic City-Hammonton, NJ",2019-04-01,1,61,13,2,77,283,5
12100,"Atlantic City-Hammonton, NJ",2019-05-01,1,74,14,3,92,375,6
12100,"Atlantic City-Hammonton, NJ",2019-06-01,3,56,18,0,77,452,9
12100,"Atlantic City-Hammonton, NJ",2019-07-01,8,67,22,3,100,552,17
12100,"Atlantic City-Hammonton, NJ",2019-08-01,6,67,20,2,95,647,23
12100,"Atlantic City-Hammonton, NJ",2019-09-01,7,53,15,2,77,724,30
12100,"Atlantic City-Hammonton, NJ",2019-10-01,4,33,9,0,46,770,34
12100,"Atlantic City-Hammonton, NJ",2019-11-01,6,37,11,2,56,826,40
12100,"Atlantic City-Hammonton, NJ",2019-12-01,11,36,13,4,64,890,51
12100,"Atlantic City-Hammonton, NJ",2020-01-01,9,49,10,0,68,958,60
12100,"Atlantic City-Hammonton, NJ",2020-02-01,4,29,15,3,51,1009,64
12100,"Atlantic City-Hammonton, NJ",2020-03-01,13,66,20,2,101,1110,77
12100,"Atlantic City-Hammonton, NJ",2020-04-01,28,136,43,8,215,1325,105
12100,"Atlantic City-Hammonton, NJ",2020-05-01,75,214,56,10,355,1680,180
12100,"Atlantic City-Hammonton, NJ",2020-06-01,63,193,45,4,305,1985,243
12100,"Atlantic City-Hammonton, NJ",2020-07-01,71,222,60,5,358,2343,314
12100,"Atlantic City-Hammonton, NJ",2020-08-01,50,229,71,10,360,2703,364
12100,"Atlantic City-Hammonton, NJ",2020-09-01,42,226,54,5,327,3030,406
12100,"Atlantic City-Hammonton, NJ",2020-10-01,54,152,41,4,251,3281,460
12100,"Atlantic City-Hammonton, NJ",2020-11-01,46,143,35,1,225,3506,506
12100,"Atlantic City-Hammonton, NJ",2020-12-01,53,137,37,5,232,3738,559
12100,"Atlantic City-Hammonton, NJ",2021-01-01,79,202,55,8,344,4082,638
12100,"Atlantic City-Hammonton, NJ",2021-02-01,51,142,40,1,234,4316,689
12100,"Atlantic City-Hammonton, NJ",2021-03-01,59,190,53,10,312,4628,748
12100,"Atlantic City-Hammonton, NJ",2021-04-01,64,196,56,5,321,4949,812
12100,"Atlantic City-Hammonton, NJ",2021-05-01,64,226,65,3,358,5307,876
12100,"Atlantic City-Hammonton, NJ",2021-06-01,75,240,59,7,381,5688,951
12100,"Atlantic City-Hammonton, NJ",2021-07-01,62,222,71,5,360,6048,1013
12100,"Atlantic City-Hammonton, NJ",2021-08-01,69,254,90,6,419,6467,1082
12100,"Atlantic City-Hammonton, NJ",2021-09-01,41,236,78,12,367,6834,1123
12100,"Atlantic City-Hammonton, NJ",2021-10-01,36,139,44,6,225,7059,1159
12100,"Atlantic City-Hammonton, NJ",2021-11-01,32,104,41,10,187,7246,1191
12100,"Atlantic City-Hammonton, NJ",2021-12-01,50,141,32,3,226,7472,1241
12100,"Atlantic City-Hammonton, NJ",2022-01-01,63,192,58,12,325,7797,1304
12100,"Atlantic City-Hammonton, NJ",2022-02-01,32,100,48,6,186,7983,1336
12100,"Atlantic City-Hammonton, NJ",2022-03-01,31,116,47,5,199,8182,1367
12100,"Atlantic City-Hammonton, NJ",2022-04-01,40,161,36,2,239,8421,1407
12100,"Atlantic City-Hammonton, NJ",2022-05-01,62,179,48,2,291,8712,1469
12100,"Atlantic City-Hammonton, NJ",2022-06-01,39,93,21,1,154,8866,1508
12100,"Atlantic City-Hammonton, NJ",2022-07-01,49,120,40,4,213,9079,1557
12100,"Atlantic City-Hammonton, NJ",2022-08-01,29,82,22,3,136,9215,1586
12100,"Atlantic City-Hammonton, NJ",2022-09-01,47,142,49,11,249,9464,1633
12100,"Atlantic City-Hammonton, NJ",2022-10-01,43,119,41,6,209,9673,1676
12100,"Atlantic City-Hammonton, NJ",2022-11-01,47,138,47,10,242,9915,1723
12100,"Atlantic City-Hammonton, NJ",2022-12-01,52,112,35,7,206,10121,1775
12100,"Atlantic City-Hammonton, NJ",2023-01-01,75,135,61,4,275,10396,1850
12100,"Atlantic City-Hammonton, NJ",2023-02-01,54,130,50,6,240,10636,1904
12100,"Atlantic City-Hammonton, NJ",2023-03-01,83,175,58,8,324,10960,1987
12100,"Atlantic City-Hammonton, NJ",2023-04-01,51,166,35,2,254,11214,2038
12100,"Atlantic City-Hammonton, NJ",2023-05-01,43,93,28,4,168,11382,2081
12100,"Atlantic City-Hammonton, NJ",2023-06-01,22,60,16,4,102,11484,2103
12100,"Atlantic City-Hammonton, NJ",2023-07-01,26,77,21,3,127,11611,2129
12100,"Atlantic City-Hammonton, NJ",2023-08-01,37,94,35,2,168,11779,2166
12100,"Atlantic City-Hammonton, NJ",2023-09-01,44,105,33,6,188,11967,2210
12100,"Atlantic City-Hammonton, NJ",2023-10-01,45,143,52,5,245,12212,2255
12100,"Atlantic City-Hammonton, NJ",2023-11-01,33,145,52,3,233,12445,2288
12100,"Atlantic City-Hammonton, NJ",2023-12-01,39,133,57,2,231,12676,2327
12100,"Atlantic City-Hammonton, NJ",2024-01-01,51,166,67,5,289,12965,2378
12100,"Atlantic City-Hammonton, NJ",2024-02-01,36,131,57,6,230,13195,2414
12100,"Atlantic City-Hammonton, NJ",2024-03-01,51,114,46,7,218,13413,2465
12100,"Atlantic City-Hammonton, NJ",2024-04-01,34,109,32,4,179,13592,2499
12100,"Atlantic City-Hammonton, NJ",2024-05-01,44,149,54,4,251,13843,2543
12100,"Atlantic City-Hammonton, NJ",2024-06-01,35,159,51,8,253,14096,2578
12100,"Atlantic City-Hammonton, NJ",2024-07-01,43,157,50,6,256,14352,2621
12100,"Atlantic City-Hammonton, NJ",2024-08-01,37,152,59,6,254,14606,2658
12100,"Atlantic City-Hammonton, NJ",2024-09-01,24,135,39,5,203,14809,2682
12100,"Atlantic City-Hammonton, NJ",2024-10-01,22,96,21,2,141,14950,2704
12100,"Atlantic City-Hammonton, NJ",2024-11-01,21,87,31,3,142,15092,2725
12100,"Atlantic City-Hammonton, NJ",2024-12-01,31,81,40,3,155,15247,2756
12100,"Atlantic City-Hammonton, NJ",2025-01-01,56,144,60,3,263,15510,2812
12100,"Atlantic City-Hammonton, NJ",2025-02-01,28,132,57,8,225,15735,2840
12100,"Atlantic City-Hammonton, NJ",2025-03-01,47,121,44,4,216,15951,2887
12100,"Atlantic City-Hammonton, NJ",2025-04-01,47,144,53,7,251,16202,2934
12100,"Atlantic City-Hammonton, NJ",2025-05-01,50,139,43,5,237,16439,2984
12100,"Atlantic City-Hammonton, NJ",2025-06-01,59,146,51,5,261,16700,3043
12100,"Atlantic City-Hammonton, NJ",2025-07-01,49,117,39,5,210,16910,3092
12100,"Atlantic City-Hammonton, NJ",2025-08-01,36,111,25,5,177,17087,3128
36380,"Okeechobee, FL",2019-01-01,0,1,0,0,1,1,0
36380,"Okeechobee, FL",2019-02-01,0,1,0,0,1,2,0
36380,"Okeechobee, FL",2019-04-01,0,3,0,0,3,5,0
36380,"Okeechobee, FL",2019-05-01,0,2,0,0,2,7,0
36380,"Okeechobee, FL",2019-06-01,0,2,0,0,2,9,0
36380,"Okeechobee, FL",2019-07-01,0,1,0,0,1,10,0
36380,"Okeechobee, FL",2019-08-01,0,1,0,0,1,11,0
36380,"Okeechobee, FL",2019-09-01,0,1,0,0,1,12,0
36380,"Okeechobee, FL",2019-10-01,0,1,1,0,2,14,0
36380,"Okeechobee, FL",2019-11-01,0,3,0,0,3,17,0
36380,"Okeechobee, FL",2019-12-01,0,1,1,1,3,20,0
36380,"Okeechobee, FL",2020-01-01,1,2,1,1,5,25,1
36380,"Okeechobee, FL",2020-02-01,0,2,2,0,4,29,1
36380,"Okeechobee, FL",2020-03-01,0,1,1,0,2,31,1
36380,"Okeechobee, FL",2020-04-01,0,3,2,0,5,36,1
36380,"Okeechobee, FL",2020-05-01,0,5,2,0,7,43,1
36380,"Okeechobee, FL",2020-06-01,1,3,0,0,4,47,2
36380,"Okeechobee, FL",2020-07-01,0,3,2,0,5,52,2
36380,"Okeechobee, FL",2020-08-01,2,6,1,0,9,61,4
36380,"Okeechobee, FL",2020-09-01,1,5,0,0,6,67,5
36380,"Okeechobee, FL",2020-10-01,1,4,2,0,7,74,6
36380,"Okeechobee, FL",2020-11-01,0,2,0,0,2,76,6
36380,"Okeechobee, FL",2020-12-01,1,8,0,0,9,85,7
36380,"Okeechobee, FL",2021-01-01,1,5,2,0,8,93,8
36380,"Okeechobee, FL",2021-02-01,2,7,6,0,15,108,10
36380,"Okeechobee, FL",2021-03-01,11,20,12,0,43,151,21
36380,"Okeechobee, FL",2021-04-01,8,15,6,2,31,182,29
36380,"Okeechobee, FL",2021-05-01,4,26,9,0,39,221,33
36380,"Okeechobee, FL",2021-06-01,2,22,3,0,27,248,35
36380,"Okeechobee, FL",2021-07-01,3,15,4,1,23,271,38
36380,"Okeechobee, FL",2021-08-01,5,20,4,2,31,302,43
36380,"Okeechobee, FL",2021-09-01,7,22,9,2,40,342,50
36380,"Okeechobee, FL",2021-10-01,3,13,1,0,17,359,53
36380,"Okeechobee, FL",2021-11-01,4,14,0,0,18,377,57
36380,"Okeechobee, FL",2021-12-01,8,21,4,0,33,410,65
36380,"Okeechobee, FL",2022-01-01,6,25,9,1,41,451,71
36380,"Okeechobee, FL",2022-02-01,5,18,7,1,31,482,76
36380,"Okeechobee, FL",2022-03-01,9,19,4,2,34,516,85
36380,"Okeechobee, FL",2022-04-01,10,27,10,1,48,564,95
36380,"Okeechobee, FL",2022-05-01,16,23,7,0,46,610,111
36380,"Okeechobee, FL",2022-06-01,6,24,6,1,37,647,117
36380,"Okeechobee, FL",2022-07-01,3,19,4,0,26,673,120
36380,"Okeechobee, FL",2022-08-01,8,16,6,1,31,704,128
36380,"Okeechobee, FL",2022-09-01,8,15,6,1,30,734,136
36380,"Okeechobee, FL",2022-10-01,8,21,7,0,36,770,144
36380,"Okeechobee, FL",2022-11-01,5,18,8,1,32,802,149
36380,"Okeechobee, FL",2022-12-01,7,19,11,0,37,839,156
36380,"Okeechobee, FL",2023-01-01,9,18,1,1,29,868,165
36380,"Okeechobee, FL",2023-02-01,2,10,6,0,18,886,167
36380,"Okeechobee, FL",2023-03-01,12,22,9,3,46,932,179
36380,"Okeechobee, FL",2023-04-01,10,18,4,2,34,966,189
36380,"Okeechobee, FL",2023-05-01,8,18,5,0,31,997,197
36380,"Okeechobee, FL",2023-06-01,5,7,6,0,18,1015,202
36380,"Okeechobee, FL",2023-07-01,11,17,6,0,34,1049,213
36380,"Okeechobee, FL",2023-08-01,4,11,6,0,21,1070,217
36380,"Okeechobee, FL",2023-09-01,6,7,2,1,16,1086,223
36380,"Okeechobee, FL",2023-10-01,5,15,5,0,25,1111,228
36380,"Okeechobee, FL",2023-11-01,8,26,6,0,40,1151,236
36380,"Okeechobee, FL",2023-12-01,8,13,3,1,25,1176,244
36380,"Okeechobee, FL",2024-01-01,8,20,8,0,36,1212,252
36380,"Okeechobee, FL",2024-02-01,7,15,6,0,28,1240,259
36380,"Okeechobee, FL",2024-03-01,18,16,8,1,43,1283,277
36380,"Okeechobee, FL",2024-04-01,3,22,9,0,34,1317,280
36380,"Okeechobee, FL",2024-05-01,12,13,1,0,26,1343,292
36380,"Okeechobee, FL",2024-06-01,3,6,2,1,12,1355,295
36380,"Okeechobee, FL",2024-07-01,2,6,2,0,10,1365,297
36380,"Okeechobee, FL",2024-08-01,2,7,2,0,11,1376,299
36380,"Okeechobee, FL",2024-09-01,5,9,5,0,19,1395,304
36380,"Okeechobee, FL",2024-10-01,6,25,6,0,37,1432,310
36380,"Okeechobee, FL",2024-11-01,10,16,5,1,32,1464,320
36380,"Okeechobee, FL",2024-12-01,12,15,5,1,33,1497,332
36380,"Okeechobee, FL",2025-01-01,13,21,13,2,49,1546,345
36380,"Okeechobee, FL",2025-02-01,10,15,4,1,30,1576,355
36380,"Okeechobee, FL",2025-03-01,12,13,3,1,29,1605,367
36380,"Okeechobee, FL",2025-04-01,12,20,7,1,40,1645,379
36380,"Okeechobee, FL",2025-05-01,13,19,3,1,36,1681,392
36380,"Okeechobee, FL",2025-06-01,12,15,4,1,32,1713,404
36380,"Okeechobee, FL",2025-07-01,12,19,5,0,36,1749,416
36380,"Okeechobee, FL",2025-08-01,10,10,3,1,24,1773,426
28780,"Kingsville, TX",2019-01-01,0,2,0,0,2,2,0
28780,"Kingsville, TX",2019-02-01,0,0,1,0,1,3,0
28780,"Kingsville, TX",2019-03-01,0,1,1,0,2,5,0
28780,"Kingsville, TX",2019-04-01,0,1,0,0,1,6,0
28780,"Kingsville, TX",2019-05-01,0,2,0,0,2,8,0
28780,"Kingsville, TX",2019-06-01,1,1,0,0,2,10,1
28780,"Kingsville, TX",2019-07-01,0,1,0,0,1,11,1
28780,"Kingsville, TX",2019-08-01,0,3,0,0,3,14,1
28780,"Kingsville, TX",2019-09-01,1,6,1,0,8,22,2
28780,"Kingsville, TX",2019-10-01,0,3,1,0,4,26,2
28780,"Kingsville, TX",2019-11-01,0,4,0,0,4,30,2
28780,"Kingsville, TX",2019-12-01,1,3,0,0,4,34,3
28780,"Kingsville, TX",2020-01-01,3,5,0,0,8,42,6
28780,"Kingsville, TX",2020-02-01,2,12,4,0,18,60,8
28780,"Kingsville, TX",2020-03-01,2,12,2,1,17,77,10
28780,"Kingsville, TX",2020-04-01,2,28,6,0,36,113,12
28780,"Kingsville, TX",2020-05-01,5,37,6,0,48,161,17
28780,"Kingsville, TX",2020-06-01,2,22,1,0,25,186,19
28780,"Kingsville, TX",2020-07-01,2,27,6,0,35,221,21
28780,"Kingsville, TX",2020-08-01,6,21,3,0,30,251,27
28780,"Kingsville, TX",2020-09-01,8,24,2,0,34,285,35
28780,"Kingsville, TX",2020-10-01,4,22,2,0,28,313,39
28780,"Kingsville, TX",2020-11-01,2,12,1,1,16,329,41
28780,"Kingsville, TX",2020-12-01,5,20,3,0,28,357,46
28780,"Kingsville, TX",2021-01-01,8,24,3,0,35,392,54
28780,"Kingsville, TX",2021-02-01,9,18,4,0,31,423,63
28780,"Kingsville, TX",2021-03-01,20,26,2,0,48,471,83
28780,"Kingsville, TX",2021-04-01,8,15,3,0,26,497,91
28780,"Kingsville, TX",2021-05-01,11,34,7,0,52,549,102
28780,"Kingsville, TX",2021-06-01,8,30,7,0,45,594,110
28780,"Kingsville, TX",2021-07-01,12,20,2,0,34,628,122
28780,"Kingsville, TX",2021-08-01,6,25,5,0,36,664,128
28780,"Kingsville, TX",2021-09-01,9,28,4,0,41,705,137
28780,"Kingsville, TX",2021-10-01,6,18,1,0,25,730,143
28780,"Kingsville, TX",2021-11-01,5,12,1,1,19,749,148
28780,"Kingsville, TX",2021-12-01,6,14,7,1,28,777,154
28780,"Kingsville, TX",2022-01-01,20,28,5,1,54,831,174
28780,"Kingsville, TX",2022-02-01,11,18,4,1,34,865,185
28780,"Kingsville, TX",2022-03-01,13,22,9,0,44,909,198
28780,"Kingsville, TX",2022-04-01,10,17,3,1,31,940,208
28780,"Kingsville, TX",2022-05-01,6,15,4,0,25,965,214
28780,"Kingsville, TX",2022-06-01,7,8,0,0,15,980,221
28780,"Kingsville, TX",2022-07-01,11,7,2,0,20,1000,232
28780,"Kingsville, TX",2022-08-01,14,18,5,1,38,1038,246
28780,"Kingsville, TX",2022-09-01,10,17,5,0,32,1070,256
28780,"Kingsville, TX",2022-10-01,14,23,6,0,43,1113,270
28780,"Kingsville, TX",2022-11-01,14,11,1,1,27,1140,284
28780,"Kingsville, TX",2022-12-01,21,16,3,2,42,1182,305
28780,"Kingsville, TX",2023-01-01,12,12,7,1,32,1214,317
28780,"Kingsville, TX",2023-02-01,10,12,6,0,28,1242,327
28780,"Kingsville, TX",2023-03-01,35,32,6,1,74,1316,362
28780,"Kingsville, TX",2023-04-01,11,19,10,0,40,1356,373
28780,"Kingsville, TX",2023-05-01,13,18,4,1,36,1392,386
28780,"Kingsville, TX",2023-06-01,8,20,5,0,33,1425,394
28780,"Kingsville, TX",2023-07-01,7,8,1,0,16,1441,401
28780,"Kingsville, TX",2023-08-01,12,14,3,0,29,1470,413
28780,"Kingsville, TX",2023-09-01,15,14,5,0,34,1504,428
28780,"Kingsville, TX",2023-10-01,28,15,3,0,46,1550,456
28780,"Kingsville, TX",2023-11-01,21,19,9,0,49,1599,477
28780,"Kingsville, TX",2023-12-01,11,18,8,0,37,1636,488
28780,"Kingsville, TX",2024-01-01,19,23,3,0,45,1681,507
28780,"Kingsville, TX",2024-02-01,25,12,5,2,44,1725,532
28780,"Kingsville, TX",2024-03-01,12,8,3,0,23,1748,544
28780,"Kingsville, TX",2024-04-01,18,9,6,0,33,1781,562
28780,"Kingsville, TX",2024-05-01,15,13,3,1,32,1813,577
28780,"Kingsville, TX",2024-06-01,11,8,4,0,23,1836,588
28780,"Kingsville, TX",2024-07-01,3,5,1,0,9,1845,591
28780,"Kingsville, TX",2024-08-01,5,12,1,0,18,1863,596
28780,"Kingsville, TX",2024-09-01,11,14,2,0,27,1890,607
28780,"Kingsville, TX",2024-10-01,22,19,6,0,47,1937,629
28780,"Kingsville, TX",2024-11-01,29,13,3,1,46,1983,658
28780,"Kingsville, TX",2024-12-01,19,23,3,0,45,2028,677
28780,"Kingsville, TX",2025-01-01,13,17,7,0,37,2065,690
28780,"Kingsville, TX",2025-02-01,18,13,7,1,39,2104,708
28780,"Kingsville, TX",2025-03-01,20,16,3,0,39,2143,728
28780,"Kingsville, TX",2025-04-01,27,15,2,0,44,2187,755
28780,"Kingsville, TX",2025-05-01,21,17,2,0,40,2227,776
28780,"Kingsville, TX",2025-06-01,22,21,3,0,46,2273,798
28780,"Kingsville, TX",2025-07-01,21,14,8,0,43,2316,819
28780,"Kingsville, TX",2025-08-01,31,19,2,0,52,2368,850
38100,"Picayune, MS",2019-01-01,0,2,2,0,4,4,0
38100,"Picayune, MS",2019-02-01,0,1,0,0,1,5,0
38100,"Picayune, MS",2019-03-01,0,8,2,0,10,15,0
38100,"Picayune, MS",2019-04-01,1,3,4,0,8,23,1
38100,"Picayune, MS",2019-05-01,0,1,1,0,2,25,1
38100,"Picayune, MS",2019-06-01,0,1,0,0,1,26,1
38100,"Picayune, MS",2019-07-01,0,2,0,0,2,28,1
38100,"Picayune, MS",2019-08-01,0,4,1,0,5,33,1
38100,"Picayune, MS",2019-09-01,0,8,2,0,10,43,1
38100,"Picayune, MS",2019-10-01,0,4,4,0,8,51,1
38100,"Picayune, MS",2019-11-01,1,4,1,0,6,57,2
38100,"Picayune, MS",2019-12-01,0,6,1,0,7,64,2
38100,"Picayune, MS",2020-01-01,0,5,1,0,6,70,2
38100,"Picayune, MS",2020-02-01,0,7,1,1,9,79,2
38100,"Picayune, MS",2020-03-01,0,7,5,0,12,91,2
38100,"Picayune, MS",2020-04-01,2,13,0,1,16,107,4
38100,"Picayune, MS",2020-05-01,3,19,4,1,27,134,7
38100,"Picayune, MS",2020-06-01,4,15,7,0,26,160,11
38100,"Picayune, MS",2020-07-01,3,23,4,2,32,192,14
38100,"Picayune, MS",2020-08-01,6,35,9,1,51,243,20
38100,"Picayune, MS",2020-09-01,2,15,6,0,23,266,22
38100,"Picayune, MS",2020-10-01,1,18,8,0,27,293,23
38100,"Picayune, MS",2020-11-01,1,13,3,1,18,311,24
38100,"Picayune, MS",2020-12-01,4,8,1,0,13,324,28
38100,"Picayune, MS",2021-01-01,8,18,5,0,31,355,36
38100,"Picayune, MS",2021-02-01,4,21,9,0,34,389,40
38100,"Picayune, MS",2021-03-01,10,30,5,1,46,435,50
38100,"Picayune, MS",2021-04-01,4,39,9,1,53,488,54
38100,"Picayune, MS",2021-05-01,4,43,10,2,59,547,58
38100,"Picayune, MS",2021-06-01,6,35,5,0,46,593,64
38100,"Picayune, MS",2021-07-01,12,32,13,1,58,651,76
38100,"Picayune, MS",2021-08-01,8,29,7,1,45,696,84
38100,"Picayune, MS",2021-09-01,5,9,6,1,21,717,89
38100,"Picayune, MS",2021-10-01,12,30,5,0,47,764,101
38100,"Picayune, MS",2021-11-01,12,24,4,0,40,804,113
38100,"Picayune, MS",2021-12-01,13,17,7,1,38,842,126
38100,"Picayune, MS",2022-01-01,9,28,11,1,49,891,135
38100,"Picayune, MS",2022-02-01,9,16,8,0,33,924,144
38100,"Picayune, MS",2022-03-01,11,29,10,1,51,975,155
38100,"Picayune, MS",2022-04-01,8,32,11,1,52,1027,163
38100,"Picayune, MS",2022-05-01,12,34,14,2,62,1089,175
38100,"Picayune, MS",2022-06-01,14,29,5,0,48,1137,189
38100,"Picayune, MS",2022-07-01,7,21,5,1,34,1171,196
38100,"Picayune, MS",2022-08-01,2,8,1,0,11,1182,198
38100,"Picayune, MS",2022-09-01,3,15,2,0,20,1202,201
38100,"Picayune, MS",2022-10-01,8,14,2,1,25,1227,209
38100,"Picayune, MS",2022-11-01,14,22,4,4,44,1271,223
38100,"Picayune, MS",2022-12-01,7,24,4,0,35,1306,230
38100,"Picayune, MS",2023-01-01,8,11,9,0,28,1334,238
38100,"Picayune, MS",2023-02-01,6,17,7,0,30,1364,244
38100,"Picayune, MS",2023-03-01,13,31,9,2,55,1419,257
38100,"Picayune, MS",2023-04-01,9,37,7,1,54,1473,266
38100,"Picayune, MS",2023-05-01,9,16,4,0,29,1502,275
38100,"Picayune, MS",2023-06-01,5,3,4,0,12,1514,280
38100,"Picayune, MS",2023-07-01,4,15,6,0,25,1539,284
38100,"Picayune, MS",2023-08-01,2,16,5,0,23,1562,286
38100,"Picayune, MS",2023-09-01,8,26,8,0,42,1604,294
38100,"Picayune, MS",2023-10-01,7,20,8,0,35,1639,301
38100,"Picayune, MS",2023-11-01,15,28,11,3,57,1696,316
38100,"Picayune, MS",2023-12-01,9,32,9,0,50,1746,325
38100,"Picayune, MS",2024-01-01,14,19,12,0,45,1791,339
38100,"Picayune, MS",2024-02-01,12,25,8,0,45,1836,351
38100,"Picayune, MS",2024-03-01,13,24,6,0,43,1879,364
38100,"Picayune, MS",2024-04-01,14,19,4,1,38,1917,378
38100,"Picayune, MS",2024-05-01,19,24,9,1,53,1970,397
38100,"Picayune, MS",2024-06-01,12,14,9,2,37,2007,409
38100,"Picayune, MS",2024-07-01,26,21,7,1,55,2062,435
38100,"Picayune, MS",2024-08-01,24,38,15,1,78,2140,459
38100,"Picayune, MS",2024-09-01,14,26,16,2,58,2198,473
38100,"Picayune, MS",2024-10-01,20,32,17,0,69,2267,493
38100,"Picayune, MS",2024-11-01,26,33,8,1,68,2335,519
38100,"Picayune, MS",2024-12-01,31,30,14,2,77,2412,550
38100,"Picayune, MS",2025-01-01,19,34,8,1,62,2474,569
38100,"Picayune, MS",2025-02-01,22,29,10,3,64,2538,591
38100,"Picayune, MS",2025-03-01,36,20,18,2,76,2614,627
38100,"Picayune, MS",2025-04-01,28,41,10,0,79,2693,655
38100,"Picayune, MS",2025-05-01,33,32,11,0,76,2769,688
38100,"Picayune, MS",2025-06-01,31,15,16,2,64,2833,719
38100,"Picayune, MS",2025-07-01,21,26,15,1,63,2896,740
38100,"Picayune, MS",2025-08-01,17,21,3,1,42,2938,757
38100,"Picayune, MS",2025-09-01,3,0,0,0,3,2941,760
49220,"Wisconsin Rapids-Marshfield, WI",2019-03-01,1,1,1,0,3,3,1
49220,"Wisconsin Rapids-Marshfield, WI",2019-04-01,0,2,0,0,2,5,1
49220,"Wisconsin Rapids-Marshfield, WI",2019-05-01,0,1,1,1,3,8,1
49220,"Wisconsin Rapids-Marshfield, WI",2019-06-01,0,1,0,0,1,9,1
49220,"Wisconsin Rapids-Marshfield, WI",2019-07-01,0,4,1,0,5,14,1
49220,"Wisconsin Rapids-Marshfield, WI",2019-08-01,0,1,1,0,2,16,1
49220,"Wisconsin Rapids-Marshfield, WI",2019-09-01,0,1,0,0,1,17,1
49220,"Wisconsin Rapids-Marshfield, WI",2019-10-01,1,3,3,0,7,24,2
49220,"Wisconsin Rapids-Marshfield, WI",2019-11-01,0,5,1,0,6,30,2
49220,"Wisconsin Rapids-Marshfield, WI",2019-12-01,2,4,2,0,8,38,4
49220,"Wisconsin Rapids-Marshfield, WI",2020-01-01,0,8,0,0,8,46,4
49220,"Wisconsin Rapids-Marshfield, WI",2020-02-01,1,5,3,0,9,55,5
49220,"Wisconsin Rapids-Marshfield, WI",2020-03-01,1,4,1,0,6,61,6
49220,"Wisconsin Rapids-Marshfield, WI",2020-04-01,1,7,4,0,12,73,7
49220,"Wisconsin Rapids-Marshfield, WI",2020-05-01,2,14,3,0,19,92,9
49220,"Wisconsin Rapids-Marshfield, WI",2020-06-01,4,8,4,0,16,108,13
49220,"Wisconsin Rapids-Marshfield, WI",2020-07-01,3,6,3,0,12,120,16
49220,"Wisconsin Rapids-Marshfield, WI",2020-08-01,6,20,3,0,29,149,22
49220,"Wisconsin Rapids-Marshfield, WI",2020-09-01,2,11,8,1,22,171,24
49220,"Wisconsin Rapids-Marshfield, WI",2020-10-01,13,28,4,2,47,218,37
49220,"Wisconsin Rapids-Marshfield, WI",2020-11-01,10,28,2,1,41,259,47
49220,"Wisconsin Rapids-Marshfield, WI",2020-12-01,16,39,9,0,64,323,63
49220,"Wisconsin Rapids-Marshfield, WI",2021-01-01,24,45,7,2,78,401,87
49220,"Wisconsin Rapids-Marshfield, WI",2021-02-01,19,24,4,0,47,448,106
49220,"Wisconsin Rapids-Marshfield, WI",2021-03-01,20,29,8,1,58,506,126
49220,"Wisconsin Rapids-Marshfield, WI",2021-04-01,14,29,1,0,44,550,140
49220,"Wisconsin Rapids-Marshfield, WI",2021-05-01,28,43,11,1,83,633,168
49220,"Wisconsin Rapids-Marshfield, WI",2021-06-01,27,30,8,0,65,698,195
49220,"Wisconsin Rapids-Marshfield, WI",2021-07-01,16,34,9,0,59,757,211
49220,"Wisconsin Rapids-Marshfield, WI",2021-08-01,15,31,7,0,53,810,226
49220,"Wisconsin Rapids-Marshfield, WI",2021-09-01,7,31,3,1,42,852,233
49220,"Wisconsin Rapids-Marshfield, WI",2021-10-01,24,30,7,1,62,914,257
49220,"Wisconsin Rapids-Marshfield, WI",2021-11-01,21,20,7,1,49,963,278
49220,"Wisconsin Rapids-Marshfield, WI",2021-12-01,35,45,10,1,91,1054,313
49220,"Wisconsin Rapids-Marshfield, WI",2022-01-01,33,44,6,0,83,1137,346
49220,"Wisconsin Rapids-Marshfield, WI",2022-02-01,19,38,11,3,71,1208,365
49220,"Wisconsin Rapids-Marshfield, WI",2022-03-01,21,22,11,3,57,1265,386
49220,"Wisconsin Rapids-Marshfield, WI",2022-04-01,14,33,5,2,54,1319,400
49220,"Wisconsin Rapids-Marshfield, WI",2022-05-01,26,34,9,0,69,1388,426
49220,"Wisconsin Rapids-Marshfield, WI",2022-06-01,15,33,6,1,55,1443,441
49220,"Wisconsin Rapids-Marshfield, WI",2022-07-01,14,32,9,1,56,1499,455
49220,"Wisconsin Rapids-Marshfield, WI",2022-08-01,19,39,8,4,70,1569,474
49220,"Wisconsin Rapids-Marshfield, WI",2022-09-01,11,16,12,0,39,1608,485
49220,"Wisconsin Rapids-Marshfield, WI",2022-10-01,13,29,7,2,51,1659,498
49220,"Wisconsin Rapids-Marshfield, WI",2022-11-01,20,29,10,1,60,1719,518
49220,"Wisconsin Rapids-Marshfield, WI",2022-12-01,20,22,8,3,53,1772,538
49220,"Wisconsin Rapids-Marshfield, WI",2023-01-01,26,31,9,1,67,1839,564
49220,"Wisconsin Rapids-Marshfield, WI",2023-02-01,18,20,7,0,45,1884,582
49220,"Wisconsin Rapids-Marshfield, WI",2023-03-01,30,28,11,0,69,1953,612
49220,"Wisconsin Rapids-Marshfield, WI",2023-04-01,14,23,15,3,55,2008,626
49220,"Wisconsin Rapids-Marshfield, WI",2023-05-01,12,15,10,0,37,2045,638
49220,"Wisconsin Rapids-Marshfield, WI",2023-06-01,15,27,13,1,56,2101,653
49220,"Wisconsin Rapids-Marshfield, WI",2023-07-01,16,25,8,2,51,2152,669
49220,"Wisconsin Rapids-Marshfield, WI",2023-08-01,13,12,2,1,28,2180,682
49220,"Wisconsin Rapids-Marshfield, WI",2023-09-01,11,23,6,2,42,2222,693
49220,"Wisconsin Rapids-Marshfield, WI",2023-10-01,14,30,12,2,58,2280,707
49220,"Wisconsin Rapids-Marshfield, WI",2023-11-01,21,24,9,3,57,2337,728
49220,"Wisconsin Rapids-Marshfield, WI",2023-12-01,13,38,9,2,62,2399,741
49220,"Wisconsin Rapids-Marshfield, WI",2024-01-01,22,25,16,0,63,2462,763
49220,"Wisconsin Rapids-Marshfield, WI",2024-02-01,31,17,6,2,56,2518,794
49220,"Wisconsin Rapids-Marshfield, WI",2024-03-01,29,22,8,2,61,2579,823
49220,"Wisconsin Rapids-Marshfield, WI",2024-04-01,16,13,10,4,43,2622,839
49220,"Wisconsin Rapids-Marshfield, WI",2024-05-01,27,18,9,1,55,2677,866
49220,"Wisconsin Rapids-Marshfield, WI",2024-06-01,20,19,6,0,45,2722,886
49220,"Wisconsin Rapids-Marshfield, WI",2024-07-01,12,14,8,0,34,2756,898
49220,"Wisconsin Rapids-Marshfield, WI",2024-08-01,17,17,6,1,41,2797,915
49220,"Wisconsin Rapids-Marshfield, WI",2024-09-01,24,27,9,0,60,2857,939
49220,"Wisconsin Rapids-Marshfield, WI",2024-10-01,24,24,5,1,54,2911,963
49220,"Wisconsin Rapids-Marshfield, WI",2024-11-01,19,27,11,2,59,2970,982
49220,"Wisconsin Rapids-Marshfield, WI",2024-12-01,31,28,9,2,70,3040,1013
49220,"Wisconsin Rapids-Marshfield, WI",2025-01-01,24,30,10,2,66,3106,1037
49220,"Wisconsin Rapids-Marshfield, WI",2025-02-01,27,29,9,0,65,3171,1064
49220,"Wisconsin Rapids-Marshfield, WI",2025-03-01,26,29,7,1,63,3234,1090
49220,"Wisconsin Rapids-Marshfield, WI",2025-04-01,29,36,10,3,78,3312,1119
49220,"Wisconsin Rapids-Marshfield, WI",2025-05-01,26,32,11,0,69,3381,1145
49220,"Wisconsin Rapids-Marshfield, WI",2025-06-01,46,34,12,3,95,3476,1191
49220,"Wisconsin Rapids-Marshfield, WI",2025-07-01,24,27,11,1,63,3539,1215
49220,"Wisconsin Rapids-Marshfield, WI",2025-08-01,20,21,5,1,47,3586,1235
13300,"Beeville, TX",2019-01-01,0,1,0,0,1,1,0
13300,"Beeville, TX",2019-03-01,0,1,0,0,1,2,0
13300,"Beeville, TX",2019-04-01,0,1,0,0,1,3,0
13300,"Beeville, TX",2019-05-01,0,2,1,0,3,6,0
13300,"Beeville, TX",2019-08-01,0,2,0,0,2,8,0
13300,"Beeville, TX",2019-11-01,0,2,0,0,2,10,0
13300,"Beeville, TX",2019-12-01,0,2,0,0,2,12,0
13300,"Beeville, TX",2020-02-01,0,4,0,0,4,16,0
13300,"Beeville, TX",2020-03-01,0,3,0,0,3,19,0
13300,"Beeville, TX",2020-04-01,1,1,1,1,4,23,1
13300,"Beeville, TX",2020-05-01,0,3,0,0,3,26,1
13300,"Beeville, TX",2020-07-01,0,2,1,0,3,29,1
13300,"Beeville, TX",2020-08-01,1,1,2,0,4,33,2
13300,"Beeville, TX",2020-10-01,1,6,0,0,7,40,3
13300,"Beeville, TX",2020-11-01,0,2,2,0,4,44,3
13300,"Beeville, TX",2020-12-01,0,3,1,1,5,49,3
13300,"Beeville, TX",2021-01-01,0,5,1,0,6,55,3
13300,"Beeville, TX",2021-02-01,1,4,1,0,6,61,4
13300,"Beeville, TX",2021-03-01,1,6,2,0,9,70,5
13300,"Beeville, TX",2021-04-01,3,7,1,0,11,81,8
13300,"Beeville, TX",2021-05-01,2,6,2,0,10,91,10
13300,"Beeville, TX",2021-06-01,2,11,0,0,13,104,12
13300,"Beeville, TX",2021-07-01,2,6,3,1,12,116,14
13300,"Beeville, TX",2021-08-01,6,16,3,0,25,141,20
13300,"Beeville, TX",2021-09-01,6,12,1,0,19,160,26
13300,"Beeville, TX",2021-10-01,2,9,3,0,14,174,28
13300,"Beeville, TX",2021-11-01,3,5,1,0,9,183,31
13300,"Beeville, TX",2021-12-01,2,9,3,1,15,198,33
13300,"Beeville, TX",2022-01-01,5,13,2,1,21,219,38
13300,"Beeville, TX",2022-02-01,3,17,4,1,25,244,41
13300,"Beeville, TX",2022-03-01,8,11,5,0,24,268,49
13300,"Beeville, TX",2022-04-01,4,12,6,0,22,290,53
13300,"Beeville, TX",2022-05-01,3,5,1,0,9,299,56
13300,"Beeville, TX",2022-06-01,2,7,0,1,10,309,58
13300,"Beeville, TX",2022-07-01,2,14,2,0,18,327,60
13300,"Beeville, TX",2022-08-01,8,17,3,0,28,355,68
13300,"Beeville, TX",2022-09-01,7,14,7,0,28,383,75
13300,"Beeville, TX",2022-10-01,10,12,3,0,25,408,85
13300,"Beeville, TX",2022-11-01,3,12,4,0,19,427,88
13300,"Beeville, TX",2022-12-01,1,12,4,1,18,445,89
13300,"Beeville, TX",2023-01-01,5,16,6,0,27,472,94
13300,"Beeville, TX",2023-02-01,4,11,5,0,20,492,98
13300,"Beeville, TX",2023-03-01,8,13,3,1,25,517,106
13300,"Beeville, TX",2023-04-01,2,14,2,0,18,535,108
13300,"Beeville, TX",2023-05-01,3,3,4,0,10,545,111
13300,"Beeville, TX",2023-06-01,1,7,1,0,9,554,112
13300,"Beeville, TX",2023-07-01,3,3,2,0,8,562,115
13300,"Beeville, TX",2023-08-01,2,8,1,0,11,573,117
13300,"Beeville, TX",2023-09-01,2,6,1,1,10,583,119
13300,"Beeville, TX",2023-10-01,5,3,1,1,10,593,124
13300,"Beeville, TX",2023-11-01,2,10,2,2,16,609,126
13300,"Beeville, TX",2023-12-01,4,10,2,1,17,626,130
13300,"Beeville, TX",2024-01-01,6,8,1,0,15,641,136
13300,"Beeville, TX",2024-02-01,5,9,3,0,17,658,141
13300,"Beeville, TX",2024-03-01,5,9,4,0,18,676,146
13300,"Beeville, TX",2024-04-01,11,11,1,0,23,699,157
13300,"Beeville, TX",2024-05-01,1,7,2,0,10,709,158
13300,"Beeville, TX",2024-06-01,2,5,1,0,8,717,160
13300,"Beeville, TX",2024-07-01,2,4,1,0,7,724,162
13300,"Beeville, TX",2024-08-01,1,5,0,0,6,730,163
13300,"Beeville, TX",2024-09-01,5,5,0,0,10,740,168
13300,"Beeville, TX",2024-10-01,10,14,4,1,29,769,178
13300,"Beeville, TX",2024-11-01,6,9,2,1,18,787,184
13300,"Beeville, TX",2024-12-01,6,6,2,0,14,801,190
13300,"Beeville, TX",2025-01-01,0,8,3,2,13,814,190
13300,"Beeville, TX",2025-02-01,3,7,4,0,14,828,193
13300,"Beeville, TX",2025-03-01,8,3,2,0,13,841,201
13300,"Beeville, TX",2025-04-01,7,10,2,0,19,860,208
13300,"Beeville, TX",2025-05-01,10,7,1,0,18,878,218
13300,"Beeville, TX",2025-06-01,9,6,4,0,19,897,227
13300,"Beeville, TX",2025-07-01,8,7,3,1,19,916,235
13300,"Beeville, TX",2025-08-01,4,8,3,2,17,933,239
13300,"Beeville, TX",2025-09-01,0,1,0,0,1,934,239
42380,"Sayre, PA",2019-01-01,0,1,1,0,2,2,0
42380,"Sayre, PA",2019-02-01,0,2,0,0,2,4,0
42380,"Sayre, PA",2019-03-01,0,14,3,0,17,21,0
42380,"Sayre, PA",2019-04-01,0,6,1,1,8,29,0
42380,"Sayre, PA",2019-05-01,0,15,4,0,19,48,0
42380,"Sayre, PA",2019-06-01,1,9,1,0,11,59,1
42380,"Sayre, PA",2019-07-01,1,5,1,0,7,66,2
42380,"Sayre, PA",2019-08-01,0,5,1,0,6,72,2
42380,"Sayre, PA",2019-09-01,1,3,4,0,8,80,3
42380,"Sayre, PA",2019-10-01,0,11,1,0,12,92,3
42380,"Sayre, PA",2019-11-01,1,9,4,0,14,106,4
42380,"Sayre, PA",2019-12-01,1,10,4,1,16,122,5
42380,"Sayre, PA",2020-01-01,1,9,3,1,14,136,6
42380,"Sayre, PA",2020-02-01,1,6,4,1,12,148,7
42380,"Sayre, PA",2020-03-01,3,11,8,1,23,171,10
42380,"Sayre, PA",2020-04-01,6,11,4,1,22,193,16
42380,"Sayre, PA",2020-05-01,8,20,1,1,30,223,24
42380,"Sayre, PA",2020-06-01,14,21,2,1,38,261,38
42380,"Sayre, PA",2020-07-01,10,22,4,0,36,297,48
42380,"Sayre, PA",2020-08-01,3,32,10,1,46,343,51
42380,"Sayre, PA",2020-09-01,3,19,5,0,27,370,54
42380,"Sayre, PA",2020-10-01,5,11,9,1,26,396,59
42380,"Sayre, PA",2020-11-01,2,15,4,0,21,417,61
42380,"Sayre, PA",2020-12-01,3,13,2,0,18,435,64
42380,"Sayre, PA",2021-01-01,6,24,5,0,35,470,70
42380,"Sayre, PA",2021-02-01,2,23,6,1,32,502,72
42380,"Sayre, PA",2021-03-01,8,22,10,0,40,542,80
42380,"Sayre, PA",2021-04-01,11,21,5,1,38,580,91
42380,"Sayre, PA",2021-05-01,14,25,13,1,53,633,105
42380,"Sayre, PA",2021-06-01,8,9,7,1,25,658,113
42380,"Sayre, PA",2021-07-01,7,10,5,1,23,681,120
42380,"Sayre, PA",2021-08-01,5,20,2,1,28,709,125
42380,"Sayre, PA",2021-09-01,5,21,6,1,33,742,130
42380,"Sayre, PA",2021-10-01,4,13,3,1,21,763,134
42380,"Sayre, PA",2021-11-01,5,18,3,0,26,789,139
42380,"Sayre, PA",2021-12-01,5,17,3,0,25,814,144
42380,"Sayre, PA",2022-01-01,5,18,8,2,33,847,149
42380,"Sayre, PA",2022-02-01,4,20,6,0,30,877,153
42380,"Sayre, PA",2022-03-01,13,18,4,1,36,913,166
42380,"Sayre, PA",2022-04-01,9,18,6,0,33,946,175
42380,"Sayre, PA",2022-05-01,3,13,6,0,22,968,178
42380,"Sayre, PA",2022-06-01,3,5,4,0,12,980,181
42380,"Sayre, PA",2022-07-01,8,17,5,0,30,1010,189
42380,"Sayre, PA",2022-08-01,6,6,3,0,15,1025,195
42380,"Sayre, PA",2022-09-01,3,9,10,0,22,1047,198
42380,"Sayre, PA",2022-10-01,8,9,5,1,23,1070,206
42380,"Sayre, PA",2022-11-01,9,20,2,1,32,1102,215
42380,"Sayre, PA",2022-12-01,7,12,6,0,25,1127,222
42380,"Sayre, PA",2023-01-01,4,10,6,1,21,1148,226
42380,"Sayre, PA",2023-02-01,2,12,3,0,17,1165,228
42380,"Sayre, PA",2023-03-01,16,23,10,1,50,1215,244
42380,"Sayre, PA",2023-04-01,2,7,7,0,16,1231,246
42380,"Sayre, PA",2023-05-01,7,11,2,0,20,1251,253
42380,"Sayre, PA",2023-06-01,2,9,3,0,14,1265,255
42380,"Sayre, PA",2023-07-01,8,11,2,0,21,1286,263
42380,"Sayre, PA",2023-08-01,1,5,2,0,8,1294,264
42380,"Sayre, PA",2023-09-01,10,12,5,1,28,1322,274
42380,"Sayre, PA",2023-10-01,7,12,1,1,21,1343,281
42380,"Sayre, PA",2023-11-01,6,13,9,0,28,1371,287
42380,"Sayre, PA",2023-12-01,12,22,7,0,41,1412,299
42380,"Sayre, PA",2024-01-01,7,15,4,0,26,1438,306
42380,"Sayre, PA",2024-02-01,17,19,8,1,45,1483,323
42380,"Sayre, PA",2024-03-01,22,22,7,1,52,1535,345
42380,"Sayre, PA",2024-04-01,16,16,8,0,40,1575,361
42380,"Sayre, PA",2024-05-01,4,11,7,1,23,1598,365
42380,"Sayre, PA",2024-06-01,9,9,2,1,21,1619,374
42380,"Sayre, PA",2024-07-01,8,25,8,0,41,1660,382
42380,"Sayre, PA",2024-08-01,7,11,5,2,25,1685,389
42380,"Sayre, PA",2024-09-01,9,10,8,0,27,1712,398
42380,"Sayre, PA",2024-10-01,12,23,14,2,51,1763,410
42380,"Sayre, PA",2024-11-01,18,27,7,1,53,1816,428
42380,"Sayre, PA",2024-12-01,18,20,6,0,44,1860,446
42380,"Sayre, PA",2025-01-01,18,26,10,0,54,1914,464
42380,"Sayre, PA",2025-02-01,8,18,8,0,34,1948,472
42380,"Sayre, PA",2025-03-01,22,24,5,2,53,2001,494
42380,"Sayre, PA",2025-04-01,32,19,3,0,54,2055,526
42380,"Sayre, PA",2025-05-01,13,20,3,0,36,2091,539
42380,"Sayre, PA",2025-06-01,20,12,6,1,39,2130,559
42380,"Sayre, PA",2025-07-01,13,13,2,0,28,2158,572
42380,"Sayre, PA",2025-08-01,6,10,3,0,19,2177,578
49820,"Zapata, TX",2019-09-01,0,1,0,0,1,1,0
49820,"Zapata, TX",2020-02-01,0,0,1,0,1,2,0
49820,"Zapata, TX",2020-06-01,1,0,0,0,1,3,1
49820,"Zapata, TX",2020-07-01,1,1,0,0,2,5,2
49820,"Zapata, TX",2020-08-01,0,1,0,0,1,6,2
49820,"Zapata, TX",2021-01-01,0,0,1,0,1,7,2
49820,"Zapata, TX",2021-03-01,0,1,0,0,1,8,2
49820,"Zapata, TX",2021-05-01,0,2,0,0,2,10,2
49820,"Zapata, TX",2021-06-01,0,1,0,0,1,11,2
49820,"Zapata, TX",2021-08-01,0,1,1,0,2,13,2
49820,"Zapata, TX",2021-09-01,0,1,1,0,2,15,2
49820,"Zapata, TX",2021-10-01,1,0,0,0,1,16,3
49820,"Zapata, TX",2022-03-01,0,0,1,0,1,17,3
49820,"Zapata, TX",2022-07-01,0,2,0,0,2,19,3
49820,"Zapata, TX",2022-08-01,0,1,0,0,1,20,3
49820,"Zapata, TX",2022-10-01,1,0,0,0,1,21,4
49820,"Zapata, TX",2022-12-01,2,1,0,0,3,24,6
49820,"Zapata, TX",2023-01-01,0,1,1,0,2,26,6
49820,"Zapata, TX",2023-02-01,0,0,1,0,1,27,6
49820,"Zapata, TX",2023-03-01,0,1,0,0,1,28,6
49820,"Zapata, TX",2023-05-01,1,0,0,0,1,29,7
49820,"Zapata, TX",2023-06-01,1,1,0,0,2,31,8
49820,"Zapata, TX",2023-07-01,1,2,0,0,3,34,9
49820,"Zapata, TX",2023-08-01,0,1,0,0,1,35,9
49820,"Zapata, TX",2023-09-01,1,4,0,0,5,40,10
49820,"Zapata, TX",2023-10-01,0,1,0,0,1,41,10
49820,"Zapata, TX",2023-11-01,0,3,1,0,4,45,10
49820,"Zapata, TX",2023-12-01,1,2,0,0,3,48,11
49820,"Zapata, TX",2024-01-01,0,0,1,0,1,49,11
49820,"Zapata, TX",2024-02-01,1,2,0,0,3,52,12
49820,"Zapata, TX",2024-03-01,2,1,0,0,3,55,14
49820,"Zapata, TX",2024-04-01,0,3,1,0,4,59,14
49820,"Zapata, TX",2024-05-01,1,1,0,0,2,61,15
49820,"Zapata, TX",2024-06-01,1,2,1,0,4,65,16
49820,"Zapata, TX",2024-07-01,0,2,0,0,2,67,16
49820,"Zapata, TX",2024-08-01,0,1,0,0,1,68,16
49820,"Zapata, TX",2024-10-01,2,3,0,0,5,73,18
49820,"Zapata, TX",2025-05-01,1,1,0,0,2,75,19
49820,"Zapata, TX",2025-06-01,0,1,1,0,2,77,19
49820,"Zapata, TX",2025-07-01,1,0,0,0,1,78,20
49820,"Zapata, TX",2025-08-01,0,1,0,0,1,79,20
16300,"Cedar Rapids, IA",2019-01-01,0,26,4,0,30,30,0
16300,"Cedar Rapids, IA",2019-02-01,1,33,7,0,41,71,1
16300,"Cedar Rapids, IA",2019-03-01,0,41,8,0,49,120,1
16300,"Cedar Rapids, IA",2019-04-01,3,52,9,0,64,184,4
16300,"Cedar Rapids, IA",2019-05-01,3,60,11,1,75,259,7
16300,"Cedar Rapids, IA",2019-06-01,0,27,3,0,30,289,7
16300,"Cedar Rapids, IA",2019-07-01,3,46,8,0,57,346,10
16300,"Cedar Rapids, IA",2019-08-01,5,43,9,1,58,404,15
16300,"Cedar Rapids, IA",2019-09-01,1,50,12,1,64,468,16
16300,"Cedar Rapids, IA",2019-10-01,0,44,10,0,54,522,16
16300,"Cedar Rapids, IA",2019-11-01,7,61,8,0,76,598,23
16300,"Cedar Rapids, IA",2019-12-01,6,42,6,0,54,652,29
16300,"Cedar Rapids, IA",2020-01-01,7,44,7,0,58,710,36
16300,"Cedar Rapids, IA",2020-02-01,17,52,14,0,83,793,53
16300,"Cedar Rapids, IA",2020-03-01,29,92,25,3,149,942,82
16300,"Cedar Rapids, IA",2020-04-01,67,148,41,4,260,1202,149
16300,"Cedar Rapids, IA",2020-05-01,104,185,36,5,330,1532,253
16300,"Cedar Rapids, IA",2020-06-01,64,171,21,2,258,1790,317
16300,"Cedar Rapids, IA",2020-07-01,49,162,30,2,243,2033,366
16300,"Cedar Rapids, IA",2020-08-01,61,134,21,6,222,2255,427
16300,"Cedar Rapids, IA",2020-09-01,67,163,28,7,265,2520,494
16300,"Cedar Rapids, IA",2020-10-01,81,162,33,0,276,2796,575
16300,"Cedar Rapids, IA",2020-11-01,32,52,20,1,105,2901,607
16300,"Cedar Rapids, IA",2020-12-01,29,64,6,2,101,3002,636
16300,"Cedar Rapids, IA",2021-01-01,111,159,36,2,308,3310,747
16300,"Cedar Rapids, IA",2021-02-01,74,119,31,3,227,3537,821
16300,"Cedar Rapids, IA",2021-03-01,94,193,35,2,324,3861,915
16300,"Cedar Rapids, IA",2021-04-01,58,135,26,3,222,4083,973
16300,"Cedar Rapids, IA",2021-05-01,49,117,19,1,186,4269,1022
16300,"Cedar Rapids, IA",2021-06-01,27,61,12,1,101,4370,1049
16300,"Cedar Rapids, IA",2021-07-01,31,47,16,2,96,4466,1080
16300,"Cedar Rapids, IA",2021-08-01,23,53,12,2,90,4556,1103
16300,"Cedar Rapids, IA",2021-09-01,42,102,29,4,177,4733,1145
16300,"Cedar Rapids, IA",2021-10-01,22,50,12,0,84,4817,1167
16300,"Cedar Rapids, IA",2021-11-01,43,87,20,2,152,4969,1210
16300,"Cedar Rapids, IA",2021-12-01,62,141,38,1,242,5211,1272
16300,"Cedar Rapids, IA",2022-01-01,139,206,47,4,396,5607,1411
16300,"Cedar Rapids, IA",2022-02-01,100,168,46,2,316,5923,1511
16300,"Cedar Rapids, IA",2022-03-01,97,138,40,1,276,6199,1608
16300,"Cedar Rapids, IA",2022-04-01,34,54,13,0,101,6300,1642
16300,"Cedar Rapids, IA",2022-05-01,50,91,27,3,171,6471,1692
16300,"Cedar Rapids, IA",2022-06-01,43,69,12,2,126,6597,1735
16300,"Cedar Rapids, IA",2022-07-01,41,48,14,2,105,6702,1776
16300,"Cedar Rapids, IA",2022-08-01,44,65,19,0,128,6830,1820
16300,"Cedar Rapids, IA",2022-09-01,42,73,23,2,140,6970,1862
16300,"Cedar Rapids, IA",2022-10-01,90,128,48,7,273,7243,1952
16300,"Cedar Rapids, IA",2022-11-01,77,115,38,2,232,7475,2029
16300,"Cedar Rapids, IA",2022-12-01,69,90,37,1,197,7672,2098
16300,"Cedar Rapids, IA",2023-01-01,73,106,25,2,206,7878,2171
16300,"Cedar Rapids, IA",2023-02-01,78,100,45,3,226,8104,2249
16300,"Cedar Rapids, IA",2023-03-01,85,126,24,3,238,8342,2334
16300,"Cedar Rapids, IA",2023-04-01,69,101,29,4,203,8545,2403
16300,"Cedar Rapids, IA",2023-05-01,48,31,7,1,87,8632,2451
16300,"Cedar Rapids, IA",2023-06-01,29,32,12,3,76,8708,2480
16300,"Cedar Rapids, IA",2023-07-01,36,69,14,3,122,8830,2516
16300,"Cedar Rapids, IA",2023-08-01,55,62,12,1,130,8960,2571
16300,"Cedar Rapids, IA",2023-09-01,81,103,18,2,204,9164,2652
16300,"Cedar Rapids, IA",2023-10-01,75,81,23,1,180,9344,2727
16300,"Cedar Rapids, IA",2023-11-01,97,107,30,3,237,9581,2824
16300,"Cedar Rapids, IA",2023-12-01,108,105,28,6,247,9828,2932
16300,"Cedar Rapids, IA",2024-01-01,103,100,33,2,238,10066,3035
16300,"Cedar Rapids, IA",2024-02-01,95,99,30,3,227,10293,3130
16300,"Cedar Rapids, IA",2024-03-01,109,85,38,1,233,10526,3239
16300,"Cedar Rapids, IA",2024-04-01,83,97,33,3,216,10742,3322
16300,"Cedar Rapids, IA",2024-05-01,89,101,34,7,231,10973,3411
16300,"Cedar Rapids, IA",2024-06-01,60,68,18,4,150,11123,3471
16300,"Cedar Rapids, IA",2024-07-01,54,70,25,2,151,11274,3525
16300,"Cedar Rapids, IA",2024-08-01,33,31,14,0,78,11352,3558
16300,"Cedar Rapids, IA",2024-09-01,61,62,16,0,139,11491,3619
16300,"Cedar Rapids, IA",2024-10-01,88,104,25,3,220,11711,3707
16300,"Cedar Rapids, IA",2024-11-01,94,91,22,0,207,11918,3801
16300,"Cedar Rapids, IA",2024-12-01,115,116,32,3,266,12184,3916
16300,"Cedar Rapids, IA",2025-01-01,119,90,31,6,246,12430,4035
16300,"Cedar Rapids, IA",2025-02-01,110,97,20,5,232,12662,4145
16300,"Cedar Rapids, IA",2025-03-01,120,113,32,1,266,12928,4265
16300,"Cedar Rapids, IA",2025-04-01,94,95,17,7,213,13141,4359
16300,"Cedar Rapids, IA",2025-05-01,116,84,24,5,229,13370,4475
16300,"Cedar Rapids, IA",2025-06-01,112,107,23,5,247,13617,4587
16300,"Cedar Rapids, IA",2025-07-01,82,64,13,2,161,13778,4669
16300,"Cedar Rapids, IA",2025-08-01,100,87,29,3,219,13997,4769
16300,"Cedar Rapids, IA",2025-09-01,2,1,0,0,3,14000,4771
23540,"Gainesville, FL",2019-01-01,4,46,18,1,69,69,4
23540,"Gainesville, FL",2019-02-01,1,51,17,4,73,142,5
23540,"Gainesville, FL",2019-03-01,4,60,24,5,93,235,9
23540,"Gainesville, FL",2019-04-01,5,81,9,3,98,333,14
23540,"Gainesville, FL",2019-05-01,5,114,21,1,141,474,19
23540,"Gainesville, FL",2019-06-01,7,69,20,2,98,572,26
23540,"Gainesville, FL",2019-07-01,12,80,23,1,116,688,38
23540,"Gainesville, FL",2019-08-01,13,91,18,5,127,815,51
23540,"Gainesville, FL",2019-09-01,17,111,26,0,154,969,68
23540,"Gainesville, FL",2019-10-01,22,104,18,1,145,1114,90
23540,"Gainesville, FL",2019-11-01,17,95,19,3,134,1248,107
23540,"Gainesville, FL",2019-12-01,10,69,15,1,95,1343,117
23540,"Gainesville, FL",2020-01-01,10,109,22,3,144,1487,127
23540,"Gainesville, FL",2020-02-01,22,87,22,1,132,1619,149
23540,"Gainesville, FL",2020-03-01,27,143,33,4,207,1826,176
23540,"Gainesville, FL",2020-04-01,44,210,47,3,304,2130,220
23540,"Gainesville, FL",2020-05-01,86,290,48,2,426,2556,306
23540,"Gainesville, FL",2020-06-01,67,162,33,2,264,2820,373
23540,"Gainesville, FL",2020-07-01,96,229,34,4,363,3183,469
23540,"Gainesville, FL",2020-08-01,181,344,51,9,585,3768,650
23540,"Gainesville, FL",2020-09-01,149,324,52,10,535,4303,799
23540,"Gainesville, FL",2020-10-01,104,215,44,3,366,4669,903
23540,"Gainesville, FL",2020-11-01,48,124,21,3,196,4865,951
23540,"Gainesville, FL",2020-12-01,43,121,29,2,195,5060,994
23540,"Gainesville, FL",2021-01-01,183,296,63,9,551,5611,1177
23540,"Gainesville, FL",2021-02-01,142,293,52,4,491,6102,1319
23540,"Gainesville, FL",2021-03-01,187,374,71,9,641,6743,1506
23540,"Gainesville, FL",2021-04-01,210,399,79,11,699,7442,1716
23540,"Gainesville, FL",2021-05-01,253,468,77,7,805,8247,1969
23540,"Gainesville, FL",2021-06-01,151,337,64,7,559,8806,2120
23540,"Gainesville, FL",2021-07-01,100,230,45,7,382,9188,2220
23540,"Gainesville, FL",2021-08-01,138,335,57,9,539,9727,2358
23540,"Gainesville, FL",2021-09-01,166,382,69,9,626,10353,2524
23540,"Gainesville, FL",2021-10-01,141,261,65,9,476,10829,2665
23540,"Gainesville, FL",2021-11-01,128,266,46,12,452,11281,2793
23540,"Gainesville, FL",2021-12-01,177,269,69,9,524,11805,2970
23540,"Gainesville, FL",2022-01-01,216,392,72,13,693,12498,3186
23540,"Gainesville, FL",2022-02-01,151,252,59,4,466,12964,3337
23540,"Gainesville, FL",2022-03-01,196,329,63,9,597,13561,3533
23540,"Gainesville, FL",2022-04-01,211,376,67,6,660,14221,3744
23540,"Gainesville, FL",2022-05-01,143,247,55,7,452,14673,3887
23540,"Gainesville, FL",2022-06-01,82,169,42,2,295,14968,3969
23540,"Gainesville, FL",2022-07-01,101,132,42,6,281,15249,4070
23540,"Gainesville, FL",2022-08-01,141,204,62,8,415,15664,4211
23540,"Gainesville, FL",2022-09-01,188,255,62,7,512,16176,4399
23540,"Gainesville, FL",2022-10-01,192,234,78,6,510,16686,4591
23540,"Gainesville, FL",2022-11-01,189,242,68,9,508,17194,4780
23540,"Gainesville, FL",2022-12-01,181,241,62,4,488,17682,4961
23540,"Gainesville, FL",2023-01-01,211,234,50,6,501,18183,5172
23540,"Gainesville, FL",2023-02-01,158,180,51,11,400,18583,5330
23540,"Gainesville, FL",2023-03-01,243,270,70,4,587,19170,5573
23540,"Gainesville, FL",2023-04-01,189,264,52,4,509,19679,5762
23540,"Gainesville, FL",2023-05-01,80,129,38,5,252,19931,5842
23540,"Gainesville, FL",2023-06-01,78,116,27,8,229,20160,5920
23540,"Gainesville, FL",2023-07-01,73,119,37,5,234,20394,5993
23540,"Gainesville, FL",2023-08-01,80,138,35,5,258,20652,6073
23540,"Gainesville, FL",2023-09-01,183,201,48,2,434,21086,6256
23540,"Gainesville, FL",2023-10-01,159,224,52,7,442,21528,6415
23540,"Gainesville, FL",2023-11-01,166,204,62,4,436,21964,6581
23540,"Gainesville, FL",2023-12-01,179,178,55,9,421,22385,6760
23540,"Gainesville, FL",2024-01-01,184,208,77,6,475,22860,6944
23540,"Gainesville, FL",2024-02-01,212,192,70,4,478,23338,7156
23540,"Gainesville, FL",2024-03-01,203,209,62,11,485,23823,7359
23540,"Gainesville, FL",2024-04-01,202,210,59,6,477,24300,7561
23540,"Gainesville, FL",2024-05-01,214,199,63,6,482,24782,7775
23540,"Gainesville, FL",2024-06-01,121,144,41,9,315,25097,7896
23540,"Gainesville, FL",2024-07-01,75,96,31,6,208,25305,7971
23540,"Gainesville, FL",2024-08-01,80,137,30,5,252,25557,8051
23540,"Gainesville, FL",2024-09-01,111,164,55,6,336,25893,8162
23540,"Gainesville, FL",2024-10-01,206,197,62,5,470,26363,8368
23540,"Gainesville, FL",2024-11-01,155,171,57,4,387,26750,8523
23540,"Gainesville, FL",2024-12-01,163,175,34,4,376,27126,8686
23540,"Gainesville, FL",2025-01-01,170,149,38,7,364,27490,8856
23540,"Gainesville, FL",2025-02-01,160,149,47,2,358,27848,9016
23540,"Gainesville, FL",2025-03-01,187,173,53,4,417,28265,9203
23540,"Gainesville, FL",2025-04-01,184,165,47,3,399,28664,9387
23540,"Gainesville, FL",2025-05-01,185,192,32,11,420,29084,9572
23540,"Gainesville, FL",2025-06-01,175,158,53,8,394,29478,9747
23540,"Gainesville, FL",2025-07-01,146,170,34,6,356,29834,9893
23540,"Gainesville, FL",2025-08-01,152,137,48,6,343,30177,10045
23540,"Gainesville, FL",2025-09-01,10,5,0,0,15,30192,10055
43780,"South Bend-Mishawaka, IN-MI",2019-01-01,8,42,18,0,68,68,8
43780,"South Bend-Mishawaka, IN-MI",2019-02-01,7,61,13,1,82,150,15
43780,"South Bend-Mishawaka, IN-MI",2019-03-01,7,95,31,2,135,285,22
43780,"South Bend-Mishawaka, IN-MI",2019-04-01,7,69,23,2,101,386,29
43780,"South Bend-Mishawaka, IN-MI",2019-05-01,3,90,12,2,107,493,32
43780,"South Bend-Mishawaka, IN-MI",2019-06-01,0,34,4,0,38,531,32
43780,"South Bend-Mishawaka, IN-MI",2019-07-01,0,28,8,1,37,568,32
43780,"South Bend-Mishawaka, IN-MI",2019-08-01,2,24,8,0,34,602,34
43780,"South Bend-Mishawaka, IN-MI",2019-09-01,9,66,15,2,92,694,43
43780,"South Bend-Mishawaka, IN-MI",2019-10-01,11,83,25,2,121,815,54
43780,"South Bend-Mishawaka, IN-MI",2019-11-01,16,84,20,3,123,938,70
43780,"South Bend-Mishawaka, IN-MI",2019-12-01,8,68,15,1,92,1030,78
43780,"South Bend-Mishawaka, IN-MI",2020-01-01,10,48,11,0,69,1099,88
43780,"South Bend-Mishawaka, IN-MI",2020-02-01,19,80,25,2,126,1225,107
43780,"South Bend-Mishawaka, IN-MI",2020-03-01,24,102,38,4,168,1393,131
43780,"South Bend-Mishawaka, IN-MI",2020-04-01,66,218,65,9,358,1751,197
43780,"South Bend-Mishawaka, IN-MI",2020-05-01,104,251,56,5,416,2167,301
43780,"South Bend-Mishawaka, IN-MI",2020-06-01,83,193,32,6,314,2481,384
43780,"South Bend-Mishawaka, IN-MI",2020-07-01,89,203,53,5,350,2831,473
43780,"South Bend-Mishawaka, IN-MI",2020-08-01,90,267,64,7,428,3259,563
43780,"South Bend-Mishawaka, IN-MI",2020-09-01,79,258,43,4,384,3643,642
43780,"South Bend-Mishawaka, IN-MI",2020-10-01,82,221,55,2,360,4003,724
43780,"South Bend-Mishawaka, IN-MI",2020-11-01,36,149,24,3,212,4215,760
43780,"South Bend-Mishawaka, IN-MI",2020-12-01,29,89,16,1,135,4350,789
43780,"South Bend-Mishawaka, IN-MI",2021-01-01,122,246,52,9,429,4779,911
43780,"South Bend-Mishawaka, IN-MI",2021-02-01,103,232,51,8,394,5173,1014
43780,"South Bend-Mishawaka, IN-MI",2021-03-01,105,254,80,5,444,5617,1119
43780,"South Bend-Mishawaka, IN-MI",2021-04-01,114,282,72,6,474,6091,1233
43780,"South Bend-Mishawaka, IN-MI",2021-05-01,137,365,88,2,592,6683,1370
43780,"South Bend-Mishawaka, IN-MI",2021-06-01,137,318,68,3,526,7209,1507
43780,"South Bend-Mishawaka, IN-MI",2021-07-01,103,240,63,6,412,7621,1610
43780,"South Bend-Mishawaka, IN-MI",2021-08-01,94,238,69,5,406,8027,1704
43780,"South Bend-Mishawaka, IN-MI",2021-09-01,79,293,80,8,460,8487,1783
43780,"South Bend-Mishawaka, IN-MI",2021-10-01,42,128,27,5,202,8689,1825
43780,"South Bend-Mishawaka, IN-MI",2021-11-01,62,188,42,5,297,8986,1887
43780,"South Bend-Mishawaka, IN-MI",2021-12-01,102,218,55,10,385,9371,1989
43780,"South Bend-Mishawaka, IN-MI",2022-01-01,86,240,52,3,381,9752,2075
43780,"South Bend-Mishawaka, IN-MI",2022-02-01,134,227,68,11,440,10192,2209
43780,"South Bend-Mishawaka, IN-MI",2022-03-01,136,248,83,10,477,10669,2345
43780,"South Bend-Mishawaka, IN-MI",2022-04-01,114,257,64,2,437,11106,2459
43780,"South Bend-Mishawaka, IN-MI",2022-05-01,112,219,64,6,401,11507,2571
43780,"South Bend-Mishawaka, IN-MI",2022-06-01,47,97,17,3,164,11671,2618
43780,"South Bend-Mishawaka, IN-MI",2022-07-01,57,152,39,3,251,11922,2675
43780,"South Bend-Mishawaka, IN-MI",2022-08-01,56,136,41,5,238,12160,2731
43780,"South Bend-Mishawaka, IN-MI",2022-09-01,80,179,59,5,323,12483,2811
43780,"South Bend-Mishawaka, IN-MI",2022-10-01,60,167,28,7,262,12745,2871
43780,"South Bend-Mishawaka, IN-MI",2022-11-01,111,234,72,3,420,13165,2982
43780,"South Bend-Mishawaka, IN-MI",2022-12-01,137,240,60,9,446,13611,3119
43780,"South Bend-Mishawaka, IN-MI",2023-01-01,139,198,56,5,398,14009,3258
43780,"South Bend-Mishawaka, IN-MI",2023-02-01,105,202,75,8,390,14399,3363
43780,"South Bend-Mishawaka, IN-MI",2023-03-01,163,252,73,7,495,14894,3526
43780,"South Bend-Mishawaka, IN-MI",2023-04-01,100,180,44,9,333,15227,3626
43780,"South Bend-Mishawaka, IN-MI",2023-05-01,50,86,29,0,165,15392,3676
43780,"South Bend-Mishawaka, IN-MI",2023-06-01,32,65,19,0,116,15508,3708
43780,"South Bend-Mishawaka, IN-MI",2023-07-01,35,55,22,1,113,15621,3743
43780,"South Bend-Mishawaka, IN-MI",2023-08-01,49,97,37,0,183,15804,3792
43780,"South Bend-Mishawaka, IN-MI",2023-09-01,45,86,29,1,161,15965,3837
43780,"South Bend-Mishawaka, IN-MI",2023-10-01,89,198,67,5,359,16324,3926
43780,"South Bend-Mishawaka, IN-MI",2023-11-01,112,214,73,8,407,16731,4038
43780,"South Bend-Mishawaka, IN-MI",2023-12-01,159,225,56,5,445,17176,4197
43780,"South Bend-Mishawaka, IN-MI",2024-01-01,156,206,73,1,436,17612,4353
43780,"South Bend-Mishawaka, IN-MI",2024-02-01,170,163,64,9,406,18018,4523
43780,"South Bend-Mishawaka, IN-MI",2024-03-01,146,199,69,9,423,18441,4669
43780,"South Bend-Mishawaka, IN-MI",2024-04-01,133,171,52,3,359,18800,4802
43780,"South Bend-Mishawaka, IN-MI",2024-05-01,126,148,46,4,324,19124,4928
43780,"South Bend-Mishawaka, IN-MI",2024-06-01,97,156,49,4,306,19430,5025
43780,"South Bend-Mishawaka, IN-MI",2024-07-01,46,116,38,1,201,19631,5071
43780,"South Bend-Mishawaka, IN-MI",2024-08-01,30,70,25,3,128,19759,5101
43780,"South Bend-Mishawaka, IN-MI",2024-09-01,68,93,29,0,190,19949,5169
43780,"South Bend-Mishawaka, IN-MI",2024-10-01,175,232,76,7,490,20439,5344
43780,"South Bend-Mishawaka, IN-MI",2024-11-01,165,214,65,1,445,20884,5509
43780,"South Bend-Mishawaka, IN-MI",2024-12-01,226,232,63,4,525,21409,5735
43780,"South Bend-Mishawaka, IN-MI",2025-01-01,191,217,63,6,477,21886,5926
43780,"South Bend-Mishawaka, IN-MI",2025-02-01,182,145,52,6,385,22271,6108
43780,"South Bend-Mishawaka, IN-MI",2025-03-01,235,209,56,7,507,22778,6343
43780,"South Bend-Mishawaka, IN-MI",2025-04-01,201,197,46,5,449,23227,6544
43780,"South Bend-Mishawaka, IN-MI",2025-05-01,225,186,46,8,465,23692,6769
43780,"South Bend-Mishawaka, IN-MI",2025-06-01,233,202,69,8,512,24204,7002
43780,"South Bend-Mishawaka, IN-MI",2025-07-01,174,186,58,8,426,24630,7176
43780,"South Bend-Mishawaka, IN-MI",2025-08-01,141,157,63,3,364,24994,7317
43780,"South Bend-Mishawaka, IN-MI",2025-09-01,4,1,2,0,7,25001,7321
46980,"Vicksburg, MS",2019-01-01,0,3,1,0,4,4,0
46980,"Vicksburg, MS",2019-02-01,0,4,0,0,4,8,0
46980,"Vicksburg, MS",2019-03-01,0,9,0,0,9,17,0
46980,"Vicksburg, MS",2019-04-01,0,4,1,1,6,23,0
46980,"Vicksburg, MS",2019-05-01,0,8,4,0,12,35,0
46980,"Vicksburg, MS",2019-06-01,1,10,2,0,13,48,1
46980,"Vicksburg, MS",2019-07-01,1,10,5,0,16,64,2
46980,"Vicksburg, MS",2019-08-01,0,7,4,0,11,75,2
46980,"Vicksburg, MS",2019-09-01,0,3,0,2,5,80,2
46980,"Vicksburg, MS",2019-10-01,0,7,1,0,8,88,2
46980,"Vicksburg, MS",2019-11-01,2,13,4,0,19,107,4
46980,"Vicksburg, MS",2019-12-01,5,15,1,0,21,128,9
46980,"Vicksburg, MS",2020-01-01,1,9,0,0,10,138,10
46980,"Vicksburg, MS",2020-02-01,3,13,1,0,17,155,13
46980,"Vicksburg, MS",2020-03-01,1,11,7,1,20,175,14
46980,"Vicksburg, MS",2020-04-01,5,24,4,1,34,209,19
46980,"Vicksburg, MS",2020-05-01,1,31,5,0,37,246,20
46980,"Vicksburg, MS",2020-06-01,6,22,7,0,35,281,26
46980,"Vicksburg, MS",2020-07-01,11,20,10,1,42,323,37
46980,"Vicksburg, MS",2020-08-01,12,41,10,2,65,388,49
46980,"Vicksburg, MS",2020-09-01,3,35,9,0,47,435,52
46980,"Vicksburg, MS",2020-10-01,5,28,5,0,38,473,57
46980,"Vicksburg, MS",2020-11-01,8,18,3,2,31,504,65
46980,"Vicksburg, MS",2020-12-01,4,25,7,0,36,540,69
46980,"Vicksburg, MS",2021-01-01,14,33,10,0,57,597,83
46980,"Vicksburg, MS",2021-02-01,6,21,3,0,30,627,89
46980,"Vicksburg, MS",2021-03-01,11,26,7,0,44,671,100
46980,"Vicksburg, MS",2021-04-01,12,51,7,1,71,742,112
46980,"Vicksburg, MS",2021-05-01,21,43,14,1,79,821,133
46980,"Vicksburg, MS",2021-06-01,19,57,12,0,88,909,152
46980,"Vicksburg, MS",2021-07-01,16,45,7,2,70,979,168
46980,"Vicksburg, MS",2021-08-01,17,49,17,2,85,1064,185
46980,"Vicksburg, MS",2021-09-01,11,51,9,2,73,1137,196
46980,"Vicksburg, MS",2021-10-01,12,36,10,4,62,1199,208
46980,"Vicksburg, MS",2021-11-01,16,49,7,0,72,1271,224
46980,"Vicksburg, MS",2021-12-01,10,29,9,2,50,1321,234
46980,"Vicksburg, MS",2022-01-01,13,37,13,0,63,1384,247
46980,"Vicksburg, MS",2022-02-01,9,31,19,0,59,1443,256
46980,"Vicksburg, MS",2022-03-01,9,47,16,1,73,1516,265
46980,"Vicksburg, MS",2022-04-01,15,38,13,1,67,1583,280
46980,"Vicksburg, MS",2022-05-01,15,55,11,1,82,1665,295
46980,"Vicksburg, MS",2022-06-01,11,35,4,2,52,1717,306
46980,"Vicksburg, MS",2022-07-01,7,39,13,0,59,1776,313
46980,"Vicksburg, MS",2022-08-01,9,39,15,2,65,1841,322
46980,"Vicksburg, MS",2022-09-01,8,40,5,0,53,1894,330
46980,"Vicksburg, MS",2022-10-01,14,32,8,0,54,1948,344
46980,"Vicksburg, MS",2022-11-01,10,44,9,1,64,2012,354
46980,"Vicksburg, MS",2022-12-01,22,45,17,2,86,2098,376
46980,"Vicksburg, MS",2023-01-01,22,50,17,2,91,2189,398
46980,"Vicksburg, MS",2023-02-01,14,43,18,0,75,2264,412
46980,"Vicksburg, MS",2023-03-01,30,50,15,4,99,2363,442
46980,"Vicksburg, MS",2023-04-01,31,43,9,1,84,2447,473
46980,"Vicksburg, MS",2023-05-01,16,56,11,0,83,2530,489
46980,"Vicksburg, MS",2023-06-01,16,39,9,1,65,2595,505
46980,"Vicksburg, MS",2023-07-01,17,39,12,1,69,2664,522
46980,"Vicksburg, MS",2023-08-01,17,50,11,1,79,2743,539
46980,"Vicksburg, MS",2023-09-01,18,28,8,1,55,2798,557
46980,"Vicksburg, MS",2023-10-01,16,26,10,0,52,2850,573
46980,"Vicksburg, MS",2023-11-01,34,33,12,1,80,2930,607
46980,"Vicksburg, MS",2023-12-01,17,30,12,0,59,2989,624
46980,"Vicksburg, MS",2024-01-01,38,25,5,2,70,3059,662
46980,"Vicksburg, MS",2024-02-01,19,14,6,1,40,3099,681
46980,"Vicksburg, MS",2024-03-01,22,34,9,3,68,3167,703
46980,"Vicksburg, MS",2024-04-01,18,28,8,2,56,3223,721
46980,"Vicksburg, MS",2024-05-01,37,44,13,0,94,3317,758
46980,"Vicksburg, MS",2024-06-01,27,33,9,2,71,3388,785
46980,"Vicksburg, MS",2024-07-01,12,26,6,5,49,3437,797
46980,"Vicksburg, MS",2024-08-01,26,27,12,0,65,3502,823
46980,"Vicksburg, MS",2024-09-01,18,34,10,2,64,3566,841
46980,"Vicksburg, MS",2024-10-01,27,35,13,1,76,3642,868
46980,"Vicksburg, MS",2024-11-01,21,31,4,1,57,3699,889
46980,"Vicksburg, MS",2024-12-01,29,28,5,0,62,3761,918
46980,"Vicksburg, MS",2025-01-01,37,21,8,1,67,3828,955
46980,"Vicksburg, MS",2025-02-01,21,21,3,1,46,3874,976
46980,"Vicksburg, MS",2025-03-01,32,40,8,1,81,3955,1008
46980,"Vicksburg, MS",2025-04-01,33,19,9,1,62,4017,1041
46980,"Vicksburg, MS",2025-05-01,29,38,14,3,84,4101,1070
46980,"Vicksburg, MS",2025-06-01,31,36,11,2,80,4181,1101
46980,"Vicksburg, MS",2025-07-01,24,32,8,2,66,4247,1125
46980,"Vicksburg, MS",2025-08-01,21,26,9,0,56,4303,1146
11900,"Athens, OH",2019-01-01,1,2,1,1,5,5,1
11900,"Athens, OH",2019-02-01,1,2,0,0,3,8,2
11900,"Athens, OH",2019-03-01,2,5,1,0,8,16,4
11900,"Athens, OH",2019-04-01,1,5,1,0,7,23,5
11900,"Athens, OH",2019-05-01,2,23,2,0,27,50,7
11900,"Athens, OH",2019-06-01,0,27,5,0,32,82,7
11900,"Athens, OH",2019-07-01,2,47,4,2,55,137,9
11900,"Athens, OH",2019-08-01,1,24,0,0,25,162,10
11900,"Athens, OH",2019-09-01,1,42,2,0,45,207,11
11900,"Athens, OH",2019-10-01,6,32,3,0,41,248,17
11900,"Athens, OH",2019-11-01,1,30,3,0,34,282,18
11900,"Athens, OH",2019-12-01,6,25,0,0,31,313,24
11900,"Athens, OH",2020-01-01,5,27,4,0,36,349,29
11900,"Athens, OH",2020-02-01,5,38,1,0,44,393,34
11900,"Athens, OH",2020-03-01,10,34,0,0,44,437,44
11900,"Athens, OH",2020-04-01,27,56,5,0,88,525,71
11900,"Athens, OH",2020-05-01,60,116,2,2,180,705,131
11900,"Athens, OH",2020-06-01,40,57,3,0,100,805,171
11900,"Athens, OH",2020-07-01,32,74,2,0,108,913,203
11900,"Athens, OH",2020-08-01,20,67,5,1,93,1006,223
11900,"Athens, OH",2020-09-01,26,51,2,0,79,1085,249
11900,"Athens, OH",2020-10-01,34,51,2,0,87,1172,283
11900,"Athens, OH",2020-11-01,24,39,3,0,66,1238,307
11900,"Athens, OH",2020-12-01,32,41,1,0,74,1312,339
11900,"Athens, OH",2021-01-01,45,66,5,0,116,1428,384
11900,"Athens, OH",2021-02-01,55,74,2,2,133,1561,439
11900,"Athens, OH",2021-03-01,48,64,2,0,114,1675,487
11900,"Athens, OH",2021-04-01,46,46,7,0,99,1774,533
11900,"Athens, OH",2021-05-01,39,32,4,0,75,1849,572
11900,"Athens, OH",2021-06-01,28,26,2,0,56,1905,600
11900,"Athens, OH",2021-07-01,40,41,9,1,91,1996,640
11900,"Athens, OH",2021-08-01,27,50,5,0,82,2078,667
11900,"Athens, OH",2021-09-01,28,54,12,0,94,2172,695
11900,"Athens, OH",2021-10-01,34,43,12,1,90,2262,729
11900,"Athens, OH",2021-11-01,36,43,5,2,86,2348,765
11900,"Athens, OH",2021-12-01,50,44,6,2,102,2450,815
11900,"Athens, OH",2022-01-01,61,57,12,2,132,2582,876
11900,"Athens, OH",2022-02-01,72,59,10,1,142,2724,948
11900,"Athens, OH",2022-03-01,56,33,15,2,106,2830,1004
11900,"Athens, OH",2022-04-01,44,42,8,1,95,2925,1048
11900,"Athens, OH",2022-05-01,35,41,10,0,86,3011,1083
11900,"Athens, OH",2022-06-01,29,30,2,1,62,3073,1112
11900,"Athens, OH",2022-07-01,38,26,7,0,71,3144,1150
11900,"Athens, OH",2022-08-01,35,31,6,0,72,3216,1185
11900,"Athens, OH",2022-09-01,54,57,4,1,116,3332,1239
11900,"Athens, OH",2022-10-01,55,37,6,0,98,3430,1294
11900,"Athens, OH",2022-11-01,34,23,9,2,68,3498,1328
11900,"Athens, OH",2022-12-01,68,31,2,0,101,3599,1396
11900,"Athens, OH",2023-01-01,49,34,3,0,86,3685,1445
11900,"Athens, OH",2023-02-01,44,25,5,1,75,3760,1489
11900,"Athens, OH",2023-03-01,59,41,6,1,107,3867,1548
11900,"Athens, OH",2023-04-01,37,32,11,0,80,3947,1585
11900,"Athens, OH",2023-05-01,41,23,3,0,67,4014,1626
11900,"Athens, OH",2023-06-01,33,22,8,1,64,4078,1659
11900,"Athens, OH",2023-07-01,35,27,5,0,67,4145,1694
11900,"Athens, OH",2023-08-01,16,28,4,0,48,4193,1710
11900,"Athens, OH",2023-09-01,59,33,7,0,99,4292,1769
11900,"Athens, OH",2023-10-01,49,27,7,2,85,4377,1818
11900,"Athens, OH",2023-11-01,60,28,8,0,96,4473,1878
11900,"Athens, OH",2023-12-01,75,26,7,0,108,4581,1953
11900,"Athens, OH",2024-01-01,71,36,4,0,111,4692,2024
11900,"Athens, OH",2024-02-01,76,38,8,3,125,4817,2100
11900,"Athens, OH",2024-03-01,73,20,5,1,99,4916,2173
11900,"Athens, OH",2024-04-01,44,33,11,0,88,5004,2217
11900,"Athens, OH",2024-05-01,43,16,2,0,61,5065,2260
11900,"Athens, OH",2024-06-01,19,11,4,0,34,5099,2279
11900,"Athens, OH",2024-07-01,17,9,3,0,29,5128,2296
11900,"Athens, OH",2024-08-01,29,14,12,1,56,5184,2325
11900,"Athens, OH",2024-09-01,55,31,5,4,95,5279,2380
11900,"Athens, OH",2024-10-01,76,28,4,0,108,5387,2456
11900,"Athens, OH",2024-11-01,78,22,11,1,112,5499,2534
11900,"Athens, OH",2024-12-01,64,21,7,0,92,5591,2598
11900,"Athens, OH",2025-01-01,70,30,9,0,109,5700,2668
11900,"Athens, OH",2025-02-01,75,16,6,0,97,5797,2743
11900,"Athens, OH",2025-03-01,65,25,8,1,99,5896,2808
11900,"Athens, OH",2025-04-01,60,20,5,1,86,5982,2868
11900,"Athens, OH",2025-05-01,53,29,6,1,89,6071,2921
11900,"Athens, OH",2025-06-01,42,15,6,0,63,6134,2963
11900,"Athens, OH",2025-07-01,40,22,3,2,67,6201,3003
11900,"Athens, OH",2025-08-01,49,28,7,1,85,6286,3052
11900,"Athens, OH",2025-09-01,3,3,0,0,6,6292,3055
25840,"Hermiston-Pendleton, OR",2019-01-01,1,1,0,0,2,2,1
25840,"Hermiston-Pendleton, OR",2019-02-01,0,0,1,0,1,3,1
25840,"Hermiston-Pendleton, OR",2019-03-01,0,2,1,0,3,6,1
25840,"Hermiston-Pendleton, OR",2019-04-01,0,0,1,0,1,7,1
25840,"Hermiston-Pendleton, OR",2019-05-01,0,1,0,0,1,8,1
25840,"Hermiston-Pendleton, OR",2019-06-01,0,3,0,0,3,11,1
25840,"Hermiston-Pendleton, OR",2019-07-01,0,2,2,0,4,15,1
25840,"Hermiston-Pendleton, OR",2019-08-01,0,4,0,0,4,19,1
25840,"Hermiston-Pendleton, OR",2019-09-01,0,2,0,0,2,21,1
25840,"Hermiston-Pendleton, OR",2019-10-01,0,1,1,0,2,23,1
25840,"Hermiston-Pendleton, OR",2019-11-01,2,2,2,0,6,29,3
25840,"Hermiston-Pendleton, OR",2020-01-01,0,4,0,1,5,34,3
25840,"Hermiston-Pendleton, OR",2020-02-01,0,2,0,0,2,36,3
25840,"Hermiston-Pendleton, OR",2020-03-01,2,2,1,0,5,41,5
25840,"Hermiston-Pendleton, OR",2020-04-01,2,7,2,0,11,52,7
25840,"Hermiston-Pendleton, OR",2020-05-01,0,5,1,0,6,58,7
25840,"Hermiston-Pendleton, OR",2020-06-01,2,7,1,0,10,68,9
25840,"Hermiston-Pendleton, OR",2020-07-01,2,4,4,0,10,78,11
25840,"Hermiston-Pendleton, OR",2020-08-01,3,8,0,0,11,89,14
25840,"Hermiston-Pendleton, OR",2020-09-01,5,9,1,0,15,104,19
25840,"Hermiston-Pendleton, OR",2020-10-01,7,26,9,0,42,146,26
25840,"Hermiston-Pendleton, OR",2020-11-01,6,24,9,0,39,185,32
25840,"Hermiston-Pendleton, OR",2020-12-01,13,31,5,0,49,234,45
25840,"Hermiston-Pendleton, OR",2021-01-01,20,41,8,0,69,303,65
25840,"Hermiston-Pendleton, OR",2021-02-01,10,21,6,1,38,341,75
25840,"Hermiston-Pendleton, OR",2021-03-01,14,29,10,0,53,394,89
25840,"Hermiston-Pendleton, OR",2021-04-01,12,29,10,1,52,446,101
25840,"Hermiston-Pendleton, OR",2021-05-01,13,34,4,0,51,497,114
25840,"Hermiston-Pendleton, OR",2021-06-01,14,37,6,0,57,554,128
25840,"Hermiston-Pendleton, OR",2021-07-01,8,29,10,1,48,602,136
25840,"Hermiston-Pendleton, OR",2021-08-01,10,32,7,1,50,652,146
25840,"Hermiston-Pendleton, OR",2021-09-01,13,41,16,0,70,722,159
25840,"Hermiston-Pendleton, OR",2021-10-01,7,34,11,0,52,774,166
25840,"Hermiston-Pendleton, OR",2021-11-01,15,30,4,2,51,825,181
25840,"Hermiston-Pendleton, OR",2021-12-01,13,25,9,2,49,874,194
25840,"Hermiston-Pendleton, OR",2022-01-01,27,42,9,1,79,953,221
25840,"Hermiston-Pendleton, OR",2022-02-01,14,24,5,0,43,996,235
25840,"Hermiston-Pendleton, OR",2022-03-01,16,24,13,1,54,1050,251
25840,"Hermiston-Pendleton, OR",2022-04-01,18,33,4,3,58,1108,269
25840,"Hermiston-Pendleton, OR",2022-05-01,18,19,8,0,45,1153,287
25840,"Hermiston-Pendleton, OR",2022-06-01,14,25,7,0,46,1199,301
25840,"Hermiston-Pendleton, OR",2022-07-01,8,26,8,3,45,1244,309
25840,"Hermiston-Pendleton, OR",2022-08-01,9,28,8,0,45,1289,318
25840,"Hermiston-Pendleton, OR",2022-09-01,13,33,13,0,59,1348,331
25840,"Hermiston-Pendleton, OR",2022-10-01,12,25,6,1,44,1392,343
25840,"Hermiston-Pendleton, OR",2022-11-01,12,24,4,0,40,1432,355
25840,"Hermiston-Pendleton, OR",2022-12-01,18,32,12,0,62,1494,373
25840,"Hermiston-Pendleton, OR",2023-01-01,10,27,12,2,51,1545,383
25840,"Hermiston-Pendleton, OR",2023-02-01,16,15,7,1,39,1584,399
25840,"Hermiston-Pendleton, OR",2023-03-01,18,28,11,2,59,1643,417
25840,"Hermiston-Pendleton, OR",2023-04-01,14,26,14,0,54,1697,431
25840,"Hermiston-Pendleton, OR",2023-05-01,15,19,6,0,40,1737,446
25840,"Hermiston-Pendleton, OR",2023-06-01,20,24,5,0,49,1786,466
25840,"Hermiston-Pendleton, OR",2023-07-01,14,24,4,0,42,1828,480
25840,"Hermiston-Pendleton, OR",2023-08-01,19,21,5,0,45,1873,499
25840,"Hermiston-Pendleton, OR",2023-09-01,18,28,10,1,57,1930,517
25840,"Hermiston-Pendleton, OR",2023-10-01,21,29,4,0,54,1984,538
25840,"Hermiston-Pendleton, OR",2023-11-01,11,37,11,1,60,2044,549
25840,"Hermiston-Pendleton, OR",2023-12-01,23,26,9,3,61,2105,572
25840,"Hermiston-Pendleton, OR",2024-01-01,19,28,4,1,52,2157,591
25840,"Hermiston-Pendleton, OR",2024-02-01,9,26,14,1,50,2207,600
25840,"Hermiston-Pendleton, OR",2024-03-01,24,24,7,2,57,2264,624
25840,"Hermiston-Pendleton, OR",2024-04-01,14,32,4,0,50,2314,638
25840,"Hermiston-Pendleton, OR",2024-05-01,22,31,5,1,59,2373,660
25840,"Hermiston-Pendleton, OR",2024-06-01,17,29,10,0,56,2429,677
25840,"Hermiston-Pendleton, OR",2024-07-01,11,15,6,0,32,2461,688
25840,"Hermiston-Pendleton, OR",2024-08-01,11,19,5,2,37,2498,699
25840,"Hermiston-Pendleton, OR",2024-09-01,29,25,4,0,58,2556,728
25840,"Hermiston-Pendleton, OR",2024-10-01,25,32,10,0,67,2623,753
25840,"Hermiston-Pendleton, OR",2024-11-01,32,38,12,1,83,2706,785
25840,"Hermiston-Pendleton, OR",2024-12-01,27,32,5,2,66,2772,812
25840,"Hermiston-Pendleton, OR",2025-01-01,25,21,5,0,51,2823,837
25840,"Hermiston-Pendleton, OR",2025-02-01,20,30,8,1,59,2882,857
25840,"Hermiston-Pendleton, OR",2025-03-01,30,28,9,0,67,2949,887
25840,"Hermiston-Pendleton, OR",2025-04-01,22,23,5,0,50,2999,909
25840,"Hermiston-Pendleton, OR",2025-05-01,23,26,7,1,57,3056,932
25840,"Hermiston-Pendleton, OR",2025-06-01,24,31,7,1,63,3119,956
25840,"Hermiston-Pendleton, OR",2025-07-01,18,20,5,0,43,3162,974
25840,"Hermiston-Pendleton, OR",2025-08-01,37,22,11,0,70,3232,1011
25840,"Hermiston-Pendleton, OR",2025-09-01,0,1,0,0,1,3233,1011
29700,"Laredo, TX",2019-01-01,0,7,2,0,9,9,0
29700,"Laredo, TX",2019-02-01,1,12,2,0,15,24,1
29700,"Laredo, TX",2019-03-01,0,24,2,0,26,50,1
29700,"Laredo, TX",2019-04-01,5,33,3,0,41,91,6
29700,"Laredo, TX",2019-05-01,0,13,5,0,18,109,6
29700,"Laredo, TX",2019-06-01,1,16,3,0,20,129,7
29700,"Laredo, TX",2019-07-01,2,13,2,0,17,146,9
29700,"Laredo, TX",2019-08-01,2,27,2,1,32,178,11
29700,"Laredo, TX",2019-09-01,3,28,4,0,35,213,14
29700,"Laredo, TX",2019-10-01,3,14,4,0,21,234,17
29700,"Laredo, TX",2019-11-01,0,14,5,0,19,253,17
29700,"Laredo, TX",2019-12-01,1,19,3,0,23,276,18
29700,"Laredo, TX",2020-01-01,3,28,1,1,33,309,21
29700,"Laredo, TX",2020-02-01,8,21,4,0,33,342,29
29700,"Laredo, TX",2020-03-01,7,53,9,0,69,411,36
29700,"Laredo, TX",2020-04-01,20,122,16,3,161,572,56
29700,"Laredo, TX",2020-05-01,13,68,13,1,95,667,69
29700,"Laredo, TX",2020-06-01,10,34,5,0,49,716,79
29700,"Laredo, TX",2020-07-01,34,123,20,1,178,894,113
29700,"Laredo, TX",2020-08-01,31,114,15,0,160,1054,144
29700,"Laredo, TX",2020-09-01,23,77,11,0,111,1165,167
29700,"Laredo, TX",2020-10-01,14,41,11,0,66,1231,181
29700,"Laredo, TX",2020-11-01,11,54,8,0,73,1304,192
29700,"Laredo, TX",2020-12-01,12,39,5,0,56,1360,204
29700,"Laredo, TX",2021-01-01,18,46,13,1,78,1438,222
29700,"Laredo, TX",2021-02-01,20,66,14,0,100,1538,242
29700,"Laredo, TX",2021-03-01,43,129,21,0,193,1731,285
29700,"Laredo, TX",2021-04-01,35,85,15,1,136,1867,320
29700,"Laredo, TX",2021-05-01,55,123,19,0,197,2064,375
29700,"Laredo, TX",2021-06-01,31,101,14,2,148,2212,406
29700,"Laredo, TX",2021-07-01,7,48,11,0,66,2278,413
29700,"Laredo, TX",2021-08-01,21,55,16,3,95,2373,434
29700,"Laredo, TX",2021-09-01,32,107,12,1,152,2525,466
29700,"Laredo, TX",2021-10-01,17,48,5,2,72,2597,483
29700,"Laredo, TX",2021-11-01,24,37,12,1,74,2671,507
29700,"Laredo, TX",2021-12-01,27,80,14,1,122,2793,534
29700,"Laredo, TX",2022-01-01,41,115,20,2,178,2971,575
29700,"Laredo, TX",2022-02-01,17,38,13,1,69,3040,592
29700,"Laredo, TX",2022-03-01,39,61,16,0,116,3156,631
29700,"Laredo, TX",2022-04-01,36,75,23,1,135,3291,667
29700,"Laredo, TX",2022-05-01,29,58,10,0,97,3388,696
29700,"Laredo, TX",2022-06-01,29,44,11,0,84,3472,725
29700,"Laredo, TX",2022-07-01,29,37,15,0,81,3553,754
29700,"Laredo, TX",2022-08-01,32,68,17,1,118,3671,786
29700,"Laredo, TX",2022-09-01,49,85,8,0,142,3813,835
29700,"Laredo, TX",2022-10-01,44,91,16,1,152,3965,879
29700,"Laredo, TX",2022-11-01,50,69,19,1,139,4104,929
29700,"Laredo, TX",2022-12-01,76,106,18,0,200,4304,1005
29700,"Laredo, TX",2023-01-01,56,99,28,4,187,4491,1061
29700,"Laredo, TX",2023-02-01,52,73,23,2,150,4641,1113
29700,"Laredo, TX",2023-03-01,102,118,22,5,247,4888,1215
29700,"Laredo, TX",2023-04-01,85,116,36,3,240,5128,1300
29700,"Laredo, TX",2023-05-01,85,87,25,2,199,5327,1385
29700,"Laredo, TX",2023-06-01,74,107,38,2,221,5548,1459
29700,"Laredo, TX",2023-07-01,75,126,24,2,227,5775,1534
29700,"Laredo, TX",2023-08-01,61,112,36,2,211,5986,1595
29700,"Laredo, TX",2023-09-01,57,123,32,4,216,6202,1652
29700,"Laredo, TX",2023-10-01,53,96,22,3,174,6376,1705
29700,"Laredo, TX",2023-11-01,72,103,39,2,216,6592,1777
29700,"Laredo, TX",2023-12-01,83,106,30,2,221,6813,1860
29700,"Laredo, TX",2024-01-01,80,106,21,5,212,7025,1940
29700,"Laredo, TX",2024-02-01,60,105,29,2,196,7221,2000
29700,"Laredo, TX",2024-03-01,104,103,22,3,232,7453,2104
29700,"Laredo, TX",2024-04-01,86,106,24,3,219,7672,2190
29700,"Laredo, TX",2024-05-01,100,121,32,3,256,7928,2290
29700,"Laredo, TX",2024-06-01,77,101,29,2,209,8137,2367
29700,"Laredo, TX",2024-07-01,36,47,12,1,96,8233,2403
29700,"Laredo, TX",2024-08-01,32,51,17,2,102,8335,2435
29700,"Laredo, TX",2024-09-01,62,70,22,1,155,8490,2497
29700,"Laredo, TX",2024-10-01,51,88,24,4,167,8657,2548
29700,"Laredo, TX",2024-11-01,69,88,24,0,181,8838,2617
29700,"Laredo, TX",2024-12-01,76,96,27,2,201,9039,2693
29700,"Laredo, TX",2025-01-01,69,78,21,0,168,9207,2762
29700,"Laredo, TX",2025-02-01,73,75,14,3,165,9372,2835
29700,"Laredo, TX",2025-03-01,66,87,16,1,170,9542,2901
29700,"Laredo, TX",2025-04-01,77,68,20,1,166,9708,2978
29700,"Laredo, TX",2025-05-01,105,119,27,2,253,9961,3083
29700,"Laredo, TX",2025-06-01,99,118,37,2,256,10217,3182
29700,"Laredo, TX",2025-07-01,75,100,27,1,203,10420,3257
29700,"Laredo, TX",2025-08-01,73,123,29,1,226,10646,3330
29700,"Laredo, TX",2025-09-01,2,4,0,0,6,10652,3332
10980,"Alpena, MI",2019-03-01,0,2,0,0,2,2,0
10980,"Alpena, MI",2019-05-01,0,1,0,0,1,3,0
10980,"Alpena, MI",2019-07-01,1,0,0,0,1,4,1
10980,"Alpena, MI",2019-08-01,0,0,1,0,1,5,1
10980,"Alpena, MI",2019-09-01,0,1,0,0,1,6,1
10980,"Alpena, MI",2019-11-01,0,1,0,0,1,7,1
10980,"Alpena, MI",2020-01-01,0,1,1,0,2,9,1
10980,"Alpena, MI",2020-03-01,1,0,0,0,1,10,2
10980,"Alpena, MI",2020-04-01,1,0,0,0,1,11,3
10980,"Alpena, MI",2020-06-01,0,2,2,0,4,15,3
10980,"Alpena, MI",2020-07-01,0,1,0,0,1,16,3
10980,"Alpena, MI",2020-08-01,1,1,0,0,2,18,4
10980,"Alpena, MI",2020-09-01,0,1,0,0,1,19,4
10980,"Alpena, MI",2020-10-01,2,6,1,0,9,28,6
10980,"Alpena, MI",2020-11-01,1,7,4,0,12,40,7
10980,"Alpena, MI",2020-12-01,7,6,3,0,16,56,14
10980,"Alpena, MI",2021-01-01,5,8,0,0,13,69,19
10980,"Alpena, MI",2021-02-01,4,3,1,0,8,77,23
10980,"Alpena, MI",2021-03-01,4,1,1,0,6,83,27
10980,"Alpena, MI",2021-04-01,4,4,4,0,12,95,31
10980,"Alpena, MI",2021-05-01,2,12,1,1,16,111,33
10980,"Alpena, MI",2021-06-01,3,7,1,0,11,122,36
10980,"Alpena, MI",2021-07-01,2,5,4,1,12,134,38
10980,"Alpena, MI",2021-08-01,1,7,4,0,12,146,39
10980,"Alpena, MI",2021-09-01,4,6,2,0,12,158,43
10980,"Alpena, MI",2021-10-01,3,6,2,0,11,169,46
10980,"Alpena, MI",2021-11-01,3,1,0,0,4,173,49
10980,"Alpena, MI",2021-12-01,2,6,5,0,13,186,51
10980,"Alpena, MI",2022-01-01,6,8,3,0,17,203,57
10980,"Alpena, MI",2022-02-01,5,10,3,0,18,221,62
10980,"Alpena, MI",2022-03-01,2,6,1,1,10,231,64
10980,"Alpena, MI",2022-04-01,5,7,2,0,14,245,69
10980,"Alpena, MI",2022-05-01,6,5,1,0,12,257,75
10980,"Alpena, MI",2022-06-01,1,1,2,0,4,261,76
10980,"Alpena, MI",2022-07-01,2,5,1,0,8,269,78
10980,"Alpena, MI",2022-08-01,8,10,5,0,23,292,86
10980,"Alpena, MI",2022-09-01,3,4,3,0,10,302,89
10980,"Alpena, MI",2022-10-01,5,6,1,0,12,314,94
10980,"Alpena, MI",2022-11-01,5,10,2,0,17,331,99
10980,"Alpena, MI",2022-12-01,2,9,1,0,12,343,101
10980,"Alpena, MI",2023-01-01,1,10,1,0,12,355,102
10980,"Alpena, MI",2023-02-01,7,4,1,0,12,367,109
10980,"Alpena, MI",2023-03-01,2,9,0,0,11,378,111
10980,"Alpena, MI",2023-04-01,3,9,0,0,12,390,114
10980,"Alpena, MI",2023-05-01,3,7,2,0,12,402,117
10980,"Alpena, MI",2023-06-01,0,7,0,0,7,409,117
10980,"Alpena, MI",2023-07-01,4,8,0,0,12,421,121
10980,"Alpena, MI",2023-08-01,4,6,0,0,10,431,125
10980,"Alpena, MI",2023-09-01,2,5,5,0,12,443,127
10980,"Alpena, MI",2023-10-01,6,5,1,0,12,455,133
10980,"Alpena, MI",2023-11-01,6,6,2,0,14,469,139
10980,"Alpena, MI",2023-12-01,4,3,2,1,10,479,143
10980,"Alpena, MI",2024-01-01,9,7,3,0,19,498,152
10980,"Alpena, MI",2024-02-01,4,8,1,0,13,511,156
10980,"Alpena, MI",2024-03-01,7,9,1,0,17,528,163
10980,"Alpena, MI",2024-04-01,5,6,2,1,14,542,168
10980,"Alpena, MI",2024-05-01,4,6,1,0,11,553,172
10980,"Alpena, MI",2024-06-01,6,2,0,0,8,561,178
10980,"Alpena, MI",2024-07-01,6,8,2,0,16,577,184
10980,"Alpena, MI",2024-08-01,6,4,4,0,14,591,190
10980,"Alpena, MI",2024-09-01,10,3,2,0,15,606,200
10980,"Alpena, MI",2024-10-01,6,4,1,0,11,617,206
10980,"Alpena, MI",2024-11-01,7,9,2,0,18,635,213
10980,"Alpena, MI",2024-12-01,10,7,4,2,23,658,223
10980,"Alpena, MI",2025-01-01,7,5,4,0,16,674,230
10980,"Alpena, MI",2025-02-01,6,3,3,0,12,686,236
10980,"Alpena, MI",2025-03-01,7,4,3,0,14,700,243
10980,"Alpena, MI",2025-04-01,1,1,2,0,4,704,244
10980,"Alpena, MI",2025-05-01,6,6,2,0,14,718,250
10980,"Alpena, MI",2025-06-01,13,6,1,0,20,738,263
10980,"Alpena, MI",2025-07-01,14,6,1,1,22,760,277
10980,"Alpena, MI",2025-08-01,10,7,1,0,18,778,287
10980,"Alpena, MI",2025-09-01,0,1,0,0,1,779,287
41860,"San Francisco-Oakland-Fremont, CA",2019-01-01,68,1836,448,46,2398,2398,68
41860,"San Francisco-Oakland-Fremont, CA",2019-02-01,65,1404,367,38,1874,4272,133
41860,"San Francisco-Oakland-Fremont, CA",2019-03-01,87,1625,405,61,2178,6450,220
41860,"San Francisco-Oakland-Fremont, CA",2019-04-01,100,1684,395,53,2232,8682,320
41860,"San Francisco-Oakland-Fremont, CA",2019-05-01,127,1829,407,43,2406,11088,447
41860,"San Francisco-Oakland-Fremont, CA",2019-06-01,147,1571,378,37,2133,13221,594
41860,"San Francisco-Oakland-Fremont, CA",2019-07-01,156,1814,481,60,2511,15732,750
41860,"San Francisco-Oakland-Fremont, CA",2019-08-01,153,1622,435,66,2276,18008,903
41860,"San Francisco-Oakland-Fremont, CA",2019-09-01,148,1751,394,55,2348,20356,1051
41860,"San Francisco-Oakland-Fremont, CA",2019-10-01,141,1490,398,60,2089,22445,1192
41860,"San Francisco-Oakland-Fremont, CA",2019-11-01,158,1347,327,49,1881,24326,1350
41860,"San Francisco-Oakland-Fremont, CA",2019-12-01,213,1433,433,54,2133,26459,1563
41860,"San Francisco-Oakland-Fremont, CA",2020-01-01,245,1830,604,119,2798,29257,1808
41860,"San Francisco-Oakland-Fremont, CA",2020-02-01,205,1574,470,97,2346,31603,2013
41860,"San Francisco-Oakland-Fremont, CA",2020-03-01,203,2026,859,160,3248,34851,2216
41860,"San Francisco-Oakland-Fremont, CA",2020-04-01,516,2824,1243,168,4751,39602,2732
41860,"San Francisco-Oakland-Fremont, CA",2020-05-01,1092,3297,1042,156,5587,45189,3824
41860,"San Francisco-Oakland-Fremont, CA",2020-06-01,1048,2832,846,94,4820,50009,4872
41860,"San Francisco-Oakland-Fremont, CA",2020-07-01,1067,3304,999,115,5485,55494,5939
41860,"San Francisco-Oakland-Fremont, CA",2020-08-01,925,4442,1487,185,7039,62533,6864
41860,"San Francisco-Oakland-Fremont, CA",2020-09-01,713,4025,1406,236,6380,68913,7577
41860,"San Francisco-Oakland-Fremont, CA",2020-10-01,693,3677,1342,254,5966,74879,8270
41860,"San Francisco-Oakland-Fremont, CA",2020-11-01,730,3276,1288,345,5639,80518,9000
41860,"San Francisco-Oakland-Fremont, CA",2020-12-01,894,3658,1364,351,6267,86785,9894
41860,"San Francisco-Oakland-Fremont, CA",2021-01-01,884,4129,1406,332,6751,93536,10778
41860,"San Francisco-Oakland-Fremont, CA",2021-02-01,617,3041,1182,265,5105,98641,11395
41860,"San Francisco-Oakland-Fremont, CA",2021-03-01,1024,4184,1569,259,7036,105677,12419
41860,"San Francisco-Oakland-Fremont, CA",2021-04-01,972,4269,1827,297,7365,113042,13391
41860,"San Francisco-Oakland-Fremont, CA",2021-05-01,1124,3599,1304,229,6256,119298,14515
41860,"San Francisco-Oakland-Fremont, CA",2021-06-01,979,3374,1169,220,5742,125040,15494
41860,"San Francisco-Oakland-Fremont, CA",2021-07-01,943,3184,1490,285,5902,130942,16437
41860,"San Francisco-Oakland-Fremont, CA",2021-08-01,893,3593,1869,304,6659,137601,17330
41860,"San Francisco-Oakland-Fremont, CA",2021-09-01,904,4876,2731,375,8886,146487,18234
41860,"San Francisco-Oakland-Fremont, CA",2021-10-01,678,3878,2438,286,7280,153767,18912
41860,"San Francisco-Oakland-Fremont, CA",2021-11-01,663,2935,1276,175,5049,158816,19575
41860,"San Francisco-Oakland-Fremont, CA",2021-12-01,910,3150,1413,554,6027,164843,20485
41860,"San Francisco-Oakland-Fremont, CA",2022-01-01,1186,4792,2268,913,9159,174002,21671
41860,"San Francisco-Oakland-Fremont, CA",2022-02-01,494,2487,1643,762,5386,179388,22165
41860,"San Francisco-Oakland-Fremont, CA",2022-03-01,423,2639,2095,528,5685,185073,22588
41860,"San Francisco-Oakland-Fremont, CA",2022-04-01,528,2919,2343,533,6323,191396,23116
41860,"San Francisco-Oakland-Fremont, CA",2022-05-01,601,3068,2284,601,6554,197950,23717
41860,"San Francisco-Oakland-Fremont, CA",2022-06-01,748,2601,1470,292,5111,203061,24465
41860,"San Francisco-Oakland-Fremont, CA",2022-07-01,649,2687,1620,309,5265,208326,25114
41860,"San Francisco-Oakland-Fremont, CA",2022-08-01,708,2923,1671,302,5604,213930,25822
41860,"San Francisco-Oakland-Fremont, CA",2022-09-01,908,3844,1877,341,6970,220900,26730
41860,"San Francisco-Oakland-Fremont, CA",2022-10-01,854,3140,1376,249,5619,226519,27584
41860,"San Francisco-Oakland-Fremont, CA",2022-11-01,1317,4254,1619,269,7459,233978,28901
41860,"San Francisco-Oakland-Fremont, CA",2022-12-01,1584,4421,1670,259,7934,241912,30485
41860,"San Francisco-Oakland-Fremont, CA",2023-01-01,1258,4408,1637,378,7681,249593,31743
41860,"San Francisco-Oakland-Fremont, CA",2023-02-01,932,3469,1398,276,6075,255668,32675
41860,"San Francisco-Oakland-Fremont, CA",2023-03-01,1595,5346,2100,369,9410,265078,34270
41860,"San Francisco-Oakland-Fremont, CA",2023-04-01,1081,3975,1501,308,6865,271943,35351
41860,"San Francisco-Oakland-Fremont, CA",2023-05-01,863,2973,1084,177,5097,277040,36214
41860,"San Francisco-Oakland-Fremont, CA",2023-06-01,621,2526,967,135,4249,281289,36835
41860,"San Francisco-Oakland-Fremont, CA",2023-07-01,598,2863,1023,126,4610,285899,37433
41860,"San Francisco-Oakland-Fremont, CA",2023-08-01,872,4132,1488,199,6691,292590,38305
41860,"San Francisco-Oakland-Fremont, CA",2023-09-01,1222,5558,2034,278,9092,301682,39527
41860,"San Francisco-Oakland-Fremont, CA",2023-10-01,1288,5949,2210,285,9732,311414,40815
41860,"San Francisco-Oakland-Fremont, CA",2023-11-01,1263,5873,2727,500,10363,321777,42078
41860,"San Francisco-Oakland-Fremont, CA",2023-12-01,1352,5934,2433,378,10097,331874,43430
41860,"San Francisco-Oakland-Fremont, CA",2024-01-01,1483,6810,2734,352,11379,343253,44913
41860,"San Francisco-Oakland-Fremont, CA",2024-02-01,1442,6256,2814,463,10975,354228,46355
41860,"San Francisco-Oakland-Fremont, CA",2024-03-01,1402,6250,2704,423,10779,365007,47757
41860,"San Francisco-Oakland-Fremont, CA",2024-04-01,1369,5666,2227,369,9631,374638,49126
41860,"San Francisco-Oakland-Fremont, CA",2024-05-01,1380,6643,2973,520,11516,386154,50506
41860,"San Francisco-Oakland-Fremont, CA",2024-06-01,1190,5644,2500,508,9842,395996,51696
41860,"San Francisco-Oakland-Fremont, CA",2024-07-01,1162,6139,2301,400,10002,405998,52858
41860,"San Francisco-Oakland-Fremont, CA",2024-08-01,903,5075,2372,475,8825,414823,53761
41860,"San Francisco-Oakland-Fremont, CA",2024-09-01,818,4115,2221,383,7537,422360,54579
41860,"San Francisco-Oakland-Fremont, CA",2024-10-01,776,3722,1455,250,6203,428563,55355
41860,"San Francisco-Oakland-Fremont, CA",2024-11-01,768,3266,1028,129,5191,433754,56123
41860,"San Francisco-Oakland-Fremont, CA",2024-12-01,724,2907,921,129,4681,438435,56847
41860,"San Francisco-Oakland-Fremont, CA",2025-01-01,783,2927,849,179,4738,443173,57630
41860,"San Francisco-Oakland-Fremont, CA",2025-02-01,723,2597,709,98,4127,447300,58353
41860,"San Francisco-Oakland-Fremont, CA",2025-03-01,741,2490,619,53,3903,451203,59094
41860,"San Francisco-Oakland-Fremont, CA",2025-04-01,567,1723,429,41,2760,453963,59661
41860,"San Francisco-Oakland-Fremont, CA",2025-05-01,623,1666,442,27,2758,456721,60284
41860,"San Francisco-Oakland-Fremont, CA",2025-06-01,414,1169,246,23,1852,458573,60698
41860,"San Francisco-Oakland-Fremont, CA",2025-07-01,451,1149,263,27,1890,460463,61149
41860,"San Francisco-Oakland-Fremont, CA",2025-08-01,361,816,164,7,1348,461811,61510
41860,"San Francisco-Oakland-Fremont, CA",2025-09-01,4,13,0,0,17,461828,61514
10220,"Ada, OK",2019-01-01,0,2,1,0,3,3,0
10220,"Ada, OK",2019-02-01,0,1,0,0,1,4,0
10220,"Ada, OK",2019-04-01,0,3,1,0,4,8,0
10220,"Ada, OK",2019-05-01,0,1,0,0,1,9,0
10220,"Ada, OK",2019-06-01,0,5,0,1,6,15,0
10220,"Ada, OK",2019-07-01,0,11,2,0,13,28,0
10220,"Ada, OK",2019-08-01,2,7,1,0,10,38,2
10220,"Ada, OK",2019-09-01,1,10,3,0,14,52,3
10220,"Ada, OK",2019-10-01,2,7,2,0,11,63,5
10220,"Ada, OK",2019-11-01,1,10,1,0,12,75,6
10220,"Ada, OK",2019-12-01,1,8,2,0,11,86,7
10220,"Ada, OK",2020-01-01,0,11,1,0,12,98,7
10220,"Ada, OK",2020-02-01,0,7,1,0,8,106,7
10220,"Ada, OK",2020-03-01,2,20,2,1,25,131,9
10220,"Ada, OK",2020-04-01,8,19,4,0,31,162,17
10220,"Ada, OK",2020-05-01,6,12,1,1,20,182,23
10220,"Ada, OK",2020-06-01,4,21,3,0,28,210,27
10220,"Ada, OK",2020-07-01,1,10,3,0,14,224,28
10220,"Ada, OK",2020-08-01,2,17,5,0,24,248,30
10220,"Ada, OK",2020-09-01,5,14,3,0,22,270,35
10220,"Ada, OK",2020-10-01,6,14,1,0,21,291,41
10220,"Ada, OK",2020-11-01,9,10,6,0,25,316,50
10220,"Ada, OK",2020-12-01,8,26,7,0,41,357,58
10220,"Ada, OK",2021-01-01,13,27,7,0,47,404,71
10220,"Ada, OK",2021-02-01,8,15,2,0,25,429,79
10220,"Ada, OK",2021-03-01,13,20,2,0,35,464,92
10220,"Ada, OK",2021-04-01,18,32,12,0,62,526,110
10220,"Ada, OK",2021-05-01,4,24,5,0,33,559,114
10220,"Ada, OK",2021-06-01,9,25,3,0,37,596,123
10220,"Ada, OK",2021-07-01,11,15,4,0,30,626,134
10220,"Ada, OK",2021-08-01,7,18,7,2,34,660,141
10220,"Ada, OK",2021-09-01,5,18,6,1,30,690,146
10220,"Ada, OK",2021-10-01,6,17,5,1,29,719,152
10220,"Ada, OK",2021-11-01,10,20,9,2,41,760,162
10220,"Ada, OK",2021-12-01,7,12,6,2,27,787,169
10220,"Ada, OK",2022-01-01,9,24,6,2,41,828,178
10220,"Ada, OK",2022-02-01,12,18,1,2,33,861,190
10220,"Ada, OK",2022-03-01,16,26,12,0,54,915,206
10220,"Ada, OK",2022-04-01,11,19,7,0,37,952,217
10220,"Ada, OK",2022-05-01,7,24,5,0,36,988,224
10220,"Ada, OK",2022-06-01,13,23,7,0,43,1031,237
10220,"Ada, OK",2022-07-01,15,12,3,0,30,1061,252
10220,"Ada, OK",2022-08-01,13,23,2,1,39,1100,265
10220,"Ada, OK",2022-09-01,9,18,8,0,35,1135,274
10220,"Ada, OK",2022-10-01,5,25,8,0,38,1173,279
10220,"Ada, OK",2022-11-01,14,26,4,0,44,1217,293
10220,"Ada, OK",2022-12-01,13,22,2,1,38,1255,306
10220,"Ada, OK",2023-01-01,10,14,9,1,34,1289,316
10220,"Ada, OK",2023-02-01,18,21,13,0,52,1341,334
10220,"Ada, OK",2023-03-01,28,26,7,2,63,1404,362
10220,"Ada, OK",2023-04-01,13,17,4,0,34,1438,375
10220,"Ada, OK",2023-05-01,10,12,5,0,27,1465,385
10220,"Ada, OK",2023-06-01,8,16,3,2,29,1494,393
10220,"Ada, OK",2023-07-01,12,12,2,0,26,1520,405
10220,"Ada, OK",2023-08-01,8,6,2,0,16,1536,413
10220,"Ada, OK",2023-09-01,6,9,5,0,20,1556,419
10220,"Ada, OK",2023-10-01,17,21,4,0,42,1598,436
10220,"Ada, OK",2023-11-01,13,22,9,3,47,1645,449
10220,"Ada, OK",2023-12-01,24,13,9,2,48,1693,473
10220,"Ada, OK",2024-01-01,20,23,5,1,49,1742,493
10220,"Ada, OK",2024-02-01,20,16,7,1,44,1786,513
10220,"Ada, OK",2024-03-01,20,20,7,0,47,1833,533
10220,"Ada, OK",2024-04-01,10,18,5,1,34,1867,543
10220,"Ada, OK",2024-05-01,18,16,0,0,34,1901,561
10220,"Ada, OK",2024-06-01,7,7,1,1,16,1917,568
10220,"Ada, OK",2024-07-01,7,8,2,0,17,1934,575
10220,"Ada, OK",2024-08-01,10,10,2,0,22,1956,585
10220,"Ada, OK",2024-09-01,4,6,4,0,14,1970,589
10220,"Ada, OK",2024-10-01,10,10,4,0,24,1994,599
10220,"Ada, OK",2024-11-01,14,12,3,0,29,2023,613
10220,"Ada, OK",2024-12-01,20,15,9,0,44,2067,633
10220,"Ada, OK",2025-01-01,29,33,5,0,67,2134,662
10220,"Ada, OK",2025-02-01,17,23,6,1,47,2181,679
10220,"Ada, OK",2025-03-01,42,22,10,0,74,2255,721
10220,"Ada, OK",2025-04-01,38,38,5,2,83,2338,759
10220,"Ada, OK",2025-05-01,34,36,11,0,81,2419,793
10220,"Ada, OK",2025-06-01,20,25,3,0,48,2467,813
10220,"Ada, OK",2025-07-01,17,13,6,0,36,2503,830
10220,"Ada, OK",2025-08-01,39,23,4,0,66,2569,869
10220,"Ada, OK",2025-09-01,1,0,0,1,2,2571,870
23460,"Gadsden, AL",2019-01-01,0,4,2,0,6,6,0
23460,"Gadsden, AL",2019-02-01,0,4,1,0,5,11,0
23460,"Gadsden, AL",2019-03-01,0,8,4,0,12,23,0
23460,"Gadsden, AL",2019-04-01,0,8,2,0,10,33,0
23460,"Gadsden, AL",2019-05-01,3,21,10,0,34,67,3
23460,"Gadsden, AL",2019-06-01,2,20,11,0,33,100,5
23460,"Gadsden, AL",2019-07-01,1,11,5,0,17,117,6
23460,"Gadsden, AL",2019-08-01,1,25,5,0,31,148,7
23460,"Gadsden, AL",2019-09-01,2,24,4,0,30,178,9
23460,"Gadsden, AL",2019-10-01,1,23,3,2,29,207,10
23460,"Gadsden, AL",2019-11-01,0,13,6,0,19,226,10
23460,"Gadsden, AL",2019-12-01,0,15,7,1,23,249,10
23460,"Gadsden, AL",2020-01-01,2,24,8,0,34,283,12
23460,"Gadsden, AL",2020-02-01,1,15,6,0,22,305,13
23460,"Gadsden, AL",2020-03-01,2,27,10,0,39,344,15
23460,"Gadsden, AL",2020-04-01,10,54,11,0,75,419,25
23460,"Gadsden, AL",2020-05-01,14,71,17,2,104,523,39
23460,"Gadsden, AL",2020-06-01,5,24,9,0,38,561,44
23460,"Gadsden, AL",2020-07-01,10,54,12,1,77,638,54
23460,"Gadsden, AL",2020-08-01,17,93,15,0,125,763,71
23460,"Gadsden, AL",2020-09-01,20,71,15,2,108,871,91
23460,"Gadsden, AL",2020-10-01,9,24,6,0,39,910,100
23460,"Gadsden, AL",2020-11-01,3,25,8,0,36,946,103
23460,"Gadsden, AL",2020-12-01,5,31,2,0,38,984,108
23460,"Gadsden, AL",2021-01-01,9,49,8,0,66,1050,117
23460,"Gadsden, AL",2021-02-01,6,33,3,0,42,1092,123
23460,"Gadsden, AL",2021-03-01,28,79,14,2,123,1215,151
23460,"Gadsden, AL",2021-04-01,59,183,37,6,285,1500,210
23460,"Gadsden, AL",2021-05-01,37,115,26,0,178,1678,247
23460,"Gadsden, AL",2021-06-01,26,88,25,3,142,1820,273
23460,"Gadsden, AL",2021-07-01,13,51,12,0,76,1896,286
23460,"Gadsden, AL",2021-08-01,9,60,16,3,88,1984,295
23460,"Gadsden, AL",2021-09-01,20,61,18,2,101,2085,315
23460,"Gadsden, AL",2021-10-01,7,43,8,2,60,2145,322
23460,"Gadsden, AL",2021-11-01,14,51,8,2,75,2220,336
23460,"Gadsden, AL",2021-12-01,20,68,14,0,102,2322,356
23460,"Gadsden, AL",2022-01-01,27,78,21,3,129,2451,383
23460,"Gadsden, AL",2022-02-01,35,53,17,0,105,2556,418
23460,"Gadsden, AL",2022-03-01,38,100,32,0,170,2726,456
23460,"Gadsden, AL",2022-04-01,23,42,10,2,77,2803,479
23460,"Gadsden, AL",2022-05-01,29,57,16,1,103,2906,508
23460,"Gadsden, AL",2022-06-01,28,62,7,1,98,3004,536
23460,"Gadsden, AL",2022-07-01,24,71,15,0,110,3114,560
23460,"Gadsden, AL",2022-08-01,27,94,14,2,137,3251,587
23460,"Gadsden, AL",2022-09-01,32,57,18,2,109,3360,619
23460,"Gadsden, AL",2022-10-01,27,42,15,2,86,3446,646
23460,"Gadsden, AL",2022-11-01,40,64,24,0,128,3574,686
23460,"Gadsden, AL",2022-12-01,37,64,22,2,125,3699,723
23460,"Gadsden, AL",2023-01-01,28,69,28,2,127,3826,751
23460,"Gadsden, AL",2023-02-01,38,56,32,3,129,3955,789
23460,"Gadsden, AL",2023-03-01,44,98,41,3,186,4141,833
23460,"Gadsden, AL",2023-04-01,33,59,21,0,113,4254,866
23460,"Gadsden, AL",2023-05-01,34,31,8,1,74,4328,900
23460,"Gadsden, AL",2023-06-01,11,41,10,3,65,4393,911
23460,"Gadsden, AL",2023-07-01,16,38,16,0,70,4463,927
23460,"Gadsden, AL",2023-08-01,16,27,6,1,50,4513,943
23460,"Gadsden, AL",2023-09-01,27,42,16,0,85,4598,970
23460,"Gadsden, AL",2023-10-01,23,52,12,3,90,4688,993
23460,"Gadsden, AL",2023-11-01,31,57,12,1,101,4789,1024
23460,"Gadsden, AL",2023-12-01,30,59,10,2,101,4890,1054
23460,"Gadsden, AL",2024-01-01,32,80,14,2,128,5018,1086
23460,"Gadsden, AL",2024-02-01,53,84,35,1,173,5191,1139
23460,"Gadsden, AL",2024-03-01,60,84,24,2,170,5361,1199
23460,"Gadsden, AL",2024-04-01,32,43,15,1,91,5452,1231
23460,"Gadsden, AL",2024-05-01,33,30,6,1,70,5522,1264
23460,"Gadsden, AL",2024-06-01,22,31,7,0,60,5582,1286
23460,"Gadsden, AL",2024-07-01,17,42,7,1,67,5649,1303
23460,"Gadsden, AL",2024-08-01,44,51,20,3,118,5767,1347
23460,"Gadsden, AL",2024-09-01,49,48,18,2,117,5884,1396
23460,"Gadsden, AL",2024-10-01,72,104,29,4,209,6093,1468
23460,"Gadsden, AL",2024-11-01,84,112,19,4,219,6312,1552
23460,"Gadsden, AL",2024-12-01,66,99,34,5,204,6516,1618
23460,"Gadsden, AL",2025-01-01,59,106,21,1,187,6703,1677
23460,"Gadsden, AL",2025-02-01,59,72,23,2,156,6859,1736
23460,"Gadsden, AL",2025-03-01,73,78,22,5,178,7037,1809
23460,"Gadsden, AL",2025-04-01,58,109,17,3,187,7224,1867
23460,"Gadsden, AL",2025-05-01,52,45,18,1,116,7340,1919
23460,"Gadsden, AL",2025-06-01,46,61,24,1,132,7472,1965
23460,"Gadsden, AL",2025-07-01,25,36,10,2,73,7545,1990
23460,"Gadsden, AL",2025-08-01,35,56,15,2,108,7653,2025
13420,"Bemidji, MN",2019-01-01,0,2,0,0,2,2,0
13420,"Bemidji, MN",2019-03-01,0,1,0,0,1,3,0
13420,"Bemidji, MN",2019-05-01,1,0,0,0,1,4,1
13420,"Bemidji, MN",2019-06-01,0,0,0,1,1,5,1
13420,"Bemidji, MN",2019-07-01,0,2,1,0,3,8,1
13420,"Bemidji, MN",2019-09-01,0,0,1,0,1,9,1
13420,"Bemidji, MN",2019-10-01,0,1,0,0,1,10,1
13420,"Bemidji, MN",2019-11-01,0,1,1,0,2,12,1
13420,"Bemidji, MN",2019-12-01,0,2,0,0,2,14,1
13420,"Bemidji, MN",2020-01-01,0,1,0,0,1,15,1
13420,"Bemidji, MN",2020-02-01,0,1,0,1,2,17,1
13420,"Bemidji, MN",2020-03-01,2,0,1,0,3,20,3
13420,"Bemidji, MN",2020-04-01,8,5,2,0,15,35,11
13420,"Bemidji, MN",2020-05-01,8,3,3,0,14,49,19
13420,"Bemidji, MN",2020-06-01,1,5,1,0,7,56,20
13420,"Bemidji, MN",2020-07-01,3,6,2,0,11,67,23
13420,"Bemidji, MN",2020-08-01,2,5,1,0,8,75,25
13420,"Bemidji, MN",2020-09-01,5,3,1,0,9,84,30
13420,"Bemidji, MN",2020-10-01,3,11,3,0,17,101,33
13420,"Bemidji, MN",2020-11-01,8,26,2,1,37,138,41
13420,"Bemidji, MN",2020-12-01,9,28,2,0,39,177,50
13420,"Bemidji, MN",2021-01-01,22,26,8,0,56,233,72
13420,"Bemidji, MN",2021-02-01,17,25,1,0,43,276,89
13420,"Bemidji, MN",2021-03-01,21,18,4,0,43,319,110
13420,"Bemidji, MN",2021-04-01,7,12,3,0,22,341,117
13420,"Bemidji, MN",2021-05-01,24,26,6,1,57,398,141
13420,"Bemidji, MN",2021-06-01,8,14,2,1,25,423,149
13420,"Bemidji, MN",2021-07-01,15,22,2,0,39,462,164
13420,"Bemidji, MN",2021-08-01,13,16,6,1,36,498,177
13420,"Bemidji, MN",2021-09-01,12,27,2,1,42,540,189
13420,"Bemidji, MN",2021-10-01,26,26,6,0,58,598,215
13420,"Bemidji, MN",2021-11-01,17,25,4,0,46,644,232
13420,"Bemidji, MN",2021-12-01,14,14,6,0,34,678,246
13420,"Bemidji, MN",2022-01-01,12,23,2,1,38,716,258
13420,"Bemidji, MN",2022-02-01,21,17,3,0,41,757,279
13420,"Bemidji, MN",2022-03-01,17,30,4,0,51,808,296
13420,"Bemidji, MN",2022-04-01,12,10,3,0,25,833,308
13420,"Bemidji, MN",2022-05-01,14,13,2,0,29,862,322
13420,"Bemidji, MN",2022-06-01,18,9,7,0,34,896,340
13420,"Bemidji, MN",2022-07-01,13,15,3,1,32,928,353
13420,"Bemidji, MN",2022-08-01,10,24,8,0,42,970,363
13420,"Bemidji, MN",2022-09-01,11,12,1,1,25,995,374
13420,"Bemidji, MN",2022-10-01,16,15,0,1,32,1027,390
13420,"Bemidji, MN",2022-11-01,14,15,2,0,31,1058,404
13420,"Bemidji, MN",2022-12-01,16,11,3,0,30,1088,420
13420,"Bemidji, MN",2023-01-01,14,24,3,1,42,1130,434
13420,"Bemidji, MN",2023-02-01,26,19,6,1,52,1182,460
13420,"Bemidji, MN",2023-03-01,8,16,3,1,28,1210,468
13420,"Bemidji, MN",2023-04-01,15,8,4,1,28,1238,483
13420,"Bemidji, MN",2023-05-01,11,13,4,0,28,1266,494
13420,"Bemidji, MN",2023-06-01,15,13,0,0,28,1294,509
13420,"Bemidji, MN",2023-07-01,6,7,1,0,14,1308,515
13420,"Bemidji, MN",2023-08-01,13,13,2,1,29,1337,528
13420,"Bemidji, MN",2023-09-01,24,7,4,0,35,1372,552
13420,"Bemidji, MN",2023-10-01,19,11,6,0,36,1408,571
13420,"Bemidji, MN",2023-11-01,11,11,1,1,24,1432,582
13420,"Bemidji, MN",2023-12-01,19,14,3,0,36,1468,601
13420,"Bemidji, MN",2024-01-01,15,12,2,0,29,1497,616
13420,"Bemidji, MN",2024-02-01,13,11,3,1,28,1525,629
13420,"Bemidji, MN",2024-03-01,20,10,3,0,33,1558,649
13420,"Bemidji, MN",2024-04-01,13,10,0,0,23,1581,662
13420,"Bemidji, MN",2024-05-01,9,6,1,0,16,1597,671
13420,"Bemidji, MN",2024-06-01,6,4,2,0,12,1609,677
13420,"Bemidji, MN",2024-07-01,5,5,2,0,12,1621,682
13420,"Bemidji, MN",2024-08-01,11,9,0,0,20,1641,693
13420,"Bemidji, MN",2024-09-01,15,13,5,0,33,1674,708
13420,"Bemidji, MN",2024-10-01,18,3,0,1,22,1696,726
13420,"Bemidji, MN",2024-11-01,31,10,1,0,42,1738,757
13420,"Bemidji, MN",2024-12-01,21,3,4,0,28,1766,778
13420,"Bemidji, MN",2025-01-01,26,11,3,0,40,1806,804
13420,"Bemidji, MN",2025-02-01,18,10,3,0,31,1837,822
13420,"Bemidji, MN",2025-03-01,32,8,1,0,41,1878,854
13420,"Bemidji, MN",2025-04-01,25,12,3,1,41,1919,879
13420,"Bemidji, MN",2025-05-01,13,6,5,0,24,1943,892
13420,"Bemidji, MN",2025-06-01,21,16,5,0,42,1985,913
13420,"Bemidji, MN",2025-07-01,31,8,5,0,44,2029,944
13420,"Bemidji, MN",2025-08-01,21,13,1,0,35,2064,965
19060,"Cumberland, MD-WV",2019-01-01,0,2,1,0,3,3,0
19060,"Cumberland, MD-WV",2019-02-01,0,2,0,0,2,5,0
19060,"Cumberland, MD-WV",2019-03-01,0,4,0,0,4,9,0
19060,"Cumberland, MD-WV",2019-04-01,2,8,2,0,12,21,2
19060,"Cumberland, MD-WV",2019-05-01,1,28,8,0,37,58,3
19060,"Cumberland, MD-WV",2019-06-01,2,23,2,0,27,85,5
19060,"Cumberland, MD-WV",2019-07-01,1,10,3,0,14,99,6
19060,"Cumberland, MD-WV",2019-08-01,3,11,4,1,19,118,9
19060,"Cumberland, MD-WV",2019-09-01,1,11,1,0,13,131,10
19060,"Cumberland, MD-WV",2019-10-01,1,11,0,0,12,143,11
19060,"Cumberland, MD-WV",2019-11-01,0,12,1,0,13,156,11
19060,"Cumberland, MD-WV",2019-12-01,1,7,2,1,11,167,12
19060,"Cumberland, MD-WV",2020-01-01,2,10,3,1,16,183,14
19060,"Cumberland, MD-WV",2020-02-01,1,12,3,0,16,199,15
19060,"Cumberland, MD-WV",2020-03-01,3,17,2,0,22,221,18
19060,"Cumberland, MD-WV",2020-04-01,6,24,8,2,40,261,24
19060,"Cumberland, MD-WV",2020-05-01,6,31,8,0,45,306,30
19060,"Cumberland, MD-WV",2020-06-01,9,18,7,0,34,340,39
19060,"Cumberland, MD-WV",2020-07-01,3,28,2,0,33,373,42
19060,"Cumberland, MD-WV",2020-08-01,8,37,8,0,53,426,50
19060,"Cumberland, MD-WV",2020-09-01,14,24,6,1,45,471,64
19060,"Cumberland, MD-WV",2020-10-01,8,23,6,0,37,508,72
19060,"Cumberland, MD-WV",2020-11-01,13,18,3,0,34,542,85
19060,"Cumberland, MD-WV",2020-12-01,9,23,9,0,41,583,94
19060,"Cumberland, MD-WV",2021-01-01,18,24,13,2,57,640,112
19060,"Cumberland, MD-WV",2021-02-01,12,29,6,0,47,687,124
19060,"Cumberland, MD-WV",2021-03-01,10,35,7,1,53,740,134
19060,"Cumberland, MD-WV",2021-04-01,15,28,11,2,56,796,149
19060,"Cumberland, MD-WV",2021-05-01,10,35,6,1,52,848,159
19060,"Cumberland, MD-WV",2021-06-01,9,38,11,0,58,906,168
19060,"Cumberland, MD-WV",2021-07-01,14,41,10,0,65,971,182
19060,"Cumberland, MD-WV",2021-08-01,13,29,8,1,51,1022,195
19060,"Cumberland, MD-WV",2021-09-01,14,32,7,1,54,1076,209
19060,"Cumberland, MD-WV",2021-10-01,15,22,8,1,46,1122,224
19060,"Cumberland, MD-WV",2021-11-01,15,15,8,1,39,1161,239
19060,"Cumberland, MD-WV",2021-12-01,10,37,4,0,51,1212,249
19060,"Cumberland, MD-WV",2022-01-01,17,34,14,3,68,1280,266
19060,"Cumberland, MD-WV",2022-02-01,9,18,6,0,33,1313,275
19060,"Cumberland, MD-WV",2022-03-01,6,20,12,2,40,1353,281
19060,"Cumberland, MD-WV",2022-04-01,11,45,10,2,68,1421,292
19060,"Cumberland, MD-WV",2022-05-01,6,31,12,0,49,1470,298
19060,"Cumberland, MD-WV",2022-06-01,5,18,6,1,30,1500,303
19060,"Cumberland, MD-WV",2022-07-01,1,19,8,1,29,1529,304
19060,"Cumberland, MD-WV",2022-08-01,9,26,9,0,44,1573,313
19060,"Cumberland, MD-WV",2022-09-01,8,18,10,2,38,1611,321
19060,"Cumberland, MD-WV",2022-10-01,14,21,5,0,40,1651,335
19060,"Cumberland, MD-WV",2022-11-01,11,25,7,1,44,1695,346
19060,"Cumberland, MD-WV",2022-12-01,5,18,7,1,31,1726,351
19060,"Cumberland, MD-WV",2023-01-01,6,27,7,0,40,1766,357
19060,"Cumberland, MD-WV",2023-02-01,19,14,3,0,36,1802,376
19060,"Cumberland, MD-WV",2023-03-01,18,30,2,1,51,1853,394
19060,"Cumberland, MD-WV",2023-04-01,9,28,4,0,41,1894,403
19060,"Cumberland, MD-WV",2023-05-01,7,21,4,0,32,1926,410
19060,"Cumberland, MD-WV",2023-06-01,11,13,7,0,31,1957,421
19060,"Cumberland, MD-WV",2023-07-01,7,16,4,1,28,1985,428
19060,"Cumberland, MD-WV",2023-08-01,10,12,2,0,24,2009,438
19060,"Cumberland, MD-WV",2023-09-01,6,18,4,0,28,2037,444
19060,"Cumberland, MD-WV",2023-10-01,17,16,10,1,44,2081,461
19060,"Cumberland, MD-WV",2023-11-01,14,24,5,0,43,2124,475
19060,"Cumberland, MD-WV",2023-12-01,20,17,5,2,44,2168,495
19060,"Cumberland, MD-WV",2024-01-01,23,21,5,1,50,2218,518
19060,"Cumberland, MD-WV",2024-02-01,18,20,9,0,47,2265,536
19060,"Cumberland, MD-WV",2024-03-01,24,28,9,2,63,2328,560
19060,"Cumberland, MD-WV",2024-04-01,12,22,6,0,40,2368,572
19060,"Cumberland, MD-WV",2024-05-01,14,17,3,1,35,2403,586
19060,"Cumberland, MD-WV",2024-06-01,8,18,7,0,33,2436,594
19060,"Cumberland, MD-WV",2024-07-01,9,6,0,0,15,2451,603
19060,"Cumberland, MD-WV",2024-08-01,16,20,8,0,44,2495,619
19060,"Cumberland, MD-WV",2024-09-01,35,29,11,3,78,2573,654
19060,"Cumberland, MD-WV",2024-10-01,36,40,12,3,91,2664,690
19060,"Cumberland, MD-WV",2024-11-01,32,32,9,1,74,2738,722
19060,"Cumberland, MD-WV",2024-12-01,27,31,7,2,67,2805,749
19060,"Cumberland, MD-WV",2025-01-01,23,36,12,0,71,2876,772
19060,"Cumberland, MD-WV",2025-02-01,42,30,6,1,79,2955,814
19060,"Cumberland, MD-WV",2025-03-01,29,32,6,2,69,3024,843
19060,"Cumberland, MD-WV",2025-04-01,32,29,8,1,70,3094,875
19060,"Cumberland, MD-WV",2025-05-01,24,23,8,1,56,3150,899
19060,"Cumberland, MD-WV",2025-06-01,9,18,5,0,32,3182,908
19060,"Cumberland, MD-WV",2025-07-01,15,12,2,1,30,3212,923
19060,"Cumberland, MD-WV",2025-08-01,12,11,7,0,30,3242,935
34620,"Muncie, IN",2019-01-01,1,19,5,0,25,25,1
34620,"Muncie, IN",2019-02-01,0,26,7,0,33,58,1
34620,"Muncie, IN",2019-03-01,2,31,13,0,46,104,3
34620,"Muncie, IN",2019-04-01,3,36,10,1,50,154,6
34620,"Muncie, IN",2019-05-01,2,41,13,1,57,211,8
34620,"Muncie, IN",2019-06-01,4,44,11,0,59,270,12
34620,"Muncie, IN",2019-07-01,2,36,7,1,46,316,14
34620,"Muncie, IN",2019-08-01,0,30,10,1,41,357,14
34620,"Muncie, IN",2019-09-01,4,60,9,1,74,431,18
34620,"Muncie, IN",2019-10-01,2,37,8,1,48,479,20
34620,"Muncie, IN",2019-11-01,11,46,11,1,69,548,31
34620,"Muncie, IN",2019-12-01,5,44,4,0,53,601,36
34620,"Muncie, IN",2020-01-01,9,42,11,1,63,664,45
34620,"Muncie, IN",2020-02-01,8,52,8,0,68,732,53
34620,"Muncie, IN",2020-03-01,12,44,5,0,61,793,65
34620,"Muncie, IN",2020-04-01,54,109,25,1,189,982,119
34620,"Muncie, IN",2020-05-01,75,154,14,3,246,1228,194
34620,"Muncie, IN",2020-06-01,35,91,5,2,133,1361,229
34620,"Muncie, IN",2020-07-01,50,101,9,0,160,1521,279
34620,"Muncie, IN",2020-08-01,56,140,19,2,217,1738,335
34620,"Muncie, IN",2020-09-01,63,121,12,2,198,1936,398
34620,"Muncie, IN",2020-10-01,64,121,17,0,202,2138,462
34620,"Muncie, IN",2020-11-01,38,70,8,2,118,2256,500
34620,"Muncie, IN",2020-12-01,70,75,12,0,157,2413,570
34620,"Muncie, IN",2021-01-01,87,106,20,2,215,2628,657
34620,"Muncie, IN",2021-02-01,86,120,24,3,233,2861,743
34620,"Muncie, IN",2021-03-01,115,167,25,5,312,3173,858
34620,"Muncie, IN",2021-04-01,97,173,30,3,303,3476,955
34620,"Muncie, IN",2021-05-01,76,85,26,0,187,3663,1031
34620,"Muncie, IN",2021-06-01,53,83,18,0,154,3817,1084
34620,"Muncie, IN",2021-07-01,66,100,18,3,187,4004,1150
34620,"Muncie, IN",2021-08-01,75,114,18,1,208,4212,1225
34620,"Muncie, IN",2021-09-01,63,111,25,4,203,4415,1288
34620,"Muncie, IN",2021-10-01,36,68,21,3,128,4543,1324
34620,"Muncie, IN",2021-11-01,44,71,20,2,137,4680,1368
34620,"Muncie, IN",2021-12-01,68,99,31,4,202,4882,1436
34620,"Muncie, IN",2022-01-01,86,150,29,3,268,5150,1522
34620,"Muncie, IN",2022-02-01,102,129,20,2,253,5403,1624
34620,"Muncie, IN",2022-03-01,80,96,21,7,204,5607,1704
34620,"Muncie, IN",2022-04-01,50,75,24,0,149,5756,1754
34620,"Muncie, IN",2022-05-01,76,90,27,1,194,5950,1830
34620,"Muncie, IN",2022-06-01,39,55,24,0,118,6068,1869
34620,"Muncie, IN",2022-07-01,47,73,23,2,145,6213,1916
34620,"Muncie, IN",2022-08-01,62,78,23,0,163,6376,1978
34620,"Muncie, IN",2022-09-01,112,107,27,2,248,6624,2090
34620,"Muncie, IN",2022-10-01,71,84,22,5,182,6806,2161
34620,"Muncie, IN",2022-11-01,92,80,26,2,200,7006,2253
34620,"Muncie, IN",2022-12-01,87,95,31,1,214,7220,2340
34620,"Muncie, IN",2023-01-01,74,88,29,3,194,7414,2414
34620,"Muncie, IN",2023-02-01,81,79,21,1,182,7596,2495
34620,"Muncie, IN",2023-03-01,142,103,39,4,288,7884,2637
34620,"Muncie, IN",2023-04-01,50,63,10,0,123,8007,2687
34620,"Muncie, IN",2023-05-01,50,57,19,1,127,8134,2737
34620,"Muncie, IN",2023-06-01,36,52,14,1,103,8237,2773
34620,"Muncie, IN",2023-07-01,37,47,18,4,106,8343,2810
34620,"Muncie, IN",2023-08-01,34,32,10,0,76,8419,2844
34620,"Muncie, IN",2023-09-01,70,55,12,0,137,8556,2914
34620,"Muncie, IN",2023-10-01,94,67,21,0,182,8738,3008
34620,"Muncie, IN",2023-11-01,136,76,23,2,237,8975,3144
34620,"Muncie, IN",2023-12-01,119,75,24,2,220,9195,3263
34620,"Muncie, IN",2024-01-01,112,75,19,4,210,9405,3375
34620,"Muncie, IN",2024-02-01,116,56,20,2,194,9599,3491
34620,"Muncie, IN",2024-03-01,98,65,25,1,189,9788,3589
34620,"Muncie, IN",2024-04-01,100,72,19,4,195,9983,3689
34620,"Muncie, IN",2024-05-01,72,64,24,2,162,10145,3761
34620,"Muncie, IN",2024-06-01,46,23,8,1,78,10223,3807
34620,"Muncie, IN",2024-07-01,30,28,7,0,65,10288,3837
34620,"Muncie, IN",2024-08-01,33,32,10,2,77,10365,3870
34620,"Muncie, IN",2024-09-01,77,47,16,0,140,10505,3947
34620,"Muncie, IN",2024-10-01,151,101,25,3,280,10785,4098
34620,"Muncie, IN",2024-11-01,114,72,26,1,213,10998,4212
34620,"Muncie, IN",2024-12-01,133,83,31,3,250,11248,4345
34620,"Muncie, IN",2025-01-01,117,61,32,5,215,11463,4462
34620,"Muncie, IN",2025-02-01,136,61,22,0,219,11682,4598
34620,"Muncie, IN",2025-03-01,115,80,24,2,221,11903,4713
34620,"Muncie, IN",2025-04-01,105,70,17,3,195,12098,4818
34620,"Muncie, IN",2025-05-01,90,65,17,3,175,12273,4908
34620,"Muncie, IN",2025-06-01,53,55,11,2,121,12394,4961
34620,"Muncie, IN",2025-07-01,76,53,11,2,142,12536,5037
34620,"Muncie, IN",2025-08-01,69,50,16,3,138,12674,5106
34620,"Muncie, IN",2025-09-01,3,1,0,0,4,12678,5109
44620,"Stevens Point-Plover, WI",2019-02-01,1,1,0,0,2,2,1
44620,"Stevens Point-Plover, WI",2019-03-01,0,2,0,0,2,4,1
44620,"Stevens Point-Plover, WI",2019-04-01,0,6,2,0,8,12,1
44620,"Stevens Point-Plover, WI",2019-05-01,0,21,4,1,26,38,1
44620,"Stevens Point-Plover, WI",2019-06-01,0,12,0,0,12,50,1
44620,"Stevens Point-Plover, WI",2019-07-01,0,19,3,1,23,73,1
44620,"Stevens Point-Plover, WI",2019-08-01,1,12,2,0,15,88,2
44620,"Stevens Point-Plover, WI",2019-09-01,3,19,2,0,24,112,5
44620,"Stevens Point-Plover, WI",2019-10-01,4,20,5,0,29,141,9
44620,"Stevens Point-Plover, WI",2019-11-01,0,17,2,0,19,160,9
44620,"Stevens Point-Plover, WI",2019-12-01,4,11,3,0,18,178,13
44620,"Stevens Point-Plover, WI",2020-01-01,2,23,2,0,27,205,15
44620,"Stevens Point-Plover, WI",2020-02-01,3,18,3,1,25,230,18
44620,"Stevens Point-Plover, WI",2020-03-01,2,28,6,0,36,266,20
44620,"Stevens Point-Plover, WI",2020-04-01,9,42,8,0,59,325,29
44620,"Stevens Point-Plover, WI",2020-05-01,12,31,4,0,47,372,41
44620,"Stevens Point-Plover, WI",2020-06-01,13,36,2,0,51,423,54
44620,"Stevens Point-Plover, WI",2020-07-01,16,22,6,0,44,467,70
44620,"Stevens Point-Plover, WI",2020-08-01,14,44,2,0,60,527,84
44620,"Stevens Point-Plover, WI",2020-09-01,16,49,6,0,71,598,100
44620,"Stevens Point-Plover, WI",2020-10-01,16,36,4,1,57,655,116
44620,"Stevens Point-Plover, WI",2020-11-01,16,34,7,1,58,713,132
44620,"Stevens Point-Plover, WI",2020-12-01,20,34,4,0,58,771,152
44620,"Stevens Point-Plover, WI",2021-01-01,29,52,3,0,84,855,181
44620,"Stevens Point-Plover, WI",2021-02-01,26,34,3,0,63,918,207
44620,"Stevens Point-Plover, WI",2021-03-01,35,43,6,0,84,1002,242
44620,"Stevens Point-Plover, WI",2021-04-01,28,46,4,0,78,1080,270
44620,"Stevens Point-Plover, WI",2021-05-01,33,55,6,1,95,1175,303
44620,"Stevens Point-Plover, WI",2021-06-01,26,44,6,1,77,1252,329
44620,"Stevens Point-Plover, WI",2021-07-01,18,35,3,0,56,1308,347
44620,"Stevens Point-Plover, WI",2021-08-01,22,36,7,0,65,1373,369
44620,"Stevens Point-Plover, WI",2021-09-01,18,26,5,1,50,1423,387
44620,"Stevens Point-Plover, WI",2021-10-01,28,26,8,1,63,1486,415
44620,"Stevens Point-Plover, WI",2021-11-01,28,25,7,0,60,1546,443
44620,"Stevens Point-Plover, WI",2021-12-01,37,29,7,1,74,1620,480
44620,"Stevens Point-Plover, WI",2022-01-01,43,49,9,0,101,1721,523
44620,"Stevens Point-Plover, WI",2022-02-01,32,36,7,1,76,1797,555
44620,"Stevens Point-Plover, WI",2022-03-01,35,34,9,1,79,1876,590
44620,"Stevens Point-Plover, WI",2022-04-01,27,38,4,3,72,1948,617
44620,"Stevens Point-Plover, WI",2022-05-01,34,18,13,0,65,2013,651
44620,"Stevens Point-Plover, WI",2022-06-01,23,30,10,1,64,2077,674
44620,"Stevens Point-Plover, WI",2022-07-01,20,35,9,1,65,2142,694
44620,"Stevens Point-Plover, WI",2022-08-01,37,36,10,1,84,2226,731
44620,"Stevens Point-Plover, WI",2022-09-01,30,26,9,0,65,2291,761
44620,"Stevens Point-Plover, WI",2022-10-01,25,35,3,1,64,2355,786
44620,"Stevens Point-Plover, WI",2022-11-01,43,30,5,0,78,2433,829
44620,"Stevens Point-Plover, WI",2022-12-01,35,28,8,3,74,2507,864
44620,"Stevens Point-Plover, WI",2023-01-01,42,35,9,0,86,2593,906
44620,"Stevens Point-Plover, WI",2023-02-01,25,27,12,2,66,2659,931
44620,"Stevens Point-Plover, WI",2023-03-01,39,38,12,0,89,2748,970
44620,"Stevens Point-Plover, WI",2023-04-01,44,28,14,2,88,2836,1014
44620,"Stevens Point-Plover, WI",2023-05-01,21,28,4,1,54,2890,1035
44620,"Stevens Point-Plover, WI",2023-06-01,21,18,15,0,54,2944,1056
44620,"Stevens Point-Plover, WI",2023-07-01,14,27,4,2,47,2991,1070
44620,"Stevens Point-Plover, WI",2023-08-01,25,18,5,1,49,3040,1095
44620,"Stevens Point-Plover, WI",2023-09-01,36,31,6,2,75,3115,1131
44620,"Stevens Point-Plover, WI",2023-10-01,31,26,9,2,68,3183,1162
44620,"Stevens Point-Plover, WI",2023-11-01,32,28,7,3,70,3253,1194
44620,"Stevens Point-Plover, WI",2023-12-01,31,33,10,1,75,3328,1225
44620,"Stevens Point-Plover, WI",2024-01-01,47,34,9,0,90,3418,1272
44620,"Stevens Point-Plover, WI",2024-02-01,44,19,11,0,74,3492,1316
44620,"Stevens Point-Plover, WI",2024-03-01,45,22,12,2,81,3573,1361
44620,"Stevens Point-Plover, WI",2024-04-01,38,23,12,2,75,3648,1399
44620,"Stevens Point-Plover, WI",2024-05-01,25,25,4,1,55,3703,1424
44620,"Stevens Point-Plover, WI",2024-06-01,23,19,6,0,48,3751,1447
44620,"Stevens Point-Plover, WI",2024-07-01,21,16,4,0,41,3792,1468
44620,"Stevens Point-Plover, WI",2024-08-01,18,13,3,0,34,3826,1486
44620,"Stevens Point-Plover, WI",2024-09-01,27,28,7,0,62,3888,1513
44620,"Stevens Point-Plover, WI",2024-10-01,46,33,5,3,87,3975,1559
44620,"Stevens Point-Plover, WI",2024-11-01,37,35,12,0,84,4059,1596
44620,"Stevens Point-Plover, WI",2024-12-01,42,35,9,1,87,4146,1638
44620,"Stevens Point-Plover, WI",2025-01-01,40,30,6,0,76,4222,1678
44620,"Stevens Point-Plover, WI",2025-02-01,44,22,12,1,79,4301,1722
44620,"Stevens Point-Plover, WI",2025-03-01,40,32,13,1,86,4387,1762
44620,"Stevens Point-Plover, WI",2025-04-01,43,26,5,1,75,4462,1805
44620,"Stevens Point-Plover, WI",2025-05-01,39,32,5,0,76,4538,1844
44620,"Stevens Point-Plover, WI",2025-06-01,36,33,5,0,74,4612,1880
44620,"Stevens Point-Plover, WI",2025-07-01,30,21,11,0,62,4674,1910
44620,"Stevens Point-Plover, WI",2025-08-01,23,14,4,1,42,4716,1933
44620,"Stevens Point-Plover, WI",2025-09-01,0,1,0,0,1,4717,1933
15900,"Canton, IL",2019-02-01,1,0,0,0,1,1,1
15900,"Canton, IL",2019-03-01,0,0,1,0,1,2,1
15900,"Canton, IL",2019-04-01,0,0,1,0,1,3,1
15900,"Canton, IL",2019-05-01,0,1,0,0,1,4,1
15900,"Canton, IL",2019-07-01,0,1,0,0,1,5,1
15900,"Canton, IL",2019-09-01,0,1,2,0,3,8,1
15900,"Canton, IL",2019-10-01,0,2,0,0,2,10,1
15900,"Canton, IL",2020-01-01,0,2,0,0,2,12,1
15900,"Canton, IL",2020-02-01,0,1,1,0,2,14,1
15900,"Canton, IL",2020-03-01,0,2,0,0,2,16,1
15900,"Canton, IL",2020-04-01,1,3,1,0,5,21,2
15900,"Canton, IL",2020-05-01,1,3,1,0,5,26,3
15900,"Canton, IL",2020-06-01,0,1,1,0,2,28,3
15900,"Canton, IL",2020-07-01,0,0,2,0,2,30,3
15900,"Canton, IL",2020-08-01,1,4,2,0,7,37,4
15900,"Canton, IL",2020-09-01,1,4,1,0,6,43,5
15900,"Canton, IL",2020-10-01,0,0,2,0,2,45,5
15900,"Canton, IL",2020-11-01,0,5,0,0,5,50,5
15900,"Canton, IL",2020-12-01,0,1,1,0,2,52,5
15900,"Canton, IL",2021-01-01,0,14,5,0,19,71,5
15900,"Canton, IL",2021-02-01,8,18,3,1,30,101,13
15900,"Canton, IL",2021-03-01,5,7,3,2,17,118,18
15900,"Canton, IL",2021-04-01,3,10,4,1,18,136,21
15900,"Canton, IL",2021-05-01,0,7,2,0,9,145,21
15900,"Canton, IL",2021-06-01,1,6,0,0,7,152,22
15900,"Canton, IL",2021-07-01,0,5,0,0,5,157,22
15900,"Canton, IL",2021-08-01,2,8,6,0,16,173,24
15900,"Canton, IL",2021-09-01,2,6,1,1,10,183,26
15900,"Canton, IL",2021-10-01,0,2,1,0,3,186,26
15900,"Canton, IL",2021-11-01,1,5,0,0,6,192,27
15900,"Canton, IL",2021-12-01,4,7,4,0,15,207,31
15900,"Canton, IL",2022-01-01,4,17,3,0,24,231,35
15900,"Canton, IL",2022-02-01,4,15,1,1,21,252,39
15900,"Canton, IL",2022-03-01,6,6,7,0,19,271,45
15900,"Canton, IL",2022-04-01,4,7,2,0,13,284,49
15900,"Canton, IL",2022-05-01,0,7,0,0,7,291,49
15900,"Canton, IL",2022-06-01,0,3,3,0,6,297,49
15900,"Canton, IL",2022-07-01,0,3,1,0,4,301,49
15900,"Canton, IL",2022-08-01,3,6,3,1,13,314,52
15900,"Canton, IL",2022-09-01,3,10,2,0,15,329,55
15900,"Canton, IL",2022-10-01,0,9,2,0,11,340,55
15900,"Canton, IL",2022-11-01,5,0,1,1,7,347,60
15900,"Canton, IL",2022-12-01,0,9,1,0,10,357,60
15900,"Canton, IL",2023-01-01,2,11,7,1,21,378,62
15900,"Canton, IL",2023-02-01,4,9,1,0,14,392,66
15900,"Canton, IL",2023-03-01,8,15,7,0,30,422,74
15900,"Canton, IL",2023-04-01,3,10,2,0,15,437,77
15900,"Canton, IL",2023-05-01,3,5,0,0,8,445,80
15900,"Canton, IL",2023-06-01,1,9,3,0,13,458,81
15900,"Canton, IL",2023-07-01,2,5,1,0,8,466,83
15900,"Canton, IL",2023-08-01,3,3,0,0,6,472,86
15900,"Canton, IL",2023-09-01,6,10,3,0,19,491,92
15900,"Canton, IL",2023-10-01,3,10,2,0,15,506,95
15900,"Canton, IL",2023-11-01,6,14,1,0,21,527,101
15900,"Canton, IL",2023-12-01,3,8,2,0,13,540,104
15900,"Canton, IL",2024-01-01,9,3,1,0,13,553,113
15900,"Canton, IL",2024-02-01,9,8,2,1,20,573,122
15900,"Canton, IL",2024-03-01,6,7,3,0,16,589,128
15900,"Canton, IL",2024-04-01,4,10,3,0,17,606,132
15900,"Canton, IL",2024-05-01,2,17,2,0,21,627,134
15900,"Canton, IL",2024-06-01,4,5,2,0,11,638,138
15900,"Canton, IL",2024-07-01,3,3,0,0,6,644,141
15900,"Canton, IL",2024-08-01,0,2,1,0,3,647,141
15900,"Canton, IL",2024-09-01,4,5,1,0,10,657,145
15900,"Canton, IL",2024-10-01,7,5,1,1,14,671,152
15900,"Canton, IL",2024-11-01,5,6,2,0,13,684,157
15900,"Canton, IL",2024-12-01,4,12,1,1,18,702,161
15900,"Canton, IL",2025-01-01,5,8,2,0,15,717,166
15900,"Canton, IL",2025-02-01,4,6,6,0,16,733,170
15900,"Canton, IL",2025-03-01,6,8,3,1,18,751,176
15900,"Canton, IL",2025-04-01,7,9,2,0,18,769,183
15900,"Canton, IL",2025-05-01,13,6,2,0,21,790,196
15900,"Canton, IL",2025-06-01,2,5,1,1,9,799,198
15900,"Canton, IL",2025-07-01,5,3,2,0,10,809,203
15900,"Canton, IL",2025-08-01,0,5,3,0,8,817,203
11220,"Amsterdam, NY",2019-01-01,0,1,1,0,2,2,0
11220,"Amsterdam, NY",2019-02-01,0,4,0,0,4,6,0
11220,"Amsterdam, NY",2019-03-01,0,1,1,0,2,8,0
11220,"Amsterdam, NY",2019-04-01,2,2,0,0,4,12,2
11220,"Amsterdam, NY",2019-05-01,0,4,2,0,6,18,2
11220,"Amsterdam, NY",2019-06-01,0,1,1,0,2,20,2
11220,"Amsterdam, NY",2019-07-01,0,3,0,1,4,24,2
11220,"Amsterdam, NY",2019-08-01,1,2,1,0,4,28,3
11220,"Amsterdam, NY",2019-09-01,0,5,2,0,7,35,3
11220,"Amsterdam, NY",2019-10-01,1,3,1,0,5,40,4
11220,"Amsterdam, NY",2019-11-01,0,7,0,0,7,47,4
11220,"Amsterdam, NY",2019-12-01,0,7,1,0,8,55,4
11220,"Amsterdam, NY",2020-01-01,0,3,1,0,4,59,4
11220,"Amsterdam, NY",2020-02-01,0,6,1,0,7,66,4
11220,"Amsterdam, NY",2020-03-01,0,3,2,0,5,71,4
11220,"Amsterdam, NY",2020-04-01,2,13,1,0,16,87,6
11220,"Amsterdam, NY",2020-05-01,2,7,1,0,10,97,8
11220,"Amsterdam, NY",2020-06-01,3,14,1,0,18,115,11
11220,"Amsterdam, NY",2020-07-01,3,12,4,0,19,134,14
11220,"Amsterdam, NY",2020-08-01,2,29,3,0,34,168,16
11220,"Amsterdam, NY",2020-09-01,1,21,5,1,28,196,17
11220,"Amsterdam, NY",2020-10-01,5,31,6,0,42,238,22
11220,"Amsterdam, NY",2020-11-01,4,26,5,0,35,273,26
11220,"Amsterdam, NY",2020-12-01,12,27,5,1,45,318,38
11220,"Amsterdam, NY",2021-01-01,14,36,7,1,58,376,52
11220,"Amsterdam, NY",2021-02-01,14,45,9,1,69,445,66
11220,"Amsterdam, NY",2021-03-01,17,43,14,0,74,519,83
11220,"Amsterdam, NY",2021-04-01,6,31,13,0,50,569,89
11220,"Amsterdam, NY",2021-05-01,11,68,15,1,95,664,100
11220,"Amsterdam, NY",2021-06-01,16,54,15,1,86,750,116
11220,"Amsterdam, NY",2021-07-01,22,71,21,3,117,867,138
11220,"Amsterdam, NY",2021-08-01,19,44,19,1,83,950,157
11220,"Amsterdam, NY",2021-09-01,10,73,13,0,96,1046,167
11220,"Amsterdam, NY",2021-10-01,14,54,13,2,83,1129,181
11220,"Amsterdam, NY",2021-11-01,10,33,11,0,54,1183,191
11220,"Amsterdam, NY",2021-12-01,15,55,12,2,84,1267,206
11220,"Amsterdam, NY",2022-01-01,24,70,11,0,105,1372,230
11220,"Amsterdam, NY",2022-02-01,22,49,15,1,87,1459,252
11220,"Amsterdam, NY",2022-03-01,13,59,17,0,89,1548,265
11220,"Amsterdam, NY",2022-04-01,23,63,8,2,96,1644,288
11220,"Amsterdam, NY",2022-05-01,18,59,6,2,85,1729,306
11220,"Amsterdam, NY",2022-06-01,17,33,9,0,59,1788,323
11220,"Amsterdam, NY",2022-07-01,11,38,10,0,59,1847,334
11220,"Amsterdam, NY",2022-08-01,20,48,12,0,80,1927,354
11220,"Amsterdam, NY",2022-09-01,15,40,16,3,74,2001,369
11220,"Amsterdam, NY",2022-10-01,23,53,14,2,92,2093,392
11220,"Amsterdam, NY",2022-11-01,25,40,15,1,81,2174,417
11220,"Amsterdam, NY",2022-12-01,19,38,15,0,72,2246,436
11220,"Amsterdam, NY",2023-01-01,14,42,14,1,71,2317,450
11220,"Amsterdam, NY",2023-02-01,19,43,12,0,74,2391,469
11220,"Amsterdam, NY",2023-03-01,32,45,21,0,98,2489,501
11220,"Amsterdam, NY",2023-04-01,22,38,9,2,71,2560,523
11220,"Amsterdam, NY",2023-05-01,11,26,11,2,50,2610,534
11220,"Amsterdam, NY",2023-06-01,21,34,5,2,62,2672,555
11220,"Amsterdam, NY",2023-07-01,23,41,11,0,75,2747,578
11220,"Amsterdam, NY",2023-08-01,6,16,5,0,27,2774,584
11220,"Amsterdam, NY",2023-09-01,8,19,4,1,32,2806,592
11220,"Amsterdam, NY",2023-10-01,14,42,15,0,71,2877,606
11220,"Amsterdam, NY",2023-11-01,19,45,6,1,71,2948,625
11220,"Amsterdam, NY",2023-12-01,20,31,11,1,63,3011,645
11220,"Amsterdam, NY",2024-01-01,21,38,20,1,80,3091,666
11220,"Amsterdam, NY",2024-02-01,22,37,5,0,64,3155,688
11220,"Amsterdam, NY",2024-03-01,22,46,15,2,85,3240,710
11220,"Amsterdam, NY",2024-04-01,16,32,16,0,64,3304,726
11220,"Amsterdam, NY",2024-05-01,18,25,14,1,58,3362,744
11220,"Amsterdam, NY",2024-06-01,23,30,10,0,63,3425,767
11220,"Amsterdam, NY",2024-07-01,8,30,10,0,48,3473,775
11220,"Amsterdam, NY",2024-08-01,21,47,11,2,81,3554,796
11220,"Amsterdam, NY",2024-09-01,16,28,12,0,56,3610,812
11220,"Amsterdam, NY",2024-10-01,43,39,14,1,97,3707,855
11220,"Amsterdam, NY",2024-11-01,28,37,14,1,80,3787,883
11220,"Amsterdam, NY",2024-12-01,32,41,8,0,81,3868,915
11220,"Amsterdam, NY",2025-01-01,40,42,14,4,100,3968,955
11220,"Amsterdam, NY",2025-02-01,26,30,10,2,68,4036,981
11220,"Amsterdam, NY",2025-03-01,24,45,12,0,81,4117,1005
11220,"Amsterdam, NY",2025-04-01,19,44,13,1,77,4194,1024
11220,"Amsterdam, NY",2025-05-01,40,39,9,1,89,4283,1064
11220,"Amsterdam, NY",2025-06-01,26,38,10,2,76,4359,1090
11220,"Amsterdam, NY",2025-07-01,23,41,5,0,69,4428,1113
11220,"Amsterdam, NY",2025-08-01,15,26,6,2,49,4477,1128
11220,"Amsterdam, NY",2025-09-01,1,0,1,0,2,4479,1129
18580,"Corpus Christi, TX",2019-01-01,2,41,9,1,53,53,2
18580,"Corpus Christi, TX",2019-02-01,0,32,13,3,48,101,2
18580,"Corpus Christi, TX",2019-03-01,1,48,11,0,60,161,3
18580,"Corpus Christi, TX",2019-04-01,3,65,13,1,82,243,6
18580,"Corpus Christi, TX",2019-05-01,3,60,20,0,83,326,9
18580,"Corpus Christi, TX",2019-06-01,2,60,14,1,77,403,11
18580,"Corpus Christi, TX",2019-07-01,3,38,10,2,53,456,14
18580,"Corpus Christi, TX",2019-08-01,2,55,22,2,81,537,16
18580,"Corpus Christi, TX",2019-09-01,7,61,12,1,81,618,23
18580,"Corpus Christi, TX",2019-10-01,6,42,12,1,61,679,29
18580,"Corpus Christi, TX",2019-11-01,6,44,8,1,59,738,35
18580,"Corpus Christi, TX",2019-12-01,7,53,8,1,69,807,42
18580,"Corpus Christi, TX",2020-01-01,4,48,7,0,59,866,46
18580,"Corpus Christi, TX",2020-02-01,8,52,14,0,74,940,54
18580,"Corpus Christi, TX",2020-03-01,6,48,14,4,72,1012,60
18580,"Corpus Christi, TX",2020-04-01,35,184,51,4,274,1286,95
18580,"Corpus Christi, TX",2020-05-01,79,227,50,5,361,1647,174
18580,"Corpus Christi, TX",2020-06-01,43,148,27,2,220,1867,217
18580,"Corpus Christi, TX",2020-07-01,60,251,59,2,372,2239,277
18580,"Corpus Christi, TX",2020-08-01,72,262,55,2,391,2630,349
18580,"Corpus Christi, TX",2020-09-01,65,244,46,2,357,2987,414
18580,"Corpus Christi, TX",2020-10-01,53,159,35,1,248,3235,467
18580,"Corpus Christi, TX",2020-11-01,18,57,10,0,85,3320,485
18580,"Corpus Christi, TX",2020-12-01,34,105,17,0,156,3476,519
18580,"Corpus Christi, TX",2021-01-01,84,241,43,5,373,3849,603
18580,"Corpus Christi, TX",2021-02-01,49,161,32,0,242,4091,652
18580,"Corpus Christi, TX",2021-03-01,117,262,59,0,438,4529,769
18580,"Corpus Christi, TX",2021-04-01,113,260,68,5,446,4975,882
18580,"Corpus Christi, TX",2021-05-01,93,232,51,7,383,5358,975
18580,"Corpus Christi, TX",2021-06-01,40,154,21,2,217,5575,1015
18580,"Corpus Christi, TX",2021-07-01,23,105,25,4,157,5732,1038
18580,"Corpus Christi, TX",2021-08-01,54,171,25,7,257,5989,1092
18580,"Corpus Christi, TX",2021-09-01,68,187,41,4,300,6289,1160
18580,"Corpus Christi, TX",2021-10-01,21,75,13,3,112,6401,1181
18580,"Corpus Christi, TX",2021-11-01,39,88,26,3,156,6557,1220
18580,"Corpus Christi, TX",2021-12-01,36,132,28,3,199,6756,1256
18580,"Corpus Christi, TX",2022-01-01,86,183,34,4,307,7063,1342
18580,"Corpus Christi, TX",2022-02-01,39,122,33,3,197,7260,1381
18580,"Corpus Christi, TX",2022-03-01,103,202,57,2,364,7624,1484
18580,"Corpus Christi, TX",2022-04-01,51,147,42,3,243,7867,1535
18580,"Corpus Christi, TX",2022-05-01,72,190,24,8,294,8161,1607
18580,"Corpus Christi, TX",2022-06-01,52,90,19,2,163,8324,1659
18580,"Corpus Christi, TX",2022-07-01,59,93,24,0,176,8500,1718
18580,"Corpus Christi, TX",2022-08-01,109,243,58,6,416,8916,1827
18580,"Corpus Christi, TX",2022-09-01,131,266,86,3,486,9402,1958
18580,"Corpus Christi, TX",2022-10-01,67,122,34,1,224,9626,2025
18580,"Corpus Christi, TX",2022-11-01,102,176,58,5,341,9967,2127
18580,"Corpus Christi, TX",2022-12-01,99,218,42,5,364,10331,2226
18580,"Corpus Christi, TX",2023-01-01,93,146,50,3,292,10623,2319
18580,"Corpus Christi, TX",2023-02-01,111,133,31,5,280,10903,2430
18580,"Corpus Christi, TX",2023-03-01,150,299,72,6,527,11430,2580
18580,"Corpus Christi, TX",2023-04-01,102,180,57,3,342,11772,2682
18580,"Corpus Christi, TX",2023-05-01,69,99,26,1,195,11967,2751
18580,"Corpus Christi, TX",2023-06-01,53,83,15,0,151,12118,2804
18580,"Corpus Christi, TX",2023-07-01,39,72,19,1,131,12249,2843
18580,"Corpus Christi, TX",2023-08-01,43,88,34,0,165,12414,2886
18580,"Corpus Christi, TX",2023-09-01,58,127,41,4,230,12644,2944
18580,"Corpus Christi, TX",2023-10-01,67,90,32,3,192,12836,3011
18580,"Corpus Christi, TX",2023-11-01,184,217,83,7,491,13327,3195
18580,"Corpus Christi, TX",2023-12-01,163,219,61,2,445,13772,3358
18580,"Corpus Christi, TX",2024-01-01,202,239,52,4,497,14269,3560
18580,"Corpus Christi, TX",2024-02-01,171,164,55,8,398,14667,3731
18580,"Corpus Christi, TX",2024-03-01,150,191,59,6,406,15073,3881
18580,"Corpus Christi, TX",2024-04-01,162,225,69,3,459,15532,4043
18580,"Corpus Christi, TX",2024-05-01,161,208,48,6,423,15955,4204
18580,"Corpus Christi, TX",2024-06-01,94,175,41,1,311,16266,4298
18580,"Corpus Christi, TX",2024-07-01,49,75,19,1,144,16410,4347
18580,"Corpus Christi, TX",2024-08-01,33,66,16,3,118,16528,4380
18580,"Corpus Christi, TX",2024-09-01,107,170,47,2,326,16854,4487
18580,"Corpus Christi, TX",2024-10-01,189,297,81,9,576,17430,4676
18580,"Corpus Christi, TX",2024-11-01,177,251,77,6,511,17941,4853
18580,"Corpus Christi, TX",2024-12-01,197,231,60,6,494,18435,5050
18580,"Corpus Christi, TX",2025-01-01,170,204,81,7,462,18897,5220
18580,"Corpus Christi, TX",2025-02-01,146,178,58,5,387,19284,5366
18580,"Corpus Christi, TX",2025-03-01,197,206,51,3,457,19741,5563
18580,"Corpus Christi, TX",2025-04-01,219,214,51,11,495,20236,5782
18580,"Corpus Christi, TX",2025-05-01,192,298,77,4,571,20807,5974
18580,"Corpus Christi, TX",2025-06-01,221,305,67,4,597,21404,6195
18580,"Corpus Christi, TX",2025-07-01,161,254,82,6,503,21907,6356
18580,"Corpus Christi, TX",2025-08-01,164,224,77,7,472,22379,6520
18580,"Corpus Christi, TX",2025-09-01,4,6,2,0,12,22391,6524
35420,"New Philadelphia-Dover, OH",2019-01-01,0,1,2,0,3,3,0
35420,"New Philadelphia-Dover, OH",2019-02-01,0,4,0,0,4,7,0
35420,"New Philadelphia-Dover, OH",2019-03-01,0,7,1,0,8,15,0
35420,"New Philadelphia-Dover, OH",2019-04-01,0,7,4,1,12,27,0
35420,"New Philadelphia-Dover, OH",2019-05-01,0,5,6,0,11,38,0
35420,"New Philadelphia-Dover, OH",2019-06-01,1,11,6,1,19,57,1
35420,"New Philadelphia-Dover, OH",2019-07-01,1,20,5,0,26,83,2
35420,"New Philadelphia-Dover, OH",2019-08-01,3,10,7,2,22,105,5
35420,"New Philadelphia-Dover, OH",2019-09-01,0,9,5,1,15,120,5
35420,"New Philadelphia-Dover, OH",2019-10-01,0,11,5,1,17,137,5
35420,"New Philadelphia-Dover, OH",2019-11-01,0,12,9,0,21,158,5
35420,"New Philadelphia-Dover, OH",2019-12-01,2,19,3,0,24,182,7
35420,"New Philadelphia-Dover, OH",2020-01-01,3,16,3,0,22,204,10
35420,"New Philadelphia-Dover, OH",2020-02-01,2,13,4,0,19,223,12
35420,"New Philadelphia-Dover, OH",2020-03-01,6,21,3,0,30,253,18
35420,"New Philadelphia-Dover, OH",2020-04-01,13,30,8,0,51,304,31
35420,"New Philadelphia-Dover, OH",2020-05-01,20,52,10,2,84,388,51
35420,"New Philadelphia-Dover, OH",2020-06-01,15,34,14,1,64,452,66
35420,"New Philadelphia-Dover, OH",2020-07-01,5,28,3,2,38,490,71
35420,"New Philadelphia-Dover, OH",2020-08-01,17,33,5,0,55,545,88
35420,"New Philadelphia-Dover, OH",2020-09-01,10,34,7,2,53,598,98
35420,"New Philadelphia-Dover, OH",2020-10-01,15,35,16,1,67,665,113
35420,"New Philadelphia-Dover, OH",2020-11-01,8,30,7,3,48,713,121
35420,"New Philadelphia-Dover, OH",2020-12-01,14,37,7,1,59,772,135
35420,"New Philadelphia-Dover, OH",2021-01-01,20,43,9,1,73,845,155
35420,"New Philadelphia-Dover, OH",2021-02-01,21,45,10,2,78,923,176
35420,"New Philadelphia-Dover, OH",2021-03-01,23,34,13,2,72,995,199
35420,"New Philadelphia-Dover, OH",2021-04-01,17,56,16,1,90,1085,216
35420,"New Philadelphia-Dover, OH",2021-05-01,31,48,15,0,94,1179,247
35420,"New Philadelphia-Dover, OH",2021-06-01,24,66,8,2,100,1279,271
35420,"New Philadelphia-Dover, OH",2021-07-01,15,42,11,2,70,1349,286
35420,"New Philadelphia-Dover, OH",2021-08-01,16,34,12,1,63,1412,302
35420,"New Philadelphia-Dover, OH",2021-09-01,19,36,13,2,70,1482,321
35420,"New Philadelphia-Dover, OH",2021-10-01,12,44,13,0,69,1551,333
35420,"New Philadelphia-Dover, OH",2021-11-01,17,35,10,2,64,1615,350
35420,"New Philadelphia-Dover, OH",2021-12-01,28,52,11,2,93,1708,378
35420,"New Philadelphia-Dover, OH",2022-01-01,25,59,25,0,109,1817,403
35420,"New Philadelphia-Dover, OH",2022-02-01,24,55,11,1,91,1908,427
35420,"New Philadelphia-Dover, OH",2022-03-01,19,50,13,1,83,1991,446
35420,"New Philadelphia-Dover, OH",2022-04-01,14,38,24,2,78,2069,460
35420,"New Philadelphia-Dover, OH",2022-05-01,18,30,13,1,62,2131,478
35420,"New Philadelphia-Dover, OH",2022-06-01,22,43,15,1,81,2212,500
35420,"New Philadelphia-Dover, OH",2022-07-01,25,41,14,1,81,2293,525
35420,"New Philadelphia-Dover, OH",2022-08-01,14,28,12,1,55,2348,539
35420,"New Philadelphia-Dover, OH",2022-09-01,8,29,4,1,42,2390,547
35420,"New Philadelphia-Dover, OH",2022-10-01,15,30,15,1,61,2451,562
35420,"New Philadelphia-Dover, OH",2022-11-01,19,23,10,2,54,2505,581
35420,"New Philadelphia-Dover, OH",2022-12-01,21,29,13,0,63,2568,602
35420,"New Philadelphia-Dover, OH",2023-01-01,35,39,7,0,81,2649,637
35420,"New Philadelphia-Dover, OH",2023-02-01,26,29,12,3,70,2719,663
35420,"New Philadelphia-Dover, OH",2023-03-01,42,45,21,0,108,2827,705
35420,"New Philadelphia-Dover, OH",2023-04-01,31,33,16,1,81,2908,736
35420,"New Philadelphia-Dover, OH",2023-05-01,27,26,14,2,69,2977,763
35420,"New Philadelphia-Dover, OH",2023-06-01,25,34,13,1,73,3050,788
35420,"New Philadelphia-Dover, OH",2023-07-01,35,41,12,2,90,3140,823
35420,"New Philadelphia-Dover, OH",2023-08-01,25,23,8,0,56,3196,848
35420,"New Philadelphia-Dover, OH",2023-09-01,12,27,9,0,48,3244,860
35420,"New Philadelphia-Dover, OH",2023-10-01,19,44,15,0,78,3322,879
35420,"New Philadelphia-Dover, OH",2023-11-01,31,43,11,1,86,3408,910
35420,"New Philadelphia-Dover, OH",2023-12-01,23,34,11,2,70,3478,933
35420,"New Philadelphia-Dover, OH",2024-01-01,27,42,16,0,85,3563,960
35420,"New Philadelphia-Dover, OH",2024-02-01,30,44,14,0,88,3651,990
35420,"New Philadelphia-Dover, OH",2024-03-01,39,35,11,2,87,3738,1029
35420,"New Philadelphia-Dover, OH",2024-04-01,29,22,6,0,57,3795,1058
35420,"New Philadelphia-Dover, OH",2024-05-01,16,24,8,1,49,3844,1074
35420,"New Philadelphia-Dover, OH",2024-06-01,5,15,5,0,25,3869,1079
35420,"New Philadelphia-Dover, OH",2024-07-01,11,23,3,0,37,3906,1090
35420,"New Philadelphia-Dover, OH",2024-08-01,18,25,5,1,49,3955,1108
35420,"New Philadelphia-Dover, OH",2024-09-01,26,45,12,0,83,4038,1134
35420,"New Philadelphia-Dover, OH",2024-10-01,29,35,15,1,80,4118,1163
35420,"New Philadelphia-Dover, OH",2024-11-01,42,26,17,3,88,4206,1205
35420,"New Philadelphia-Dover, OH",2024-12-01,55,31,13,2,101,4307,1260
35420,"New Philadelphia-Dover, OH",2025-01-01,42,44,13,3,102,4409,1302
35420,"New Philadelphia-Dover, OH",2025-02-01,41,18,12,0,71,4480,1343
35420,"New Philadelphia-Dover, OH",2025-03-01,35,33,18,1,87,4567,1378
35420,"New Philadelphia-Dover, OH",2025-04-01,30,34,11,0,75,4642,1408
35420,"New Philadelphia-Dover, OH",2025-05-01,28,42,8,0,78,4720,1436
35420,"New Philadelphia-Dover, OH",2025-06-01,29,29,9,3,70,4790,1465
35420,"New Philadelphia-Dover, OH",2025-07-01,27,29,13,1,70,4860,1492
35420,"New Philadelphia-Dover, OH",2025-08-01,24,33,7,1,65,4925,1516
35420,"New Philadelphia-Dover, OH",2025-09-01,0,1,0,0,1,4926,1516
37740,"Payson, AZ",2019-01-01,0,1,0,0,1,1,0
37740,"Payson, AZ",2019-02-01,0,4,2,0,6,7,0
37740,"Payson, AZ",2019-03-01,0,2,3,0,5,12,0
37740,"Payson, AZ",2019-04-01,0,2,1,0,3,15,0
37740,"Payson, AZ",2019-05-01,0,6,0,0,6,21,0
37740,"Payson, AZ",2019-06-01,0,1,0,2,3,24,0
37740,"Payson, AZ",2019-07-01,0,0,1,0,1,25,0
37740,"Payson, AZ",2019-08-01,0,1,1,0,2,27,0
37740,"Payson, AZ",2019-09-01,0,2,2,0,4,31,0
37740,"Payson, AZ",2019-10-01,0,1,2,0,3,34,0
37740,"Payson, AZ",2019-11-01,0,1,1,0,2,36,0
37740,"Payson, AZ",2019-12-01,0,1,2,0,3,39,0
37740,"Payson, AZ",2020-01-01,0,4,1,0,5,44,0
37740,"Payson, AZ",2020-02-01,0,3,0,0,3,47,0
37740,"Payson, AZ",2020-03-01,1,3,6,0,10,57,1
37740,"Payson, AZ",2020-04-01,0,2,3,0,5,62,1
37740,"Payson, AZ",2020-05-01,1,7,0,0,8,70,2
37740,"Payson, AZ",2020-06-01,4,2,2,0,8,78,6
37740,"Payson, AZ",2020-07-01,0,5,5,0,10,88,6
37740,"Payson, AZ",2020-08-01,1,9,4,2,16,104,7
37740,"Payson, AZ",2020-09-01,4,9,3,0,16,120,11
37740,"Payson, AZ",2020-10-01,4,6,3,0,13,133,15
37740,"Payson, AZ",2020-11-01,2,8,2,0,12,145,17
37740,"Payson, AZ",2020-12-01,1,7,4,0,12,157,18
37740,"Payson, AZ",2021-01-01,1,11,5,2,19,176,19
37740,"Payson, AZ",2021-02-01,4,12,4,2,22,198,23
37740,"Payson, AZ",2021-03-01,3,9,3,0,15,213,26
37740,"Payson, AZ",2021-04-01,2,16,6,3,27,240,28
37740,"Payson, AZ",2021-05-01,3,14,10,0,27,267,31
37740,"Payson, AZ",2021-06-01,1,15,3,0,19,286,32
37740,"Payson, AZ",2021-07-01,5,13,7,2,27,313,37
37740,"Payson, AZ",2021-08-01,2,13,6,0,21,334,39
37740,"Payson, AZ",2021-09-01,3,12,7,0,22,356,42
37740,"Payson, AZ",2021-10-01,2,15,3,1,21,377,44
37740,"Payson, AZ",2021-11-01,2,9,2,0,13,390,46
37740,"Payson, AZ",2021-12-01,4,10,9,0,23,413,50
37740,"Payson, AZ",2022-01-01,8,14,5,3,30,443,58
37740,"Payson, AZ",2022-02-01,2,9,5,0,16,459,60
37740,"Payson, AZ",2022-03-01,3,10,3,0,16,475,63
37740,"Payson, AZ",2022-04-01,4,12,3,0,19,494,67
37740,"Payson, AZ",2022-05-01,4,15,5,0,24,518,71
37740,"Payson, AZ",2022-06-01,4,14,7,2,27,545,75
37740,"Payson, AZ",2022-07-01,4,10,4,0,18,563,79
37740,"Payson, AZ",2022-08-01,3,8,8,1,20,583,82
37740,"Payson, AZ",2022-09-01,0,8,6,2,16,599,82
37740,"Payson, AZ",2022-10-01,4,10,4,0,18,617,86
37740,"Payson, AZ",2022-11-01,4,11,4,0,19,636,90
37740,"Payson, AZ",2022-12-01,6,13,2,0,21,657,96
37740,"Payson, AZ",2023-01-01,2,12,4,0,18,675,98
37740,"Payson, AZ",2023-02-01,3,4,5,0,12,687,101
37740,"Payson, AZ",2023-03-01,6,7,3,0,16,703,107
37740,"Payson, AZ",2023-04-01,2,3,3,1,9,712,109
37740,"Payson, AZ",2023-05-01,1,4,6,0,11,723,110
37740,"Payson, AZ",2023-06-01,2,6,3,0,11,734,112
37740,"Payson, AZ",2023-07-01,3,3,3,0,9,743,115
37740,"Payson, AZ",2023-08-01,2,5,3,0,10,753,117
37740,"Payson, AZ",2023-09-01,1,1,1,1,4,757,118
37740,"Payson, AZ",2023-10-01,1,8,2,1,12,769,119
37740,"Payson, AZ",2023-11-01,6,10,2,1,19,788,125
37740,"Payson, AZ",2023-12-01,10,8,4,1,23,811,135
37740,"Payson, AZ",2024-01-01,6,14,3,2,25,836,141
37740,"Payson, AZ",2024-02-01,8,8,9,0,25,861,149
37740,"Payson, AZ",2024-03-01,7,8,1,1,17,878,156
37740,"Payson, AZ",2024-04-01,4,9,2,0,15,893,160
37740,"Payson, AZ",2024-05-01,5,7,8,0,20,913,165
37740,"Payson, AZ",2024-06-01,4,4,6,0,14,927,169
37740,"Payson, AZ",2024-07-01,2,9,2,0,13,940,171
37740,"Payson, AZ",2024-08-01,2,3,1,0,6,946,173
37740,"Payson, AZ",2024-09-01,3,5,0,0,8,954,176
37740,"Payson, AZ",2024-10-01,4,9,2,1,16,970,180
37740,"Payson, AZ",2024-11-01,5,9,1,1,16,986,185
37740,"Payson, AZ",2024-12-01,2,8,2,1,13,999,187
37740,"Payson, AZ",2025-01-01,5,9,2,0,16,1015,192
37740,"Payson, AZ",2025-02-01,7,5,3,2,17,1032,199
37740,"Payson, AZ",2025-03-01,5,6,4,0,15,1047,204
37740,"Payson, AZ",2025-04-01,1,4,3,0,8,1055,205
37740,"Payson, AZ",2025-05-01,8,11,6,0,25,1080,213
37740,"Payson, AZ",2025-06-01,12,7,2,2,23,1103,225
37740,"Payson, AZ",2025-07-01,2,12,5,1,20,1123,227
37740,"Payson, AZ",2025-08-01,7,5,2,0,14,1137,234
10900,"Allentown-Bethlehem-Easton, PA-NJ",2019-01-01,0,68,19,0,87,87,0
10900,"Allentown-Bethlehem-Easton, PA-NJ",2019-02-01,2,98,23,1,124,211,2
10900,"Allentown-Bethlehem-Easton, PA-NJ",2019-03-01,2,98,18,1,119,330,4
10900,"Allentown-Bethlehem-Easton, PA-NJ",2019-04-01,3,98,15,0,116,446,7
10900,"Allentown-Bethlehem-Easton, PA-NJ",2019-05-01,6,112,28,3,149,595,13
10900,"Allentown-Bethlehem-Easton, PA-NJ",2019-06-01,5,115,15,0,135,730,18
10900,"Allentown-Bethlehem-Easton, PA-NJ",2019-07-01,10,89,30,0,129,859,28
10900,"Allentown-Bethlehem-Easton, PA-NJ",2019-08-01,8,119,22,1,150,1009,36
10900,"Allentown-Bethlehem-Easton, PA-NJ",2019-09-01,13,106,25,5,149,1158,49
10900,"Allentown-Bethlehem-Easton, PA-NJ",2019-10-01,9,110,25,2,146,1304,58
10900,"Allentown-Bethlehem-Easton, PA-NJ",2019-11-01,9,97,26,2,134,1438,67
10900,"Allentown-Bethlehem-Easton, PA-NJ",2019-12-01,12,88,20,1,121,1559,79
10900,"Allentown-Bethlehem-Easton, PA-NJ",2020-01-01,19,101,22,2,144,1703,98
10900,"Allentown-Bethlehem-Easton, PA-NJ",2020-02-01,12,89,20,1,122,1825,110
10900,"Allentown-Bethlehem-Easton, PA-NJ",2020-03-01,29,132,31,7,199,2024,139
10900,"Allentown-Bethlehem-Easton, PA-NJ",2020-04-01,81,303,71,9,464,2488,220
10900,"Allentown-Bethlehem-Easton, PA-NJ",2020-05-01,138,407,75,4,624,3112,358
10900,"Allentown-Bethlehem-Easton, PA-NJ",2020-06-01,149,446,72,6,673,3785,507
10900,"Allentown-Bethlehem-Easton, PA-NJ",2020-07-01,211,511,100,7,829,4614,718
10900,"Allentown-Bethlehem-Easton, PA-NJ",2020-08-01,154,533,96,9,792,5406,872
10900,"Allentown-Bethlehem-Easton, PA-NJ",2020-09-01,157,480,95,12,744,6150,1029
10900,"Allentown-Bethlehem-Easton, PA-NJ",2020-10-01,136,432,90,9,667,6817,1165
10900,"Allentown-Bethlehem-Easton, PA-NJ",2020-11-01,81,268,51,4,404,7221,1246
10900,"Allentown-Bethlehem-Easton, PA-NJ",2020-12-01,77,210,38,7,332,7553,1323
10900,"Allentown-Bethlehem-Easton, PA-NJ",2021-01-01,203,381,66,9,659,8212,1526
10900,"Allentown-Bethlehem-Easton, PA-NJ",2021-02-01,169,442,88,9,708,8920,1695
10900,"Allentown-Bethlehem-Easton, PA-NJ",2021-03-01,209,497,132,8,846,9766,1904
10900,"Allentown-Bethlehem-Easton, PA-NJ",2021-04-01,219,580,109,9,917,10683,2123
10900,"Allentown-Bethlehem-Easton, PA-NJ",2021-05-01,260,524,114,3,901,11584,2383
10900,"Allentown-Bethlehem-Easton, PA-NJ",2021-06-01,176,496,89,7,768,12352,2559
10900,"Allentown-Bethlehem-Easton, PA-NJ",2021-07-01,84,259,72,5,420,12772,2643
10900,"Allentown-Bethlehem-Easton, PA-NJ",2021-08-01,107,324,90,5,526,13298,2750
10900,"Allentown-Bethlehem-Easton, PA-NJ",2021-09-01,198,595,166,13,972,14270,2948
10900,"Allentown-Bethlehem-Easton, PA-NJ",2021-10-01,79,222,51,6,358,14628,3027
10900,"Allentown-Bethlehem-Easton, PA-NJ",2021-11-01,61,216,44,4,325,14953,3088
10900,"Allentown-Bethlehem-Easton, PA-NJ",2021-12-01,202,422,98,8,730,15683,3290
10900,"Allentown-Bethlehem-Easton, PA-NJ",2022-01-01,131,316,77,8,532,16215,3421
10900,"Allentown-Bethlehem-Easton, PA-NJ",2022-02-01,57,139,37,9,242,16457,3478
10900,"Allentown-Bethlehem-Easton, PA-NJ",2022-03-01,70,196,33,6,305,16762,3548
10900,"Allentown-Bethlehem-Easton, PA-NJ",2022-04-01,88,258,56,8,410,17172,3636
10900,"Allentown-Bethlehem-Easton, PA-NJ",2022-05-01,143,262,68,9,482,17654,3779
10900,"Allentown-Bethlehem-Easton, PA-NJ",2022-06-01,52,137,33,2,224,17878,3831
10900,"Allentown-Bethlehem-Easton, PA-NJ",2022-07-01,43,109,35,0,187,18065,3874
10900,"Allentown-Bethlehem-Easton, PA-NJ",2022-08-01,69,182,55,4,310,18375,3943
10900,"Allentown-Bethlehem-Easton, PA-NJ",2022-09-01,200,460,107,5,772,19147,4143
10900,"Allentown-Bethlehem-Easton, PA-NJ",2022-10-01,117,237,92,1,447,19594,4260
10900,"Allentown-Bethlehem-Easton, PA-NJ",2022-11-01,164,310,74,6,554,20148,4424
10900,"Allentown-Bethlehem-Easton, PA-NJ",2022-12-01,256,336,84,5,681,20829,4680
10900,"Allentown-Bethlehem-Easton, PA-NJ",2023-01-01,237,428,157,9,831,21660,4917
10900,"Allentown-Bethlehem-Easton, PA-NJ",2023-02-01,188,332,119,6,645,22305,5105
10900,"Allentown-Bethlehem-Easton, PA-NJ",2023-03-01,219,394,117,11,741,23046,5324
10900,"Allentown-Bethlehem-Easton, PA-NJ",2023-04-01,176,342,102,13,633,23679,5500
10900,"Allentown-Bethlehem-Easton, PA-NJ",2023-05-01,95,132,35,1,263,23942,5595
10900,"Allentown-Bethlehem-Easton, PA-NJ",2023-06-01,56,131,37,4,228,24170,5651
10900,"Allentown-Bethlehem-Easton, PA-NJ",2023-07-01,60,123,30,0,213,24383,5711
10900,"Allentown-Bethlehem-Easton, PA-NJ",2023-08-01,84,184,41,4,313,24696,5795
10900,"Allentown-Bethlehem-Easton, PA-NJ",2023-09-01,105,221,69,3,398,25094,5900
10900,"Allentown-Bethlehem-Easton, PA-NJ",2023-10-01,204,401,119,11,735,25829,6104
10900,"Allentown-Bethlehem-Easton, PA-NJ",2023-11-01,236,430,135,8,809,26638,6340
10900,"Allentown-Bethlehem-Easton, PA-NJ",2023-12-01,311,410,126,10,857,27495,6651
10900,"Allentown-Bethlehem-Easton, PA-NJ",2024-01-01,316,461,146,8,931,28426,6967
10900,"Allentown-Bethlehem-Easton, PA-NJ",2024-02-01,242,423,141,12,818,29244,7209
10900,"Allentown-Bethlehem-Easton, PA-NJ",2024-03-01,264,386,112,15,777,30021,7473
10900,"Allentown-Bethlehem-Easton, PA-NJ",2024-04-01,212,357,108,10,687,30708,7685
10900,"Allentown-Bethlehem-Easton, PA-NJ",2024-05-01,240,342,118,4,704,31412,7925
10900,"Allentown-Bethlehem-Easton, PA-NJ",2024-06-01,210,307,80,5,602,32014,8135
10900,"Allentown-Bethlehem-Easton, PA-NJ",2024-07-01,231,350,108,6,695,32709,8366
10900,"Allentown-Bethlehem-Easton, PA-NJ",2024-08-01,102,219,63,2,386,33095,8468
10900,"Allentown-Bethlehem-Easton, PA-NJ",2024-09-01,112,218,53,3,386,33481,8580
10900,"Allentown-Bethlehem-Easton, PA-NJ",2024-10-01,162,314,93,5,574,34055,8742
10900,"Allentown-Bethlehem-Easton, PA-NJ",2024-11-01,94,186,51,4,335,34390,8836
10900,"Allentown-Bethlehem-Easton, PA-NJ",2024-12-01,189,280,57,2,528,34918,9025
10900,"Allentown-Bethlehem-Easton, PA-NJ",2025-01-01,224,348,89,10,671,35589,9249
10900,"Allentown-Bethlehem-Easton, PA-NJ",2025-02-01,282,358,111,6,757,36346,9531
10900,"Allentown-Bethlehem-Easton, PA-NJ",2025-03-01,282,340,97,8,727,37073,9813
10900,"Allentown-Bethlehem-Easton, PA-NJ",2025-04-01,307,324,91,11,733,37806,10120
10900,"Allentown-Bethlehem-Easton, PA-NJ",2025-05-01,304,355,88,7,754,38560,10424
10900,"Allentown-Bethlehem-Easton, PA-NJ",2025-06-01,320,310,107,9,746,39306,10744
10900,"Allentown-Bethlehem-Easton, PA-NJ",2025-07-01,282,285,90,7,664,39970,11026
10900,"Allentown-Bethlehem-Easton, PA-NJ",2025-08-01,237,262,80,6,585,40555,11263
10900,"Allentown-Bethlehem-Easton, PA-NJ",2025-09-01,5,7,1,0,13,40568,11268
43980,"Spencer, IA",2019-08-01,0,0,1,0,1,1,0
43980,"Spencer, IA",2019-11-01,0,2,1,0,3,4,0
43980,"Spencer, IA",2019-12-01,0,1,0,0,1,5,0
43980,"Spencer, IA",2020-01-01,0,2,0,0,2,7,0
43980,"Spencer, IA",2020-03-01,0,2,2,0,4,11,0
43980,"Spencer, IA",2020-04-01,2,1,0,0,3,14,2
43980,"Spencer, IA",2020-05-01,2,0,0,0,2,16,4
43980,"Spencer, IA",2020-06-01,0,0,1,0,1,17,4
43980,"Spencer, IA",2020-07-01,0,1,0,0,1,18,4
43980,"Spencer, IA",2020-08-01,0,1,1,0,2,20,4
43980,"Spencer, IA",2020-09-01,0,2,0,0,2,22,4
43980,"Spencer, IA",2020-10-01,0,2,2,0,4,26,4
43980,"Spencer, IA",2020-11-01,1,2,0,0,3,29,5
43980,"Spencer, IA",2020-12-01,0,2,0,0,2,31,5
43980,"Spencer, IA",2021-01-01,3,5,1,0,9,40,8
43980,"Spencer, IA",2021-02-01,4,14,3,0,21,61,12
43980,"Spencer, IA",2021-03-01,5,12,5,0,22,83,17
43980,"Spencer, IA",2021-04-01,2,5,1,0,8,91,19
43980,"Spencer, IA",2021-05-01,1,10,4,0,15,106,20
43980,"Spencer, IA",2021-06-01,2,5,2,1,10,116,22
43980,"Spencer, IA",2021-07-01,4,12,0,0,16,132,26
43980,"Spencer, IA",2021-08-01,3,12,2,0,17,149,29
43980,"Spencer, IA",2021-09-01,3,2,4,1,10,159,32
43980,"Spencer, IA",2021-10-01,4,5,4,0,13,172,36
43980,"Spencer, IA",2021-11-01,1,6,3,0,10,182,37
43980,"Spencer, IA",2021-12-01,4,5,1,0,10,192,41
43980,"Spencer, IA",2022-01-01,7,13,4,0,24,216,48
43980,"Spencer, IA",2022-02-01,1,4,2,1,8,224,49
43980,"Spencer, IA",2022-03-01,4,4,2,0,10,234,53
43980,"Spencer, IA",2022-04-01,3,11,0,0,14,248,56
43980,"Spencer, IA",2022-05-01,1,2,0,0,3,251,57
43980,"Spencer, IA",2022-06-01,7,8,1,0,16,267,64
43980,"Spencer, IA",2022-07-01,4,3,0,0,7,274,68
43980,"Spencer, IA",2022-08-01,1,11,1,0,13,287,69
43980,"Spencer, IA",2022-09-01,3,2,0,0,5,292,72
43980,"Spencer, IA",2022-10-01,0,6,4,0,10,302,72
43980,"Spencer, IA",2022-11-01,2,6,2,0,10,312,74
43980,"Spencer, IA",2022-12-01,4,12,0,0,16,328,78
43980,"Spencer, IA",2023-01-01,4,5,3,0,12,340,82
43980,"Spencer, IA",2023-02-01,1,3,4,0,8,348,83
43980,"Spencer, IA",2023-03-01,7,7,2,0,16,364,90
43980,"Spencer, IA",2023-04-01,5,6,5,0,16,380,95
43980,"Spencer, IA",2023-05-01,3,7,3,0,13,393,98
43980,"Spencer, IA",2023-06-01,2,8,5,0,15,408,100
43980,"Spencer, IA",2023-07-01,3,5,1,0,9,417,103
43980,"Spencer, IA",2023-08-01,1,3,4,0,8,425,104
43980,"Spencer, IA",2023-09-01,3,4,1,0,8,433,107
43980,"Spencer, IA",2023-10-01,4,7,1,0,12,445,111
43980,"Spencer, IA",2023-11-01,2,10,1,0,13,458,113
43980,"Spencer, IA",2023-12-01,6,6,3,0,15,473,119
43980,"Spencer, IA",2024-01-01,2,7,1,2,12,485,121
43980,"Spencer, IA",2024-02-01,2,5,5,1,13,498,123
43980,"Spencer, IA",2024-03-01,5,12,1,1,19,517,128
43980,"Spencer, IA",2024-04-01,3,7,4,0,14,531,131
43980,"Spencer, IA",2024-05-01,7,9,1,0,17,548,138
43980,"Spencer, IA",2024-06-01,3,9,2,0,14,562,141
43980,"Spencer, IA",2024-07-01,4,3,0,0,7,569,145
43980,"Spencer, IA",2024-08-01,7,4,2,1,14,583,152
43980,"Spencer, IA",2024-09-01,3,10,3,0,16,599,155
43980,"Spencer, IA",2024-10-01,7,7,4,0,18,617,162
43980,"Spencer, IA",2024-11-01,3,12,1,0,16,633,165
43980,"Spencer, IA",2024-12-01,3,10,5,0,18,651,168
43980,"Spencer, IA",2025-01-01,7,11,5,0,23,674,175
43980,"Spencer, IA",2025-02-01,4,13,0,0,17,691,179
43980,"Spencer, IA",2025-03-01,9,15,0,0,24,715,188
43980,"Spencer, IA",2025-04-01,4,6,3,2,15,730,192
43980,"Spencer, IA",2025-05-01,8,12,2,0,22,752,200
43980,"Spencer, IA",2025-06-01,10,10,1,1,22,774,210
43980,"Spencer, IA",2025-07-01,5,11,2,0,18,792,215
43980,"Spencer, IA",2025-08-01,3,2,1,0,6,798,218
31140,"Louisville/Jefferson County, KY-IN",2019-01-01,0,1,0,0,1,1,0
31140,"Louisville/Jefferson County, KY-IN",2019-02-01,0,1,0,0,1,2,0
31140,"Louisville/Jefferson County, KY-IN",2019-03-01,0,1,0,0,1,3,0
31140,"Louisville/Jefferson County, KY-IN",2019-04-01,0,6,3,0,9,12,0
31140,"Louisville/Jefferson County, KY-IN",2019-05-01,0,1,2,0,3,15,0
31140,"Louisville/Jefferson County, KY-IN",2019-06-01,0,3,0,0,3,18,0
31140,"Louisville/Jefferson County, KY-IN",2019-07-01,0,0,1,0,1,19,0
31140,"Louisville/Jefferson County, KY-IN",2019-08-01,0,5,3,0,8,27,0
31140,"Louisville/Jefferson County, KY-IN",2019-09-01,0,3,0,0,3,30,0
31140,"Louisville/Jefferson County, KY-IN",2019-10-01,0,0,2,0,2,32,0
31140,"Louisville/Jefferson County, KY-IN",2019-11-01,1,1,0,0,2,34,1
31140,"Louisville/Jefferson County, KY-IN",2019-12-01,0,2,0,0,2,36,1
31140,"Louisville/Jefferson County, KY-IN",2020-01-01,0,3,2,0,5,41,1
31140,"Louisville/Jefferson County, KY-IN",2020-02-01,0,1,1,0,2,43,1
31140,"Louisville/Jefferson County, KY-IN",2020-03-01,1,2,0,0,3,46,2
31140,"Louisville/Jefferson County, KY-IN",2020-04-01,0,6,1,0,7,53,2
31140,"Louisville/Jefferson County, KY-IN",2020-05-01,1,9,2,0,12,65,3
31140,"Louisville/Jefferson County, KY-IN",2020-06-01,2,10,3,0,15,80,5
31140,"Louisville/Jefferson County, KY-IN",2020-07-01,0,10,1,0,11,91,5
31140,"Louisville/Jefferson County, KY-IN",2020-08-01,1,12,2,0,15,106,6
31140,"Louisville/Jefferson County, KY-IN",2020-09-01,2,7,0,0,9,115,8
31140,"Louisville/Jefferson County, KY-IN",2020-10-01,0,9,1,1,11,126,8
31140,"Louisville/Jefferson County, KY-IN",2020-11-01,1,5,4,0,10,136,9
31140,"Louisville/Jefferson County, KY-IN",2020-12-01,2,14,4,0,20,156,11
31140,"Louisville/Jefferson County, KY-IN",2021-01-01,3,12,5,0,20,176,14
31140,"Louisville/Jefferson County, KY-IN",2021-02-01,1,4,5,1,11,187,15
31140,"Louisville/Jefferson County, KY-IN",2021-03-01,1,10,2,0,13,200,16
31140,"Louisville/Jefferson County, KY-IN",2021-04-01,1,16,6,0,23,223,17
31140,"Louisville/Jefferson County, KY-IN",2021-05-01,3,16,3,0,22,245,20
31140,"Louisville/Jefferson County, KY-IN",2021-06-01,1,21,6,2,30,275,21
31140,"Louisville/Jefferson County, KY-IN",2021-07-01,1,14,3,2,20,295,22
31140,"Louisville/Jefferson County, KY-IN",2021-08-01,4,19,2,0,25,320,26
31140,"Louisville/Jefferson County, KY-IN",2021-09-01,2,19,8,2,31,351,28
31140,"Louisville/Jefferson County, KY-IN",2021-10-01,1,15,9,1,26,377,29
31140,"Louisville/Jefferson County, KY-IN",2021-11-01,3,11,5,1,20,397,32
31140,"Louisville/Jefferson County, KY-IN",2021-12-01,4,11,4,1,20,417,36
31140,"Louisville/Jefferson County, KY-IN",2022-01-01,3,17,8,2,30,447,39
31140,"Louisville/Jefferson County, KY-IN",2022-02-01,1,16,6,2,25,472,40
31140,"Louisville/Jefferson County, KY-IN",2022-03-01,5,17,8,0,30,502,45
31140,"Louisville/Jefferson County, KY-IN",2022-04-01,3,17,4,0,24,526,48
31140,"Louisville/Jefferson County, KY-IN",2022-05-01,4,14,5,0,23,549,52
31140,"Louisville/Jefferson County, KY-IN",2022-06-01,0,14,4,0,18,567,52
31140,"Louisville/Jefferson County, KY-IN",2022-07-01,1,14,3,0,18,585,53
31140,"Louisville/Jefferson County, KY-IN",2022-08-01,2,11,6,0,19,604,55
31140,"Louisville/Jefferson County, KY-IN",2022-09-01,2,22,10,0,34,638,57
31140,"Louisville/Jefferson County, KY-IN",2022-10-01,3,22,6,0,31,669,60
31140,"Louisville/Jefferson County, KY-IN",2022-11-01,8,26,8,1,43,712,68
31140,"Louisville/Jefferson County, KY-IN",2022-12-01,6,22,11,0,39,751,74
31140,"Louisville/Jefferson County, KY-IN",2023-01-01,6,34,10,0,50,801,80
31140,"Louisville/Jefferson County, KY-IN",2023-02-01,9,33,10,2,54,855,89
31140,"Louisville/Jefferson County, KY-IN",2023-03-01,7,40,16,2,65,920,96
31140,"Louisville/Jefferson County, KY-IN",2023-04-01,9,23,17,0,49,969,105
31140,"Louisville/Jefferson County, KY-IN",2023-05-01,7,21,6,1,35,1004,112
31140,"Louisville/Jefferson County, KY-IN",2023-06-01,6,23,2,0,31,1035,118
31140,"Louisville/Jefferson County, KY-IN",2023-07-01,5,41,11,1,58,1093,123
31140,"Louisville/Jefferson County, KY-IN",2023-08-01,8,35,16,3,62,1155,131
31140,"Louisville/Jefferson County, KY-IN",2023-09-01,13,54,23,0,90,1245,144
31140,"Louisville/Jefferson County, KY-IN",2023-10-01,10,58,15,0,83,1328,154
31140,"Louisville/Jefferson County, KY-IN",2023-11-01,10,45,24,1,80,1408,164
31140,"Louisville/Jefferson County, KY-IN",2023-12-01,9,62,15,0,86,1494,173
31140,"Louisville/Jefferson County, KY-IN",2024-01-01,15,49,27,2,93,1587,188
31140,"Louisville/Jefferson County, KY-IN",2024-02-01,10,44,18,1,73,1660,198
31140,"Louisville/Jefferson County, KY-IN",2024-03-01,8,28,14,1,51,1711,206
31140,"Louisville/Jefferson County, KY-IN",2024-04-01,10,35,13,1,59,1770,216
31140,"Louisville/Jefferson County, KY-IN",2024-05-01,7,32,13,0,52,1822,223
31140,"Louisville/Jefferson County, KY-IN",2024-06-01,9,37,5,0,51,1873,232
31140,"Louisville/Jefferson County, KY-IN",2024-07-01,5,13,12,0,30,1903,237
31140,"Louisville/Jefferson County, KY-IN",2024-08-01,2,12,5,0,19,1922,239
31140,"Louisville/Jefferson County, KY-IN",2024-09-01,7,27,7,0,41,1963,246
31140,"Louisville/Jefferson County, KY-IN",2024-10-01,13,27,7,0,47,2010,259
31140,"Louisville/Jefferson County, KY-IN",2024-11-01,5,27,10,0,42,2052,264
31140,"Louisville/Jefferson County, KY-IN",2024-12-01,6,19,4,1,30,2082,270
31140,"Louisville/Jefferson County, KY-IN",2025-01-01,6,23,10,1,40,2122,276
31140,"Louisville/Jefferson County, KY-IN",2025-02-01,13,21,2,0,36,2158,289
31140,"Louisville/Jefferson County, KY-IN",2025-03-01,5,11,3,1,20,2178,294
31140,"Louisville/Jefferson County, KY-IN",2025-04-01,4,14,4,2,24,2202,298
31140,"Louisville/Jefferson County, KY-IN",2025-05-01,3,17,1,0,21,2223,301
31140,"Louisville/Jefferson County, KY-IN",2025-06-01,9,9,3,0,21,2244,310
31140,"Louisville/Jefferson County, KY-IN",2025-07-01,1,3,1,0,5,2249,311
31140,"Louisville/Jefferson County, KY-IN",2025-08-01,2,9,0,0,11,2260,313
37020,"Owosso, MI",2019-01-01,0,2,0,0,2,2,0
37020,"Owosso, MI",2019-02-01,0,2,2,0,4,6,0
37020,"Owosso, MI",2019-03-01,0,6,1,0,7,13,0
37020,"Owosso, MI",2019-04-01,0,2,3,0,5,18,0
37020,"Owosso, MI",2019-05-01,1,6,0,0,7,25,1
37020,"Owosso, MI",2019-06-01,0,4,0,0,4,29,1
37020,"Owosso, MI",2019-07-01,0,8,1,0,9,38,1
37020,"Owosso, MI",2019-08-01,2,12,3,0,17,55,3
37020,"Owosso, MI",2019-09-01,2,13,3,1,19,74,5
37020,"Owosso, MI",2019-10-01,0,8,0,0,8,82,5
37020,"Owosso, MI",2019-11-01,0,15,1,1,17,99,5
37020,"Owosso, MI",2019-12-01,0,8,5,0,13,112,5
37020,"Owosso, MI",2020-01-01,1,15,3,2,21,133,6
37020,"Owosso, MI",2020-02-01,2,5,1,0,8,141,8
37020,"Owosso, MI",2020-03-01,3,10,3,0,16,157,11
37020,"Owosso, MI",2020-04-01,1,10,2,0,13,170,12
37020,"Owosso, MI",2020-05-01,7,25,8,1,41,211,19
37020,"Owosso, MI",2020-06-01,5,23,6,0,34,245,24
37020,"Owosso, MI",2020-07-01,4,27,5,1,37,282,28
37020,"Owosso, MI",2020-08-01,4,24,12,1,41,323,32
37020,"Owosso, MI",2020-09-01,3,23,3,0,29,352,35
37020,"Owosso, MI",2020-10-01,9,18,9,0,36,388,44
37020,"Owosso, MI",2020-11-01,1,10,0,0,11,399,45
37020,"Owosso, MI",2020-12-01,4,12,3,0,19,418,49
37020,"Owosso, MI",2021-01-01,13,22,6,1,42,460,62
37020,"Owosso, MI",2021-02-01,10,20,4,1,35,495,72
37020,"Owosso, MI",2021-03-01,13,27,4,0,44,539,85
37020,"Owosso, MI",2021-04-01,14,21,12,0,47,586,99
37020,"Owosso, MI",2021-05-01,12,22,6,0,40,626,111
37020,"Owosso, MI",2021-06-01,5,31,8,0,44,670,116
37020,"Owosso, MI",2021-07-01,5,13,2,1,21,691,121
37020,"Owosso, MI",2021-08-01,7,13,7,0,27,718,128
37020,"Owosso, MI",2021-09-01,8,26,8,0,42,760,136
37020,"Owosso, MI",2021-10-01,2,5,3,0,10,770,138
37020,"Owosso, MI",2021-11-01,3,7,4,0,14,784,141
37020,"Owosso, MI",2021-12-01,6,21,9,2,38,822,147
37020,"Owosso, MI",2022-01-01,15,40,7,0,62,884,162
37020,"Owosso, MI",2022-02-01,9,21,6,2,38,922,171
37020,"Owosso, MI",2022-03-01,4,18,7,0,29,951,175
37020,"Owosso, MI",2022-04-01,7,15,6,0,28,979,182
37020,"Owosso, MI",2022-05-01,2,16,8,1,27,1006,184
37020,"Owosso, MI",2022-06-01,2,11,3,0,16,1022,186
37020,"Owosso, MI",2022-07-01,6,13,5,0,24,1046,192
37020,"Owosso, MI",2022-08-01,2,12,8,0,22,1068,194
37020,"Owosso, MI",2022-09-01,2,18,7,5,32,1100,196
37020,"Owosso, MI",2022-10-01,2,11,5,0,18,1118,198
37020,"Owosso, MI",2022-11-01,11,20,9,0,40,1158,209
37020,"Owosso, MI",2022-12-01,15,16,6,1,38,1196,224
37020,"Owosso, MI",2023-01-01,18,23,6,0,47,1243,242
37020,"Owosso, MI",2023-02-01,13,12,3,2,30,1273,255
37020,"Owosso, MI",2023-03-01,16,33,10,1,60,1333,271
37020,"Owosso, MI",2023-04-01,12,22,7,0,41,1374,283
37020,"Owosso, MI",2023-05-01,5,7,1,0,13,1387,288
37020,"Owosso, MI",2023-06-01,5,12,4,1,22,1409,293
37020,"Owosso, MI",2023-07-01,3,13,2,0,18,1427,296
37020,"Owosso, MI",2023-08-01,5,11,4,0,20,1447,301
37020,"Owosso, MI",2023-09-01,7,15,6,0,28,1475,308
37020,"Owosso, MI",2023-10-01,7,23,9,2,41,1516,315
37020,"Owosso, MI",2023-11-01,16,27,12,0,55,1571,331
37020,"Owosso, MI",2023-12-01,9,29,7,0,45,1616,340
37020,"Owosso, MI",2024-01-01,14,20,11,0,45,1661,354
37020,"Owosso, MI",2024-02-01,13,18,15,3,49,1710,367
37020,"Owosso, MI",2024-03-01,20,20,11,0,51,1761,387
37020,"Owosso, MI",2024-04-01,12,18,3,1,34,1795,399
37020,"Owosso, MI",2024-05-01,17,18,7,0,42,1837,416
37020,"Owosso, MI",2024-06-01,18,24,13,1,56,1893,434
37020,"Owosso, MI",2024-07-01,10,24,9,1,44,1937,444
37020,"Owosso, MI",2024-08-01,14,30,8,1,53,1990,458
37020,"Owosso, MI",2024-09-01,20,23,10,0,53,2043,478
37020,"Owosso, MI",2024-10-01,22,29,4,1,56,2099,500
37020,"Owosso, MI",2024-11-01,16,14,6,1,37,2136,516
37020,"Owosso, MI",2024-12-01,21,29,10,0,60,2196,537
37020,"Owosso, MI",2025-01-01,23,27,13,1,64,2260,560
37020,"Owosso, MI",2025-02-01,16,30,9,4,59,2319,576
37020,"Owosso, MI",2025-03-01,20,22,10,0,52,2371,596
37020,"Owosso, MI",2025-04-01,18,19,7,1,45,2416,614
37020,"Owosso, MI",2025-05-01,22,20,10,0,52,2468,636
37020,"Owosso, MI",2025-06-01,13,23,4,0,40,2508,649
37020,"Owosso, MI",2025-07-01,14,23,7,1,45,2553,663
37020,"Owosso, MI",2025-08-01,8,20,7,0,35,2588,671
19460,"Decatur, AL",2019-01-01,0,13,8,0,21,21,0
19460,"Decatur, AL",2019-02-01,0,5,2,0,7,28,0
19460,"Decatur, AL",2019-03-01,0,18,5,0,23,51,0
19460,"Decatur, AL",2019-04-01,2,36,6,1,45,96,2
19460,"Decatur, AL",2019-05-01,0,27,6,1,34,130,2
19460,"Decatur, AL",2019-06-01,0,23,6,1,30,160,2
19460,"Decatur, AL",2019-07-01,0,16,5,1,22,182,2
19460,"Decatur, AL",2019-08-01,2,17,11,0,30,212,4
19460,"Decatur, AL",2019-09-01,2,26,5,1,34,246,6
19460,"Decatur, AL",2019-10-01,1,29,7,1,38,284,7
19460,"Decatur, AL",2019-11-01,1,23,6,0,30,314,8
19460,"Decatur, AL",2019-12-01,0,15,5,0,20,334,8
19460,"Decatur, AL",2020-01-01,1,23,3,0,27,361,9
19460,"Decatur, AL",2020-02-01,2,28,6,0,36,397,11
19460,"Decatur, AL",2020-03-01,4,52,7,0,63,460,15
19460,"Decatur, AL",2020-04-01,7,64,16,2,89,549,22
19460,"Decatur, AL",2020-05-01,32,88,16,0,136,685,54
19460,"Decatur, AL",2020-06-01,13,54,11,1,79,764,67
19460,"Decatur, AL",2020-07-01,21,62,13,0,96,860,88
19460,"Decatur, AL",2020-08-01,26,118,20,1,165,1025,114
19460,"Decatur, AL",2020-09-01,21,84,23,0,128,1153,135
19460,"Decatur, AL",2020-10-01,27,60,10,2,99,1252,162
19460,"Decatur, AL",2020-11-01,5,24,4,0,33,1285,167
19460,"Decatur, AL",2020-12-01,11,28,5,0,44,1329,178
19460,"Decatur, AL",2021-01-01,18,75,11,1,105,1434,196
19460,"Decatur, AL",2021-02-01,13,43,6,0,62,1496,209
19460,"Decatur, AL",2021-03-01,28,88,18,0,134,1630,237
19460,"Decatur, AL",2021-04-01,75,172,40,2,289,1919,312
19460,"Decatur, AL",2021-05-01,37,100,18,0,155,2074,349
19460,"Decatur, AL",2021-06-01,13,56,14,2,85,2159,362
19460,"Decatur, AL",2021-07-01,9,42,9,1,61,2220,371
19460,"Decatur, AL",2021-08-01,22,78,19,1,120,2340,393
19460,"Decatur, AL",2021-09-01,28,128,27,2,185,2525,421
19460,"Decatur, AL",2021-10-01,13,60,19,0,92,2617,434
19460,"Decatur, AL",2021-11-01,25,87,21,3,136,2753,459
19460,"Decatur, AL",2021-12-01,26,77,25,0,128,2881,485
19460,"Decatur, AL",2022-01-01,30,122,35,2,189,3070,515
19460,"Decatur, AL",2022-02-01,29,86,17,1,133,3203,544
19460,"Decatur, AL",2022-03-01,42,133,34,3,212,3415,586
19460,"Decatur, AL",2022-04-01,34,117,32,4,187,3602,620
19460,"Decatur, AL",2022-05-01,20,64,16,0,100,3702,640
19460,"Decatur, AL",2022-06-01,32,58,15,0,105,3807,672
19460,"Decatur, AL",2022-07-01,30,77,27,2,136,3943,702
19460,"Decatur, AL",2022-08-01,31,65,20,3,119,4062,733
19460,"Decatur, AL",2022-09-01,23,73,26,2,124,4186,756
19460,"Decatur, AL",2022-10-01,27,64,6,3,100,4286,783
19460,"Decatur, AL",2022-11-01,37,122,31,0,190,4476,820
19460,"Decatur, AL",2022-12-01,40,108,22,1,171,4647,860
19460,"Decatur, AL",2023-01-01,49,106,28,2,185,4832,909
19460,"Decatur, AL",2023-02-01,49,80,35,2,166,4998,958
19460,"Decatur, AL",2023-03-01,59,111,43,3,216,5214,1017
19460,"Decatur, AL",2023-04-01,49,77,25,2,153,5367,1066
19460,"Decatur, AL",2023-05-01,23,47,15,0,85,5452,1089
19460,"Decatur, AL",2023-06-01,15,37,13,2,67,5519,1104
19460,"Decatur, AL",2023-07-01,22,40,13,0,75,5594,1126
19460,"Decatur, AL",2023-08-01,41,66,24,0,131,5725,1167
19460,"Decatur, AL",2023-09-01,35,83,25,2,145,5870,1202
19460,"Decatur, AL",2023-10-01,33,47,20,0,100,5970,1235
19460,"Decatur, AL",2023-11-01,43,105,25,3,176,6146,1278
19460,"Decatur, AL",2023-12-01,62,86,29,5,182,6328,1340
19460,"Decatur, AL",2024-01-01,65,105,29,8,207,6535,1405
19460,"Decatur, AL",2024-02-01,60,80,22,3,165,6700,1465
19460,"Decatur, AL",2024-03-01,73,87,26,1,187,6887,1538
19460,"Decatur, AL",2024-04-01,38,58,20,0,116,7003,1576
19460,"Decatur, AL",2024-05-01,32,73,19,2,126,7129,1608
19460,"Decatur, AL",2024-06-01,31,63,17,0,111,7240,1639
19460,"Decatur, AL",2024-07-01,51,81,26,4,162,7402,1690
19460,"Decatur, AL",2024-08-01,36,67,23,1,127,7529,1726
19460,"Decatur, AL",2024-09-01,39,65,30,3,137,7666,1765
19460,"Decatur, AL",2024-10-01,56,82,19,3,160,7826,1821
19460,"Decatur, AL",2024-11-01,59,83,22,1,165,7991,1880
19460,"Decatur, AL",2024-12-01,60,88,23,0,171,8162,1940
19460,"Decatur, AL",2025-01-01,53,75,21,1,150,8312,1993
19460,"Decatur, AL",2025-02-01,53,59,20,3,135,8447,2046
19460,"Decatur, AL",2025-03-01,64,82,22,3,171,8618,2110
19460,"Decatur, AL",2025-04-01,60,83,22,0,165,8783,2170
19460,"Decatur, AL",2025-05-01,51,83,26,1,161,8944,2221
19460,"Decatur, AL",2025-06-01,63,66,19,3,151,9095,2284
19460,"Decatur, AL",2025-07-01,48,51,14,1,114,9209,2332
19460,"Decatur, AL",2025-08-01,34,51,13,2,100,9309,2366
19460,"Decatur, AL",2025-09-01,0,1,0,0,1,9310,2366
20820,"Effingham, IL",2019-01-01,0,2,0,0,2,2,0
20820,"Effingham, IL",2019-02-01,0,2,1,0,3,5,0
20820,"Effingham, IL",2019-04-01,0,2,2,0,4,9,0
20820,"Effingham, IL",2019-05-01,0,2,0,1,3,12,0
20820,"Effingham, IL",2019-06-01,0,1,0,0,1,13,0
20820,"Effingham, IL",2019-07-01,0,5,1,0,6,19,0
20820,"Effingham, IL",2019-08-01,0,2,1,0,3,22,0
20820,"Effingham, IL",2019-09-01,2,3,0,0,5,27,2
20820,"Effingham, IL",2019-10-01,1,4,1,0,6,33,3
20820,"Effingham, IL",2019-11-01,0,4,1,0,5,38,3
20820,"Effingham, IL",2019-12-01,1,7,2,0,10,48,4
20820,"Effingham, IL",2020-01-01,1,2,1,0,4,52,5
20820,"Effingham, IL",2020-02-01,0,11,8,1,20,72,5
20820,"Effingham, IL",2020-03-01,5,16,4,0,25,97,10
20820,"Effingham, IL",2020-04-01,4,18,9,1,32,129,14
20820,"Effingham, IL",2020-05-01,9,31,2,0,42,171,23
20820,"Effingham, IL",2020-06-01,10,31,7,0,48,219,33
20820,"Effingham, IL",2020-07-01,3,22,1,0,26,245,36
20820,"Effingham, IL",2020-08-01,7,18,4,0,29,274,43
20820,"Effingham, IL",2020-09-01,8,21,3,0,32,306,51
20820,"Effingham, IL",2020-10-01,4,22,5,0,31,337,55
20820,"Effingham, IL",2020-11-01,6,19,0,1,26,363,61
20820,"Effingham, IL",2020-12-01,9,12,6,0,27,390,70
20820,"Effingham, IL",2021-01-01,14,16,7,0,37,427,84
20820,"Effingham, IL",2021-02-01,9,17,4,0,30,457,93
20820,"Effingham, IL",2021-03-01,12,18,6,0,36,493,105
20820,"Effingham, IL",2021-04-01,9,31,3,1,44,537,114
20820,"Effingham, IL",2021-05-01,9,25,13,2,49,586,123
20820,"Effingham, IL",2021-06-01,7,19,5,0,31,617,130
20820,"Effingham, IL",2021-07-01,7,17,8,1,33,650,137
20820,"Effingham, IL",2021-08-01,10,19,8,0,37,687,147
20820,"Effingham, IL",2021-09-01,6,19,5,1,31,718,153
20820,"Effingham, IL",2021-10-01,7,26,9,1,43,761,160
20820,"Effingham, IL",2021-11-01,14,21,6,0,41,802,174
20820,"Effingham, IL",2021-12-01,9,20,5,0,34,836,183
20820,"Effingham, IL",2022-01-01,7,25,5,0,37,873,190
20820,"Effingham, IL",2022-02-01,11,21,5,1,38,911,201
20820,"Effingham, IL",2022-03-01,8,26,6,1,41,952,209
20820,"Effingham, IL",2022-04-01,4,27,8,2,41,993,213
20820,"Effingham, IL",2022-05-01,12,28,5,0,45,1038,225
20820,"Effingham, IL",2022-06-01,10,20,7,1,38,1076,235
20820,"Effingham, IL",2022-07-01,8,29,7,1,45,1121,243
20820,"Effingham, IL",2022-08-01,6,28,9,1,44,1165,249
20820,"Effingham, IL",2022-09-01,11,19,4,0,34,1199,260
20820,"Effingham, IL",2022-10-01,8,25,7,0,40,1239,268
20820,"Effingham, IL",2022-11-01,15,27,6,1,49,1288,283
20820,"Effingham, IL",2022-12-01,17,28,4,0,49,1337,300
20820,"Effingham, IL",2023-01-01,8,16,10,1,35,1372,308
20820,"Effingham, IL",2023-02-01,9,14,9,1,33,1405,317
20820,"Effingham, IL",2023-03-01,13,32,13,0,58,1463,330
20820,"Effingham, IL",2023-04-01,7,16,7,1,31,1494,337
20820,"Effingham, IL",2023-05-01,8,14,9,0,31,1525,345
20820,"Effingham, IL",2023-06-01,5,23,7,0,35,1560,350
20820,"Effingham, IL",2023-07-01,7,37,7,0,51,1611,357
20820,"Effingham, IL",2023-08-01,7,12,8,0,27,1638,364
20820,"Effingham, IL",2023-09-01,7,15,10,0,32,1670,371
20820,"Effingham, IL",2023-10-01,10,15,8,1,34,1704,381
20820,"Effingham, IL",2023-11-01,11,22,5,1,39,1743,392
20820,"Effingham, IL",2023-12-01,13,22,10,4,49,1792,405
20820,"Effingham, IL",2024-01-01,9,30,11,0,50,1842,414
20820,"Effingham, IL",2024-02-01,9,20,8,0,37,1879,423
20820,"Effingham, IL",2024-03-01,19,22,8,0,49,1928,442
20820,"Effingham, IL",2024-04-01,8,29,6,0,43,1971,450
20820,"Effingham, IL",2024-05-01,7,34,5,0,46,2017,457
20820,"Effingham, IL",2024-06-01,8,14,2,0,24,2041,465
20820,"Effingham, IL",2024-07-01,2,17,0,0,19,2060,467
20820,"Effingham, IL",2024-08-01,5,18,4,0,27,2087,472
20820,"Effingham, IL",2024-09-01,0,12,5,1,18,2105,472
20820,"Effingham, IL",2024-10-01,21,26,13,0,60,2165,493
20820,"Effingham, IL",2024-11-01,15,18,5,1,39,2204,508
20820,"Effingham, IL",2024-12-01,11,18,1,0,30,2234,519
20820,"Effingham, IL",2025-01-01,11,29,3,1,44,2278,530
20820,"Effingham, IL",2025-02-01,20,23,8,0,51,2329,550
20820,"Effingham, IL",2025-03-01,23,25,8,1,57,2386,573
20820,"Effingham, IL",2025-04-01,16,19,8,1,44,2430,589
20820,"Effingham, IL",2025-05-01,23,22,10,0,55,2485,612
20820,"Effingham, IL",2025-06-01,24,15,7,0,46,2531,636
20820,"Effingham, IL",2025-07-01,7,17,3,0,27,2558,643
20820,"Effingham, IL",2025-08-01,13,8,3,0,24,2582,656
22300,"Findlay, OH",2019-01-01,0,2,0,0,2,2,0
22300,"Findlay, OH",2019-02-01,0,7,1,0,8,10,0
22300,"Findlay, OH",2019-03-01,0,27,8,1,36,46,0
22300,"Findlay, OH",2019-04-01,1,40,12,2,55,101,1
22300,"Findlay, OH",2019-05-01,1,29,7,2,39,140,2
22300,"Findlay, OH",2019-06-01,1,38,9,0,48,188,3
22300,"Findlay, OH",2019-07-01,5,22,13,0,40,228,8
22300,"Findlay, OH",2019-08-01,4,23,12,0,39,267,12
22300,"Findlay, OH",2019-09-01,0,20,7,1,28,295,12
22300,"Findlay, OH",2019-10-01,4,19,9,0,32,327,16
22300,"Findlay, OH",2019-11-01,7,22,6,0,35,362,23
22300,"Findlay, OH",2019-12-01,6,24,3,0,33,395,29
22300,"Findlay, OH",2020-01-01,6,24,9,1,40,435,35
22300,"Findlay, OH",2020-02-01,1,32,5,1,39,474,36
22300,"Findlay, OH",2020-03-01,5,43,7,1,56,530,41
22300,"Findlay, OH",2020-04-01,27,67,18,1,113,643,68
22300,"Findlay, OH",2020-05-01,28,86,12,2,128,771,96
22300,"Findlay, OH",2020-06-01,23,54,11,0,88,859,119
22300,"Findlay, OH",2020-07-01,17,63,13,3,96,955,136
22300,"Findlay, OH",2020-08-01,29,49,10,1,89,1044,165
22300,"Findlay, OH",2020-09-01,21,63,7,2,93,1137,186
22300,"Findlay, OH",2020-10-01,24,62,15,1,102,1239,210
22300,"Findlay, OH",2020-11-01,18,38,6,1,63,1302,228
22300,"Findlay, OH",2020-12-01,27,61,7,1,96,1398,255
22300,"Findlay, OH",2021-01-01,39,81,20,3,143,1541,294
22300,"Findlay, OH",2021-02-01,30,51,18,1,100,1641,324
22300,"Findlay, OH",2021-03-01,36,88,15,2,141,1782,360
22300,"Findlay, OH",2021-04-01,36,86,16,2,140,1922,396
22300,"Findlay, OH",2021-05-01,30,79,13,0,122,2044,426
22300,"Findlay, OH",2021-06-01,33,69,10,0,112,2156,459
22300,"Findlay, OH",2021-07-01,24,60,23,1,108,2264,483
22300,"Findlay, OH",2021-08-01,30,48,16,2,96,2360,513
22300,"Findlay, OH",2021-09-01,25,63,23,3,114,2474,538
22300,"Findlay, OH",2021-10-01,26,72,30,1,129,2603,564
22300,"Findlay, OH",2021-11-01,22,57,16,1,96,2699,586
22300,"Findlay, OH",2021-12-01,36,90,20,1,147,2846,622
22300,"Findlay, OH",2022-01-01,34,79,31,2,146,2992,656
22300,"Findlay, OH",2022-02-01,43,57,22,2,124,3116,699
22300,"Findlay, OH",2022-03-01,34,71,27,2,134,3250,733
22300,"Findlay, OH",2022-04-01,26,67,26,0,119,3369,759
22300,"Findlay, OH",2022-05-01,31,47,15,0,93,3462,790
22300,"Findlay, OH",2022-06-01,19,51,11,2,83,3545,809
22300,"Findlay, OH",2022-07-01,27,56,29,1,113,3658,836
22300,"Findlay, OH",2022-08-01,27,57,17,0,101,3759,863
22300,"Findlay, OH",2022-09-01,26,47,16,1,90,3849,889
22300,"Findlay, OH",2022-10-01,35,58,10,0,103,3952,924
22300,"Findlay, OH",2022-11-01,40,63,27,0,130,4082,964
22300,"Findlay, OH",2022-12-01,42,46,13,0,101,4183,1006
22300,"Findlay, OH",2023-01-01,36,47,15,2,100,4283,1042
22300,"Findlay, OH",2023-02-01,38,63,16,1,118,4401,1080
22300,"Findlay, OH",2023-03-01,60,85,17,2,164,4565,1140
22300,"Findlay, OH",2023-04-01,27,54,21,0,102,4667,1167
22300,"Findlay, OH",2023-05-01,25,37,11,2,75,4742,1192
22300,"Findlay, OH",2023-06-01,23,26,10,0,59,4801,1215
22300,"Findlay, OH",2023-07-01,24,41,14,2,81,4882,1239
22300,"Findlay, OH",2023-08-01,18,30,13,3,64,4946,1257
22300,"Findlay, OH",2023-09-01,27,40,18,3,88,5034,1284
22300,"Findlay, OH",2023-10-01,45,59,21,3,128,5162,1329
22300,"Findlay, OH",2023-11-01,39,63,16,3,121,5283,1368
22300,"Findlay, OH",2023-12-01,34,63,18,1,116,5399,1402
22300,"Findlay, OH",2024-01-01,47,58,28,4,137,5536,1449
22300,"Findlay, OH",2024-02-01,23,62,22,3,110,5646,1472
22300,"Findlay, OH",2024-03-01,47,65,14,0,126,5772,1519
22300,"Findlay, OH",2024-04-01,41,47,15,1,104,5876,1560
22300,"Findlay, OH",2024-05-01,45,45,7,0,97,5973,1605
22300,"Findlay, OH",2024-06-01,21,39,11,0,71,6044,1626
22300,"Findlay, OH",2024-07-01,21,31,7,0,59,6103,1647
22300,"Findlay, OH",2024-08-01,24,33,14,1,72,6175,1671
22300,"Findlay, OH",2024-09-01,33,40,10,0,83,6258,1704
22300,"Findlay, OH",2024-10-01,40,47,9,2,98,6356,1744
22300,"Findlay, OH",2024-11-01,44,52,13,2,111,6467,1788
22300,"Findlay, OH",2024-12-01,52,44,11,2,109,6576,1840
22300,"Findlay, OH",2025-01-01,52,54,24,1,131,6707,1892
22300,"Findlay, OH",2025-02-01,60,56,15,4,135,6842,1952
22300,"Findlay, OH",2025-03-01,61,70,23,0,154,6996,2013
22300,"Findlay, OH",2025-04-01,51,64,18,4,137,7133,2064
22300,"Findlay, OH",2025-05-01,28,26,9,0,63,7196,2092
22300,"Findlay, OH",2025-06-01,28,18,6,0,52,7248,2120
22300,"Findlay, OH",2025-07-01,17,23,8,1,49,7297,2137
22300,"Findlay, OH",2025-08-01,29,38,11,1,79,7376,2166
22300,"Findlay, OH",2025-09-01,2,0,1,0,3,7379,2168
47080,"Vidalia, GA",2019-01-01,0,1,2,0,3,3,0
47080,"Vidalia, GA",2019-02-01,0,1,2,0,3,6,0
47080,"Vidalia, GA",2019-03-01,0,1,1,0,2,8,0
47080,"Vidalia, GA",2019-04-01,0,1,3,0,4,12,0
47080,"Vidalia, GA",2019-05-01,0,7,2,1,10,22,0
47080,"Vidalia, GA",2019-06-01,0,7,1,0,8,30,0
47080,"Vidalia, GA",2019-07-01,0,10,2,0,12,42,0
47080,"Vidalia, GA",2019-08-01,0,12,3,0,15,57,0
47080,"Vidalia, GA",2019-09-01,2,4,2,1,9,66,2
47080,"Vidalia, GA",2019-10-01,0,3,1,0,4,70,2
47080,"Vidalia, GA",2019-11-01,1,6,2,0,9,79,3
47080,"Vidalia, GA",2019-12-01,1,5,1,0,7,86,4
47080,"Vidalia, GA",2020-01-01,2,11,1,0,14,100,6
47080,"Vidalia, GA",2020-02-01,2,10,2,0,14,114,8
47080,"Vidalia, GA",2020-03-01,1,10,2,0,13,127,9
47080,"Vidalia, GA",2020-04-01,3,13,2,0,18,145,12
47080,"Vidalia, GA",2020-05-01,4,14,5,0,23,168,16
47080,"Vidalia, GA",2020-06-01,4,18,1,1,24,192,20
47080,"Vidalia, GA",2020-07-01,4,12,2,0,18,210,24
47080,"Vidalia, GA",2020-08-01,5,18,3,0,26,236,29
47080,"Vidalia, GA",2020-09-01,8,18,3,0,29,265,37
47080,"Vidalia, GA",2020-10-01,2,9,3,0,14,279,39
47080,"Vidalia, GA",2020-11-01,2,13,2,1,18,297,41
47080,"Vidalia, GA",2020-12-01,4,21,2,0,27,324,45
47080,"Vidalia, GA",2021-01-01,6,16,3,1,26,350,51
47080,"Vidalia, GA",2021-02-01,2,21,3,0,26,376,53
47080,"Vidalia, GA",2021-03-01,3,20,5,1,29,405,56
47080,"Vidalia, GA",2021-04-01,10,17,8,0,35,440,66
47080,"Vidalia, GA",2021-05-01,11,28,7,1,47,487,77
47080,"Vidalia, GA",2021-06-01,7,21,10,0,38,525,84
47080,"Vidalia, GA",2021-07-01,7,32,4,2,45,570,91
47080,"Vidalia, GA",2021-08-01,3,21,7,1,32,602,94
47080,"Vidalia, GA",2021-09-01,2,18,9,2,31,633,96
47080,"Vidalia, GA",2021-10-01,4,14,4,2,24,657,100
47080,"Vidalia, GA",2021-11-01,4,10,3,0,17,674,104
47080,"Vidalia, GA",2021-12-01,7,13,4,0,24,698,111
47080,"Vidalia, GA",2022-01-01,4,12,6,0,22,720,115
47080,"Vidalia, GA",2022-02-01,5,24,5,0,34,754,120
47080,"Vidalia, GA",2022-03-01,7,12,3,1,23,777,127
47080,"Vidalia, GA",2022-04-01,9,24,6,1,40,817,136
47080,"Vidalia, GA",2022-05-01,8,30,3,0,41,858,144
47080,"Vidalia, GA",2022-06-01,4,14,3,0,21,879,148
47080,"Vidalia, GA",2022-07-01,7,13,5,0,25,904,155
47080,"Vidalia, GA",2022-08-01,5,13,9,1,28,932,160
47080,"Vidalia, GA",2022-09-01,8,20,5,0,33,965,168
47080,"Vidalia, GA",2022-10-01,4,18,3,1,26,991,172
47080,"Vidalia, GA",2022-11-01,6,32,9,0,47,1038,178
47080,"Vidalia, GA",2022-12-01,5,13,4,1,23,1061,183
47080,"Vidalia, GA",2023-01-01,5,15,6,0,26,1087,188
47080,"Vidalia, GA",2023-02-01,6,14,5,0,25,1112,194
47080,"Vidalia, GA",2023-03-01,16,22,7,1,46,1158,210
47080,"Vidalia, GA",2023-04-01,8,16,3,1,28,1186,218
47080,"Vidalia, GA",2023-05-01,9,14,3,0,26,1212,227
47080,"Vidalia, GA",2023-06-01,11,26,7,0,44,1256,238
47080,"Vidalia, GA",2023-07-01,8,17,7,1,33,1289,246
47080,"Vidalia, GA",2023-08-01,10,21,4,0,35,1324,256
47080,"Vidalia, GA",2023-09-01,15,19,4,0,38,1362,271
47080,"Vidalia, GA",2023-10-01,8,22,7,0,37,1399,279
47080,"Vidalia, GA",2023-11-01,9,14,4,0,27,1426,288
47080,"Vidalia, GA",2023-12-01,10,18,4,1,33,1459,298
47080,"Vidalia, GA",2024-01-01,9,14,7,3,33,1492,307
47080,"Vidalia, GA",2024-02-01,10,12,6,0,28,1520,317
47080,"Vidalia, GA",2024-03-01,15,18,6,1,40,1560,332
47080,"Vidalia, GA",2024-04-01,14,25,7,1,47,1607,346
47080,"Vidalia, GA",2024-05-01,10,31,8,0,49,1656,356
47080,"Vidalia, GA",2024-06-01,5,15,2,0,22,1678,361
47080,"Vidalia, GA",2024-07-01,8,19,4,1,32,1710,369
47080,"Vidalia, GA",2024-08-01,13,29,4,1,47,1757,382
47080,"Vidalia, GA",2024-09-01,11,18,2,0,31,1788,393
47080,"Vidalia, GA",2024-10-01,14,26,6,3,49,1837,407
47080,"Vidalia, GA",2024-11-01,11,20,5,1,37,1874,418
47080,"Vidalia, GA",2024-12-01,14,14,7,0,35,1909,432
47080,"Vidalia, GA",2025-01-01,11,25,7,0,43,1952,443
47080,"Vidalia, GA",2025-02-01,15,23,3,1,42,1994,458
47080,"Vidalia, GA",2025-03-01,11,21,6,2,40,2034,469
47080,"Vidalia, GA",2025-04-01,16,17,5,0,38,2072,485
47080,"Vidalia, GA",2025-05-01,10,21,8,2,41,2113,495
47080,"Vidalia, GA",2025-06-01,17,25,7,0,49,2162,512
47080,"Vidalia, GA",2025-07-01,15,33,10,0,58,2220,527
47080,"Vidalia, GA",2025-08-01,8,21,5,0,34,2254,535
25060,"Gulfport-Biloxi, MS",2019-01-01,0,26,8,0,34,34,0
25060,"Gulfport-Biloxi, MS",2019-02-01,0,28,9,2,39,73,0
25060,"Gulfport-Biloxi, MS",2019-03-01,1,31,9,2,43,116,1
25060,"Gulfport-Biloxi, MS",2019-04-01,1,26,11,1,39,155,2
25060,"Gulfport-Biloxi, MS",2019-05-01,3,40,13,1,57,212,5
25060,"Gulfport-Biloxi, MS",2019-06-01,1,24,5,1,31,243,6
25060,"Gulfport-Biloxi, MS",2019-07-01,1,17,7,1,26,269,7
25060,"Gulfport-Biloxi, MS",2019-08-01,0,20,9,0,29,298,7
25060,"Gulfport-Biloxi, MS",2019-09-01,1,37,10,4,52,350,8
25060,"Gulfport-Biloxi, MS",2019-10-01,1,29,12,1,43,393,9
25060,"Gulfport-Biloxi, MS",2019-11-01,4,45,11,4,64,457,13
25060,"Gulfport-Biloxi, MS",2019-12-01,3,35,6,3,47,504,16
25060,"Gulfport-Biloxi, MS",2020-01-01,3,40,14,0,57,561,19
25060,"Gulfport-Biloxi, MS",2020-02-01,7,38,15,1,61,622,26
25060,"Gulfport-Biloxi, MS",2020-03-01,5,50,14,1,70,692,31
25060,"Gulfport-Biloxi, MS",2020-04-01,19,102,25,6,152,844,50
25060,"Gulfport-Biloxi, MS",2020-05-01,47,203,50,6,306,1150,97
25060,"Gulfport-Biloxi, MS",2020-06-01,41,177,43,2,263,1413,138
25060,"Gulfport-Biloxi, MS",2020-07-01,58,196,46,6,306,1719,196
25060,"Gulfport-Biloxi, MS",2020-08-01,69,250,56,11,386,2105,265
25060,"Gulfport-Biloxi, MS",2020-09-01,33,185,36,2,256,2361,298
25060,"Gulfport-Biloxi, MS",2020-10-01,28,124,33,0,185,2546,326
25060,"Gulfport-Biloxi, MS",2020-11-01,30,130,32,3,195,2741,356
25060,"Gulfport-Biloxi, MS",2020-12-01,50,163,28,5,246,2987,406
25060,"Gulfport-Biloxi, MS",2021-01-01,79,213,62,7,361,3348,485
25060,"Gulfport-Biloxi, MS",2021-02-01,51,184,49,4,288,3636,536
25060,"Gulfport-Biloxi, MS",2021-03-01,77,213,55,10,355,3991,613
25060,"Gulfport-Biloxi, MS",2021-04-01,75,266,62,6,409,4400,688
25060,"Gulfport-Biloxi, MS",2021-05-01,79,286,75,10,450,4850,767
25060,"Gulfport-Biloxi, MS",2021-06-01,44,168,45,3,260,5110,811
25060,"Gulfport-Biloxi, MS",2021-07-01,24,121,43,7,195,5305,835
25060,"Gulfport-Biloxi, MS",2021-08-01,30,116,37,4,187,5492,865
25060,"Gulfport-Biloxi, MS",2021-09-01,60,266,90,10,426,5918,925
25060,"Gulfport-Biloxi, MS",2021-10-01,18,99,29,3,149,6067,943
25060,"Gulfport-Biloxi, MS",2021-11-01,32,110,35,1,178,6245,975
25060,"Gulfport-Biloxi, MS",2021-12-01,45,113,42,2,202,6447,1020
25060,"Gulfport-Biloxi, MS",2022-01-01,91,240,64,8,403,6850,1111
25060,"Gulfport-Biloxi, MS",2022-02-01,51,112,38,6,207,7057,1162
25060,"Gulfport-Biloxi, MS",2022-03-01,85,203,51,5,344,7401,1247
25060,"Gulfport-Biloxi, MS",2022-04-01,56,178,52,4,290,7691,1303
25060,"Gulfport-Biloxi, MS",2022-05-01,68,207,48,3,326,8017,1371
25060,"Gulfport-Biloxi, MS",2022-06-01,20,93,28,3,144,8161,1391
25060,"Gulfport-Biloxi, MS",2022-07-01,58,138,34,4,234,8395,1449
25060,"Gulfport-Biloxi, MS",2022-08-01,43,106,32,5,186,8581,1492
25060,"Gulfport-Biloxi, MS",2022-09-01,45,138,39,1,223,8804,1537
25060,"Gulfport-Biloxi, MS",2022-10-01,42,155,60,7,264,9068,1579
25060,"Gulfport-Biloxi, MS",2022-11-01,75,160,53,8,296,9364,1654
25060,"Gulfport-Biloxi, MS",2022-12-01,88,170,58,4,320,9684,1742
25060,"Gulfport-Biloxi, MS",2023-01-01,56,157,57,9,279,9963,1798
25060,"Gulfport-Biloxi, MS",2023-02-01,60,139,54,4,257,10220,1858
25060,"Gulfport-Biloxi, MS",2023-03-01,94,219,49,4,366,10586,1952
25060,"Gulfport-Biloxi, MS",2023-04-01,79,158,41,4,282,10868,2031
25060,"Gulfport-Biloxi, MS",2023-05-01,40,81,29,6,156,11024,2071
25060,"Gulfport-Biloxi, MS",2023-06-01,46,92,29,2,169,11193,2117
25060,"Gulfport-Biloxi, MS",2023-07-01,82,141,45,5,273,11466,2199
25060,"Gulfport-Biloxi, MS",2023-08-01,35,75,31,1,142,11608,2234
25060,"Gulfport-Biloxi, MS",2023-09-01,27,77,25,3,132,11740,2261
25060,"Gulfport-Biloxi, MS",2023-10-01,59,128,54,9,250,11990,2320
25060,"Gulfport-Biloxi, MS",2023-11-01,102,180,61,7,350,12340,2422
25060,"Gulfport-Biloxi, MS",2023-12-01,110,178,62,5,355,12695,2532
25060,"Gulfport-Biloxi, MS",2024-01-01,104,182,51,6,343,13038,2636
25060,"Gulfport-Biloxi, MS",2024-02-01,117,146,43,6,312,13350,2753
25060,"Gulfport-Biloxi, MS",2024-03-01,146,187,47,11,391,13741,2899
25060,"Gulfport-Biloxi, MS",2024-04-01,95,160,37,3,295,14036,2994
25060,"Gulfport-Biloxi, MS",2024-05-01,63,99,27,1,190,14226,3057
25060,"Gulfport-Biloxi, MS",2024-06-01,57,77,19,3,156,14382,3114
25060,"Gulfport-Biloxi, MS",2024-07-01,127,168,48,5,348,14730,3241
25060,"Gulfport-Biloxi, MS",2024-08-01,128,182,65,9,384,15114,3369
25060,"Gulfport-Biloxi, MS",2024-09-01,98,157,45,7,307,15421,3467
25060,"Gulfport-Biloxi, MS",2024-10-01,152,238,65,11,466,15887,3619
25060,"Gulfport-Biloxi, MS",2024-11-01,146,217,68,11,442,16329,3765
25060,"Gulfport-Biloxi, MS",2024-12-01,195,224,60,13,492,16821,3960
25060,"Gulfport-Biloxi, MS",2025-01-01,149,197,75,6,427,17248,4109
25060,"Gulfport-Biloxi, MS",2025-02-01,133,161,57,4,355,17603,4242
25060,"Gulfport-Biloxi, MS",2025-03-01,151,183,58,9,401,18004,4393
25060,"Gulfport-Biloxi, MS",2025-04-01,178,227,67,7,479,18483,4571
25060,"Gulfport-Biloxi, MS",2025-05-01,204,218,50,3,475,18958,4775
25060,"Gulfport-Biloxi, MS",2025-06-01,194,186,76,12,468,19426,4969
25060,"Gulfport-Biloxi, MS",2025-07-01,158,191,75,3,427,19853,5127
25060,"Gulfport-Biloxi, MS",2025-08-01,126,134,51,11,322,20175,5253
25060,"Gulfport-Biloxi, MS",2025-09-01,1,4,1,1,7,20182,5254
37100,"Oxnard-Thousand Oaks-Ventura, CA",2019-01-01,5,181,34,3,223,223,5
37100,"Oxnard-Thousand Oaks-Ventura, CA",2019-02-01,8,166,38,4,216,439,13
37100,"Oxnard-Thousand Oaks-Ventura, CA",2019-03-01,12,181,49,3,245,684,25
37100,"Oxnard-Thousand Oaks-Ventura, CA",2019-04-01,9,177,40,7,233,917,34
37100,"Oxnard-Thousand Oaks-Ventura, CA",2019-05-01,11,193,50,4,258,1175,45
37100,"Oxnard-Thousand Oaks-Ventura, CA",2019-06-01,11,148,31,5,195,1370,56
37100,"Oxnard-Thousand Oaks-Ventura, CA",2019-07-01,24,222,50,7,303,1673,80
37100,"Oxnard-Thousand Oaks-Ventura, CA",2019-08-01,17,216,31,6,270,1943,97
37100,"Oxnard-Thousand Oaks-Ventura, CA",2019-09-01,28,166,48,4,246,2189,125
37100,"Oxnard-Thousand Oaks-Ventura, CA",2019-10-01,19,171,34,6,230,2419,144
37100,"Oxnard-Thousand Oaks-Ventura, CA",2019-11-01,14,127,31,9,181,2600,158
37100,"Oxnard-Thousand Oaks-Ventura, CA",2019-12-01,21,102,28,1,152,2752,179
37100,"Oxnard-Thousand Oaks-Ventura, CA",2020-01-01,12,119,32,4,167,2919,191
37100,"Oxnard-Thousand Oaks-Ventura, CA",2020-02-01,9,82,21,3,115,3034,200
37100,"Oxnard-Thousand Oaks-Ventura, CA",2020-03-01,39,222,100,12,373,3407,239
37100,"Oxnard-Thousand Oaks-Ventura, CA",2020-04-01,57,294,117,11,479,3886,296
37100,"Oxnard-Thousand Oaks-Ventura, CA",2020-05-01,131,364,90,10,595,4481,427
37100,"Oxnard-Thousand Oaks-Ventura, CA",2020-06-01,116,310,69,6,501,4982,543
37100,"Oxnard-Thousand Oaks-Ventura, CA",2020-07-01,153,445,101,17,716,5698,696
37100,"Oxnard-Thousand Oaks-Ventura, CA",2020-08-01,132,490,101,13,736,6434,828
37100,"Oxnard-Thousand Oaks-Ventura, CA",2020-09-01,133,418,96,10,657,7091,961
37100,"Oxnard-Thousand Oaks-Ventura, CA",2020-10-01,94,323,76,14,507,7598,1055
37100,"Oxnard-Thousand Oaks-Ventura, CA",2020-11-01,53,188,47,5,293,7891,1108
37100,"Oxnard-Thousand Oaks-Ventura, CA",2020-12-01,61,178,59,6,304,8195,1169
37100,"Oxnard-Thousand Oaks-Ventura, CA",2021-01-01,67,209,58,5,339,8534,1236
37100,"Oxnard-Thousand Oaks-Ventura, CA",2021-02-01,46,206,54,5,311,8845,1282
37100,"Oxnard-Thousand Oaks-Ventura, CA",2021-03-01,190,420,133,22,765,9610,1472
37100,"Oxnard-Thousand Oaks-Ventura, CA",2021-04-01,98,226,73,8,405,10015,1570
37100,"Oxnard-Thousand Oaks-Ventura, CA",2021-05-01,100,267,86,10,463,10478,1670
37100,"Oxnard-Thousand Oaks-Ventura, CA",2021-06-01,69,176,57,9,311,10789,1739
37100,"Oxnard-Thousand Oaks-Ventura, CA",2021-07-01,29,122,41,5,197,10986,1768
37100,"Oxnard-Thousand Oaks-Ventura, CA",2021-08-01,54,143,43,8,248,11234,1822
37100,"Oxnard-Thousand Oaks-Ventura, CA",2021-09-01,87,271,94,11,463,11697,1909
37100,"Oxnard-Thousand Oaks-Ventura, CA",2021-10-01,23,112,43,5,183,11880,1932
37100,"Oxnard-Thousand Oaks-Ventura, CA",2021-11-01,38,123,32,2,195,12075,1970
37100,"Oxnard-Thousand Oaks-Ventura, CA",2021-12-01,46,161,55,13,275,12350,2016
37100,"Oxnard-Thousand Oaks-Ventura, CA",2022-01-01,117,364,103,23,607,12957,2133
37100,"Oxnard-Thousand Oaks-Ventura, CA",2022-02-01,42,150,62,15,269,13226,2175
37100,"Oxnard-Thousand Oaks-Ventura, CA",2022-03-01,25,83,54,8,170,13396,2200
37100,"Oxnard-Thousand Oaks-Ventura, CA",2022-04-01,29,152,73,11,265,13661,2229
37100,"Oxnard-Thousand Oaks-Ventura, CA",2022-05-01,49,153,44,15,261,13922,2278
37100,"Oxnard-Thousand Oaks-Ventura, CA",2022-06-01,26,87,56,5,174,14096,2304
37100,"Oxnard-Thousand Oaks-Ventura, CA",2022-07-01,19,109,51,10,189,14285,2323
37100,"Oxnard-Thousand Oaks-Ventura, CA",2022-08-01,117,314,91,10,532,14817,2440
37100,"Oxnard-Thousand Oaks-Ventura, CA",2022-09-01,119,341,105,21,586,15403,2559
37100,"Oxnard-Thousand Oaks-Ventura, CA",2022-10-01,62,194,70,11,337,15740,2621
37100,"Oxnard-Thousand Oaks-Ventura, CA",2022-11-01,128,384,150,18,680,16420,2749
37100,"Oxnard-Thousand Oaks-Ventura, CA",2022-12-01,166,367,126,10,669,17089,2915
37100,"Oxnard-Thousand Oaks-Ventura, CA",2023-01-01,91,273,74,12,450,17539,3006
37100,"Oxnard-Thousand Oaks-Ventura, CA",2023-02-01,62,223,94,12,391,17930,3068
37100,"Oxnard-Thousand Oaks-Ventura, CA",2023-03-01,130,404,120,12,666,18596,3198
37100,"Oxnard-Thousand Oaks-Ventura, CA",2023-04-01,64,220,58,7,349,18945,3262
37100,"Oxnard-Thousand Oaks-Ventura, CA",2023-05-01,38,202,69,9,318,19263,3300
37100,"Oxnard-Thousand Oaks-Ventura, CA",2023-06-01,22,192,48,2,264,19527,3322
37100,"Oxnard-Thousand Oaks-Ventura, CA",2023-07-01,28,181,53,2,264,19791,3350
37100,"Oxnard-Thousand Oaks-Ventura, CA",2023-08-01,72,290,90,8,460,20251,3422
37100,"Oxnard-Thousand Oaks-Ventura, CA",2023-09-01,54,233,67,6,360,20611,3476
37100,"Oxnard-Thousand Oaks-Ventura, CA",2023-10-01,40,232,71,7,350,20961,3516
37100,"Oxnard-Thousand Oaks-Ventura, CA",2023-11-01,83,341,106,8,538,21499,3599
37100,"Oxnard-Thousand Oaks-Ventura, CA",2023-12-01,131,386,109,7,633,22132,3730
37100,"Oxnard-Thousand Oaks-Ventura, CA",2024-01-01,122,354,115,10,601,22733,3852
37100,"Oxnard-Thousand Oaks-Ventura, CA",2024-02-01,87,267,78,12,444,23177,3939
37100,"Oxnard-Thousand Oaks-Ventura, CA",2024-03-01,63,235,82,6,386,23563,4002
37100,"Oxnard-Thousand Oaks-Ventura, CA",2024-04-01,125,282,66,13,486,24049,4127
37100,"Oxnard-Thousand Oaks-Ventura, CA",2024-05-01,142,295,106,14,557,24606,4269
37100,"Oxnard-Thousand Oaks-Ventura, CA",2024-06-01,74,275,85,7,441,25047,4343
37100,"Oxnard-Thousand Oaks-Ventura, CA",2024-07-01,58,287,75,7,427,25474,4401
37100,"Oxnard-Thousand Oaks-Ventura, CA",2024-08-01,53,197,59,6,315,25789,4454
37100,"Oxnard-Thousand Oaks-Ventura, CA",2024-09-01,26,183,44,4,257,26046,4480
37100,"Oxnard-Thousand Oaks-Ventura, CA",2024-10-01,32,149,33,8,222,26268,4512
37100,"Oxnard-Thousand Oaks-Ventura, CA",2024-11-01,35,133,45,5,218,26486,4547
37100,"Oxnard-Thousand Oaks-Ventura, CA",2024-12-01,26,122,26,3,177,26663,4573
37100,"Oxnard-Thousand Oaks-Ventura, CA",2025-01-01,30,104,27,2,163,26826,4603
37100,"Oxnard-Thousand Oaks-Ventura, CA",2025-02-01,24,101,24,3,152,26978,4627
37100,"Oxnard-Thousand Oaks-Ventura, CA",2025-03-01,25,85,30,1,141,27119,4652
37100,"Oxnard-Thousand Oaks-Ventura, CA",2025-04-01,17,72,9,1,99,27218,4669
37100,"Oxnard-Thousand Oaks-Ventura, CA",2025-05-01,53,122,35,2,212,27430,4722
37100,"Oxnard-Thousand Oaks-Ventura, CA",2025-06-01,32,58,11,1,102,27532,4754
37100,"Oxnard-Thousand Oaks-Ventura, CA",2025-07-01,26,61,13,1,101,27633,4780
37100,"Oxnard-Thousand Oaks-Ventura, CA",2025-08-01,25,51,11,0,87,27720,4805
37100,"Oxnard-Thousand Oaks-Ventura, CA",2025-09-01,1,0,1,0,2,27722,4806
21460,"Enterprise, AL",2019-01-01,0,3,2,0,5,5,0
21460,"Enterprise, AL",2019-02-01,0,2,2,0,4,9,0
21460,"Enterprise, AL",2019-03-01,0,8,1,0,9,18,0
21460,"Enterprise, AL",2019-04-01,0,3,1,0,4,22,0
21460,"Enterprise, AL",2019-05-01,0,21,6,0,27,49,0
21460,"Enterprise, AL",2019-06-01,1,21,2,0,24,73,1
21460,"Enterprise, AL",2019-07-01,0,15,7,0,22,95,1
21460,"Enterprise, AL",2019-08-01,1,18,3,0,22,117,2
21460,"Enterprise, AL",2019-09-01,0,11,1,0,12,129,2
21460,"Enterprise, AL",2019-10-01,0,14,0,0,14,143,2
21460,"Enterprise, AL",2019-11-01,1,17,5,0,23,166,3
21460,"Enterprise, AL",2019-12-01,0,10,1,0,11,177,3
21460,"Enterprise, AL",2020-01-01,1,22,2,0,25,202,4
21460,"Enterprise, AL",2020-02-01,6,17,3,0,26,228,10
21460,"Enterprise, AL",2020-03-01,1,29,6,0,36,264,11
21460,"Enterprise, AL",2020-04-01,8,40,10,1,59,323,19
21460,"Enterprise, AL",2020-05-01,8,56,8,0,72,395,27
21460,"Enterprise, AL",2020-06-01,14,36,7,1,58,453,41
21460,"Enterprise, AL",2020-07-01,11,54,7,1,73,526,52
21460,"Enterprise, AL",2020-08-01,17,73,16,1,107,633,69
21460,"Enterprise, AL",2020-09-01,9,76,11,2,98,731,78
21460,"Enterprise, AL",2020-10-01,8,48,9,0,65,796,86
21460,"Enterprise, AL",2020-11-01,8,38,9,0,55,851,94
21460,"Enterprise, AL",2020-12-01,7,25,5,0,37,888,101
21460,"Enterprise, AL",2021-01-01,14,43,4,0,61,949,115
21460,"Enterprise, AL",2021-02-01,8,32,9,0,49,998,123
21460,"Enterprise, AL",2021-03-01,18,80,18,2,118,1116,141
21460,"Enterprise, AL",2021-04-01,39,113,16,3,171,1287,180
21460,"Enterprise, AL",2021-05-01,30,88,21,4,143,1430,210
21460,"Enterprise, AL",2021-06-01,21,72,17,2,112,1542,231
21460,"Enterprise, AL",2021-07-01,15,60,6,1,82,1624,246
21460,"Enterprise, AL",2021-08-01,19,60,7,1,87,1711,265
21460,"Enterprise, AL",2021-09-01,8,45,8,0,61,1772,273
21460,"Enterprise, AL",2021-10-01,8,46,10,1,65,1837,281
21460,"Enterprise, AL",2021-11-01,7,41,12,0,60,1897,288
21460,"Enterprise, AL",2021-12-01,16,47,14,2,79,1976,304
21460,"Enterprise, AL",2022-01-01,26,63,12,4,105,2081,330
21460,"Enterprise, AL",2022-02-01,27,51,12,1,91,2172,357
21460,"Enterprise, AL",2022-03-01,30,48,15,1,94,2266,387
21460,"Enterprise, AL",2022-04-01,25,43,23,4,95,2361,412
21460,"Enterprise, AL",2022-05-01,19,50,15,0,84,2445,431
21460,"Enterprise, AL",2022-06-01,28,58,12,0,98,2543,459
21460,"Enterprise, AL",2022-07-01,17,36,10,2,65,2608,476
21460,"Enterprise, AL",2022-08-01,18,48,10,1,77,2685,494
21460,"Enterprise, AL",2022-09-01,16,56,13,0,85,2770,510
21460,"Enterprise, AL",2022-10-01,19,58,13,3,93,2863,529
21460,"Enterprise, AL",2022-11-01,16,55,7,1,79,2942,545
21460,"Enterprise, AL",2022-12-01,20,57,12,1,90,3032,565
21460,"Enterprise, AL",2023-01-01,32,51,13,1,97,3129,597
21460,"Enterprise, AL",2023-02-01,32,41,8,0,81,3210,629
21460,"Enterprise, AL",2023-03-01,29,60,21,1,111,3321,658
21460,"Enterprise, AL",2023-04-01,25,49,10,2,86,3407,683
21460,"Enterprise, AL",2023-05-01,15,25,13,0,53,3460,698
21460,"Enterprise, AL",2023-06-01,10,23,5,2,40,3500,708
21460,"Enterprise, AL",2023-07-01,15,32,7,0,54,3554,723
21460,"Enterprise, AL",2023-08-01,15,42,13,1,71,3625,738
21460,"Enterprise, AL",2023-09-01,21,24,8,0,53,3678,759
21460,"Enterprise, AL",2023-10-01,22,38,11,3,74,3752,781
21460,"Enterprise, AL",2023-11-01,26,31,8,2,67,3819,807
21460,"Enterprise, AL",2023-12-01,29,43,21,0,93,3912,836
21460,"Enterprise, AL",2024-01-01,30,43,5,2,80,3992,866
21460,"Enterprise, AL",2024-02-01,34,49,16,2,101,4093,900
21460,"Enterprise, AL",2024-03-01,39,44,25,1,109,4202,939
21460,"Enterprise, AL",2024-04-01,43,43,11,2,99,4301,982
21460,"Enterprise, AL",2024-05-01,19,36,19,1,75,4376,1001
21460,"Enterprise, AL",2024-06-01,7,32,6,1,46,4422,1008
21460,"Enterprise, AL",2024-07-01,10,27,4,2,43,4465,1018
21460,"Enterprise, AL",2024-08-01,13,29,5,1,48,4513,1031
21460,"Enterprise, AL",2024-09-01,20,29,9,0,58,4571,1051
21460,"Enterprise, AL",2024-10-01,35,64,21,1,121,4692,1086
21460,"Enterprise, AL",2024-11-01,33,47,12,1,93,4785,1119
21460,"Enterprise, AL",2024-12-01,35,34,16,1,86,4871,1154
21460,"Enterprise, AL",2025-01-01,28,38,12,1,79,4950,1182
21460,"Enterprise, AL",2025-02-01,43,36,6,2,87,5037,1225
21460,"Enterprise, AL",2025-03-01,41,48,21,2,112,5149,1266
21460,"Enterprise, AL",2025-04-01,40,47,20,3,110,5259,1306
21460,"Enterprise, AL",2025-05-01,15,38,13,1,67,5326,1321
21460,"Enterprise, AL",2025-06-01,38,48,10,0,96,5422,1359
21460,"Enterprise, AL",2025-07-01,22,41,7,1,71,5493,1381
21460,"Enterprise, AL",2025-08-01,25,27,11,1,64,5557,1406
21460,"Enterprise, AL",2025-09-01,1,0,1,0,2,5559,1407
23780,"Garden City, KS",2019-01-01,0,1,0,0,1,1,0
23780,"Garden City, KS",2019-03-01,0,1,1,0,2,3,0
23780,"Garden City, KS",2019-04-01,0,11,2,0,13,16,0
23780,"Garden City, KS",2019-05-01,0,17,2,0,19,35,0
23780,"Garden City, KS",2019-06-01,0,15,1,0,16,51,0
23780,"Garden City, KS",2019-07-01,1,7,0,0,8,59,1
23780,"Garden City, KS",2019-08-01,0,12,0,0,12,71,1
23780,"Garden City, KS",2019-09-01,0,6,2,1,9,80,1
23780,"Garden City, KS",2019-10-01,0,5,2,0,7,87,1
23780,"Garden City, KS",2019-11-01,1,10,3,0,14,101,2
23780,"Garden City, KS",2019-12-01,0,5,3,0,8,109,2
23780,"Garden City, KS",2020-01-01,1,9,0,0,10,119,3
23780,"Garden City, KS",2020-02-01,2,7,0,0,9,128,5
23780,"Garden City, KS",2020-03-01,0,11,2,0,13,141,5
23780,"Garden City, KS",2020-04-01,5,15,1,0,21,162,10
23780,"Garden City, KS",2020-05-01,5,16,4,0,25,187,15
23780,"Garden City, KS",2020-06-01,3,10,5,0,18,205,18
23780,"Garden City, KS",2020-07-01,3,13,2,0,18,223,21
23780,"Garden City, KS",2020-08-01,1,8,0,0,9,232,22
23780,"Garden City, KS",2020-09-01,3,15,5,0,23,255,25
23780,"Garden City, KS",2020-10-01,5,10,3,0,18,273,30
23780,"Garden City, KS",2020-11-01,3,19,1,0,23,296,33
23780,"Garden City, KS",2020-12-01,9,7,6,0,22,318,42
23780,"Garden City, KS",2021-01-01,6,18,4,1,29,347,48
23780,"Garden City, KS",2021-02-01,7,9,3,0,19,366,55
23780,"Garden City, KS",2021-03-01,7,13,4,0,24,390,62
23780,"Garden City, KS",2021-04-01,7,16,2,0,25,415,69
23780,"Garden City, KS",2021-05-01,5,12,3,0,20,435,74
23780,"Garden City, KS",2021-06-01,4,21,7,0,32,467,78
23780,"Garden City, KS",2021-07-01,6,16,3,1,26,493,84
23780,"Garden City, KS",2021-08-01,5,13,1,1,20,513,89
23780,"Garden City, KS",2021-09-01,8,8,5,0,21,534,97
23780,"Garden City, KS",2021-10-01,4,18,2,0,24,558,101
23780,"Garden City, KS",2021-11-01,6,14,0,0,20,578,107
23780,"Garden City, KS",2021-12-01,12,13,2,2,29,607,119
23780,"Garden City, KS",2022-01-01,11,14,6,0,31,638,130
23780,"Garden City, KS",2022-02-01,6,6,9,1,22,660,136
23780,"Garden City, KS",2022-03-01,7,14,5,0,26,686,143
23780,"Garden City, KS",2022-04-01,4,12,3,0,19,705,147
23780,"Garden City, KS",2022-05-01,7,17,2,0,26,731,154
23780,"Garden City, KS",2022-06-01,6,8,3,0,17,748,160
23780,"Garden City, KS",2022-07-01,11,16,1,0,28,776,171
23780,"Garden City, KS",2022-08-01,6,13,1,0,20,796,177
23780,"Garden City, KS",2022-09-01,7,16,3,1,27,823,184
23780,"Garden City, KS",2022-10-01,7,13,2,0,22,845,191
23780,"Garden City, KS",2022-11-01,12,21,8,0,41,886,203
23780,"Garden City, KS",2022-12-01,15,15,2,0,32,918,218
23780,"Garden City, KS",2023-01-01,7,14,4,0,25,943,225
23780,"Garden City, KS",2023-02-01,9,15,3,1,28,971,234
23780,"Garden City, KS",2023-03-01,11,21,6,0,38,1009,245
23780,"Garden City, KS",2023-04-01,10,15,3,0,28,1037,255
23780,"Garden City, KS",2023-05-01,7,13,4,1,25,1062,262
23780,"Garden City, KS",2023-06-01,11,15,1,1,28,1090,273
23780,"Garden City, KS",2023-07-01,8,13,3,0,24,1114,281
23780,"Garden City, KS",2023-08-01,8,9,1,1,19,1133,289
23780,"Garden City, KS",2023-09-01,8,12,5,0,25,1158,297
23780,"Garden City, KS",2023-10-01,6,17,2,0,25,1183,303
23780,"Garden City, KS",2023-11-01,15,16,5,0,36,1219,318
23780,"Garden City, KS",2023-12-01,12,10,2,0,24,1243,330
23780,"Garden City, KS",2024-01-01,16,15,5,0,36,1279,346
23780,"Garden City, KS",2024-02-01,13,13,3,1,30,1309,359
23780,"Garden City, KS",2024-03-01,12,13,6,1,32,1341,371
23780,"Garden City, KS",2024-04-01,14,14,3,0,31,1372,385
23780,"Garden City, KS",2024-05-01,10,13,5,0,28,1400,395
23780,"Garden City, KS",2024-06-01,0,8,1,0,9,1409,395
23780,"Garden City, KS",2024-07-01,3,7,1,1,12,1421,398
23780,"Garden City, KS",2024-08-01,10,11,1,0,22,1443,408
23780,"Garden City, KS",2024-09-01,2,9,1,0,12,1455,410
23780,"Garden City, KS",2024-10-01,6,6,1,0,13,1468,416
23780,"Garden City, KS",2024-11-01,3,6,2,0,11,1479,419
23780,"Garden City, KS",2024-12-01,1,13,2,0,16,1495,420
23780,"Garden City, KS",2025-01-01,9,21,0,0,30,1525,429
23780,"Garden City, KS",2025-02-01,18,19,7,0,44,1569,447
23780,"Garden City, KS",2025-03-01,14,14,6,0,34,1603,461
23780,"Garden City, KS",2025-04-01,6,11,0,1,18,1621,467
23780,"Garden City, KS",2025-05-01,9,26,8,0,43,1664,476
23780,"Garden City, KS",2025-06-01,3,13,1,0,17,1681,479
23780,"Garden City, KS",2025-07-01,8,16,4,0,28,1709,487
23780,"Garden City, KS",2025-08-01,7,9,1,1,18,1727,494
23780,"Garden City, KS",2025-09-01,1,1,0,0,2,1729,495
18860,"Crescent City, CA",2019-01-01,0,2,0,0,2,2,0
18860,"Crescent City, CA",2019-02-01,0,1,0,0,1,3,0
18860,"Crescent City, CA",2019-03-01,0,1,0,0,1,4,0
18860,"Crescent City, CA",2019-04-01,0,2,0,0,2,6,0
18860,"Crescent City, CA",2019-05-01,0,2,0,0,2,8,0
18860,"Crescent City, CA",2019-06-01,0,2,0,0,2,10,0
18860,"Crescent City, CA",2019-07-01,0,0,1,0,1,11,0
18860,"Crescent City, CA",2019-08-01,0,2,0,0,2,13,0
18860,"Crescent City, CA",2019-09-01,0,4,1,0,5,18,0
18860,"Crescent City, CA",2019-10-01,0,1,1,0,2,20,0
18860,"Crescent City, CA",2019-11-01,0,3,0,0,3,23,0
18860,"Crescent City, CA",2019-12-01,1,0,1,0,2,25,1
18860,"Crescent City, CA",2020-01-01,1,4,2,0,7,32,2
18860,"Crescent City, CA",2020-02-01,0,5,4,0,9,41,2
18860,"Crescent City, CA",2020-03-01,0,2,0,0,2,43,2
18860,"Crescent City, CA",2020-04-01,0,6,1,0,7,50,2
18860,"Crescent City, CA",2020-05-01,0,5,1,0,6,56,2
18860,"Crescent City, CA",2020-06-01,0,7,3,0,10,66,2
18860,"Crescent City, CA",2020-07-01,0,3,2,1,6,72,2
18860,"Crescent City, CA",2020-08-01,4,7,1,1,13,85,6
18860,"Crescent City, CA",2020-09-01,2,6,1,0,9,94,8
18860,"Crescent City, CA",2020-10-01,3,9,2,0,14,108,11
18860,"Crescent City, CA",2020-11-01,0,2,0,0,2,110,11
18860,"Crescent City, CA",2020-12-01,1,8,2,0,11,121,12
18860,"Crescent City, CA",2021-01-01,1,3,1,0,5,126,13
18860,"Crescent City, CA",2021-02-01,5,17,4,0,26,152,18
18860,"Crescent City, CA",2021-03-01,12,21,7,0,40,192,30
18860,"Crescent City, CA",2021-04-01,6,29,6,1,42,234,36
18860,"Crescent City, CA",2021-05-01,9,31,4,1,45,279,45
18860,"Crescent City, CA",2021-06-01,4,24,7,0,35,314,49
18860,"Crescent City, CA",2021-07-01,5,31,8,2,46,360,54
18860,"Crescent City, CA",2021-08-01,6,26,12,0,44,404,60
18860,"Crescent City, CA",2021-09-01,4,33,9,1,47,451,64
18860,"Crescent City, CA",2021-10-01,3,29,8,1,41,492,67
18860,"Crescent City, CA",2021-11-01,4,20,8,2,34,526,71
18860,"Crescent City, CA",2021-12-01,4,17,1,2,24,550,75
18860,"Crescent City, CA",2022-01-01,4,27,7,0,38,588,79
18860,"Crescent City, CA",2022-02-01,3,15,3,0,21,609,82
18860,"Crescent City, CA",2022-03-01,8,12,5,3,28,637,90
18860,"Crescent City, CA",2022-04-01,7,18,7,3,35,672,97
18860,"Crescent City, CA",2022-05-01,7,15,6,1,29,701,104
18860,"Crescent City, CA",2022-06-01,4,27,3,1,35,736,108
18860,"Crescent City, CA",2022-07-01,5,17,3,1,26,762,113
18860,"Crescent City, CA",2022-08-01,6,13,5,0,24,786,119
18860,"Crescent City, CA",2022-09-01,3,16,6,1,26,812,122
18860,"Crescent City, CA",2022-10-01,6,10,2,1,19,831,128
18860,"Crescent City, CA",2022-11-01,4,13,6,0,23,854,132
18860,"Crescent City, CA",2022-12-01,5,14,4,0,23,877,137
18860,"Crescent City, CA",2023-01-01,7,15,4,1,27,904,144
18860,"Crescent City, CA",2023-02-01,4,9,3,1,17,921,148
18860,"Crescent City, CA",2023-03-01,6,13,6,1,26,947,154
18860,"Crescent City, CA",2023-04-01,9,20,5,2,36,983,163
18860,"Crescent City, CA",2023-05-01,8,8,1,1,18,1001,171
18860,"Crescent City, CA",2023-06-01,4,13,5,0,22,1023,175
18860,"Crescent City, CA",2023-07-01,6,9,1,0,16,1039,181
18860,"Crescent City, CA",2023-08-01,0,6,2,1,9,1048,181
18860,"Crescent City, CA",2023-09-01,2,5,1,0,8,1056,183
18860,"Crescent City, CA",2023-10-01,5,14,3,0,22,1078,188
18860,"Crescent City, CA",2023-11-01,5,12,7,0,24,1102,193
18860,"Crescent City, CA",2023-12-01,8,12,5,0,25,1127,201
18860,"Crescent City, CA",2024-01-01,8,11,4,2,25,1152,209
18860,"Crescent City, CA",2024-02-01,7,12,4,1,24,1176,216
18860,"Crescent City, CA",2024-03-01,11,10,5,0,26,1202,227
18860,"Crescent City, CA",2024-04-01,8,3,7,0,18,1220,235
18860,"Crescent City, CA",2024-05-01,9,6,3,0,18,1238,244
18860,"Crescent City, CA",2024-06-01,3,9,1,0,13,1251,247
18860,"Crescent City, CA",2024-07-01,2,7,2,0,11,1262,249
18860,"Crescent City, CA",2024-08-01,0,1,0,0,1,1263,249
18860,"Crescent City, CA",2024-09-01,0,5,0,0,5,1268,249
18860,"Crescent City, CA",2024-10-01,2,6,2,0,10,1278,251
18860,"Crescent City, CA",2024-11-01,4,8,3,0,15,1293,255
18860,"Crescent City, CA",2024-12-01,4,11,2,0,17,1310,259
18860,"Crescent City, CA",2025-01-01,3,13,5,0,21,1331,262
18860,"Crescent City, CA",2025-02-01,2,6,2,2,12,1343,264
18860,"Crescent City, CA",2025-03-01,1,8,5,1,15,1358,265
18860,"Crescent City, CA",2025-04-01,4,7,5,0,16,1374,269
18860,"Crescent City, CA",2025-05-01,6,10,5,0,21,1395,275
18860,"Crescent City, CA",2025-06-01,10,6,4,0,20,1415,285
18860,"Crescent City, CA",2025-07-01,4,7,4,0,15,1430,289
18860,"Crescent City, CA",2025-08-01,5,4,0,0,9,1439,294
18860,"Crescent City, CA",2025-09-01,1,0,0,0,1,1440,295
20300,"Dumas, TX",2019-02-01,0,1,0,0,1,1,0
20300,"Dumas, TX",2019-09-01,0,3,0,0,3,4,0
20300,"Dumas, TX",2020-03-01,0,2,0,0,2,6,0
20300,"Dumas, TX",2020-04-01,0,2,0,0,2,8,0
20300,"Dumas, TX",2020-05-01,0,2,1,0,3,11,0
20300,"Dumas, TX",2020-07-01,0,2,1,0,3,14,0
20300,"Dumas, TX",2020-08-01,2,1,0,0,3,17,2
20300,"Dumas, TX",2020-10-01,0,4,2,0,6,23,2
20300,"Dumas, TX",2020-11-01,1,2,1,0,4,27,3
20300,"Dumas, TX",2020-12-01,1,2,1,0,4,31,4
20300,"Dumas, TX",2021-01-01,2,0,0,0,2,33,6
20300,"Dumas, TX",2021-02-01,0,1,1,0,2,35,6
20300,"Dumas, TX",2021-03-01,1,3,1,0,5,40,7
20300,"Dumas, TX",2021-04-01,1,5,1,0,7,47,8
20300,"Dumas, TX",2021-05-01,1,5,0,0,6,53,9
20300,"Dumas, TX",2021-06-01,2,4,1,0,7,60,11
20300,"Dumas, TX",2021-07-01,3,6,0,0,9,69,14
20300,"Dumas, TX",2021-08-01,4,6,3,0,13,82,18
20300,"Dumas, TX",2021-09-01,2,4,2,0,8,90,20
20300,"Dumas, TX",2021-10-01,0,2,1,0,3,93,20
20300,"Dumas, TX",2021-11-01,2,2,1,0,5,98,22
20300,"Dumas, TX",2021-12-01,1,5,1,0,7,105,23
20300,"Dumas, TX",2022-01-01,3,5,3,0,11,116,26
20300,"Dumas, TX",2022-02-01,3,9,2,0,14,130,29
20300,"Dumas, TX",2022-03-01,4,11,0,0,15,145,33
20300,"Dumas, TX",2022-04-01,2,4,1,0,7,152,35
20300,"Dumas, TX",2022-05-01,2,9,1,0,12,164,37
20300,"Dumas, TX",2022-06-01,0,4,2,0,6,170,37
20300,"Dumas, TX",2022-07-01,3,8,1,0,12,182,40
20300,"Dumas, TX",2022-08-01,3,8,3,0,14,196,43
20300,"Dumas, TX",2022-09-01,2,5,3,1,11,207,45
20300,"Dumas, TX",2022-10-01,5,9,3,0,17,224,50
20300,"Dumas, TX",2022-11-01,2,11,3,0,16,240,52
20300,"Dumas, TX",2022-12-01,4,6,7,0,17,257,56
20300,"Dumas, TX",2023-01-01,2,3,1,0,6,263,58
20300,"Dumas, TX",2023-02-01,4,6,4,0,14,277,62
20300,"Dumas, TX",2023-03-01,2,9,3,0,14,291,64
20300,"Dumas, TX",2023-04-01,4,6,0,0,10,301,68
20300,"Dumas, TX",2023-05-01,2,5,2,0,9,310,70
20300,"Dumas, TX",2023-06-01,4,7,1,0,12,322,74
20300,"Dumas, TX",2023-07-01,7,5,0,1,13,335,81
20300,"Dumas, TX",2023-08-01,2,6,4,0,12,347,83
20300,"Dumas, TX",2023-09-01,3,3,0,0,6,353,86
20300,"Dumas, TX",2023-10-01,3,8,0,0,11,364,89
20300,"Dumas, TX",2023-11-01,4,5,0,0,9,373,93
20300,"Dumas, TX",2023-12-01,3,9,3,0,15,388,96
20300,"Dumas, TX",2024-01-01,2,9,4,0,15,403,98
20300,"Dumas, TX",2024-02-01,5,8,1,0,14,417,103
20300,"Dumas, TX",2024-03-01,8,9,3,0,20,437,111
20300,"Dumas, TX",2024-04-01,4,5,4,0,13,450,115
20300,"Dumas, TX",2024-05-01,1,9,1,0,11,461,116
20300,"Dumas, TX",2024-06-01,0,2,1,0,3,464,116
20300,"Dumas, TX",2024-07-01,0,2,2,0,4,468,116
20300,"Dumas, TX",2024-08-01,1,6,0,0,7,475,117
20300,"Dumas, TX",2024-09-01,3,6,0,0,9,484,120
20300,"Dumas, TX",2024-10-01,1,10,1,0,12,496,121
20300,"Dumas, TX",2024-11-01,5,11,3,0,19,515,126
20300,"Dumas, TX",2024-12-01,1,5,3,0,9,524,127
20300,"Dumas, TX",2025-01-01,2,12,3,0,17,541,129
20300,"Dumas, TX",2025-02-01,2,9,3,0,14,555,131
20300,"Dumas, TX",2025-03-01,2,10,0,0,12,567,133
20300,"Dumas, TX",2025-04-01,2,3,0,0,5,572,135
20300,"Dumas, TX",2025-05-01,6,10,3,1,20,592,141
20300,"Dumas, TX",2025-06-01,4,13,4,0,21,613,145
20300,"Dumas, TX",2025-07-01,3,8,2,0,13,626,148
20300,"Dumas, TX",2025-08-01,4,0,1,0,5,631,152
41420,"Salem, OR",2019-01-01,5,32,17,2,56,56,5
41420,"Salem, OR",2019-02-01,4,39,10,1,54,110,9
41420,"Salem, OR",2019-03-01,5,47,16,1,69,179,14
41420,"Salem, OR",2019-04-01,1,59,9,2,71,250,15
41420,"Salem, OR",2019-05-01,5,69,24,0,98,348,20
41420,"Salem, OR",2019-06-01,3,51,13,0,67,415,23
41420,"Salem, OR",2019-07-01,4,38,13,0,55,470,27
41420,"Salem, OR",2019-08-01,1,50,12,3,66,536,28
41420,"Salem, OR",2019-09-01,4,62,15,0,81,617,32
41420,"Salem, OR",2019-10-01,10,38,13,2,63,680,42
41420,"Salem, OR",2019-11-01,7,59,19,1,86,766,49
41420,"Salem, OR",2019-12-01,4,33,10,0,47,813,53
41420,"Salem, OR",2020-01-01,12,65,22,5,104,917,65
41420,"Salem, OR",2020-02-01,11,65,21,2,99,1016,76
41420,"Salem, OR",2020-03-01,19,78,28,4,129,1145,95
41420,"Salem, OR",2020-04-01,75,214,54,10,353,1498,170
41420,"Salem, OR",2020-05-01,74,185,48,5,312,1810,244
41420,"Salem, OR",2020-06-01,67,159,33,5,264,2074,311
41420,"Salem, OR",2020-07-01,68,215,52,1,336,2410,379
41420,"Salem, OR",2020-08-01,97,286,57,9,449,2859,476
41420,"Salem, OR",2020-09-01,88,244,39,4,375,3234,564
41420,"Salem, OR",2020-10-01,71,221,58,3,353,3587,635
41420,"Salem, OR",2020-11-01,94,236,55,7,392,3979,729
41420,"Salem, OR",2020-12-01,41,136,19,0,196,4175,770
41420,"Salem, OR",2021-01-01,111,273,51,8,443,4618,881
41420,"Salem, OR",2021-02-01,74,183,41,3,301,4919,955
41420,"Salem, OR",2021-03-01,156,290,54,12,512,5431,1111
41420,"Salem, OR",2021-04-01,140,315,67,8,530,5961,1251
41420,"Salem, OR",2021-05-01,84,185,41,6,316,6277,1335
41420,"Salem, OR",2021-06-01,90,226,47,6,369,6646,1425
41420,"Salem, OR",2021-07-01,124,339,73,8,544,7190,1549
41420,"Salem, OR",2021-08-01,74,201,43,1,319,7509,1623
41420,"Salem, OR",2021-09-01,81,238,54,6,379,7888,1704
41420,"Salem, OR",2021-10-01,49,172,35,3,259,8147,1753
41420,"Salem, OR",2021-11-01,40,125,22,1,188,8335,1793
41420,"Salem, OR",2021-12-01,80,201,56,7,344,8679,1873
41420,"Salem, OR",2022-01-01,155,366,96,13,630,9309,2028
41420,"Salem, OR",2022-02-01,101,190,69,10,370,9679,2129
41420,"Salem, OR",2022-03-01,98,215,63,8,384,10063,2227
41420,"Salem, OR",2022-04-01,44,102,42,1,189,10252,2271
41420,"Salem, OR",2022-05-01,89,161,44,7,301,10553,2360
41420,"Salem, OR",2022-06-01,66,168,50,2,286,10839,2426
41420,"Salem, OR",2022-07-01,60,114,37,4,215,11054,2486
41420,"Salem, OR",2022-08-01,101,150,48,6,305,11359,2587
41420,"Salem, OR",2022-09-01,132,272,58,12,474,11833,2719
41420,"Salem, OR",2022-10-01,95,180,45,6,326,12159,2814
41420,"Salem, OR",2022-11-01,111,195,57,6,369,12528,2925
41420,"Salem, OR",2022-12-01,122,208,56,5,391,12919,3047
41420,"Salem, OR",2023-01-01,119,203,64,12,398,13317,3166
41420,"Salem, OR",2023-02-01,109,151,43,5,308,13625,3275
41420,"Salem, OR",2023-03-01,163,241,83,10,497,14122,3438
41420,"Salem, OR",2023-04-01,91,144,52,3,290,14412,3529
41420,"Salem, OR",2023-05-01,112,155,45,2,314,14726,3641
41420,"Salem, OR",2023-06-01,129,209,73,6,417,15143,3770
41420,"Salem, OR",2023-07-01,125,176,45,3,349,15492,3895
41420,"Salem, OR",2023-08-01,77,100,28,1,206,15698,3972
41420,"Salem, OR",2023-09-01,83,124,35,7,249,15947,4055
41420,"Salem, OR",2023-10-01,104,184,50,8,346,16293,4159
41420,"Salem, OR",2023-11-01,153,209,66,9,437,16730,4312
41420,"Salem, OR",2023-12-01,157,192,51,3,403,17133,4469
41420,"Salem, OR",2024-01-01,158,222,56,7,443,17576,4627
41420,"Salem, OR",2024-02-01,170,163,66,10,409,17985,4797
41420,"Salem, OR",2024-03-01,150,164,52,5,371,18356,4947
41420,"Salem, OR",2024-04-01,133,171,49,6,359,18715,5080
41420,"Salem, OR",2024-05-01,127,174,62,6,369,19084,5207
41420,"Salem, OR",2024-06-01,122,150,47,7,326,19410,5329
41420,"Salem, OR",2024-07-01,135,145,43,2,325,19735,5464
41420,"Salem, OR",2024-08-01,134,139,44,6,323,20058,5598
41420,"Salem, OR",2024-09-01,132,150,40,6,328,20386,5730
41420,"Salem, OR",2024-10-01,141,158,43,2,344,20730,5871
41420,"Salem, OR",2024-11-01,148,151,48,2,349,21079,6019
41420,"Salem, OR",2024-12-01,136,153,51,4,344,21423,6155
41420,"Salem, OR",2025-01-01,146,167,42,5,360,21783,6301
41420,"Salem, OR",2025-02-01,124,142,41,5,312,22095,6425
41420,"Salem, OR",2025-03-01,159,162,51,4,376,22471,6584
41420,"Salem, OR",2025-04-01,166,123,34,2,325,22796,6750
41420,"Salem, OR",2025-05-01,177,149,44,7,377,23173,6927
41420,"Salem, OR",2025-06-01,166,169,33,5,373,23546,7093
41420,"Salem, OR",2025-07-01,181,176,40,3,400,23946,7274
41420,"Salem, OR",2025-08-01,127,150,33,4,314,24260,7401
41420,"Salem, OR",2025-09-01,0,2,1,0,3,24263,7401
15860,"Cañon City, CO",2019-01-01,0,1,1,0,2,2,0
15860,"Cañon City, CO",2019-02-01,0,5,0,0,5,7,0
15860,"Cañon City, CO",2019-03-01,0,0,2,0,2,9,0
15860,"Cañon City, CO",2019-04-01,0,3,0,0,3,12,0
15860,"Cañon City, CO",2019-05-01,0,4,2,0,6,18,0
15860,"Cañon City, CO",2019-06-01,0,5,2,0,7,25,0
15860,"Cañon City, CO",2019-07-01,0,4,0,0,4,29,0
15860,"Cañon City, CO",2019-08-01,1,1,1,0,3,32,1
15860,"Cañon City, CO",2019-09-01,0,6,0,0,6,38,1
15860,"Cañon City, CO",2019-10-01,0,3,2,0,5,43,1
15860,"Cañon City, CO",2019-11-01,0,4,0,0,4,47,1
15860,"Cañon City, CO",2019-12-01,0,3,2,0,5,52,1
15860,"Cañon City, CO",2020-01-01,0,2,2,1,5,57,1
15860,"Cañon City, CO",2020-02-01,1,6,2,0,9,66,2
15860,"Cañon City, CO",2020-03-01,1,8,0,0,9,75,3
15860,"Cañon City, CO",2020-04-01,1,5,4,0,10,85,4
15860,"Cañon City, CO",2020-05-01,3,5,2,1,11,96,7
15860,"Cañon City, CO",2020-06-01,0,8,3,0,11,107,7
15860,"Cañon City, CO",2020-07-01,0,9,1,1,11,118,7
15860,"Cañon City, CO",2020-08-01,3,7,1,0,11,129,10
15860,"Cañon City, CO",2020-09-01,0,9,3,0,12,141,10
15860,"Cañon City, CO",2020-10-01,0,5,1,1,7,148,10
15860,"Cañon City, CO",2020-11-01,2,5,0,0,7,155,12
15860,"Cañon City, CO",2020-12-01,0,9,1,0,10,165,12
15860,"Cañon City, CO",2021-01-01,4,10,3,0,17,182,16
15860,"Cañon City, CO",2021-02-01,2,5,2,0,9,191,18
15860,"Cañon City, CO",2021-03-01,9,18,4,0,31,222,27
15860,"Cañon City, CO",2021-04-01,4,15,7,0,26,248,31
15860,"Cañon City, CO",2021-05-01,1,12,7,0,20,268,32
15860,"Cañon City, CO",2021-06-01,4,20,6,0,30,298,36
15860,"Cañon City, CO",2021-07-01,2,17,4,0,23,321,38
15860,"Cañon City, CO",2021-08-01,4,13,3,1,21,342,42
15860,"Cañon City, CO",2021-09-01,2,11,3,0,16,358,44
15860,"Cañon City, CO",2021-10-01,0,6,5,1,12,370,44
15860,"Cañon City, CO",2021-11-01,1,8,3,0,12,382,45
15860,"Cañon City, CO",2021-12-01,3,9,5,0,17,399,48
15860,"Cañon City, CO",2022-01-01,4,17,9,0,30,429,52
15860,"Cañon City, CO",2022-02-01,2,6,6,0,14,443,54
15860,"Cañon City, CO",2022-03-01,3,7,5,0,15,458,57
15860,"Cañon City, CO",2022-04-01,4,8,5,1,18,476,61
15860,"Cañon City, CO",2022-05-01,6,12,3,0,21,497,67
15860,"Cañon City, CO",2022-06-01,2,4,1,1,8,505,69
15860,"Cañon City, CO",2022-07-01,2,10,2,0,14,519,71
15860,"Cañon City, CO",2022-08-01,7,18,9,0,34,553,78
15860,"Cañon City, CO",2022-09-01,2,18,5,1,26,579,80
15860,"Cañon City, CO",2022-10-01,4,6,3,0,13,592,84
15860,"Cañon City, CO",2022-11-01,13,25,7,1,46,638,97
15860,"Cañon City, CO",2022-12-01,12,25,9,1,47,685,109
15860,"Cañon City, CO",2023-01-01,8,17,5,0,30,715,117
15860,"Cañon City, CO",2023-02-01,10,7,8,0,25,740,127
15860,"Cañon City, CO",2023-03-01,8,20,11,2,41,781,135
15860,"Cañon City, CO",2023-04-01,9,18,7,0,34,815,144
15860,"Cañon City, CO",2023-05-01,8,11,3,0,22,837,152
15860,"Cañon City, CO",2023-06-01,5,11,7,0,23,860,157
15860,"Cañon City, CO",2023-07-01,2,13,5,0,20,880,159
15860,"Cañon City, CO",2023-08-01,4,13,5,0,22,902,163
15860,"Cañon City, CO",2023-09-01,7,18,11,2,38,940,170
15860,"Cañon City, CO",2023-10-01,10,22,3,0,35,975,180
15860,"Cañon City, CO",2023-11-01,15,13,7,0,35,1010,195
15860,"Cañon City, CO",2023-12-01,15,16,7,1,39,1049,210
15860,"Cañon City, CO",2024-01-01,14,14,8,1,37,1086,224
15860,"Cañon City, CO",2024-02-01,5,17,8,0,30,1116,229
15860,"Cañon City, CO",2024-03-01,14,20,6,1,41,1157,243
15860,"Cañon City, CO",2024-04-01,12,17,7,1,37,1194,255
15860,"Cañon City, CO",2024-05-01,9,33,11,0,53,1247,264
15860,"Cañon City, CO",2024-06-01,4,6,7,0,17,1264,268
15860,"Cañon City, CO",2024-07-01,4,10,5,0,19,1283,272
15860,"Cañon City, CO",2024-08-01,4,3,3,0,10,1293,276
15860,"Cañon City, CO",2024-09-01,2,6,0,0,8,1301,278
15860,"Cañon City, CO",2024-10-01,9,11,11,2,33,1334,287
15860,"Cañon City, CO",2024-11-01,8,13,6,0,27,1361,295
15860,"Cañon City, CO",2024-12-01,10,15,7,0,32,1393,305
15860,"Cañon City, CO",2025-01-01,3,6,4,1,14,1407,308
15860,"Cañon City, CO",2025-02-01,4,3,2,0,9,1416,312
15860,"Cañon City, CO",2025-03-01,10,15,5,0,30,1446,322
15860,"Cañon City, CO",2025-04-01,12,12,9,0,33,1479,334
15860,"Cañon City, CO",2025-05-01,10,15,5,2,32,1511,344
15860,"Cañon City, CO",2025-06-01,11,13,9,0,33,1544,355
15860,"Cañon City, CO",2025-07-01,15,15,6,0,36,1580,370
15860,"Cañon City, CO",2025-08-01,16,17,5,1,39,1619,386
37620,"Parkersburg-Vienna, WV",2019-01-01,0,1,1,1,3,3,0
37620,"Parkersburg-Vienna, WV",2019-02-01,0,3,0,0,3,6,0
37620,"Parkersburg-Vienna, WV",2019-03-01,0,16,2,0,18,24,0
37620,"Parkersburg-Vienna, WV",2019-04-01,1,27,9,0,37,61,1
37620,"Parkersburg-Vienna, WV",2019-05-01,1,26,8,0,35,96,2
37620,"Parkersburg-Vienna, WV",2019-06-01,0,15,12,0,27,123,2
37620,"Parkersburg-Vienna, WV",2019-07-01,3,28,7,0,38,161,5
37620,"Parkersburg-Vienna, WV",2019-08-01,0,22,8,0,30,191,5
37620,"Parkersburg-Vienna, WV",2019-09-01,0,24,4,0,28,219,5
37620,"Parkersburg-Vienna, WV",2019-10-01,3,22,7,0,32,251,8
37620,"Parkersburg-Vienna, WV",2019-11-01,2,20,6,0,28,279,10
37620,"Parkersburg-Vienna, WV",2019-12-01,3,12,6,2,23,302,13
37620,"Parkersburg-Vienna, WV",2020-01-01,7,20,3,1,31,333,20
37620,"Parkersburg-Vienna, WV",2020-02-01,3,19,6,0,28,361,23
37620,"Parkersburg-Vienna, WV",2020-03-01,7,36,13,1,57,418,30
37620,"Parkersburg-Vienna, WV",2020-04-01,6,32,18,1,57,475,36
37620,"Parkersburg-Vienna, WV",2020-05-01,18,80,14,4,116,591,54
37620,"Parkersburg-Vienna, WV",2020-06-01,26,49,14,1,90,681,80
37620,"Parkersburg-Vienna, WV",2020-07-01,7,38,9,0,54,735,87
37620,"Parkersburg-Vienna, WV",2020-08-01,20,75,12,1,108,843,107
37620,"Parkersburg-Vienna, WV",2020-09-01,19,62,13,0,94,937,126
37620,"Parkersburg-Vienna, WV",2020-10-01,22,29,12,0,63,1000,148
37620,"Parkersburg-Vienna, WV",2020-11-01,16,38,12,1,67,1067,164
37620,"Parkersburg-Vienna, WV",2020-12-01,19,27,8,0,54,1121,183
37620,"Parkersburg-Vienna, WV",2021-01-01,38,87,21,2,148,1269,221
37620,"Parkersburg-Vienna, WV",2021-02-01,17,44,10,0,71,1340,238
37620,"Parkersburg-Vienna, WV",2021-03-01,51,74,16,3,144,1484,289
37620,"Parkersburg-Vienna, WV",2021-04-01,49,96,28,2,175,1659,338
37620,"Parkersburg-Vienna, WV",2021-05-01,27,62,12,1,102,1761,365
37620,"Parkersburg-Vienna, WV",2021-06-01,18,49,10,1,78,1839,383
37620,"Parkersburg-Vienna, WV",2021-07-01,22,36,11,2,71,1910,405
37620,"Parkersburg-Vienna, WV",2021-08-01,13,60,10,5,88,1998,418
37620,"Parkersburg-Vienna, WV",2021-09-01,12,43,15,3,73,2071,430
37620,"Parkersburg-Vienna, WV",2021-10-01,17,38,11,3,69,2140,447
37620,"Parkersburg-Vienna, WV",2021-11-01,16,34,15,0,65,2205,463
37620,"Parkersburg-Vienna, WV",2021-12-01,26,46,11,3,86,2291,489
37620,"Parkersburg-Vienna, WV",2022-01-01,23,33,19,0,75,2366,512
37620,"Parkersburg-Vienna, WV",2022-02-01,26,43,9,1,79,2445,538
37620,"Parkersburg-Vienna, WV",2022-03-01,23,45,14,1,83,2528,561
37620,"Parkersburg-Vienna, WV",2022-04-01,19,32,14,0,65,2593,580
37620,"Parkersburg-Vienna, WV",2022-05-01,29,45,15,1,90,2683,609
37620,"Parkersburg-Vienna, WV",2022-06-01,20,44,10,1,75,2758,629
37620,"Parkersburg-Vienna, WV",2022-07-01,18,39,17,1,75,2833,647
37620,"Parkersburg-Vienna, WV",2022-08-01,19,42,8,0,69,2902,666
37620,"Parkersburg-Vienna, WV",2022-09-01,22,46,14,1,83,2985,688
37620,"Parkersburg-Vienna, WV",2022-10-01,22,56,15,0,93,3078,710
37620,"Parkersburg-Vienna, WV",2022-11-01,27,40,11,1,79,3157,737
37620,"Parkersburg-Vienna, WV",2022-12-01,33,41,20,0,94,3251,770
37620,"Parkersburg-Vienna, WV",2023-01-01,27,29,14,1,71,3322,797
37620,"Parkersburg-Vienna, WV",2023-02-01,20,45,13,4,82,3404,817
37620,"Parkersburg-Vienna, WV",2023-03-01,42,60,15,3,120,3524,859
37620,"Parkersburg-Vienna, WV",2023-04-01,26,41,12,3,82,3606,885
37620,"Parkersburg-Vienna, WV",2023-05-01,22,22,15,1,60,3666,907
37620,"Parkersburg-Vienna, WV",2023-06-01,19,30,11,1,61,3727,926
37620,"Parkersburg-Vienna, WV",2023-07-01,14,25,6,1,46,3773,940
37620,"Parkersburg-Vienna, WV",2023-08-01,9,12,8,0,29,3802,949
37620,"Parkersburg-Vienna, WV",2023-09-01,9,27,7,0,43,3845,958
37620,"Parkersburg-Vienna, WV",2023-10-01,29,32,4,3,68,3913,987
37620,"Parkersburg-Vienna, WV",2023-11-01,36,38,12,2,88,4001,1023
37620,"Parkersburg-Vienna, WV",2023-12-01,41,45,14,2,102,4103,1064
37620,"Parkersburg-Vienna, WV",2024-01-01,26,46,18,1,91,4194,1090
37620,"Parkersburg-Vienna, WV",2024-02-01,28,42,9,3,82,4276,1118
37620,"Parkersburg-Vienna, WV",2024-03-01,24,52,15,2,93,4369,1142
37620,"Parkersburg-Vienna, WV",2024-04-01,49,44,13,1,107,4476,1191
37620,"Parkersburg-Vienna, WV",2024-05-01,39,36,20,2,97,4573,1230
37620,"Parkersburg-Vienna, WV",2024-06-01,30,28,10,1,69,4642,1260
37620,"Parkersburg-Vienna, WV",2024-07-01,15,18,12,2,47,4689,1275
37620,"Parkersburg-Vienna, WV",2024-08-01,16,39,14,1,70,4759,1291
37620,"Parkersburg-Vienna, WV",2024-09-01,19,26,7,0,52,4811,1310
37620,"Parkersburg-Vienna, WV",2024-10-01,26,49,14,1,90,4901,1336
37620,"Parkersburg-Vienna, WV",2024-11-01,31,55,11,1,98,4999,1367
37620,"Parkersburg-Vienna, WV",2024-12-01,45,37,18,0,100,5099,1412
37620,"Parkersburg-Vienna, WV",2025-01-01,33,49,19,2,103,5202,1445
37620,"Parkersburg-Vienna, WV",2025-02-01,43,34,12,0,89,5291,1488
37620,"Parkersburg-Vienna, WV",2025-03-01,47,50,15,3,115,5406,1535
37620,"Parkersburg-Vienna, WV",2025-04-01,51,51,19,1,122,5528,1586
37620,"Parkersburg-Vienna, WV",2025-05-01,52,57,17,2,128,5656,1638
37620,"Parkersburg-Vienna, WV",2025-06-01,50,48,23,3,124,5780,1688
37620,"Parkersburg-Vienna, WV",2025-07-01,28,37,13,3,81,5861,1716
37620,"Parkersburg-Vienna, WV",2025-08-01,27,37,9,1,74,5935,1743
37620,"Parkersburg-Vienna, WV",2025-09-01,1,2,0,0,3,5938,1744
24740,"Greenville, MS",2019-01-01,0,2,0,0,2,2,0
24740,"Greenville, MS",2019-02-01,0,1,1,0,2,4,0
24740,"Greenville, MS",2019-03-01,0,3,0,0,3,7,0
24740,"Greenville, MS",2019-04-01,0,3,2,0,5,12,0
24740,"Greenville, MS",2019-05-01,0,5,1,1,7,19,0
24740,"Greenville, MS",2019-06-01,0,2,0,0,2,21,0
24740,"Greenville, MS",2019-07-01,0,1,3,0,4,25,0
24740,"Greenville, MS",2019-08-01,1,2,2,0,5,30,1
24740,"Greenville, MS",2019-09-01,2,1,1,0,4,34,3
24740,"Greenville, MS",2019-10-01,0,2,0,0,2,36,3
24740,"Greenville, MS",2019-11-01,0,2,0,0,2,38,3
24740,"Greenville, MS",2019-12-01,0,2,0,0,2,40,3
24740,"Greenville, MS",2020-01-01,0,2,3,0,5,45,3
24740,"Greenville, MS",2020-03-01,0,1,1,0,2,47,3
24740,"Greenville, MS",2020-04-01,0,2,1,0,3,50,3
24740,"Greenville, MS",2020-05-01,2,1,1,0,4,54,5
24740,"Greenville, MS",2020-06-01,0,6,1,0,7,61,5
24740,"Greenville, MS",2020-07-01,1,4,0,0,5,66,6
24740,"Greenville, MS",2020-08-01,0,9,0,0,9,75,6
24740,"Greenville, MS",2020-09-01,2,4,1,0,7,82,8
24740,"Greenville, MS",2020-10-01,3,16,6,1,26,108,11
24740,"Greenville, MS",2020-11-01,1,12,2,0,15,123,12
24740,"Greenville, MS",2020-12-01,4,13,2,0,19,142,16
24740,"Greenville, MS",2021-01-01,8,20,10,0,38,180,24
24740,"Greenville, MS",2021-02-01,3,14,2,0,19,199,27
24740,"Greenville, MS",2021-03-01,4,18,6,2,30,229,31
24740,"Greenville, MS",2021-04-01,6,22,3,0,31,260,37
24740,"Greenville, MS",2021-05-01,6,39,8,0,53,313,43
24740,"Greenville, MS",2021-06-01,4,29,6,1,40,353,47
24740,"Greenville, MS",2021-07-01,10,32,8,0,50,403,57
24740,"Greenville, MS",2021-08-01,8,29,4,2,43,446,65
24740,"Greenville, MS",2021-09-01,5,24,7,0,36,482,70
24740,"Greenville, MS",2021-10-01,3,19,7,0,29,511,73
24740,"Greenville, MS",2021-11-01,9,13,5,1,28,539,82
24740,"Greenville, MS",2021-12-01,7,16,2,1,26,565,89
24740,"Greenville, MS",2022-01-01,9,24,4,1,38,603,98
24740,"Greenville, MS",2022-02-01,2,18,4,1,25,628,100
24740,"Greenville, MS",2022-03-01,12,30,5,0,47,675,112
24740,"Greenville, MS",2022-04-01,6,20,5,0,31,706,118
24740,"Greenville, MS",2022-05-01,4,22,4,0,30,736,122
24740,"Greenville, MS",2022-06-01,4,14,3,0,21,757,126
24740,"Greenville, MS",2022-07-01,6,13,8,0,27,784,132
24740,"Greenville, MS",2022-08-01,5,19,3,0,27,811,137
24740,"Greenville, MS",2022-09-01,4,19,3,1,27,838,141
24740,"Greenville, MS",2022-10-01,7,12,5,0,24,862,148
24740,"Greenville, MS",2022-11-01,2,20,6,0,28,890,150
24740,"Greenville, MS",2022-12-01,7,21,7,1,36,926,157
24740,"Greenville, MS",2023-01-01,8,18,4,0,30,956,165
24740,"Greenville, MS",2023-02-01,12,17,3,1,33,989,177
24740,"Greenville, MS",2023-03-01,9,31,7,1,48,1037,186
24740,"Greenville, MS",2023-04-01,10,20,4,1,35,1072,196
24740,"Greenville, MS",2023-05-01,10,14,5,1,30,1102,206
24740,"Greenville, MS",2023-06-01,9,16,6,0,31,1133,215
24740,"Greenville, MS",2023-07-01,12,19,5,0,36,1169,227
24740,"Greenville, MS",2023-08-01,7,26,4,0,37,1206,234
24740,"Greenville, MS",2023-09-01,8,13,5,0,26,1232,242
24740,"Greenville, MS",2023-10-01,14,18,7,0,39,1271,256
24740,"Greenville, MS",2023-11-01,8,19,3,2,32,1303,264
24740,"Greenville, MS",2023-12-01,12,24,6,1,43,1346,276
24740,"Greenville, MS",2024-01-01,8,23,3,1,35,1381,284
24740,"Greenville, MS",2024-02-01,7,9,4,1,21,1402,291
24740,"Greenville, MS",2024-03-01,13,24,3,0,40,1442,304
24740,"Greenville, MS",2024-04-01,18,20,7,0,45,1487,322
24740,"Greenville, MS",2024-05-01,16,25,7,1,49,1536,338
24740,"Greenville, MS",2024-06-01,14,29,5,1,49,1585,352
24740,"Greenville, MS",2024-07-01,13,32,2,2,49,1634,365
24740,"Greenville, MS",2024-08-01,22,22,3,1,48,1682,387
24740,"Greenville, MS",2024-09-01,11,19,5,0,35,1717,398
24740,"Greenville, MS",2024-10-01,10,14,4,0,28,1745,408
24740,"Greenville, MS",2024-11-01,17,15,1,1,34,1779,425
24740,"Greenville, MS",2024-12-01,18,25,3,1,47,1826,443
24740,"Greenville, MS",2025-01-01,18,13,5,1,37,1863,461
24740,"Greenville, MS",2025-02-01,10,7,2,0,19,1882,471
24740,"Greenville, MS",2025-03-01,15,21,8,0,44,1926,486
24740,"Greenville, MS",2025-04-01,26,22,2,0,50,1976,512
24740,"Greenville, MS",2025-05-01,19,16,9,2,46,2022,531
24740,"Greenville, MS",2025-06-01,14,13,8,0,35,2057,545
24740,"Greenville, MS",2025-07-01,16,17,4,0,37,2094,561
24740,"Greenville, MS",2025-08-01,14,13,5,3,35,2129,575
24740,"Greenville, MS",2025-09-01,0,1,0,0,1,2130,575
15220,"Brownwood, TX",2019-01-01,0,0,1,0,1,1,0
15220,"Brownwood, TX",2019-03-01,0,1,1,0,2,3,0
15220,"Brownwood, TX",2019-04-01,0,2,1,0,3,6,0
15220,"Brownwood, TX",2019-05-01,0,2,0,0,2,8,0
15220,"Brownwood, TX",2019-06-01,0,2,0,0,2,10,0
15220,"Brownwood, TX",2019-07-01,0,3,1,0,4,14,0
15220,"Brownwood, TX",2019-08-01,1,3,0,0,4,18,1
15220,"Brownwood, TX",2019-09-01,0,2,1,0,3,21,1
15220,"Brownwood, TX",2019-10-01,0,2,1,1,4,25,1
15220,"Brownwood, TX",2019-11-01,0,2,0,0,2,27,1
15220,"Brownwood, TX",2019-12-01,0,1,0,0,1,28,1
15220,"Brownwood, TX",2020-01-01,0,2,1,0,3,31,1
15220,"Brownwood, TX",2020-02-01,1,1,1,0,3,34,2
15220,"Brownwood, TX",2020-03-01,0,3,3,0,6,40,2
15220,"Brownwood, TX",2020-04-01,1,7,3,0,11,51,3
15220,"Brownwood, TX",2020-05-01,1,6,4,0,11,62,4
15220,"Brownwood, TX",2020-06-01,0,3,0,0,3,65,4
15220,"Brownwood, TX",2020-07-01,1,7,6,0,14,79,5
15220,"Brownwood, TX",2020-08-01,3,4,3,0,10,89,8
15220,"Brownwood, TX",2020-09-01,0,7,3,0,10,99,8
15220,"Brownwood, TX",2020-10-01,1,6,3,0,10,109,9
15220,"Brownwood, TX",2020-11-01,6,10,2,1,19,128,15
15220,"Brownwood, TX",2020-12-01,5,14,3,1,23,151,20
15220,"Brownwood, TX",2021-01-01,21,20,6,0,47,198,41
15220,"Brownwood, TX",2021-02-01,11,16,2,0,29,227,52
15220,"Brownwood, TX",2021-03-01,12,21,3,1,37,264,64
15220,"Brownwood, TX",2021-04-01,14,18,1,1,34,298,78
15220,"Brownwood, TX",2021-05-01,7,51,6,0,64,362,85
15220,"Brownwood, TX",2021-06-01,9,25,5,0,39,401,94
15220,"Brownwood, TX",2021-07-01,8,35,8,1,52,453,102
15220,"Brownwood, TX",2021-08-01,5,29,6,0,40,493,107
15220,"Brownwood, TX",2021-09-01,5,17,4,1,27,520,112
15220,"Brownwood, TX",2021-10-01,7,18,7,0,32,552,119
15220,"Brownwood, TX",2021-11-01,6,28,3,0,37,589,125
15220,"Brownwood, TX",2021-12-01,15,22,6,2,45,634,140
15220,"Brownwood, TX",2022-01-01,7,22,12,0,41,675,147
15220,"Brownwood, TX",2022-02-01,6,16,6,1,29,704,153
15220,"Brownwood, TX",2022-03-01,13,30,6,1,50,754,166
15220,"Brownwood, TX",2022-04-01,6,19,7,0,32,786,172
15220,"Brownwood, TX",2022-05-01,12,20,5,0,37,823,184
15220,"Brownwood, TX",2022-06-01,13,21,4,0,38,861,197
15220,"Brownwood, TX",2022-07-01,8,10,6,0,24,885,205
15220,"Brownwood, TX",2022-08-01,7,17,4,1,29,914,212
15220,"Brownwood, TX",2022-09-01,11,19,6,1,37,951,223
15220,"Brownwood, TX",2022-10-01,10,13,4,1,28,979,233
15220,"Brownwood, TX",2022-11-01,7,13,6,0,26,1005,240
15220,"Brownwood, TX",2022-12-01,7,8,5,0,20,1025,247
15220,"Brownwood, TX",2023-01-01,11,17,3,0,31,1056,258
15220,"Brownwood, TX",2023-02-01,7,12,5,0,24,1080,265
15220,"Brownwood, TX",2023-03-01,13,20,3,1,37,1117,278
15220,"Brownwood, TX",2023-04-01,7,17,4,0,28,1145,285
15220,"Brownwood, TX",2023-05-01,6,18,6,1,31,1176,291
15220,"Brownwood, TX",2023-06-01,9,17,6,1,33,1209,300
15220,"Brownwood, TX",2023-07-01,18,13,8,0,39,1248,318
15220,"Brownwood, TX",2023-08-01,4,7,2,0,13,1261,322
15220,"Brownwood, TX",2023-09-01,6,6,3,0,15,1276,328
15220,"Brownwood, TX",2023-10-01,10,15,6,1,32,1308,338
15220,"Brownwood, TX",2023-11-01,11,24,6,2,43,1351,349
15220,"Brownwood, TX",2023-12-01,16,18,6,1,41,1392,365
15220,"Brownwood, TX",2024-01-01,11,17,7,2,37,1429,376
15220,"Brownwood, TX",2024-02-01,20,19,8,0,47,1476,396
15220,"Brownwood, TX",2024-03-01,20,19,10,1,50,1526,416
15220,"Brownwood, TX",2024-04-01,14,12,5,1,32,1558,430
15220,"Brownwood, TX",2024-05-01,5,5,3,0,13,1571,435
15220,"Brownwood, TX",2024-06-01,8,4,3,0,15,1586,443
15220,"Brownwood, TX",2024-07-01,2,6,1,0,9,1595,445
15220,"Brownwood, TX",2024-08-01,2,9,6,0,17,1612,447
15220,"Brownwood, TX",2024-09-01,14,15,7,1,37,1649,461
15220,"Brownwood, TX",2024-10-01,17,26,6,0,49,1698,478
15220,"Brownwood, TX",2024-11-01,12,20,6,1,39,1737,490
15220,"Brownwood, TX",2024-12-01,7,18,5,0,30,1767,497
15220,"Brownwood, TX",2025-01-01,7,15,7,0,29,1796,504
15220,"Brownwood, TX",2025-02-01,7,16,4,1,28,1824,511
15220,"Brownwood, TX",2025-03-01,19,21,7,0,47,1871,530
15220,"Brownwood, TX",2025-04-01,15,19,7,1,42,1913,545
15220,"Brownwood, TX",2025-05-01,12,14,5,1,32,1945,557
15220,"Brownwood, TX",2025-06-01,12,26,14,2,54,1999,569
15220,"Brownwood, TX",2025-07-01,16,16,9,0,41,2040,585
15220,"Brownwood, TX",2025-08-01,9,26,5,0,40,2080,594
15220,"Brownwood, TX",2025-09-01,0,1,0,0,1,2081,594
28860,"Kirksville, MO",2019-01-01,0,1,0,0,1,1,0
28860,"Kirksville, MO",2019-02-01,1,1,0,0,2,3,1
28860,"Kirksville, MO",2019-03-01,0,1,0,0,1,4,1
28860,"Kirksville, MO",2019-04-01,0,1,0,0,1,5,1
28860,"Kirksville, MO",2019-05-01,2,0,0,0,2,7,3
28860,"Kirksville, MO",2019-07-01,0,2,1,0,3,10,3
28860,"Kirksville, MO",2019-08-01,0,2,0,0,2,12,3
28860,"Kirksville, MO",2019-09-01,0,1,0,0,1,13,3
28860,"Kirksville, MO",2019-10-01,0,1,1,0,2,15,3
28860,"Kirksville, MO",2019-11-01,0,2,0,0,2,17,3
28860,"Kirksville, MO",2019-12-01,0,1,0,0,1,18,3
28860,"Kirksville, MO",2020-02-01,0,2,0,0,2,20,3
28860,"Kirksville, MO",2020-03-01,2,2,0,0,4,24,5
28860,"Kirksville, MO",2020-04-01,3,9,1,0,13,37,8
28860,"Kirksville, MO",2020-05-01,9,7,0,0,16,53,17
28860,"Kirksville, MO",2020-06-01,3,7,1,0,11,64,20
28860,"Kirksville, MO",2020-07-01,3,6,0,0,9,73,23
28860,"Kirksville, MO",2020-08-01,1,0,1,0,2,75,24
28860,"Kirksville, MO",2020-09-01,0,4,0,0,4,79,24
28860,"Kirksville, MO",2020-10-01,6,16,4,0,26,105,30
28860,"Kirksville, MO",2020-11-01,6,7,0,0,13,118,36
28860,"Kirksville, MO",2020-12-01,6,13,2,0,21,139,42
28860,"Kirksville, MO",2021-01-01,9,21,1,0,31,170,51
28860,"Kirksville, MO",2021-02-01,15,19,2,0,36,206,66
28860,"Kirksville, MO",2021-03-01,18,15,5,1,39,245,84
28860,"Kirksville, MO",2021-04-01,14,20,5,0,39,284,98
28860,"Kirksville, MO",2021-05-01,17,32,6,0,55,339,115
28860,"Kirksville, MO",2021-06-01,7,20,7,0,34,373,122
28860,"Kirksville, MO",2021-07-01,13,20,6,2,41,414,135
28860,"Kirksville, MO",2021-08-01,10,25,1,1,37,451,145
28860,"Kirksville, MO",2021-09-01,11,25,7,0,43,494,156
28860,"Kirksville, MO",2021-10-01,9,18,6,1,34,528,165
28860,"Kirksville, MO",2021-11-01,9,17,7,0,33,561,174
28860,"Kirksville, MO",2021-12-01,4,22,5,1,32,593,178
28860,"Kirksville, MO",2022-01-01,17,25,1,0,43,636,195
28860,"Kirksville, MO",2022-02-01,10,15,5,0,30,666,205
28860,"Kirksville, MO",2022-03-01,13,24,6,0,43,709,218
28860,"Kirksville, MO",2022-04-01,8,25,1,0,34,743,226
28860,"Kirksville, MO",2022-05-01,8,14,1,0,23,766,234
28860,"Kirksville, MO",2022-06-01,7,25,0,0,32,798,241
28860,"Kirksville, MO",2022-07-01,6,8,6,0,20,818,247
28860,"Kirksville, MO",2022-08-01,2,10,5,0,17,835,249
28860,"Kirksville, MO",2022-09-01,12,14,3,1,30,865,261
28860,"Kirksville, MO",2022-10-01,10,15,3,0,28,893,271
28860,"Kirksville, MO",2022-11-01,14,15,2,0,31,924,285
28860,"Kirksville, MO",2022-12-01,17,19,4,0,40,964,302
28860,"Kirksville, MO",2023-01-01,8,14,1,0,23,987,310
28860,"Kirksville, MO",2023-02-01,19,10,4,0,33,1020,329
28860,"Kirksville, MO",2023-03-01,19,13,3,0,35,1055,348
28860,"Kirksville, MO",2023-04-01,11,12,3,1,27,1082,359
28860,"Kirksville, MO",2023-05-01,14,4,0,1,19,1101,373
28860,"Kirksville, MO",2023-06-01,11,5,6,0,22,1123,384
28860,"Kirksville, MO",2023-07-01,8,13,1,0,22,1145,392
28860,"Kirksville, MO",2023-08-01,6,7,8,1,22,1167,398
28860,"Kirksville, MO",2023-09-01,11,5,5,0,21,1188,409
28860,"Kirksville, MO",2023-10-01,11,5,5,1,22,1210,420
28860,"Kirksville, MO",2023-11-01,11,10,3,0,24,1234,431
28860,"Kirksville, MO",2023-12-01,8,7,4,1,20,1254,439
28860,"Kirksville, MO",2024-01-01,17,14,2,0,33,1287,456
28860,"Kirksville, MO",2024-02-01,15,7,1,0,23,1310,471
28860,"Kirksville, MO",2024-03-01,13,9,6,1,29,1339,484
28860,"Kirksville, MO",2024-04-01,7,18,5,0,30,1369,491
28860,"Kirksville, MO",2024-05-01,11,9,3,0,23,1392,502
28860,"Kirksville, MO",2024-06-01,9,1,1,0,11,1403,511
28860,"Kirksville, MO",2024-07-01,5,11,2,0,18,1421,516
28860,"Kirksville, MO",2024-08-01,7,8,1,0,16,1437,523
28860,"Kirksville, MO",2024-09-01,9,7,1,0,17,1454,532
28860,"Kirksville, MO",2024-10-01,17,12,6,0,35,1489,549
28860,"Kirksville, MO",2024-11-01,16,16,4,0,36,1525,565
28860,"Kirksville, MO",2024-12-01,15,8,2,0,25,1550,580
28860,"Kirksville, MO",2025-01-01,14,19,4,0,37,1587,594
28860,"Kirksville, MO",2025-02-01,12,9,1,0,22,1609,606
28860,"Kirksville, MO",2025-03-01,14,12,4,0,30,1639,620
28860,"Kirksville, MO",2025-04-01,16,6,4,0,26,1665,636
28860,"Kirksville, MO",2025-05-01,18,14,3,1,36,1701,654
28860,"Kirksville, MO",2025-06-01,7,3,1,0,11,1712,661
28860,"Kirksville, MO",2025-07-01,10,4,0,1,15,1727,671
28860,"Kirksville, MO",2025-08-01,16,6,2,0,24,1751,687
28860,"Kirksville, MO",2025-09-01,0,0,1,0,1,1752,687
34940,"Naples-Marco Island, FL",2019-01-01,4,39,20,0,63,63,4
34940,"Naples-Marco Island, FL",2019-02-01,1,46,25,1,73,136,5
34940,"Naples-Marco Island, FL",2019-03-01,3,61,26,3,93,229,8
34940,"Naples-Marco Island, FL",2019-04-01,5,65,12,4,86,315,13
34940,"Naples-Marco Island, FL",2019-05-01,4,68,22,1,95,410,17
34940,"Naples-Marco Island, FL",2019-06-01,2,45,16,1,64,474,19
34940,"Naples-Marco Island, FL",2019-07-01,5,48,18,3,74,548,24
34940,"Naples-Marco Island, FL",2019-08-01,5,51,22,4,82,630,29
34940,"Naples-Marco Island, FL",2019-09-01,11,55,34,4,104,734,40
34940,"Naples-Marco Island, FL",2019-10-01,5,56,18,2,81,815,45
34940,"Naples-Marco Island, FL",2019-11-01,5,52,25,1,83,898,50
34940,"Naples-Marco Island, FL",2019-12-01,9,53,18,2,82,980,59
34940,"Naples-Marco Island, FL",2020-01-01,10,75,33,2,120,1100,69
34940,"Naples-Marco Island, FL",2020-02-01,14,69,19,1,103,1203,83
34940,"Naples-Marco Island, FL",2020-03-01,6,58,31,4,99,1302,89
34940,"Naples-Marco Island, FL",2020-04-01,24,155,67,8,254,1556,113
34940,"Naples-Marco Island, FL",2020-05-01,61,173,72,6,312,1868,174
34940,"Naples-Marco Island, FL",2020-06-01,32,82,28,3,145,2013,206
34940,"Naples-Marco Island, FL",2020-07-01,42,151,48,7,248,2261,248
34940,"Naples-Marco Island, FL",2020-08-01,56,179,61,7,303,2564,304
34940,"Naples-Marco Island, FL",2020-09-01,51,180,59,5,295,2859,355
34940,"Naples-Marco Island, FL",2020-10-01,32,115,40,3,190,3049,387
34940,"Naples-Marco Island, FL",2020-11-01,20,53,18,6,97,3146,407
34940,"Naples-Marco Island, FL",2020-12-01,41,134,61,5,241,3387,448
34940,"Naples-Marco Island, FL",2021-01-01,109,270,108,13,500,3887,557
34940,"Naples-Marco Island, FL",2021-02-01,85,243,87,15,430,4317,642
34940,"Naples-Marco Island, FL",2021-03-01,110,244,76,10,440,4757,752
34940,"Naples-Marco Island, FL",2021-04-01,97,291,77,7,472,5229,849
34940,"Naples-Marco Island, FL",2021-05-01,107,250,89,8,454,5683,956
34940,"Naples-Marco Island, FL",2021-06-01,51,147,55,3,256,5939,1007
34940,"Naples-Marco Island, FL",2021-07-01,40,159,39,6,244,6183,1047
34940,"Naples-Marco Island, FL",2021-08-01,44,143,54,5,246,6429,1091
34940,"Naples-Marco Island, FL",2021-09-01,43,139,64,10,256,6685,1134
34940,"Naples-Marco Island, FL",2021-10-01,20,85,29,5,139,6824,1154
34940,"Naples-Marco Island, FL",2021-11-01,49,124,46,7,226,7050,1203
34940,"Naples-Marco Island, FL",2021-12-01,113,197,93,9,412,7462,1316
34940,"Naples-Marco Island, FL",2022-01-01,165,316,114,15,610,8072,1481
34940,"Naples-Marco Island, FL",2022-02-01,67,126,52,9,254,8326,1548
34940,"Naples-Marco Island, FL",2022-03-01,106,230,64,10,410,8736,1654
34940,"Naples-Marco Island, FL",2022-04-01,81,219,75,6,381,9117,1735
34940,"Naples-Marco Island, FL",2022-05-01,98,212,76,4,390,9507,1833
34940,"Naples-Marco Island, FL",2022-06-01,27,87,37,3,154,9661,1860
34940,"Naples-Marco Island, FL",2022-07-01,21,63,34,3,121,9782,1881
34940,"Naples-Marco Island, FL",2022-08-01,21,76,35,2,134,9916,1902
34940,"Naples-Marco Island, FL",2022-09-01,58,135,50,6,249,10165,1960
34940,"Naples-Marco Island, FL",2022-10-01,132,215,92,11,450,10615,2092
34940,"Naples-Marco Island, FL",2022-11-01,86,186,86,11,369,10984,2178
34940,"Naples-Marco Island, FL",2022-12-01,109,171,72,8,360,11344,2287
34940,"Naples-Marco Island, FL",2023-01-01,82,209,82,7,380,11724,2369
34940,"Naples-Marco Island, FL",2023-02-01,76,163,59,9,307,12031,2445
34940,"Naples-Marco Island, FL",2023-03-01,107,224,80,6,417,12448,2552
34940,"Naples-Marco Island, FL",2023-04-01,106,199,73,5,383,12831,2658
34940,"Naples-Marco Island, FL",2023-05-01,58,111,38,4,211,13042,2716
34940,"Naples-Marco Island, FL",2023-06-01,35,75,29,1,140,13182,2751
34940,"Naples-Marco Island, FL",2023-07-01,37,94,17,1,149,13331,2788
34940,"Naples-Marco Island, FL",2023-08-01,25,97,31,4,157,13488,2813
34940,"Naples-Marco Island, FL",2023-09-01,27,131,37,3,198,13686,2840
34940,"Naples-Marco Island, FL",2023-10-01,31,118,34,3,186,13872,2871
34940,"Naples-Marco Island, FL",2023-11-01,48,228,65,3,344,14216,2919
34940,"Naples-Marco Island, FL",2023-12-01,102,306,89,12,509,14725,3021
34940,"Naples-Marco Island, FL",2024-01-01,127,366,91,12,596,15321,3148
34940,"Naples-Marco Island, FL",2024-02-01,111,290,98,4,503,15824,3259
34940,"Naples-Marco Island, FL",2024-03-01,138,322,103,4,567,16391,3397
34940,"Naples-Marco Island, FL",2024-04-01,122,280,78,5,485,16876,3519
34940,"Naples-Marco Island, FL",2024-05-01,106,273,80,8,467,17343,3625
34940,"Naples-Marco Island, FL",2024-06-01,62,152,48,2,264,17607,3687
34940,"Naples-Marco Island, FL",2024-07-01,20,81,37,5,143,17750,3707
34940,"Naples-Marco Island, FL",2024-08-01,19,60,23,3,105,17855,3726
34940,"Naples-Marco Island, FL",2024-09-01,20,79,28,1,128,17983,3746
34940,"Naples-Marco Island, FL",2024-10-01,51,186,60,5,302,18285,3797
34940,"Naples-Marco Island, FL",2024-11-01,73,233,52,6,364,18649,3870
34940,"Naples-Marco Island, FL",2024-12-01,75,206,45,4,330,18979,3945
34940,"Naples-Marco Island, FL",2025-01-01,87,256,79,8,430,19409,4032
34940,"Naples-Marco Island, FL",2025-02-01,86,198,80,7,371,19780,4118
34940,"Naples-Marco Island, FL",2025-03-01,99,218,69,7,393,20173,4217
34940,"Naples-Marco Island, FL",2025-04-01,85,181,58,6,330,20503,4302
34940,"Naples-Marco Island, FL",2025-05-01,41,79,22,3,145,20648,4343
34940,"Naples-Marco Island, FL",2025-06-01,18,58,10,0,86,20734,4361
34940,"Naples-Marco Island, FL",2025-07-01,28,49,16,0,93,20827,4389
34940,"Naples-Marco Island, FL",2025-08-01,26,84,26,1,137,20964,4415
34940,"Naples-Marco Island, FL",2025-09-01,1,0,0,0,1,20965,4416
17580,"Clovis, NM",2019-01-01,0,2,0,0,2,2,0
17580,"Clovis, NM",2019-02-01,0,3,0,0,3,5,0
17580,"Clovis, NM",2019-03-01,0,1,0,0,1,6,0
17580,"Clovis, NM",2019-04-01,0,1,0,0,1,7,0
17580,"Clovis, NM",2019-05-01,0,9,2,0,11,18,0
17580,"Clovis, NM",2019-06-01,0,7,0,0,7,25,0
17580,"Clovis, NM",2019-07-01,0,5,3,0,8,33,0
17580,"Clovis, NM",2019-08-01,2,7,2,1,12,45,2
17580,"Clovis, NM",2019-09-01,1,9,0,1,11,56,3
17580,"Clovis, NM",2019-10-01,1,10,1,1,13,69,4
17580,"Clovis, NM",2019-11-01,1,7,0,0,8,77,5
17580,"Clovis, NM",2019-12-01,1,8,2,0,11,88,6
17580,"Clovis, NM",2020-01-01,1,8,0,0,9,97,7
17580,"Clovis, NM",2020-02-01,1,16,1,0,18,115,8
17580,"Clovis, NM",2020-03-01,0,11,3,0,14,129,8
17580,"Clovis, NM",2020-04-01,5,18,9,1,33,162,13
17580,"Clovis, NM",2020-05-01,6,19,3,0,28,190,19
17580,"Clovis, NM",2020-06-01,4,20,1,0,25,215,23
17580,"Clovis, NM",2020-07-01,3,28,5,0,36,251,26
17580,"Clovis, NM",2020-08-01,1,10,3,0,14,265,27
17580,"Clovis, NM",2020-09-01,1,11,1,0,13,278,28
17580,"Clovis, NM",2020-10-01,1,14,1,1,17,295,29
17580,"Clovis, NM",2020-11-01,4,20,2,0,26,321,33
17580,"Clovis, NM",2020-12-01,7,18,3,0,28,349,40
17580,"Clovis, NM",2021-01-01,5,27,2,1,35,384,45
17580,"Clovis, NM",2021-02-01,5,19,4,1,29,413,50
17580,"Clovis, NM",2021-03-01,6,22,7,0,35,448,56
17580,"Clovis, NM",2021-04-01,11,45,6,0,62,510,67
17580,"Clovis, NM",2021-05-01,15,53,6,0,74,584,82
17580,"Clovis, NM",2021-06-01,18,28,5,2,53,637,100
17580,"Clovis, NM",2021-07-01,9,38,5,1,53,690,109
17580,"Clovis, NM",2021-08-01,8,21,6,0,35,725,117
17580,"Clovis, NM",2021-09-01,5,31,8,0,44,769,122
17580,"Clovis, NM",2021-10-01,4,29,9,1,43,812,126
17580,"Clovis, NM",2021-11-01,13,22,7,1,43,855,139
17580,"Clovis, NM",2021-12-01,11,31,8,0,50,905,150
17580,"Clovis, NM",2022-01-01,18,45,10,4,77,982,168
17580,"Clovis, NM",2022-02-01,17,24,9,0,50,1032,185
17580,"Clovis, NM",2022-03-01,16,28,7,0,51,1083,201
17580,"Clovis, NM",2022-04-01,17,28,2,0,47,1130,218
17580,"Clovis, NM",2022-05-01,7,34,4,0,45,1175,225
17580,"Clovis, NM",2022-06-01,17,33,3,0,53,1228,242
17580,"Clovis, NM",2022-07-01,15,33,6,0,54,1282,257
17580,"Clovis, NM",2022-08-01,13,35,2,0,50,1332,270
17580,"Clovis, NM",2022-09-01,23,45,9,0,77,1409,293
17580,"Clovis, NM",2022-10-01,6,16,4,0,26,1435,299
17580,"Clovis, NM",2022-11-01,13,31,11,0,55,1490,312
17580,"Clovis, NM",2022-12-01,20,27,5,1,53,1543,332
17580,"Clovis, NM",2023-01-01,12,21,4,0,37,1580,344
17580,"Clovis, NM",2023-02-01,15,24,7,0,46,1626,359
17580,"Clovis, NM",2023-03-01,21,50,14,2,87,1713,380
17580,"Clovis, NM",2023-04-01,16,28,6,0,50,1763,396
17580,"Clovis, NM",2023-05-01,15,26,11,0,52,1815,411
17580,"Clovis, NM",2023-06-01,20,25,4,1,50,1865,431
17580,"Clovis, NM",2023-07-01,22,26,2,2,52,1917,453
17580,"Clovis, NM",2023-08-01,8,19,1,1,29,1946,461
17580,"Clovis, NM",2023-09-01,11,21,4,0,36,1982,472
17580,"Clovis, NM",2023-10-01,19,19,4,1,43,2025,491
17580,"Clovis, NM",2023-11-01,36,24,17,1,78,2103,527
17580,"Clovis, NM",2023-12-01,32,25,6,0,63,2166,559
17580,"Clovis, NM",2024-01-01,22,30,8,0,60,2226,581
17580,"Clovis, NM",2024-02-01,28,21,8,0,57,2283,609
17580,"Clovis, NM",2024-03-01,22,30,5,0,57,2340,631
17580,"Clovis, NM",2024-04-01,14,28,7,1,50,2390,645
17580,"Clovis, NM",2024-05-01,10,16,4,0,30,2420,655
17580,"Clovis, NM",2024-06-01,9,8,3,0,20,2440,664
17580,"Clovis, NM",2024-07-01,4,5,1,0,10,2450,668
17580,"Clovis, NM",2024-08-01,6,8,1,1,16,2466,674
17580,"Clovis, NM",2024-09-01,12,28,1,1,42,2508,686
17580,"Clovis, NM",2024-10-01,27,56,16,1,100,2608,713
17580,"Clovis, NM",2024-11-01,25,27,8,1,61,2669,738
17580,"Clovis, NM",2024-12-01,31,35,9,1,76,2745,769
17580,"Clovis, NM",2025-01-01,12,29,5,1,47,2792,781
17580,"Clovis, NM",2025-02-01,16,32,12,2,62,2854,797
17580,"Clovis, NM",2025-03-01,29,34,8,0,71,2925,826
17580,"Clovis, NM",2025-04-01,26,26,7,0,59,2984,852
17580,"Clovis, NM",2025-05-01,20,26,3,3,52,3036,872
17580,"Clovis, NM",2025-06-01,13,27,3,0,43,3079,885
17580,"Clovis, NM",2025-07-01,10,11,5,0,26,3105,895
17580,"Clovis, NM",2025-08-01,6,16,0,0,22,3127,901
17580,"Clovis, NM",2025-09-01,0,1,0,0,1,3128,901
47820,"Washington, NC",2019-01-01,0,1,0,0,1,1,0
47820,"Washington, NC",2019-02-01,0,2,0,0,2,3,0
47820,"Washington, NC",2019-03-01,0,2,0,0,2,5,0
47820,"Washington, NC",2019-04-01,0,9,2,0,11,16,0
47820,"Washington, NC",2019-05-01,0,3,2,0,5,21,0
47820,"Washington, NC",2019-06-01,0,9,1,1,11,32,0
47820,"Washington, NC",2019-07-01,0,4,3,0,7,39,0
47820,"Washington, NC",2019-08-01,1,2,3,0,6,45,1
47820,"Washington, NC",2019-09-01,0,1,0,0,1,46,1
47820,"Washington, NC",2019-10-01,0,5,2,0,7,53,1
47820,"Washington, NC",2019-11-01,2,0,1,0,3,56,3
47820,"Washington, NC",2019-12-01,0,3,0,0,3,59,3
47820,"Washington, NC",2020-01-01,0,3,2,1,6,65,3
47820,"Washington, NC",2020-02-01,0,5,2,1,8,73,3
47820,"Washington, NC",2020-03-01,4,13,2,0,19,92,7
47820,"Washington, NC",2020-04-01,3,19,2,0,24,116,10
47820,"Washington, NC",2020-05-01,3,21,7,0,31,147,13
47820,"Washington, NC",2020-06-01,4,11,1,0,16,163,17
47820,"Washington, NC",2020-07-01,5,18,0,0,23,186,22
47820,"Washington, NC",2020-08-01,7,28,7,0,42,228,29
47820,"Washington, NC",2020-09-01,3,19,4,1,27,255,32
47820,"Washington, NC",2020-10-01,3,22,4,0,29,284,35
47820,"Washington, NC",2020-11-01,3,11,4,0,18,302,38
47820,"Washington, NC",2020-12-01,6,20,4,0,30,332,44
47820,"Washington, NC",2021-01-01,12,28,7,1,48,380,56
47820,"Washington, NC",2021-02-01,6,38,8,2,54,434,62
47820,"Washington, NC",2021-03-01,11,34,9,0,54,488,73
47820,"Washington, NC",2021-04-01,8,30,9,0,47,535,81
47820,"Washington, NC",2021-05-01,16,33,6,1,56,591,97
47820,"Washington, NC",2021-06-01,6,18,9,0,33,624,103
47820,"Washington, NC",2021-07-01,9,21,6,0,36,660,112
47820,"Washington, NC",2021-08-01,13,37,3,0,53,713,125
47820,"Washington, NC",2021-09-01,5,21,10,1,37,750,130
47820,"Washington, NC",2021-10-01,3,15,3,0,21,771,133
47820,"Washington, NC",2021-11-01,12,20,4,1,37,808,145
47820,"Washington, NC",2021-12-01,14,27,6,0,47,855,159
47820,"Washington, NC",2022-01-01,22,33,12,1,68,923,181
47820,"Washington, NC",2022-02-01,12,24,5,0,41,964,193
47820,"Washington, NC",2022-03-01,26,30,10,0,66,1030,219
47820,"Washington, NC",2022-04-01,14,27,7,0,48,1078,233
47820,"Washington, NC",2022-05-01,14,32,10,0,56,1134,247
47820,"Washington, NC",2022-06-01,16,14,10,0,40,1174,263
47820,"Washington, NC",2022-07-01,14,16,14,0,44,1218,277
47820,"Washington, NC",2022-08-01,10,28,1,2,41,1259,287
47820,"Washington, NC",2022-09-01,10,22,4,2,38,1297,297
47820,"Washington, NC",2022-10-01,9,21,5,0,35,1332,306
47820,"Washington, NC",2022-11-01,18,26,5,0,49,1381,324
47820,"Washington, NC",2022-12-01,25,31,10,1,67,1448,349
47820,"Washington, NC",2023-01-01,22,27,8,0,57,1505,371
47820,"Washington, NC",2023-02-01,25,18,5,0,48,1553,396
47820,"Washington, NC",2023-03-01,23,36,12,4,75,1628,419
47820,"Washington, NC",2023-04-01,20,33,9,2,64,1692,439
47820,"Washington, NC",2023-05-01,25,34,11,1,71,1763,464
47820,"Washington, NC",2023-06-01,18,19,10,1,48,1811,482
47820,"Washington, NC",2023-07-01,20,35,7,0,62,1873,502
47820,"Washington, NC",2023-08-01,16,23,17,1,57,1930,518
47820,"Washington, NC",2023-09-01,14,26,9,0,49,1979,532
47820,"Washington, NC",2023-10-01,17,24,8,0,49,2028,549
47820,"Washington, NC",2023-11-01,16,35,9,1,61,2089,565
47820,"Washington, NC",2023-12-01,24,23,5,2,54,2143,589
47820,"Washington, NC",2024-01-01,23,38,12,2,75,2218,612
47820,"Washington, NC",2024-02-01,24,29,9,0,62,2280,636
47820,"Washington, NC",2024-03-01,30,36,9,0,75,2355,666
47820,"Washington, NC",2024-04-01,23,26,12,0,61,2416,689
47820,"Washington, NC",2024-05-01,25,37,10,1,73,2489,714
47820,"Washington, NC",2024-06-01,28,35,10,2,75,2564,742
47820,"Washington, NC",2024-07-01,20,19,10,1,50,2614,762
47820,"Washington, NC",2024-08-01,15,22,6,1,44,2658,777
47820,"Washington, NC",2024-09-01,19,37,6,2,64,2722,796
47820,"Washington, NC",2024-10-01,21,37,11,2,71,2793,817
47820,"Washington, NC",2024-11-01,22,26,5,0,53,2846,839
47820,"Washington, NC",2024-12-01,30,24,7,0,61,2907,869
47820,"Washington, NC",2025-01-01,19,26,9,2,56,2963,888
47820,"Washington, NC",2025-02-01,16,17,4,0,37,3000,904
47820,"Washington, NC",2025-03-01,20,25,12,1,58,3058,924
47820,"Washington, NC",2025-04-01,21,15,11,1,48,3106,945
47820,"Washington, NC",2025-05-01,23,18,9,0,50,3156,968
47820,"Washington, NC",2025-06-01,16,20,10,1,47,3203,984
47820,"Washington, NC",2025-07-01,20,21,14,1,56,3259,1004
47820,"Washington, NC",2025-08-01,8,15,7,0,30,3289,1012
33260,"Midland, TX",2019-01-01,0,26,14,0,40,40,0
33260,"Midland, TX",2019-02-01,0,22,3,0,25,65,0
33260,"Midland, TX",2019-03-01,0,22,11,2,35,100,0
33260,"Midland, TX",2019-04-01,3,43,10,1,57,157,3
33260,"Midland, TX",2019-05-01,2,48,15,0,65,222,5
33260,"Midland, TX",2019-06-01,2,34,11,0,47,269,7
33260,"Midland, TX",2019-07-01,5,53,11,0,69,338,12
33260,"Midland, TX",2019-08-01,0,59,6,1,66,404,12
33260,"Midland, TX",2019-09-01,2,56,18,1,77,481,14
33260,"Midland, TX",2019-10-01,1,59,14,2,76,557,15
33260,"Midland, TX",2019-11-01,3,39,14,4,60,617,18
33260,"Midland, TX",2019-12-01,2,27,12,1,42,659,20
33260,"Midland, TX",2020-01-01,8,64,24,0,96,755,28
33260,"Midland, TX",2020-02-01,4,41,16,1,62,817,32
33260,"Midland, TX",2020-03-01,12,124,36,0,172,989,44
33260,"Midland, TX",2020-04-01,17,137,43,1,198,1187,61
33260,"Midland, TX",2020-05-01,19,132,36,3,190,1377,80
33260,"Midland, TX",2020-06-01,13,88,19,0,120,1497,93
33260,"Midland, TX",2020-07-01,17,142,39,0,198,1695,110
33260,"Midland, TX",2020-08-01,24,131,28,1,184,1879,134
33260,"Midland, TX",2020-09-01,16,88,24,1,129,2008,150
33260,"Midland, TX",2020-10-01,20,116,21,1,158,2166,170
33260,"Midland, TX",2020-11-01,11,75,19,1,106,2272,181
33260,"Midland, TX",2020-12-01,15,66,21,1,103,2375,196
33260,"Midland, TX",2021-01-01,28,91,41,3,163,2538,224
33260,"Midland, TX",2021-02-01,22,95,36,3,156,2694,246
33260,"Midland, TX",2021-03-01,46,183,44,5,278,2972,292
33260,"Midland, TX",2021-04-01,32,126,42,4,204,3176,324
33260,"Midland, TX",2021-05-01,20,107,24,0,151,3327,344
33260,"Midland, TX",2021-06-01,18,95,25,4,142,3469,362
33260,"Midland, TX",2021-07-01,17,103,35,1,156,3625,379
33260,"Midland, TX",2021-08-01,21,105,34,2,162,3787,400
33260,"Midland, TX",2021-09-01,27,140,36,2,205,3992,427
33260,"Midland, TX",2021-10-01,15,85,26,1,127,4119,442
33260,"Midland, TX",2021-11-01,12,70,26,1,109,4228,454
33260,"Midland, TX",2021-12-01,38,144,40,2,224,4452,492
33260,"Midland, TX",2022-01-01,44,168,45,1,258,4710,536
33260,"Midland, TX",2022-02-01,31,105,30,10,176,4886,567
33260,"Midland, TX",2022-03-01,60,162,48,8,278,5164,627
33260,"Midland, TX",2022-04-01,20,72,24,0,116,5280,647
33260,"Midland, TX",2022-05-01,40,151,38,3,232,5512,687
33260,"Midland, TX",2022-06-01,41,100,22,3,166,5678,728
33260,"Midland, TX",2022-07-01,38,117,42,1,198,5876,766
33260,"Midland, TX",2022-08-01,59,139,53,0,251,6127,825
33260,"Midland, TX",2022-09-01,77,205,45,4,331,6458,902
33260,"Midland, TX",2022-10-01,51,178,59,9,297,6755,953
33260,"Midland, TX",2022-11-01,71,186,35,1,293,7048,1024
33260,"Midland, TX",2022-12-01,71,191,55,1,318,7366,1095
33260,"Midland, TX",2023-01-01,63,159,52,1,275,7641,1158
33260,"Midland, TX",2023-02-01,83,188,60,2,333,7974,1241
33260,"Midland, TX",2023-03-01,79,204,65,4,352,8326,1320
33260,"Midland, TX",2023-04-01,62,133,43,4,242,8568,1382
33260,"Midland, TX",2023-05-01,32,98,24,0,154,8722,1414
33260,"Midland, TX",2023-06-01,29,56,12,1,98,8820,1443
33260,"Midland, TX",2023-07-01,18,80,21,0,119,8939,1461
33260,"Midland, TX",2023-08-01,31,130,33,4,198,9137,1492
33260,"Midland, TX",2023-09-01,26,123,20,1,170,9307,1518
33260,"Midland, TX",2023-10-01,28,112,35,3,178,9485,1546
33260,"Midland, TX",2023-11-01,53,215,50,5,323,9808,1599
33260,"Midland, TX",2023-12-01,54,200,50,2,306,10114,1653
33260,"Midland, TX",2024-01-01,56,231,66,4,357,10471,1709
33260,"Midland, TX",2024-02-01,66,189,53,4,312,10783,1775
33260,"Midland, TX",2024-03-01,85,234,53,2,374,11157,1860
33260,"Midland, TX",2024-04-01,60,198,53,2,313,11470,1920
33260,"Midland, TX",2024-05-01,39,142,45,0,226,11696,1959
33260,"Midland, TX",2024-06-01,26,142,39,3,210,11906,1985
33260,"Midland, TX",2024-07-01,61,266,55,2,384,12290,2046
33260,"Midland, TX",2024-08-01,35,200,43,3,281,12571,2081
33260,"Midland, TX",2024-09-01,58,207,49,3,317,12888,2139
33260,"Midland, TX",2024-10-01,69,245,44,9,367,13255,2208
33260,"Midland, TX",2024-11-01,45,190,38,1,274,13529,2253
33260,"Midland, TX",2024-12-01,51,163,53,3,270,13799,2304
33260,"Midland, TX",2025-01-01,42,150,40,1,233,14032,2346
33260,"Midland, TX",2025-02-01,56,169,35,1,261,14293,2402
33260,"Midland, TX",2025-03-01,62,178,29,1,270,14563,2464
33260,"Midland, TX",2025-04-01,71,170,31,2,274,14837,2535
33260,"Midland, TX",2025-05-01,81,199,32,4,316,15153,2616
33260,"Midland, TX",2025-06-01,95,177,43,2,317,15470,2711
33260,"Midland, TX",2025-07-01,99,181,41,3,324,15794,2810
33260,"Midland, TX",2025-08-01,61,136,39,1,237,16031,2871
33260,"Midland, TX",2025-09-01,3,2,0,0,5,16036,2874
22820,"Fort Morgan, CO",2019-02-01,0,1,0,0,1,1,0
22820,"Fort Morgan, CO",2019-04-01,0,1,0,0,1,2,0
22820,"Fort Morgan, CO",2019-05-01,0,1,1,0,2,4,0
22820,"Fort Morgan, CO",2019-06-01,0,0,1,0,1,5,0
22820,"Fort Morgan, CO",2019-07-01,0,2,0,0,2,7,0
22820,"Fort Morgan, CO",2019-08-01,0,0,1,0,1,8,0
22820,"Fort Morgan, CO",2019-10-01,1,1,1,0,3,11,1
22820,"Fort Morgan, CO",2019-11-01,0,1,0,0,1,12,1
22820,"Fort Morgan, CO",2019-12-01,0,0,1,0,1,13,1
22820,"Fort Morgan, CO",2020-01-01,0,1,0,0,1,14,1
22820,"Fort Morgan, CO",2020-02-01,0,2,1,0,3,17,1
22820,"Fort Morgan, CO",2020-03-01,0,0,2,0,2,19,1
22820,"Fort Morgan, CO",2020-04-01,0,1,0,0,1,20,1
22820,"Fort Morgan, CO",2020-05-01,0,4,0,0,4,24,1
22820,"Fort Morgan, CO",2020-06-01,0,2,0,0,2,26,1
22820,"Fort Morgan, CO",2020-07-01,0,3,1,0,4,30,1
22820,"Fort Morgan, CO",2020-08-01,0,6,0,0,6,36,1
22820,"Fort Morgan, CO",2020-09-01,0,3,2,0,5,41,1
22820,"Fort Morgan, CO",2020-10-01,1,5,1,0,7,48,2
22820,"Fort Morgan, CO",2020-11-01,0,0,2,0,2,50,2
22820,"Fort Morgan, CO",2021-01-01,0,0,2,0,2,52,2
22820,"Fort Morgan, CO",2021-02-01,0,0,3,0,3,55,2
22820,"Fort Morgan, CO",2021-03-01,0,3,1,0,4,59,2
22820,"Fort Morgan, CO",2021-04-01,1,6,0,0,7,66,3
22820,"Fort Morgan, CO",2021-05-01,3,11,2,0,16,82,6
22820,"Fort Morgan, CO",2021-06-01,1,17,2,0,20,102,7
22820,"Fort Morgan, CO",2021-07-01,5,7,5,0,17,119,12
22820,"Fort Morgan, CO",2021-08-01,3,8,2,0,13,132,15
22820,"Fort Morgan, CO",2021-09-01,7,11,5,0,23,155,22
22820,"Fort Morgan, CO",2021-10-01,4,11,2,0,17,172,26
22820,"Fort Morgan, CO",2021-11-01,4,8,1,0,13,185,30
22820,"Fort Morgan, CO",2021-12-01,1,7,3,0,11,196,31
22820,"Fort Morgan, CO",2022-01-01,4,15,4,0,23,219,35
22820,"Fort Morgan, CO",2022-02-01,6,13,1,1,21,240,41
22820,"Fort Morgan, CO",2022-03-01,6,5,2,0,13,253,47
22820,"Fort Morgan, CO",2022-04-01,2,9,1,0,12,265,49
22820,"Fort Morgan, CO",2022-05-01,2,7,1,0,10,275,51
22820,"Fort Morgan, CO",2022-06-01,3,9,2,0,14,289,54
22820,"Fort Morgan, CO",2022-07-01,4,8,1,1,14,303,58
22820,"Fort Morgan, CO",2022-08-01,8,9,0,0,17,320,66
22820,"Fort Morgan, CO",2022-09-01,5,5,5,0,15,335,71
22820,"Fort Morgan, CO",2022-10-01,3,8,1,0,12,347,74
22820,"Fort Morgan, CO",2022-11-01,2,9,4,0,15,362,76
22820,"Fort Morgan, CO",2022-12-01,3,6,2,0,11,373,79
22820,"Fort Morgan, CO",2023-01-01,2,14,4,1,21,394,81
22820,"Fort Morgan, CO",2023-02-01,5,11,7,0,23,417,86
22820,"Fort Morgan, CO",2023-03-01,3,6,3,1,13,430,89
22820,"Fort Morgan, CO",2023-04-01,2,10,3,1,16,446,91
22820,"Fort Morgan, CO",2023-05-01,6,12,0,0,18,464,97
22820,"Fort Morgan, CO",2023-06-01,4,8,4,0,16,480,101
22820,"Fort Morgan, CO",2023-07-01,8,5,4,1,18,498,109
22820,"Fort Morgan, CO",2023-08-01,3,16,2,0,21,519,112
22820,"Fort Morgan, CO",2023-09-01,4,7,5,0,16,535,116
22820,"Fort Morgan, CO",2023-10-01,4,10,2,0,16,551,120
22820,"Fort Morgan, CO",2023-11-01,5,13,4,0,22,573,125
22820,"Fort Morgan, CO",2023-12-01,4,7,7,2,20,593,129
22820,"Fort Morgan, CO",2024-01-01,7,11,6,0,24,617,136
22820,"Fort Morgan, CO",2024-02-01,2,7,1,0,10,627,138
22820,"Fort Morgan, CO",2024-03-01,11,12,2,0,25,652,149
22820,"Fort Morgan, CO",2024-04-01,9,9,5,0,23,675,158
22820,"Fort Morgan, CO",2024-05-01,7,16,1,1,25,700,165
22820,"Fort Morgan, CO",2024-06-01,2,7,3,1,13,713,167
22820,"Fort Morgan, CO",2024-07-01,2,10,1,1,14,727,169
22820,"Fort Morgan, CO",2024-08-01,6,7,2,0,15,742,175
22820,"Fort Morgan, CO",2024-09-01,2,6,1,0,9,751,177
22820,"Fort Morgan, CO",2024-10-01,7,12,4,0,23,774,184
22820,"Fort Morgan, CO",2024-11-01,1,10,2,0,13,787,185
22820,"Fort Morgan, CO",2024-12-01,6,17,3,0,26,813,191
22820,"Fort Morgan, CO",2025-01-01,8,13,4,1,26,839,199
22820,"Fort Morgan, CO",2025-02-01,6,8,2,0,16,855,205
22820,"Fort Morgan, CO",2025-03-01,3,14,6,1,24,879,208
22820,"Fort Morgan, CO",2025-04-01,6,18,0,0,24,903,214
22820,"Fort Morgan, CO",2025-05-01,7,17,3,1,28,931,221
22820,"Fort Morgan, CO",2025-06-01,3,5,2,0,10,941,224
22820,"Fort Morgan, CO",2025-07-01,0,3,0,0,3,944,224
22820,"Fort Morgan, CO",2025-08-01,0,3,1,0,4,948,224
22820,"Fort Morgan, CO",2025-09-01,1,0,0,0,1,949,225
32280,"Martin, TN",2019-01-01,0,1,1,0,2,2,0
32280,"Martin, TN",2019-04-01,0,1,0,0,1,3,0
32280,"Martin, TN",2019-07-01,0,0,1,0,1,4,0
32280,"Martin, TN",2019-09-01,0,2,0,0,2,6,0
32280,"Martin, TN",2019-10-01,0,1,0,0,1,7,0
32280,"Martin, TN",2019-12-01,0,1,0,0,1,8,0
32280,"Martin, TN",2020-01-01,0,1,0,0,1,9,0
32280,"Martin, TN",2020-02-01,0,2,0,0,2,11,0
32280,"Martin, TN",2020-03-01,0,4,0,0,4,15,0
32280,"Martin, TN",2020-04-01,1,3,1,0,5,20,1
32280,"Martin, TN",2020-05-01,0,3,0,0,3,23,1
32280,"Martin, TN",2020-06-01,0,6,0,0,6,29,1
32280,"Martin, TN",2020-07-01,2,3,0,0,5,34,3
32280,"Martin, TN",2020-08-01,0,4,0,0,4,38,3
32280,"Martin, TN",2020-09-01,2,5,0,0,7,45,5
32280,"Martin, TN",2020-10-01,2,5,2,0,9,54,7
32280,"Martin, TN",2020-11-01,2,0,0,0,2,56,9
32280,"Martin, TN",2020-12-01,2,6,0,0,8,64,11
32280,"Martin, TN",2021-01-01,2,8,2,0,12,76,13
32280,"Martin, TN",2021-02-01,2,13,1,0,16,92,15
32280,"Martin, TN",2021-03-01,16,37,4,0,57,149,31
32280,"Martin, TN",2021-04-01,10,27,3,0,40,189,41
32280,"Martin, TN",2021-05-01,12,31,5,1,49,238,53
32280,"Martin, TN",2021-06-01,13,33,3,1,50,288,66
32280,"Martin, TN",2021-07-01,6,20,8,0,34,322,72
32280,"Martin, TN",2021-08-01,13,20,6,1,40,362,85
32280,"Martin, TN",2021-09-01,14,19,6,1,40,402,99
32280,"Martin, TN",2021-10-01,17,25,9,2,53,455,116
32280,"Martin, TN",2021-11-01,21,24,2,1,48,503,137
32280,"Martin, TN",2021-12-01,21,20,3,0,44,547,158
32280,"Martin, TN",2022-01-01,19,26,4,0,49,596,177
32280,"Martin, TN",2022-02-01,19,18,2,0,39,635,196
32280,"Martin, TN",2022-03-01,22,30,4,0,56,691,218
32280,"Martin, TN",2022-04-01,12,19,3,0,34,725,230
32280,"Martin, TN",2022-05-01,11,27,3,0,41,766,241
32280,"Martin, TN",2022-06-01,9,22,10,0,41,807,250
32280,"Martin, TN",2022-07-01,5,20,6,0,31,838,255
32280,"Martin, TN",2022-08-01,2,15,1,0,18,856,257
32280,"Martin, TN",2022-09-01,13,26,5,3,47,903,270
32280,"Martin, TN",2022-10-01,11,17,7,1,36,939,281
32280,"Martin, TN",2022-11-01,20,22,3,2,47,986,301
32280,"Martin, TN",2022-12-01,12,16,6,0,34,1020,313
32280,"Martin, TN",2023-01-01,21,16,6,0,43,1063,334
32280,"Martin, TN",2023-02-01,18,21,10,0,49,1112,352
32280,"Martin, TN",2023-03-01,23,31,12,0,66,1178,375
32280,"Martin, TN",2023-04-01,13,25,1,0,39,1217,388
32280,"Martin, TN",2023-05-01,20,18,9,3,50,1267,408
32280,"Martin, TN",2023-06-01,9,21,5,0,35,1302,417
32280,"Martin, TN",2023-07-01,21,15,1,0,37,1339,438
32280,"Martin, TN",2023-08-01,23,16,7,1,47,1386,461
32280,"Martin, TN",2023-09-01,20,16,7,0,43,1429,481
32280,"Martin, TN",2023-10-01,16,16,8,1,41,1470,497
32280,"Martin, TN",2023-11-01,18,19,5,0,42,1512,515
32280,"Martin, TN",2023-12-01,22,19,7,0,48,1560,537
32280,"Martin, TN",2024-01-01,20,17,7,1,45,1605,557
32280,"Martin, TN",2024-02-01,26,20,1,1,48,1653,583
32280,"Martin, TN",2024-03-01,21,17,6,1,45,1698,604
32280,"Martin, TN",2024-04-01,21,19,7,1,48,1746,625
32280,"Martin, TN",2024-05-01,16,18,9,0,43,1789,641
32280,"Martin, TN",2024-06-01,13,10,3,2,28,1817,654
32280,"Martin, TN",2024-07-01,7,10,2,2,21,1838,661
32280,"Martin, TN",2024-08-01,19,19,1,2,41,1879,680
32280,"Martin, TN",2024-09-01,23,23,9,1,56,1935,703
32280,"Martin, TN",2024-10-01,39,24,5,1,69,2004,742
32280,"Martin, TN",2024-11-01,34,14,4,0,52,2056,776
32280,"Martin, TN",2024-12-01,39,22,9,0,70,2126,815
32280,"Martin, TN",2025-01-01,31,14,4,0,49,2175,846
32280,"Martin, TN",2025-02-01,24,14,5,0,43,2218,870
32280,"Martin, TN",2025-03-01,29,19,8,1,57,2275,899
32280,"Martin, TN",2025-04-01,21,19,7,0,47,2322,920
32280,"Martin, TN",2025-05-01,10,14,8,1,33,2355,930
32280,"Martin, TN",2025-06-01,25,20,6,1,52,2407,955
32280,"Martin, TN",2025-07-01,21,13,5,0,39,2446,976
32280,"Martin, TN",2025-08-01,25,20,6,1,52,2498,1001
15020,"Brookhaven, MS",2019-01-01,0,1,2,0,3,3,0
15020,"Brookhaven, MS",2019-02-01,0,0,1,0,1,4,0
15020,"Brookhaven, MS",2019-03-01,0,2,0,0,2,6,0
15020,"Brookhaven, MS",2019-04-01,0,1,0,0,1,7,0
15020,"Brookhaven, MS",2019-06-01,0,1,1,0,2,9,0
15020,"Brookhaven, MS",2019-07-01,0,2,2,0,4,13,0
15020,"Brookhaven, MS",2019-08-01,0,2,1,0,3,16,0
15020,"Brookhaven, MS",2019-09-01,0,1,0,0,1,17,0
15020,"Brookhaven, MS",2019-10-01,0,1,0,0,1,18,0
15020,"Brookhaven, MS",2019-12-01,0,0,1,0,1,19,0
15020,"Brookhaven, MS",2020-01-01,0,2,0,0,2,21,0
15020,"Brookhaven, MS",2020-02-01,1,0,0,0,1,22,1
15020,"Brookhaven, MS",2020-03-01,0,2,1,0,3,25,1
15020,"Brookhaven, MS",2020-04-01,2,1,0,0,3,28,3
15020,"Brookhaven, MS",2020-05-01,0,4,0,0,4,32,3
15020,"Brookhaven, MS",2020-06-01,2,5,2,0,9,41,5
15020,"Brookhaven, MS",2020-07-01,2,4,2,0,8,49,7
15020,"Brookhaven, MS",2020-08-01,1,8,1,0,10,59,8
15020,"Brookhaven, MS",2020-09-01,3,9,4,0,16,75,11
15020,"Brookhaven, MS",2020-10-01,1,9,1,0,11,86,12
15020,"Brookhaven, MS",2020-11-01,1,5,1,0,7,93,13
15020,"Brookhaven, MS",2020-12-01,4,1,4,0,9,102,17
15020,"Brookhaven, MS",2021-01-01,2,9,3,0,14,116,19
15020,"Brookhaven, MS",2021-02-01,1,13,0,0,14,130,20
15020,"Brookhaven, MS",2021-03-01,8,8,5,0,21,151,28
15020,"Brookhaven, MS",2021-04-01,4,17,7,0,28,179,32
15020,"Brookhaven, MS",2021-05-01,9,22,2,0,33,212,41
15020,"Brookhaven, MS",2021-06-01,6,26,8,0,40,252,47
15020,"Brookhaven, MS",2021-07-01,10,31,6,0,47,299,57
15020,"Brookhaven, MS",2021-08-01,8,16,6,1,31,330,65
15020,"Brookhaven, MS",2021-09-01,7,19,1,0,27,357,72
15020,"Brookhaven, MS",2021-10-01,3,28,3,1,35,392,75
15020,"Brookhaven, MS",2021-11-01,6,29,6,0,41,433,81
15020,"Brookhaven, MS",2021-12-01,14,28,2,1,45,478,95
15020,"Brookhaven, MS",2022-01-01,13,45,9,1,68,546,108
15020,"Brookhaven, MS",2022-02-01,11,19,10,0,40,586,119
15020,"Brookhaven, MS",2022-03-01,12,28,10,2,52,638,131
15020,"Brookhaven, MS",2022-04-01,9,46,3,1,59,697,140
15020,"Brookhaven, MS",2022-05-01,12,40,12,0,64,761,152
15020,"Brookhaven, MS",2022-06-01,9,25,5,1,40,801,161
15020,"Brookhaven, MS",2022-07-01,9,39,10,2,60,861,170
15020,"Brookhaven, MS",2022-08-01,12,16,7,1,36,897,182
15020,"Brookhaven, MS",2022-09-01,12,21,4,0,37,934,194
15020,"Brookhaven, MS",2022-10-01,17,22,4,0,43,977,211
15020,"Brookhaven, MS",2022-11-01,9,32,4,0,45,1022,220
15020,"Brookhaven, MS",2022-12-01,18,37,10,0,65,1087,238
15020,"Brookhaven, MS",2023-01-01,13,30,11,1,55,1142,251
15020,"Brookhaven, MS",2023-02-01,19,27,8,1,55,1197,270
15020,"Brookhaven, MS",2023-03-01,22,28,12,1,63,1260,292
15020,"Brookhaven, MS",2023-04-01,30,31,3,2,66,1326,322
15020,"Brookhaven, MS",2023-05-01,19,36,5,0,60,1386,341
15020,"Brookhaven, MS",2023-06-01,24,24,6,0,54,1440,365
15020,"Brookhaven, MS",2023-07-01,7,35,5,1,48,1488,372
15020,"Brookhaven, MS",2023-08-01,5,24,6,0,35,1523,377
15020,"Brookhaven, MS",2023-09-01,11,17,4,1,33,1556,388
15020,"Brookhaven, MS",2023-10-01,16,30,7,0,53,1609,404
15020,"Brookhaven, MS",2023-11-01,11,33,17,0,61,1670,415
15020,"Brookhaven, MS",2023-12-01,11,31,6,2,50,1720,426
15020,"Brookhaven, MS",2024-01-01,16,30,7,2,55,1775,442
15020,"Brookhaven, MS",2024-02-01,23,23,5,2,53,1828,465
15020,"Brookhaven, MS",2024-03-01,19,33,7,0,59,1887,484
15020,"Brookhaven, MS",2024-04-01,15,32,6,0,53,1940,499
15020,"Brookhaven, MS",2024-05-01,33,30,8,0,71,2011,532
15020,"Brookhaven, MS",2024-06-01,25,33,5,2,65,2076,557
15020,"Brookhaven, MS",2024-07-01,13,12,6,1,32,2108,570
15020,"Brookhaven, MS",2024-08-01,8,21,8,0,37,2145,578
15020,"Brookhaven, MS",2024-09-01,12,12,3,0,27,2172,590
15020,"Brookhaven, MS",2024-10-01,14,26,6,1,47,2219,604
15020,"Brookhaven, MS",2024-11-01,18,20,4,0,42,2261,622
15020,"Brookhaven, MS",2024-12-01,20,22,6,1,49,2310,642
15020,"Brookhaven, MS",2025-01-01,23,20,8,1,52,2362,665
15020,"Brookhaven, MS",2025-02-01,15,20,5,0,40,2402,680
15020,"Brookhaven, MS",2025-03-01,23,30,8,0,61,2463,703
15020,"Brookhaven, MS",2025-04-01,22,30,5,1,58,2521,725
15020,"Brookhaven, MS",2025-05-01,22,18,9,1,50,2571,747
15020,"Brookhaven, MS",2025-06-01,22,24,10,1,57,2628,769
15020,"Brookhaven, MS",2025-07-01,27,33,8,3,71,2699,796
15020,"Brookhaven, MS",2025-08-01,17,24,7,1,49,2748,813
21900,"Fairmont, WV",2019-01-01,0,3,0,0,3,3,0
21900,"Fairmont, WV",2019-02-01,0,6,4,0,10,13,0
21900,"Fairmont, WV",2019-03-01,0,6,2,0,8,21,0
21900,"Fairmont, WV",2019-04-01,0,17,3,0,20,41,0
21900,"Fairmont, WV",2019-05-01,0,16,3,0,19,60,0
21900,"Fairmont, WV",2019-06-01,0,29,2,0,31,91,0
21900,"Fairmont, WV",2019-07-01,2,28,4,0,34,125,2
21900,"Fairmont, WV",2019-08-01,0,29,2,0,31,156,2
21900,"Fairmont, WV",2019-09-01,1,24,2,0,27,183,3
21900,"Fairmont, WV",2019-10-01,2,18,5,0,25,208,5
21900,"Fairmont, WV",2019-11-01,3,17,7,0,27,235,8
21900,"Fairmont, WV",2019-12-01,1,18,4,0,23,258,9
21900,"Fairmont, WV",2020-01-01,4,14,4,0,22,280,13
21900,"Fairmont, WV",2020-02-01,6,24,4,2,36,316,19
21900,"Fairmont, WV",2020-03-01,7,26,8,0,41,357,26
21900,"Fairmont, WV",2020-04-01,9,40,7,1,57,414,35
21900,"Fairmont, WV",2020-05-01,28,69,10,1,108,522,63
21900,"Fairmont, WV",2020-06-01,11,30,10,1,52,574,74
21900,"Fairmont, WV",2020-07-01,11,59,8,0,78,652,85
21900,"Fairmont, WV",2020-08-01,25,70,15,1,111,763,110
21900,"Fairmont, WV",2020-09-01,15,41,7,1,64,827,125
21900,"Fairmont, WV",2020-10-01,17,44,8,0,69,896,142
21900,"Fairmont, WV",2020-11-01,19,36,8,0,63,959,161
21900,"Fairmont, WV",2020-12-01,13,33,13,0,59,1018,174
21900,"Fairmont, WV",2021-01-01,27,55,12,2,96,1114,201
21900,"Fairmont, WV",2021-02-01,28,50,11,1,90,1204,229
21900,"Fairmont, WV",2021-03-01,30,65,14,1,110,1314,259
21900,"Fairmont, WV",2021-04-01,20,63,15,0,98,1412,279
21900,"Fairmont, WV",2021-05-01,26,47,10,0,83,1495,305
21900,"Fairmont, WV",2021-06-01,12,40,8,1,61,1556,317
21900,"Fairmont, WV",2021-07-01,14,46,10,2,72,1628,331
21900,"Fairmont, WV",2021-08-01,26,51,14,0,91,1719,357
21900,"Fairmont, WV",2021-09-01,14,42,9,1,66,1785,371
21900,"Fairmont, WV",2021-10-01,27,55,10,2,94,1879,398
21900,"Fairmont, WV",2021-11-01,15,40,12,0,67,1946,413
21900,"Fairmont, WV",2021-12-01,15,49,10,0,74,2020,428
21900,"Fairmont, WV",2022-01-01,30,61,8,2,101,2121,458
21900,"Fairmont, WV",2022-02-01,21,47,14,0,82,2203,479
21900,"Fairmont, WV",2022-03-01,22,42,6,0,70,2273,501
21900,"Fairmont, WV",2022-04-01,25,53,18,0,96,2369,526
21900,"Fairmont, WV",2022-05-01,11,48,13,0,72,2441,537
21900,"Fairmont, WV",2022-06-01,20,33,14,2,69,2510,557
21900,"Fairmont, WV",2022-07-01,12,40,10,0,62,2572,569
21900,"Fairmont, WV",2022-08-01,28,66,5,2,101,2673,597
21900,"Fairmont, WV",2022-09-01,21,40,14,2,77,2750,618
21900,"Fairmont, WV",2022-10-01,21,40,13,0,74,2824,639
21900,"Fairmont, WV",2022-11-01,21,32,12,1,66,2890,660
21900,"Fairmont, WV",2022-12-01,19,41,13,0,73,2963,679
21900,"Fairmont, WV",2023-01-01,22,37,14,1,74,3037,701
21900,"Fairmont, WV",2023-02-01,19,25,11,1,56,3093,720
21900,"Fairmont, WV",2023-03-01,29,51,9,1,90,3183,749
21900,"Fairmont, WV",2023-04-01,17,36,13,0,66,3249,766
21900,"Fairmont, WV",2023-05-01,22,34,8,0,64,3313,788
21900,"Fairmont, WV",2023-06-01,10,22,9,0,41,3354,798
21900,"Fairmont, WV",2023-07-01,16,23,12,2,53,3407,814
21900,"Fairmont, WV",2023-08-01,14,28,9,1,52,3459,828
21900,"Fairmont, WV",2023-09-01,21,34,6,4,65,3524,849
21900,"Fairmont, WV",2023-10-01,42,44,10,0,96,3620,891
21900,"Fairmont, WV",2023-11-01,44,53,14,1,112,3732,935
21900,"Fairmont, WV",2023-12-01,27,37,12,1,77,3809,962
21900,"Fairmont, WV",2024-01-01,38,38,12,1,89,3898,1000
21900,"Fairmont, WV",2024-02-01,22,30,8,3,63,3961,1022
21900,"Fairmont, WV",2024-03-01,27,36,15,1,79,4040,1049
21900,"Fairmont, WV",2024-04-01,27,40,8,2,77,4117,1076
21900,"Fairmont, WV",2024-05-01,26,41,14,3,84,4201,1102
21900,"Fairmont, WV",2024-06-01,22,38,13,1,74,4275,1124
21900,"Fairmont, WV",2024-07-01,16,52,17,2,87,4362,1140
21900,"Fairmont, WV",2024-08-01,22,39,7,1,69,4431,1162
21900,"Fairmont, WV",2024-09-01,17,30,10,1,58,4489,1179
21900,"Fairmont, WV",2024-10-01,35,46,5,0,86,4575,1214
21900,"Fairmont, WV",2024-11-01,29,37,12,1,79,4654,1243
21900,"Fairmont, WV",2024-12-01,33,32,12,2,79,4733,1276
21900,"Fairmont, WV",2025-01-01,33,27,8,1,69,4802,1309
21900,"Fairmont, WV",2025-02-01,30,33,9,1,73,4875,1339
21900,"Fairmont, WV",2025-03-01,31,24,12,1,68,4943,1370
21900,"Fairmont, WV",2025-04-01,39,30,18,2,89,5032,1409
21900,"Fairmont, WV",2025-05-01,29,25,6,1,61,5093,1438
21900,"Fairmont, WV",2025-06-01,33,35,13,1,82,5175,1471
21900,"Fairmont, WV",2025-07-01,28,23,10,1,62,5237,1499
21900,"Fairmont, WV",2025-08-01,23,24,9,0,56,5293,1522
21900,"Fairmont, WV",2025-09-01,0,1,0,0,1,5294,1522
30150,"Lebanon-Claremont, NH-VT",2019-01-01,0,2,0,0,2,2,0
30150,"Lebanon-Claremont, NH-VT",2019-02-01,0,2,1,0,3,5,0
30150,"Lebanon-Claremont, NH-VT",2019-03-01,0,4,0,0,4,9,0
30150,"Lebanon-Claremont, NH-VT",2019-04-01,0,4,1,0,5,14,0
30150,"Lebanon-Claremont, NH-VT",2019-05-01,0,2,0,0,2,16,0
30150,"Lebanon-Claremont, NH-VT",2019-06-01,0,0,0,1,1,17,0
30150,"Lebanon-Claremont, NH-VT",2019-07-01,1,5,0,0,6,23,1
30150,"Lebanon-Claremont, NH-VT",2019-08-01,0,2,0,0,2,25,1
30150,"Lebanon-Claremont, NH-VT",2019-09-01,1,4,0,0,5,30,2
30150,"Lebanon-Claremont, NH-VT",2019-10-01,0,1,2,0,3,33,2
30150,"Lebanon-Claremont, NH-VT",2019-11-01,0,4,0,0,4,37,2
30150,"Lebanon-Claremont, NH-VT",2019-12-01,1,2,4,0,7,44,3
30150,"Lebanon-Claremont, NH-VT",2020-01-01,0,5,1,0,6,50,3
30150,"Lebanon-Claremont, NH-VT",2020-02-01,1,2,0,0,3,53,4
30150,"Lebanon-Claremont, NH-VT",2020-03-01,0,4,1,0,5,58,4
30150,"Lebanon-Claremont, NH-VT",2020-04-01,0,12,1,0,13,71,4
30150,"Lebanon-Claremont, NH-VT",2020-05-01,6,7,1,0,14,85,10
30150,"Lebanon-Claremont, NH-VT",2020-06-01,6,7,2,0,15,100,16
30150,"Lebanon-Claremont, NH-VT",2020-07-01,3,16,0,0,19,119,19
30150,"Lebanon-Claremont, NH-VT",2020-08-01,2,7,2,1,12,131,21
30150,"Lebanon-Claremont, NH-VT",2020-09-01,3,10,2,0,15,146,24
30150,"Lebanon-Claremont, NH-VT",2020-10-01,5,18,4,0,27,173,29
30150,"Lebanon-Claremont, NH-VT",2020-11-01,10,16,5,1,32,205,39
30150,"Lebanon-Claremont, NH-VT",2020-12-01,8,19,4,1,32,237,47
30150,"Lebanon-Claremont, NH-VT",2021-01-01,16,26,7,4,53,290,63
30150,"Lebanon-Claremont, NH-VT",2021-02-01,6,23,4,1,34,324,69
30150,"Lebanon-Claremont, NH-VT",2021-03-01,16,24,7,1,48,372,85
30150,"Lebanon-Claremont, NH-VT",2021-04-01,13,22,7,1,43,415,98
30150,"Lebanon-Claremont, NH-VT",2021-05-01,13,33,11,1,58,473,111
30150,"Lebanon-Claremont, NH-VT",2021-06-01,12,30,5,0,47,520,123
30150,"Lebanon-Claremont, NH-VT",2021-07-01,7,33,3,0,43,563,130
30150,"Lebanon-Claremont, NH-VT",2021-08-01,5,27,3,1,36,599,135
30150,"Lebanon-Claremont, NH-VT",2021-09-01,7,45,7,0,59,658,142
30150,"Lebanon-Claremont, NH-VT",2021-10-01,6,35,5,0,46,704,148
30150,"Lebanon-Claremont, NH-VT",2021-11-01,10,36,8,2,56,760,158
30150,"Lebanon-Claremont, NH-VT",2021-12-01,14,30,7,0,51,811,172
30150,"Lebanon-Claremont, NH-VT",2022-01-01,17,37,9,2,65,876,189
30150,"Lebanon-Claremont, NH-VT",2022-02-01,11,34,11,0,56,932,200
30150,"Lebanon-Claremont, NH-VT",2022-03-01,15,42,8,0,65,997,215
30150,"Lebanon-Claremont, NH-VT",2022-04-01,14,27,6,0,47,1044,229
30150,"Lebanon-Claremont, NH-VT",2022-05-01,17,32,10,0,59,1103,246
30150,"Lebanon-Claremont, NH-VT",2022-06-01,16,46,3,0,65,1168,262
30150,"Lebanon-Claremont, NH-VT",2022-07-01,11,32,11,0,54,1222,273
30150,"Lebanon-Claremont, NH-VT",2022-08-01,16,33,6,0,55,1277,289
30150,"Lebanon-Claremont, NH-VT",2022-09-01,9,31,8,0,48,1325,298
30150,"Lebanon-Claremont, NH-VT",2022-10-01,11,22,11,0,44,1369,309
30150,"Lebanon-Claremont, NH-VT",2022-11-01,17,31,9,2,59,1428,326
30150,"Lebanon-Claremont, NH-VT",2022-12-01,16,25,11,0,52,1480,342
30150,"Lebanon-Claremont, NH-VT",2023-01-01,14,25,10,0,49,1529,356
30150,"Lebanon-Claremont, NH-VT",2023-02-01,16,29,6,0,51,1580,372
30150,"Lebanon-Claremont, NH-VT",2023-03-01,22,42,21,0,85,1665,394
30150,"Lebanon-Claremont, NH-VT",2023-04-01,20,33,5,0,58,1723,414
30150,"Lebanon-Claremont, NH-VT",2023-05-01,15,25,7,0,47,1770,429
30150,"Lebanon-Claremont, NH-VT",2023-06-01,16,22,9,3,50,1820,445
30150,"Lebanon-Claremont, NH-VT",2023-07-01,14,28,11,1,54,1874,459
30150,"Lebanon-Claremont, NH-VT",2023-08-01,14,23,9,0,46,1920,473
30150,"Lebanon-Claremont, NH-VT",2023-09-01,13,33,11,0,57,1977,486
30150,"Lebanon-Claremont, NH-VT",2023-10-01,17,21,11,1,50,2027,503
30150,"Lebanon-Claremont, NH-VT",2023-11-01,19,29,10,1,59,2086,522
30150,"Lebanon-Claremont, NH-VT",2023-12-01,19,35,9,1,64,2150,541
30150,"Lebanon-Claremont, NH-VT",2024-01-01,15,32,9,1,57,2207,556
30150,"Lebanon-Claremont, NH-VT",2024-02-01,15,25,9,1,50,2257,571
30150,"Lebanon-Claremont, NH-VT",2024-03-01,21,19,6,1,47,2304,592
30150,"Lebanon-Claremont, NH-VT",2024-04-01,18,38,4,0,60,2364,610
30150,"Lebanon-Claremont, NH-VT",2024-05-01,24,22,7,0,53,2417,634
30150,"Lebanon-Claremont, NH-VT",2024-06-01,20,33,2,0,55,2472,654
30150,"Lebanon-Claremont, NH-VT",2024-07-01,19,42,11,0,72,2544,673
30150,"Lebanon-Claremont, NH-VT",2024-08-01,11,36,8,2,57,2601,684
30150,"Lebanon-Claremont, NH-VT",2024-09-01,15,43,14,0,72,2673,699
30150,"Lebanon-Claremont, NH-VT",2024-10-01,16,30,11,0,57,2730,715
30150,"Lebanon-Claremont, NH-VT",2024-11-01,35,35,8,2,80,2810,750
30150,"Lebanon-Claremont, NH-VT",2024-12-01,30,27,7,1,65,2875,780
30150,"Lebanon-Claremont, NH-VT",2025-01-01,18,35,9,0,62,2937,798
30150,"Lebanon-Claremont, NH-VT",2025-02-01,20,30,8,0,58,2995,818
30150,"Lebanon-Claremont, NH-VT",2025-03-01,27,36,12,1,76,3071,845
30150,"Lebanon-Claremont, NH-VT",2025-04-01,33,38,8,1,80,3151,878
30150,"Lebanon-Claremont, NH-VT",2025-05-01,30,36,11,1,78,3229,908
30150,"Lebanon-Claremont, NH-VT",2025-06-01,37,27,6,0,70,3299,945
30150,"Lebanon-Claremont, NH-VT",2025-07-01,22,28,4,0,54,3353,967
30150,"Lebanon-Claremont, NH-VT",2025-08-01,17,16,6,1,40,3393,984
30150,"Lebanon-Claremont, NH-VT",2025-09-01,2,1,0,0,3,3396,986
30420,"Lexington, NE",2019-02-01,0,0,1,0,1,1,0
30420,"Lexington, NE",2019-03-01,0,1,0,0,1,2,0
30420,"Lexington, NE",2019-08-01,0,2,0,0,2,4,0
30420,"Lexington, NE",2019-11-01,0,1,0,0,1,5,0
30420,"Lexington, NE",2020-03-01,0,0,1,0,1,6,0
30420,"Lexington, NE",2020-04-01,0,1,0,0,1,7,0
30420,"Lexington, NE",2020-05-01,0,1,0,0,1,8,0
30420,"Lexington, NE",2020-07-01,0,2,0,0,2,10,0
30420,"Lexington, NE",2020-08-01,0,2,1,0,3,13,0
30420,"Lexington, NE",2020-09-01,2,1,0,0,3,16,2
30420,"Lexington, NE",2020-10-01,2,2,0,0,4,20,4
30420,"Lexington, NE",2020-11-01,1,3,0,0,4,24,5
30420,"Lexington, NE",2020-12-01,0,2,0,0,2,26,5
30420,"Lexington, NE",2021-01-01,0,2,1,0,3,29,5
30420,"Lexington, NE",2021-02-01,0,0,0,0,0,29,5
30420,"Lexington, NE",2021-03-01,0,2,1,0,3,32,5
30420,"Lexington, NE",2021-04-01,0,1,0,0,1,33,5
30420,"Lexington, NE",2021-05-01,1,0,1,0,2,35,6
30420,"Lexington, NE",2021-06-01,0,1,0,0,1,36,6
30420,"Lexington, NE",2021-07-01,1,2,0,0,3,39,7
30420,"Lexington, NE",2021-08-01,1,2,0,0,3,42,8
30420,"Lexington, NE",2021-09-01,0,2,1,0,3,45,8
30420,"Lexington, NE",2021-10-01,1,1,0,0,2,47,9
30420,"Lexington, NE",2021-11-01,0,5,2,0,7,54,9
30420,"Lexington, NE",2021-12-01,1,5,1,0,7,61,10
30420,"Lexington, NE",2022-01-01,3,3,1,0,7,68,13
30420,"Lexington, NE",2022-02-01,2,5,1,2,10,78,15
30420,"Lexington, NE",2022-03-01,2,5,2,0,9,87,17
30420,"Lexington, NE",2022-04-01,1,1,1,0,3,90,18
30420,"Lexington, NE",2022-05-01,4,3,3,0,10,100,22
30420,"Lexington, NE",2022-06-01,2,5,1,0,8,108,24
30420,"Lexington, NE",2022-07-01,0,6,2,0,8,116,24
30420,"Lexington, NE",2022-08-01,1,3,0,0,4,120,25
30420,"Lexington, NE",2022-09-01,2,3,0,1,6,126,27
30420,"Lexington, NE",2022-10-01,5,9,1,0,15,141,32
30420,"Lexington, NE",2022-11-01,0,7,1,0,8,149,32
30420,"Lexington, NE",2022-12-01,2,5,1,0,8,157,34
30420,"Lexington, NE",2023-01-01,4,2,3,0,9,166,38
30420,"Lexington, NE",2023-02-01,0,10,3,0,13,179,38
30420,"Lexington, NE",2023-03-01,1,7,1,0,9,188,39
30420,"Lexington, NE",2023-04-01,1,5,0,0,6,194,40
30420,"Lexington, NE",2023-05-01,3,5,1,0,9,203,43
30420,"Lexington, NE",2023-06-01,0,3,0,0,3,206,43
30420,"Lexington, NE",2023-07-01,1,5,2,1,9,215,44
30420,"Lexington, NE",2023-08-01,2,5,0,0,7,222,46
30420,"Lexington, NE",2023-09-01,1,5,2,0,8,230,47
30420,"Lexington, NE",2023-10-01,2,4,0,0,6,236,49
30420,"Lexington, NE",2023-11-01,4,5,2,0,11,247,53
30420,"Lexington, NE",2023-12-01,5,6,7,1,19,266,58
30420,"Lexington, NE",2024-01-01,4,7,3,0,14,280,62
30420,"Lexington, NE",2024-02-01,2,7,3,0,12,292,64
30420,"Lexington, NE",2024-03-01,5,12,2,0,19,311,69
30420,"Lexington, NE",2024-04-01,6,8,1,0,15,326,75
30420,"Lexington, NE",2024-05-01,1,6,4,0,11,337,76
30420,"Lexington, NE",2024-06-01,0,3,2,0,5,342,76
30420,"Lexington, NE",2024-07-01,0,4,0,0,4,346,76
30420,"Lexington, NE",2024-08-01,2,5,0,0,7,353,78
30420,"Lexington, NE",2024-09-01,2,8,1,0,11,364,80
30420,"Lexington, NE",2024-10-01,7,13,2,0,22,386,87
30420,"Lexington, NE",2024-11-01,0,7,1,0,8,394,87
30420,"Lexington, NE",2024-12-01,0,3,0,0,3,397,87
30420,"Lexington, NE",2025-01-01,1,4,1,0,6,403,88
30420,"Lexington, NE",2025-02-01,1,2,0,0,3,406,89
30420,"Lexington, NE",2025-03-01,7,13,0,0,20,426,96
30420,"Lexington, NE",2025-04-01,0,4,2,0,6,432,96
30420,"Lexington, NE",2025-05-01,5,4,1,0,10,442,101
30420,"Lexington, NE",2025-06-01,6,4,2,0,12,454,107
30420,"Lexington, NE",2025-07-01,1,8,2,0,11,465,108
30420,"Lexington, NE",2025-08-01,0,5,3,0,8,473,108
19700,"Deming, NM",2019-03-01,0,1,0,0,1,1,0
19700,"Deming, NM",2019-05-01,0,0,1,0,1,2,0
19700,"Deming, NM",2019-07-01,0,1,0,0,1,3,0
19700,"Deming, NM",2019-08-01,0,2,0,0,2,5,0
19700,"Deming, NM",2019-09-01,0,2,0,0,2,7,0
19700,"Deming, NM",2019-11-01,0,1,0,0,1,8,0
19700,"Deming, NM",2020-02-01,0,2,0,0,2,10,0
19700,"Deming, NM",2020-04-01,0,3,2,1,6,16,0
19700,"Deming, NM",2020-05-01,0,2,0,0,2,18,0
19700,"Deming, NM",2020-06-01,1,2,0,0,3,21,1
19700,"Deming, NM",2020-07-01,1,2,0,0,3,24,2
19700,"Deming, NM",2020-08-01,0,4,1,0,5,29,2
19700,"Deming, NM",2020-09-01,1,2,1,0,4,33,3
19700,"Deming, NM",2020-10-01,0,7,3,0,10,43,3
19700,"Deming, NM",2020-11-01,2,2,2,0,6,49,5
19700,"Deming, NM",2020-12-01,1,6,2,0,9,58,6
19700,"Deming, NM",2021-01-01,4,3,2,1,10,68,10
19700,"Deming, NM",2021-02-01,1,2,1,1,5,73,11
19700,"Deming, NM",2021-03-01,0,5,0,1,6,79,11
19700,"Deming, NM",2021-04-01,0,9,0,0,9,88,11
19700,"Deming, NM",2021-05-01,5,2,3,1,11,99,16
19700,"Deming, NM",2021-06-01,1,5,3,0,9,108,17
19700,"Deming, NM",2021-07-01,2,8,0,0,10,118,19
19700,"Deming, NM",2021-08-01,0,6,4,1,11,129,19
19700,"Deming, NM",2021-09-01,2,5,4,0,11,140,21
19700,"Deming, NM",2021-10-01,2,5,0,0,7,147,23
19700,"Deming, NM",2021-11-01,0,8,1,0,9,156,23
19700,"Deming, NM",2021-12-01,3,5,4,0,12,168,26
19700,"Deming, NM",2022-01-01,2,9,5,0,16,184,28
19700,"Deming, NM",2022-02-01,1,3,4,0,8,192,29
19700,"Deming, NM",2022-03-01,2,11,2,0,15,207,31
19700,"Deming, NM",2022-04-01,2,7,1,0,10,217,33
19700,"Deming, NM",2022-05-01,8,5,1,0,14,231,41
19700,"Deming, NM",2022-06-01,2,10,0,0,12,243,43
19700,"Deming, NM",2022-07-01,3,2,1,0,6,249,46
19700,"Deming, NM",2022-08-01,2,11,1,1,15,264,48
19700,"Deming, NM",2022-09-01,3,7,1,0,11,275,51
19700,"Deming, NM",2022-10-01,4,6,3,0,13,288,55
19700,"Deming, NM",2022-11-01,4,8,2,0,14,302,59
19700,"Deming, NM",2022-12-01,4,8,4,0,16,318,63
19700,"Deming, NM",2023-01-01,4,6,1,0,11,329,67
19700,"Deming, NM",2023-02-01,1,6,3,0,10,339,68
19700,"Deming, NM",2023-03-01,2,8,4,0,14,353,70
19700,"Deming, NM",2023-04-01,4,6,4,1,15,368,74
19700,"Deming, NM",2023-05-01,5,7,4,0,16,384,79
19700,"Deming, NM",2023-06-01,4,7,2,0,13,397,83
19700,"Deming, NM",2023-07-01,3,7,2,0,12,409,86
19700,"Deming, NM",2023-08-01,4,13,1,0,18,427,90
19700,"Deming, NM",2023-09-01,5,7,2,0,14,441,95
19700,"Deming, NM",2023-10-01,5,7,2,0,14,455,100
19700,"Deming, NM",2023-11-01,5,11,2,0,18,473,105
19700,"Deming, NM",2023-12-01,2,8,4,0,14,487,107
19700,"Deming, NM",2024-01-01,8,9,2,0,19,506,115
19700,"Deming, NM",2024-02-01,2,5,2,0,9,515,117
19700,"Deming, NM",2024-03-01,6,6,0,0,12,527,123
19700,"Deming, NM",2024-04-01,2,11,1,0,14,541,125
19700,"Deming, NM",2024-05-01,4,20,3,1,28,569,129
19700,"Deming, NM",2024-06-01,1,3,3,0,7,576,130
19700,"Deming, NM",2024-07-01,2,4,0,0,6,582,132
19700,"Deming, NM",2024-08-01,3,7,1,0,11,593,135
19700,"Deming, NM",2024-09-01,7,10,1,0,18,611,142
19700,"Deming, NM",2024-10-01,3,5,4,0,12,623,145
19700,"Deming, NM",2024-11-01,3,4,3,0,10,633,148
19700,"Deming, NM",2024-12-01,6,5,3,1,15,648,154
19700,"Deming, NM",2025-01-01,5,10,1,0,16,664,159
19700,"Deming, NM",2025-02-01,2,8,4,0,14,678,161
19700,"Deming, NM",2025-03-01,4,4,2,0,10,688,165
19700,"Deming, NM",2025-04-01,7,12,0,0,19,707,172
19700,"Deming, NM",2025-05-01,6,4,3,0,13,720,178
19700,"Deming, NM",2025-06-01,6,10,2,0,18,738,184
19700,"Deming, NM",2025-07-01,2,5,2,0,9,747,186
19700,"Deming, NM",2025-08-01,9,14,3,0,26,773,195
19700,"Deming, NM",2025-09-01,0,0,2,0,2,775,195
25100,"Guymon, OK",2019-02-01,0,0,1,0,1,1,0
25100,"Guymon, OK",2019-12-01,0,2,0,0,2,3,0
25100,"Guymon, OK",2020-01-01,0,1,0,0,1,4,0
25100,"Guymon, OK",2020-03-01,0,2,0,0,2,6,0
25100,"Guymon, OK",2020-04-01,1,1,0,0,2,8,1
25100,"Guymon, OK",2020-05-01,0,1,0,0,1,9,1
25100,"Guymon, OK",2020-06-01,0,1,0,0,1,10,1
25100,"Guymon, OK",2020-07-01,0,1,0,0,1,11,1
25100,"Guymon, OK",2020-08-01,0,1,0,0,1,12,1
25100,"Guymon, OK",2020-09-01,0,3,1,0,4,16,1
25100,"Guymon, OK",2020-10-01,0,2,0,0,2,18,1
25100,"Guymon, OK",2020-11-01,1,0,1,0,2,20,2
25100,"Guymon, OK",2020-12-01,0,1,0,0,1,21,2
25100,"Guymon, OK",2021-01-01,1,1,0,0,2,23,3
25100,"Guymon, OK",2021-02-01,0,1,0,0,1,24,3
25100,"Guymon, OK",2021-03-01,0,1,1,0,2,26,3
25100,"Guymon, OK",2021-04-01,0,3,1,0,4,30,3
25100,"Guymon, OK",2021-05-01,0,0,1,0,1,31,3
25100,"Guymon, OK",2021-06-01,0,5,0,0,5,36,3
25100,"Guymon, OK",2021-07-01,0,3,0,0,3,39,3
25100,"Guymon, OK",2021-08-01,0,4,2,0,6,45,3
25100,"Guymon, OK",2021-09-01,3,4,2,1,10,55,6
25100,"Guymon, OK",2021-10-01,0,2,4,0,6,61,6
25100,"Guymon, OK",2021-11-01,2,5,0,0,7,68,8
25100,"Guymon, OK",2021-12-01,5,5,3,0,13,81,13
25100,"Guymon, OK",2022-01-01,1,8,5,0,14,95,14
25100,"Guymon, OK",2022-02-01,0,8,4,0,12,107,14
25100,"Guymon, OK",2022-03-01,3,7,2,0,12,119,17
25100,"Guymon, OK",2022-04-01,1,10,2,0,13,132,18
25100,"Guymon, OK",2022-05-01,5,5,4,0,14,146,23
25100,"Guymon, OK",2022-06-01,3,4,2,0,9,155,26
25100,"Guymon, OK",2022-07-01,2,3,0,0,5,160,28
25100,"Guymon, OK",2022-08-01,3,5,4,0,12,172,31
25100,"Guymon, OK",2022-09-01,6,5,1,0,12,184,37
25100,"Guymon, OK",2022-10-01,3,8,1,0,12,196,40
25100,"Guymon, OK",2022-11-01,4,6,3,0,13,209,44
25100,"Guymon, OK",2022-12-01,5,4,1,0,10,219,49
25100,"Guymon, OK",2023-01-01,4,7,0,0,11,230,53
25100,"Guymon, OK",2023-02-01,4,2,2,0,8,238,57
25100,"Guymon, OK",2023-03-01,3,5,0,0,8,246,60
25100,"Guymon, OK",2023-04-01,1,8,0,0,9,255,61
25100,"Guymon, OK",2023-05-01,2,8,2,0,12,267,63
25100,"Guymon, OK",2023-06-01,3,5,3,0,11,278,66
25100,"Guymon, OK",2023-07-01,0,9,0,0,9,287,66
25100,"Guymon, OK",2023-08-01,4,6,1,0,11,298,70
25100,"Guymon, OK",2023-09-01,0,5,0,1,6,304,70
25100,"Guymon, OK",2023-10-01,2,9,2,1,14,318,72
25100,"Guymon, OK",2023-11-01,5,14,1,0,20,338,77
25100,"Guymon, OK",2023-12-01,3,8,2,0,13,351,80
25100,"Guymon, OK",2024-01-01,7,8,5,0,20,371,87
25100,"Guymon, OK",2024-02-01,2,5,2,0,9,380,89
25100,"Guymon, OK",2024-03-01,9,12,2,0,23,403,98
25100,"Guymon, OK",2024-04-01,4,6,2,0,12,415,102
25100,"Guymon, OK",2024-05-01,6,5,2,0,13,428,108
25100,"Guymon, OK",2024-06-01,2,1,1,0,4,432,110
25100,"Guymon, OK",2024-07-01,1,3,1,0,5,437,111
25100,"Guymon, OK",2024-08-01,0,4,0,0,4,441,111
25100,"Guymon, OK",2024-09-01,3,1,0,0,4,445,114
25100,"Guymon, OK",2024-10-01,2,9,2,0,13,458,116
25100,"Guymon, OK",2024-11-01,1,6,1,0,8,466,117
25100,"Guymon, OK",2024-12-01,4,3,3,0,10,476,121
25100,"Guymon, OK",2025-01-01,2,7,2,0,11,487,123
25100,"Guymon, OK",2025-02-01,8,9,2,1,20,507,131
25100,"Guymon, OK",2025-03-01,4,8,0,0,12,519,135
25100,"Guymon, OK",2025-04-01,2,5,2,0,9,528,137
25100,"Guymon, OK",2025-05-01,2,11,3,0,16,544,139
25100,"Guymon, OK",2025-06-01,5,16,2,0,23,567,144
25100,"Guymon, OK",2025-07-01,3,6,0,0,9,576,147
25100,"Guymon, OK",2025-08-01,1,4,1,0,6,582,148
19980,"Dodge City, KS",2019-01-01,0,1,0,0,1,1,0
19980,"Dodge City, KS",2019-03-01,0,1,0,0,1,2,0
19980,"Dodge City, KS",2019-04-01,0,2,1,0,3,5,0
19980,"Dodge City, KS",2019-05-01,0,4,0,0,4,9,0
19980,"Dodge City, KS",2019-06-01,0,6,0,0,6,15,0
19980,"Dodge City, KS",2019-07-01,0,8,0,0,8,23,0
19980,"Dodge City, KS",2019-08-01,0,15,3,0,18,41,0
19980,"Dodge City, KS",2019-09-01,2,11,0,0,13,54,2
19980,"Dodge City, KS",2019-10-01,0,4,4,0,8,62,2
19980,"Dodge City, KS",2019-11-01,1,7,2,0,10,72,3
19980,"Dodge City, KS",2019-12-01,2,6,1,0,9,81,5
19980,"Dodge City, KS",2020-01-01,1,4,3,0,8,89,6
19980,"Dodge City, KS",2020-02-01,0,2,0,0,2,91,6
19980,"Dodge City, KS",2020-03-01,2,8,1,0,11,102,8
19980,"Dodge City, KS",2020-04-01,4,11,2,1,18,120,12
19980,"Dodge City, KS",2020-05-01,8,17,2,0,27,147,20
19980,"Dodge City, KS",2020-06-01,2,8,5,0,15,162,22
19980,"Dodge City, KS",2020-07-01,1,6,1,0,8,170,23
19980,"Dodge City, KS",2020-08-01,0,6,3,0,9,179,23
19980,"Dodge City, KS",2020-09-01,2,9,3,0,14,193,25
19980,"Dodge City, KS",2020-10-01,3,6,2,1,12,205,28
19980,"Dodge City, KS",2020-11-01,2,8,1,0,11,216,30
19980,"Dodge City, KS",2020-12-01,7,10,2,0,19,235,37
19980,"Dodge City, KS",2021-01-01,11,10,2,0,23,258,48
19980,"Dodge City, KS",2021-02-01,2,4,5,0,11,269,50
19980,"Dodge City, KS",2021-03-01,2,14,1,0,17,286,52
19980,"Dodge City, KS",2021-04-01,4,11,3,0,18,304,56
19980,"Dodge City, KS",2021-05-01,7,9,5,0,21,325,63
19980,"Dodge City, KS",2021-06-01,5,9,2,0,16,341,68
19980,"Dodge City, KS",2021-07-01,5,9,1,1,16,357,73
19980,"Dodge City, KS",2021-08-01,4,8,3,0,15,372,77
19980,"Dodge City, KS",2021-09-01,7,12,2,0,21,393,84
19980,"Dodge City, KS",2021-10-01,1,8,1,0,10,403,85
19980,"Dodge City, KS",2021-11-01,5,5,1,0,11,414,90
19980,"Dodge City, KS",2021-12-01,1,12,0,0,13,427,91
19980,"Dodge City, KS",2022-01-01,7,14,1,0,22,449,98
19980,"Dodge City, KS",2022-02-01,2,7,3,1,13,462,100
19980,"Dodge City, KS",2022-03-01,9,17,4,0,30,492,109
19980,"Dodge City, KS",2022-04-01,2,11,2,0,15,507,111
19980,"Dodge City, KS",2022-05-01,8,8,2,0,18,525,119
19980,"Dodge City, KS",2022-06-01,1,4,0,0,5,530,120
19980,"Dodge City, KS",2022-07-01,5,12,3,0,20,550,125
19980,"Dodge City, KS",2022-08-01,7,10,1,0,18,568,132
19980,"Dodge City, KS",2022-09-01,3,5,3,0,11,579,135
19980,"Dodge City, KS",2022-10-01,7,11,0,0,18,597,142
19980,"Dodge City, KS",2022-11-01,7,10,3,1,21,618,149
19980,"Dodge City, KS",2022-12-01,5,4,5,0,14,632,154
19980,"Dodge City, KS",2023-01-01,1,11,3,0,15,647,155
19980,"Dodge City, KS",2023-02-01,5,7,8,0,20,667,160
19980,"Dodge City, KS",2023-03-01,10,13,8,0,31,698,170
19980,"Dodge City, KS",2023-04-01,5,6,2,0,13,711,175
19980,"Dodge City, KS",2023-05-01,2,9,2,2,15,726,177
19980,"Dodge City, KS",2023-06-01,6,10,3,1,20,746,183
19980,"Dodge City, KS",2023-07-01,9,9,2,0,20,766,192
19980,"Dodge City, KS",2023-08-01,7,8,1,0,16,782,199
19980,"Dodge City, KS",2023-09-01,6,14,1,1,22,804,205
19980,"Dodge City, KS",2023-10-01,3,19,2,0,24,828,208
19980,"Dodge City, KS",2023-11-01,10,14,3,0,27,855,218
19980,"Dodge City, KS",2023-12-01,10,9,6,0,25,880,228
19980,"Dodge City, KS",2024-01-01,12,14,5,0,31,911,240
19980,"Dodge City, KS",2024-02-01,5,15,2,0,22,933,245
19980,"Dodge City, KS",2024-03-01,7,19,5,1,32,965,252
19980,"Dodge City, KS",2024-04-01,5,6,4,0,15,980,257
19980,"Dodge City, KS",2024-05-01,2,9,5,2,18,998,259
19980,"Dodge City, KS",2024-06-01,5,6,2,0,13,1011,264
19980,"Dodge City, KS",2024-07-01,1,4,1,0,6,1017,265
19980,"Dodge City, KS",2024-08-01,0,3,0,0,3,1020,265
19980,"Dodge City, KS",2024-09-01,0,5,1,0,6,1026,265
19980,"Dodge City, KS",2024-10-01,3,5,1,0,9,1035,268
19980,"Dodge City, KS",2024-11-01,9,7,2,0,18,1053,277
19980,"Dodge City, KS",2024-12-01,5,14,3,1,23,1076,282
19980,"Dodge City, KS",2025-01-01,4,19,2,0,25,1101,286
19980,"Dodge City, KS",2025-02-01,10,9,6,0,25,1126,296
19980,"Dodge City, KS",2025-03-01,7,14,4,0,25,1151,303
19980,"Dodge City, KS",2025-04-01,5,6,3,0,14,1165,308
19980,"Dodge City, KS",2025-05-01,5,15,4,0,24,1189,313
19980,"Dodge City, KS",2025-06-01,4,2,0,0,6,1195,317
19980,"Dodge City, KS",2025-07-01,9,13,0,0,22,1217,326
19980,"Dodge City, KS",2025-08-01,5,19,4,0,28,1245,331
31500,"Madison, IN",2019-01-01,0,3,1,0,4,4,0
31500,"Madison, IN",2019-02-01,0,3,0,0,3,7,0
31500,"Madison, IN",2019-03-01,0,6,2,0,8,15,0
31500,"Madison, IN",2019-04-01,0,5,2,0,7,22,0
31500,"Madison, IN",2019-05-01,0,3,3,0,6,28,0
31500,"Madison, IN",2019-06-01,1,2,3,0,6,34,1
31500,"Madison, IN",2019-07-01,0,1,1,1,3,37,1
31500,"Madison, IN",2019-08-01,0,4,2,0,6,43,1
31500,"Madison, IN",2019-09-01,0,2,2,0,4,47,1
31500,"Madison, IN",2019-10-01,0,4,2,0,6,53,1
31500,"Madison, IN",2019-11-01,0,3,2,0,5,58,1
31500,"Madison, IN",2019-12-01,2,2,1,0,5,63,3
31500,"Madison, IN",2020-01-01,0,4,3,1,8,71,3
31500,"Madison, IN",2020-02-01,0,4,2,0,6,77,3
31500,"Madison, IN",2020-03-01,0,5,0,0,5,82,3
31500,"Madison, IN",2020-04-01,2,6,3,0,11,93,5
31500,"Madison, IN",2020-05-01,5,13,2,0,20,113,10
31500,"Madison, IN",2020-06-01,1,4,1,0,6,119,11
31500,"Madison, IN",2020-07-01,0,11,0,0,11,130,11
31500,"Madison, IN",2020-08-01,1,4,3,0,8,138,12
31500,"Madison, IN",2020-09-01,1,5,3,0,9,147,13
31500,"Madison, IN",2020-10-01,7,21,1,0,29,176,20
31500,"Madison, IN",2020-11-01,3,15,5,1,24,200,23
31500,"Madison, IN",2020-12-01,7,16,3,0,26,226,30
31500,"Madison, IN",2021-01-01,10,27,8,0,45,271,40
31500,"Madison, IN",2021-02-01,6,25,2,0,33,304,46
31500,"Madison, IN",2021-03-01,12,26,2,1,41,345,58
31500,"Madison, IN",2021-04-01,10,26,8,1,45,390,68
31500,"Madison, IN",2021-05-01,13,40,9,0,62,452,81
31500,"Madison, IN",2021-06-01,15,29,2,0,46,498,96
31500,"Madison, IN",2021-07-01,9,35,9,1,54,552,105
31500,"Madison, IN",2021-08-01,5,25,12,1,43,595,110
31500,"Madison, IN",2021-09-01,1,36,8,3,48,643,111
31500,"Madison, IN",2021-10-01,8,38,7,1,54,697,119
31500,"Madison, IN",2021-11-01,8,19,10,0,37,734,127
31500,"Madison, IN",2021-12-01,14,25,4,0,43,777,141
31500,"Madison, IN",2022-01-01,12,30,8,1,51,828,153
31500,"Madison, IN",2022-02-01,8,23,8,0,39,867,161
31500,"Madison, IN",2022-03-01,14,32,3,0,49,916,175
31500,"Madison, IN",2022-04-01,17,30,10,1,58,974,192
31500,"Madison, IN",2022-05-01,9,34,11,0,54,1028,201
31500,"Madison, IN",2022-06-01,6,16,7,0,29,1057,207
31500,"Madison, IN",2022-07-01,7,15,7,0,29,1086,214
31500,"Madison, IN",2022-08-01,8,17,8,1,34,1120,222
31500,"Madison, IN",2022-09-01,11,11,8,0,30,1150,233
31500,"Madison, IN",2022-10-01,16,12,6,0,34,1184,249
31500,"Madison, IN",2022-11-01,6,25,6,0,37,1221,255
31500,"Madison, IN",2022-12-01,11,18,6,1,36,1257,266
31500,"Madison, IN",2023-01-01,9,19,8,0,36,1293,275
31500,"Madison, IN",2023-02-01,6,18,4,0,28,1321,281
31500,"Madison, IN",2023-03-01,12,18,6,1,37,1358,293
31500,"Madison, IN",2023-04-01,12,18,6,1,37,1395,305
31500,"Madison, IN",2023-05-01,15,8,3,0,26,1421,320
31500,"Madison, IN",2023-06-01,11,18,2,0,31,1452,331
31500,"Madison, IN",2023-07-01,12,17,8,1,38,1490,343
31500,"Madison, IN",2023-08-01,7,8,4,0,19,1509,350
31500,"Madison, IN",2023-09-01,6,14,6,0,26,1535,356
31500,"Madison, IN",2023-10-01,14,15,3,1,33,1568,370
31500,"Madison, IN",2023-11-01,15,8,8,1,32,1600,385
31500,"Madison, IN",2023-12-01,19,15,4,0,38,1638,404
31500,"Madison, IN",2024-01-01,22,17,6,0,45,1683,426
31500,"Madison, IN",2024-02-01,18,13,4,0,35,1718,444
31500,"Madison, IN",2024-03-01,14,17,7,0,38,1756,458
31500,"Madison, IN",2024-04-01,11,11,6,0,28,1784,469
31500,"Madison, IN",2024-05-01,11,17,8,2,38,1822,480
31500,"Madison, IN",2024-06-01,16,16,10,1,43,1865,496
31500,"Madison, IN",2024-07-01,13,10,2,0,25,1890,509
31500,"Madison, IN",2024-08-01,9,12,3,0,24,1914,518
31500,"Madison, IN",2024-09-01,15,16,4,1,36,1950,533
31500,"Madison, IN",2024-10-01,17,32,13,0,62,2012,550
31500,"Madison, IN",2024-11-01,9,20,9,0,38,2050,559
31500,"Madison, IN",2024-12-01,13,20,7,1,41,2091,572
31500,"Madison, IN",2025-01-01,18,18,3,0,39,2130,590
31500,"Madison, IN",2025-02-01,19,13,7,3,42,2172,609
31500,"Madison, IN",2025-03-01,23,20,5,2,50,2222,632
31500,"Madison, IN",2025-04-01,15,19,3,2,39,2261,647
31500,"Madison, IN",2025-05-01,24,23,9,1,57,2318,671
31500,"Madison, IN",2025-06-01,17,16,5,0,38,2356,688
31500,"Madison, IN",2025-07-01,15,17,3,0,35,2391,703
31500,"Madison, IN",2025-08-01,12,7,4,0,23,2414,715
31500,"Madison, IN",2025-09-01,1,2,0,0,3,2417,716
27780,"Johnstown, PA",2019-01-01,0,1,0,0,1,1,0
27780,"Johnstown, PA",2019-02-01,0,2,2,0,4,5,0
27780,"Johnstown, PA",2019-03-01,0,0,1,0,1,6,0
27780,"Johnstown, PA",2019-04-01,1,12,1,0,14,20,1
27780,"Johnstown, PA",2019-05-01,0,7,1,0,8,28,1
27780,"Johnstown, PA",2019-06-01,1,12,2,2,17,45,2
27780,"Johnstown, PA",2019-07-01,2,6,5,0,13,58,4
27780,"Johnstown, PA",2019-08-01,3,16,2,2,23,81,7
27780,"Johnstown, PA",2019-09-01,0,12,5,0,17,98,7
27780,"Johnstown, PA",2019-10-01,1,9,1,1,12,110,8
27780,"Johnstown, PA",2019-11-01,3,9,4,0,16,126,11
27780,"Johnstown, PA",2019-12-01,5,15,2,0,22,148,16
27780,"Johnstown, PA",2020-01-01,0,21,2,0,23,171,16
27780,"Johnstown, PA",2020-02-01,3,17,5,0,25,196,19
27780,"Johnstown, PA",2020-03-01,4,20,9,0,33,229,23
27780,"Johnstown, PA",2020-04-01,4,34,11,0,49,278,27
27780,"Johnstown, PA",2020-05-01,20,51,9,2,82,360,47
27780,"Johnstown, PA",2020-06-01,21,38,3,2,64,424,68
27780,"Johnstown, PA",2020-07-01,19,61,5,0,85,509,87
27780,"Johnstown, PA",2020-08-01,21,49,9,1,80,589,108
27780,"Johnstown, PA",2020-09-01,19,51,9,1,80,669,127
27780,"Johnstown, PA",2020-10-01,18,36,7,2,63,732,145
27780,"Johnstown, PA",2020-11-01,5,28,2,0,35,767,150
27780,"Johnstown, PA",2020-12-01,21,29,10,1,61,828,171
27780,"Johnstown, PA",2021-01-01,22,37,9,1,69,897,193
27780,"Johnstown, PA",2021-02-01,24,31,15,1,71,968,217
27780,"Johnstown, PA",2021-03-01,25,41,6,0,72,1040,242
27780,"Johnstown, PA",2021-04-01,16,43,11,0,70,1110,258
27780,"Johnstown, PA",2021-05-01,21,56,5,2,84,1194,279
27780,"Johnstown, PA",2021-06-01,17,43,8,0,68,1262,296
27780,"Johnstown, PA",2021-07-01,20,48,9,2,79,1341,316
27780,"Johnstown, PA",2021-08-01,11,40,4,1,56,1397,327
27780,"Johnstown, PA",2021-09-01,11,34,14,1,60,1457,338
27780,"Johnstown, PA",2021-10-01,14,29,4,2,49,1506,352
27780,"Johnstown, PA",2021-11-01,11,42,12,1,66,1572,363
27780,"Johnstown, PA",2021-12-01,25,33,13,2,73,1645,388
27780,"Johnstown, PA",2022-01-01,19,53,15,2,89,1734,407
27780,"Johnstown, PA",2022-02-01,18,27,7,1,53,1787,425
27780,"Johnstown, PA",2022-03-01,27,27,11,1,66,1853,452
27780,"Johnstown, PA",2022-04-01,17,40,10,0,67,1920,469
27780,"Johnstown, PA",2022-05-01,21,27,11,0,59,1979,490
27780,"Johnstown, PA",2022-06-01,15,23,7,0,45,2024,505
27780,"Johnstown, PA",2022-07-01,12,27,9,1,49,2073,517
27780,"Johnstown, PA",2022-08-01,13,28,10,0,51,2124,530
27780,"Johnstown, PA",2022-09-01,14,27,6,0,47,2171,544
27780,"Johnstown, PA",2022-10-01,19,29,5,1,54,2225,563
27780,"Johnstown, PA",2022-11-01,23,18,9,1,51,2276,586
27780,"Johnstown, PA",2022-12-01,20,24,12,0,56,2332,606
27780,"Johnstown, PA",2023-01-01,13,26,14,0,53,2385,619
27780,"Johnstown, PA",2023-02-01,20,32,7,0,59,2444,639
27780,"Johnstown, PA",2023-03-01,28,37,11,0,76,2520,667
27780,"Johnstown, PA",2023-04-01,14,33,3,2,52,2572,681
27780,"Johnstown, PA",2023-05-01,21,21,5,0,47,2619,702
27780,"Johnstown, PA",2023-06-01,12,25,4,0,41,2660,714
27780,"Johnstown, PA",2023-07-01,20,16,8,0,44,2704,734
27780,"Johnstown, PA",2023-08-01,19,22,4,0,45,2749,753
27780,"Johnstown, PA",2023-09-01,23,27,11,0,61,2810,776
27780,"Johnstown, PA",2023-10-01,20,29,9,0,58,2868,796
27780,"Johnstown, PA",2023-11-01,34,38,8,1,81,2949,830
27780,"Johnstown, PA",2023-12-01,28,17,6,1,52,3001,858
27780,"Johnstown, PA",2024-01-01,20,37,6,1,64,3065,878
27780,"Johnstown, PA",2024-02-01,34,44,11,0,89,3154,912
27780,"Johnstown, PA",2024-03-01,34,56,13,0,103,3257,946
27780,"Johnstown, PA",2024-04-01,33,38,14,0,85,3342,979
27780,"Johnstown, PA",2024-05-01,31,18,9,0,58,3400,1010
27780,"Johnstown, PA",2024-06-01,28,40,8,0,76,3476,1038
27780,"Johnstown, PA",2024-07-01,20,22,4,2,48,3524,1058
27780,"Johnstown, PA",2024-08-01,25,37,13,0,75,3599,1083
27780,"Johnstown, PA",2024-09-01,24,35,11,2,72,3671,1107
27780,"Johnstown, PA",2024-10-01,36,30,12,0,78,3749,1143
27780,"Johnstown, PA",2024-11-01,39,32,11,1,83,3832,1182
27780,"Johnstown, PA",2024-12-01,33,34,13,1,81,3913,1215
27780,"Johnstown, PA",2025-01-01,37,31,19,1,88,4001,1252
27780,"Johnstown, PA",2025-02-01,32,25,8,2,67,4068,1284
27780,"Johnstown, PA",2025-03-01,47,37,10,3,97,4165,1331
27780,"Johnstown, PA",2025-04-01,38,20,7,1,66,4231,1369
27780,"Johnstown, PA",2025-05-01,34,32,7,3,76,4307,1403
27780,"Johnstown, PA",2025-06-01,38,35,4,1,78,4385,1441
27780,"Johnstown, PA",2025-07-01,30,29,8,2,69,4454,1471
27780,"Johnstown, PA",2025-08-01,25,27,9,0,61,4515,1496
27780,"Johnstown, PA",2025-09-01,0,2,1,0,3,4518,1496
25220,"Hammond, LA",2019-01-01,0,36,8,1,45,45,0
25220,"Hammond, LA",2019-02-01,1,29,6,1,37,82,1
25220,"Hammond, LA",2019-03-01,1,23,11,0,35,117,2
25220,"Hammond, LA",2019-04-01,1,34,13,1,49,166,3
25220,"Hammond, LA",2019-05-01,0,21,7,1,29,195,3
25220,"Hammond, LA",2019-06-01,0,17,3,0,20,215,3
25220,"Hammond, LA",2019-07-01,1,19,5,0,25,240,4
25220,"Hammond, LA",2019-08-01,1,14,7,1,23,263,5
25220,"Hammond, LA",2019-09-01,1,45,14,0,60,323,6
25220,"Hammond, LA",2019-10-01,2,32,5,0,39,362,8
25220,"Hammond, LA",2019-11-01,5,25,8,0,38,400,13
25220,"Hammond, LA",2019-12-01,2,11,1,2,16,416,15
25220,"Hammond, LA",2020-01-01,2,29,4,0,35,451,17
25220,"Hammond, LA",2020-02-01,8,12,10,0,30,481,25
25220,"Hammond, LA",2020-03-01,4,34,8,1,47,528,29
25220,"Hammond, LA",2020-04-01,8,31,14,0,53,581,37
25220,"Hammond, LA",2020-05-01,23,79,15,1,118,699,60
25220,"Hammond, LA",2020-06-01,22,73,19,2,116,815,82
25220,"Hammond, LA",2020-07-01,21,106,17,3,147,962,103
25220,"Hammond, LA",2020-08-01,47,138,17,5,207,1169,150
25220,"Hammond, LA",2020-09-01,33,118,12,1,164,1333,183
25220,"Hammond, LA",2020-10-01,29,87,7,2,125,1458,212
25220,"Hammond, LA",2020-11-01,19,44,8,2,73,1531,231
25220,"Hammond, LA",2020-12-01,24,74,11,0,109,1640,255
25220,"Hammond, LA",2021-01-01,51,125,19,1,196,1836,306
25220,"Hammond, LA",2021-02-01,19,87,17,0,123,1959,325
25220,"Hammond, LA",2021-03-01,53,105,21,2,181,2140,378
25220,"Hammond, LA",2021-04-01,48,123,24,2,197,2337,426
25220,"Hammond, LA",2021-05-01,67,156,39,3,265,2602,493
25220,"Hammond, LA",2021-06-01,54,127,21,0,202,2804,547
25220,"Hammond, LA",2021-07-01,72,156,30,6,264,3068,619
25220,"Hammond, LA",2021-08-01,60,151,33,6,250,3318,679
25220,"Hammond, LA",2021-09-01,37,78,15,0,130,3448,716
25220,"Hammond, LA",2021-10-01,42,87,18,0,147,3595,758
25220,"Hammond, LA",2021-11-01,50,109,24,2,185,3780,808
25220,"Hammond, LA",2021-12-01,57,119,23,2,201,3981,865
25220,"Hammond, LA",2022-01-01,49,134,20,2,205,4186,914
25220,"Hammond, LA",2022-02-01,37,78,33,2,150,4336,951
25220,"Hammond, LA",2022-03-01,40,102,31,2,175,4511,991
25220,"Hammond, LA",2022-04-01,46,102,28,4,180,4691,1037
25220,"Hammond, LA",2022-05-01,65,98,19,4,186,4877,1102
25220,"Hammond, LA",2022-06-01,53,86,21,3,163,5040,1155
25220,"Hammond, LA",2022-07-01,33,73,18,1,125,5165,1188
25220,"Hammond, LA",2022-08-01,25,35,11,1,72,5237,1213
25220,"Hammond, LA",2022-09-01,40,63,23,3,129,5366,1253
25220,"Hammond, LA",2022-10-01,42,64,15,1,122,5488,1295
25220,"Hammond, LA",2022-11-01,69,77,29,2,177,5665,1364
25220,"Hammond, LA",2022-12-01,62,75,26,0,163,5828,1426
25220,"Hammond, LA",2023-01-01,73,90,39,3,205,6033,1499
25220,"Hammond, LA",2023-02-01,54,64,20,0,138,6171,1553
25220,"Hammond, LA",2023-03-01,85,129,25,3,242,6413,1638
25220,"Hammond, LA",2023-04-01,65,101,31,2,199,6612,1703
25220,"Hammond, LA",2023-05-01,51,86,19,0,156,6768,1754
25220,"Hammond, LA",2023-06-01,23,38,15,2,78,6846,1777
25220,"Hammond, LA",2023-07-01,34,41,13,0,88,6934,1811
25220,"Hammond, LA",2023-08-01,40,44,7,1,92,7026,1851
25220,"Hammond, LA",2023-09-01,87,96,32,2,217,7243,1938
25220,"Hammond, LA",2023-10-01,81,90,31,2,204,7447,2019
25220,"Hammond, LA",2023-11-01,78,97,30,2,207,7654,2097
25220,"Hammond, LA",2023-12-01,92,108,28,3,231,7885,2189
25220,"Hammond, LA",2024-01-01,103,86,26,3,218,8103,2292
25220,"Hammond, LA",2024-02-01,71,72,25,2,170,8273,2363
25220,"Hammond, LA",2024-03-01,101,70,31,2,204,8477,2464
25220,"Hammond, LA",2024-04-01,73,89,32,2,196,8673,2537
25220,"Hammond, LA",2024-05-01,86,81,17,3,187,8860,2623
25220,"Hammond, LA",2024-06-01,47,80,19,4,150,9010,2670
25220,"Hammond, LA",2024-07-01,64,81,29,5,179,9189,2734
25220,"Hammond, LA",2024-08-01,91,103,37,4,235,9424,2825
25220,"Hammond, LA",2024-09-01,94,110,21,4,229,9653,2919
25220,"Hammond, LA",2024-10-01,94,90,40,6,230,9883,3013
25220,"Hammond, LA",2024-11-01,109,94,32,1,236,10119,3122
25220,"Hammond, LA",2024-12-01,114,123,45,7,289,10408,3236
25220,"Hammond, LA",2025-01-01,137,99,27,4,267,10675,3373
25220,"Hammond, LA",2025-02-01,82,85,31,3,201,10876,3455
25220,"Hammond, LA",2025-03-01,142,99,30,5,276,11152,3597
25220,"Hammond, LA",2025-04-01,132,120,30,5,287,11439,3729
25220,"Hammond, LA",2025-05-01,125,100,42,7,274,11713,3854
25220,"Hammond, LA",2025-06-01,145,149,43,11,348,12061,3999
25220,"Hammond, LA",2025-07-01,101,106,41,1,249,12310,4100
25220,"Hammond, LA",2025-08-01,94,89,34,2,219,12529,4194
25220,"Hammond, LA",2025-09-01,3,3,1,0,7,12536,4197
21340,"El Paso, TX",2019-01-01,4,113,14,2,133,133,4
21340,"El Paso, TX",2019-02-01,0,49,16,1,66,199,4
21340,"El Paso, TX",2019-03-01,3,59,7,1,70,269,7
21340,"El Paso, TX",2019-04-01,0,59,14,1,74,343,7
21340,"El Paso, TX",2019-05-01,2,64,7,0,73,416,9
21340,"El Paso, TX",2019-06-01,8,153,21,1,183,599,17
21340,"El Paso, TX",2019-07-01,4,104,20,0,128,727,21
21340,"El Paso, TX",2019-08-01,5,140,22,2,169,896,26
21340,"El Paso, TX",2019-09-01,9,117,25,4,155,1051,35
21340,"El Paso, TX",2019-10-01,8,122,23,2,155,1206,43
21340,"El Paso, TX",2019-11-01,15,92,19,0,126,1332,58
21340,"El Paso, TX",2019-12-01,10,94,16,1,121,1453,68
21340,"El Paso, TX",2020-01-01,18,149,23,3,193,1646,86
21340,"El Paso, TX",2020-02-01,18,107,14,1,140,1786,104
21340,"El Paso, TX",2020-03-01,27,243,27,3,300,2086,131
21340,"El Paso, TX",2020-04-01,125,669,92,12,898,2984,256
21340,"El Paso, TX",2020-05-01,103,366,62,5,536,3520,359
21340,"El Paso, TX",2020-06-01,88,329,45,3,465,3985,447
21340,"El Paso, TX",2020-07-01,181,631,102,4,918,4903,628
21340,"El Paso, TX",2020-08-01,161,680,65,12,918,5821,789
21340,"El Paso, TX",2020-09-01,126,502,67,7,702,6523,915
21340,"El Paso, TX",2020-10-01,108,531,71,8,718,7241,1023
21340,"El Paso, TX",2020-11-01,70,254,45,3,372,7613,1093
21340,"El Paso, TX",2020-12-01,101,277,57,7,442,8055,1194
21340,"El Paso, TX",2021-01-01,131,477,67,4,679,8734,1325
21340,"El Paso, TX",2021-02-01,68,179,35,4,286,9020,1393
21340,"El Paso, TX",2021-03-01,261,727,137,12,1137,10157,1654
21340,"El Paso, TX",2021-04-01,235,702,80,4,1021,11178,1889
21340,"El Paso, TX",2021-05-01,197,557,66,6,826,12004,2086
21340,"El Paso, TX",2021-06-01,82,227,36,6,351,12355,2168
21340,"El Paso, TX",2021-07-01,60,205,31,0,296,12651,2228
21340,"El Paso, TX",2021-08-01,74,304,31,5,414,13065,2302
21340,"El Paso, TX",2021-09-01,116,411,95,5,627,13692,2418
21340,"El Paso, TX",2021-10-01,68,165,22,1,256,13948,2486
21340,"El Paso, TX",2021-11-01,91,231,46,4,372,14320,2577
21340,"El Paso, TX",2021-12-01,112,266,39,3,420,14740,2689
21340,"El Paso, TX",2022-01-01,186,479,94,8,767,15507,2875
21340,"El Paso, TX",2022-02-01,134,364,79,4,581,16088,3009
21340,"El Paso, TX",2022-03-01,374,734,142,12,1262,17350,3383
21340,"El Paso, TX",2022-04-01,180,380,76,9,645,17995,3563
21340,"El Paso, TX",2022-05-01,93,209,30,2,334,18329,3656
21340,"El Paso, TX",2022-06-01,74,164,18,3,259,18588,3730
21340,"El Paso, TX",2022-07-01,48,142,15,2,207,18795,3778
21340,"El Paso, TX",2022-08-01,69,185,23,2,279,19074,3847
21340,"El Paso, TX",2022-09-01,277,655,126,8,1066,20140,4124
21340,"El Paso, TX",2022-10-01,100,287,76,4,467,20607,4224
21340,"El Paso, TX",2022-11-01,243,387,90,5,725,21332,4467
21340,"El Paso, TX",2022-12-01,309,496,101,11,917,22249,4776
21340,"El Paso, TX",2023-01-01,201,380,75,3,659,22908,4977
21340,"El Paso, TX",2023-02-01,292,484,105,14,895,23803,5269
21340,"El Paso, TX",2023-03-01,507,760,171,13,1451,25254,5776
21340,"El Paso, TX",2023-04-01,288,502,93,12,895,26149,6064
21340,"El Paso, TX",2023-05-01,131,206,35,1,373,26522,6195
21340,"El Paso, TX",2023-06-01,88,147,28,1,264,26786,6283
21340,"El Paso, TX",2023-07-01,79,136,23,1,239,27025,6362
21340,"El Paso, TX",2023-08-01,93,172,24,0,289,27314,6455
21340,"El Paso, TX",2023-09-01,168,265,71,5,509,27823,6623
21340,"El Paso, TX",2023-10-01,262,422,104,14,802,28625,6885
21340,"El Paso, TX",2023-11-01,290,492,129,8,919,29544,7175
21340,"El Paso, TX",2023-12-01,373,494,104,13,984,30528,7548
21340,"El Paso, TX",2024-01-01,440,566,133,13,1152,31680,7988
21340,"El Paso, TX",2024-02-01,389,480,138,11,1018,32698,8377
21340,"El Paso, TX",2024-03-01,465,483,122,12,1082,33780,8842
21340,"El Paso, TX",2024-04-01,452,498,113,12,1075,34855,9294
21340,"El Paso, TX",2024-05-01,437,526,135,12,1110,35965,9731
21340,"El Paso, TX",2024-06-01,281,372,97,7,757,36722,10012
21340,"El Paso, TX",2024-07-01,143,195,42,3,383,37105,10155
21340,"El Paso, TX",2024-08-01,112,217,32,1,362,37467,10267
21340,"El Paso, TX",2024-09-01,236,334,83,4,657,38124,10503
21340,"El Paso, TX",2024-10-01,372,515,143,13,1043,39167,10875
21340,"El Paso, TX",2024-11-01,345,473,101,10,929,40096,11220
21340,"El Paso, TX",2024-12-01,357,485,103,6,951,41047,11577
21340,"El Paso, TX",2025-01-01,340,504,116,11,971,42018,11917
21340,"El Paso, TX",2025-02-01,358,403,120,11,892,42910,12275
21340,"El Paso, TX",2025-03-01,419,456,111,7,993,43903,12694
21340,"El Paso, TX",2025-04-01,431,463,120,13,1027,44930,13125
21340,"El Paso, TX",2025-05-01,453,587,143,14,1197,46127,13578
21340,"El Paso, TX",2025-06-01,423,514,106,8,1051,47178,14001
21340,"El Paso, TX",2025-07-01,349,442,80,3,874,48052,14350
21340,"El Paso, TX",2025-08-01,449,501,123,12,1085,49137,14799
21340,"El Paso, TX",2025-09-01,11,13,4,0,28,49165,14810
31220,"Ludington, MI",2019-01-01,0,0,0,1,1,1,0
31220,"Ludington, MI",2019-03-01,0,2,0,0,2,3,0
31220,"Ludington, MI",2019-04-01,0,1,0,0,1,4,0
31220,"Ludington, MI",2019-05-01,0,1,1,0,2,6,0
31220,"Ludington, MI",2019-07-01,0,0,1,0,1,7,0
31220,"Ludington, MI",2019-09-01,0,1,0,0,1,8,0
31220,"Ludington, MI",2019-12-01,0,1,0,0,1,9,0
31220,"Ludington, MI",2020-02-01,0,1,0,0,1,10,0
31220,"Ludington, MI",2020-03-01,1,0,0,0,1,11,1
31220,"Ludington, MI",2020-04-01,0,1,0,0,1,12,1
31220,"Ludington, MI",2020-05-01,0,3,1,0,4,16,1
31220,"Ludington, MI",2020-06-01,1,1,1,0,3,19,2
31220,"Ludington, MI",2020-07-01,0,2,1,0,3,22,2
31220,"Ludington, MI",2020-08-01,1,5,2,0,8,30,3
31220,"Ludington, MI",2020-09-01,1,5,2,0,8,38,4
31220,"Ludington, MI",2020-10-01,1,5,3,1,10,48,5
31220,"Ludington, MI",2020-11-01,3,8,4,0,15,63,8
31220,"Ludington, MI",2020-12-01,8,12,5,1,26,89,16
31220,"Ludington, MI",2021-01-01,1,16,5,1,23,112,17
31220,"Ludington, MI",2021-02-01,2,14,3,0,19,131,19
31220,"Ludington, MI",2021-03-01,1,9,4,1,15,146,20
31220,"Ludington, MI",2021-04-01,1,10,1,0,12,158,21
31220,"Ludington, MI",2021-05-01,7,19,4,0,30,188,28
31220,"Ludington, MI",2021-06-01,3,7,4,1,15,203,31
31220,"Ludington, MI",2021-07-01,1,16,3,0,20,223,32
31220,"Ludington, MI",2021-08-01,1,16,3,1,21,244,33
31220,"Ludington, MI",2021-09-01,9,11,4,1,25,269,42
31220,"Ludington, MI",2021-10-01,9,6,7,1,23,292,51
31220,"Ludington, MI",2021-11-01,2,15,10,0,27,319,53
31220,"Ludington, MI",2021-12-01,6,14,3,1,24,343,59
31220,"Ludington, MI",2022-01-01,6,16,5,1,28,371,65
31220,"Ludington, MI",2022-02-01,4,12,5,0,21,392,69
31220,"Ludington, MI",2022-03-01,4,10,3,1,18,410,73
31220,"Ludington, MI",2022-04-01,4,13,1,0,18,428,77
31220,"Ludington, MI",2022-05-01,4,8,1,0,13,441,81
31220,"Ludington, MI",2022-06-01,3,6,3,0,12,453,84
31220,"Ludington, MI",2022-07-01,2,6,3,0,11,464,86
31220,"Ludington, MI",2022-08-01,4,9,4,1,18,482,90
31220,"Ludington, MI",2022-09-01,3,7,5,0,15,497,93
31220,"Ludington, MI",2022-10-01,5,4,2,0,11,508,98
31220,"Ludington, MI",2022-11-01,7,11,1,1,20,528,105
31220,"Ludington, MI",2022-12-01,6,9,1,0,16,544,111
31220,"Ludington, MI",2023-01-01,2,6,0,0,8,552,113
31220,"Ludington, MI",2023-02-01,3,11,4,0,18,570,116
31220,"Ludington, MI",2023-03-01,5,13,4,1,23,593,121
31220,"Ludington, MI",2023-04-01,3,11,1,1,16,609,124
31220,"Ludington, MI",2023-05-01,9,6,7,0,22,631,133
31220,"Ludington, MI",2023-06-01,4,6,6,0,16,647,137
31220,"Ludington, MI",2023-07-01,4,5,7,1,17,664,141
31220,"Ludington, MI",2023-08-01,4,5,2,0,11,675,145
31220,"Ludington, MI",2023-09-01,3,16,5,0,24,699,148
31220,"Ludington, MI",2023-10-01,8,14,3,0,25,724,156
31220,"Ludington, MI",2023-11-01,8,6,3,0,17,741,164
31220,"Ludington, MI",2023-12-01,11,12,1,1,25,766,175
31220,"Ludington, MI",2024-01-01,4,10,4,1,19,785,179
31220,"Ludington, MI",2024-02-01,8,7,6,1,22,807,187
31220,"Ludington, MI",2024-03-01,8,9,7,0,24,831,195
31220,"Ludington, MI",2024-04-01,2,11,1,0,14,845,197
31220,"Ludington, MI",2024-05-01,3,10,2,0,15,860,200
31220,"Ludington, MI",2024-06-01,6,5,2,0,13,873,206
31220,"Ludington, MI",2024-07-01,2,8,2,0,12,885,208
31220,"Ludington, MI",2024-08-01,7,13,1,0,21,906,215
31220,"Ludington, MI",2024-09-01,9,4,1,0,14,920,224
31220,"Ludington, MI",2024-10-01,6,8,4,0,18,938,230
31220,"Ludington, MI",2024-11-01,6,7,4,0,17,955,236
31220,"Ludington, MI",2024-12-01,11,9,1,0,21,976,247
31220,"Ludington, MI",2025-01-01,10,10,5,1,26,1002,257
31220,"Ludington, MI",2025-02-01,7,10,4,2,23,1025,264
31220,"Ludington, MI",2025-03-01,3,13,2,2,20,1045,267
31220,"Ludington, MI",2025-04-01,10,7,3,1,21,1066,277
31220,"Ludington, MI",2025-05-01,7,6,3,0,16,1082,284
31220,"Ludington, MI",2025-06-01,5,7,4,0,16,1098,289
31220,"Ludington, MI",2025-07-01,7,14,2,1,24,1122,296
31220,"Ludington, MI",2025-08-01,7,7,0,2,16,1138,303
42860,"Seneca, SC",2019-01-01,0,14,6,0,20,20,0
42860,"Seneca, SC",2019-02-01,0,28,8,0,36,56,0
42860,"Seneca, SC",2019-03-01,3,35,4,1,43,99,3
42860,"Seneca, SC",2019-04-01,4,37,6,0,47,146,7
42860,"Seneca, SC",2019-05-01,1,39,9,0,49,195,8
42860,"Seneca, SC",2019-06-01,0,18,8,1,27,222,8
42860,"Seneca, SC",2019-07-01,6,45,8,0,59,281,14
42860,"Seneca, SC",2019-08-01,4,42,9,3,58,339,18
42860,"Seneca, SC",2019-09-01,1,39,3,0,43,382,19
42860,"Seneca, SC",2019-10-01,0,6,2,1,9,391,19
42860,"Seneca, SC",2019-11-01,6,22,4,0,32,423,25
42860,"Seneca, SC",2019-12-01,6,17,5,0,28,451,31
42860,"Seneca, SC",2020-01-01,8,27,8,1,44,495,39
42860,"Seneca, SC",2020-02-01,4,19,4,1,28,523,43
42860,"Seneca, SC",2020-03-01,10,29,8,1,48,571,53
42860,"Seneca, SC",2020-04-01,22,67,10,1,100,671,75
42860,"Seneca, SC",2020-05-01,79,203,11,0,293,964,154
42860,"Seneca, SC",2020-06-01,50,102,9,0,161,1125,204
42860,"Seneca, SC",2020-07-01,48,96,3,1,148,1273,252
42860,"Seneca, SC",2020-08-01,50,172,17,1,240,1513,302
42860,"Seneca, SC",2020-09-01,54,131,21,3,209,1722,356
42860,"Seneca, SC",2020-10-01,44,109,18,2,173,1895,400
42860,"Seneca, SC",2020-11-01,24,61,8,2,95,1990,424
42860,"Seneca, SC",2020-12-01,16,22,5,0,43,2033,440
42860,"Seneca, SC",2021-01-01,63,146,17,1,227,2260,503
42860,"Seneca, SC",2021-02-01,55,103,19,2,179,2439,558
42860,"Seneca, SC",2021-03-01,99,152,27,4,282,2721,657
42860,"Seneca, SC",2021-04-01,63,157,23,3,246,2967,720
42860,"Seneca, SC",2021-05-01,61,85,13,2,161,3128,781
42860,"Seneca, SC",2021-06-01,35,57,13,0,105,3233,816
42860,"Seneca, SC",2021-07-01,15,33,6,3,57,3290,831
42860,"Seneca, SC",2021-08-01,23,50,11,1,85,3375,854
42860,"Seneca, SC",2021-09-01,46,87,32,5,170,3545,900
42860,"Seneca, SC",2021-10-01,23,32,6,3,64,3609,923
42860,"Seneca, SC",2021-11-01,25,48,8,2,83,3692,948
42860,"Seneca, SC",2021-12-01,78,77,20,1,176,3868,1026
42860,"Seneca, SC",2022-01-01,95,115,21,2,233,4101,1121
42860,"Seneca, SC",2022-02-01,46,62,19,1,128,4229,1167
42860,"Seneca, SC",2022-03-01,64,94,23,4,185,4414,1231
42860,"Seneca, SC",2022-04-01,55,89,27,2,173,4587,1286
42860,"Seneca, SC",2022-05-01,42,57,9,0,108,4695,1328
42860,"Seneca, SC",2022-06-01,23,31,3,0,57,4752,1351
42860,"Seneca, SC",2022-07-01,27,27,6,2,62,4814,1378
42860,"Seneca, SC",2022-08-01,21,33,5,1,60,4874,1399
42860,"Seneca, SC",2022-09-01,16,55,16,1,88,4962,1415
42860,"Seneca, SC",2022-10-01,57,50,17,1,125,5087,1472
42860,"Seneca, SC",2022-11-01,88,99,31,3,221,5308,1560
42860,"Seneca, SC",2022-12-01,71,79,16,0,166,5474,1631
42860,"Seneca, SC",2023-01-01,81,74,20,1,176,5650,1712
42860,"Seneca, SC",2023-02-01,92,78,18,5,193,5843,1804
42860,"Seneca, SC",2023-03-01,84,93,33,1,211,6054,1888
42860,"Seneca, SC",2023-04-01,64,80,22,0,166,6220,1952
42860,"Seneca, SC",2023-05-01,34,38,8,2,82,6302,1986
42860,"Seneca, SC",2023-06-01,28,21,5,0,54,6356,2014
42860,"Seneca, SC",2023-07-01,22,23,9,0,54,6410,2036
42860,"Seneca, SC",2023-08-01,40,33,15,2,90,6500,2076
42860,"Seneca, SC",2023-09-01,65,85,26,3,179,6679,2141
42860,"Seneca, SC",2023-10-01,67,91,27,4,189,6868,2208
42860,"Seneca, SC",2023-11-01,71,78,18,3,170,7038,2279
42860,"Seneca, SC",2023-12-01,67,63,23,2,155,7193,2346
42860,"Seneca, SC",2024-01-01,94,84,37,4,219,7412,2440
42860,"Seneca, SC",2024-02-01,112,60,14,1,187,7599,2552
42860,"Seneca, SC",2024-03-01,94,79,33,1,207,7806,2646
42860,"Seneca, SC",2024-04-01,69,73,20,2,164,7970,2715
42860,"Seneca, SC",2024-05-01,81,82,30,2,195,8165,2796
42860,"Seneca, SC",2024-06-01,69,76,21,1,167,8332,2865
42860,"Seneca, SC",2024-07-01,40,57,21,0,118,8450,2905
42860,"Seneca, SC",2024-08-01,52,37,17,2,108,8558,2957
42860,"Seneca, SC",2024-09-01,54,60,16,2,132,8690,3011
42860,"Seneca, SC",2024-10-01,98,47,11,3,159,8849,3109
42860,"Seneca, SC",2024-11-01,75,62,26,3,166,9015,3184
42860,"Seneca, SC",2024-12-01,72,72,21,2,167,9182,3256
42860,"Seneca, SC",2025-01-01,112,68,23,1,204,9386,3368
42860,"Seneca, SC",2025-02-01,94,61,12,3,170,9556,3462
42860,"Seneca, SC",2025-03-01,80,58,17,2,157,9713,3542
42860,"Seneca, SC",2025-04-01,94,63,27,0,184,9897,3636
42860,"Seneca, SC",2025-05-01,96,64,14,4,178,10075,3732
42860,"Seneca, SC",2025-06-01,80,55,24,3,162,10237,3812
42860,"Seneca, SC",2025-07-01,68,65,17,2,152,10389,3880
42860,"Seneca, SC",2025-08-01,75,55,14,1,145,10534,3955
42860,"Seneca, SC",2025-09-01,1,1,0,0,2,10536,3956
26340,"Houghton, MI",2019-03-01,0,1,1,0,2,2,0
26340,"Houghton, MI",2019-04-01,1,1,1,0,3,5,1
26340,"Houghton, MI",2019-05-01,0,1,0,0,1,6,1
26340,"Houghton, MI",2019-06-01,0,1,0,0,1,7,1
26340,"Houghton, MI",2019-08-01,0,1,0,0,1,8,1
26340,"Houghton, MI",2019-09-01,0,1,0,0,1,9,1
26340,"Houghton, MI",2019-10-01,0,1,0,0,1,10,1
26340,"Houghton, MI",2019-11-01,2,2,0,0,4,14,3
26340,"Houghton, MI",2020-01-01,0,0,1,0,1,15,3
26340,"Houghton, MI",2020-03-01,1,1,0,0,2,17,4
26340,"Houghton, MI",2020-04-01,4,2,0,0,6,23,8
26340,"Houghton, MI",2020-05-01,3,2,0,0,5,28,11
26340,"Houghton, MI",2020-06-01,2,9,2,0,13,41,13
26340,"Houghton, MI",2020-07-01,3,4,0,0,7,48,16
26340,"Houghton, MI",2020-08-01,1,1,0,0,2,50,17
26340,"Houghton, MI",2020-09-01,1,3,0,1,5,55,18
26340,"Houghton, MI",2020-10-01,3,14,1,0,18,73,21
26340,"Houghton, MI",2020-11-01,16,29,2,1,48,121,37
26340,"Houghton, MI",2020-12-01,14,18,0,0,32,153,51
26340,"Houghton, MI",2021-01-01,10,18,3,0,31,184,61
26340,"Houghton, MI",2021-02-01,17,8,0,0,25,209,78
26340,"Houghton, MI",2021-03-01,11,13,1,0,25,234,89
26340,"Houghton, MI",2021-04-01,7,4,0,0,11,245,96
26340,"Houghton, MI",2021-05-01,12,14,1,0,27,272,108
26340,"Houghton, MI",2021-06-01,15,3,1,0,19,291,123
26340,"Houghton, MI",2021-07-01,7,13,0,0,20,311,130
26340,"Houghton, MI",2021-08-01,6,18,3,0,27,338,136
26340,"Houghton, MI",2021-09-01,8,9,4,1,22,360,144
26340,"Houghton, MI",2021-10-01,8,9,2,0,19,379,152
26340,"Houghton, MI",2021-11-01,13,12,0,0,25,404,165
26340,"Houghton, MI",2021-12-01,8,12,2,0,22,426,173
26340,"Houghton, MI",2022-01-01,13,10,0,0,23,449,186
26340,"Houghton, MI",2022-02-01,12,7,1,0,20,469,198
26340,"Houghton, MI",2022-03-01,15,8,3,0,26,495,213
26340,"Houghton, MI",2022-04-01,8,8,2,0,18,513,221
26340,"Houghton, MI",2022-05-01,7,6,0,0,13,526,228
26340,"Houghton, MI",2022-06-01,4,3,1,0,8,534,232
26340,"Houghton, MI",2022-07-01,8,3,1,0,12,546,240
26340,"Houghton, MI",2022-08-01,4,5,3,0,12,558,244
26340,"Houghton, MI",2022-09-01,16,4,0,0,20,578,260
26340,"Houghton, MI",2022-10-01,13,6,0,0,19,597,273
26340,"Houghton, MI",2022-11-01,5,3,0,0,8,605,278
26340,"Houghton, MI",2022-12-01,7,3,1,0,11,616,285
26340,"Houghton, MI",2023-01-01,12,6,1,0,19,635,297
26340,"Houghton, MI",2023-02-01,11,3,0,0,14,649,308
26340,"Houghton, MI",2023-03-01,7,6,1,0,14,663,315
26340,"Houghton, MI",2023-04-01,7,3,1,1,12,675,322
26340,"Houghton, MI",2023-05-01,14,2,1,0,17,692,336
26340,"Houghton, MI",2023-06-01,6,4,0,0,10,702,342
26340,"Houghton, MI",2023-07-01,8,4,0,0,12,714,350
26340,"Houghton, MI",2023-08-01,10,8,0,0,18,732,360
26340,"Houghton, MI",2023-09-01,6,6,2,0,14,746,366
26340,"Houghton, MI",2023-10-01,15,5,0,0,20,766,381
26340,"Houghton, MI",2023-11-01,11,4,1,0,16,782,392
26340,"Houghton, MI",2023-12-01,9,5,1,0,15,797,401
26340,"Houghton, MI",2024-01-01,17,5,0,0,22,819,418
26340,"Houghton, MI",2024-02-01,6,3,1,0,10,829,424
26340,"Houghton, MI",2024-03-01,19,6,1,1,27,856,443
26340,"Houghton, MI",2024-04-01,15,5,1,0,21,877,458
26340,"Houghton, MI",2024-05-01,8,5,2,0,15,892,466
26340,"Houghton, MI",2024-06-01,4,4,0,0,8,900,470
26340,"Houghton, MI",2024-07-01,4,0,0,0,4,904,474
26340,"Houghton, MI",2024-08-01,6,4,1,0,11,915,480
26340,"Houghton, MI",2024-09-01,14,8,1,0,23,938,494
26340,"Houghton, MI",2024-10-01,10,10,1,0,21,959,504
26340,"Houghton, MI",2024-11-01,18,4,0,0,22,981,522
26340,"Houghton, MI",2024-12-01,13,1,0,0,14,995,535
26340,"Houghton, MI",2025-01-01,8,5,0,0,13,1008,543
26340,"Houghton, MI",2025-02-01,7,4,1,0,12,1020,550
26340,"Houghton, MI",2025-03-01,24,5,1,0,30,1050,574
26340,"Houghton, MI",2025-04-01,12,7,1,0,20,1070,586
26340,"Houghton, MI",2025-05-01,10,9,1,0,20,1090,596
26340,"Houghton, MI",2025-06-01,12,7,0,0,19,1109,608
26340,"Houghton, MI",2025-07-01,7,6,2,0,15,1124,615
26340,"Houghton, MI",2025-08-01,5,4,2,0,11,1135,620
33380,"Minden, LA",2019-03-01,0,1,0,0,1,1,0
33380,"Minden, LA",2019-06-01,0,0,1,0,1,2,0
33380,"Minden, LA",2019-07-01,0,2,0,0,2,4,0
33380,"Minden, LA",2019-08-01,0,1,2,0,3,7,0
33380,"Minden, LA",2019-09-01,0,1,0,0,1,8,0
33380,"Minden, LA",2019-10-01,0,1,0,0,1,9,0
33380,"Minden, LA",2019-11-01,0,3,1,0,4,13,0
33380,"Minden, LA",2019-12-01,0,2,0,0,2,15,0
33380,"Minden, LA",2020-01-01,0,2,0,0,2,17,0
33380,"Minden, LA",2020-02-01,0,1,0,0,1,18,0
33380,"Minden, LA",2020-03-01,0,1,0,0,1,19,0
33380,"Minden, LA",2020-04-01,0,4,1,0,5,24,0
33380,"Minden, LA",2020-05-01,1,6,1,0,8,32,1
33380,"Minden, LA",2020-06-01,2,2,3,0,7,39,3
33380,"Minden, LA",2020-07-01,0,3,4,0,7,46,3
33380,"Minden, LA",2020-08-01,4,11,2,0,17,63,7
33380,"Minden, LA",2020-09-01,2,6,1,1,10,73,9
33380,"Minden, LA",2020-10-01,2,8,1,0,11,84,11
33380,"Minden, LA",2020-11-01,1,10,3,0,14,98,12
33380,"Minden, LA",2020-12-01,3,9,1,0,13,111,15
33380,"Minden, LA",2021-01-01,4,19,5,0,28,139,19
33380,"Minden, LA",2021-02-01,2,10,3,0,15,154,21
33380,"Minden, LA",2021-03-01,6,19,6,0,31,185,27
33380,"Minden, LA",2021-04-01,2,21,1,0,24,209,29
33380,"Minden, LA",2021-05-01,7,29,5,1,42,251,36
33380,"Minden, LA",2021-06-01,2,21,2,0,25,276,38
33380,"Minden, LA",2021-07-01,8,24,3,1,36,312,46
33380,"Minden, LA",2021-08-01,5,18,4,0,27,339,51
33380,"Minden, LA",2021-09-01,7,25,4,0,36,375,58
33380,"Minden, LA",2021-10-01,2,18,4,0,24,399,60
33380,"Minden, LA",2021-11-01,7,13,3,1,24,423,67
33380,"Minden, LA",2021-12-01,8,19,6,2,35,458,75
33380,"Minden, LA",2022-01-01,7,25,6,1,39,497,82
33380,"Minden, LA",2022-02-01,6,13,5,2,26,523,88
33380,"Minden, LA",2022-03-01,2,17,2,0,21,544,90
33380,"Minden, LA",2022-04-01,7,23,6,1,37,581,97
33380,"Minden, LA",2022-05-01,4,18,5,0,27,608,101
33380,"Minden, LA",2022-06-01,7,11,3,1,22,630,108
33380,"Minden, LA",2022-07-01,9,8,3,0,20,650,117
33380,"Minden, LA",2022-08-01,6,16,3,0,25,675,123
33380,"Minden, LA",2022-09-01,1,10,9,0,20,695,124
33380,"Minden, LA",2022-10-01,3,10,3,1,17,712,127
33380,"Minden, LA",2022-11-01,3,19,3,0,25,737,130
33380,"Minden, LA",2022-12-01,3,14,5,0,22,759,133
33380,"Minden, LA",2023-01-01,8,13,7,0,28,787,141
33380,"Minden, LA",2023-02-01,10,16,4,0,30,817,151
33380,"Minden, LA",2023-03-01,8,22,5,1,36,853,159
33380,"Minden, LA",2023-04-01,9,15,7,1,32,885,168
33380,"Minden, LA",2023-05-01,9,13,4,0,26,911,177
33380,"Minden, LA",2023-06-01,10,20,3,3,36,947,187
33380,"Minden, LA",2023-07-01,8,16,7,0,31,978,195
33380,"Minden, LA",2023-08-01,3,17,12,1,33,1011,198
33380,"Minden, LA",2023-09-01,8,10,1,1,20,1031,206
33380,"Minden, LA",2023-10-01,7,19,6,2,34,1065,213
33380,"Minden, LA",2023-11-01,13,28,11,1,53,1118,226
33380,"Minden, LA",2023-12-01,12,18,3,0,33,1151,238
33380,"Minden, LA",2024-01-01,13,16,8,1,38,1189,251
33380,"Minden, LA",2024-02-01,13,10,5,0,28,1217,264
33380,"Minden, LA",2024-03-01,18,12,10,1,41,1258,282
33380,"Minden, LA",2024-04-01,4,20,7,0,31,1289,286
33380,"Minden, LA",2024-05-01,16,26,7,1,50,1339,302
33380,"Minden, LA",2024-06-01,18,16,6,1,41,1380,320
33380,"Minden, LA",2024-07-01,11,16,3,1,31,1411,331
33380,"Minden, LA",2024-08-01,10,17,8,0,35,1446,341
33380,"Minden, LA",2024-09-01,11,24,9,2,46,1492,352
33380,"Minden, LA",2024-10-01,14,19,7,1,41,1533,366
33380,"Minden, LA",2024-11-01,10,22,5,0,37,1570,376
33380,"Minden, LA",2024-12-01,20,15,3,1,39,1609,396
33380,"Minden, LA",2025-01-01,13,28,7,2,50,1659,409
33380,"Minden, LA",2025-02-01,14,13,5,2,34,1693,423
33380,"Minden, LA",2025-03-01,14,17,5,0,36,1729,437
33380,"Minden, LA",2025-04-01,17,26,8,1,52,1781,454
33380,"Minden, LA",2025-05-01,20,25,17,1,63,1844,474
33380,"Minden, LA",2025-06-01,23,22,11,3,59,1903,497
33380,"Minden, LA",2025-07-01,26,21,9,0,56,1959,523
33380,"Minden, LA",2025-08-01,23,24,8,2,57,2016,546
33380,"Minden, LA",2025-09-01,0,0,1,0,1,2017,546
27460,"Jamestown-Dunkirk, NY",2019-01-01,0,1,1,0,2,2,0
27460,"Jamestown-Dunkirk, NY",2019-02-01,0,1,1,0,2,4,0
27460,"Jamestown-Dunkirk, NY",2019-03-01,2,3,0,0,5,9,2
27460,"Jamestown-Dunkirk, NY",2019-04-01,0,1,1,0,2,11,2
27460,"Jamestown-Dunkirk, NY",2019-05-01,0,2,2,0,4,15,2
27460,"Jamestown-Dunkirk, NY",2019-06-01,0,6,4,0,10,25,2
27460,"Jamestown-Dunkirk, NY",2019-07-01,1,16,3,0,20,45,3
27460,"Jamestown-Dunkirk, NY",2019-08-01,1,18,4,1,24,69,4
27460,"Jamestown-Dunkirk, NY",2019-09-01,3,18,6,0,27,96,7
27460,"Jamestown-Dunkirk, NY",2019-10-01,7,25,11,0,43,139,14
27460,"Jamestown-Dunkirk, NY",2019-11-01,5,21,4,0,30,169,19
27460,"Jamestown-Dunkirk, NY",2019-12-01,2,21,1,0,24,193,21
27460,"Jamestown-Dunkirk, NY",2020-01-01,4,11,9,0,24,217,25
27460,"Jamestown-Dunkirk, NY",2020-02-01,2,17,8,0,27,244,27
27460,"Jamestown-Dunkirk, NY",2020-03-01,7,24,9,1,41,285,34
27460,"Jamestown-Dunkirk, NY",2020-04-01,10,50,4,0,64,349,44
27460,"Jamestown-Dunkirk, NY",2020-05-01,20,48,9,1,78,427,64
27460,"Jamestown-Dunkirk, NY",2020-06-01,10,49,11,3,73,500,74
27460,"Jamestown-Dunkirk, NY",2020-07-01,16,38,5,1,60,560,90
27460,"Jamestown-Dunkirk, NY",2020-08-01,19,38,8,1,66,626,109
27460,"Jamestown-Dunkirk, NY",2020-09-01,18,42,7,0,67,693,127
27460,"Jamestown-Dunkirk, NY",2020-10-01,15,34,9,0,58,751,142
27460,"Jamestown-Dunkirk, NY",2020-11-01,15,39,2,0,56,807,157
27460,"Jamestown-Dunkirk, NY",2020-12-01,21,29,8,0,58,865,178
27460,"Jamestown-Dunkirk, NY",2021-01-01,37,43,9,0,89,954,215
27460,"Jamestown-Dunkirk, NY",2021-02-01,24,42,9,0,75,1029,239
27460,"Jamestown-Dunkirk, NY",2021-03-01,33,46,9,1,89,1118,272
27460,"Jamestown-Dunkirk, NY",2021-04-01,21,43,9,1,74,1192,293
27460,"Jamestown-Dunkirk, NY",2021-05-01,29,59,17,1,106,1298,322
27460,"Jamestown-Dunkirk, NY",2021-06-01,29,69,12,0,110,1408,351
27460,"Jamestown-Dunkirk, NY",2021-07-01,17,61,17,3,98,1506,368
27460,"Jamestown-Dunkirk, NY",2021-08-01,18,44,17,1,80,1586,386
27460,"Jamestown-Dunkirk, NY",2021-09-01,21,64,12,1,98,1684,407
27460,"Jamestown-Dunkirk, NY",2021-10-01,23,41,11,0,75,1759,430
27460,"Jamestown-Dunkirk, NY",2021-11-01,15,36,14,1,66,1825,445
27460,"Jamestown-Dunkirk, NY",2021-12-01,21,60,17,1,99,1924,466
27460,"Jamestown-Dunkirk, NY",2022-01-01,33,59,19,2,113,2037,499
27460,"Jamestown-Dunkirk, NY",2022-02-01,26,44,8,1,79,2116,525
27460,"Jamestown-Dunkirk, NY",2022-03-01,36,57,13,0,106,2222,561
27460,"Jamestown-Dunkirk, NY",2022-04-01,25,54,14,1,94,2316,586
27460,"Jamestown-Dunkirk, NY",2022-05-01,23,36,15,2,76,2392,609
27460,"Jamestown-Dunkirk, NY",2022-06-01,12,32,7,0,51,2443,621
27460,"Jamestown-Dunkirk, NY",2022-07-01,12,40,9,0,61,2504,633
27460,"Jamestown-Dunkirk, NY",2022-08-01,25,38,19,2,84,2588,658
27460,"Jamestown-Dunkirk, NY",2022-09-01,29,52,16,2,99,2687,687
27460,"Jamestown-Dunkirk, NY",2022-10-01,33,51,7,2,93,2780,720
27460,"Jamestown-Dunkirk, NY",2022-11-01,35,35,7,0,77,2857,755
27460,"Jamestown-Dunkirk, NY",2022-12-01,21,30,14,0,65,2922,776
27460,"Jamestown-Dunkirk, NY",2023-01-01,24,36,13,0,73,2995,800
27460,"Jamestown-Dunkirk, NY",2023-02-01,27,38,9,1,75,3070,827
27460,"Jamestown-Dunkirk, NY",2023-03-01,33,55,15,0,103,3173,860
27460,"Jamestown-Dunkirk, NY",2023-04-01,27,46,15,2,90,3263,887
27460,"Jamestown-Dunkirk, NY",2023-05-01,18,33,7,1,59,3322,905
27460,"Jamestown-Dunkirk, NY",2023-06-01,17,22,7,3,49,3371,922
27460,"Jamestown-Dunkirk, NY",2023-07-01,12,37,11,0,60,3431,934
27460,"Jamestown-Dunkirk, NY",2023-08-01,17,23,8,2,50,3481,951
27460,"Jamestown-Dunkirk, NY",2023-09-01,26,39,7,2,74,3555,977
27460,"Jamestown-Dunkirk, NY",2023-10-01,39,39,11,3,92,3647,1016
27460,"Jamestown-Dunkirk, NY",2023-11-01,19,40,16,3,78,3725,1035
27460,"Jamestown-Dunkirk, NY",2023-12-01,37,44,15,2,98,3823,1072
27460,"Jamestown-Dunkirk, NY",2024-01-01,36,42,15,0,93,3916,1108
27460,"Jamestown-Dunkirk, NY",2024-02-01,38,27,16,0,81,3997,1146
27460,"Jamestown-Dunkirk, NY",2024-03-01,18,51,17,2,88,4085,1164
27460,"Jamestown-Dunkirk, NY",2024-04-01,28,32,8,1,69,4154,1192
27460,"Jamestown-Dunkirk, NY",2024-05-01,22,21,4,0,47,4201,1214
27460,"Jamestown-Dunkirk, NY",2024-06-01,12,13,9,2,36,4237,1226
27460,"Jamestown-Dunkirk, NY",2024-07-01,11,34,7,1,53,4290,1237
27460,"Jamestown-Dunkirk, NY",2024-08-01,22,35,12,0,69,4359,1259
27460,"Jamestown-Dunkirk, NY",2024-09-01,14,21,9,0,44,4403,1273
27460,"Jamestown-Dunkirk, NY",2024-10-01,24,37,22,1,84,4487,1297
27460,"Jamestown-Dunkirk, NY",2024-11-01,33,42,8,2,85,4572,1330
27460,"Jamestown-Dunkirk, NY",2024-12-01,35,42,12,0,89,4661,1365
27460,"Jamestown-Dunkirk, NY",2025-01-01,37,44,24,2,107,4768,1402
27460,"Jamestown-Dunkirk, NY",2025-02-01,44,46,19,1,110,4878,1446
27460,"Jamestown-Dunkirk, NY",2025-03-01,44,43,14,0,101,4979,1490
27460,"Jamestown-Dunkirk, NY",2025-04-01,54,44,14,3,115,5094,1544
27460,"Jamestown-Dunkirk, NY",2025-05-01,39,37,21,1,98,5192,1583
27460,"Jamestown-Dunkirk, NY",2025-06-01,49,41,10,1,101,5293,1632
27460,"Jamestown-Dunkirk, NY",2025-07-01,33,43,10,3,89,5382,1665
27460,"Jamestown-Dunkirk, NY",2025-08-01,24,52,7,2,85,5467,1689
27460,"Jamestown-Dunkirk, NY",2025-09-01,1,2,0,0,3,5470,1690
29780,"Las Vegas, NM",2019-02-01,0,0,1,0,1,1,0
29780,"Las Vegas, NM",2019-03-01,0,1,1,0,2,3,0
29780,"Las Vegas, NM",2019-04-01,1,0,0,0,1,4,1
29780,"Las Vegas, NM",2019-07-01,0,1,0,0,1,5,1
29780,"Las Vegas, NM",2019-08-01,0,0,1,0,1,6,1
29780,"Las Vegas, NM",2019-09-01,0,0,1,1,2,8,1
29780,"Las Vegas, NM",2019-10-01,1,0,1,0,2,10,2
29780,"Las Vegas, NM",2019-11-01,0,1,0,0,1,11,2
29780,"Las Vegas, NM",2020-03-01,0,1,0,0,1,12,2
29780,"Las Vegas, NM",2020-04-01,0,1,0,0,1,13,2
29780,"Las Vegas, NM",2020-05-01,0,5,0,0,5,18,2
29780,"Las Vegas, NM",2020-06-01,2,1,1,0,4,22,4
29780,"Las Vegas, NM",2020-07-01,1,5,0,0,6,28,5
29780,"Las Vegas, NM",2020-09-01,0,1,0,0,1,29,5
29780,"Las Vegas, NM",2020-10-01,3,7,1,0,11,40,8
29780,"Las Vegas, NM",2020-11-01,6,9,1,0,16,56,14
29780,"Las Vegas, NM",2020-12-01,1,7,1,1,10,66,15
29780,"Las Vegas, NM",2021-01-01,4,9,2,0,15,81,19
29780,"Las Vegas, NM",2021-02-01,2,3,2,0,7,88,21
29780,"Las Vegas, NM",2021-03-01,1,7,2,0,10,98,22
29780,"Las Vegas, NM",2021-04-01,0,2,1,0,3,101,22
29780,"Las Vegas, NM",2021-05-01,4,10,0,0,14,115,26
29780,"Las Vegas, NM",2021-06-01,2,8,1,0,11,126,28
29780,"Las Vegas, NM",2021-07-01,4,7,1,0,12,138,32
29780,"Las Vegas, NM",2021-08-01,3,2,1,0,6,144,35
29780,"Las Vegas, NM",2021-09-01,1,8,1,0,10,154,36
29780,"Las Vegas, NM",2021-10-01,3,2,3,0,8,162,39
29780,"Las Vegas, NM",2021-11-01,2,8,2,0,12,174,41
29780,"Las Vegas, NM",2021-12-01,7,9,1,0,17,191,48
29780,"Las Vegas, NM",2022-01-01,1,7,2,2,12,203,49
29780,"Las Vegas, NM",2022-02-01,4,4,3,0,11,214,53
29780,"Las Vegas, NM",2022-03-01,2,11,2,0,15,229,55
29780,"Las Vegas, NM",2022-04-01,4,4,2,0,10,239,59
29780,"Las Vegas, NM",2022-05-01,2,6,0,0,8,247,61
29780,"Las Vegas, NM",2022-06-01,3,7,2,0,12,259,64
29780,"Las Vegas, NM",2022-07-01,6,2,0,0,8,267,70
29780,"Las Vegas, NM",2022-08-01,6,5,2,1,14,281,76
29780,"Las Vegas, NM",2022-09-01,2,3,0,0,5,286,78
29780,"Las Vegas, NM",2022-10-01,8,9,0,0,17,303,86
29780,"Las Vegas, NM",2022-11-01,1,9,3,0,13,316,87
29780,"Las Vegas, NM",2022-12-01,5,5,5,0,15,331,92
29780,"Las Vegas, NM",2023-01-01,4,6,4,0,14,345,96
29780,"Las Vegas, NM",2023-02-01,5,5,4,0,14,359,101
29780,"Las Vegas, NM",2023-03-01,4,3,2,0,9,368,105
29780,"Las Vegas, NM",2023-04-01,4,3,1,0,8,376,109
29780,"Las Vegas, NM",2023-05-01,2,6,0,0,8,384,111
29780,"Las Vegas, NM",2023-06-01,1,2,1,0,4,388,112
29780,"Las Vegas, NM",2023-07-01,2,1,0,0,3,391,114
29780,"Las Vegas, NM",2023-08-01,4,6,0,0,10,401,118
29780,"Las Vegas, NM",2023-09-01,2,1,0,0,3,404,120
29780,"Las Vegas, NM",2023-10-01,4,9,1,0,14,418,124
29780,"Las Vegas, NM",2023-11-01,5,6,2,0,13,431,129
29780,"Las Vegas, NM",2023-12-01,11,7,2,0,20,451,140
29780,"Las Vegas, NM",2024-01-01,12,6,2,0,20,471,152
29780,"Las Vegas, NM",2024-02-01,9,9,1,0,19,490,161
29780,"Las Vegas, NM",2024-03-01,9,12,2,0,23,513,170
29780,"Las Vegas, NM",2024-04-01,5,12,0,0,17,530,175
29780,"Las Vegas, NM",2024-05-01,5,3,0,1,9,539,180
29780,"Las Vegas, NM",2024-06-01,3,9,1,1,14,553,183
29780,"Las Vegas, NM",2024-07-01,3,5,1,0,9,562,186
29780,"Las Vegas, NM",2024-08-01,3,4,2,0,9,571,189
29780,"Las Vegas, NM",2024-09-01,6,1,2,0,9,580,195
29780,"Las Vegas, NM",2024-10-01,8,5,0,0,13,593,203
29780,"Las Vegas, NM",2024-11-01,6,5,1,1,13,606,209
29780,"Las Vegas, NM",2024-12-01,8,10,4,0,22,628,217
29780,"Las Vegas, NM",2025-01-01,4,12,1,0,17,645,221
29780,"Las Vegas, NM",2025-02-01,7,2,2,0,11,656,228
29780,"Las Vegas, NM",2025-03-01,6,4,3,0,13,669,234
29780,"Las Vegas, NM",2025-04-01,8,4,2,0,14,683,242
29780,"Las Vegas, NM",2025-05-01,1,7,0,0,8,691,243
29780,"Las Vegas, NM",2025-06-01,5,3,0,0,8,699,248
29780,"Las Vegas, NM",2025-07-01,6,3,1,0,10,709,254
29780,"Las Vegas, NM",2025-08-01,2,9,1,0,12,721,256
17900,"Columbia, SC",2019-01-01,1,103,27,1,132,132,1
17900,"Columbia, SC",2019-02-01,2,115,30,2,149,281,3
17900,"Columbia, SC",2019-03-01,6,144,32,3,185,466,9
17900,"Columbia, SC",2019-04-01,5,161,30,2,198,664,14
17900,"Columbia, SC",2019-05-01,7,205,48,4,264,928,21
17900,"Columbia, SC",2019-06-01,10,147,27,1,185,1113,31
17900,"Columbia, SC",2019-07-01,17,187,36,4,244,1357,48
17900,"Columbia, SC",2019-08-01,8,198,38,4,248,1605,56
17900,"Columbia, SC",2019-09-01,14,214,41,2,271,1876,70
17900,"Columbia, SC",2019-10-01,19,199,29,4,251,2127,89
17900,"Columbia, SC",2019-11-01,20,155,37,3,215,2342,109
17900,"Columbia, SC",2019-12-01,29,175,25,5,234,2576,138
17900,"Columbia, SC",2020-01-01,24,144,37,0,205,2781,162
17900,"Columbia, SC",2020-02-01,24,184,37,5,250,3031,186
17900,"Columbia, SC",2020-03-01,33,243,54,5,335,3366,219
17900,"Columbia, SC",2020-04-01,120,393,67,9,589,3955,339
17900,"Columbia, SC",2020-05-01,244,726,91,7,1068,5023,583
17900,"Columbia, SC",2020-06-01,172,469,56,7,704,5727,755
17900,"Columbia, SC",2020-07-01,236,653,96,12,997,6724,991
17900,"Columbia, SC",2020-08-01,242,787,148,12,1189,7913,1233
17900,"Columbia, SC",2020-09-01,197,652,110,3,962,8875,1430
17900,"Columbia, SC",2020-10-01,133,393,55,8,589,9464,1563
17900,"Columbia, SC",2020-11-01,98,206,30,2,336,9800,1661
17900,"Columbia, SC",2020-12-01,139,343,51,8,541,10341,1800
17900,"Columbia, SC",2021-01-01,405,832,138,10,1385,11726,2205
17900,"Columbia, SC",2021-02-01,230,645,115,18,1008,12734,2435
17900,"Columbia, SC",2021-03-01,354,736,142,15,1247,13981,2789
17900,"Columbia, SC",2021-04-01,336,900,150,14,1400,15381,3125
17900,"Columbia, SC",2021-05-01,341,851,135,9,1336,16717,3466
17900,"Columbia, SC",2021-06-01,251,769,148,5,1173,17890,3717
17900,"Columbia, SC",2021-07-01,152,421,74,6,653,18543,3869
17900,"Columbia, SC",2021-08-01,169,548,105,7,829,19372,4038
17900,"Columbia, SC",2021-09-01,241,764,167,13,1185,20557,4279
17900,"Columbia, SC",2021-10-01,125,326,77,4,532,21089,4404
17900,"Columbia, SC",2021-11-01,179,439,99,7,724,21813,4583
17900,"Columbia, SC",2021-12-01,392,705,144,11,1252,23065,4975
17900,"Columbia, SC",2022-01-01,357,802,179,13,1351,24416,5332
17900,"Columbia, SC",2022-02-01,194,416,93,11,714,25130,5526
17900,"Columbia, SC",2022-03-01,349,753,165,11,1278,26408,5875
17900,"Columbia, SC",2022-04-01,295,714,151,8,1168,27576,6170
17900,"Columbia, SC",2022-05-01,312,612,124,7,1055,28631,6482
17900,"Columbia, SC",2022-06-01,139,286,56,4,485,29116,6621
17900,"Columbia, SC",2022-07-01,133,236,65,10,444,29560,6754
17900,"Columbia, SC",2022-08-01,133,357,96,8,594,30154,6887
17900,"Columbia, SC",2022-09-01,178,403,124,12,717,30871,7065
17900,"Columbia, SC",2022-10-01,154,313,98,8,573,31444,7219
17900,"Columbia, SC",2022-11-01,376,562,168,18,1124,32568,7595
17900,"Columbia, SC",2022-12-01,422,595,145,8,1170,33738,8017
17900,"Columbia, SC",2023-01-01,330,551,133,18,1032,34770,8347
17900,"Columbia, SC",2023-02-01,318,429,111,10,868,35638,8665
17900,"Columbia, SC",2023-03-01,453,590,176,20,1239,36877,9118
17900,"Columbia, SC",2023-04-01,287,540,127,14,968,37845,9405
17900,"Columbia, SC",2023-05-01,236,353,95,10,694,38539,9641
17900,"Columbia, SC",2023-06-01,165,291,73,1,530,39069,9806
17900,"Columbia, SC",2023-07-01,197,311,97,9,614,39683,10003
17900,"Columbia, SC",2023-08-01,177,292,71,10,550,40233,10180
17900,"Columbia, SC",2023-09-01,253,343,117,10,723,40956,10433
17900,"Columbia, SC",2023-10-01,271,383,115,5,774,41730,10704
17900,"Columbia, SC",2023-11-01,343,466,131,16,956,42686,11047
17900,"Columbia, SC",2023-12-01,372,460,114,20,966,43652,11419
17900,"Columbia, SC",2024-01-01,408,449,133,16,1006,44658,11827
17900,"Columbia, SC",2024-02-01,365,364,131,19,879,45537,12192
17900,"Columbia, SC",2024-03-01,411,462,131,10,1014,46551,12603
17900,"Columbia, SC",2024-04-01,333,381,112,12,838,47389,12936
17900,"Columbia, SC",2024-05-01,485,471,135,14,1105,48494,13421
17900,"Columbia, SC",2024-06-01,360,405,120,15,900,49394,13781
17900,"Columbia, SC",2024-07-01,346,423,136,17,922,50316,14127
17900,"Columbia, SC",2024-08-01,383,469,174,20,1046,51362,14510
17900,"Columbia, SC",2024-09-01,385,484,149,15,1033,52395,14895
17900,"Columbia, SC",2024-10-01,419,472,151,20,1062,53457,15314
17900,"Columbia, SC",2024-11-01,422,435,139,17,1013,54470,15736
17900,"Columbia, SC",2024-12-01,512,419,122,23,1076,55546,16248
17900,"Columbia, SC",2025-01-01,409,420,136,17,982,56528,16657
17900,"Columbia, SC",2025-02-01,378,304,103,14,799,57327,17035
17900,"Columbia, SC",2025-03-01,468,357,119,13,957,58284,17503
17900,"Columbia, SC",2025-04-01,437,390,145,15,987,59271,17940
17900,"Columbia, SC",2025-05-01,532,440,140,14,1126,60397,18472
17900,"Columbia, SC",2025-06-01,473,478,169,17,1137,61534,18945
17900,"Columbia, SC",2025-07-01,423,425,151,13,1012,62546,19368
17900,"Columbia, SC",2025-08-01,360,378,114,15,867,63413,19728
17900,"Columbia, SC",2025-09-01,7,7,0,0,14,63427,19735
45140,"Tahlequah, OK",2019-01-01,0,4,0,0,4,4,0
45140,"Tahlequah, OK",2019-02-01,0,1,1,0,2,6,0
45140,"Tahlequah, OK",2019-03-01,0,3,2,0,5,11,0
45140,"Tahlequah, OK",2019-04-01,0,2,1,0,3,14,0
45140,"Tahlequah, OK",2019-05-01,0,1,0,0,1,15,0
45140,"Tahlequah, OK",2019-06-01,0,2,1,0,3,18,0
45140,"Tahlequah, OK",2019-07-01,0,4,2,0,6,24,0
45140,"Tahlequah, OK",2019-08-01,0,3,0,0,3,27,0
45140,"Tahlequah, OK",2019-09-01,0,5,0,0,5,32,0
45140,"Tahlequah, OK",2019-10-01,1,3,0,0,4,36,1
45140,"Tahlequah, OK",2019-11-01,1,3,1,0,5,41,2
45140,"Tahlequah, OK",2019-12-01,0,4,0,0,4,45,2
45140,"Tahlequah, OK",2020-01-01,0,7,0,1,8,53,2
45140,"Tahlequah, OK",2020-02-01,1,3,1,0,5,58,3
45140,"Tahlequah, OK",2020-03-01,1,4,1,1,7,65,4
45140,"Tahlequah, OK",2020-04-01,4,10,6,0,20,85,8
45140,"Tahlequah, OK",2020-05-01,5,12,3,0,20,105,13
45140,"Tahlequah, OK",2020-06-01,4,6,2,0,12,117,17
45140,"Tahlequah, OK",2020-07-01,3,12,1,0,16,133,20
45140,"Tahlequah, OK",2020-08-01,3,9,3,0,15,148,23
45140,"Tahlequah, OK",2020-09-01,1,9,1,2,13,161,24
45140,"Tahlequah, OK",2020-10-01,6,23,5,0,34,195,30
45140,"Tahlequah, OK",2020-11-01,16,48,4,0,68,263,46
45140,"Tahlequah, OK",2020-12-01,23,50,6,1,80,343,69
45140,"Tahlequah, OK",2021-01-01,27,57,4,1,89,432,96
45140,"Tahlequah, OK",2021-02-01,31,39,4,0,74,506,127
45140,"Tahlequah, OK",2021-03-01,26,52,13,0,91,597,153
45140,"Tahlequah, OK",2021-04-01,22,28,6,0,56,653,175
45140,"Tahlequah, OK",2021-05-01,19,54,5,1,79,732,194
45140,"Tahlequah, OK",2021-06-01,10,48,8,0,66,798,204
45140,"Tahlequah, OK",2021-07-01,28,56,12,1,97,895,232
45140,"Tahlequah, OK",2021-08-01,24,30,9,2,65,960,256
45140,"Tahlequah, OK",2021-09-01,11,49,13,0,73,1033,267
45140,"Tahlequah, OK",2021-10-01,15,35,9,1,60,1093,282
45140,"Tahlequah, OK",2021-11-01,17,21,5,1,44,1137,299
45140,"Tahlequah, OK",2021-12-01,16,32,11,2,61,1198,315
45140,"Tahlequah, OK",2022-01-01,17,52,10,0,79,1277,332
45140,"Tahlequah, OK",2022-02-01,16,19,5,0,40,1317,348
45140,"Tahlequah, OK",2022-03-01,19,38,15,0,72,1389,367
45140,"Tahlequah, OK",2022-04-01,15,34,9,0,58,1447,382
45140,"Tahlequah, OK",2022-05-01,9,42,9,3,63,1510,391
45140,"Tahlequah, OK",2022-06-01,18,36,20,0,74,1584,409
45140,"Tahlequah, OK",2022-07-01,19,25,12,2,58,1642,428
45140,"Tahlequah, OK",2022-08-01,20,38,9,3,70,1712,448
45140,"Tahlequah, OK",2022-09-01,12,19,7,2,40,1752,460
45140,"Tahlequah, OK",2022-10-01,10,25,11,0,46,1798,470
45140,"Tahlequah, OK",2022-11-01,17,30,9,2,58,1856,487
45140,"Tahlequah, OK",2022-12-01,21,30,9,0,60,1916,508
45140,"Tahlequah, OK",2023-01-01,19,32,4,0,55,1971,527
45140,"Tahlequah, OK",2023-02-01,22,28,12,0,62,2033,549
45140,"Tahlequah, OK",2023-03-01,31,37,13,2,83,2116,580
45140,"Tahlequah, OK",2023-04-01,16,35,8,1,60,2176,596
45140,"Tahlequah, OK",2023-05-01,19,20,6,0,45,2221,615
45140,"Tahlequah, OK",2023-06-01,16,31,4,0,51,2272,631
45140,"Tahlequah, OK",2023-07-01,21,29,2,1,53,2325,652
45140,"Tahlequah, OK",2023-08-01,20,29,4,1,54,2379,672
45140,"Tahlequah, OK",2023-09-01,23,22,10,1,56,2435,695
45140,"Tahlequah, OK",2023-10-01,17,16,8,0,41,2476,712
45140,"Tahlequah, OK",2023-11-01,12,17,5,1,35,2511,724
45140,"Tahlequah, OK",2023-12-01,23,27,9,1,60,2571,747
45140,"Tahlequah, OK",2024-01-01,25,27,9,0,61,2632,772
45140,"Tahlequah, OK",2024-02-01,27,20,5,1,53,2685,799
45140,"Tahlequah, OK",2024-03-01,23,36,7,1,67,2752,822
45140,"Tahlequah, OK",2024-04-01,23,14,5,1,43,2795,845
45140,"Tahlequah, OK",2024-05-01,28,36,5,0,69,2864,873
45140,"Tahlequah, OK",2024-06-01,18,15,2,0,35,2899,891
45140,"Tahlequah, OK",2024-07-01,6,9,5,1,21,2920,897
45140,"Tahlequah, OK",2024-08-01,14,16,7,5,42,2962,911
45140,"Tahlequah, OK",2024-09-01,18,18,4,0,40,3002,929
45140,"Tahlequah, OK",2024-10-01,37,32,8,0,77,3079,966
45140,"Tahlequah, OK",2024-11-01,31,30,15,0,76,3155,997
45140,"Tahlequah, OK",2024-12-01,38,29,6,1,74,3229,1035
45140,"Tahlequah, OK",2025-01-01,45,22,7,3,77,3306,1080
45140,"Tahlequah, OK",2025-02-01,53,24,8,0,85,3391,1133
45140,"Tahlequah, OK",2025-03-01,44,22,9,0,75,3466,1177
45140,"Tahlequah, OK",2025-04-01,33,25,8,0,66,3532,1210
45140,"Tahlequah, OK",2025-05-01,41,39,8,2,90,3622,1251
45140,"Tahlequah, OK",2025-06-01,32,36,7,2,77,3699,1283
45140,"Tahlequah, OK",2025-07-01,31,29,10,2,72,3771,1314
45140,"Tahlequah, OK",2025-08-01,42,40,10,0,92,3863,1356
45140,"Tahlequah, OK",2025-09-01,1,2,0,0,3,3866,1357
33100,"Miami-Fort Lauderdale-West Palm Beach, FL",2019-01-01,23,752,280,29,1084,1084,23
33100,"Miami-Fort Lauderdale-West Palm Beach, FL",2019-02-01,20,702,272,36,1030,2114,43
33100,"Miami-Fort Lauderdale-West Palm Beach, FL",2019-03-01,25,875,301,34,1235,3349,68
33100,"Miami-Fort Lauderdale-West Palm Beach, FL",2019-04-01,46,972,337,58,1413,4762,114
33100,"Miami-Fort Lauderdale-West Palm Beach, FL",2019-05-01,29,1000,356,30,1415,6177,143
33100,"Miami-Fort Lauderdale-West Palm Beach, FL",2019-06-01,22,552,197,22,793,6970,165
33100,"Miami-Fort Lauderdale-West Palm Beach, FL",2019-07-01,56,799,276,34,1165,8135,221
33100,"Miami-Fort Lauderdale-West Palm Beach, FL",2019-08-01,42,842,324,33,1241,9376,263
33100,"Miami-Fort Lauderdale-West Palm Beach, FL",2019-09-01,56,731,309,35,1131,10507,319
33100,"Miami-Fort Lauderdale-West Palm Beach, FL",2019-10-01,77,848,278,29,1232,11739,396
33100,"Miami-Fort Lauderdale-West Palm Beach, FL",2019-11-01,69,644,241,21,975,12714,465
33100,"Miami-Fort Lauderdale-West Palm Beach, FL",2019-12-01,77,657,234,30,998,13712,542
33100,"Miami-Fort Lauderdale-West Palm Beach, FL",2020-01-01,70,773,267,37,1147,14859,612
33100,"Miami-Fort Lauderdale-West Palm Beach, FL",2020-02-01,76,567,224,27,894,15753,688
33100,"Miami-Fort Lauderdale-West Palm Beach, FL",2020-03-01,67,611,240,23,941,16694,755
33100,"Miami-Fort Lauderdale-West Palm Beach, FL",2020-04-01,201,1503,602,68,2374,19068,956
33100,"Miami-Fort Lauderdale-West Palm Beach, FL",2020-05-01,376,1916,847,86,3225,22293,1332
33100,"Miami-Fort Lauderdale-West Palm Beach, FL",2020-06-01,377,1448,492,54,2371,24664,1709
33100,"Miami-Fort Lauderdale-West Palm Beach, FL",2020-07-01,409,1848,595,84,2936,27600,2118
33100,"Miami-Fort Lauderdale-West Palm Beach, FL",2020-08-01,713,2998,1013,101,4825,32425,2831
33100,"Miami-Fort Lauderdale-West Palm Beach, FL",2020-09-01,590,2514,807,121,4032,36457,3421
33100,"Miami-Fort Lauderdale-West Palm Beach, FL",2020-10-01,385,1981,664,77,3107,39564,3806
33100,"Miami-Fort Lauderdale-West Palm Beach, FL",2020-11-01,288,1384,486,68,2226,41790,4094
33100,"Miami-Fort Lauderdale-West Palm Beach, FL",2020-12-01,570,2202,716,104,3592,45382,4664
33100,"Miami-Fort Lauderdale-West Palm Beach, FL",2021-01-01,1162,3612,1196,155,6125,51507,5826
33100,"Miami-Fort Lauderdale-West Palm Beach, FL",2021-02-01,931,3160,1148,155,5394,56901,6757
33100,"Miami-Fort Lauderdale-West Palm Beach, FL",2021-03-01,1093,3529,1279,197,6098,62999,7850
33100,"Miami-Fort Lauderdale-West Palm Beach, FL",2021-04-01,1212,3807,1307,181,6507,69506,9062
33100,"Miami-Fort Lauderdale-West Palm Beach, FL",2021-05-01,1462,4667,1430,210,7769,77275,10524
33100,"Miami-Fort Lauderdale-West Palm Beach, FL",2021-06-01,1456,5138,1633,228,8455,85730,11980
33100,"Miami-Fort Lauderdale-West Palm Beach, FL",2021-07-01,1253,4769,1506,168,7696,93426,13233
33100,"Miami-Fort Lauderdale-West Palm Beach, FL",2021-08-01,1008,3972,1327,202,6509,99935,14241
33100,"Miami-Fort Lauderdale-West Palm Beach, FL",2021-09-01,786,3201,1174,166,5327,105262,15027
33100,"Miami-Fort Lauderdale-West Palm Beach, FL",2021-10-01,430,1751,691,88,2960,108222,15457
33100,"Miami-Fort Lauderdale-West Palm Beach, FL",2021-11-01,785,2718,899,107,4509,112731,16242
33100,"Miami-Fort Lauderdale-West Palm Beach, FL",2021-12-01,1389,3614,1216,186,6405,119136,17631
33100,"Miami-Fort Lauderdale-West Palm Beach, FL",2022-01-01,1479,4545,1574,250,7848,126984,19110
33100,"Miami-Fort Lauderdale-West Palm Beach, FL",2022-02-01,734,2178,892,201,4005,130989,19844
33100,"Miami-Fort Lauderdale-West Palm Beach, FL",2022-03-01,1099,3487,1251,213,6050,137039,20943
33100,"Miami-Fort Lauderdale-West Palm Beach, FL",2022-04-01,1126,3527,1332,209,6194,143233,22069
33100,"Miami-Fort Lauderdale-West Palm Beach, FL",2022-05-01,1308,3388,1246,151,6093,149326,23377
33100,"Miami-Fort Lauderdale-West Palm Beach, FL",2022-06-01,975,2586,996,107,4664,153990,24352
33100,"Miami-Fort Lauderdale-West Palm Beach, FL",2022-07-01,375,1221,507,60,2163,156153,24727
33100,"Miami-Fort Lauderdale-West Palm Beach, FL",2022-08-01,259,950,351,56,1616,157769,24986
33100,"Miami-Fort Lauderdale-West Palm Beach, FL",2022-09-01,767,2101,866,100,3834,161603,25753
33100,"Miami-Fort Lauderdale-West Palm Beach, FL",2022-10-01,1148,2988,1211,166,5513,167116,26901
33100,"Miami-Fort Lauderdale-West Palm Beach, FL",2022-11-01,1151,3074,1148,126,5499,172615,28052
33100,"Miami-Fort Lauderdale-West Palm Beach, FL",2022-12-01,1171,2891,1005,112,5179,177794,29223
33100,"Miami-Fort Lauderdale-West Palm Beach, FL",2023-01-01,1187,3173,1224,141,5725,183519,30410
33100,"Miami-Fort Lauderdale-West Palm Beach, FL",2023-02-01,950,2579,1032,127,4688,188207,31360
33100,"Miami-Fort Lauderdale-West Palm Beach, FL",2023-03-01,1344,3418,1244,123,6129,194336,32704
33100,"Miami-Fort Lauderdale-West Palm Beach, FL",2023-04-01,1124,2938,1029,118,5209,199545,33828
33100,"Miami-Fort Lauderdale-West Palm Beach, FL",2023-05-01,800,2233,770,95,3898,203443,34628
33100,"Miami-Fort Lauderdale-West Palm Beach, FL",2023-06-01,560,1583,468,66,2677,206120,35188
33100,"Miami-Fort Lauderdale-West Palm Beach, FL",2023-07-01,502,1654,504,52,2712,208832,35690
33100,"Miami-Fort Lauderdale-West Palm Beach, FL",2023-08-01,528,1787,579,47,2941,211773,36218
33100,"Miami-Fort Lauderdale-West Palm Beach, FL",2023-09-01,1095,3198,1111,102,5506,217279,37313
33100,"Miami-Fort Lauderdale-West Palm Beach, FL",2023-10-01,1142,3524,1192,144,6002,223281,38455
33100,"Miami-Fort Lauderdale-West Palm Beach, FL",2023-11-01,1276,3861,1228,111,6476,229757,39731
33100,"Miami-Fort Lauderdale-West Palm Beach, FL",2023-12-01,1386,3408,1057,102,5953,235710,41117
33100,"Miami-Fort Lauderdale-West Palm Beach, FL",2024-01-01,1653,4429,1450,146,7678,243388,42770
33100,"Miami-Fort Lauderdale-West Palm Beach, FL",2024-02-01,1482,3607,1157,137,6383,249771,44252
33100,"Miami-Fort Lauderdale-West Palm Beach, FL",2024-03-01,1650,3664,1174,127,6615,256386,45902
33100,"Miami-Fort Lauderdale-West Palm Beach, FL",2024-04-01,1463,3318,971,88,5840,262226,47365
33100,"Miami-Fort Lauderdale-West Palm Beach, FL",2024-05-01,1833,3651,1095,116,6695,268921,49198
33100,"Miami-Fort Lauderdale-West Palm Beach, FL",2024-06-01,1397,3544,1122,120,6183,275104,50595
33100,"Miami-Fort Lauderdale-West Palm Beach, FL",2024-07-01,641,1830,530,49,3050,278154,51236
33100,"Miami-Fort Lauderdale-West Palm Beach, FL",2024-08-01,343,1161,336,26,1866,280020,51579
33100,"Miami-Fort Lauderdale-West Palm Beach, FL",2024-09-01,732,2136,636,55,3559,283579,52311
33100,"Miami-Fort Lauderdale-West Palm Beach, FL",2024-10-01,1186,3092,935,107,5320,288899,53497
33100,"Miami-Fort Lauderdale-West Palm Beach, FL",2024-11-01,1154,2760,812,90,4816,293715,54651
33100,"Miami-Fort Lauderdale-West Palm Beach, FL",2024-12-01,1317,2777,831,71,4996,298711,55968
33100,"Miami-Fort Lauderdale-West Palm Beach, FL",2025-01-01,1339,2945,858,105,5247,303958,57307
33100,"Miami-Fort Lauderdale-West Palm Beach, FL",2025-02-01,1220,2553,829,98,4700,308658,58527
33100,"Miami-Fort Lauderdale-West Palm Beach, FL",2025-03-01,1374,2616,935,105,5030,313688,59901
33100,"Miami-Fort Lauderdale-West Palm Beach, FL",2025-04-01,1530,2653,885,108,5176,318864,61431
33100,"Miami-Fort Lauderdale-West Palm Beach, FL",2025-05-01,1628,2713,857,95,5293,324157,63059
33100,"Miami-Fort Lauderdale-West Palm Beach, FL",2025-06-01,1606,2976,1000,107,5689,329846,64665
33100,"Miami-Fort Lauderdale-West Palm Beach, FL",2025-07-01,1443,2650,878,119,5090,334936,66108
33100,"Miami-Fort Lauderdale-West Palm Beach, FL",2025-08-01,1242,2296,750,87,4375,339311,67350
33100,"Miami-Fort Lauderdale-West Palm Beach, FL",2025-09-01,39,62,22,4,127,339438,67389
34900,"Napa, CA",2019-01-01,8,92,19,2,121,121,8
34900,"Napa, CA",2019-02-01,4,68,24,4,100,221,12
34900,"Napa, CA",2019-03-01,4,72,22,6,104,325,16
34900,"Napa, CA",2019-04-01,10,84,18,0,112,437,26
34900,"Napa, CA",2019-05-01,6,85,19,4,114,551,32
34900,"Napa, CA",2019-06-01,5,83,26,1,115,666,37
34900,"Napa, CA",2019-07-01,11,83,23,3,120,786,48
34900,"Napa, CA",2019-08-01,4,83,15,5,107,893,52
34900,"Napa, CA",2019-09-01,7,93,19,2,121,1014,59
34900,"Napa, CA",2019-10-01,9,52,25,4,90,1104,68
34900,"Napa, CA",2019-11-01,13,46,12,0,71,1175,81
34900,"Napa, CA",2019-12-01,10,52,10,4,76,1251,91
34900,"Napa, CA",2020-01-01,8,57,11,0,76,1327,99
34900,"Napa, CA",2020-02-01,8,52,13,2,75,1402,107
34900,"Napa, CA",2020-03-01,6,50,16,2,74,1476,113
34900,"Napa, CA",2020-04-01,27,100,49,6,182,1658,140
34900,"Napa, CA",2020-05-01,49,81,37,3,170,1828,189
34900,"Napa, CA",2020-06-01,42,109,33,4,188,2016,231
34900,"Napa, CA",2020-07-01,42,128,26,4,200,2216,273
34900,"Napa, CA",2020-08-01,40,139,43,5,227,2443,313
34900,"Napa, CA",2020-09-01,34,141,30,3,208,2651,347
34900,"Napa, CA",2020-10-01,37,126,36,6,205,2856,384
34900,"Napa, CA",2020-11-01,43,128,32,1,204,3060,427
34900,"Napa, CA",2020-12-01,22,65,13,2,102,3162,449
34900,"Napa, CA",2021-01-01,15,73,24,3,115,3277,464
34900,"Napa, CA",2021-02-01,15,57,22,5,99,3376,479
34900,"Napa, CA",2021-03-01,27,91,26,7,151,3527,506
34900,"Napa, CA",2021-04-01,21,83,28,5,137,3664,527
34900,"Napa, CA",2021-05-01,11,71,17,4,103,3767,538
34900,"Napa, CA",2021-06-01,15,54,21,2,92,3859,553
34900,"Napa, CA",2021-07-01,12,63,14,4,93,3952,565
34900,"Napa, CA",2021-08-01,11,77,44,7,139,4091,576
34900,"Napa, CA",2021-09-01,37,110,48,7,202,4293,613
34900,"Napa, CA",2021-10-01,10,49,30,10,99,4392,623
34900,"Napa, CA",2021-11-01,9,49,26,3,87,4479,632
34900,"Napa, CA",2021-12-01,14,58,23,0,95,4574,646
34900,"Napa, CA",2022-01-01,47,150,47,3,247,4821,693
34900,"Napa, CA",2022-02-01,9,48,25,5,87,4908,702
34900,"Napa, CA",2022-03-01,7,38,22,3,70,4978,709
34900,"Napa, CA",2022-04-01,14,39,17,3,73,5051,723
34900,"Napa, CA",2022-05-01,8,47,22,4,81,5132,731
34900,"Napa, CA",2022-06-01,10,54,27,4,95,5227,741
34900,"Napa, CA",2022-07-01,9,45,24,0,78,5305,750
34900,"Napa, CA",2022-08-01,70,180,83,11,344,5649,820
34900,"Napa, CA",2022-09-01,59,212,72,10,353,6002,879
34900,"Napa, CA",2022-10-01,29,114,56,4,203,6205,908
34900,"Napa, CA",2022-11-01,63,151,52,8,274,6479,971
34900,"Napa, CA",2022-12-01,52,105,35,7,199,6678,1023
34900,"Napa, CA",2023-01-01,32,99,36,4,171,6849,1055
34900,"Napa, CA",2023-02-01,20,77,28,9,134,6983,1075
34900,"Napa, CA",2023-03-01,33,140,52,9,234,7217,1108
34900,"Napa, CA",2023-04-01,18,66,22,7,113,7330,1126
34900,"Napa, CA",2023-05-01,17,50,15,2,84,7414,1143
34900,"Napa, CA",2023-06-01,14,45,16,3,78,7492,1157
34900,"Napa, CA",2023-07-01,10,61,17,3,91,7583,1167
34900,"Napa, CA",2023-08-01,18,74,22,4,118,7701,1185
34900,"Napa, CA",2023-09-01,14,75,30,3,122,7823,1199
34900,"Napa, CA",2023-10-01,22,73,29,4,128,7951,1221
34900,"Napa, CA",2023-11-01,10,118,43,9,180,8131,1231
34900,"Napa, CA",2023-12-01,17,105,44,4,170,8301,1248
34900,"Napa, CA",2024-01-01,16,89,28,5,138,8439,1264
34900,"Napa, CA",2024-02-01,11,75,36,5,127,8566,1275
34900,"Napa, CA",2024-03-01,17,78,31,3,129,8695,1292
34900,"Napa, CA",2024-04-01,21,84,22,7,134,8829,1313
34900,"Napa, CA",2024-05-01,20,115,39,6,180,9009,1333
34900,"Napa, CA",2024-06-01,12,125,43,4,184,9193,1345
34900,"Napa, CA",2024-07-01,36,125,42,3,206,9399,1381
34900,"Napa, CA",2024-08-01,16,95,24,2,137,9536,1397
34900,"Napa, CA",2024-09-01,23,71,30,3,127,9663,1420
34900,"Napa, CA",2024-10-01,16,79,15,5,115,9778,1436
34900,"Napa, CA",2024-11-01,12,64,18,2,96,9874,1448
34900,"Napa, CA",2024-12-01,14,64,17,2,97,9971,1462
34900,"Napa, CA",2025-01-01,16,60,21,3,100,10071,1478
34900,"Napa, CA",2025-02-01,9,31,12,1,53,10124,1487
34900,"Napa, CA",2025-03-01,13,39,10,1,63,10187,1500
34900,"Napa, CA",2025-04-01,7,17,9,1,34,10221,1507
34900,"Napa, CA",2025-05-01,22,40,1,0,63,10284,1529
34900,"Napa, CA",2025-06-01,10,20,3,0,33,10317,1539
34900,"Napa, CA",2025-07-01,10,25,7,1,43,10360,1549
34900,"Napa, CA",2025-08-01,4,10,1,0,15,10375,1553
45900,"Traverse City, MI",2019-01-01,0,1,1,0,2,2,0
45900,"Traverse City, MI",2019-02-01,0,3,1,0,4,6,0
45900,"Traverse City, MI",2019-03-01,0,9,2,0,11,17,0
45900,"Traverse City, MI",2019-04-01,0,5,0,0,5,22,0
45900,"Traverse City, MI",2019-05-01,1,26,7,0,34,56,1
45900,"Traverse City, MI",2019-06-01,2,13,7,0,22,78,3
45900,"Traverse City, MI",2019-07-01,2,19,4,1,26,104,5
45900,"Traverse City, MI",2019-08-01,3,15,6,1,25,129,8
45900,"Traverse City, MI",2019-09-01,1,10,2,0,13,142,9
45900,"Traverse City, MI",2019-10-01,1,17,5,0,23,165,10
45900,"Traverse City, MI",2019-11-01,3,22,3,0,28,193,13
45900,"Traverse City, MI",2019-12-01,2,19,3,1,25,218,15
45900,"Traverse City, MI",2020-01-01,4,14,3,0,21,239,19
45900,"Traverse City, MI",2020-02-01,3,22,6,1,32,271,22
45900,"Traverse City, MI",2020-03-01,3,21,8,1,33,304,25
45900,"Traverse City, MI",2020-04-01,8,29,9,1,47,351,33
45900,"Traverse City, MI",2020-05-01,9,39,13,0,61,412,42
45900,"Traverse City, MI",2020-06-01,15,43,9,3,70,482,57
45900,"Traverse City, MI",2020-07-01,21,62,14,1,98,580,78
45900,"Traverse City, MI",2020-08-01,19,61,14,2,96,676,97
45900,"Traverse City, MI",2020-09-01,6,49,12,2,69,745,103
45900,"Traverse City, MI",2020-10-01,24,50,7,1,82,827,127
45900,"Traverse City, MI",2020-11-01,15,51,8,0,74,901,142
45900,"Traverse City, MI",2020-12-01,13,43,9,0,65,966,155
45900,"Traverse City, MI",2021-01-01,24,38,15,1,78,1044,179
45900,"Traverse City, MI",2021-02-01,20,40,11,4,75,1119,199
45900,"Traverse City, MI",2021-03-01,20,58,16,2,96,1215,219
45900,"Traverse City, MI",2021-04-01,13,55,18,1,87,1302,232
45900,"Traverse City, MI",2021-05-01,29,56,12,0,97,1399,261
45900,"Traverse City, MI",2021-06-01,28,70,23,1,122,1521,289
45900,"Traverse City, MI",2021-07-01,30,79,24,2,135,1656,319
45900,"Traverse City, MI",2021-08-01,24,76,20,1,121,1777,343
45900,"Traverse City, MI",2021-09-01,30,77,26,1,134,1911,373
45900,"Traverse City, MI",2021-10-01,24,68,19,3,114,2025,397
45900,"Traverse City, MI",2021-11-01,23,68,21,3,115,2140,420
45900,"Traverse City, MI",2021-12-01,28,69,16,0,113,2253,448
45900,"Traverse City, MI",2022-01-01,29,92,29,2,152,2405,477
45900,"Traverse City, MI",2022-02-01,26,62,13,0,101,2506,503
45900,"Traverse City, MI",2022-03-01,22,58,29,0,109,2615,525
45900,"Traverse City, MI",2022-04-01,19,66,13,3,101,2716,544
45900,"Traverse City, MI",2022-05-01,32,51,9,2,94,2810,576
45900,"Traverse City, MI",2022-06-01,23,49,19,2,93,2903,599
45900,"Traverse City, MI",2022-07-01,24,51,12,0,87,2990,623
45900,"Traverse City, MI",2022-08-01,21,52,11,2,86,3076,644
45900,"Traverse City, MI",2022-09-01,18,37,21,1,77,3153,662
45900,"Traverse City, MI",2022-10-01,20,53,14,0,87,3240,682
45900,"Traverse City, MI",2022-11-01,23,47,22,1,93,3333,705
45900,"Traverse City, MI",2022-12-01,37,58,11,0,106,3439,742
45900,"Traverse City, MI",2023-01-01,32,77,17,3,129,3568,774
45900,"Traverse City, MI",2023-02-01,26,48,17,1,92,3660,800
45900,"Traverse City, MI",2023-03-01,36,68,18,2,124,3784,836
45900,"Traverse City, MI",2023-04-01,32,53,15,1,101,3885,868
45900,"Traverse City, MI",2023-05-01,24,35,13,0,72,3957,892
45900,"Traverse City, MI",2023-06-01,17,28,12,1,58,4015,909
45900,"Traverse City, MI",2023-07-01,22,52,16,2,92,4107,931
45900,"Traverse City, MI",2023-08-01,8,26,10,2,46,4153,939
45900,"Traverse City, MI",2023-09-01,20,38,10,3,71,4224,959
45900,"Traverse City, MI",2023-10-01,29,39,10,2,80,4304,988
45900,"Traverse City, MI",2023-11-01,28,43,18,2,91,4395,1016
45900,"Traverse City, MI",2023-12-01,33,34,11,5,83,4478,1049
45900,"Traverse City, MI",2024-01-01,37,35,13,0,85,4563,1086
45900,"Traverse City, MI",2024-02-01,29,32,11,3,75,4638,1115
45900,"Traverse City, MI",2024-03-01,37,63,11,1,112,4750,1152
45900,"Traverse City, MI",2024-04-01,28,34,17,4,83,4833,1180
45900,"Traverse City, MI",2024-05-01,42,39,13,1,95,4928,1222
45900,"Traverse City, MI",2024-06-01,37,52,17,1,107,5035,1259
45900,"Traverse City, MI",2024-07-01,30,34,13,2,79,5114,1289
45900,"Traverse City, MI",2024-08-01,34,42,10,4,90,5204,1323
45900,"Traverse City, MI",2024-09-01,36,37,17,0,90,5294,1359
45900,"Traverse City, MI",2024-10-01,36,47,17,1,101,5395,1395
45900,"Traverse City, MI",2024-11-01,58,53,17,1,129,5524,1453
45900,"Traverse City, MI",2024-12-01,52,47,17,3,119,5643,1505
45900,"Traverse City, MI",2025-01-01,46,57,13,3,119,5762,1551
45900,"Traverse City, MI",2025-02-01,39,52,8,1,100,5862,1590
45900,"Traverse City, MI",2025-03-01,52,40,16,1,109,5971,1642
45900,"Traverse City, MI",2025-04-01,48,35,9,3,95,6066,1690
45900,"Traverse City, MI",2025-05-01,60,42,7,2,111,6177,1750
45900,"Traverse City, MI",2025-06-01,51,45,15,2,113,6290,1801
45900,"Traverse City, MI",2025-07-01,52,51,11,0,114,6404,1853
45900,"Traverse City, MI",2025-08-01,43,29,8,3,83,6487,1896
45900,"Traverse City, MI",2025-09-01,2,2,0,0,4,6491,1898
22380,"Flagstaff, AZ",2019-01-01,1,22,4,0,27,27,1
22380,"Flagstaff, AZ",2019-02-01,3,41,7,0,51,78,4
22380,"Flagstaff, AZ",2019-03-01,2,41,7,1,51,129,6
22380,"Flagstaff, AZ",2019-04-01,2,43,15,1,61,190,8
22380,"Flagstaff, AZ",2019-05-01,2,57,8,0,67,257,10
22380,"Flagstaff, AZ",2019-06-01,9,42,13,2,66,323,19
22380,"Flagstaff, AZ",2019-07-01,6,39,9,0,54,377,25
22380,"Flagstaff, AZ",2019-08-01,3,60,12,0,75,452,28
22380,"Flagstaff, AZ",2019-09-01,10,34,7,1,52,504,38
22380,"Flagstaff, AZ",2019-10-01,19,54,7,1,81,585,57
22380,"Flagstaff, AZ",2019-11-01,17,41,8,0,66,651,74
22380,"Flagstaff, AZ",2019-12-01,8,40,14,0,62,713,82
22380,"Flagstaff, AZ",2020-01-01,15,51,14,2,82,795,97
22380,"Flagstaff, AZ",2020-02-01,7,37,12,1,57,852,104
22380,"Flagstaff, AZ",2020-03-01,27,52,18,2,99,951,131
22380,"Flagstaff, AZ",2020-04-01,57,125,34,4,220,1171,188
22380,"Flagstaff, AZ",2020-05-01,79,128,19,4,230,1401,267
22380,"Flagstaff, AZ",2020-06-01,81,127,19,0,227,1628,348
22380,"Flagstaff, AZ",2020-07-01,83,143,28,2,256,1884,431
22380,"Flagstaff, AZ",2020-08-01,75,169,29,2,275,2159,506
22380,"Flagstaff, AZ",2020-09-01,95,170,17,2,284,2443,601
22380,"Flagstaff, AZ",2020-10-01,58,83,21,1,163,2606,659
22380,"Flagstaff, AZ",2020-11-01,41,56,10,0,107,2713,700
22380,"Flagstaff, AZ",2020-12-01,46,61,10,2,119,2832,746
22380,"Flagstaff, AZ",2021-01-01,79,120,22,1,222,3054,825
22380,"Flagstaff, AZ",2021-02-01,85,109,14,4,212,3266,910
22380,"Flagstaff, AZ",2021-03-01,94,117,20,4,235,3501,1004
22380,"Flagstaff, AZ",2021-04-01,76,127,17,2,222,3723,1080
22380,"Flagstaff, AZ",2021-05-01,87,133,30,0,250,3973,1167
22380,"Flagstaff, AZ",2021-06-01,66,105,24,4,199,4172,1233
22380,"Flagstaff, AZ",2021-07-01,48,102,16,2,168,4340,1281
22380,"Flagstaff, AZ",2021-08-01,56,114,19,2,191,4531,1337
22380,"Flagstaff, AZ",2021-09-01,57,83,28,3,171,4702,1394
22380,"Flagstaff, AZ",2021-10-01,42,75,25,4,146,4848,1436
22380,"Flagstaff, AZ",2021-11-01,48,59,24,1,132,4980,1484
22380,"Flagstaff, AZ",2021-12-01,92,92,26,2,212,5192,1576
22380,"Flagstaff, AZ",2022-01-01,164,163,32,6,365,5557,1740
22380,"Flagstaff, AZ",2022-02-01,139,91,14,1,245,5802,1879
22380,"Flagstaff, AZ",2022-03-01,106,94,23,2,225,6027,1985
22380,"Flagstaff, AZ",2022-04-01,91,74,17,1,183,6210,2076
22380,"Flagstaff, AZ",2022-05-01,79,95,17,1,192,6402,2155
22380,"Flagstaff, AZ",2022-06-01,79,61,5,2,147,6549,2234
22380,"Flagstaff, AZ",2022-07-01,43,56,12,1,112,6661,2277
22380,"Flagstaff, AZ",2022-08-01,55,61,13,2,131,6792,2332
22380,"Flagstaff, AZ",2022-09-01,96,99,22,1,218,7010,2428
22380,"Flagstaff, AZ",2022-10-01,145,89,14,7,255,7265,2573
22380,"Flagstaff, AZ",2022-11-01,125,94,38,2,259,7524,2698
22380,"Flagstaff, AZ",2022-12-01,107,82,17,1,207,7731,2805
22380,"Flagstaff, AZ",2023-01-01,114,105,22,1,242,7973,2919
22380,"Flagstaff, AZ",2023-02-01,111,75,21,0,207,8180,3030
22380,"Flagstaff, AZ",2023-03-01,143,101,24,3,271,8451,3173
22380,"Flagstaff, AZ",2023-04-01,96,72,25,2,195,8646,3269
22380,"Flagstaff, AZ",2023-05-01,52,49,10,4,115,8761,3321
22380,"Flagstaff, AZ",2023-06-01,42,37,11,1,91,8852,3363
22380,"Flagstaff, AZ",2023-07-01,39,42,12,1,94,8946,3402
22380,"Flagstaff, AZ",2023-08-01,37,41,12,1,91,9037,3439
22380,"Flagstaff, AZ",2023-09-01,99,63,18,2,182,9219,3538
22380,"Flagstaff, AZ",2023-10-01,112,52,18,0,182,9401,3650
22380,"Flagstaff, AZ",2023-11-01,122,67,18,4,211,9612,3772
22380,"Flagstaff, AZ",2023-12-01,118,63,11,0,192,9804,3890
22380,"Flagstaff, AZ",2024-01-01,105,74,12,3,194,9998,3995
22380,"Flagstaff, AZ",2024-02-01,139,71,26,2,238,10236,4134
22380,"Flagstaff, AZ",2024-03-01,126,76,20,0,222,10458,4260
22380,"Flagstaff, AZ",2024-04-01,84,66,12,2,164,10622,4344
22380,"Flagstaff, AZ",2024-05-01,66,63,18,1,148,10770,4410
22380,"Flagstaff, AZ",2024-06-01,47,66,18,0,131,10901,4457
22380,"Flagstaff, AZ",2024-07-01,23,42,9,2,76,10977,4480
22380,"Flagstaff, AZ",2024-08-01,33,35,13,8,89,11066,4513
22380,"Flagstaff, AZ",2024-09-01,92,77,23,9,201,11267,4605
22380,"Flagstaff, AZ",2024-10-01,138,86,23,1,248,11515,4743
22380,"Flagstaff, AZ",2024-11-01,153,100,33,1,287,11802,4896
22380,"Flagstaff, AZ",2024-12-01,94,79,15,2,190,11992,4990
22380,"Flagstaff, AZ",2025-01-01,96,68,12,0,176,12168,5086
22380,"Flagstaff, AZ",2025-02-01,136,72,18,3,229,12397,5222
22380,"Flagstaff, AZ",2025-03-01,129,76,19,1,225,12622,5351
22380,"Flagstaff, AZ",2025-04-01,105,71,16,1,193,12815,5456
22380,"Flagstaff, AZ",2025-05-01,100,69,19,0,188,13003,5556
22380,"Flagstaff, AZ",2025-06-01,50,31,5,1,87,13090,5606
22380,"Flagstaff, AZ",2025-07-01,32,25,6,0,63,13153,5638
22380,"Flagstaff, AZ",2025-08-01,32,28,5,3,68,13221,5670
22380,"Flagstaff, AZ",2025-09-01,2,0,0,0,2,13223,5672
29020,"Kokomo, IN",2019-01-01,0,7,1,0,8,8,0
29020,"Kokomo, IN",2019-02-01,0,7,4,0,11,19,0
29020,"Kokomo, IN",2019-03-01,0,10,3,1,14,33,0
29020,"Kokomo, IN",2019-04-01,0,15,3,0,18,51,0
29020,"Kokomo, IN",2019-05-01,0,17,3,0,20,71,0
29020,"Kokomo, IN",2019-06-01,2,12,5,1,20,91,2
29020,"Kokomo, IN",2019-07-01,2,16,2,1,21,112,4
29020,"Kokomo, IN",2019-08-01,1,22,7,1,31,143,5
29020,"Kokomo, IN",2019-09-01,2,16,5,2,25,168,7
29020,"Kokomo, IN",2019-10-01,0,15,7,0,22,190,7
29020,"Kokomo, IN",2019-11-01,5,16,9,0,30,220,12
29020,"Kokomo, IN",2019-12-01,3,16,4,0,23,243,15
29020,"Kokomo, IN",2020-01-01,5,18,6,0,29,272,20
29020,"Kokomo, IN",2020-02-01,4,15,3,1,23,295,24
29020,"Kokomo, IN",2020-03-01,10,24,12,0,46,341,34
29020,"Kokomo, IN",2020-04-01,19,57,11,1,88,429,53
29020,"Kokomo, IN",2020-05-01,19,52,5,0,76,505,72
29020,"Kokomo, IN",2020-06-01,12,33,14,3,62,567,84
29020,"Kokomo, IN",2020-07-01,7,44,9,1,61,628,91
29020,"Kokomo, IN",2020-08-01,31,79,7,1,118,746,122
29020,"Kokomo, IN",2020-09-01,21,60,10,2,93,839,143
29020,"Kokomo, IN",2020-10-01,15,37,12,2,66,905,158
29020,"Kokomo, IN",2020-11-01,9,36,11,1,57,962,167
29020,"Kokomo, IN",2020-12-01,20,44,17,1,82,1044,187
29020,"Kokomo, IN",2021-01-01,28,62,15,0,105,1149,215
29020,"Kokomo, IN",2021-02-01,31,71,13,2,117,1266,246
29020,"Kokomo, IN",2021-03-01,35,58,11,1,105,1371,281
29020,"Kokomo, IN",2021-04-01,37,78,20,2,137,1508,318
29020,"Kokomo, IN",2021-05-01,27,80,15,1,123,1631,345
29020,"Kokomo, IN",2021-06-01,18,70,20,1,109,1740,363
29020,"Kokomo, IN",2021-07-01,23,51,21,1,96,1836,386
29020,"Kokomo, IN",2021-08-01,24,49,19,4,96,1932,410
29020,"Kokomo, IN",2021-09-01,20,48,17,0,85,2017,430
29020,"Kokomo, IN",2021-10-01,17,45,13,1,76,2093,447
29020,"Kokomo, IN",2021-11-01,25,52,20,0,97,2190,472
29020,"Kokomo, IN",2021-12-01,38,76,11,0,125,2315,510
29020,"Kokomo, IN",2022-01-01,47,78,19,4,148,2463,557
29020,"Kokomo, IN",2022-02-01,31,55,18,3,107,2570,588
29020,"Kokomo, IN",2022-03-01,27,54,16,3,100,2670,615
29020,"Kokomo, IN",2022-04-01,16,65,18,3,102,2772,631
29020,"Kokomo, IN",2022-05-01,25,49,12,2,88,2860,656
29020,"Kokomo, IN",2022-06-01,18,55,16,1,90,2950,674
29020,"Kokomo, IN",2022-07-01,21,46,10,2,79,3029,695
29020,"Kokomo, IN",2022-08-01,29,58,10,3,100,3129,724
29020,"Kokomo, IN",2022-09-01,37,75,16,0,128,3257,761
29020,"Kokomo, IN",2022-10-01,18,62,19,0,99,3356,779
29020,"Kokomo, IN",2022-11-01,27,59,13,2,101,3457,806
29020,"Kokomo, IN",2022-12-01,36,49,15,2,102,3559,842
29020,"Kokomo, IN",2023-01-01,27,52,23,5,107,3666,869
29020,"Kokomo, IN",2023-02-01,38,50,24,3,115,3781,907
29020,"Kokomo, IN",2023-03-01,39,66,25,0,130,3911,946
29020,"Kokomo, IN",2023-04-01,28,57,11,3,99,4010,974
29020,"Kokomo, IN",2023-05-01,28,35,14,2,79,4089,1002
29020,"Kokomo, IN",2023-06-01,21,30,17,2,70,4159,1023
29020,"Kokomo, IN",2023-07-01,28,33,24,1,86,4245,1051
29020,"Kokomo, IN",2023-08-01,14,38,11,1,64,4309,1065
29020,"Kokomo, IN",2023-09-01,32,56,32,1,121,4430,1097
29020,"Kokomo, IN",2023-10-01,38,61,20,5,124,4554,1135
29020,"Kokomo, IN",2023-11-01,36,89,32,1,158,4712,1171
29020,"Kokomo, IN",2023-12-01,53,54,21,1,129,4841,1224
29020,"Kokomo, IN",2024-01-01,37,65,27,0,129,4970,1261
29020,"Kokomo, IN",2024-02-01,54,52,26,0,132,5102,1315
29020,"Kokomo, IN",2024-03-01,44,42,20,2,108,5210,1359
29020,"Kokomo, IN",2024-04-01,41,51,17,0,109,5319,1400
29020,"Kokomo, IN",2024-05-01,34,43,21,3,101,5420,1434
29020,"Kokomo, IN",2024-06-01,13,29,8,3,53,5473,1447
29020,"Kokomo, IN",2024-07-01,34,35,19,1,89,5562,1481
29020,"Kokomo, IN",2024-08-01,11,33,9,2,55,5617,1492
29020,"Kokomo, IN",2024-09-01,34,55,16,1,106,5723,1526
29020,"Kokomo, IN",2024-10-01,63,70,20,3,156,5879,1589
29020,"Kokomo, IN",2024-11-01,62,67,17,1,147,6026,1651
29020,"Kokomo, IN",2024-12-01,77,70,29,1,177,6203,1728
29020,"Kokomo, IN",2025-01-01,59,58,15,3,135,6338,1787
29020,"Kokomo, IN",2025-02-01,56,57,15,2,130,6468,1843
29020,"Kokomo, IN",2025-03-01,47,66,21,4,138,6606,1890
29020,"Kokomo, IN",2025-04-01,58,60,16,5,139,6745,1948
29020,"Kokomo, IN",2025-05-01,54,44,11,1,110,6855,2002
29020,"Kokomo, IN",2025-06-01,28,35,8,0,71,6926,2030
29020,"Kokomo, IN",2025-07-01,23,32,10,1,66,6992,2053
29020,"Kokomo, IN",2025-08-01,46,50,16,3,115,7107,2099
33740,"Monroe, LA",2019-01-01,0,3,1,0,4,4,0
33740,"Monroe, LA",2019-02-01,0,8,0,0,8,12,0
33740,"Monroe, LA",2019-03-01,2,22,3,0,27,39,2
33740,"Monroe, LA",2019-04-01,1,22,6,0,29,68,3
33740,"Monroe, LA",2019-05-01,0,20,7,1,28,96,3
33740,"Monroe, LA",2019-06-01,1,24,5,0,30,126,4
33740,"Monroe, LA",2019-07-01,5,22,8,0,35,161,9
33740,"Monroe, LA",2019-08-01,2,22,9,1,34,195,11
33740,"Monroe, LA",2019-09-01,3,35,5,0,43,238,14
33740,"Monroe, LA",2019-10-01,0,30,3,0,33,271,14
33740,"Monroe, LA",2019-11-01,5,31,6,0,42,313,19
33740,"Monroe, LA",2019-12-01,3,30,4,2,39,352,22
33740,"Monroe, LA",2020-01-01,3,26,5,0,34,386,25
33740,"Monroe, LA",2020-02-01,4,25,9,0,38,424,29
33740,"Monroe, LA",2020-03-01,14,67,8,0,89,513,43
33740,"Monroe, LA",2020-04-01,25,84,11,1,121,634,68
33740,"Monroe, LA",2020-05-01,32,118,18,4,172,806,100
33740,"Monroe, LA",2020-06-01,27,106,18,0,151,957,127
33740,"Monroe, LA",2020-07-01,18,117,12,3,150,1107,145
33740,"Monroe, LA",2020-08-01,46,151,24,3,224,1331,191
33740,"Monroe, LA",2020-09-01,46,118,19,1,184,1515,237
33740,"Monroe, LA",2020-10-01,30,91,21,1,143,1658,267
33740,"Monroe, LA",2020-11-01,16,60,11,1,88,1746,283
33740,"Monroe, LA",2020-12-01,17,53,7,0,77,1823,300
33740,"Monroe, LA",2021-01-01,43,153,21,2,219,2042,343
33740,"Monroe, LA",2021-02-01,34,69,12,1,116,2158,377
33740,"Monroe, LA",2021-03-01,38,107,14,0,159,2317,415
33740,"Monroe, LA",2021-04-01,50,135,29,2,216,2533,465
33740,"Monroe, LA",2021-05-01,60,165,33,2,260,2793,525
33740,"Monroe, LA",2021-06-01,42,94,13,0,149,2942,567
33740,"Monroe, LA",2021-07-01,71,147,18,4,240,3182,638
33740,"Monroe, LA",2021-08-01,45,110,26,2,183,3365,683
33740,"Monroe, LA",2021-09-01,27,108,26,1,162,3527,710
33740,"Monroe, LA",2021-10-01,19,60,15,2,96,3623,729
33740,"Monroe, LA",2021-11-01,33,66,13,2,114,3737,762
33740,"Monroe, LA",2021-12-01,43,86,20,4,153,3890,805
33740,"Monroe, LA",2022-01-01,54,83,24,2,163,4053,859
33740,"Monroe, LA",2022-02-01,34,70,15,2,121,4174,893
33740,"Monroe, LA",2022-03-01,85,139,35,3,262,4436,978
33740,"Monroe, LA",2022-04-01,68,129,31,2,230,4666,1046
33740,"Monroe, LA",2022-05-01,47,110,18,0,175,4841,1093
33740,"Monroe, LA",2022-06-01,40,69,14,0,123,4964,1133
33740,"Monroe, LA",2022-07-01,33,73,18,1,125,5089,1166
33740,"Monroe, LA",2022-08-01,41,82,17,0,140,5229,1207
33740,"Monroe, LA",2022-09-01,55,110,29,6,200,5429,1262
33740,"Monroe, LA",2022-10-01,32,74,19,1,126,5555,1294
33740,"Monroe, LA",2022-11-01,60,85,28,0,173,5728,1354
33740,"Monroe, LA",2022-12-01,63,96,23,3,185,5913,1417
33740,"Monroe, LA",2023-01-01,63,90,20,4,177,6090,1480
33740,"Monroe, LA",2023-02-01,65,76,24,2,167,6257,1545
33740,"Monroe, LA",2023-03-01,102,144,38,4,288,6545,1647
33740,"Monroe, LA",2023-04-01,56,99,29,1,185,6730,1703
33740,"Monroe, LA",2023-05-01,41,60,14,1,116,6846,1744
33740,"Monroe, LA",2023-06-01,30,47,13,1,91,6937,1774
33740,"Monroe, LA",2023-07-01,44,46,17,2,109,7046,1818
33740,"Monroe, LA",2023-08-01,47,76,19,1,143,7189,1865
33740,"Monroe, LA",2023-09-01,60,77,25,4,166,7355,1925
33740,"Monroe, LA",2023-10-01,63,82,19,2,166,7521,1988
33740,"Monroe, LA",2023-11-01,73,117,21,3,214,7735,2061
33740,"Monroe, LA",2023-12-01,85,96,27,2,210,7945,2146
33740,"Monroe, LA",2024-01-01,65,98,25,1,189,8134,2211
33740,"Monroe, LA",2024-02-01,77,79,27,3,186,8320,2288
33740,"Monroe, LA",2024-03-01,91,111,28,3,233,8553,2379
33740,"Monroe, LA",2024-04-01,74,116,30,1,221,8774,2453
33740,"Monroe, LA",2024-05-01,103,114,23,5,245,9019,2556
33740,"Monroe, LA",2024-06-01,82,107,20,3,212,9231,2638
33740,"Monroe, LA",2024-07-01,47,61,16,3,127,9358,2685
33740,"Monroe, LA",2024-08-01,53,80,22,2,157,9515,2738
33740,"Monroe, LA",2024-09-01,109,111,35,6,261,9776,2847
33740,"Monroe, LA",2024-10-01,104,111,43,5,263,10039,2951
33740,"Monroe, LA",2024-11-01,124,126,47,4,301,10340,3075
33740,"Monroe, LA",2024-12-01,95,110,23,5,233,10573,3170
33740,"Monroe, LA",2025-01-01,120,108,25,2,255,10828,3290
33740,"Monroe, LA",2025-02-01,128,91,25,1,245,11073,3418
33740,"Monroe, LA",2025-03-01,123,136,36,3,298,11371,3541
33740,"Monroe, LA",2025-04-01,111,127,32,3,273,11644,3652
33740,"Monroe, LA",2025-05-01,132,107,39,7,285,11929,3784
33740,"Monroe, LA",2025-06-01,119,127,33,5,284,12213,3903
33740,"Monroe, LA",2025-07-01,85,108,37,4,234,12447,3988
33740,"Monroe, LA",2025-08-01,75,97,36,2,210,12657,4063
33740,"Monroe, LA",2025-09-01,3,0,0,0,3,12660,4066
23620,"Gainesville, TX",2019-01-01,0,11,6,0,17,17,0
23620,"Gainesville, TX",2019-02-01,0,6,5,0,11,28,0
23620,"Gainesville, TX",2019-03-01,0,13,5,0,18,46,0
23620,"Gainesville, TX",2019-04-01,1,9,5,0,15,61,1
23620,"Gainesville, TX",2019-05-01,0,16,3,0,19,80,1
23620,"Gainesville, TX",2019-06-01,1,11,2,1,15,95,2
23620,"Gainesville, TX",2019-07-01,2,14,7,0,23,118,4
23620,"Gainesville, TX",2019-08-01,0,17,3,0,20,138,4
23620,"Gainesville, TX",2019-09-01,1,15,4,0,20,158,5
23620,"Gainesville, TX",2019-10-01,0,14,4,0,18,176,5
23620,"Gainesville, TX",2019-11-01,1,9,7,0,17,193,6
23620,"Gainesville, TX",2019-12-01,2,11,3,2,18,211,8
23620,"Gainesville, TX",2020-01-01,0,17,5,2,24,235,8
23620,"Gainesville, TX",2020-02-01,2,17,1,2,22,257,10
23620,"Gainesville, TX",2020-03-01,0,15,5,0,20,277,10
23620,"Gainesville, TX",2020-04-01,5,52,16,2,75,352,15
23620,"Gainesville, TX",2020-05-01,9,70,28,3,110,462,24
23620,"Gainesville, TX",2020-06-01,2,29,13,1,45,507,26
23620,"Gainesville, TX",2020-07-01,12,36,14,1,63,570,38
23620,"Gainesville, TX",2020-08-01,12,93,26,4,135,705,50
23620,"Gainesville, TX",2020-09-01,11,85,24,5,125,830,61
23620,"Gainesville, TX",2020-10-01,13,58,18,2,91,921,74
23620,"Gainesville, TX",2020-11-01,5,26,9,0,40,961,79
23620,"Gainesville, TX",2020-12-01,5,40,6,2,53,1014,84
23620,"Gainesville, TX",2021-01-01,10,52,13,1,76,1090,94
23620,"Gainesville, TX",2021-02-01,6,18,10,2,36,1126,100
23620,"Gainesville, TX",2021-03-01,5,33,21,1,60,1186,105
23620,"Gainesville, TX",2021-04-01,17,53,14,1,85,1271,122
23620,"Gainesville, TX",2021-05-01,20,58,10,2,90,1361,142
23620,"Gainesville, TX",2021-06-01,7,39,10,0,56,1417,149
23620,"Gainesville, TX",2021-07-01,7,31,11,1,50,1467,156
23620,"Gainesville, TX",2021-08-01,7,33,15,0,55,1522,163
23620,"Gainesville, TX",2021-09-01,14,49,22,1,86,1608,177
23620,"Gainesville, TX",2021-10-01,8,33,13,1,55,1663,185
23620,"Gainesville, TX",2021-11-01,9,34,12,1,56,1719,194
23620,"Gainesville, TX",2021-12-01,18,41,16,1,76,1795,212
23620,"Gainesville, TX",2022-01-01,27,81,28,4,140,1935,239
23620,"Gainesville, TX",2022-02-01,12,41,21,0,74,2009,251
23620,"Gainesville, TX",2022-03-01,19,67,26,0,112,2121,270
23620,"Gainesville, TX",2022-04-01,17,43,21,2,83,2204,287
23620,"Gainesville, TX",2022-05-01,15,24,10,2,51,2255,302
23620,"Gainesville, TX",2022-06-01,12,38,9,3,62,2317,314
23620,"Gainesville, TX",2022-07-01,13,39,8,0,60,2377,327
23620,"Gainesville, TX",2022-08-01,16,47,19,1,83,2460,343
23620,"Gainesville, TX",2022-09-01,18,32,11,1,62,2522,361
23620,"Gainesville, TX",2022-10-01,12,37,15,1,65,2587,373
23620,"Gainesville, TX",2022-11-01,20,48,24,1,93,2680,393
23620,"Gainesville, TX",2022-12-01,17,36,12,2,67,2747,410
23620,"Gainesville, TX",2023-01-01,16,26,14,1,57,2804,426
23620,"Gainesville, TX",2023-02-01,17,29,24,0,70,2874,443
23620,"Gainesville, TX",2023-03-01,22,40,26,3,91,2965,465
23620,"Gainesville, TX",2023-04-01,13,37,9,2,61,3026,478
23620,"Gainesville, TX",2023-05-01,12,23,12,2,49,3075,490
23620,"Gainesville, TX",2023-06-01,8,17,10,0,35,3110,498
23620,"Gainesville, TX",2023-07-01,12,18,6,1,37,3147,510
23620,"Gainesville, TX",2023-08-01,10,25,10,0,45,3192,520
23620,"Gainesville, TX",2023-09-01,20,34,14,3,71,3263,540
23620,"Gainesville, TX",2023-10-01,15,34,11,1,61,3324,555
23620,"Gainesville, TX",2023-11-01,17,41,14,2,74,3398,572
23620,"Gainesville, TX",2023-12-01,24,40,17,1,82,3480,596
23620,"Gainesville, TX",2024-01-01,22,41,20,3,86,3566,618
23620,"Gainesville, TX",2024-02-01,18,27,20,1,66,3632,636
23620,"Gainesville, TX",2024-03-01,18,32,13,1,64,3696,654
23620,"Gainesville, TX",2024-04-01,23,45,12,0,80,3776,677
23620,"Gainesville, TX",2024-05-01,28,26,10,0,64,3840,705
23620,"Gainesville, TX",2024-06-01,11,25,7,0,43,3883,716
23620,"Gainesville, TX",2024-07-01,8,31,7,1,47,3930,724
23620,"Gainesville, TX",2024-08-01,7,33,14,1,55,3985,731
23620,"Gainesville, TX",2024-09-01,14,35,8,1,58,4043,745
23620,"Gainesville, TX",2024-10-01,18,39,10,1,68,4111,763
23620,"Gainesville, TX",2024-11-01,23,36,5,2,66,4177,786
23620,"Gainesville, TX",2024-12-01,19,38,13,0,70,4247,805
23620,"Gainesville, TX",2025-01-01,19,32,20,1,72,4319,824
23620,"Gainesville, TX",2025-02-01,12,22,8,0,42,4361,836
23620,"Gainesville, TX",2025-03-01,16,27,13,2,58,4419,852
23620,"Gainesville, TX",2025-04-01,23,37,11,0,71,4490,875
23620,"Gainesville, TX",2025-05-01,19,37,11,2,69,4559,894
23620,"Gainesville, TX",2025-06-01,13,35,5,0,53,4612,907
23620,"Gainesville, TX",2025-07-01,15,32,10,2,59,4671,922
23620,"Gainesville, TX",2025-08-01,15,19,9,1,44,4715,937
31680,"Malvern, AR",2019-04-01,0,0,0,1,1,1,0
31680,"Malvern, AR",2019-05-01,0,1,0,0,1,2,0
31680,"Malvern, AR",2019-06-01,0,1,0,0,1,3,0
31680,"Malvern, AR",2019-07-01,0,3,1,0,4,7,0
31680,"Malvern, AR",2019-08-01,0,2,0,0,2,9,0
31680,"Malvern, AR",2019-09-01,0,3,0,0,3,12,0
31680,"Malvern, AR",2019-10-01,0,2,0,0,2,14,0
31680,"Malvern, AR",2019-11-01,0,2,0,0,2,16,0
31680,"Malvern, AR",2019-12-01,0,1,1,1,3,19,0
31680,"Malvern, AR",2020-01-01,0,1,2,0,3,22,0
31680,"Malvern, AR",2020-02-01,1,2,0,0,3,25,1
31680,"Malvern, AR",2020-03-01,0,4,0,0,4,29,1
31680,"Malvern, AR",2020-04-01,0,4,1,0,5,34,1
31680,"Malvern, AR",2020-05-01,3,6,1,0,10,44,4
31680,"Malvern, AR",2020-06-01,0,2,1,1,4,48,4
31680,"Malvern, AR",2020-07-01,0,6,2,0,8,56,4
31680,"Malvern, AR",2020-08-01,2,4,3,0,9,65,6
31680,"Malvern, AR",2020-09-01,0,6,2,0,8,73,6
31680,"Malvern, AR",2020-10-01,2,2,1,0,5,78,8
31680,"Malvern, AR",2020-11-01,0,2,1,0,3,81,8
31680,"Malvern, AR",2020-12-01,1,5,3,0,9,90,9
31680,"Malvern, AR",2021-01-01,3,7,3,0,13,103,12
31680,"Malvern, AR",2021-02-01,4,4,2,0,10,113,16
31680,"Malvern, AR",2021-03-01,2,7,3,0,12,125,18
31680,"Malvern, AR",2021-04-01,3,17,5,0,25,150,21
31680,"Malvern, AR",2021-05-01,5,24,3,0,32,182,26
31680,"Malvern, AR",2021-06-01,3,32,3,1,39,221,29
31680,"Malvern, AR",2021-07-01,5,20,4,0,29,250,34
31680,"Malvern, AR",2021-08-01,11,23,4,0,38,288,45
31680,"Malvern, AR",2021-09-01,5,16,11,0,32,320,50
31680,"Malvern, AR",2021-10-01,4,15,5,1,25,345,54
31680,"Malvern, AR",2021-11-01,3,15,8,0,26,371,57
31680,"Malvern, AR",2021-12-01,6,14,5,0,25,396,63
31680,"Malvern, AR",2022-01-01,15,26,6,0,47,443,78
31680,"Malvern, AR",2022-02-01,3,15,6,0,24,467,81
31680,"Malvern, AR",2022-03-01,5,19,7,2,33,500,86
31680,"Malvern, AR",2022-04-01,8,26,8,0,42,542,94
31680,"Malvern, AR",2022-05-01,7,17,7,1,32,574,101
31680,"Malvern, AR",2022-06-01,4,19,6,0,29,603,105
31680,"Malvern, AR",2022-07-01,0,11,5,1,17,620,105
31680,"Malvern, AR",2022-08-01,7,22,5,0,34,654,112
31680,"Malvern, AR",2022-09-01,6,14,4,0,24,678,118
31680,"Malvern, AR",2022-10-01,5,9,7,0,21,699,123
31680,"Malvern, AR",2022-11-01,13,22,9,1,45,744,136
31680,"Malvern, AR",2022-12-01,9,10,7,0,26,770,145
31680,"Malvern, AR",2023-01-01,6,16,5,1,28,798,151
31680,"Malvern, AR",2023-02-01,12,13,9,3,37,835,163
31680,"Malvern, AR",2023-03-01,11,24,10,0,45,880,174
31680,"Malvern, AR",2023-04-01,11,26,6,2,45,925,185
31680,"Malvern, AR",2023-05-01,7,19,7,0,33,958,192
31680,"Malvern, AR",2023-06-01,9,9,8,0,26,984,201
31680,"Malvern, AR",2023-07-01,7,11,3,0,21,1005,208
31680,"Malvern, AR",2023-08-01,13,11,7,0,31,1036,221
31680,"Malvern, AR",2023-09-01,10,17,4,1,32,1068,231
31680,"Malvern, AR",2023-10-01,8,17,6,0,31,1099,239
31680,"Malvern, AR",2023-11-01,8,13,11,0,32,1131,247
31680,"Malvern, AR",2023-12-01,16,26,5,1,48,1179,263
31680,"Malvern, AR",2024-01-01,9,24,5,0,38,1217,272
31680,"Malvern, AR",2024-02-01,10,19,4,3,36,1253,282
31680,"Malvern, AR",2024-03-01,8,20,7,0,35,1288,290
31680,"Malvern, AR",2024-04-01,8,20,1,2,31,1319,298
31680,"Malvern, AR",2024-05-01,11,17,1,0,29,1348,309
31680,"Malvern, AR",2024-06-01,17,19,8,1,45,1393,326
31680,"Malvern, AR",2024-07-01,7,15,7,0,29,1422,333
31680,"Malvern, AR",2024-08-01,11,10,4,1,26,1448,344
31680,"Malvern, AR",2024-09-01,11,9,7,2,29,1477,355
31680,"Malvern, AR",2024-10-01,10,20,4,0,34,1511,365
31680,"Malvern, AR",2024-11-01,14,15,8,2,39,1550,379
31680,"Malvern, AR",2024-12-01,14,12,6,2,34,1584,393
31680,"Malvern, AR",2025-01-01,19,21,3,1,44,1628,412
31680,"Malvern, AR",2025-02-01,17,18,6,1,42,1670,429
31680,"Malvern, AR",2025-03-01,23,13,12,2,50,1720,452
31680,"Malvern, AR",2025-04-01,19,14,9,2,44,1764,471
31680,"Malvern, AR",2025-05-01,8,17,3,0,28,1792,479
31680,"Malvern, AR",2025-06-01,15,16,11,2,44,1836,494
31680,"Malvern, AR",2025-07-01,15,12,7,2,36,1872,509
31680,"Malvern, AR",2025-08-01,5,14,6,0,25,1897,514
31620,"Magnolia, AR",2019-01-01,0,1,0,0,1,1,0
31620,"Magnolia, AR",2019-05-01,0,3,0,0,3,4,0
31620,"Magnolia, AR",2019-07-01,0,0,1,0,1,5,0
31620,"Magnolia, AR",2019-09-01,1,2,0,0,3,8,1
31620,"Magnolia, AR",2019-10-01,0,2,0,0,2,10,1
31620,"Magnolia, AR",2019-11-01,0,1,0,0,1,11,1
31620,"Magnolia, AR",2020-02-01,0,1,0,0,1,12,1
31620,"Magnolia, AR",2020-03-01,1,0,0,0,1,13,2
31620,"Magnolia, AR",2020-04-01,0,4,0,0,4,17,2
31620,"Magnolia, AR",2020-05-01,3,3,1,0,7,24,5
31620,"Magnolia, AR",2020-06-01,1,2,0,0,3,27,6
31620,"Magnolia, AR",2020-07-01,1,1,2,0,4,31,7
31620,"Magnolia, AR",2020-08-01,0,3,0,1,4,35,7
31620,"Magnolia, AR",2020-09-01,2,4,0,0,6,41,9
31620,"Magnolia, AR",2020-10-01,1,2,1,0,4,45,10
31620,"Magnolia, AR",2020-12-01,1,4,1,0,6,51,11
31620,"Magnolia, AR",2021-01-01,2,1,2,0,5,56,13
31620,"Magnolia, AR",2021-02-01,0,2,0,0,2,58,13
31620,"Magnolia, AR",2021-03-01,3,3,2,0,8,66,16
31620,"Magnolia, AR",2021-04-01,1,5,0,0,6,72,17
31620,"Magnolia, AR",2021-05-01,9,10,2,0,21,93,26
31620,"Magnolia, AR",2021-06-01,8,16,4,0,28,121,34
31620,"Magnolia, AR",2021-07-01,5,11,3,0,19,140,39
31620,"Magnolia, AR",2021-08-01,5,9,0,0,14,154,44
31620,"Magnolia, AR",2021-09-01,1,8,3,0,12,166,45
31620,"Magnolia, AR",2021-10-01,8,10,1,0,19,185,53
31620,"Magnolia, AR",2021-11-01,1,8,4,0,13,198,54
31620,"Magnolia, AR",2021-12-01,5,8,0,0,13,211,59
31620,"Magnolia, AR",2022-01-01,5,4,1,0,10,221,64
31620,"Magnolia, AR",2022-02-01,8,6,4,1,19,240,72
31620,"Magnolia, AR",2022-03-01,7,8,5,0,20,260,79
31620,"Magnolia, AR",2022-04-01,3,10,2,0,15,275,82
31620,"Magnolia, AR",2022-05-01,4,3,2,0,9,284,86
31620,"Magnolia, AR",2022-06-01,7,8,2,0,17,301,93
31620,"Magnolia, AR",2022-07-01,4,6,1,0,11,312,97
31620,"Magnolia, AR",2022-08-01,4,4,0,0,8,320,101
31620,"Magnolia, AR",2022-09-01,8,7,3,0,18,338,109
31620,"Magnolia, AR",2022-10-01,8,8,2,0,18,356,117
31620,"Magnolia, AR",2022-11-01,13,10,2,0,25,381,130
31620,"Magnolia, AR",2022-12-01,7,9,2,0,18,399,137
31620,"Magnolia, AR",2023-01-01,10,9,4,0,23,422,147
31620,"Magnolia, AR",2023-02-01,20,10,2,0,32,454,167
31620,"Magnolia, AR",2023-03-01,9,17,0,0,26,480,176
31620,"Magnolia, AR",2023-04-01,11,10,5,0,26,506,187
31620,"Magnolia, AR",2023-05-01,8,8,0,0,16,522,195
31620,"Magnolia, AR",2023-06-01,5,14,3,0,22,544,200
31620,"Magnolia, AR",2023-07-01,10,8,3,1,22,566,210
31620,"Magnolia, AR",2023-08-01,9,6,3,0,18,584,219
31620,"Magnolia, AR",2023-09-01,10,3,1,1,15,599,229
31620,"Magnolia, AR",2023-10-01,6,6,0,1,13,612,235
31620,"Magnolia, AR",2023-11-01,13,10,1,0,24,636,248
31620,"Magnolia, AR",2023-12-01,12,4,3,0,19,655,260
31620,"Magnolia, AR",2024-01-01,15,10,3,0,28,683,275
31620,"Magnolia, AR",2024-02-01,10,8,2,0,20,703,285
31620,"Magnolia, AR",2024-03-01,13,5,1,0,19,722,298
31620,"Magnolia, AR",2024-04-01,9,5,1,0,15,737,307
31620,"Magnolia, AR",2024-05-01,2,4,4,0,10,747,309
31620,"Magnolia, AR",2024-06-01,3,3,1,0,7,754,312
31620,"Magnolia, AR",2024-07-01,6,0,5,0,11,765,318
31620,"Magnolia, AR",2024-08-01,3,3,1,0,7,772,321
31620,"Magnolia, AR",2024-09-01,8,9,0,0,17,789,329
31620,"Magnolia, AR",2024-10-01,12,7,5,0,24,813,341
31620,"Magnolia, AR",2024-11-01,8,10,3,0,21,834,349
31620,"Magnolia, AR",2024-12-01,9,10,4,1,24,858,358
31620,"Magnolia, AR",2025-01-01,11,10,3,0,24,882,369
31620,"Magnolia, AR",2025-02-01,10,4,1,0,15,897,379
31620,"Magnolia, AR",2025-03-01,11,8,6,0,25,922,390
31620,"Magnolia, AR",2025-04-01,15,9,0,0,24,946,405
31620,"Magnolia, AR",2025-05-01,9,8,2,1,20,966,414
31620,"Magnolia, AR",2025-06-01,16,6,2,1,25,991,430
31620,"Magnolia, AR",2025-07-01,9,8,5,0,22,1013,439
31620,"Magnolia, AR",2025-08-01,8,3,0,2,13,1026,447
38700,"Pontiac, IL",2019-01-01,0,1,0,0,1,1,0
38700,"Pontiac, IL",2019-04-01,0,0,1,0,1,2,0
38700,"Pontiac, IL",2019-05-01,0,2,1,1,4,6,0
38700,"Pontiac, IL",2019-07-01,0,4,0,0,4,10,0
38700,"Pontiac, IL",2019-08-01,0,1,0,0,1,11,0
38700,"Pontiac, IL",2019-09-01,0,4,0,0,4,15,0
38700,"Pontiac, IL",2019-11-01,0,1,0,0,1,16,0
38700,"Pontiac, IL",2019-12-01,1,1,0,0,2,18,1
38700,"Pontiac, IL",2020-02-01,0,2,1,0,3,21,1
38700,"Pontiac, IL",2020-03-01,0,0,1,0,1,22,1
38700,"Pontiac, IL",2020-04-01,0,4,0,0,4,26,1
38700,"Pontiac, IL",2020-05-01,0,2,1,0,3,29,1
38700,"Pontiac, IL",2020-06-01,2,3,2,0,7,36,3
38700,"Pontiac, IL",2020-07-01,1,1,0,0,2,38,4
38700,"Pontiac, IL",2020-08-01,2,6,0,0,8,46,6
38700,"Pontiac, IL",2020-09-01,1,2,0,0,3,49,7
38700,"Pontiac, IL",2020-10-01,0,4,2,0,6,55,7
38700,"Pontiac, IL",2020-11-01,0,2,0,0,2,57,7
38700,"Pontiac, IL",2020-12-01,2,1,1,0,4,61,9
38700,"Pontiac, IL",2021-01-01,0,7,4,0,11,72,9
38700,"Pontiac, IL",2021-02-01,2,2,1,0,5,77,11
38700,"Pontiac, IL",2021-03-01,2,5,0,0,7,84,13
38700,"Pontiac, IL",2021-04-01,3,5,2,0,10,94,16
38700,"Pontiac, IL",2021-05-01,1,10,1,0,12,106,17
38700,"Pontiac, IL",2021-06-01,5,8,5,0,18,124,22
38700,"Pontiac, IL",2021-07-01,10,9,3,0,22,146,32
38700,"Pontiac, IL",2021-08-01,9,19,7,0,35,181,41
38700,"Pontiac, IL",2021-09-01,4,9,1,0,14,195,45
38700,"Pontiac, IL",2021-10-01,4,15,6,0,25,220,49
38700,"Pontiac, IL",2021-11-01,3,15,3,0,21,241,52
38700,"Pontiac, IL",2021-12-01,6,8,8,0,22,263,58
38700,"Pontiac, IL",2022-01-01,12,19,3,0,34,297,70
38700,"Pontiac, IL",2022-02-01,6,10,2,0,18,315,76
38700,"Pontiac, IL",2022-03-01,6,17,2,0,25,340,82
38700,"Pontiac, IL",2022-04-01,3,19,5,0,27,367,85
38700,"Pontiac, IL",2022-05-01,4,7,4,0,15,382,89
38700,"Pontiac, IL",2022-06-01,3,9,1,0,13,395,92
38700,"Pontiac, IL",2022-07-01,0,11,4,0,15,410,92
38700,"Pontiac, IL",2022-08-01,1,5,1,0,7,417,93
38700,"Pontiac, IL",2022-09-01,4,11,6,0,21,438,97
38700,"Pontiac, IL",2022-10-01,1,8,4,0,13,451,98
38700,"Pontiac, IL",2022-11-01,2,6,5,0,13,464,100
38700,"Pontiac, IL",2022-12-01,8,10,2,0,20,484,108
38700,"Pontiac, IL",2023-01-01,4,10,5,2,21,505,112
38700,"Pontiac, IL",2023-02-01,4,9,4,0,17,522,116
38700,"Pontiac, IL",2023-03-01,10,18,4,0,32,554,126
38700,"Pontiac, IL",2023-04-01,5,6,5,0,16,570,131
38700,"Pontiac, IL",2023-05-01,5,5,4,0,14,584,136
38700,"Pontiac, IL",2023-06-01,0,7,5,0,12,596,136
38700,"Pontiac, IL",2023-07-01,1,8,1,1,11,607,137
38700,"Pontiac, IL",2023-08-01,7,17,2,0,26,633,144
38700,"Pontiac, IL",2023-09-01,9,5,1,1,16,649,153
38700,"Pontiac, IL",2023-10-01,5,9,4,0,18,667,158
38700,"Pontiac, IL",2023-11-01,10,7,3,0,20,687,168
38700,"Pontiac, IL",2023-12-01,5,10,3,0,18,705,173
38700,"Pontiac, IL",2024-01-01,6,6,1,0,13,718,179
38700,"Pontiac, IL",2024-02-01,3,9,3,0,15,733,182
38700,"Pontiac, IL",2024-03-01,6,12,7,0,25,758,188
38700,"Pontiac, IL",2024-04-01,3,9,4,0,16,774,191
38700,"Pontiac, IL",2024-05-01,6,10,3,0,19,793,197
38700,"Pontiac, IL",2024-06-01,5,11,2,0,18,811,202
38700,"Pontiac, IL",2024-07-01,1,7,3,0,11,822,203
38700,"Pontiac, IL",2024-08-01,4,3,2,0,9,831,207
38700,"Pontiac, IL",2024-09-01,4,3,4,0,11,842,211
38700,"Pontiac, IL",2024-10-01,4,8,4,0,16,858,215
38700,"Pontiac, IL",2024-11-01,7,11,2,0,20,878,222
38700,"Pontiac, IL",2024-12-01,8,11,1,0,20,898,230
38700,"Pontiac, IL",2025-01-01,13,12,8,0,33,931,243
38700,"Pontiac, IL",2025-02-01,8,6,3,0,17,948,251
38700,"Pontiac, IL",2025-03-01,7,6,3,0,16,964,258
38700,"Pontiac, IL",2025-04-01,5,9,1,0,15,979,263
38700,"Pontiac, IL",2025-05-01,5,10,1,1,17,996,268
38700,"Pontiac, IL",2025-06-01,6,6,1,0,13,1009,274
38700,"Pontiac, IL",2025-07-01,6,6,2,1,15,1024,280
38700,"Pontiac, IL",2025-08-01,7,3,1,0,11,1035,287
34680,"Murrells Inlet, SC",2019-01-01,0,24,8,2,34,34,0
34680,"Murrells Inlet, SC",2019-02-01,0,24,7,1,32,66,0
34680,"Murrells Inlet, SC",2019-03-01,0,32,8,1,41,107,0
34680,"Murrells Inlet, SC",2019-04-01,0,37,9,3,49,156,0
34680,"Murrells Inlet, SC",2019-05-01,3,47,8,0,58,214,3
34680,"Murrells Inlet, SC",2019-06-01,1,28,5,0,34,248,4
34680,"Murrells Inlet, SC",2019-07-01,0,40,9,2,51,299,4
34680,"Murrells Inlet, SC",2019-08-01,5,39,10,3,57,356,9
34680,"Murrells Inlet, SC",2019-09-01,1,30,7,0,38,394,10
34680,"Murrells Inlet, SC",2019-10-01,1,8,7,1,17,411,11
34680,"Murrells Inlet, SC",2019-11-01,3,20,9,0,32,443,14
34680,"Murrells Inlet, SC",2019-12-01,4,17,9,2,32,475,18
34680,"Murrells Inlet, SC",2020-01-01,4,17,10,3,34,509,22
34680,"Murrells Inlet, SC",2020-02-01,4,17,10,2,33,542,26
34680,"Murrells Inlet, SC",2020-03-01,5,23,13,1,42,584,31
34680,"Murrells Inlet, SC",2020-04-01,14,44,21,4,83,667,45
34680,"Murrells Inlet, SC",2020-05-01,31,112,30,4,177,844,76
34680,"Murrells Inlet, SC",2020-06-01,29,88,26,5,148,992,105
34680,"Murrells Inlet, SC",2020-07-01,29,77,33,4,143,1135,134
34680,"Murrells Inlet, SC",2020-08-01,34,94,38,10,176,1311,168
34680,"Murrells Inlet, SC",2020-09-01,20,76,28,5,129,1440,188
34680,"Murrells Inlet, SC",2020-10-01,10,38,10,1,59,1499,198
34680,"Murrells Inlet, SC",2020-11-01,13,26,6,0,45,1544,211
34680,"Murrells Inlet, SC",2020-12-01,16,26,9,1,52,1596,227
34680,"Murrells Inlet, SC",2021-01-01,28,77,19,4,128,1724,255
34680,"Murrells Inlet, SC",2021-02-01,16,54,15,3,88,1812,271
34680,"Murrells Inlet, SC",2021-03-01,44,109,34,7,194,2006,315
34680,"Murrells Inlet, SC",2021-04-01,45,117,36,6,204,2210,360
34680,"Murrells Inlet, SC",2021-05-01,51,126,52,8,237,2447,411
34680,"Murrells Inlet, SC",2021-06-01,35,129,47,5,216,2663,446
34680,"Murrells Inlet, SC",2021-07-01,27,134,56,4,221,2884,473
34680,"Murrells Inlet, SC",2021-08-01,34,139,42,8,223,3107,507
34680,"Murrells Inlet, SC",2021-09-01,29,109,50,9,197,3304,536
34680,"Murrells Inlet, SC",2021-10-01,15,42,17,1,75,3379,551
34680,"Murrells Inlet, SC",2021-11-01,16,34,12,2,64,3443,567
34680,"Murrells Inlet, SC",2021-12-01,24,48,14,2,88,3531,591
34680,"Murrells Inlet, SC",2022-01-01,24,66,17,2,109,3640,615
34680,"Murrells Inlet, SC",2022-02-01,30,59,30,2,121,3761,645
34680,"Murrells Inlet, SC",2022-03-01,40,90,41,7,178,3939,685
34680,"Murrells Inlet, SC",2022-04-01,27,91,43,2,163,4102,712
34680,"Murrells Inlet, SC",2022-05-01,41,89,37,4,171,4273,753
34680,"Murrells Inlet, SC",2022-06-01,44,78,43,5,170,4443,797
34680,"Murrells Inlet, SC",2022-07-01,49,101,42,2,194,4637,846
34680,"Murrells Inlet, SC",2022-08-01,42,90,53,4,189,4826,888
34680,"Murrells Inlet, SC",2022-09-01,31,76,30,7,144,4970,919
34680,"Murrells Inlet, SC",2022-10-01,29,68,31,3,131,5101,948
34680,"Murrells Inlet, SC",2022-11-01,26,64,28,2,120,5221,974
34680,"Murrells Inlet, SC",2022-12-01,29,56,39,3,127,5348,1003
34680,"Murrells Inlet, SC",2023-01-01,32,71,37,4,144,5492,1035
34680,"Murrells Inlet, SC",2023-02-01,39,52,28,3,122,5614,1074
34680,"Murrells Inlet, SC",2023-03-01,39,74,27,6,146,5760,1113
34680,"Murrells Inlet, SC",2023-04-01,30,76,24,3,133,5893,1143
34680,"Murrells Inlet, SC",2023-05-01,17,53,20,2,92,5985,1160
34680,"Murrells Inlet, SC",2023-06-01,48,91,39,5,183,6168,1208
34680,"Murrells Inlet, SC",2023-07-01,41,85,35,7,168,6336,1249
34680,"Murrells Inlet, SC",2023-08-01,16,66,26,6,114,6450,1265
34680,"Murrells Inlet, SC",2023-09-01,19,52,8,2,81,6531,1284
34680,"Murrells Inlet, SC",2023-10-01,27,47,26,6,106,6637,1311
34680,"Murrells Inlet, SC",2023-11-01,23,40,22,5,90,6727,1334
34680,"Murrells Inlet, SC",2023-12-01,30,34,19,3,86,6813,1364
34680,"Murrells Inlet, SC",2024-01-01,42,54,21,3,120,6933,1406
34680,"Murrells Inlet, SC",2024-02-01,48,51,35,8,142,7075,1454
34680,"Murrells Inlet, SC",2024-03-01,37,73,32,2,144,7219,1491
34680,"Murrells Inlet, SC",2024-04-01,32,66,21,1,120,7339,1523
34680,"Murrells Inlet, SC",2024-05-01,58,79,23,1,161,7500,1581
34680,"Murrells Inlet, SC",2024-06-01,65,63,26,5,159,7659,1646
34680,"Murrells Inlet, SC",2024-07-01,59,75,23,4,161,7820,1705
34680,"Murrells Inlet, SC",2024-08-01,46,89,32,7,174,7994,1751
34680,"Murrells Inlet, SC",2024-09-01,54,64,36,4,158,8152,1805
34680,"Murrells Inlet, SC",2024-10-01,45,78,35,4,162,8314,1850
34680,"Murrells Inlet, SC",2024-11-01,47,77,32,2,158,8472,1897
34680,"Murrells Inlet, SC",2024-12-01,84,58,39,3,184,8656,1981
34680,"Murrells Inlet, SC",2025-01-01,58,81,38,5,182,8838,2039
34680,"Murrells Inlet, SC",2025-02-01,55,56,16,7,134,8972,2094
34680,"Murrells Inlet, SC",2025-03-01,50,69,26,4,149,9121,2144
34680,"Murrells Inlet, SC",2025-04-01,53,73,23,8,157,9278,2197
34680,"Murrells Inlet, SC",2025-05-01,72,86,37,3,198,9476,2269
34680,"Murrells Inlet, SC",2025-06-01,68,92,39,8,207,9683,2337
34680,"Murrells Inlet, SC",2025-07-01,49,73,30,2,154,9837,2386
34680,"Murrells Inlet, SC",2025-08-01,34,44,20,2,100,9937,2420
23240,"Fredericksburg, TX",2019-02-01,0,1,0,0,1,1,0
23240,"Fredericksburg, TX",2019-03-01,0,0,1,0,1,2,0
23240,"Fredericksburg, TX",2019-04-01,0,2,1,1,4,6,0
23240,"Fredericksburg, TX",2019-05-01,0,2,1,0,3,9,0
23240,"Fredericksburg, TX",2019-06-01,0,2,0,0,2,11,0
23240,"Fredericksburg, TX",2019-07-01,0,3,0,0,3,14,0
23240,"Fredericksburg, TX",2019-08-01,0,2,1,0,3,17,0
23240,"Fredericksburg, TX",2019-09-01,0,3,3,0,6,23,0
23240,"Fredericksburg, TX",2019-10-01,2,0,2,0,4,27,2
23240,"Fredericksburg, TX",2019-11-01,0,3,1,0,4,31,2
23240,"Fredericksburg, TX",2020-01-01,0,0,1,0,1,32,2
23240,"Fredericksburg, TX",2020-02-01,0,1,0,1,2,34,2
23240,"Fredericksburg, TX",2020-03-01,1,4,1,0,6,40,3
23240,"Fredericksburg, TX",2020-04-01,0,8,4,1,13,53,3
23240,"Fredericksburg, TX",2020-05-01,2,6,3,0,11,64,5
23240,"Fredericksburg, TX",2020-06-01,0,2,1,0,3,67,5
23240,"Fredericksburg, TX",2020-07-01,1,8,2,0,11,78,6
23240,"Fredericksburg, TX",2020-08-01,1,7,4,0,12,90,7
23240,"Fredericksburg, TX",2020-09-01,2,5,1,0,8,98,9
23240,"Fredericksburg, TX",2020-10-01,0,3,1,0,4,102,9
23240,"Fredericksburg, TX",2020-11-01,0,2,0,0,2,104,9
23240,"Fredericksburg, TX",2020-12-01,2,5,3,0,10,114,11
23240,"Fredericksburg, TX",2021-01-01,2,10,1,0,13,127,13
23240,"Fredericksburg, TX",2021-02-01,4,6,3,0,13,140,17
23240,"Fredericksburg, TX",2021-03-01,6,12,1,0,19,159,23
23240,"Fredericksburg, TX",2021-04-01,0,6,3,0,9,168,23
23240,"Fredericksburg, TX",2021-05-01,3,11,7,1,22,190,26
23240,"Fredericksburg, TX",2021-06-01,3,12,4,0,19,209,29
23240,"Fredericksburg, TX",2021-07-01,1,13,2,0,16,225,30
23240,"Fredericksburg, TX",2021-08-01,3,14,3,0,20,245,33
23240,"Fredericksburg, TX",2021-09-01,3,15,9,0,27,272,36
23240,"Fredericksburg, TX",2021-10-01,4,7,2,0,13,285,40
23240,"Fredericksburg, TX",2021-11-01,3,2,4,0,9,294,43
23240,"Fredericksburg, TX",2021-12-01,2,8,1,1,12,306,45
23240,"Fredericksburg, TX",2022-01-01,3,16,4,0,23,329,48
23240,"Fredericksburg, TX",2022-02-01,2,7,2,0,11,340,50
23240,"Fredericksburg, TX",2022-03-01,4,11,3,0,18,358,54
23240,"Fredericksburg, TX",2022-04-01,4,14,4,0,22,380,58
23240,"Fredericksburg, TX",2022-05-01,4,13,4,0,21,401,62
23240,"Fredericksburg, TX",2022-06-01,7,11,6,0,24,425,69
23240,"Fredericksburg, TX",2022-07-01,2,13,5,0,20,445,71
23240,"Fredericksburg, TX",2022-08-01,3,9,6,3,21,466,74
23240,"Fredericksburg, TX",2022-09-01,4,14,4,1,23,489,78
23240,"Fredericksburg, TX",2022-10-01,4,11,3,1,19,508,82
23240,"Fredericksburg, TX",2022-11-01,3,12,5,1,21,529,85
23240,"Fredericksburg, TX",2022-12-01,2,9,6,0,17,546,87
23240,"Fredericksburg, TX",2023-01-01,4,10,3,0,17,563,91
23240,"Fredericksburg, TX",2023-02-01,6,8,4,1,19,582,97
23240,"Fredericksburg, TX",2023-03-01,6,7,6,1,20,602,103
23240,"Fredericksburg, TX",2023-04-01,1,10,3,1,15,617,104
23240,"Fredericksburg, TX",2023-05-01,6,11,2,5,24,641,110
23240,"Fredericksburg, TX",2023-06-01,10,7,2,0,19,660,120
23240,"Fredericksburg, TX",2023-07-01,8,8,2,0,18,678,128
23240,"Fredericksburg, TX",2023-08-01,3,5,5,1,14,692,131
23240,"Fredericksburg, TX",2023-09-01,5,9,3,0,17,709,136
23240,"Fredericksburg, TX",2023-10-01,0,11,2,0,13,722,136
23240,"Fredericksburg, TX",2023-11-01,5,12,3,0,20,742,141
23240,"Fredericksburg, TX",2023-12-01,8,10,5,0,23,765,149
23240,"Fredericksburg, TX",2024-01-01,9,12,4,2,27,792,158
23240,"Fredericksburg, TX",2024-02-01,4,11,4,0,19,811,162
23240,"Fredericksburg, TX",2024-03-01,9,6,3,0,18,829,171
23240,"Fredericksburg, TX",2024-04-01,5,8,6,0,19,848,176
23240,"Fredericksburg, TX",2024-05-01,5,8,1,0,14,862,181
23240,"Fredericksburg, TX",2024-06-01,8,10,8,2,28,890,189
23240,"Fredericksburg, TX",2024-07-01,6,13,5,0,24,914,195
23240,"Fredericksburg, TX",2024-08-01,3,6,2,0,11,925,198
23240,"Fredericksburg, TX",2024-09-01,4,5,1,1,11,936,202
23240,"Fredericksburg, TX",2024-10-01,11,16,0,0,27,963,213
23240,"Fredericksburg, TX",2024-11-01,5,15,4,1,25,988,218
23240,"Fredericksburg, TX",2024-12-01,11,15,1,0,27,1015,229
23240,"Fredericksburg, TX",2025-01-01,5,16,7,0,28,1043,234
23240,"Fredericksburg, TX",2025-02-01,9,10,7,0,26,1069,243
23240,"Fredericksburg, TX",2025-03-01,5,8,3,0,16,1085,248
23240,"Fredericksburg, TX",2025-04-01,4,15,3,0,22,1107,252
23240,"Fredericksburg, TX",2025-05-01,8,9,1,2,20,1127,260
23240,"Fredericksburg, TX",2025-06-01,6,9,7,0,22,1149,266
23240,"Fredericksburg, TX",2025-07-01,9,8,6,0,23,1172,275
23240,"Fredericksburg, TX",2025-08-01,7,6,1,0,14,1186,282
18980,"Cullman, AL",2019-01-01,0,1,2,0,3,3,0
18980,"Cullman, AL",2019-03-01,0,2,3,0,5,8,0
18980,"Cullman, AL",2019-04-01,1,2,1,0,4,12,1
18980,"Cullman, AL",2019-05-01,0,7,2,0,9,21,1
18980,"Cullman, AL",2019-06-01,0,10,1,0,11,32,1
18980,"Cullman, AL",2019-07-01,2,10,3,0,15,47,3
18980,"Cullman, AL",2019-08-01,0,16,6,0,22,69,3
18980,"Cullman, AL",2019-09-01,0,10,3,0,13,82,3
18980,"Cullman, AL",2019-10-01,0,8,5,1,14,96,3
18980,"Cullman, AL",2019-11-01,0,14,3,0,17,113,3
18980,"Cullman, AL",2019-12-01,1,8,5,0,14,127,4
18980,"Cullman, AL",2020-01-01,0,12,2,0,14,141,4
18980,"Cullman, AL",2020-02-01,3,10,4,0,17,158,7
18980,"Cullman, AL",2020-03-01,1,16,8,0,25,183,8
18980,"Cullman, AL",2020-04-01,4,25,7,0,36,219,12
18980,"Cullman, AL",2020-05-01,14,37,7,0,58,277,26
18980,"Cullman, AL",2020-06-01,11,35,5,1,52,329,37
18980,"Cullman, AL",2020-07-01,7,38,12,0,57,386,44
18980,"Cullman, AL",2020-08-01,10,37,10,1,58,444,54
18980,"Cullman, AL",2020-09-01,12,33,9,0,54,498,66
18980,"Cullman, AL",2020-10-01,8,23,5,0,36,534,74
18980,"Cullman, AL",2020-11-01,3,14,7,0,24,558,77
18980,"Cullman, AL",2020-12-01,7,9,4,0,20,578,84
18980,"Cullman, AL",2021-01-01,10,19,4,0,33,611,94
18980,"Cullman, AL",2021-02-01,7,19,4,0,30,641,101
18980,"Cullman, AL",2021-03-01,24,42,6,0,72,713,125
18980,"Cullman, AL",2021-04-01,26,57,12,1,96,809,151
18980,"Cullman, AL",2021-05-01,26,63,15,1,105,914,177
18980,"Cullman, AL",2021-06-01,20,48,10,2,80,994,197
18980,"Cullman, AL",2021-07-01,22,62,5,1,90,1084,219
18980,"Cullman, AL",2021-08-01,15,38,13,1,67,1151,234
18980,"Cullman, AL",2021-09-01,13,50,8,1,72,1223,247
18980,"Cullman, AL",2021-10-01,12,36,12,1,61,1284,259
18980,"Cullman, AL",2021-11-01,18,40,7,1,66,1350,277
18980,"Cullman, AL",2021-12-01,19,35,18,2,74,1424,296
18980,"Cullman, AL",2022-01-01,18,75,14,0,107,1531,314
18980,"Cullman, AL",2022-02-01,23,57,15,1,96,1627,337
18980,"Cullman, AL",2022-03-01,25,76,15,0,116,1743,362
18980,"Cullman, AL",2022-04-01,15,57,18,4,94,1837,377
18980,"Cullman, AL",2022-05-01,17,39,14,0,70,1907,394
18980,"Cullman, AL",2022-06-01,19,40,11,0,70,1977,413
18980,"Cullman, AL",2022-07-01,16,42,11,4,73,2050,429
18980,"Cullman, AL",2022-08-01,16,56,18,3,93,2143,445
18980,"Cullman, AL",2022-09-01,7,44,13,1,65,2208,452
18980,"Cullman, AL",2022-10-01,11,36,8,2,57,2265,463
18980,"Cullman, AL",2022-11-01,21,46,17,1,85,2350,484
18980,"Cullman, AL",2022-12-01,24,49,14,1,88,2438,508
18980,"Cullman, AL",2023-01-01,26,59,14,3,102,2540,534
18980,"Cullman, AL",2023-02-01,23,37,21,4,85,2625,557
18980,"Cullman, AL",2023-03-01,36,75,22,4,137,2762,593
18980,"Cullman, AL",2023-04-01,24,45,15,1,85,2847,617
18980,"Cullman, AL",2023-05-01,13,33,14,1,61,2908,630
18980,"Cullman, AL",2023-06-01,12,30,12,1,55,2963,642
18980,"Cullman, AL",2023-07-01,24,41,17,0,82,3045,666
18980,"Cullman, AL",2023-08-01,18,32,15,2,67,3112,684
18980,"Cullman, AL",2023-09-01,15,41,13,0,69,3181,699
18980,"Cullman, AL",2023-10-01,24,38,18,0,80,3261,723
18980,"Cullman, AL",2023-11-01,34,65,13,1,113,3374,757
18980,"Cullman, AL",2023-12-01,32,49,20,0,101,3475,789
18980,"Cullman, AL",2024-01-01,32,68,18,2,120,3595,821
18980,"Cullman, AL",2024-02-01,41,51,15,0,107,3702,862
18980,"Cullman, AL",2024-03-01,40,55,18,1,114,3816,902
18980,"Cullman, AL",2024-04-01,26,44,14,0,84,3900,928
18980,"Cullman, AL",2024-05-01,29,40,13,3,85,3985,957
18980,"Cullman, AL",2024-06-01,17,31,5,0,53,4038,974
18980,"Cullman, AL",2024-07-01,25,27,12,2,66,4104,999
18980,"Cullman, AL",2024-08-01,17,31,13,1,62,4166,1016
18980,"Cullman, AL",2024-09-01,19,25,8,0,52,4218,1035
18980,"Cullman, AL",2024-10-01,20,36,9,2,67,4285,1055
18980,"Cullman, AL",2024-11-01,30,36,12,2,80,4365,1085
18980,"Cullman, AL",2024-12-01,46,57,20,3,126,4491,1131
18980,"Cullman, AL",2025-01-01,37,44,13,1,95,4586,1168
18980,"Cullman, AL",2025-02-01,30,27,11,2,70,4656,1198
18980,"Cullman, AL",2025-03-01,57,42,10,1,110,4766,1255
18980,"Cullman, AL",2025-04-01,41,61,17,1,120,4886,1296
18980,"Cullman, AL",2025-05-01,49,56,11,2,118,5004,1345
18980,"Cullman, AL",2025-06-01,23,27,7,1,58,5062,1368
18980,"Cullman, AL",2025-07-01,38,34,9,3,84,5146,1406
18980,"Cullman, AL",2025-08-01,32,30,6,0,68,5214,1438
18980,"Cullman, AL",2025-09-01,1,0,0,0,1,5215,1439
49100,"Winona, MN",2019-02-01,1,0,0,0,1,1,1
49100,"Winona, MN",2019-03-01,3,1,2,0,6,7,4
49100,"Winona, MN",2019-04-01,0,4,0,0,4,11,4
49100,"Winona, MN",2019-05-01,2,2,1,1,6,17,6
49100,"Winona, MN",2019-06-01,1,1,0,0,2,19,7
49100,"Winona, MN",2019-07-01,0,2,0,0,2,21,7
49100,"Winona, MN",2019-08-01,3,0,0,0,3,24,10
49100,"Winona, MN",2019-09-01,0,4,0,0,4,28,10
49100,"Winona, MN",2019-10-01,0,5,0,0,5,33,10
49100,"Winona, MN",2019-11-01,1,6,1,0,8,41,11
49100,"Winona, MN",2019-12-01,1,0,0,0,1,42,12
49100,"Winona, MN",2020-01-01,0,1,1,0,2,44,12
49100,"Winona, MN",2020-02-01,0,1,2,0,3,47,12
49100,"Winona, MN",2020-03-01,2,7,2,0,11,58,14
49100,"Winona, MN",2020-04-01,8,8,3,0,19,77,22
49100,"Winona, MN",2020-05-01,19,8,1,0,28,105,41
49100,"Winona, MN",2020-06-01,12,13,1,0,26,131,53
49100,"Winona, MN",2020-07-01,6,7,2,0,15,146,59
49100,"Winona, MN",2020-08-01,9,7,0,0,16,162,68
49100,"Winona, MN",2020-09-01,3,14,1,0,18,180,71
49100,"Winona, MN",2020-10-01,19,32,2,1,54,234,90
49100,"Winona, MN",2020-11-01,18,26,4,1,49,283,108
49100,"Winona, MN",2020-12-01,15,34,2,0,51,334,123
49100,"Winona, MN",2021-01-01,25,44,4,1,74,408,148
49100,"Winona, MN",2021-02-01,25,32,3,1,61,469,173
49100,"Winona, MN",2021-03-01,32,31,4,0,67,536,205
49100,"Winona, MN",2021-04-01,23,24,3,0,50,586,228
49100,"Winona, MN",2021-05-01,34,34,5,0,73,659,262
49100,"Winona, MN",2021-06-01,18,25,5,0,48,707,280
49100,"Winona, MN",2021-07-01,17,27,1,0,45,752,297
49100,"Winona, MN",2021-08-01,18,29,4,0,51,803,315
49100,"Winona, MN",2021-09-01,29,24,3,1,57,860,344
49100,"Winona, MN",2021-10-01,30,25,6,1,62,922,374
49100,"Winona, MN",2021-11-01,17,31,7,1,56,978,391
49100,"Winona, MN",2021-12-01,17,21,5,1,44,1022,408
49100,"Winona, MN",2022-01-01,33,34,6,1,74,1096,441
49100,"Winona, MN",2022-02-01,30,22,9,0,61,1157,471
49100,"Winona, MN",2022-03-01,24,25,7,0,56,1213,495
49100,"Winona, MN",2022-04-01,15,25,5,1,46,1259,510
49100,"Winona, MN",2022-05-01,22,24,2,0,48,1307,532
49100,"Winona, MN",2022-06-01,27,21,1,1,50,1357,559
49100,"Winona, MN",2022-07-01,26,20,2,0,48,1405,585
49100,"Winona, MN",2022-08-01,21,24,4,1,50,1455,606
49100,"Winona, MN",2022-09-01,38,12,3,0,53,1508,644
49100,"Winona, MN",2022-10-01,35,24,5,1,65,1573,679
49100,"Winona, MN",2022-11-01,26,19,4,0,49,1622,705
49100,"Winona, MN",2022-12-01,31,20,5,1,57,1679,736
49100,"Winona, MN",2023-01-01,32,17,6,0,55,1734,768
49100,"Winona, MN",2023-02-01,34,17,4,0,55,1789,802
49100,"Winona, MN",2023-03-01,28,24,6,0,58,1847,830
49100,"Winona, MN",2023-04-01,26,14,5,1,46,1893,856
49100,"Winona, MN",2023-05-01,24,18,2,0,44,1937,880
49100,"Winona, MN",2023-06-01,15,26,4,0,45,1982,895
49100,"Winona, MN",2023-07-01,25,13,1,0,39,2021,920
49100,"Winona, MN",2023-08-01,19,20,5,0,44,2065,939
49100,"Winona, MN",2023-09-01,32,11,1,1,45,2110,971
49100,"Winona, MN",2023-10-01,30,13,1,1,45,2155,1001
49100,"Winona, MN",2023-11-01,25,13,2,1,41,2196,1026
49100,"Winona, MN",2023-12-01,24,16,4,0,44,2240,1050
49100,"Winona, MN",2024-01-01,21,15,7,0,43,2283,1071
49100,"Winona, MN",2024-02-01,23,10,6,0,39,2322,1094
49100,"Winona, MN",2024-03-01,23,11,5,0,39,2361,1117
49100,"Winona, MN",2024-04-01,17,7,3,1,28,2389,1134
49100,"Winona, MN",2024-05-01,18,16,4,0,38,2427,1152
49100,"Winona, MN",2024-06-01,16,3,4,0,23,2450,1168
49100,"Winona, MN",2024-07-01,14,7,3,0,24,2474,1182
49100,"Winona, MN",2024-08-01,3,9,4,0,16,2490,1185
49100,"Winona, MN",2024-09-01,21,7,4,0,32,2522,1206
49100,"Winona, MN",2024-10-01,26,13,2,1,42,2564,1232
49100,"Winona, MN",2024-11-01,32,8,1,0,41,2605,1264
49100,"Winona, MN",2024-12-01,29,11,4,1,45,2650,1293
49100,"Winona, MN",2025-01-01,30,10,4,1,45,2695,1323
49100,"Winona, MN",2025-02-01,19,15,6,0,40,2735,1342
49100,"Winona, MN",2025-03-01,22,13,2,0,37,2772,1364
49100,"Winona, MN",2025-04-01,33,9,4,0,46,2818,1397
49100,"Winona, MN",2025-05-01,27,16,5,0,48,2866,1424
49100,"Winona, MN",2025-06-01,29,8,4,0,41,2907,1453
49100,"Winona, MN",2025-07-01,13,8,4,0,25,2932,1466
49100,"Winona, MN",2025-08-01,17,19,0,0,36,2968,1483
49100,"Winona, MN",2025-09-01,1,0,0,0,1,2969,1484
16940,"Cheyenne, WY",2019-01-01,0,27,11,0,38,38,0
16940,"Cheyenne, WY",2019-02-01,0,31,13,1,45,83,0
16940,"Cheyenne, WY",2019-03-01,0,46,8,1,55,138,0
16940,"Cheyenne, WY",2019-04-01,2,43,14,1,60,198,2
16940,"Cheyenne, WY",2019-05-01,1,52,12,0,65,263,3
16940,"Cheyenne, WY",2019-06-01,4,63,14,2,83,346,7
16940,"Cheyenne, WY",2019-07-01,3,35,12,0,50,396,10
16940,"Cheyenne, WY",2019-08-01,5,44,13,2,64,460,15
16940,"Cheyenne, WY",2019-09-01,6,31,9,2,48,508,21
16940,"Cheyenne, WY",2019-10-01,2,31,10,1,44,552,23
16940,"Cheyenne, WY",2019-11-01,6,42,18,3,69,621,29
16940,"Cheyenne, WY",2019-12-01,8,45,8,1,62,683,37
16940,"Cheyenne, WY",2020-01-01,2,35,11,1,49,732,39
16940,"Cheyenne, WY",2020-02-01,4,43,13,0,60,792,43
16940,"Cheyenne, WY",2020-03-01,10,75,18,1,104,896,53
16940,"Cheyenne, WY",2020-04-01,28,108,22,2,160,1056,81
16940,"Cheyenne, WY",2020-05-01,31,88,25,4,148,1204,112
16940,"Cheyenne, WY",2020-06-01,8,54,10,1,73,1277,120
16940,"Cheyenne, WY",2020-07-01,18,113,9,4,144,1421,138
16940,"Cheyenne, WY",2020-08-01,24,111,25,5,165,1586,162
16940,"Cheyenne, WY",2020-09-01,36,77,15,2,130,1716,198
16940,"Cheyenne, WY",2020-10-01,14,94,23,3,134,1850,212
16940,"Cheyenne, WY",2020-11-01,15,53,15,1,84,1934,227
16940,"Cheyenne, WY",2020-12-01,16,59,8,1,84,2018,243
16940,"Cheyenne, WY",2021-01-01,20,92,15,2,129,2147,263
16940,"Cheyenne, WY",2021-02-01,15,50,10,0,75,2222,278
16940,"Cheyenne, WY",2021-03-01,28,100,21,3,152,2374,306
16940,"Cheyenne, WY",2021-04-01,32,98,27,4,161,2535,338
16940,"Cheyenne, WY",2021-05-01,45,132,33,1,211,2746,383
16940,"Cheyenne, WY",2021-06-01,32,81,15,3,131,2877,415
16940,"Cheyenne, WY",2021-07-01,31,96,29,2,158,3035,446
16940,"Cheyenne, WY",2021-08-01,24,101,16,3,144,3179,470
16940,"Cheyenne, WY",2021-09-01,26,83,15,2,126,3305,496
16940,"Cheyenne, WY",2021-10-01,22,65,15,0,102,3407,518
16940,"Cheyenne, WY",2021-11-01,24,48,18,1,91,3498,542
16940,"Cheyenne, WY",2021-12-01,31,71,15,2,119,3617,573
16940,"Cheyenne, WY",2022-01-01,36,67,20,1,124,3741,609
16940,"Cheyenne, WY",2022-02-01,36,51,21,0,108,3849,645
16940,"Cheyenne, WY",2022-03-01,34,72,17,2,125,3974,679
16940,"Cheyenne, WY",2022-04-01,16,41,13,0,70,4044,695
16940,"Cheyenne, WY",2022-05-01,30,53,10,1,94,4138,725
16940,"Cheyenne, WY",2022-06-01,20,56,24,2,102,4240,745
16940,"Cheyenne, WY",2022-07-01,23,53,12,0,88,4328,768
16940,"Cheyenne, WY",2022-08-01,39,95,28,2,164,4492,807
16940,"Cheyenne, WY",2022-09-01,39,79,22,2,142,4634,846
16940,"Cheyenne, WY",2022-10-01,43,77,26,4,150,4784,889
16940,"Cheyenne, WY",2022-11-01,41,63,15,2,121,4905,930
16940,"Cheyenne, WY",2022-12-01,46,61,25,3,135,5040,976
16940,"Cheyenne, WY",2023-01-01,36,51,13,4,104,5144,1012
16940,"Cheyenne, WY",2023-02-01,36,52,29,3,120,5264,1048
16940,"Cheyenne, WY",2023-03-01,62,94,22,3,181,5445,1110
16940,"Cheyenne, WY",2023-04-01,40,51,17,0,108,5553,1150
16940,"Cheyenne, WY",2023-05-01,32,33,20,0,85,5638,1182
16940,"Cheyenne, WY",2023-06-01,18,31,17,1,67,5705,1200
16940,"Cheyenne, WY",2023-07-01,30,31,9,2,72,5777,1230
16940,"Cheyenne, WY",2023-08-01,45,46,15,3,109,5886,1275
16940,"Cheyenne, WY",2023-09-01,28,60,17,2,107,5993,1303
16940,"Cheyenne, WY",2023-10-01,34,62,18,2,116,6109,1337
16940,"Cheyenne, WY",2023-11-01,50,50,32,0,132,6241,1387
16940,"Cheyenne, WY",2023-12-01,50,66,16,2,134,6375,1437
16940,"Cheyenne, WY",2024-01-01,51,55,29,1,136,6511,1488
16940,"Cheyenne, WY",2024-02-01,56,52,16,4,128,6639,1544
16940,"Cheyenne, WY",2024-03-01,47,54,25,4,130,6769,1591
16940,"Cheyenne, WY",2024-04-01,38,49,18,2,107,6876,1629
16940,"Cheyenne, WY",2024-05-01,45,52,10,0,107,6983,1674
16940,"Cheyenne, WY",2024-06-01,9,35,7,0,51,7034,1683
16940,"Cheyenne, WY",2024-07-01,46,47,12,1,106,7140,1729
16940,"Cheyenne, WY",2024-08-01,43,52,11,0,106,7246,1772
16940,"Cheyenne, WY",2024-09-01,43,39,6,0,88,7334,1815
16940,"Cheyenne, WY",2024-10-01,40,49,19,0,108,7442,1855
16940,"Cheyenne, WY",2024-11-01,51,65,19,2,137,7579,1906
16940,"Cheyenne, WY",2024-12-01,45,49,20,3,117,7696,1951
16940,"Cheyenne, WY",2025-01-01,61,81,22,2,166,7862,2012
16940,"Cheyenne, WY",2025-02-01,56,52,21,0,129,7991,2068
16940,"Cheyenne, WY",2025-03-01,47,77,17,1,142,8133,2115
16940,"Cheyenne, WY",2025-04-01,41,51,21,4,117,8250,2156
16940,"Cheyenne, WY",2025-05-01,52,66,8,0,126,8376,2208
16940,"Cheyenne, WY",2025-06-01,54,56,13,2,125,8501,2262
16940,"Cheyenne, WY",2025-07-01,51,53,16,0,120,8621,2313
16940,"Cheyenne, WY",2025-08-01,45,37,12,1,95,8716,2358
16940,"Cheyenne, WY",2025-09-01,2,1,0,0,3,8719,2360
22220,"Fayetteville-Springdale-Rogers, AR",2019-01-01,1,58,10,1,70,70,1
22220,"Fayetteville-Springdale-Rogers, AR",2019-02-01,2,62,16,3,83,153,3
22220,"Fayetteville-Springdale-Rogers, AR",2019-03-01,4,54,16,2,76,229,7
22220,"Fayetteville-Springdale-Rogers, AR",2019-04-01,4,53,16,1,74,303,11
22220,"Fayetteville-Springdale-Rogers, AR",2019-05-01,2,56,12,1,71,374,13
22220,"Fayetteville-Springdale-Rogers, AR",2019-06-01,5,77,11,1,94,468,18
22220,"Fayetteville-Springdale-Rogers, AR",2019-07-01,3,46,12,1,62,530,21
22220,"Fayetteville-Springdale-Rogers, AR",2019-08-01,2,63,15,1,81,611,23
22220,"Fayetteville-Springdale-Rogers, AR",2019-09-01,8,62,22,2,94,705,31
22220,"Fayetteville-Springdale-Rogers, AR",2019-10-01,15,73,12,1,101,806,46
22220,"Fayetteville-Springdale-Rogers, AR",2019-11-01,8,55,21,3,87,893,54
22220,"Fayetteville-Springdale-Rogers, AR",2019-12-01,12,39,18,3,72,965,66
22220,"Fayetteville-Springdale-Rogers, AR",2020-01-01,13,60,12,1,86,1051,79
22220,"Fayetteville-Springdale-Rogers, AR",2020-02-01,9,58,12,0,79,1130,88
22220,"Fayetteville-Springdale-Rogers, AR",2020-03-01,15,92,35,3,145,1275,103
22220,"Fayetteville-Springdale-Rogers, AR",2020-04-01,57,149,20,1,227,1502,160
22220,"Fayetteville-Springdale-Rogers, AR",2020-05-01,116,303,54,9,482,1984,276
22220,"Fayetteville-Springdale-Rogers, AR",2020-06-01,92,261,28,2,383,2367,368
22220,"Fayetteville-Springdale-Rogers, AR",2020-07-01,104,304,34,5,447,2814,472
22220,"Fayetteville-Springdale-Rogers, AR",2020-08-01,133,369,68,8,578,3392,605
22220,"Fayetteville-Springdale-Rogers, AR",2020-09-01,115,335,47,4,501,3893,720
22220,"Fayetteville-Springdale-Rogers, AR",2020-10-01,121,375,58,7,561,4454,841
22220,"Fayetteville-Springdale-Rogers, AR",2020-11-01,52,153,33,1,239,4693,893
22220,"Fayetteville-Springdale-Rogers, AR",2020-12-01,70,167,32,3,272,4965,963
22220,"Fayetteville-Springdale-Rogers, AR",2021-01-01,215,421,84,7,727,5692,1178
22220,"Fayetteville-Springdale-Rogers, AR",2021-02-01,98,221,42,3,364,6056,1276
22220,"Fayetteville-Springdale-Rogers, AR",2021-03-01,238,389,80,6,713,6769,1514
22220,"Fayetteville-Springdale-Rogers, AR",2021-04-01,175,297,66,5,543,7312,1689
22220,"Fayetteville-Springdale-Rogers, AR",2021-05-01,97,220,41,5,363,7675,1786
22220,"Fayetteville-Springdale-Rogers, AR",2021-06-01,82,167,34,1,284,7959,1868
22220,"Fayetteville-Springdale-Rogers, AR",2021-07-01,46,151,36,3,236,8195,1914
22220,"Fayetteville-Springdale-Rogers, AR",2021-08-01,81,197,66,6,350,8545,1995
22220,"Fayetteville-Springdale-Rogers, AR",2021-09-01,190,529,129,7,855,9400,2185
22220,"Fayetteville-Springdale-Rogers, AR",2021-10-01,64,163,37,1,265,9665,2249
22220,"Fayetteville-Springdale-Rogers, AR",2021-11-01,100,151,45,3,299,9964,2349
22220,"Fayetteville-Springdale-Rogers, AR",2021-12-01,169,288,72,7,536,10500,2518
22220,"Fayetteville-Springdale-Rogers, AR",2022-01-01,186,368,110,12,676,11176,2704
22220,"Fayetteville-Springdale-Rogers, AR",2022-02-01,115,262,69,5,451,11627,2819
22220,"Fayetteville-Springdale-Rogers, AR",2022-03-01,198,320,86,8,612,12239,3017
22220,"Fayetteville-Springdale-Rogers, AR",2022-04-01,141,296,50,3,490,12729,3158
22220,"Fayetteville-Springdale-Rogers, AR",2022-05-01,125,234,44,3,406,13135,3283
22220,"Fayetteville-Springdale-Rogers, AR",2022-06-01,82,143,41,3,269,13404,3365
22220,"Fayetteville-Springdale-Rogers, AR",2022-07-01,109,140,40,8,297,13701,3474
22220,"Fayetteville-Springdale-Rogers, AR",2022-08-01,189,277,76,5,547,14248,3663
22220,"Fayetteville-Springdale-Rogers, AR",2022-09-01,190,317,91,4,602,14850,3853
22220,"Fayetteville-Springdale-Rogers, AR",2022-10-01,276,450,129,10,865,15715,4129
22220,"Fayetteville-Springdale-Rogers, AR",2022-11-01,245,337,95,4,681,16396,4374
22220,"Fayetteville-Springdale-Rogers, AR",2022-12-01,234,291,79,10,614,17010,4608
22220,"Fayetteville-Springdale-Rogers, AR",2023-01-01,219,269,81,5,574,17584,4827
22220,"Fayetteville-Springdale-Rogers, AR",2023-02-01,267,313,80,4,664,18248,5094
22220,"Fayetteville-Springdale-Rogers, AR",2023-03-01,286,358,92,14,750,18998,5380
22220,"Fayetteville-Springdale-Rogers, AR",2023-04-01,206,260,74,1,541,19539,5586
22220,"Fayetteville-Springdale-Rogers, AR",2023-05-01,99,160,34,1,294,19833,5685
22220,"Fayetteville-Springdale-Rogers, AR",2023-06-01,87,106,18,2,213,20046,5772
22220,"Fayetteville-Springdale-Rogers, AR",2023-07-01,80,99,36,9,224,20270,5852
22220,"Fayetteville-Springdale-Rogers, AR",2023-08-01,172,215,53,10,450,20720,6024
22220,"Fayetteville-Springdale-Rogers, AR",2023-09-01,168,243,79,6,496,21216,6192
22220,"Fayetteville-Springdale-Rogers, AR",2023-10-01,124,165,40,2,331,21547,6316
22220,"Fayetteville-Springdale-Rogers, AR",2023-11-01,243,318,82,8,651,22198,6559
22220,"Fayetteville-Springdale-Rogers, AR",2023-12-01,263,285,90,6,644,22842,6822
22220,"Fayetteville-Springdale-Rogers, AR",2024-01-01,299,276,89,9,673,23515,7121
22220,"Fayetteville-Springdale-Rogers, AR",2024-02-01,333,243,87,8,671,24186,7454
22220,"Fayetteville-Springdale-Rogers, AR",2024-03-01,310,244,65,7,626,24812,7764
22220,"Fayetteville-Springdale-Rogers, AR",2024-04-01,228,227,58,6,519,25331,7992
22220,"Fayetteville-Springdale-Rogers, AR",2024-05-01,255,230,57,9,551,25882,8247
22220,"Fayetteville-Springdale-Rogers, AR",2024-06-01,191,203,44,3,441,26323,8438
22220,"Fayetteville-Springdale-Rogers, AR",2024-07-01,89,141,39,5,274,26597,8527
22220,"Fayetteville-Springdale-Rogers, AR",2024-08-01,163,171,49,6,389,26986,8690
22220,"Fayetteville-Springdale-Rogers, AR",2024-09-01,258,237,82,4,581,27567,8948
22220,"Fayetteville-Springdale-Rogers, AR",2024-10-01,286,275,69,4,634,28201,9234
22220,"Fayetteville-Springdale-Rogers, AR",2024-11-01,250,248,74,5,577,28778,9484
22220,"Fayetteville-Springdale-Rogers, AR",2024-12-01,290,251,59,8,608,29386,9774
22220,"Fayetteville-Springdale-Rogers, AR",2025-01-01,303,255,58,9,625,30011,10077
22220,"Fayetteville-Springdale-Rogers, AR",2025-02-01,340,262,68,6,676,30687,10417
22220,"Fayetteville-Springdale-Rogers, AR",2025-03-01,372,284,60,8,724,31411,10789
22220,"Fayetteville-Springdale-Rogers, AR",2025-04-01,333,301,86,5,725,32136,11122
22220,"Fayetteville-Springdale-Rogers, AR",2025-05-01,344,284,92,10,730,32866,11466
22220,"Fayetteville-Springdale-Rogers, AR",2025-06-01,286,272,74,4,636,33502,11752
22220,"Fayetteville-Springdale-Rogers, AR",2025-07-01,274,261,76,4,615,34117,12026
22220,"Fayetteville-Springdale-Rogers, AR",2025-08-01,269,189,58,6,522,34639,12295
22220,"Fayetteville-Springdale-Rogers, AR",2025-09-01,3,2,0,0,5,34644,12298
26740,"Hutchinson, KS",2019-01-01,0,1,1,0,2,2,0
26740,"Hutchinson, KS",2019-02-01,0,3,0,1,4,6,0
26740,"Hutchinson, KS",2019-03-01,0,4,2,1,7,13,0
26740,"Hutchinson, KS",2019-04-01,0,4,2,0,6,19,0
26740,"Hutchinson, KS",2019-05-01,0,7,2,0,9,28,0
26740,"Hutchinson, KS",2019-06-01,1,14,3,1,19,47,1
26740,"Hutchinson, KS",2019-07-01,1,5,1,0,7,54,2
26740,"Hutchinson, KS",2019-08-01,0,6,3,0,9,63,2
26740,"Hutchinson, KS",2019-09-01,0,6,2,1,9,72,2
26740,"Hutchinson, KS",2019-10-01,0,6,1,0,7,79,2
26740,"Hutchinson, KS",2019-11-01,0,6,2,0,8,87,2
26740,"Hutchinson, KS",2019-12-01,1,10,5,0,16,103,3
26740,"Hutchinson, KS",2020-01-01,0,8,3,0,11,114,3
26740,"Hutchinson, KS",2020-02-01,1,9,2,0,12,126,4
26740,"Hutchinson, KS",2020-03-01,1,12,3,0,16,142,5
26740,"Hutchinson, KS",2020-04-01,15,33,4,1,53,195,20
26740,"Hutchinson, KS",2020-05-01,4,23,8,1,36,231,24
26740,"Hutchinson, KS",2020-06-01,9,28,4,0,41,272,33
26740,"Hutchinson, KS",2020-07-01,13,13,2,0,28,300,46
26740,"Hutchinson, KS",2020-08-01,10,19,4,0,33,333,56
26740,"Hutchinson, KS",2020-09-01,10,24,2,0,36,369,66
26740,"Hutchinson, KS",2020-10-01,10,13,6,1,30,399,76
26740,"Hutchinson, KS",2020-11-01,3,19,5,0,27,426,79
26740,"Hutchinson, KS",2020-12-01,16,15,2,0,33,459,95
26740,"Hutchinson, KS",2021-01-01,15,17,5,0,37,496,110
26740,"Hutchinson, KS",2021-02-01,9,18,7,0,34,530,119
26740,"Hutchinson, KS",2021-03-01,14,23,3,0,40,570,133
26740,"Hutchinson, KS",2021-04-01,13,15,7,0,35,605,146
26740,"Hutchinson, KS",2021-05-01,15,20,2,1,38,643,161
26740,"Hutchinson, KS",2021-06-01,14,32,6,0,52,695,175
26740,"Hutchinson, KS",2021-07-01,12,34,7,1,54,749,187
26740,"Hutchinson, KS",2021-08-01,15,18,3,1,37,786,202
26740,"Hutchinson, KS",2021-09-01,13,17,4,0,34,820,215
26740,"Hutchinson, KS",2021-10-01,11,30,4,1,46,866,226
26740,"Hutchinson, KS",2021-11-01,1,18,8,0,27,893,227
26740,"Hutchinson, KS",2021-12-01,13,25,12,0,50,943,240
26740,"Hutchinson, KS",2022-01-01,17,15,4,2,38,981,257
26740,"Hutchinson, KS",2022-02-01,20,18,7,0,45,1026,277
26740,"Hutchinson, KS",2022-03-01,16,18,7,0,41,1067,293
26740,"Hutchinson, KS",2022-04-01,18,28,3,0,49,1116,311
26740,"Hutchinson, KS",2022-05-01,17,24,4,0,45,1161,328
26740,"Hutchinson, KS",2022-06-01,16,21,8,0,45,1206,344
26740,"Hutchinson, KS",2022-07-01,5,21,6,1,33,1239,349
26740,"Hutchinson, KS",2022-08-01,21,28,4,2,55,1294,370
26740,"Hutchinson, KS",2022-09-01,17,16,7,0,40,1334,387
26740,"Hutchinson, KS",2022-10-01,16,25,7,0,48,1382,403
26740,"Hutchinson, KS",2022-11-01,21,26,8,2,57,1439,424
26740,"Hutchinson, KS",2022-12-01,14,21,13,0,48,1487,438
26740,"Hutchinson, KS",2023-01-01,13,22,3,0,38,1525,451
26740,"Hutchinson, KS",2023-02-01,10,22,11,0,43,1568,461
26740,"Hutchinson, KS",2023-03-01,30,31,7,0,68,1636,491
26740,"Hutchinson, KS",2023-04-01,18,22,4,0,44,1680,509
26740,"Hutchinson, KS",2023-05-01,13,18,2,0,33,1713,522
26740,"Hutchinson, KS",2023-06-01,14,18,8,1,41,1754,536
26740,"Hutchinson, KS",2023-07-01,7,19,7,0,33,1787,543
26740,"Hutchinson, KS",2023-08-01,13,22,5,0,40,1827,556
26740,"Hutchinson, KS",2023-09-01,8,20,6,1,35,1862,564
26740,"Hutchinson, KS",2023-10-01,28,22,4,0,54,1916,592
26740,"Hutchinson, KS",2023-11-01,27,27,8,1,63,1979,619
26740,"Hutchinson, KS",2023-12-01,20,22,8,0,50,2029,639
26740,"Hutchinson, KS",2024-01-01,33,22,9,1,65,2094,672
26740,"Hutchinson, KS",2024-02-01,22,32,12,0,66,2160,694
26740,"Hutchinson, KS",2024-03-01,28,31,12,1,72,2232,722
26740,"Hutchinson, KS",2024-04-01,16,15,5,0,36,2268,738
26740,"Hutchinson, KS",2024-05-01,9,5,4,1,19,2287,747
26740,"Hutchinson, KS",2024-06-01,4,7,2,0,13,2300,751
26740,"Hutchinson, KS",2024-07-01,13,12,3,0,28,2328,764
26740,"Hutchinson, KS",2024-08-01,11,13,7,1,32,2360,775
26740,"Hutchinson, KS",2024-09-01,20,19,6,0,45,2405,795
26740,"Hutchinson, KS",2024-10-01,38,30,12,1,81,2486,833
26740,"Hutchinson, KS",2024-11-01,26,29,5,2,62,2548,859
26740,"Hutchinson, KS",2024-12-01,31,26,6,1,64,2612,890
26740,"Hutchinson, KS",2025-01-01,47,30,8,0,85,2697,937
26740,"Hutchinson, KS",2025-02-01,51,22,10,1,84,2781,988
26740,"Hutchinson, KS",2025-03-01,30,29,12,0,71,2852,1018
26740,"Hutchinson, KS",2025-04-01,47,27,9,3,86,2938,1065
26740,"Hutchinson, KS",2025-05-01,40,35,13,2,90,3028,1105
26740,"Hutchinson, KS",2025-06-01,28,26,6,0,60,3088,1133
26740,"Hutchinson, KS",2025-07-01,21,14,2,1,38,3126,1154
26740,"Hutchinson, KS",2025-08-01,26,22,3,2,53,3179,1180
26740,"Hutchinson, KS",2025-09-01,1,1,0,0,2,3181,1181
17660,"Coeur d'Alene, ID",2019-01-01,2,26,12,1,41,41,2
17660,"Coeur d'Alene, ID",2019-02-01,0,31,9,0,40,81,2
17660,"Coeur d'Alene, ID",2019-03-01,0,31,12,1,44,125,2
17660,"Coeur d'Alene, ID",2019-04-01,4,40,5,2,51,176,6
17660,"Coeur d'Alene, ID",2019-05-01,2,35,8,3,48,224,8
17660,"Coeur d'Alene, ID",2019-06-01,1,28,3,1,33,257,9
17660,"Coeur d'Alene, ID",2019-07-01,4,33,7,0,44,301,13
17660,"Coeur d'Alene, ID",2019-08-01,3,39,11,0,53,354,16
17660,"Coeur d'Alene, ID",2019-09-01,1,48,3,2,54,408,17
17660,"Coeur d'Alene, ID",2019-10-01,2,18,10,1,31,439,19
17660,"Coeur d'Alene, ID",2019-11-01,2,26,8,2,38,477,21
17660,"Coeur d'Alene, ID",2019-12-01,5,27,7,1,40,517,26
17660,"Coeur d'Alene, ID",2020-01-01,11,41,13,1,66,583,37
17660,"Coeur d'Alene, ID",2020-02-01,15,40,10,2,67,650,52
17660,"Coeur d'Alene, ID",2020-03-01,9,30,4,0,43,693,61
17660,"Coeur d'Alene, ID",2020-04-01,29,100,24,7,160,853,90
17660,"Coeur d'Alene, ID",2020-05-01,55,106,30,1,192,1045,145
17660,"Coeur d'Alene, ID",2020-06-01,20,56,10,1,87,1132,165
17660,"Coeur d'Alene, ID",2020-07-01,42,120,31,6,199,1331,207
17660,"Coeur d'Alene, ID",2020-08-01,57,132,35,1,225,1556,264
17660,"Coeur d'Alene, ID",2020-09-01,44,108,29,3,184,1740,308
17660,"Coeur d'Alene, ID",2020-10-01,20,54,18,0,92,1832,328
17660,"Coeur d'Alene, ID",2020-11-01,38,77,17,1,133,1965,366
17660,"Coeur d'Alene, ID",2020-12-01,35,72,20,2,129,2094,401
17660,"Coeur d'Alene, ID",2021-01-01,82,142,38,6,268,2362,483
17660,"Coeur d'Alene, ID",2021-02-01,26,77,15,2,120,2482,509
17660,"Coeur d'Alene, ID",2021-03-01,76,140,34,3,253,2735,585
17660,"Coeur d'Alene, ID",2021-04-01,60,129,39,3,231,2966,645
17660,"Coeur d'Alene, ID",2021-05-01,30,65,15,0,110,3076,675
17660,"Coeur d'Alene, ID",2021-06-01,28,44,14,2,88,3164,703
17660,"Coeur d'Alene, ID",2021-07-01,49,163,31,4,247,3411,752
17660,"Coeur d'Alene, ID",2021-08-01,57,136,41,7,241,3652,809
17660,"Coeur d'Alene, ID",2021-09-01,44,94,21,2,161,3813,853
17660,"Coeur d'Alene, ID",2021-10-01,25,64,19,3,111,3924,878
17660,"Coeur d'Alene, ID",2021-11-01,21,49,12,0,82,4006,899
17660,"Coeur d'Alene, ID",2021-12-01,64,101,35,3,203,4209,963
17660,"Coeur d'Alene, ID",2022-01-01,127,211,57,3,398,4607,1090
17660,"Coeur d'Alene, ID",2022-02-01,57,106,36,3,202,4809,1147
17660,"Coeur d'Alene, ID",2022-03-01,47,75,27,2,151,4960,1194
17660,"Coeur d'Alene, ID",2022-04-01,21,44,13,0,78,5038,1215
17660,"Coeur d'Alene, ID",2022-05-01,32,56,17,0,105,5143,1247
17660,"Coeur d'Alene, ID",2022-06-01,29,50,17,3,99,5242,1276
17660,"Coeur d'Alene, ID",2022-07-01,50,59,16,0,125,5367,1326
17660,"Coeur d'Alene, ID",2022-08-01,47,95,23,1,166,5533,1373
17660,"Coeur d'Alene, ID",2022-09-01,62,95,31,9,197,5730,1435
17660,"Coeur d'Alene, ID",2022-10-01,50,87,26,0,163,5893,1485
17660,"Coeur d'Alene, ID",2022-11-01,72,107,30,5,214,6107,1557
17660,"Coeur d'Alene, ID",2022-12-01,66,92,29,5,192,6299,1623
17660,"Coeur d'Alene, ID",2023-01-01,81,135,38,2,256,6555,1704
17660,"Coeur d'Alene, ID",2023-02-01,55,95,33,10,193,6748,1759
17660,"Coeur d'Alene, ID",2023-03-01,80,101,34,2,217,6965,1839
17660,"Coeur d'Alene, ID",2023-04-01,40,80,25,1,146,7111,1879
17660,"Coeur d'Alene, ID",2023-05-01,29,34,11,0,74,7185,1908
17660,"Coeur d'Alene, ID",2023-06-01,30,23,19,1,73,7258,1938
17660,"Coeur d'Alene, ID",2023-07-01,29,50,15,6,100,7358,1967
17660,"Coeur d'Alene, ID",2023-08-01,42,83,42,1,168,7526,2009
17660,"Coeur d'Alene, ID",2023-09-01,57,84,36,6,183,7709,2066
17660,"Coeur d'Alene, ID",2023-10-01,52,68,21,0,141,7850,2118
17660,"Coeur d'Alene, ID",2023-11-01,84,108,24,4,220,8070,2202
17660,"Coeur d'Alene, ID",2023-12-01,71,88,24,2,185,8255,2273
17660,"Coeur d'Alene, ID",2024-01-01,82,100,34,4,220,8475,2355
17660,"Coeur d'Alene, ID",2024-02-01,72,85,23,5,185,8660,2427
17660,"Coeur d'Alene, ID",2024-03-01,70,75,22,4,171,8831,2497
17660,"Coeur d'Alene, ID",2024-04-01,42,62,22,6,132,8963,2539
17660,"Coeur d'Alene, ID",2024-05-01,41,69,27,3,140,9103,2580
17660,"Coeur d'Alene, ID",2024-06-01,63,80,32,6,181,9284,2643
17660,"Coeur d'Alene, ID",2024-07-01,66,101,29,4,200,9484,2709
17660,"Coeur d'Alene, ID",2024-08-01,28,49,16,2,95,9579,2737
17660,"Coeur d'Alene, ID",2024-09-01,34,50,20,4,108,9687,2771
17660,"Coeur d'Alene, ID",2024-10-01,65,71,34,7,177,9864,2836
17660,"Coeur d'Alene, ID",2024-11-01,69,84,31,2,186,10050,2905
17660,"Coeur d'Alene, ID",2024-12-01,70,94,27,3,194,10244,2975
17660,"Coeur d'Alene, ID",2025-01-01,83,98,41,3,225,10469,3058
17660,"Coeur d'Alene, ID",2025-02-01,69,85,25,2,181,10650,3127
17660,"Coeur d'Alene, ID",2025-03-01,51,93,26,4,174,10824,3178
17660,"Coeur d'Alene, ID",2025-04-01,55,59,19,2,135,10959,3233
17660,"Coeur d'Alene, ID",2025-05-01,85,75,17,3,180,11139,3318
17660,"Coeur d'Alene, ID",2025-06-01,73,77,30,3,183,11322,3391
17660,"Coeur d'Alene, ID",2025-07-01,68,75,24,1,168,11490,3459
17660,"Coeur d'Alene, ID",2025-08-01,67,61,11,2,141,11631,3526
17660,"Coeur d'Alene, ID",2025-09-01,0,3,0,0,3,11634,3526
12460,"Bainbridge, GA",2019-04-01,0,1,1,0,2,2,0
12460,"Bainbridge, GA",2019-05-01,0,3,1,0,4,6,0
12460,"Bainbridge, GA",2019-06-01,0,0,1,0,1,7,0
12460,"Bainbridge, GA",2019-07-01,0,1,0,0,1,8,0
12460,"Bainbridge, GA",2019-08-01,0,2,0,0,2,10,0
12460,"Bainbridge, GA",2019-09-01,0,2,0,0,2,12,0
12460,"Bainbridge, GA",2019-10-01,0,2,0,0,2,14,0
12460,"Bainbridge, GA",2019-11-01,0,1,0,0,1,15,0
12460,"Bainbridge, GA",2019-12-01,1,1,0,0,2,17,1
12460,"Bainbridge, GA",2020-03-01,0,1,1,0,2,19,1
12460,"Bainbridge, GA",2020-04-01,1,0,1,0,2,21,2
12460,"Bainbridge, GA",2020-05-01,0,3,0,0,3,24,2
12460,"Bainbridge, GA",2020-06-01,1,3,1,0,5,29,3
12460,"Bainbridge, GA",2020-07-01,0,5,2,0,7,36,3
12460,"Bainbridge, GA",2020-08-01,1,6,1,0,8,44,4
12460,"Bainbridge, GA",2020-09-01,0,12,1,1,14,58,4
12460,"Bainbridge, GA",2020-10-01,0,5,3,1,9,67,4
12460,"Bainbridge, GA",2020-11-01,1,8,0,0,9,76,5
12460,"Bainbridge, GA",2020-12-01,1,11,1,0,13,89,6
12460,"Bainbridge, GA",2021-01-01,4,15,7,1,27,116,10
12460,"Bainbridge, GA",2021-02-01,2,9,4,0,15,131,12
12460,"Bainbridge, GA",2021-03-01,3,12,3,1,19,150,15
12460,"Bainbridge, GA",2021-04-01,4,8,3,0,15,165,19
12460,"Bainbridge, GA",2021-05-01,5,18,7,1,31,196,24
12460,"Bainbridge, GA",2021-06-01,3,17,3,0,23,219,27
12460,"Bainbridge, GA",2021-07-01,7,19,4,0,30,249,34
12460,"Bainbridge, GA",2021-08-01,3,21,3,0,27,276,37
12460,"Bainbridge, GA",2021-09-01,3,11,3,0,17,293,40
12460,"Bainbridge, GA",2021-10-01,2,16,4,0,22,315,42
12460,"Bainbridge, GA",2021-11-01,3,9,3,0,15,330,45
12460,"Bainbridge, GA",2021-12-01,1,10,4,0,15,345,46
12460,"Bainbridge, GA",2022-01-01,9,16,5,0,30,375,55
12460,"Bainbridge, GA",2022-02-01,3,14,8,2,27,402,58
12460,"Bainbridge, GA",2022-03-01,10,23,6,0,39,441,68
12460,"Bainbridge, GA",2022-04-01,2,16,4,1,23,464,70
12460,"Bainbridge, GA",2022-05-01,5,12,1,0,18,482,75
12460,"Bainbridge, GA",2022-06-01,8,15,2,0,25,507,83
12460,"Bainbridge, GA",2022-07-01,4,17,1,0,22,529,87
12460,"Bainbridge, GA",2022-08-01,3,17,3,0,23,552,90
12460,"Bainbridge, GA",2022-09-01,1,8,1,0,10,562,91
12460,"Bainbridge, GA",2022-10-01,7,8,4,0,19,581,98
12460,"Bainbridge, GA",2022-11-01,4,10,4,0,18,599,102
12460,"Bainbridge, GA",2022-12-01,5,15,3,0,23,622,107
12460,"Bainbridge, GA",2023-01-01,4,12,4,0,20,642,111
12460,"Bainbridge, GA",2023-02-01,6,9,5,3,23,665,117
12460,"Bainbridge, GA",2023-03-01,6,17,6,0,29,694,123
12460,"Bainbridge, GA",2023-04-01,4,13,3,0,20,714,127
12460,"Bainbridge, GA",2023-05-01,3,13,4,2,22,736,130
12460,"Bainbridge, GA",2023-06-01,3,13,6,0,22,758,133
12460,"Bainbridge, GA",2023-07-01,7,15,4,0,26,784,140
12460,"Bainbridge, GA",2023-08-01,7,12,3,2,24,808,147
12460,"Bainbridge, GA",2023-09-01,5,9,6,0,20,828,152
12460,"Bainbridge, GA",2023-10-01,5,16,3,0,24,852,157
12460,"Bainbridge, GA",2023-11-01,6,12,3,0,21,873,163
12460,"Bainbridge, GA",2023-12-01,6,10,6,0,22,895,169
12460,"Bainbridge, GA",2024-01-01,7,12,4,2,25,920,176
12460,"Bainbridge, GA",2024-02-01,10,11,6,1,28,948,186
12460,"Bainbridge, GA",2024-03-01,8,9,4,0,21,969,194
12460,"Bainbridge, GA",2024-04-01,7,22,6,1,36,1005,201
12460,"Bainbridge, GA",2024-05-01,7,17,4,0,28,1033,208
12460,"Bainbridge, GA",2024-06-01,9,15,6,0,30,1063,217
12460,"Bainbridge, GA",2024-07-01,3,7,2,1,13,1076,220
12460,"Bainbridge, GA",2024-08-01,11,14,6,0,31,1107,231
12460,"Bainbridge, GA",2024-09-01,7,18,1,0,26,1133,238
12460,"Bainbridge, GA",2024-10-01,5,11,4,0,20,1153,243
12460,"Bainbridge, GA",2024-11-01,7,11,8,0,26,1179,250
12460,"Bainbridge, GA",2024-12-01,8,12,4,0,24,1203,258
12460,"Bainbridge, GA",2025-01-01,10,7,1,1,19,1222,268
12460,"Bainbridge, GA",2025-02-01,4,11,4,1,20,1242,272
12460,"Bainbridge, GA",2025-03-01,7,12,2,0,21,1263,279
12460,"Bainbridge, GA",2025-04-01,14,15,2,0,31,1294,293
12460,"Bainbridge, GA",2025-05-01,11,20,4,1,36,1330,304
12460,"Bainbridge, GA",2025-06-01,16,15,6,0,37,1367,320
12460,"Bainbridge, GA",2025-07-01,6,6,5,0,17,1384,326
12460,"Bainbridge, GA",2025-08-01,10,14,4,2,30,1414,336
12460,"Bainbridge, GA",2025-09-01,0,1,0,0,1,1415,336
19740,"Denver-Aurora-Centennial, CO",2019-01-01,30,860,171,17,1078,1078,30
19740,"Denver-Aurora-Centennial, CO",2019-02-01,42,852,156,15,1065,2143,72
19740,"Denver-Aurora-Centennial, CO",2019-03-01,55,816,215,21,1107,3250,127
19740,"Denver-Aurora-Centennial, CO",2019-04-01,67,1017,222,20,1326,4576,194
19740,"Denver-Aurora-Centennial, CO",2019-05-01,79,1177,197,15,1468,6044,273
19740,"Denver-Aurora-Centennial, CO",2019-06-01,109,1189,200,21,1519,7563,382
19740,"Denver-Aurora-Centennial, CO",2019-07-01,141,1104,180,25,1450,9013,523
19740,"Denver-Aurora-Centennial, CO",2019-08-01,102,1022,203,29,1356,10369,625
19740,"Denver-Aurora-Centennial, CO",2019-09-01,109,1043,204,15,1371,11740,734
19740,"Denver-Aurora-Centennial, CO",2019-10-01,112,1079,207,28,1426,13166,846
19740,"Denver-Aurora-Centennial, CO",2019-11-01,127,964,178,25,1294,14460,973
19740,"Denver-Aurora-Centennial, CO",2019-12-01,149,842,195,10,1196,15656,1122
19740,"Denver-Aurora-Centennial, CO",2020-01-01,137,938,224,29,1328,16984,1259
19740,"Denver-Aurora-Centennial, CO",2020-02-01,174,1064,242,36,1516,18500,1433
19740,"Denver-Aurora-Centennial, CO",2020-03-01,235,1522,453,64,2274,20774,1668
19740,"Denver-Aurora-Centennial, CO",2020-04-01,677,2379,615,69,3740,24514,2345
19740,"Denver-Aurora-Centennial, CO",2020-05-01,1402,3066,579,80,5127,29641,3747
19740,"Denver-Aurora-Centennial, CO",2020-06-01,1029,2411,409,40,3889,33530,4776
19740,"Denver-Aurora-Centennial, CO",2020-07-01,885,2813,484,59,4241,37771,5661
19740,"Denver-Aurora-Centennial, CO",2020-08-01,668,2900,535,61,4164,41935,6329
19740,"Denver-Aurora-Centennial, CO",2020-09-01,596,2750,501,61,3908,45843,6925
19740,"Denver-Aurora-Centennial, CO",2020-10-01,622,2610,515,52,3799,49642,7547
19740,"Denver-Aurora-Centennial, CO",2020-11-01,285,1198,248,30,1761,51403,7832
19740,"Denver-Aurora-Centennial, CO",2020-12-01,265,836,166,20,1287,52690,8097
19740,"Denver-Aurora-Centennial, CO",2021-01-01,655,1744,418,38,2855,55545,8752
19740,"Denver-Aurora-Centennial, CO",2021-02-01,316,1033,246,44,1639,57184,9068
19740,"Denver-Aurora-Centennial, CO",2021-03-01,712,2025,462,56,3255,60439,9780
19740,"Denver-Aurora-Centennial, CO",2021-04-01,863,2454,510,68,3895,64334,10643
19740,"Denver-Aurora-Centennial, CO",2021-05-01,1087,2802,517,55,4461,68795,11730
19740,"Denver-Aurora-Centennial, CO",2021-06-01,1102,3195,602,76,4975,73770,12832
19740,"Denver-Aurora-Centennial, CO",2021-07-01,920,2670,565,68,4223,77993,13752
19740,"Denver-Aurora-Centennial, CO",2021-08-01,685,2369,560,53,3667,81660,14437
19740,"Denver-Aurora-Centennial, CO",2021-09-01,628,2614,672,77,3991,85651,15065
19740,"Denver-Aurora-Centennial, CO",2021-10-01,417,1561,433,63,2474,88125,15482
19740,"Denver-Aurora-Centennial, CO",2021-11-01,369,1266,276,44,1955,90080,15851
19740,"Denver-Aurora-Centennial, CO",2021-12-01,863,1912,449,93,3317,93397,16714
19740,"Denver-Aurora-Centennial, CO",2022-01-01,1232,3036,743,94,5105,98502,17946
19740,"Denver-Aurora-Centennial, CO",2022-02-01,946,2323,592,84,3945,102447,18892
19740,"Denver-Aurora-Centennial, CO",2022-03-01,863,2347,598,86,3894,106341,19755
19740,"Denver-Aurora-Centennial, CO",2022-04-01,573,1606,454,67,2700,109041,20328
19740,"Denver-Aurora-Centennial, CO",2022-05-01,753,1755,445,53,3006,112047,21081
19740,"Denver-Aurora-Centennial, CO",2022-06-01,475,1139,322,34,1970,114017,21556
19740,"Denver-Aurora-Centennial, CO",2022-07-01,589,1213,355,43,2200,116217,22145
19740,"Denver-Aurora-Centennial, CO",2022-08-01,1002,2288,596,83,3969,120186,23147
19740,"Denver-Aurora-Centennial, CO",2022-09-01,879,2309,663,73,3924,124110,24026
19740,"Denver-Aurora-Centennial, CO",2022-10-01,632,1760,462,85,2939,127049,24658
19740,"Denver-Aurora-Centennial, CO",2022-11-01,923,2113,622,79,3737,130786,25581
19740,"Denver-Aurora-Centennial, CO",2022-12-01,1041,2005,525,56,3627,134413,26622
19740,"Denver-Aurora-Centennial, CO",2023-01-01,1052,2271,630,67,4020,138433,27674
19740,"Denver-Aurora-Centennial, CO",2023-02-01,909,1896,620,67,3492,141925,28583
19740,"Denver-Aurora-Centennial, CO",2023-03-01,1156,2428,728,85,4397,146322,29739
19740,"Denver-Aurora-Centennial, CO",2023-04-01,823,1760,484,66,3133,149455,30562
19740,"Denver-Aurora-Centennial, CO",2023-05-01,674,1344,353,40,2411,151866,31236
19740,"Denver-Aurora-Centennial, CO",2023-06-01,477,924,228,18,1647,153513,31713
19740,"Denver-Aurora-Centennial, CO",2023-07-01,428,1073,242,27,1770,155283,32141
19740,"Denver-Aurora-Centennial, CO",2023-08-01,562,1645,433,45,2685,157968,32703
19740,"Denver-Aurora-Centennial, CO",2023-09-01,931,2470,712,76,4189,162157,33634
19740,"Denver-Aurora-Centennial, CO",2023-10-01,1174,3036,881,89,5180,167337,34808
19740,"Denver-Aurora-Centennial, CO",2023-11-01,1090,2939,928,108,5065,172402,35898
19740,"Denver-Aurora-Centennial, CO",2023-12-01,1360,2902,890,127,5279,177681,37258
19740,"Denver-Aurora-Centennial, CO",2024-01-01,1221,3116,996,102,5435,183116,38479
19740,"Denver-Aurora-Centennial, CO",2024-02-01,1054,2801,896,134,4885,188001,39533
19740,"Denver-Aurora-Centennial, CO",2024-03-01,1222,2949,904,110,5185,193186,40755
19740,"Denver-Aurora-Centennial, CO",2024-04-01,1032,2924,781,82,4819,198005,41787
19740,"Denver-Aurora-Centennial, CO",2024-05-01,1259,3669,999,133,6060,204065,43046
19740,"Denver-Aurora-Centennial, CO",2024-06-01,1003,3093,919,131,5146,209211,44049
19740,"Denver-Aurora-Centennial, CO",2024-07-01,1073,3666,1101,142,5982,215193,45122
19740,"Denver-Aurora-Centennial, CO",2024-08-01,1098,4280,1348,233,6959,222152,46220
19740,"Denver-Aurora-Centennial, CO",2024-09-01,1312,4450,1413,200,7375,229527,47532
19740,"Denver-Aurora-Centennial, CO",2024-10-01,1388,4590,1238,113,7329,236856,48920
19740,"Denver-Aurora-Centennial, CO",2024-11-01,1344,3914,1197,97,6552,243408,50264
19740,"Denver-Aurora-Centennial, CO",2024-12-01,1327,3518,914,109,5868,249276,51591
19740,"Denver-Aurora-Centennial, CO",2025-01-01,1426,3660,876,101,6063,255339,53017
19740,"Denver-Aurora-Centennial, CO",2025-02-01,1456,3555,838,94,5943,261282,54473
19740,"Denver-Aurora-Centennial, CO",2025-03-01,1226,3018,746,81,5071,266353,55699
19740,"Denver-Aurora-Centennial, CO",2025-04-01,921,2378,577,63,3939,270292,56620
19740,"Denver-Aurora-Centennial, CO",2025-05-01,1223,2424,585,59,4291,274583,57843
19740,"Denver-Aurora-Centennial, CO",2025-06-01,1248,2202,552,49,4051,278634,59091
19740,"Denver-Aurora-Centennial, CO",2025-07-01,884,1865,439,43,3231,281865,59975
19740,"Denver-Aurora-Centennial, CO",2025-08-01,730,1593,320,27,2670,284535,60705
19740,"Denver-Aurora-Centennial, CO",2025-09-01,19,20,5,0,44,284579,60724
43620,"Sioux Falls, SD-MN",2019-01-01,0,20,6,0,26,26,0
43620,"Sioux Falls, SD-MN",2019-02-01,0,22,4,0,26,52,0
43620,"Sioux Falls, SD-MN",2019-03-01,0,33,8,1,42,94,0
43620,"Sioux Falls, SD-MN",2019-04-01,1,25,5,0,31,125,1
43620,"Sioux Falls, SD-MN",2019-05-01,3,22,6,0,31,156,4
43620,"Sioux Falls, SD-MN",2019-06-01,2,32,6,3,43,199,6
43620,"Sioux Falls, SD-MN",2019-07-01,2,27,8,0,37,236,8
43620,"Sioux Falls, SD-MN",2019-08-01,3,37,12,2,54,290,11
43620,"Sioux Falls, SD-MN",2019-09-01,7,45,6,1,59,349,18
43620,"Sioux Falls, SD-MN",2019-10-01,1,44,13,0,58,407,19
43620,"Sioux Falls, SD-MN",2019-11-01,3,26,4,0,33,440,22
43620,"Sioux Falls, SD-MN",2019-12-01,7,35,8,0,50,490,29
43620,"Sioux Falls, SD-MN",2020-01-01,10,32,20,0,62,552,39
43620,"Sioux Falls, SD-MN",2020-02-01,12,60,8,1,81,633,51
43620,"Sioux Falls, SD-MN",2020-03-01,19,60,22,2,103,736,70
43620,"Sioux Falls, SD-MN",2020-04-01,47,142,39,4,232,968,117
43620,"Sioux Falls, SD-MN",2020-05-01,51,106,27,2,186,1154,168
43620,"Sioux Falls, SD-MN",2020-06-01,27,100,12,1,140,1294,195
43620,"Sioux Falls, SD-MN",2020-07-01,24,98,16,2,140,1434,219
43620,"Sioux Falls, SD-MN",2020-08-01,39,150,34,5,228,1662,258
43620,"Sioux Falls, SD-MN",2020-09-01,29,125,16,0,170,1832,287
43620,"Sioux Falls, SD-MN",2020-10-01,26,143,27,3,199,2031,313
43620,"Sioux Falls, SD-MN",2020-11-01,42,107,18,2,169,2200,355
43620,"Sioux Falls, SD-MN",2020-12-01,31,91,16,2,140,2340,386
43620,"Sioux Falls, SD-MN",2021-01-01,104,175,38,10,327,2667,490
43620,"Sioux Falls, SD-MN",2021-02-01,50,79,22,1,152,2819,540
43620,"Sioux Falls, SD-MN",2021-03-01,83,170,37,0,290,3109,623
43620,"Sioux Falls, SD-MN",2021-04-01,56,116,24,5,201,3310,679
43620,"Sioux Falls, SD-MN",2021-05-01,34,81,9,1,125,3435,713
43620,"Sioux Falls, SD-MN",2021-06-01,36,98,18,5,157,3592,749
43620,"Sioux Falls, SD-MN",2021-07-01,49,117,18,1,185,3777,798
43620,"Sioux Falls, SD-MN",2021-08-01,45,103,20,2,170,3947,843
43620,"Sioux Falls, SD-MN",2021-09-01,33,118,17,1,169,4116,876
43620,"Sioux Falls, SD-MN",2021-10-01,35,75,20,3,133,4249,911
43620,"Sioux Falls, SD-MN",2021-11-01,29,64,16,2,111,4360,940
43620,"Sioux Falls, SD-MN",2021-12-01,57,109,28,1,195,4555,997
43620,"Sioux Falls, SD-MN",2022-01-01,105,210,46,1,362,4917,1102
43620,"Sioux Falls, SD-MN",2022-02-01,67,101,26,2,196,5113,1169
43620,"Sioux Falls, SD-MN",2022-03-01,88,147,34,0,269,5382,1257
43620,"Sioux Falls, SD-MN",2022-04-01,40,102,15,2,159,5541,1297
43620,"Sioux Falls, SD-MN",2022-05-01,74,93,21,2,190,5731,1371
43620,"Sioux Falls, SD-MN",2022-06-01,37,77,12,2,128,5859,1408
43620,"Sioux Falls, SD-MN",2022-07-01,62,129,23,0,214,6073,1470
43620,"Sioux Falls, SD-MN",2022-08-01,49,98,25,0,172,6245,1519
43620,"Sioux Falls, SD-MN",2022-09-01,73,164,39,2,278,6523,1592
43620,"Sioux Falls, SD-MN",2022-10-01,82,115,32,3,232,6755,1674
43620,"Sioux Falls, SD-MN",2022-11-01,75,122,37,3,237,6992,1749
43620,"Sioux Falls, SD-MN",2022-12-01,92,141,39,0,272,7264,1841
43620,"Sioux Falls, SD-MN",2023-01-01,84,134,31,2,251,7515,1925
43620,"Sioux Falls, SD-MN",2023-02-01,86,148,33,2,269,7784,2011
43620,"Sioux Falls, SD-MN",2023-03-01,122,183,37,2,344,8128,2133
43620,"Sioux Falls, SD-MN",2023-04-01,71,113,26,4,214,8342,2204
43620,"Sioux Falls, SD-MN",2023-05-01,65,70,23,2,160,8502,2269
43620,"Sioux Falls, SD-MN",2023-06-01,55,68,10,2,135,8637,2324
43620,"Sioux Falls, SD-MN",2023-07-01,38,62,17,0,117,8754,2362
43620,"Sioux Falls, SD-MN",2023-08-01,57,77,24,3,161,8915,2419
43620,"Sioux Falls, SD-MN",2023-09-01,75,109,42,0,226,9141,2494
43620,"Sioux Falls, SD-MN",2023-10-01,75,105,27,5,212,9353,2569
43620,"Sioux Falls, SD-MN",2023-11-01,98,105,37,3,243,9596,2667
43620,"Sioux Falls, SD-MN",2023-12-01,113,108,37,3,261,9857,2780
43620,"Sioux Falls, SD-MN",2024-01-01,102,132,44,0,278,10135,2882
43620,"Sioux Falls, SD-MN",2024-02-01,100,110,35,2,247,10382,2982
43620,"Sioux Falls, SD-MN",2024-03-01,120,133,31,1,285,10667,3102
43620,"Sioux Falls, SD-MN",2024-04-01,101,104,24,1,230,10897,3203
43620,"Sioux Falls, SD-MN",2024-05-01,120,100,30,2,252,11149,3323
43620,"Sioux Falls, SD-MN",2024-06-01,117,125,34,1,277,11426,3440
43620,"Sioux Falls, SD-MN",2024-07-01,55,63,13,1,132,11558,3495
43620,"Sioux Falls, SD-MN",2024-08-01,43,48,12,0,103,11661,3538
43620,"Sioux Falls, SD-MN",2024-09-01,50,67,11,1,129,11790,3588
43620,"Sioux Falls, SD-MN",2024-10-01,145,144,46,5,340,12130,3733
43620,"Sioux Falls, SD-MN",2024-11-01,117,119,38,1,275,12405,3850
43620,"Sioux Falls, SD-MN",2024-12-01,120,142,33,3,298,12703,3970
43620,"Sioux Falls, SD-MN",2025-01-01,136,125,28,0,289,12992,4106
43620,"Sioux Falls, SD-MN",2025-02-01,119,108,16,4,247,13239,4225
43620,"Sioux Falls, SD-MN",2025-03-01,127,136,42,1,306,13545,4352
43620,"Sioux Falls, SD-MN",2025-04-01,125,110,31,1,267,13812,4477
43620,"Sioux Falls, SD-MN",2025-05-01,153,125,37,5,320,14132,4630
43620,"Sioux Falls, SD-MN",2025-06-01,158,147,45,2,352,14484,4788
43620,"Sioux Falls, SD-MN",2025-07-01,135,129,27,5,296,14780,4923
43620,"Sioux Falls, SD-MN",2025-08-01,123,109,29,1,262,15042,5046
43620,"Sioux Falls, SD-MN",2025-09-01,2,3,0,0,5,15047,5048
48140,"Wausau, WI",2019-01-01,0,0,2,0,2,2,0
48140,"Wausau, WI",2019-02-01,0,1,0,0,1,3,0
48140,"Wausau, WI",2019-03-01,0,1,0,0,1,4,0
48140,"Wausau, WI",2019-04-01,0,8,0,0,8,12,0
48140,"Wausau, WI",2019-05-01,0,9,4,0,13,25,0
48140,"Wausau, WI",2019-06-01,0,9,1,0,10,35,0
48140,"Wausau, WI",2019-07-01,1,11,1,0,13,48,1
48140,"Wausau, WI",2019-08-01,3,7,4,0,14,62,4
48140,"Wausau, WI",2019-09-01,1,9,3,1,14,76,5
48140,"Wausau, WI",2019-10-01,2,14,4,0,20,96,7
48140,"Wausau, WI",2019-11-01,0,9,3,0,12,108,7
48140,"Wausau, WI",2019-12-01,0,17,4,0,21,129,7
48140,"Wausau, WI",2020-01-01,0,13,1,0,14,143,7
48140,"Wausau, WI",2020-02-01,3,12,3,0,18,161,10
48140,"Wausau, WI",2020-03-01,3,20,4,0,27,188,13
48140,"Wausau, WI",2020-04-01,7,29,14,1,51,239,20
48140,"Wausau, WI",2020-05-01,6,23,4,0,33,272,26
48140,"Wausau, WI",2020-06-01,4,21,3,1,29,301,30
48140,"Wausau, WI",2020-07-01,12,25,2,0,39,340,42
48140,"Wausau, WI",2020-08-01,15,34,3,0,52,392,57
48140,"Wausau, WI",2020-09-01,6,37,5,0,48,440,63
48140,"Wausau, WI",2020-10-01,11,31,7,0,49,489,74
48140,"Wausau, WI",2020-11-01,10,29,9,1,49,538,84
48140,"Wausau, WI",2020-12-01,21,27,3,1,52,590,105
48140,"Wausau, WI",2021-01-01,23,38,4,1,66,656,128
48140,"Wausau, WI",2021-02-01,24,35,4,0,63,719,152
48140,"Wausau, WI",2021-03-01,29,40,8,1,78,797,181
48140,"Wausau, WI",2021-04-01,30,37,6,0,73,870,211
48140,"Wausau, WI",2021-05-01,25,37,9,1,72,942,236
48140,"Wausau, WI",2021-06-01,23,37,7,2,69,1011,259
48140,"Wausau, WI",2021-07-01,24,39,9,0,72,1083,283
48140,"Wausau, WI",2021-08-01,8,29,9,1,47,1130,291
48140,"Wausau, WI",2021-09-01,14,28,8,2,52,1182,305
48140,"Wausau, WI",2021-10-01,21,31,5,3,60,1242,326
48140,"Wausau, WI",2021-11-01,24,20,11,0,55,1297,350
48140,"Wausau, WI",2021-12-01,34,38,12,0,84,1381,384
48140,"Wausau, WI",2022-01-01,41,45,15,1,102,1483,425
48140,"Wausau, WI",2022-02-01,22,35,11,1,69,1552,447
48140,"Wausau, WI",2022-03-01,31,34,12,0,77,1629,478
48140,"Wausau, WI",2022-04-01,26,40,5,0,71,1700,504
48140,"Wausau, WI",2022-05-01,33,50,16,0,99,1799,537
48140,"Wausau, WI",2022-06-01,19,39,11,2,71,1870,556
48140,"Wausau, WI",2022-07-01,19,35,12,0,66,1936,575
48140,"Wausau, WI",2022-08-01,18,50,14,1,83,2019,593
48140,"Wausau, WI",2022-09-01,19,36,3,0,58,2077,612
48140,"Wausau, WI",2022-10-01,19,48,4,4,75,2152,631
48140,"Wausau, WI",2022-11-01,11,38,6,1,56,2208,642
48140,"Wausau, WI",2022-12-01,22,35,14,2,73,2281,664
48140,"Wausau, WI",2023-01-01,25,34,11,0,70,2351,689
48140,"Wausau, WI",2023-02-01,22,30,11,0,63,2414,711
48140,"Wausau, WI",2023-03-01,24,58,20,1,103,2517,735
48140,"Wausau, WI",2023-04-01,20,35,8,3,66,2583,755
48140,"Wausau, WI",2023-05-01,18,22,8,2,50,2633,773
48140,"Wausau, WI",2023-06-01,30,32,10,0,72,2705,803
48140,"Wausau, WI",2023-07-01,23,37,14,0,74,2779,826
48140,"Wausau, WI",2023-08-01,20,22,6,1,49,2828,846
48140,"Wausau, WI",2023-09-01,15,33,6,2,56,2884,861
48140,"Wausau, WI",2023-10-01,20,20,11,1,52,2936,881
48140,"Wausau, WI",2023-11-01,22,36,7,1,66,3002,903
48140,"Wausau, WI",2023-12-01,27,28,8,0,63,3065,930
48140,"Wausau, WI",2024-01-01,28,42,11,1,82,3147,958
48140,"Wausau, WI",2024-02-01,14,29,9,1,53,3200,972
48140,"Wausau, WI",2024-03-01,29,31,15,1,76,3276,1001
48140,"Wausau, WI",2024-04-01,31,32,7,0,70,3346,1032
48140,"Wausau, WI",2024-05-01,17,32,6,3,58,3404,1049
48140,"Wausau, WI",2024-06-01,18,29,3,0,50,3454,1067
48140,"Wausau, WI",2024-07-01,6,16,1,0,23,3477,1073
48140,"Wausau, WI",2024-08-01,14,15,1,0,30,3507,1087
48140,"Wausau, WI",2024-09-01,13,19,6,0,38,3545,1100
48140,"Wausau, WI",2024-10-01,33,45,8,2,88,3633,1133
48140,"Wausau, WI",2024-11-01,24,30,13,1,68,3701,1157
48140,"Wausau, WI",2024-12-01,41,47,14,0,102,3803,1198
48140,"Wausau, WI",2025-01-01,46,36,13,0,95,3898,1244
48140,"Wausau, WI",2025-02-01,41,33,14,2,90,3988,1285
48140,"Wausau, WI",2025-03-01,42,28,8,1,79,4067,1327
48140,"Wausau, WI",2025-04-01,46,46,14,4,110,4177,1373
48140,"Wausau, WI",2025-05-01,39,44,11,1,95,4272,1412
48140,"Wausau, WI",2025-06-01,63,53,14,0,130,4402,1475
48140,"Wausau, WI",2025-07-01,36,32,9,2,79,4481,1511
48140,"Wausau, WI",2025-08-01,39,35,9,2,85,4566,1550
48140,"Wausau, WI",2025-09-01,2,0,1,0,3,4569,1552
33940,"Montrose, CO",2019-01-01,0,2,0,0,2,2,0
33940,"Montrose, CO",2019-03-01,0,1,1,0,2,4,0
33940,"Montrose, CO",2019-04-01,0,2,0,0,2,6,0
33940,"Montrose, CO",2019-05-01,0,1,2,0,3,9,0
33940,"Montrose, CO",2019-06-01,0,1,0,0,1,10,0
33940,"Montrose, CO",2019-07-01,0,3,0,0,3,13,0
33940,"Montrose, CO",2019-08-01,0,2,1,0,3,16,0
33940,"Montrose, CO",2019-09-01,0,3,1,0,4,20,0
33940,"Montrose, CO",2019-10-01,0,1,0,0,1,21,0
33940,"Montrose, CO",2019-12-01,0,3,0,0,3,24,0
33940,"Montrose, CO",2020-01-01,0,1,0,0,1,25,0
33940,"Montrose, CO",2020-02-01,0,3,0,0,3,28,0
33940,"Montrose, CO",2020-03-01,1,3,2,0,6,34,1
33940,"Montrose, CO",2020-04-01,2,2,2,0,6,40,3
33940,"Montrose, CO",2020-05-01,0,4,1,0,5,45,3
33940,"Montrose, CO",2020-06-01,2,5,0,0,7,52,5
33940,"Montrose, CO",2020-07-01,1,10,2,0,13,65,6
33940,"Montrose, CO",2020-08-01,2,8,3,1,14,79,8
33940,"Montrose, CO",2020-09-01,2,3,1,0,6,85,10
33940,"Montrose, CO",2020-10-01,2,2,0,1,5,90,12
33940,"Montrose, CO",2020-11-01,0,7,0,0,7,97,12
33940,"Montrose, CO",2020-12-01,2,4,1,0,7,104,14
33940,"Montrose, CO",2021-01-01,1,8,0,0,9,113,15
33940,"Montrose, CO",2021-02-01,1,3,2,0,6,119,16
33940,"Montrose, CO",2021-03-01,3,8,3,0,14,133,19
33940,"Montrose, CO",2021-04-01,10,16,6,0,32,165,29
33940,"Montrose, CO",2021-05-01,7,13,2,0,22,187,36
33940,"Montrose, CO",2021-06-01,4,22,6,0,32,219,40
33940,"Montrose, CO",2021-07-01,4,10,1,0,15,234,44
33940,"Montrose, CO",2021-08-01,2,12,1,2,17,251,46
33940,"Montrose, CO",2021-09-01,7,13,4,0,24,275,53
33940,"Montrose, CO",2021-10-01,7,17,4,0,28,303,60
33940,"Montrose, CO",2021-11-01,4,11,5,1,21,324,64
33940,"Montrose, CO",2021-12-01,4,10,3,1,18,342,68
33940,"Montrose, CO",2022-01-01,14,25,7,0,46,388,82
33940,"Montrose, CO",2022-02-01,16,8,7,2,33,421,98
33940,"Montrose, CO",2022-03-01,6,12,8,0,26,447,104
33940,"Montrose, CO",2022-04-01,7,16,6,0,29,476,111
33940,"Montrose, CO",2022-05-01,13,11,4,0,28,504,124
33940,"Montrose, CO",2022-06-01,5,11,2,3,21,525,129
33940,"Montrose, CO",2022-07-01,7,10,6,0,23,548,136
33940,"Montrose, CO",2022-08-01,7,15,4,0,26,574,143
33940,"Montrose, CO",2022-09-01,6,17,4,0,27,601,149
33940,"Montrose, CO",2022-10-01,10,11,7,2,30,631,159
33940,"Montrose, CO",2022-11-01,8,18,4,0,30,661,167
33940,"Montrose, CO",2022-12-01,11,17,4,1,33,694,178
33940,"Montrose, CO",2023-01-01,7,18,4,0,29,723,185
33940,"Montrose, CO",2023-02-01,5,13,9,0,27,750,190
33940,"Montrose, CO",2023-03-01,13,17,6,1,37,787,203
33940,"Montrose, CO",2023-04-01,8,9,7,0,24,811,211
33940,"Montrose, CO",2023-05-01,9,15,7,1,32,843,220
33940,"Montrose, CO",2023-06-01,7,9,2,0,18,861,227
33940,"Montrose, CO",2023-07-01,9,8,5,0,22,883,236
33940,"Montrose, CO",2023-08-01,3,12,4,0,19,902,239
33940,"Montrose, CO",2023-09-01,5,7,4,0,16,918,244
33940,"Montrose, CO",2023-10-01,7,12,1,0,20,938,251
33940,"Montrose, CO",2023-11-01,8,13,8,0,29,967,259
33940,"Montrose, CO",2023-12-01,5,13,4,1,23,990,264
33940,"Montrose, CO",2024-01-01,14,15,6,0,35,1025,278
33940,"Montrose, CO",2024-02-01,10,7,3,0,20,1045,288
33940,"Montrose, CO",2024-03-01,6,15,4,0,25,1070,294
33940,"Montrose, CO",2024-04-01,4,12,5,0,21,1091,298
33940,"Montrose, CO",2024-05-01,7,10,7,1,25,1116,305
33940,"Montrose, CO",2024-06-01,0,4,2,0,6,1122,305
33940,"Montrose, CO",2024-07-01,6,10,1,0,17,1139,311
33940,"Montrose, CO",2024-08-01,4,5,4,0,13,1152,315
33940,"Montrose, CO",2024-09-01,2,16,4,0,22,1174,317
33940,"Montrose, CO",2024-10-01,4,8,8,1,21,1195,321
33940,"Montrose, CO",2024-11-01,9,4,2,0,15,1210,330
33940,"Montrose, CO",2024-12-01,11,13,4,0,28,1238,341
33940,"Montrose, CO",2025-01-01,10,10,5,0,25,1263,351
33940,"Montrose, CO",2025-02-01,7,11,2,0,20,1283,358
33940,"Montrose, CO",2025-03-01,7,11,4,0,22,1305,365
33940,"Montrose, CO",2025-04-01,4,14,4,1,23,1328,369
33940,"Montrose, CO",2025-05-01,8,20,3,0,31,1359,377
33940,"Montrose, CO",2025-06-01,9,9,2,0,20,1379,386
33940,"Montrose, CO",2025-07-01,11,7,6,1,25,1404,397
33940,"Montrose, CO",2025-08-01,3,8,3,0,14,1418,400
37340,"Palm Bay-Melbourne-Titusville, FL",2019-01-01,8,110,32,3,153,153,8
37340,"Palm Bay-Melbourne-Titusville, FL",2019-02-01,1,98,36,5,140,293,9
37340,"Palm Bay-Melbourne-Titusville, FL",2019-03-01,8,66,36,5,115,408,17
37340,"Palm Bay-Melbourne-Titusville, FL",2019-04-01,9,90,31,6,136,544,26
37340,"Palm Bay-Melbourne-Titusville, FL",2019-05-01,6,96,30,6,138,682,32
37340,"Palm Bay-Melbourne-Titusville, FL",2019-06-01,8,74,18,6,106,788,40
37340,"Palm Bay-Melbourne-Titusville, FL",2019-07-01,2,61,27,3,93,881,42
37340,"Palm Bay-Melbourne-Titusville, FL",2019-08-01,7,103,40,1,151,1032,49
37340,"Palm Bay-Melbourne-Titusville, FL",2019-09-01,10,63,21,3,97,1129,59
37340,"Palm Bay-Melbourne-Titusville, FL",2019-10-01,9,67,25,3,104,1233,68
37340,"Palm Bay-Melbourne-Titusville, FL",2019-11-01,8,49,25,1,83,1316,76
37340,"Palm Bay-Melbourne-Titusville, FL",2019-12-01,5,63,17,3,88,1404,81
37340,"Palm Bay-Melbourne-Titusville, FL",2020-01-01,8,88,28,4,128,1532,89
37340,"Palm Bay-Melbourne-Titusville, FL",2020-02-01,15,49,19,3,86,1618,104
37340,"Palm Bay-Melbourne-Titusville, FL",2020-03-01,11,82,30,5,128,1746,115
37340,"Palm Bay-Melbourne-Titusville, FL",2020-04-01,37,183,70,7,297,2043,152
37340,"Palm Bay-Melbourne-Titusville, FL",2020-05-01,67,219,83,14,383,2426,219
37340,"Palm Bay-Melbourne-Titusville, FL",2020-06-01,38,146,40,4,228,2654,257
37340,"Palm Bay-Melbourne-Titusville, FL",2020-07-01,73,237,71,11,392,3046,330
37340,"Palm Bay-Melbourne-Titusville, FL",2020-08-01,127,392,116,17,652,3698,457
37340,"Palm Bay-Melbourne-Titusville, FL",2020-09-01,87,326,74,14,501,4199,544
37340,"Palm Bay-Melbourne-Titusville, FL",2020-10-01,37,135,52,9,233,4432,581
37340,"Palm Bay-Melbourne-Titusville, FL",2020-11-01,38,129,24,1,192,4624,619
37340,"Palm Bay-Melbourne-Titusville, FL",2020-12-01,31,108,51,5,195,4819,650
37340,"Palm Bay-Melbourne-Titusville, FL",2021-01-01,175,450,116,14,755,5574,825
37340,"Palm Bay-Melbourne-Titusville, FL",2021-02-01,58,190,59,6,313,5887,883
37340,"Palm Bay-Melbourne-Titusville, FL",2021-03-01,166,378,147,25,716,6603,1049
37340,"Palm Bay-Melbourne-Titusville, FL",2021-04-01,198,475,142,22,837,7440,1247
37340,"Palm Bay-Melbourne-Titusville, FL",2021-05-01,157,389,109,21,676,8116,1404
37340,"Palm Bay-Melbourne-Titusville, FL",2021-06-01,60,233,57,7,357,8473,1464
37340,"Palm Bay-Melbourne-Titusville, FL",2021-07-01,53,186,44,10,293,8766,1517
37340,"Palm Bay-Melbourne-Titusville, FL",2021-08-01,88,215,79,8,390,9156,1605
37340,"Palm Bay-Melbourne-Titusville, FL",2021-09-01,42,186,66,4,298,9454,1647
37340,"Palm Bay-Melbourne-Titusville, FL",2021-10-01,39,106,34,10,189,9643,1686
37340,"Palm Bay-Melbourne-Titusville, FL",2021-11-01,58,145,51,6,260,9903,1744
37340,"Palm Bay-Melbourne-Titusville, FL",2021-12-01,52,163,48,6,269,10172,1796
37340,"Palm Bay-Melbourne-Titusville, FL",2022-01-01,148,302,109,16,575,10747,1944
37340,"Palm Bay-Melbourne-Titusville, FL",2022-02-01,66,157,62,10,295,11042,2010
37340,"Palm Bay-Melbourne-Titusville, FL",2022-03-01,139,293,99,9,540,11582,2149
37340,"Palm Bay-Melbourne-Titusville, FL",2022-04-01,136,371,120,17,644,12226,2285
37340,"Palm Bay-Melbourne-Titusville, FL",2022-05-01,113,228,77,13,431,12657,2398
37340,"Palm Bay-Melbourne-Titusville, FL",2022-06-01,72,174,63,5,314,12971,2470
37340,"Palm Bay-Melbourne-Titusville, FL",2022-07-01,62,137,52,8,259,13230,2532
37340,"Palm Bay-Melbourne-Titusville, FL",2022-08-01,76,164,70,7,317,13547,2608
37340,"Palm Bay-Melbourne-Titusville, FL",2022-09-01,145,320,114,10,589,14136,2753
37340,"Palm Bay-Melbourne-Titusville, FL",2022-10-01,165,297,118,19,599,14735,2918
37340,"Palm Bay-Melbourne-Titusville, FL",2022-11-01,141,291,98,15,545,15280,3059
37340,"Palm Bay-Melbourne-Titusville, FL",2022-12-01,161,244,92,11,508,15788,3220
37340,"Palm Bay-Melbourne-Titusville, FL",2023-01-01,124,261,85,18,488,16276,3344
37340,"Palm Bay-Melbourne-Titusville, FL",2023-02-01,111,184,74,10,379,16655,3455
37340,"Palm Bay-Melbourne-Titusville, FL",2023-03-01,160,303,97,9,569,17224,3615
37340,"Palm Bay-Melbourne-Titusville, FL",2023-04-01,117,219,71,8,415,17639,3732
37340,"Palm Bay-Melbourne-Titusville, FL",2023-05-01,55,135,29,1,220,17859,3787
37340,"Palm Bay-Melbourne-Titusville, FL",2023-06-01,40,92,33,4,169,18028,3827
37340,"Palm Bay-Melbourne-Titusville, FL",2023-07-01,42,104,39,5,190,18218,3869
37340,"Palm Bay-Melbourne-Titusville, FL",2023-08-01,45,99,24,4,172,18390,3914
37340,"Palm Bay-Melbourne-Titusville, FL",2023-09-01,41,101,42,1,185,18575,3955
37340,"Palm Bay-Melbourne-Titusville, FL",2023-10-01,91,162,67,7,327,18902,4046
37340,"Palm Bay-Melbourne-Titusville, FL",2023-11-01,108,213,90,9,420,19322,4154
37340,"Palm Bay-Melbourne-Titusville, FL",2023-12-01,182,311,129,13,635,19957,4336
37340,"Palm Bay-Melbourne-Titusville, FL",2024-01-01,174,279,109,11,573,20530,4510
37340,"Palm Bay-Melbourne-Titusville, FL",2024-02-01,217,250,93,17,577,21107,4727
37340,"Palm Bay-Melbourne-Titusville, FL",2024-03-01,219,246,108,13,586,21693,4946
37340,"Palm Bay-Melbourne-Titusville, FL",2024-04-01,198,278,93,9,578,22271,5144
37340,"Palm Bay-Melbourne-Titusville, FL",2024-05-01,178,273,83,9,543,22814,5322
37340,"Palm Bay-Melbourne-Titusville, FL",2024-06-01,89,183,62,8,342,23156,5411
37340,"Palm Bay-Melbourne-Titusville, FL",2024-07-01,59,153,38,4,254,23410,5470
37340,"Palm Bay-Melbourne-Titusville, FL",2024-08-01,40,85,30,3,158,23568,5510
37340,"Palm Bay-Melbourne-Titusville, FL",2024-09-01,59,105,42,6,212,23780,5569
37340,"Palm Bay-Melbourne-Titusville, FL",2024-10-01,150,288,119,9,566,24346,5719
37340,"Palm Bay-Melbourne-Titusville, FL",2024-11-01,130,266,97,12,505,24851,5849
37340,"Palm Bay-Melbourne-Titusville, FL",2024-12-01,138,242,97,10,487,25338,5987
37340,"Palm Bay-Melbourne-Titusville, FL",2025-01-01,158,245,92,18,513,25851,6145
37340,"Palm Bay-Melbourne-Titusville, FL",2025-02-01,148,171,95,11,425,26276,6293
37340,"Palm Bay-Melbourne-Titusville, FL",2025-03-01,141,213,84,10,448,26724,6434
37340,"Palm Bay-Melbourne-Titusville, FL",2025-04-01,179,214,83,13,489,27213,6613
37340,"Palm Bay-Melbourne-Titusville, FL",2025-05-01,189,232,97,8,526,27739,6802
37340,"Palm Bay-Melbourne-Titusville, FL",2025-06-01,177,292,123,15,607,28346,6979
37340,"Palm Bay-Melbourne-Titusville, FL",2025-07-01,135,188,80,4,407,28753,7114
37340,"Palm Bay-Melbourne-Titusville, FL",2025-08-01,155,227,83,11,476,29229,7269
37340,"Palm Bay-Melbourne-Titusville, FL",2025-09-01,1,6,2,0,9,29238,7270
37420,"Pampa, TX",2019-01-01,0,1,0,0,1,1,0
37420,"Pampa, TX",2019-03-01,0,1,0,0,1,2,0
37420,"Pampa, TX",2019-04-01,0,1,0,1,2,4,0
37420,"Pampa, TX",2019-05-01,0,1,0,0,1,5,0
37420,"Pampa, TX",2019-08-01,0,0,1,0,1,6,0
37420,"Pampa, TX",2019-12-01,0,1,0,0,1,7,0
37420,"Pampa, TX",2020-01-01,0,1,0,0,1,8,0
37420,"Pampa, TX",2020-03-01,0,1,0,0,1,9,0
37420,"Pampa, TX",2020-04-01,1,2,1,1,5,14,1
37420,"Pampa, TX",2020-05-01,0,6,0,0,6,20,1
37420,"Pampa, TX",2020-07-01,0,3,0,2,5,25,1
37420,"Pampa, TX",2020-08-01,0,2,0,0,2,27,1
37420,"Pampa, TX",2020-09-01,0,1,0,0,1,28,1
37420,"Pampa, TX",2020-11-01,2,3,1,0,6,34,3
37420,"Pampa, TX",2020-12-01,1,11,4,0,16,50,4
37420,"Pampa, TX",2021-01-01,4,5,1,0,10,60,8
37420,"Pampa, TX",2021-02-01,1,7,1,0,9,69,9
37420,"Pampa, TX",2021-03-01,1,5,2,1,9,78,10
37420,"Pampa, TX",2021-04-01,1,4,0,0,5,83,11
37420,"Pampa, TX",2021-05-01,1,8,4,0,13,96,12
37420,"Pampa, TX",2021-06-01,1,6,1,0,8,104,13
37420,"Pampa, TX",2021-07-01,0,10,2,0,12,116,13
37420,"Pampa, TX",2021-08-01,2,4,0,0,6,122,15
37420,"Pampa, TX",2021-09-01,0,3,3,0,6,128,15
37420,"Pampa, TX",2021-10-01,2,6,3,0,11,139,17
37420,"Pampa, TX",2021-11-01,4,5,3,0,12,151,21
37420,"Pampa, TX",2021-12-01,2,4,4,0,10,161,23
37420,"Pampa, TX",2022-01-01,5,12,6,0,23,184,28
37420,"Pampa, TX",2022-02-01,2,6,1,0,9,193,30
37420,"Pampa, TX",2022-03-01,1,5,0,0,6,199,31
37420,"Pampa, TX",2022-04-01,2,5,1,0,8,207,33
37420,"Pampa, TX",2022-05-01,4,4,3,0,11,218,37
37420,"Pampa, TX",2022-06-01,2,9,2,0,13,231,39
37420,"Pampa, TX",2022-07-01,2,4,1,1,8,239,41
37420,"Pampa, TX",2022-08-01,2,4,0,0,6,245,43
37420,"Pampa, TX",2022-09-01,1,8,0,1,10,255,44
37420,"Pampa, TX",2022-10-01,2,5,1,0,8,263,46
37420,"Pampa, TX",2022-11-01,3,4,0,0,7,270,49
37420,"Pampa, TX",2022-12-01,4,2,4,1,11,281,53
37420,"Pampa, TX",2023-01-01,4,4,1,0,9,290,57
37420,"Pampa, TX",2023-02-01,8,1,3,0,12,302,65
37420,"Pampa, TX",2023-03-01,5,10,3,0,18,320,70
37420,"Pampa, TX",2023-04-01,3,5,1,0,9,329,73
37420,"Pampa, TX",2023-05-01,5,6,1,0,12,341,78
37420,"Pampa, TX",2023-06-01,3,3,2,0,8,349,81
37420,"Pampa, TX",2023-07-01,6,3,1,0,10,359,87
37420,"Pampa, TX",2023-08-01,0,7,1,0,8,367,87
37420,"Pampa, TX",2023-09-01,2,5,4,0,11,378,89
37420,"Pampa, TX",2023-10-01,4,5,2,0,11,389,93
37420,"Pampa, TX",2023-11-01,2,7,1,0,10,399,95
37420,"Pampa, TX",2023-12-01,5,7,4,0,16,415,100
37420,"Pampa, TX",2024-01-01,5,10,2,0,17,432,105
37420,"Pampa, TX",2024-02-01,5,5,3,0,13,445,110
37420,"Pampa, TX",2024-03-01,8,8,4,1,21,466,118
37420,"Pampa, TX",2024-04-01,7,2,0,0,9,475,125
37420,"Pampa, TX",2024-05-01,3,4,1,0,8,483,128
37420,"Pampa, TX",2024-06-01,3,5,3,0,11,494,131
37420,"Pampa, TX",2024-07-01,3,1,1,0,5,499,134
37420,"Pampa, TX",2024-08-01,0,4,1,0,5,504,134
37420,"Pampa, TX",2024-09-01,3,7,1,1,12,516,137
37420,"Pampa, TX",2024-10-01,3,6,3,0,12,528,140
37420,"Pampa, TX",2024-11-01,4,6,3,0,13,541,144
37420,"Pampa, TX",2024-12-01,9,7,2,1,19,560,153
37420,"Pampa, TX",2025-01-01,5,2,1,0,8,568,158
37420,"Pampa, TX",2025-02-01,4,8,1,0,13,581,162
37420,"Pampa, TX",2025-03-01,6,11,5,1,23,604,168
37420,"Pampa, TX",2025-04-01,2,7,3,0,12,616,170
37420,"Pampa, TX",2025-05-01,6,11,2,0,19,635,176
37420,"Pampa, TX",2025-06-01,8,7,6,0,21,656,184
37420,"Pampa, TX",2025-07-01,5,4,0,0,9,665,189
37420,"Pampa, TX",2025-08-01,3,2,2,0,7,672,192
30980,"Longview, TX",2019-01-01,0,15,4,1,20,20,0
30980,"Longview, TX",2019-02-01,0,11,2,0,13,33,0
30980,"Longview, TX",2019-03-01,0,21,6,0,27,60,0
30980,"Longview, TX",2019-04-01,1,20,6,1,28,88,1
30980,"Longview, TX",2019-05-01,0,26,10,0,36,124,1
30980,"Longview, TX",2019-06-01,2,14,6,4,26,150,3
30980,"Longview, TX",2019-07-01,1,13,8,0,22,172,4
30980,"Longview, TX",2019-08-01,2,25,11,2,40,212,6
30980,"Longview, TX",2019-09-01,3,28,15,1,47,259,9
30980,"Longview, TX",2019-10-01,2,22,6,0,30,289,11
30980,"Longview, TX",2019-11-01,4,20,10,1,35,324,15
30980,"Longview, TX",2019-12-01,1,15,4,1,21,345,16
30980,"Longview, TX",2020-01-01,4,18,2,0,24,369,20
30980,"Longview, TX",2020-02-01,6,31,11,0,48,417,26
30980,"Longview, TX",2020-03-01,3,28,4,0,35,452,29
30980,"Longview, TX",2020-04-01,15,81,21,3,120,572,44
30980,"Longview, TX",2020-05-01,32,96,16,3,147,719,76
30980,"Longview, TX",2020-06-01,13,69,8,2,92,811,89
30980,"Longview, TX",2020-07-01,17,85,21,2,125,936,106
30980,"Longview, TX",2020-08-01,31,115,17,2,165,1101,137
30980,"Longview, TX",2020-09-01,28,91,28,1,148,1249,165
30980,"Longview, TX",2020-10-01,16,59,12,1,88,1337,181
30980,"Longview, TX",2020-11-01,17,32,10,1,60,1397,198
30980,"Longview, TX",2020-12-01,19,59,13,1,92,1489,217
30980,"Longview, TX",2021-01-01,38,97,29,2,166,1655,255
30980,"Longview, TX",2021-02-01,32,79,21,2,134,1789,287
30980,"Longview, TX",2021-03-01,54,124,41,3,222,2011,341
30980,"Longview, TX",2021-04-01,45,135,31,3,214,2225,386
30980,"Longview, TX",2021-05-01,33,98,18,2,151,2376,419
30980,"Longview, TX",2021-06-01,16,67,18,5,106,2482,435
30980,"Longview, TX",2021-07-01,26,75,12,1,114,2596,461
30980,"Longview, TX",2021-08-01,20,92,22,0,134,2730,481
30980,"Longview, TX",2021-09-01,32,105,33,2,172,2902,513
30980,"Longview, TX",2021-10-01,16,59,23,1,99,3001,529
30980,"Longview, TX",2021-11-01,24,67,6,1,98,3099,553
30980,"Longview, TX",2021-12-01,49,84,36,1,170,3269,602
30980,"Longview, TX",2022-01-01,25,95,25,1,146,3415,627
30980,"Longview, TX",2022-02-01,39,70,18,3,130,3545,666
30980,"Longview, TX",2022-03-01,60,125,34,9,228,3773,726
30980,"Longview, TX",2022-04-01,33,66,16,2,117,3890,759
30980,"Longview, TX",2022-05-01,52,86,23,2,163,4053,811
30980,"Longview, TX",2022-06-01,26,58,23,2,109,4162,837
30980,"Longview, TX",2022-07-01,24,56,16,2,98,4260,861
30980,"Longview, TX",2022-08-01,35,76,27,4,142,4402,896
30980,"Longview, TX",2022-09-01,52,130,35,2,219,4621,948
30980,"Longview, TX",2022-10-01,34,71,23,4,132,4753,982
30980,"Longview, TX",2022-11-01,47,99,32,5,183,4936,1029
30980,"Longview, TX",2022-12-01,53,116,30,3,202,5138,1082
30980,"Longview, TX",2023-01-01,56,111,32,3,202,5340,1138
30980,"Longview, TX",2023-02-01,53,70,31,0,154,5494,1191
30980,"Longview, TX",2023-03-01,90,176,42,5,313,5807,1281
30980,"Longview, TX",2023-04-01,58,100,30,4,192,5999,1339
30980,"Longview, TX",2023-05-01,36,57,20,1,114,6113,1375
30980,"Longview, TX",2023-06-01,33,59,12,1,105,6218,1408
30980,"Longview, TX",2023-07-01,40,51,21,0,112,6330,1448
30980,"Longview, TX",2023-08-01,29,52,17,0,98,6428,1477
30980,"Longview, TX",2023-09-01,38,79,27,4,148,6576,1515
30980,"Longview, TX",2023-10-01,46,76,24,5,151,6727,1561
30980,"Longview, TX",2023-11-01,82,109,32,4,227,6954,1643
30980,"Longview, TX",2023-12-01,82,120,47,3,252,7206,1725
30980,"Longview, TX",2024-01-01,85,134,32,3,254,7460,1810
30980,"Longview, TX",2024-02-01,93,94,31,5,223,7683,1903
30980,"Longview, TX",2024-03-01,79,96,23,2,200,7883,1982
30980,"Longview, TX",2024-04-01,66,95,33,2,196,8079,2048
30980,"Longview, TX",2024-05-01,42,63,21,3,129,8208,2090
30980,"Longview, TX",2024-06-01,30,42,21,1,94,8302,2120
30980,"Longview, TX",2024-07-01,31,36,12,2,81,8383,2151
30980,"Longview, TX",2024-08-01,43,60,15,3,121,8504,2194
30980,"Longview, TX",2024-09-01,51,75,24,4,154,8658,2245
30980,"Longview, TX",2024-10-01,76,135,33,2,246,8904,2321
30980,"Longview, TX",2024-11-01,54,117,28,6,205,9109,2375
30980,"Longview, TX",2024-12-01,87,121,24,5,237,9346,2462
30980,"Longview, TX",2025-01-01,66,118,39,2,225,9571,2528
30980,"Longview, TX",2025-02-01,85,100,24,4,213,9784,2613
30980,"Longview, TX",2025-03-01,116,119,40,2,277,10061,2729
30980,"Longview, TX",2025-04-01,90,128,32,5,255,10316,2819
30980,"Longview, TX",2025-05-01,91,116,39,3,249,10565,2910
30980,"Longview, TX",2025-06-01,41,59,14,0,114,10679,2951
30980,"Longview, TX",2025-07-01,29,50,14,0,93,10772,2980
30980,"Longview, TX",2025-08-01,61,99,29,6,195,10967,3041
30980,"Longview, TX",2025-09-01,2,3,0,0,5,10972,3043
14380,"Boone, NC",2019-01-01,0,4,0,1,5,5,0
14380,"Boone, NC",2019-02-01,1,6,3,0,10,15,1
14380,"Boone, NC",2019-03-01,1,15,2,0,18,33,2
14380,"Boone, NC",2019-04-01,4,18,6,1,29,62,6
14380,"Boone, NC",2019-05-01,1,26,2,0,29,91,7
14380,"Boone, NC",2019-06-01,1,25,4,0,30,121,8
14380,"Boone, NC",2019-07-01,5,21,0,0,26,147,13
14380,"Boone, NC",2019-08-01,5,21,4,0,30,177,18
14380,"Boone, NC",2019-09-01,3,23,1,0,27,204,21
14380,"Boone, NC",2019-10-01,1,23,3,0,27,231,22
14380,"Boone, NC",2019-11-01,5,21,1,0,27,258,27
14380,"Boone, NC",2019-12-01,1,25,0,0,26,284,28
14380,"Boone, NC",2020-01-01,4,34,2,1,41,325,32
14380,"Boone, NC",2020-02-01,5,31,2,0,38,363,37
14380,"Boone, NC",2020-03-01,11,30,2,0,43,406,48
14380,"Boone, NC",2020-04-01,31,57,6,1,95,501,79
14380,"Boone, NC",2020-05-01,74,111,5,0,190,691,153
14380,"Boone, NC",2020-06-01,57,65,4,1,127,818,210
14380,"Boone, NC",2020-07-01,56,71,7,1,135,953,266
14380,"Boone, NC",2020-08-01,62,99,5,0,166,1119,328
14380,"Boone, NC",2020-09-01,77,94,7,2,180,1299,405
14380,"Boone, NC",2020-10-01,52,61,4,0,117,1416,457
14380,"Boone, NC",2020-11-01,37,37,6,0,80,1496,494
14380,"Boone, NC",2020-12-01,39,52,8,0,99,1595,533
14380,"Boone, NC",2021-01-01,77,85,7,1,170,1765,610
14380,"Boone, NC",2021-02-01,64,84,10,1,159,1924,674
14380,"Boone, NC",2021-03-01,101,88,16,0,205,2129,775
14380,"Boone, NC",2021-04-01,59,92,11,2,164,2293,834
14380,"Boone, NC",2021-05-01,87,83,6,1,177,2470,921
14380,"Boone, NC",2021-06-01,51,50,10,1,112,2582,972
14380,"Boone, NC",2021-07-01,56,71,4,4,135,2717,1028
14380,"Boone, NC",2021-08-01,58,72,4,0,134,2851,1086
14380,"Boone, NC",2021-09-01,61,64,10,1,136,2987,1147
14380,"Boone, NC",2021-10-01,56,43,5,2,106,3093,1203
14380,"Boone, NC",2021-11-01,68,38,10,1,117,3210,1271
14380,"Boone, NC",2021-12-01,91,65,8,2,166,3376,1362
14380,"Boone, NC",2022-01-01,84,81,9,0,174,3550,1446
14380,"Boone, NC",2022-02-01,105,55,3,1,164,3714,1551
14380,"Boone, NC",2022-03-01,71,44,7,1,123,3837,1622
14380,"Boone, NC",2022-04-01,71,61,5,2,139,3976,1693
14380,"Boone, NC",2022-05-01,87,70,7,1,165,4141,1780
14380,"Boone, NC",2022-06-01,60,45,7,1,113,4254,1840
14380,"Boone, NC",2022-07-01,59,44,5,1,109,4363,1899
14380,"Boone, NC",2022-08-01,73,41,14,0,128,4491,1972
14380,"Boone, NC",2022-09-01,69,47,13,0,129,4620,2041
14380,"Boone, NC",2022-10-01,89,35,11,2,137,4757,2130
14380,"Boone, NC",2022-11-01,95,38,16,0,149,4906,2225
14380,"Boone, NC",2022-12-01,103,36,9,1,149,5055,2328
14380,"Boone, NC",2023-01-01,91,33,5,2,131,5186,2419
14380,"Boone, NC",2023-02-01,128,37,16,2,183,5369,2547
14380,"Boone, NC",2023-03-01,121,39,14,3,177,5546,2668
14380,"Boone, NC",2023-04-01,86,40,11,1,138,5684,2754
14380,"Boone, NC",2023-05-01,77,35,10,2,124,5808,2831
14380,"Boone, NC",2023-06-01,61,18,8,0,87,5895,2892
14380,"Boone, NC",2023-07-01,34,30,5,0,69,5964,2926
14380,"Boone, NC",2023-08-01,52,22,5,1,80,6044,2978
14380,"Boone, NC",2023-09-01,100,27,9,1,137,6181,3078
14380,"Boone, NC",2023-10-01,100,27,12,2,141,6322,3178
14380,"Boone, NC",2023-11-01,102,38,13,2,155,6477,3280
14380,"Boone, NC",2023-12-01,119,30,14,0,163,6640,3399
14380,"Boone, NC",2024-01-01,98,35,5,0,138,6778,3497
14380,"Boone, NC",2024-02-01,135,29,20,1,185,6963,3632
14380,"Boone, NC",2024-03-01,127,28,11,1,167,7130,3759
14380,"Boone, NC",2024-04-01,114,27,11,0,152,7282,3873
14380,"Boone, NC",2024-05-01,97,29,13,1,140,7422,3970
14380,"Boone, NC",2024-06-01,80,28,11,0,119,7541,4050
14380,"Boone, NC",2024-07-01,78,28,12,3,121,7662,4128
14380,"Boone, NC",2024-08-01,60,39,9,2,110,7772,4188
14380,"Boone, NC",2024-09-01,99,24,8,0,131,7903,4287
14380,"Boone, NC",2024-10-01,89,22,3,1,115,8018,4376
14380,"Boone, NC",2024-11-01,102,18,9,1,130,8148,4478
14380,"Boone, NC",2024-12-01,111,29,9,0,149,8297,4589
14380,"Boone, NC",2025-01-01,108,34,14,0,156,8453,4697
14380,"Boone, NC",2025-02-01,138,16,8,0,162,8615,4835
14380,"Boone, NC",2025-03-01,105,20,7,1,133,8748,4940
14380,"Boone, NC",2025-04-01,106,22,3,0,131,8879,5046
14380,"Boone, NC",2025-05-01,96,26,7,1,130,9009,5142
14380,"Boone, NC",2025-06-01,62,35,8,1,106,9115,5204
14380,"Boone, NC",2025-07-01,52,29,7,0,88,9203,5256
14380,"Boone, NC",2025-08-01,60,17,6,1,84,9287,5316
14380,"Boone, NC",2025-09-01,1,0,0,0,1,9288,5317
11020,"Altoona, PA",2019-01-01,0,4,0,0,4,4,0
11020,"Altoona, PA",2019-02-01,0,3,3,0,6,10,0
11020,"Altoona, PA",2019-03-01,0,8,1,0,9,19,0
11020,"Altoona, PA",2019-04-01,3,24,5,0,32,51,3
11020,"Altoona, PA",2019-05-01,0,18,5,0,23,74,3
11020,"Altoona, PA",2019-06-01,2,13,3,1,19,93,5
11020,"Altoona, PA",2019-07-01,0,9,6,0,15,108,5
11020,"Altoona, PA",2019-08-01,4,22,5,2,33,141,9
11020,"Altoona, PA",2019-09-01,2,25,7,0,34,175,11
11020,"Altoona, PA",2019-10-01,3,14,3,0,20,195,14
11020,"Altoona, PA",2019-11-01,7,14,7,0,28,223,21
11020,"Altoona, PA",2019-12-01,0,19,6,1,26,249,21
11020,"Altoona, PA",2020-01-01,8,25,4,0,37,286,29
11020,"Altoona, PA",2020-02-01,3,18,4,0,25,311,32
11020,"Altoona, PA",2020-03-01,4,30,10,3,47,358,36
11020,"Altoona, PA",2020-04-01,15,36,10,0,61,419,51
11020,"Altoona, PA",2020-05-01,26,59,11,1,97,516,77
11020,"Altoona, PA",2020-06-01,27,58,6,4,95,611,104
11020,"Altoona, PA",2020-07-01,32,48,10,0,90,701,136
11020,"Altoona, PA",2020-08-01,29,83,16,2,130,831,165
11020,"Altoona, PA",2020-09-01,22,47,9,1,79,910,187
11020,"Altoona, PA",2020-10-01,32,73,9,0,114,1024,219
11020,"Altoona, PA",2020-11-01,13,33,7,1,54,1078,232
11020,"Altoona, PA",2020-12-01,26,25,12,1,64,1142,258
11020,"Altoona, PA",2021-01-01,38,28,10,2,78,1220,296
11020,"Altoona, PA",2021-02-01,37,40,12,2,91,1311,333
11020,"Altoona, PA",2021-03-01,40,75,12,0,127,1438,373
11020,"Altoona, PA",2021-04-01,32,56,10,2,100,1538,405
11020,"Altoona, PA",2021-05-01,48,66,15,0,129,1667,453
11020,"Altoona, PA",2021-06-01,28,59,12,0,99,1766,481
11020,"Altoona, PA",2021-07-01,13,35,17,1,66,1832,494
11020,"Altoona, PA",2021-08-01,26,43,10,1,80,1912,520
11020,"Altoona, PA",2021-09-01,16,28,10,1,55,1967,536
11020,"Altoona, PA",2021-10-01,11,34,9,0,54,2021,547
11020,"Altoona, PA",2021-11-01,14,57,10,2,83,2104,561
11020,"Altoona, PA",2021-12-01,36,56,22,1,115,2219,597
11020,"Altoona, PA",2022-01-01,32,68,8,1,109,2328,629
11020,"Altoona, PA",2022-02-01,34,28,12,1,75,2403,663
11020,"Altoona, PA",2022-03-01,26,53,13,3,95,2498,689
11020,"Altoona, PA",2022-04-01,25,53,10,0,88,2586,714
11020,"Altoona, PA",2022-05-01,29,38,10,0,77,2663,743
11020,"Altoona, PA",2022-06-01,17,29,7,1,54,2717,760
11020,"Altoona, PA",2022-07-01,19,30,7,1,57,2774,779
11020,"Altoona, PA",2022-08-01,33,60,15,0,108,2882,812
11020,"Altoona, PA",2022-09-01,31,50,16,0,97,2979,843
11020,"Altoona, PA",2022-10-01,29,48,21,2,100,3079,872
11020,"Altoona, PA",2022-11-01,39,43,10,1,93,3172,911
11020,"Altoona, PA",2022-12-01,42,51,7,1,101,3273,953
11020,"Altoona, PA",2023-01-01,23,37,19,0,79,3352,976
11020,"Altoona, PA",2023-02-01,38,31,10,0,79,3431,1014
11020,"Altoona, PA",2023-03-01,44,62,17,2,125,3556,1058
11020,"Altoona, PA",2023-04-01,31,45,13,1,90,3646,1089
11020,"Altoona, PA",2023-05-01,30,42,10,0,82,3728,1119
11020,"Altoona, PA",2023-06-01,22,25,3,0,50,3778,1141
11020,"Altoona, PA",2023-07-01,25,36,9,2,72,3850,1166
11020,"Altoona, PA",2023-08-01,25,25,11,1,62,3912,1191
11020,"Altoona, PA",2023-09-01,51,38,14,0,103,4015,1242
11020,"Altoona, PA",2023-10-01,41,37,8,0,86,4101,1283
11020,"Altoona, PA",2023-11-01,43,47,12,1,103,4204,1326
11020,"Altoona, PA",2023-12-01,48,28,11,3,90,4294,1374
11020,"Altoona, PA",2024-01-01,39,55,17,1,112,4406,1413
11020,"Altoona, PA",2024-02-01,50,54,16,3,123,4529,1463
11020,"Altoona, PA",2024-03-01,77,50,17,2,146,4675,1540
11020,"Altoona, PA",2024-04-01,53,42,12,1,108,4783,1593
11020,"Altoona, PA",2024-05-01,36,31,11,2,80,4863,1629
11020,"Altoona, PA",2024-06-01,39,46,10,1,96,4959,1668
11020,"Altoona, PA",2024-07-01,34,45,14,1,94,5053,1702
11020,"Altoona, PA",2024-08-01,26,31,11,0,68,5121,1728
11020,"Altoona, PA",2024-09-01,37,48,14,1,100,5221,1765
11020,"Altoona, PA",2024-10-01,62,53,14,2,131,5352,1827
11020,"Altoona, PA",2024-11-01,68,37,21,1,127,5479,1895
11020,"Altoona, PA",2024-12-01,61,52,9,2,124,5603,1956
11020,"Altoona, PA",2025-01-01,66,44,14,2,126,5729,2022
11020,"Altoona, PA",2025-02-01,40,34,12,2,88,5817,2062
11020,"Altoona, PA",2025-03-01,53,38,8,0,99,5916,2115
11020,"Altoona, PA",2025-04-01,52,46,10,4,112,6028,2167
11020,"Altoona, PA",2025-05-01,53,41,6,2,102,6130,2220
11020,"Altoona, PA",2025-06-01,27,21,7,0,55,6185,2247
11020,"Altoona, PA",2025-07-01,51,48,15,4,118,6303,2298
11020,"Altoona, PA",2025-08-01,40,32,16,2,90,6393,2338
11020,"Altoona, PA",2025-09-01,1,2,1,0,4,6397,2339
25180,"Hagerstown-Martinsburg, MD-WV",2019-01-01,0,21,7,0,28,28,0
25180,"Hagerstown-Martinsburg, MD-WV",2019-02-01,4,49,19,2,74,102,4
25180,"Hagerstown-Martinsburg, MD-WV",2019-03-01,1,79,22,3,105,207,5
25180,"Hagerstown-Martinsburg, MD-WV",2019-04-01,6,101,24,2,133,340,11
25180,"Hagerstown-Martinsburg, MD-WV",2019-05-01,3,104,20,3,130,470,14
25180,"Hagerstown-Martinsburg, MD-WV",2019-06-01,7,74,15,3,99,569,21
25180,"Hagerstown-Martinsburg, MD-WV",2019-07-01,5,78,23,1,107,676,26
25180,"Hagerstown-Martinsburg, MD-WV",2019-08-01,3,85,24,3,115,791,29
25180,"Hagerstown-Martinsburg, MD-WV",2019-09-01,4,67,12,0,83,874,33
25180,"Hagerstown-Martinsburg, MD-WV",2019-10-01,8,76,17,0,101,975,41
25180,"Hagerstown-Martinsburg, MD-WV",2019-11-01,9,50,13,0,72,1047,50
25180,"Hagerstown-Martinsburg, MD-WV",2019-12-01,3,50,23,2,78,1125,53
25180,"Hagerstown-Martinsburg, MD-WV",2020-01-01,16,76,22,3,117,1242,69
25180,"Hagerstown-Martinsburg, MD-WV",2020-02-01,5,64,19,1,89,1331,74
25180,"Hagerstown-Martinsburg, MD-WV",2020-03-01,21,94,28,4,147,1478,95
25180,"Hagerstown-Martinsburg, MD-WV",2020-04-01,49,242,68,8,367,1845,144
25180,"Hagerstown-Martinsburg, MD-WV",2020-05-01,104,273,61,8,446,2291,248
25180,"Hagerstown-Martinsburg, MD-WV",2020-06-01,40,126,18,2,186,2477,288
25180,"Hagerstown-Martinsburg, MD-WV",2020-07-01,74,274,47,3,398,2875,362
25180,"Hagerstown-Martinsburg, MD-WV",2020-08-01,91,396,70,7,564,3439,453
25180,"Hagerstown-Martinsburg, MD-WV",2020-09-01,53,236,58,6,353,3792,506
25180,"Hagerstown-Martinsburg, MD-WV",2020-10-01,25,127,34,3,189,3981,531
25180,"Hagerstown-Martinsburg, MD-WV",2020-11-01,36,124,24,2,186,4167,567
25180,"Hagerstown-Martinsburg, MD-WV",2020-12-01,52,143,28,3,226,4393,619
25180,"Hagerstown-Martinsburg, MD-WV",2021-01-01,120,332,88,8,548,4941,739
25180,"Hagerstown-Martinsburg, MD-WV",2021-02-01,80,264,77,6,427,5368,819
25180,"Hagerstown-Martinsburg, MD-WV",2021-03-01,117,328,95,8,548,5916,936
25180,"Hagerstown-Martinsburg, MD-WV",2021-04-01,129,349,86,10,574,6490,1065
25180,"Hagerstown-Martinsburg, MD-WV",2021-05-01,67,196,42,5,310,6800,1132
25180,"Hagerstown-Martinsburg, MD-WV",2021-06-01,48,180,40,2,270,7070,1180
25180,"Hagerstown-Martinsburg, MD-WV",2021-07-01,33,134,35,3,205,7275,1213
25180,"Hagerstown-Martinsburg, MD-WV",2021-08-01,34,157,37,4,232,7507,1247
25180,"Hagerstown-Martinsburg, MD-WV",2021-09-01,82,275,85,6,448,7955,1329
25180,"Hagerstown-Martinsburg, MD-WV",2021-10-01,43,134,38,5,220,8175,1372
25180,"Hagerstown-Martinsburg, MD-WV",2021-11-01,39,106,32,3,180,8355,1411
25180,"Hagerstown-Martinsburg, MD-WV",2021-12-01,77,227,73,7,384,8739,1488
25180,"Hagerstown-Martinsburg, MD-WV",2022-01-01,78,223,70,6,377,9116,1566
25180,"Hagerstown-Martinsburg, MD-WV",2022-02-01,62,165,64,9,300,9416,1628
25180,"Hagerstown-Martinsburg, MD-WV",2022-03-01,73,170,63,7,313,9729,1701
25180,"Hagerstown-Martinsburg, MD-WV",2022-04-01,47,156,51,7,261,9990,1748
25180,"Hagerstown-Martinsburg, MD-WV",2022-05-01,79,216,52,6,353,10343,1827
25180,"Hagerstown-Martinsburg, MD-WV",2022-06-01,47,120,39,3,209,10552,1874
25180,"Hagerstown-Martinsburg, MD-WV",2022-07-01,24,104,39,2,169,10721,1898
25180,"Hagerstown-Martinsburg, MD-WV",2022-08-01,41,175,49,6,271,10992,1939
25180,"Hagerstown-Martinsburg, MD-WV",2022-09-01,41,150,57,5,253,11245,1980
25180,"Hagerstown-Martinsburg, MD-WV",2022-10-01,56,159,53,4,272,11517,2036
25180,"Hagerstown-Martinsburg, MD-WV",2022-11-01,63,186,57,2,308,11825,2099
25180,"Hagerstown-Martinsburg, MD-WV",2022-12-01,84,218,61,3,366,12191,2183
25180,"Hagerstown-Martinsburg, MD-WV",2023-01-01,70,186,64,1,321,12512,2253
25180,"Hagerstown-Martinsburg, MD-WV",2023-02-01,96,178,58,10,342,12854,2349
25180,"Hagerstown-Martinsburg, MD-WV",2023-03-01,154,277,101,2,534,13388,2503
25180,"Hagerstown-Martinsburg, MD-WV",2023-04-01,89,197,57,6,349,13737,2592
25180,"Hagerstown-Martinsburg, MD-WV",2023-05-01,51,109,30,0,190,13927,2643
25180,"Hagerstown-Martinsburg, MD-WV",2023-06-01,49,75,26,3,153,14080,2692
25180,"Hagerstown-Martinsburg, MD-WV",2023-07-01,40,70,19,0,129,14209,2732
25180,"Hagerstown-Martinsburg, MD-WV",2023-08-01,42,76,29,3,150,14359,2774
25180,"Hagerstown-Martinsburg, MD-WV",2023-09-01,67,131,49,2,249,14608,2841
25180,"Hagerstown-Martinsburg, MD-WV",2023-10-01,98,171,58,4,331,14939,2939
25180,"Hagerstown-Martinsburg, MD-WV",2023-11-01,121,224,80,9,434,15373,3060
25180,"Hagerstown-Martinsburg, MD-WV",2023-12-01,145,240,71,6,462,15835,3205
25180,"Hagerstown-Martinsburg, MD-WV",2024-01-01,113,219,86,8,426,16261,3318
25180,"Hagerstown-Martinsburg, MD-WV",2024-02-01,115,224,60,15,414,16675,3433
25180,"Hagerstown-Martinsburg, MD-WV",2024-03-01,131,213,61,10,415,17090,3564
25180,"Hagerstown-Martinsburg, MD-WV",2024-04-01,110,162,49,7,328,17418,3674
25180,"Hagerstown-Martinsburg, MD-WV",2024-05-01,123,177,56,3,359,17777,3797
25180,"Hagerstown-Martinsburg, MD-WV",2024-06-01,101,176,57,5,339,18116,3898
25180,"Hagerstown-Martinsburg, MD-WV",2024-07-01,72,116,36,3,227,18343,3970
25180,"Hagerstown-Martinsburg, MD-WV",2024-08-01,63,82,21,3,169,18512,4033
25180,"Hagerstown-Martinsburg, MD-WV",2024-09-01,99,151,49,4,303,18815,4132
25180,"Hagerstown-Martinsburg, MD-WV",2024-10-01,138,216,66,4,424,19239,4270
25180,"Hagerstown-Martinsburg, MD-WV",2024-11-01,130,199,85,5,419,19658,4400
25180,"Hagerstown-Martinsburg, MD-WV",2024-12-01,123,219,57,7,406,20064,4523
25180,"Hagerstown-Martinsburg, MD-WV",2025-01-01,175,237,71,7,490,20554,4698
25180,"Hagerstown-Martinsburg, MD-WV",2025-02-01,124,194,54,5,377,20931,4822
25180,"Hagerstown-Martinsburg, MD-WV",2025-03-01,154,210,62,6,432,21363,4976
25180,"Hagerstown-Martinsburg, MD-WV",2025-04-01,151,179,53,6,389,21752,5127
25180,"Hagerstown-Martinsburg, MD-WV",2025-05-01,174,184,54,3,415,22167,5301
25180,"Hagerstown-Martinsburg, MD-WV",2025-06-01,62,88,26,3,179,22346,5363
25180,"Hagerstown-Martinsburg, MD-WV",2025-07-01,60,81,12,3,156,22502,5423
25180,"Hagerstown-Martinsburg, MD-WV",2025-08-01,32,40,17,1,90,22592,5455
25180,"Hagerstown-Martinsburg, MD-WV",2025-09-01,1,2,0,1,4,22596,5456
42200,"Santa Maria-Santa Barbara, CA",2019-01-01,2,80,14,2,98,98,2
42200,"Santa Maria-Santa Barbara, CA",2019-02-01,9,72,10,2,93,191,11
42200,"Santa Maria-Santa Barbara, CA",2019-03-01,5,91,18,2,116,307,16
42200,"Santa Maria-Santa Barbara, CA",2019-04-01,3,79,17,2,101,408,19
42200,"Santa Maria-Santa Barbara, CA",2019-05-01,6,81,12,1,100,508,25
42200,"Santa Maria-Santa Barbara, CA",2019-06-01,8,62,8,3,81,589,33
42200,"Santa Maria-Santa Barbara, CA",2019-07-01,9,87,12,3,111,700,42
42200,"Santa Maria-Santa Barbara, CA",2019-08-01,8,85,9,1,103,803,50
42200,"Santa Maria-Santa Barbara, CA",2019-09-01,8,93,12,4,117,920,58
42200,"Santa Maria-Santa Barbara, CA",2019-10-01,16,97,13,4,130,1050,74
42200,"Santa Maria-Santa Barbara, CA",2019-11-01,8,51,21,1,81,1131,82
42200,"Santa Maria-Santa Barbara, CA",2019-12-01,11,79,21,2,113,1244,93
42200,"Santa Maria-Santa Barbara, CA",2020-01-01,18,80,24,1,123,1367,111
42200,"Santa Maria-Santa Barbara, CA",2020-02-01,11,62,9,0,82,1449,122
42200,"Santa Maria-Santa Barbara, CA",2020-03-01,25,92,29,4,150,1599,147
42200,"Santa Maria-Santa Barbara, CA",2020-04-01,77,224,48,9,358,1957,224
42200,"Santa Maria-Santa Barbara, CA",2020-05-01,108,235,57,4,404,2361,332
42200,"Santa Maria-Santa Barbara, CA",2020-06-01,123,175,38,5,341,2702,455
42200,"Santa Maria-Santa Barbara, CA",2020-07-01,115,285,55,3,458,3160,570
42200,"Santa Maria-Santa Barbara, CA",2020-08-01,111,281,42,4,438,3598,681
42200,"Santa Maria-Santa Barbara, CA",2020-09-01,111,215,40,4,370,3968,792
42200,"Santa Maria-Santa Barbara, CA",2020-10-01,92,225,40,2,359,4327,884
42200,"Santa Maria-Santa Barbara, CA",2020-11-01,48,125,26,2,201,4528,932
42200,"Santa Maria-Santa Barbara, CA",2020-12-01,51,82,13,6,152,4680,983
42200,"Santa Maria-Santa Barbara, CA",2021-01-01,47,130,22,3,202,4882,1030
42200,"Santa Maria-Santa Barbara, CA",2021-02-01,41,98,24,3,166,5048,1071
42200,"Santa Maria-Santa Barbara, CA",2021-03-01,133,248,61,9,451,5499,1204
42200,"Santa Maria-Santa Barbara, CA",2021-04-01,56,88,33,4,181,5680,1260
42200,"Santa Maria-Santa Barbara, CA",2021-05-01,49,85,22,4,160,5840,1309
42200,"Santa Maria-Santa Barbara, CA",2021-06-01,37,99,24,6,166,6006,1346
42200,"Santa Maria-Santa Barbara, CA",2021-07-01,47,64,17,4,132,6138,1393
42200,"Santa Maria-Santa Barbara, CA",2021-08-01,40,83,16,2,141,6279,1433
42200,"Santa Maria-Santa Barbara, CA",2021-09-01,55,140,44,6,245,6524,1488
42200,"Santa Maria-Santa Barbara, CA",2021-10-01,16,65,26,0,107,6631,1504
42200,"Santa Maria-Santa Barbara, CA",2021-11-01,38,96,27,0,161,6792,1542
42200,"Santa Maria-Santa Barbara, CA",2021-12-01,36,92,32,5,165,6957,1578
42200,"Santa Maria-Santa Barbara, CA",2022-01-01,86,206,69,3,364,7321,1664
42200,"Santa Maria-Santa Barbara, CA",2022-02-01,60,101,27,6,194,7515,1724
42200,"Santa Maria-Santa Barbara, CA",2022-03-01,19,66,25,2,112,7627,1743
42200,"Santa Maria-Santa Barbara, CA",2022-04-01,30,78,45,4,157,7784,1773
42200,"Santa Maria-Santa Barbara, CA",2022-05-01,45,105,37,3,190,7974,1818
42200,"Santa Maria-Santa Barbara, CA",2022-06-01,32,47,31,6,116,8090,1850
42200,"Santa Maria-Santa Barbara, CA",2022-07-01,22,58,21,1,102,8192,1872
42200,"Santa Maria-Santa Barbara, CA",2022-08-01,131,265,67,12,475,8667,2003
42200,"Santa Maria-Santa Barbara, CA",2022-09-01,127,275,70,10,482,9149,2130
42200,"Santa Maria-Santa Barbara, CA",2022-10-01,84,133,44,5,266,9415,2214
42200,"Santa Maria-Santa Barbara, CA",2022-11-01,129,202,53,11,395,9810,2343
42200,"Santa Maria-Santa Barbara, CA",2022-12-01,138,227,74,9,448,10258,2481
42200,"Santa Maria-Santa Barbara, CA",2023-01-01,74,138,36,3,251,10509,2555
42200,"Santa Maria-Santa Barbara, CA",2023-02-01,57,131,61,4,253,10762,2612
42200,"Santa Maria-Santa Barbara, CA",2023-03-01,92,202,61,8,363,11125,2704
42200,"Santa Maria-Santa Barbara, CA",2023-04-01,65,100,43,7,215,11340,2769
42200,"Santa Maria-Santa Barbara, CA",2023-05-01,32,99,36,3,170,11510,2801
42200,"Santa Maria-Santa Barbara, CA",2023-06-01,27,101,26,0,154,11664,2828
42200,"Santa Maria-Santa Barbara, CA",2023-07-01,24,95,28,3,150,11814,2852
42200,"Santa Maria-Santa Barbara, CA",2023-08-01,29,130,41,5,205,12019,2881
42200,"Santa Maria-Santa Barbara, CA",2023-09-01,26,124,49,2,201,12220,2907
42200,"Santa Maria-Santa Barbara, CA",2023-10-01,25,124,30,3,182,12402,2932
42200,"Santa Maria-Santa Barbara, CA",2023-11-01,112,217,62,11,402,12804,3044
42200,"Santa Maria-Santa Barbara, CA",2023-12-01,110,211,52,5,378,13182,3154
42200,"Santa Maria-Santa Barbara, CA",2024-01-01,91,178,50,6,325,13507,3245
42200,"Santa Maria-Santa Barbara, CA",2024-02-01,40,121,37,7,205,13712,3285
42200,"Santa Maria-Santa Barbara, CA",2024-03-01,37,126,38,5,206,13918,3322
42200,"Santa Maria-Santa Barbara, CA",2024-04-01,92,140,39,6,277,14195,3414
42200,"Santa Maria-Santa Barbara, CA",2024-05-01,83,179,49,15,326,14521,3497
42200,"Santa Maria-Santa Barbara, CA",2024-06-01,21,143,49,9,222,14743,3518
42200,"Santa Maria-Santa Barbara, CA",2024-07-01,36,148,32,5,221,14964,3554
42200,"Santa Maria-Santa Barbara, CA",2024-08-01,19,126,30,3,178,15142,3573
42200,"Santa Maria-Santa Barbara, CA",2024-09-01,10,81,25,3,119,15261,3583
42200,"Santa Maria-Santa Barbara, CA",2024-10-01,23,76,23,3,125,15386,3606
42200,"Santa Maria-Santa Barbara, CA",2024-11-01,23,52,24,3,102,15488,3629
42200,"Santa Maria-Santa Barbara, CA",2024-12-01,20,52,17,1,90,15578,3649
42200,"Santa Maria-Santa Barbara, CA",2025-01-01,15,64,10,3,92,15670,3664
42200,"Santa Maria-Santa Barbara, CA",2025-02-01,21,46,10,1,78,15748,3685
42200,"Santa Maria-Santa Barbara, CA",2025-03-01,24,67,15,0,106,15854,3709
42200,"Santa Maria-Santa Barbara, CA",2025-04-01,17,37,6,0,60,15914,3726
42200,"Santa Maria-Santa Barbara, CA",2025-05-01,38,71,11,0,120,16034,3764
42200,"Santa Maria-Santa Barbara, CA",2025-06-01,20,21,10,0,51,16085,3784
42200,"Santa Maria-Santa Barbara, CA",2025-07-01,27,26,5,0,58,16143,3811
42200,"Santa Maria-Santa Barbara, CA",2025-08-01,18,23,4,0,45,16188,3829
11180,"Ames, IA",2019-01-01,1,4,3,0,8,8,1
11180,"Ames, IA",2019-02-01,1,11,2,0,14,22,2
11180,"Ames, IA",2019-03-01,2,9,2,0,13,35,4
11180,"Ames, IA",2019-04-01,1,39,2,0,42,77,5
11180,"Ames, IA",2019-05-01,0,41,4,0,45,122,5
11180,"Ames, IA",2019-06-01,1,38,5,0,44,166,6
11180,"Ames, IA",2019-07-01,3,34,1,0,38,204,9
11180,"Ames, IA",2019-08-01,7,42,3,1,53,257,16
11180,"Ames, IA",2019-09-01,5,44,10,0,59,316,21
11180,"Ames, IA",2019-10-01,6,49,0,0,55,371,27
11180,"Ames, IA",2019-11-01,3,28,4,1,36,407,30
11180,"Ames, IA",2019-12-01,7,38,4,0,49,456,37
11180,"Ames, IA",2020-01-01,10,55,3,2,70,526,47
11180,"Ames, IA",2020-02-01,14,41,1,0,56,582,61
11180,"Ames, IA",2020-03-01,16,47,8,0,71,653,77
11180,"Ames, IA",2020-04-01,57,120,18,1,196,849,134
11180,"Ames, IA",2020-05-01,77,140,13,1,231,1080,211
11180,"Ames, IA",2020-06-01,61,102,7,1,171,1251,272
11180,"Ames, IA",2020-07-01,66,108,10,1,185,1436,338
11180,"Ames, IA",2020-08-01,90,134,10,2,236,1672,428
11180,"Ames, IA",2020-09-01,75,173,9,4,261,1933,503
11180,"Ames, IA",2020-10-01,79,91,9,0,179,2112,582
11180,"Ames, IA",2020-11-01,56,76,5,0,137,2249,638
11180,"Ames, IA",2020-12-01,42,85,5,0,132,2381,680
11180,"Ames, IA",2021-01-01,99,120,10,1,230,2611,779
11180,"Ames, IA",2021-02-01,101,96,16,2,215,2826,880
11180,"Ames, IA",2021-03-01,87,118,14,1,220,3046,967
11180,"Ames, IA",2021-04-01,66,88,9,1,164,3210,1033
11180,"Ames, IA",2021-05-01,62,101,4,1,168,3378,1095
11180,"Ames, IA",2021-06-01,72,119,6,0,197,3575,1167
11180,"Ames, IA",2021-07-01,36,74,6,1,117,3692,1203
11180,"Ames, IA",2021-08-01,58,84,11,0,153,3845,1261
11180,"Ames, IA",2021-09-01,68,68,9,0,145,3990,1329
11180,"Ames, IA",2021-10-01,59,72,9,1,141,4131,1388
11180,"Ames, IA",2021-11-01,67,64,7,1,139,4270,1455
11180,"Ames, IA",2021-12-01,90,77,14,0,181,4451,1545
11180,"Ames, IA",2022-01-01,124,116,17,0,257,4708,1669
11180,"Ames, IA",2022-02-01,92,78,9,0,179,4887,1761
11180,"Ames, IA",2022-03-01,92,92,13,0,197,5084,1853
11180,"Ames, IA",2022-04-01,61,58,8,1,128,5212,1914
11180,"Ames, IA",2022-05-01,58,56,9,0,123,5335,1972
11180,"Ames, IA",2022-06-01,46,44,12,0,102,5437,2018
11180,"Ames, IA",2022-07-01,49,50,14,3,116,5553,2067
11180,"Ames, IA",2022-08-01,68,62,15,0,145,5698,2135
11180,"Ames, IA",2022-09-01,65,64,8,2,139,5837,2200
11180,"Ames, IA",2022-10-01,68,68,13,2,151,5988,2268
11180,"Ames, IA",2022-11-01,101,73,14,1,189,6177,2369
11180,"Ames, IA",2022-12-01,110,60,14,2,186,6363,2479
11180,"Ames, IA",2023-01-01,124,82,15,0,221,6584,2603
11180,"Ames, IA",2023-02-01,88,63,10,2,163,6747,2691
11180,"Ames, IA",2023-03-01,133,81,19,0,233,6980,2824
11180,"Ames, IA",2023-04-01,68,58,14,1,141,7121,2892
11180,"Ames, IA",2023-05-01,63,39,14,3,119,7240,2955
11180,"Ames, IA",2023-06-01,46,30,10,0,86,7326,3001
11180,"Ames, IA",2023-07-01,43,47,6,1,97,7423,3044
11180,"Ames, IA",2023-08-01,64,40,15,1,120,7543,3108
11180,"Ames, IA",2023-09-01,101,57,6,0,164,7707,3209
11180,"Ames, IA",2023-10-01,85,50,14,0,149,7856,3294
11180,"Ames, IA",2023-11-01,89,52,20,1,162,8018,3383
11180,"Ames, IA",2023-12-01,106,66,16,1,189,8207,3489
11180,"Ames, IA",2024-01-01,109,63,21,2,195,8402,3598
11180,"Ames, IA",2024-02-01,128,51,13,3,195,8597,3726
11180,"Ames, IA",2024-03-01,106,49,16,2,173,8770,3832
11180,"Ames, IA",2024-04-01,90,27,16,3,136,8906,3922
11180,"Ames, IA",2024-05-01,65,55,11,1,132,9038,3987
11180,"Ames, IA",2024-06-01,53,26,2,0,81,9119,4040
11180,"Ames, IA",2024-07-01,23,23,5,1,52,9171,4063
11180,"Ames, IA",2024-08-01,45,33,4,1,83,9254,4108
11180,"Ames, IA",2024-09-01,78,56,17,0,151,9405,4186
11180,"Ames, IA",2024-10-01,87,58,11,0,156,9561,4273
11180,"Ames, IA",2024-11-01,103,45,8,1,157,9718,4376
11180,"Ames, IA",2024-12-01,108,37,9,2,156,9874,4484
11180,"Ames, IA",2025-01-01,91,44,15,1,151,10025,4575
11180,"Ames, IA",2025-02-01,137,36,13,1,187,10212,4712
11180,"Ames, IA",2025-03-01,118,46,6,0,170,10382,4830
11180,"Ames, IA",2025-04-01,101,36,18,2,157,10539,4931
11180,"Ames, IA",2025-05-01,92,47,13,2,154,10693,5023
11180,"Ames, IA",2025-06-01,103,41,10,1,155,10848,5126
11180,"Ames, IA",2025-07-01,65,40,11,0,116,10964,5191
11180,"Ames, IA",2025-08-01,77,39,13,1,130,11094,5268
11180,"Ames, IA",2025-09-01,1,1,1,0,3,11097,5269
25700,"Hays, KS",2019-01-01,0,3,0,0,3,3,0
25700,"Hays, KS",2019-02-01,0,0,1,0,1,4,0
25700,"Hays, KS",2019-03-01,0,1,0,0,1,5,0
25700,"Hays, KS",2019-04-01,0,1,0,0,1,6,0
25700,"Hays, KS",2019-05-01,0,3,0,0,3,9,0
25700,"Hays, KS",2019-06-01,0,2,0,1,3,12,0
25700,"Hays, KS",2019-07-01,0,3,0,0,3,15,0
25700,"Hays, KS",2019-08-01,0,3,1,0,4,19,0
25700,"Hays, KS",2019-09-01,0,3,1,0,4,23,0
25700,"Hays, KS",2019-10-01,0,1,0,0,1,24,0
25700,"Hays, KS",2019-11-01,0,1,0,0,1,25,0
25700,"Hays, KS",2020-01-01,1,2,1,0,4,29,1
25700,"Hays, KS",2020-02-01,0,1,0,0,1,30,1
25700,"Hays, KS",2020-03-01,1,2,0,1,4,34,2
25700,"Hays, KS",2020-04-01,9,9,0,0,18,52,11
25700,"Hays, KS",2020-05-01,10,8,0,0,18,70,21
25700,"Hays, KS",2020-06-01,2,6,0,0,8,78,23
25700,"Hays, KS",2020-07-01,1,8,1,0,10,88,24
25700,"Hays, KS",2020-08-01,2,2,0,1,5,93,26
25700,"Hays, KS",2020-09-01,4,3,2,0,9,102,30
25700,"Hays, KS",2020-10-01,2,12,1,0,15,117,32
25700,"Hays, KS",2020-11-01,6,14,0,0,20,137,38
25700,"Hays, KS",2020-12-01,6,20,1,1,28,165,44
25700,"Hays, KS",2021-01-01,7,17,2,1,27,192,51
25700,"Hays, KS",2021-02-01,11,25,0,0,36,228,62
25700,"Hays, KS",2021-03-01,15,16,0,1,32,260,77
25700,"Hays, KS",2021-04-01,4,12,2,0,18,278,81
25700,"Hays, KS",2021-05-01,13,29,4,0,46,324,94
25700,"Hays, KS",2021-06-01,10,21,1,1,33,357,104
25700,"Hays, KS",2021-07-01,11,20,3,0,34,391,115
25700,"Hays, KS",2021-08-01,14,17,4,2,37,428,129
25700,"Hays, KS",2021-09-01,8,18,7,0,33,461,137
25700,"Hays, KS",2021-10-01,14,12,2,0,28,489,151
25700,"Hays, KS",2021-11-01,9,17,5,0,31,520,160
25700,"Hays, KS",2021-12-01,12,14,4,0,30,550,172
25700,"Hays, KS",2022-01-01,17,21,7,1,46,596,189
25700,"Hays, KS",2022-02-01,11,19,3,0,33,629,200
25700,"Hays, KS",2022-03-01,15,19,3,0,37,666,215
25700,"Hays, KS",2022-04-01,14,22,2,1,39,705,229
25700,"Hays, KS",2022-05-01,23,19,6,1,49,754,252
25700,"Hays, KS",2022-06-01,13,10,4,0,27,781,265
25700,"Hays, KS",2022-07-01,15,19,6,1,41,822,280
25700,"Hays, KS",2022-08-01,18,26,5,0,49,871,298
25700,"Hays, KS",2022-09-01,22,20,10,0,52,923,320
25700,"Hays, KS",2022-10-01,20,16,4,2,42,965,340
25700,"Hays, KS",2022-11-01,12,25,6,0,43,1008,352
25700,"Hays, KS",2022-12-01,25,20,6,0,51,1059,377
25700,"Hays, KS",2023-01-01,18,25,9,1,53,1112,395
25700,"Hays, KS",2023-02-01,18,22,3,1,44,1156,413
25700,"Hays, KS",2023-03-01,14,17,5,0,36,1192,427
25700,"Hays, KS",2023-04-01,12,15,5,1,33,1225,439
25700,"Hays, KS",2023-05-01,6,9,2,0,17,1242,445
25700,"Hays, KS",2023-06-01,14,9,6,0,29,1271,459
25700,"Hays, KS",2023-07-01,13,14,4,2,33,1304,472
25700,"Hays, KS",2023-08-01,15,9,2,0,26,1330,487
25700,"Hays, KS",2023-09-01,17,10,7,0,34,1364,504
25700,"Hays, KS",2023-10-01,22,18,1,1,42,1406,526
25700,"Hays, KS",2023-11-01,16,13,6,0,35,1441,542
25700,"Hays, KS",2023-12-01,20,12,6,0,38,1479,562
25700,"Hays, KS",2024-01-01,17,9,7,1,34,1513,579
25700,"Hays, KS",2024-02-01,17,13,7,0,37,1550,596
25700,"Hays, KS",2024-03-01,15,13,5,0,33,1583,611
25700,"Hays, KS",2024-04-01,18,19,6,0,43,1626,629
25700,"Hays, KS",2024-05-01,11,9,0,3,23,1649,640
25700,"Hays, KS",2024-06-01,4,8,1,0,13,1662,644
25700,"Hays, KS",2024-07-01,7,8,2,0,17,1679,651
25700,"Hays, KS",2024-08-01,10,10,2,0,22,1701,661
25700,"Hays, KS",2024-09-01,25,6,4,0,35,1736,686
25700,"Hays, KS",2024-10-01,27,10,5,0,42,1778,713
25700,"Hays, KS",2024-11-01,21,17,4,0,42,1820,734
25700,"Hays, KS",2024-12-01,21,13,4,0,38,1858,755
25700,"Hays, KS",2025-01-01,26,13,4,0,43,1901,781
25700,"Hays, KS",2025-02-01,32,13,3,1,49,1950,813
25700,"Hays, KS",2025-03-01,28,16,4,0,48,1998,841
25700,"Hays, KS",2025-04-01,28,10,3,0,41,2039,869
25700,"Hays, KS",2025-05-01,23,8,8,2,41,2080,892
25700,"Hays, KS",2025-06-01,21,14,3,1,39,2119,913
25700,"Hays, KS",2025-07-01,30,12,3,0,45,2164,943
25700,"Hays, KS",2025-08-01,26,16,4,0,46,2210,969
25700,"Hays, KS",2025-09-01,2,0,0,0,2,2212,971
22180,"Fayetteville, NC",2019-01-01,1,64,16,1,82,82,1
22180,"Fayetteville, NC",2019-02-01,6,80,7,3,96,178,7
22180,"Fayetteville, NC",2019-03-01,6,121,19,1,147,325,13
22180,"Fayetteville, NC",2019-04-01,2,123,25,4,154,479,15
22180,"Fayetteville, NC",2019-05-01,9,154,35,2,200,679,24
22180,"Fayetteville, NC",2019-06-01,8,115,26,1,150,829,32
22180,"Fayetteville, NC",2019-07-01,8,101,28,3,140,969,40
22180,"Fayetteville, NC",2019-08-01,8,144,18,1,171,1140,48
22180,"Fayetteville, NC",2019-09-01,8,148,26,5,187,1327,56
22180,"Fayetteville, NC",2019-10-01,7,103,23,0,133,1460,63
22180,"Fayetteville, NC",2019-11-01,7,137,28,3,175,1635,70
22180,"Fayetteville, NC",2019-12-01,16,134,24,2,176,1811,86
22180,"Fayetteville, NC",2020-01-01,14,132,18,4,168,1979,100
22180,"Fayetteville, NC",2020-02-01,12,130,26,2,170,2149,112
22180,"Fayetteville, NC",2020-03-01,34,212,38,4,288,2437,146
22180,"Fayetteville, NC",2020-04-01,82,410,70,10,572,3009,228
22180,"Fayetteville, NC",2020-05-01,130,603,82,12,827,3836,358
22180,"Fayetteville, NC",2020-06-01,84,428,52,5,569,4405,442
22180,"Fayetteville, NC",2020-07-01,77,462,65,6,610,5015,519
22180,"Fayetteville, NC",2020-08-01,154,741,82,14,991,6006,673
22180,"Fayetteville, NC",2020-09-01,125,575,88,9,797,6803,798
22180,"Fayetteville, NC",2020-10-01,61,294,43,2,400,7203,859
22180,"Fayetteville, NC",2020-11-01,79,359,47,8,493,7696,938
22180,"Fayetteville, NC",2020-12-01,54,196,26,3,279,7975,992
22180,"Fayetteville, NC",2021-01-01,179,582,95,5,861,8836,1171
22180,"Fayetteville, NC",2021-02-01,152,444,98,6,700,9536,1323
22180,"Fayetteville, NC",2021-03-01,193,527,80,4,804,10340,1516
22180,"Fayetteville, NC",2021-04-01,256,686,120,8,1070,11410,1772
22180,"Fayetteville, NC",2021-05-01,228,731,87,8,1054,12464,2000
22180,"Fayetteville, NC",2021-06-01,120,443,76,10,649,13113,2120
22180,"Fayetteville, NC",2021-07-01,176,460,76,5,717,13830,2296
22180,"Fayetteville, NC",2021-08-01,149,488,83,6,726,14556,2445
22180,"Fayetteville, NC",2021-09-01,153,555,93,9,810,15366,2598
22180,"Fayetteville, NC",2021-10-01,122,342,63,6,533,15899,2720
22180,"Fayetteville, NC",2021-11-01,111,317,62,4,494,16393,2831
22180,"Fayetteville, NC",2021-12-01,179,422,61,11,673,17066,3010
22180,"Fayetteville, NC",2022-01-01,250,664,113,9,1036,18102,3260
22180,"Fayetteville, NC",2022-02-01,172,421,90,7,690,18792,3432
22180,"Fayetteville, NC",2022-03-01,219,482,115,6,822,19614,3651
22180,"Fayetteville, NC",2022-04-01,191,492,112,12,807,20421,3842
22180,"Fayetteville, NC",2022-05-01,197,430,80,5,712,21133,4039
22180,"Fayetteville, NC",2022-06-01,106,282,53,5,446,21579,4145
22180,"Fayetteville, NC",2022-07-01,148,288,54,3,493,22072,4293
22180,"Fayetteville, NC",2022-08-01,134,317,56,8,515,22587,4427
22180,"Fayetteville, NC",2022-09-01,192,472,94,8,766,23353,4619
22180,"Fayetteville, NC",2022-10-01,168,388,82,5,643,23996,4787
22180,"Fayetteville, NC",2022-11-01,205,429,87,12,733,24729,4992
22180,"Fayetteville, NC",2022-12-01,221,392,87,6,706,25435,5213
22180,"Fayetteville, NC",2023-01-01,250,402,85,6,743,26178,5463
22180,"Fayetteville, NC",2023-02-01,188,301,90,6,585,26763,5651
22180,"Fayetteville, NC",2023-03-01,240,468,103,14,825,27588,5891
22180,"Fayetteville, NC",2023-04-01,216,345,79,15,655,28243,6107
22180,"Fayetteville, NC",2023-05-01,129,232,56,4,421,28664,6236
22180,"Fayetteville, NC",2023-06-01,122,218,61,2,403,29067,6358
22180,"Fayetteville, NC",2023-07-01,105,192,42,5,344,29411,6463
22180,"Fayetteville, NC",2023-08-01,146,235,74,4,459,29870,6609
22180,"Fayetteville, NC",2023-09-01,185,346,102,5,638,30508,6794
22180,"Fayetteville, NC",2023-10-01,186,301,92,9,588,31096,6980
22180,"Fayetteville, NC",2023-11-01,258,335,94,10,697,31793,7238
22180,"Fayetteville, NC",2023-12-01,218,339,86,8,651,32444,7456
22180,"Fayetteville, NC",2024-01-01,213,323,77,15,628,33072,7669
22180,"Fayetteville, NC",2024-02-01,200,288,78,10,576,33648,7869
22180,"Fayetteville, NC",2024-03-01,253,347,87,6,693,34341,8122
22180,"Fayetteville, NC",2024-04-01,242,334,72,10,658,34999,8364
22180,"Fayetteville, NC",2024-05-01,286,357,104,10,757,35756,8650
22180,"Fayetteville, NC",2024-06-01,222,337,97,6,662,36418,8872
22180,"Fayetteville, NC",2024-07-01,216,362,104,10,692,37110,9088
22180,"Fayetteville, NC",2024-08-01,234,356,111,13,714,37824,9322
22180,"Fayetteville, NC",2024-09-01,198,355,97,9,659,38483,9520
22180,"Fayetteville, NC",2024-10-01,245,344,103,10,702,39185,9765
22180,"Fayetteville, NC",2024-11-01,255,295,96,11,657,39842,10020
22180,"Fayetteville, NC",2024-12-01,260,328,105,7,700,40542,10280
22180,"Fayetteville, NC",2025-01-01,228,317,99,9,653,41195,10508
22180,"Fayetteville, NC",2025-02-01,212,258,83,17,570,41765,10720
22180,"Fayetteville, NC",2025-03-01,283,303,92,14,692,42457,11003
22180,"Fayetteville, NC",2025-04-01,275,324,98,5,702,43159,11278
22180,"Fayetteville, NC",2025-05-01,334,349,115,15,813,43972,11612
22180,"Fayetteville, NC",2025-06-01,307,392,104,18,821,44793,11919
22180,"Fayetteville, NC",2025-07-01,290,331,102,17,740,45533,12209
22180,"Fayetteville, NC",2025-08-01,227,318,89,15,649,46182,12436
22180,"Fayetteville, NC",2025-09-01,4,3,2,0,9,46191,12440
41100,"St. George, UT",2019-01-01,1,15,4,0,20,20,1
41100,"St. George, UT",2019-02-01,0,14,6,0,20,40,1
41100,"St. George, UT",2019-03-01,4,33,11,1,49,89,5
41100,"St. George, UT",2019-04-01,2,45,16,1,64,153,7
41100,"St. George, UT",2019-05-01,3,51,11,1,66,219,10
41100,"St. George, UT",2019-06-01,4,28,6,0,38,257,14
41100,"St. George, UT",2019-07-01,1,30,10,1,42,299,15
41100,"St. George, UT",2019-08-01,8,37,10,2,57,356,23
41100,"St. George, UT",2019-09-01,4,28,11,2,45,401,27
41100,"St. George, UT",2019-10-01,9,54,10,3,76,477,36
41100,"St. George, UT",2019-11-01,8,31,8,2,49,526,44
41100,"St. George, UT",2019-12-01,4,21,8,0,33,559,48
41100,"St. George, UT",2020-01-01,9,42,13,1,65,624,57
41100,"St. George, UT",2020-02-01,13,37,7,5,62,686,70
41100,"St. George, UT",2020-03-01,15,66,20,1,102,788,85
41100,"St. George, UT",2020-04-01,57,141,47,6,251,1039,142
41100,"St. George, UT",2020-05-01,37,107,13,3,160,1199,179
41100,"St. George, UT",2020-06-01,29,54,14,1,98,1297,208
41100,"St. George, UT",2020-07-01,48,111,23,2,184,1481,256
41100,"St. George, UT",2020-08-01,56,115,21,3,195,1676,312
41100,"St. George, UT",2020-09-01,55,95,17,3,170,1846,367
41100,"St. George, UT",2020-10-01,44,89,22,1,156,2002,411
41100,"St. George, UT",2020-11-01,29,40,11,2,82,2084,440
41100,"St. George, UT",2020-12-01,25,60,10,2,97,2181,465
41100,"St. George, UT",2021-01-01,72,99,17,5,193,2374,537
41100,"St. George, UT",2021-02-01,38,61,19,3,121,2495,575
41100,"St. George, UT",2021-03-01,113,151,36,2,302,2797,688
41100,"St. George, UT",2021-04-01,85,128,24,6,243,3040,773
41100,"St. George, UT",2021-05-01,69,138,35,5,247,3287,842
41100,"St. George, UT",2021-06-01,84,149,35,4,272,3559,926
41100,"St. George, UT",2021-07-01,76,142,38,5,261,3820,1002
41100,"St. George, UT",2021-08-01,48,70,14,4,136,3956,1050
41100,"St. George, UT",2021-09-01,89,102,31,4,226,4182,1139
41100,"St. George, UT",2021-10-01,38,59,22,3,122,4304,1177
41100,"St. George, UT",2021-11-01,59,65,12,3,139,4443,1236
41100,"St. George, UT",2021-12-01,85,122,34,2,243,4686,1321
41100,"St. George, UT",2022-01-01,104,147,43,3,297,4983,1425
41100,"St. George, UT",2022-02-01,83,87,24,1,195,5178,1508
41100,"St. George, UT",2022-03-01,110,100,26,4,240,5418,1618
41100,"St. George, UT",2022-04-01,75,92,37,5,209,5627,1693
41100,"St. George, UT",2022-05-01,86,131,23,5,245,5872,1779
41100,"St. George, UT",2022-06-01,94,103,23,2,222,6094,1873
41100,"St. George, UT",2022-07-01,71,95,31,0,197,6291,1944
41100,"St. George, UT",2022-08-01,85,83,14,6,188,6479,2029
41100,"St. George, UT",2022-09-01,116,78,23,4,221,6700,2145
41100,"St. George, UT",2022-10-01,66,83,31,2,182,6882,2211
41100,"St. George, UT",2022-11-01,90,113,33,3,239,7121,2301
41100,"St. George, UT",2022-12-01,100,88,28,1,217,7338,2401
41100,"St. George, UT",2023-01-01,96,117,29,3,245,7583,2497
41100,"St. George, UT",2023-02-01,95,96,28,7,226,7809,2592
41100,"St. George, UT",2023-03-01,123,110,39,8,280,8089,2715
41100,"St. George, UT",2023-04-01,70,88,20,3,181,8270,2785
41100,"St. George, UT",2023-05-01,57,53,21,3,134,8404,2842
41100,"St. George, UT",2023-06-01,30,38,11,6,85,8489,2872
41100,"St. George, UT",2023-07-01,41,55,19,2,117,8606,2913
41100,"St. George, UT",2023-08-01,52,52,19,4,127,8733,2965
41100,"St. George, UT",2023-09-01,61,64,32,6,163,8896,3026
41100,"St. George, UT",2023-10-01,78,85,25,3,191,9087,3104
41100,"St. George, UT",2023-11-01,113,82,28,5,228,9315,3217
41100,"St. George, UT",2023-12-01,95,86,19,7,207,9522,3312
41100,"St. George, UT",2024-01-01,91,79,20,2,192,9714,3403
41100,"St. George, UT",2024-02-01,77,72,29,2,180,9894,3480
41100,"St. George, UT",2024-03-01,88,92,28,2,210,10104,3568
41100,"St. George, UT",2024-04-01,44,48,13,3,108,10212,3612
41100,"St. George, UT",2024-05-01,38,51,18,1,108,10320,3650
41100,"St. George, UT",2024-06-01,37,63,24,3,127,10447,3687
41100,"St. George, UT",2024-07-01,55,82,25,4,166,10613,3742
41100,"St. George, UT",2024-08-01,40,77,21,1,139,10752,3782
41100,"St. George, UT",2024-09-01,34,61,12,1,108,10860,3816
41100,"St. George, UT",2024-10-01,84,117,20,3,224,11084,3900
41100,"St. George, UT",2024-11-01,93,123,27,3,246,11330,3993
41100,"St. George, UT",2024-12-01,75,88,28,2,193,11523,4068
41100,"St. George, UT",2025-01-01,97,78,27,2,204,11727,4165
41100,"St. George, UT",2025-02-01,71,63,18,1,153,11880,4236
41100,"St. George, UT",2025-03-01,75,75,18,2,170,12050,4311
41100,"St. George, UT",2025-04-01,72,80,19,4,175,12225,4383
41100,"St. George, UT",2025-05-01,79,74,21,1,175,12400,4462
41100,"St. George, UT",2025-06-01,95,93,36,2,226,12626,4557
41100,"St. George, UT",2025-07-01,86,63,20,3,172,12798,4643
41100,"St. George, UT",2025-08-01,63,75,13,1,152,12950,4706
41100,"St. George, UT",2025-09-01,4,2,0,0,6,12956,4710
20220,"Dubuque, IA",2019-01-01,0,3,0,0,3,3,0
20220,"Dubuque, IA",2019-02-01,0,5,0,0,5,8,0
20220,"Dubuque, IA",2019-03-01,0,10,2,0,12,20,0
20220,"Dubuque, IA",2019-04-01,0,22,7,0,29,49,0
20220,"Dubuque, IA",2019-05-01,1,19,3,0,23,72,1
20220,"Dubuque, IA",2019-06-01,1,12,5,0,18,90,2
20220,"Dubuque, IA",2019-07-01,2,10,4,0,16,106,4
20220,"Dubuque, IA",2019-08-01,1,19,5,0,25,131,5
20220,"Dubuque, IA",2019-09-01,2,15,4,1,22,153,7
20220,"Dubuque, IA",2019-10-01,2,22,3,0,27,180,9
20220,"Dubuque, IA",2019-11-01,1,18,3,0,22,202,10
20220,"Dubuque, IA",2019-12-01,2,18,1,2,23,225,12
20220,"Dubuque, IA",2020-01-01,1,20,3,0,24,249,13
20220,"Dubuque, IA",2020-02-01,5,22,6,1,34,283,18
20220,"Dubuque, IA",2020-03-01,10,38,10,1,59,342,28
20220,"Dubuque, IA",2020-04-01,23,73,11,1,108,450,51
20220,"Dubuque, IA",2020-05-01,44,68,10,0,122,572,95
20220,"Dubuque, IA",2020-06-01,26,63,6,0,95,667,121
20220,"Dubuque, IA",2020-07-01,19,53,15,2,89,756,140
20220,"Dubuque, IA",2020-08-01,21,68,16,1,106,862,161
20220,"Dubuque, IA",2020-09-01,29,76,4,1,110,972,190
20220,"Dubuque, IA",2020-10-01,19,36,6,0,61,1033,209
20220,"Dubuque, IA",2020-11-01,18,32,9,0,59,1092,227
20220,"Dubuque, IA",2020-12-01,27,38,4,3,72,1164,254
20220,"Dubuque, IA",2021-01-01,49,47,14,0,110,1274,303
20220,"Dubuque, IA",2021-02-01,30,54,9,0,93,1367,333
20220,"Dubuque, IA",2021-03-01,39,70,10,4,123,1490,372
20220,"Dubuque, IA",2021-04-01,21,75,13,0,109,1599,393
20220,"Dubuque, IA",2021-05-01,34,59,10,0,103,1702,427
20220,"Dubuque, IA",2021-06-01,31,47,9,1,88,1790,458
20220,"Dubuque, IA",2021-07-01,38,64,8,2,112,1902,496
20220,"Dubuque, IA",2021-08-01,27,62,14,0,103,2005,523
20220,"Dubuque, IA",2021-09-01,26,58,14,0,98,2103,549
20220,"Dubuque, IA",2021-10-01,20,41,11,2,74,2177,569
20220,"Dubuque, IA",2021-11-01,35,39,11,1,86,2263,604
20220,"Dubuque, IA",2021-12-01,38,56,11,1,106,2369,642
20220,"Dubuque, IA",2022-01-01,47,65,7,2,121,2490,689
20220,"Dubuque, IA",2022-02-01,51,52,10,1,114,2604,740
20220,"Dubuque, IA",2022-03-01,32,57,12,1,102,2706,772
20220,"Dubuque, IA",2022-04-01,40,48,7,1,96,2802,812
20220,"Dubuque, IA",2022-05-01,35,38,6,0,79,2881,847
20220,"Dubuque, IA",2022-06-01,29,43,6,2,80,2961,876
20220,"Dubuque, IA",2022-07-01,26,33,10,2,71,3032,902
20220,"Dubuque, IA",2022-08-01,27,30,15,0,72,3104,929
20220,"Dubuque, IA",2022-09-01,25,29,14,0,68,3172,954
20220,"Dubuque, IA",2022-10-01,29,36,6,1,72,3244,983
20220,"Dubuque, IA",2022-11-01,30,30,16,1,77,3321,1013
20220,"Dubuque, IA",2022-12-01,45,39,12,0,96,3417,1058
20220,"Dubuque, IA",2023-01-01,39,33,11,0,83,3500,1097
20220,"Dubuque, IA",2023-02-01,36,46,10,1,93,3593,1133
20220,"Dubuque, IA",2023-03-01,39,59,11,0,109,3702,1172
20220,"Dubuque, IA",2023-04-01,21,28,12,1,62,3764,1193
20220,"Dubuque, IA",2023-05-01,29,29,9,0,67,3831,1222
20220,"Dubuque, IA",2023-06-01,27,30,7,2,66,3897,1249
20220,"Dubuque, IA",2023-07-01,21,32,7,2,62,3959,1270
20220,"Dubuque, IA",2023-08-01,22,33,7,1,63,4022,1292
20220,"Dubuque, IA",2023-09-01,31,47,11,2,91,4113,1323
20220,"Dubuque, IA",2023-10-01,38,49,2,1,90,4203,1361
20220,"Dubuque, IA",2023-11-01,27,46,13,0,86,4289,1388
20220,"Dubuque, IA",2023-12-01,34,40,9,0,83,4372,1422
20220,"Dubuque, IA",2024-01-01,50,48,8,2,108,4480,1472
20220,"Dubuque, IA",2024-02-01,43,41,12,1,97,4577,1515
20220,"Dubuque, IA",2024-03-01,38,45,15,0,98,4675,1553
20220,"Dubuque, IA",2024-04-01,26,47,11,0,84,4759,1579
20220,"Dubuque, IA",2024-05-01,35,49,15,0,99,4858,1614
20220,"Dubuque, IA",2024-06-01,32,48,11,0,91,4949,1646
20220,"Dubuque, IA",2024-07-01,30,46,10,0,86,5035,1676
20220,"Dubuque, IA",2024-08-01,28,39,8,2,77,5112,1704
20220,"Dubuque, IA",2024-09-01,35,40,9,2,86,5198,1739
20220,"Dubuque, IA",2024-10-01,39,42,14,1,96,5294,1778
20220,"Dubuque, IA",2024-11-01,40,37,12,1,90,5384,1818
20220,"Dubuque, IA",2024-12-01,52,40,14,1,107,5491,1870
20220,"Dubuque, IA",2025-01-01,49,42,15,1,107,5598,1919
20220,"Dubuque, IA",2025-02-01,49,34,9,1,93,5691,1968
20220,"Dubuque, IA",2025-03-01,47,34,10,0,91,5782,2015
20220,"Dubuque, IA",2025-04-01,35,29,10,3,77,5859,2050
20220,"Dubuque, IA",2025-05-01,41,29,5,4,79,5938,2091
20220,"Dubuque, IA",2025-06-01,47,37,14,3,101,6039,2138
20220,"Dubuque, IA",2025-07-01,39,34,9,3,85,6124,2177
20220,"Dubuque, IA",2025-08-01,37,29,3,0,69,6193,2214
20220,"Dubuque, IA",2025-09-01,1,1,0,0,2,6195,2215
30020,"Lawton, OK",2019-01-01,0,5,1,0,6,6,0
30020,"Lawton, OK",2019-02-01,0,9,11,1,21,27,0
30020,"Lawton, OK",2019-03-01,1,24,4,1,30,57,1
30020,"Lawton, OK",2019-04-01,0,34,4,0,38,95,1
30020,"Lawton, OK",2019-05-01,1,28,7,1,37,132,2
30020,"Lawton, OK",2019-06-01,0,20,2,1,23,155,2
30020,"Lawton, OK",2019-07-01,2,21,10,1,34,189,4
30020,"Lawton, OK",2019-08-01,0,27,6,0,33,222,4
30020,"Lawton, OK",2019-09-01,2,34,12,0,48,270,6
30020,"Lawton, OK",2019-10-01,2,26,8,0,36,306,8
30020,"Lawton, OK",2019-11-01,0,34,4,1,39,345,8
30020,"Lawton, OK",2019-12-01,3,30,8,0,41,386,11
30020,"Lawton, OK",2020-01-01,2,30,13,2,47,433,13
30020,"Lawton, OK",2020-02-01,4,21,8,2,35,468,17
30020,"Lawton, OK",2020-03-01,8,41,12,4,65,533,25
30020,"Lawton, OK",2020-04-01,14,88,20,1,123,656,39
30020,"Lawton, OK",2020-05-01,19,102,11,1,133,789,58
30020,"Lawton, OK",2020-06-01,11,80,11,0,102,891,69
30020,"Lawton, OK",2020-07-01,23,70,11,0,104,995,92
30020,"Lawton, OK",2020-08-01,21,117,18,3,159,1154,113
30020,"Lawton, OK",2020-09-01,16,110,16,4,146,1300,129
30020,"Lawton, OK",2020-10-01,11,94,13,1,119,1419,140
30020,"Lawton, OK",2020-11-01,13,37,11,1,62,1481,153
30020,"Lawton, OK",2020-12-01,10,45,6,0,61,1542,163
30020,"Lawton, OK",2021-01-01,29,75,10,2,116,1658,192
30020,"Lawton, OK",2021-02-01,13,49,16,0,78,1736,205
30020,"Lawton, OK",2021-03-01,43,123,28,1,195,1931,248
30020,"Lawton, OK",2021-04-01,30,131,19,5,185,2116,278
30020,"Lawton, OK",2021-05-01,32,102,26,2,162,2278,310
30020,"Lawton, OK",2021-06-01,35,113,25,3,176,2454,345
30020,"Lawton, OK",2021-07-01,25,72,11,3,111,2565,370
30020,"Lawton, OK",2021-08-01,23,83,15,1,122,2687,393
30020,"Lawton, OK",2021-09-01,23,111,25,1,160,2847,416
30020,"Lawton, OK",2021-10-01,12,98,25,0,135,2982,428
30020,"Lawton, OK",2021-11-01,23,85,12,2,122,3104,451
30020,"Lawton, OK",2021-12-01,46,90,25,1,162,3266,497
30020,"Lawton, OK",2022-01-01,48,104,30,2,184,3450,545
30020,"Lawton, OK",2022-02-01,30,90,18,2,140,3590,575
30020,"Lawton, OK",2022-03-01,46,131,25,5,207,3797,621
30020,"Lawton, OK",2022-04-01,40,91,15,2,148,3945,661
30020,"Lawton, OK",2022-05-01,45,113,21,1,180,4125,706
30020,"Lawton, OK",2022-06-01,27,96,17,0,140,4265,733
30020,"Lawton, OK",2022-07-01,31,85,17,0,133,4398,764
30020,"Lawton, OK",2022-08-01,36,118,12,2,168,4566,800
30020,"Lawton, OK",2022-09-01,33,101,16,3,153,4719,833
30020,"Lawton, OK",2022-10-01,36,116,30,4,186,4905,869
30020,"Lawton, OK",2022-11-01,37,103,17,2,159,5064,906
30020,"Lawton, OK",2022-12-01,48,96,26,1,171,5235,954
30020,"Lawton, OK",2023-01-01,33,119,31,2,185,5420,987
30020,"Lawton, OK",2023-02-01,56,67,27,4,154,5574,1043
30020,"Lawton, OK",2023-03-01,59,125,35,2,221,5795,1102
30020,"Lawton, OK",2023-04-01,40,93,18,3,154,5949,1142
30020,"Lawton, OK",2023-05-01,33,64,16,2,115,6064,1175
30020,"Lawton, OK",2023-06-01,25,56,22,0,103,6167,1200
30020,"Lawton, OK",2023-07-01,39,57,14,3,113,6280,1239
30020,"Lawton, OK",2023-08-01,28,79,18,3,128,6408,1267
30020,"Lawton, OK",2023-09-01,40,70,16,4,130,6538,1307
30020,"Lawton, OK",2023-10-01,51,79,20,4,154,6692,1358
30020,"Lawton, OK",2023-11-01,56,106,23,4,189,6881,1414
30020,"Lawton, OK",2023-12-01,69,88,28,1,186,7067,1483
30020,"Lawton, OK",2024-01-01,67,81,24,0,172,7239,1550
30020,"Lawton, OK",2024-02-01,71,73,23,2,169,7408,1621
30020,"Lawton, OK",2024-03-01,79,102,32,1,214,7622,1700
30020,"Lawton, OK",2024-04-01,62,81,16,2,161,7783,1762
30020,"Lawton, OK",2024-05-01,40,50,11,1,102,7885,1802
30020,"Lawton, OK",2024-06-01,41,64,17,4,126,8011,1843
30020,"Lawton, OK",2024-07-01,61,70,18,2,151,8162,1904
30020,"Lawton, OK",2024-08-01,32,43,11,2,88,8250,1936
30020,"Lawton, OK",2024-09-01,37,55,17,2,111,8361,1973
30020,"Lawton, OK",2024-10-01,83,93,26,4,206,8567,2056
30020,"Lawton, OK",2024-11-01,72,104,22,1,199,8766,2128
30020,"Lawton, OK",2024-12-01,68,82,25,0,175,8941,2196
30020,"Lawton, OK",2025-01-01,72,58,19,6,155,9096,2268
30020,"Lawton, OK",2025-02-01,62,67,28,3,160,9256,2330
30020,"Lawton, OK",2025-03-01,93,78,18,0,189,9445,2423
30020,"Lawton, OK",2025-04-01,73,84,30,1,188,9633,2496
30020,"Lawton, OK",2025-05-01,85,77,11,1,174,9807,2581
30020,"Lawton, OK",2025-06-01,76,80,25,3,184,9991,2657
30020,"Lawton, OK",2025-07-01,61,55,20,1,137,10128,2718
30020,"Lawton, OK",2025-08-01,60,64,18,4,146,10274,2778
17380,"Cleveland, MS",2019-01-01,0,1,0,0,1,1,0
17380,"Cleveland, MS",2019-05-01,0,2,0,0,2,3,0
17380,"Cleveland, MS",2019-06-01,0,1,0,0,1,4,0
17380,"Cleveland, MS",2019-09-01,0,2,0,0,2,6,0
17380,"Cleveland, MS",2019-11-01,0,0,1,0,1,7,0
17380,"Cleveland, MS",2019-12-01,0,1,0,0,1,8,0
17380,"Cleveland, MS",2020-01-01,0,1,0,0,1,9,0
17380,"Cleveland, MS",2020-03-01,0,1,0,0,1,10,0
17380,"Cleveland, MS",2020-04-01,0,1,2,0,3,13,0
17380,"Cleveland, MS",2020-05-01,4,3,0,0,7,20,4
17380,"Cleveland, MS",2020-06-01,0,7,1,0,8,28,4
17380,"Cleveland, MS",2020-07-01,0,3,0,0,3,31,4
17380,"Cleveland, MS",2020-08-01,2,6,0,0,8,39,6
17380,"Cleveland, MS",2020-09-01,0,6,1,0,7,46,6
17380,"Cleveland, MS",2020-10-01,0,12,5,0,17,63,6
17380,"Cleveland, MS",2020-11-01,2,15,1,0,18,81,8
17380,"Cleveland, MS",2020-12-01,3,17,2,0,22,103,11
17380,"Cleveland, MS",2021-01-01,7,19,6,0,32,135,18
17380,"Cleveland, MS",2021-02-01,2,12,2,0,16,151,20
17380,"Cleveland, MS",2021-03-01,5,14,2,1,22,173,25
17380,"Cleveland, MS",2021-04-01,6,23,4,1,34,207,31
17380,"Cleveland, MS",2021-05-01,9,33,4,0,46,253,40
17380,"Cleveland, MS",2021-06-01,4,17,1,0,22,275,44
17380,"Cleveland, MS",2021-07-01,11,27,8,0,46,321,55
17380,"Cleveland, MS",2021-08-01,9,14,2,0,25,346,64
17380,"Cleveland, MS",2021-09-01,7,14,2,0,23,369,71
17380,"Cleveland, MS",2021-10-01,7,11,2,0,20,389,78
17380,"Cleveland, MS",2021-11-01,10,16,1,1,28,417,88
17380,"Cleveland, MS",2021-12-01,8,16,5,0,29,446,96
17380,"Cleveland, MS",2022-01-01,5,24,4,0,33,479,101
17380,"Cleveland, MS",2022-02-01,11,9,3,0,23,502,112
17380,"Cleveland, MS",2022-03-01,9,11,5,0,25,527,121
17380,"Cleveland, MS",2022-04-01,6,18,8,0,32,559,127
17380,"Cleveland, MS",2022-05-01,3,18,1,0,22,581,130
17380,"Cleveland, MS",2022-06-01,8,14,1,0,23,604,138
17380,"Cleveland, MS",2022-07-01,5,16,5,0,26,630,143
17380,"Cleveland, MS",2022-08-01,9,16,3,0,28,658,152
17380,"Cleveland, MS",2022-09-01,3,9,2,0,14,672,155
17380,"Cleveland, MS",2022-10-01,5,9,0,0,14,686,160
17380,"Cleveland, MS",2022-11-01,3,11,4,0,18,704,163
17380,"Cleveland, MS",2022-12-01,6,13,7,2,28,732,169
17380,"Cleveland, MS",2023-01-01,4,7,2,0,13,745,173
17380,"Cleveland, MS",2023-02-01,9,16,1,0,26,771,182
17380,"Cleveland, MS",2023-03-01,10,19,4,0,33,804,192
17380,"Cleveland, MS",2023-04-01,7,9,2,0,18,822,199
17380,"Cleveland, MS",2023-05-01,12,15,0,1,28,850,211
17380,"Cleveland, MS",2023-06-01,11,12,4,1,28,878,222
17380,"Cleveland, MS",2023-07-01,5,16,3,0,24,902,227
17380,"Cleveland, MS",2023-08-01,5,8,5,0,18,920,232
17380,"Cleveland, MS",2023-09-01,14,15,3,0,32,952,246
17380,"Cleveland, MS",2023-10-01,7,12,7,1,27,979,253
17380,"Cleveland, MS",2023-11-01,11,18,5,1,35,1014,264
17380,"Cleveland, MS",2023-12-01,12,14,2,1,29,1043,276
17380,"Cleveland, MS",2024-01-01,12,13,4,0,29,1072,288
17380,"Cleveland, MS",2024-02-01,10,13,6,1,30,1102,298
17380,"Cleveland, MS",2024-03-01,16,19,2,0,37,1139,314
17380,"Cleveland, MS",2024-04-01,13,13,1,1,28,1167,327
17380,"Cleveland, MS",2024-05-01,9,14,4,0,27,1194,336
17380,"Cleveland, MS",2024-06-01,13,14,5,0,32,1226,349
17380,"Cleveland, MS",2024-07-01,5,21,1,0,27,1253,354
17380,"Cleveland, MS",2024-08-01,11,9,3,0,23,1276,365
17380,"Cleveland, MS",2024-09-01,16,16,2,0,34,1310,381
17380,"Cleveland, MS",2024-10-01,12,7,4,0,23,1333,393
17380,"Cleveland, MS",2024-11-01,20,12,5,0,37,1370,413
17380,"Cleveland, MS",2024-12-01,15,12,3,1,31,1401,428
17380,"Cleveland, MS",2025-01-01,15,12,3,1,31,1432,443
17380,"Cleveland, MS",2025-02-01,9,6,6,0,21,1453,452
17380,"Cleveland, MS",2025-03-01,14,8,3,0,25,1478,466
17380,"Cleveland, MS",2025-04-01,15,9,2,0,26,1504,481
17380,"Cleveland, MS",2025-05-01,22,15,4,0,41,1545,503
17380,"Cleveland, MS",2025-06-01,11,18,5,0,34,1579,514
17380,"Cleveland, MS",2025-07-01,8,16,8,1,33,1612,522
17380,"Cleveland, MS",2025-08-01,16,10,3,0,29,1641,538
49380,"Worthington, MN",2019-04-01,0,1,0,0,1,1,0
49380,"Worthington, MN",2019-06-01,0,1,0,0,1,2,0
49380,"Worthington, MN",2019-08-01,1,1,1,0,3,5,1
49380,"Worthington, MN",2019-09-01,0,1,1,0,2,7,1
49380,"Worthington, MN",2019-10-01,0,1,0,0,1,8,1
49380,"Worthington, MN",2019-11-01,0,1,0,0,1,9,1
49380,"Worthington, MN",2019-12-01,0,1,0,0,1,10,1
49380,"Worthington, MN",2020-01-01,0,1,0,0,1,11,1
49380,"Worthington, MN",2020-02-01,0,1,0,0,1,12,1
49380,"Worthington, MN",2020-03-01,1,0,0,0,1,13,2
49380,"Worthington, MN",2020-04-01,1,2,0,0,3,16,3
49380,"Worthington, MN",2020-05-01,0,1,0,0,1,17,3
49380,"Worthington, MN",2020-06-01,0,1,0,0,1,18,3
49380,"Worthington, MN",2020-07-01,0,1,0,0,1,19,3
49380,"Worthington, MN",2020-08-01,1,3,1,0,5,24,4
49380,"Worthington, MN",2020-09-01,0,0,2,0,2,26,4
49380,"Worthington, MN",2020-10-01,0,4,0,0,4,30,4
49380,"Worthington, MN",2020-11-01,1,0,1,0,2,32,5
49380,"Worthington, MN",2020-12-01,1,1,0,0,2,34,6
49380,"Worthington, MN",2021-01-01,1,3,2,1,7,41,7
49380,"Worthington, MN",2021-02-01,1,1,2,0,4,45,8
49380,"Worthington, MN",2021-03-01,2,8,2,0,12,57,10
49380,"Worthington, MN",2021-04-01,1,4,1,0,6,63,11
49380,"Worthington, MN",2021-05-01,2,7,0,1,10,73,13
49380,"Worthington, MN",2021-06-01,3,7,1,0,11,84,16
49380,"Worthington, MN",2021-07-01,1,7,0,0,8,92,17
49380,"Worthington, MN",2021-08-01,3,7,1,0,11,103,20
49380,"Worthington, MN",2021-09-01,4,3,1,1,9,112,24
49380,"Worthington, MN",2021-10-01,0,4,3,0,7,119,24
49380,"Worthington, MN",2021-11-01,1,5,1,0,7,126,25
49380,"Worthington, MN",2021-12-01,4,5,4,0,13,139,29
49380,"Worthington, MN",2022-01-01,0,10,1,0,11,150,29
49380,"Worthington, MN",2022-02-01,0,3,2,0,5,155,29
49380,"Worthington, MN",2022-03-01,1,7,3,1,12,167,30
49380,"Worthington, MN",2022-04-01,2,5,2,0,9,176,32
49380,"Worthington, MN",2022-05-01,1,6,0,0,7,183,33
49380,"Worthington, MN",2022-06-01,3,6,2,0,11,194,36
49380,"Worthington, MN",2022-07-01,4,8,3,1,16,210,40
49380,"Worthington, MN",2022-08-01,0,5,1,1,7,217,40
49380,"Worthington, MN",2022-09-01,3,9,1,0,13,230,43
49380,"Worthington, MN",2022-10-01,2,4,1,0,7,237,45
49380,"Worthington, MN",2022-11-01,1,0,1,0,2,239,46
49380,"Worthington, MN",2022-12-01,4,4,1,0,9,248,50
49380,"Worthington, MN",2023-01-01,2,2,2,0,6,254,52
49380,"Worthington, MN",2023-02-01,0,2,1,0,3,257,52
49380,"Worthington, MN",2023-03-01,3,3,1,0,7,264,55
49380,"Worthington, MN",2023-04-01,2,1,1,0,4,268,57
49380,"Worthington, MN",2023-05-01,6,1,0,0,7,275,63
49380,"Worthington, MN",2023-06-01,3,5,2,0,10,285,66
49380,"Worthington, MN",2023-07-01,0,3,2,0,5,290,66
49380,"Worthington, MN",2023-08-01,4,4,1,0,9,299,70
49380,"Worthington, MN",2023-09-01,5,4,1,1,11,310,75
49380,"Worthington, MN",2023-10-01,3,1,0,1,5,315,78
49380,"Worthington, MN",2023-11-01,1,4,2,1,8,323,79
49380,"Worthington, MN",2023-12-01,3,0,0,0,3,326,82
49380,"Worthington, MN",2024-01-01,4,5,2,0,11,337,86
49380,"Worthington, MN",2024-02-01,3,5,2,0,10,347,89
49380,"Worthington, MN",2024-03-01,1,2,2,0,5,352,90
49380,"Worthington, MN",2024-04-01,1,3,0,0,4,356,91
49380,"Worthington, MN",2024-05-01,0,6,4,0,10,366,91
49380,"Worthington, MN",2024-06-01,2,3,0,0,5,371,93
49380,"Worthington, MN",2024-07-01,1,2,1,0,4,375,94
49380,"Worthington, MN",2024-08-01,3,1,1,0,5,380,97
49380,"Worthington, MN",2024-09-01,1,5,1,0,7,387,98
49380,"Worthington, MN",2024-10-01,3,1,1,0,5,392,101
49380,"Worthington, MN",2024-11-01,5,3,0,0,8,400,106
49380,"Worthington, MN",2024-12-01,6,3,1,0,10,410,112
49380,"Worthington, MN",2025-01-01,2,4,0,0,6,416,114
49380,"Worthington, MN",2025-02-01,4,2,1,0,7,423,118
49380,"Worthington, MN",2025-03-01,3,3,2,1,9,432,121
49380,"Worthington, MN",2025-04-01,2,3,0,0,5,437,123
49380,"Worthington, MN",2025-05-01,3,4,0,1,8,445,126
49380,"Worthington, MN",2025-06-01,8,11,0,0,19,464,134
49380,"Worthington, MN",2025-07-01,3,3,1,0,7,471,137
49380,"Worthington, MN",2025-08-01,3,1,1,0,5,476,140
49380,"Worthington, MN",2025-09-01,0,1,0,0,1,477,140
26140,"Homosassa Springs, FL",2019-01-01,0,4,2,0,6,6,0
26140,"Homosassa Springs, FL",2019-02-01,0,1,5,0,6,12,0
26140,"Homosassa Springs, FL",2019-03-01,0,2,1,0,3,15,0
26140,"Homosassa Springs, FL",2019-04-01,0,6,5,1,12,27,0
26140,"Homosassa Springs, FL",2019-05-01,0,8,5,1,14,41,0
26140,"Homosassa Springs, FL",2019-06-01,1,7,6,0,14,55,1
26140,"Homosassa Springs, FL",2019-07-01,0,5,5,0,10,65,1
26140,"Homosassa Springs, FL",2019-08-01,0,3,1,0,4,69,1
26140,"Homosassa Springs, FL",2019-09-01,0,7,3,0,10,79,1
26140,"Homosassa Springs, FL",2019-10-01,0,2,3,0,5,84,1
26140,"Homosassa Springs, FL",2019-11-01,0,5,2,0,7,91,1
26140,"Homosassa Springs, FL",2019-12-01,0,4,2,1,7,98,1
26140,"Homosassa Springs, FL",2020-01-01,0,4,6,0,10,108,1
26140,"Homosassa Springs, FL",2020-02-01,1,1,3,1,6,114,2
26140,"Homosassa Springs, FL",2020-03-01,1,4,7,2,14,128,3
26140,"Homosassa Springs, FL",2020-04-01,3,15,6,1,25,153,6
26140,"Homosassa Springs, FL",2020-05-01,2,17,9,1,29,182,8
26140,"Homosassa Springs, FL",2020-06-01,3,14,2,1,20,202,11
26140,"Homosassa Springs, FL",2020-07-01,4,10,2,3,19,221,15
26140,"Homosassa Springs, FL",2020-08-01,7,14,9,3,33,254,22
26140,"Homosassa Springs, FL",2020-09-01,1,18,8,2,29,283,23
26140,"Homosassa Springs, FL",2020-10-01,5,9,3,0,17,300,28
26140,"Homosassa Springs, FL",2020-11-01,3,5,3,0,11,311,31
26140,"Homosassa Springs, FL",2020-12-01,4,6,1,0,11,322,35
26140,"Homosassa Springs, FL",2021-01-01,5,13,13,0,31,353,40
26140,"Homosassa Springs, FL",2021-02-01,7,13,9,1,30,383,47
26140,"Homosassa Springs, FL",2021-03-01,5,12,5,3,25,408,52
26140,"Homosassa Springs, FL",2021-04-01,5,15,4,0,24,432,57
26140,"Homosassa Springs, FL",2021-05-01,6,31,13,2,52,484,63
26140,"Homosassa Springs, FL",2021-06-01,3,19,3,2,27,511,66
26140,"Homosassa Springs, FL",2021-07-01,8,22,5,2,37,548,74
26140,"Homosassa Springs, FL",2021-08-01,2,14,7,3,26,574,76
26140,"Homosassa Springs, FL",2021-09-01,1,11,6,0,18,592,77
26140,"Homosassa Springs, FL",2021-10-01,1,7,6,3,17,609,78
26140,"Homosassa Springs, FL",2021-11-01,1,9,2,0,12,621,79
26140,"Homosassa Springs, FL",2021-12-01,1,20,9,4,34,655,80
26140,"Homosassa Springs, FL",2022-01-01,6,15,5,4,30,685,86
26140,"Homosassa Springs, FL",2022-02-01,5,16,9,1,31,716,91
26140,"Homosassa Springs, FL",2022-03-01,5,22,13,1,41,757,96
26140,"Homosassa Springs, FL",2022-04-01,5,11,10,1,27,784,101
26140,"Homosassa Springs, FL",2022-05-01,9,20,4,1,34,818,110
26140,"Homosassa Springs, FL",2022-06-01,3,20,6,0,29,847,113
26140,"Homosassa Springs, FL",2022-07-01,5,14,2,2,23,870,118
26140,"Homosassa Springs, FL",2022-08-01,4,12,3,2,21,891,122
26140,"Homosassa Springs, FL",2022-09-01,4,11,8,3,26,917,126
26140,"Homosassa Springs, FL",2022-10-01,4,25,8,0,37,954,130
26140,"Homosassa Springs, FL",2022-11-01,5,11,5,0,21,975,135
26140,"Homosassa Springs, FL",2022-12-01,6,12,7,1,26,1001,141
26140,"Homosassa Springs, FL",2023-01-01,8,8,8,0,24,1025,149
26140,"Homosassa Springs, FL",2023-02-01,5,6,7,2,20,1045,154
26140,"Homosassa Springs, FL",2023-03-01,7,12,9,0,28,1073,161
26140,"Homosassa Springs, FL",2023-04-01,2,11,13,2,28,1101,163
26140,"Homosassa Springs, FL",2023-05-01,4,13,5,1,23,1124,167
26140,"Homosassa Springs, FL",2023-06-01,1,6,4,0,11,1135,168
26140,"Homosassa Springs, FL",2023-07-01,0,8,10,0,18,1153,168
26140,"Homosassa Springs, FL",2023-08-01,1,6,6,0,13,1166,169
26140,"Homosassa Springs, FL",2023-09-01,5,7,2,0,14,1180,174
26140,"Homosassa Springs, FL",2023-10-01,4,13,4,2,23,1203,178
26140,"Homosassa Springs, FL",2023-11-01,2,13,7,2,24,1227,180
26140,"Homosassa Springs, FL",2023-12-01,8,7,17,0,32,1259,188
26140,"Homosassa Springs, FL",2024-01-01,6,10,8,2,26,1285,194
26140,"Homosassa Springs, FL",2024-02-01,6,12,11,2,31,1316,200
26140,"Homosassa Springs, FL",2024-03-01,11,15,8,0,34,1350,211
26140,"Homosassa Springs, FL",2024-04-01,7,12,4,1,24,1374,218
26140,"Homosassa Springs, FL",2024-05-01,5,9,3,1,18,1392,223
26140,"Homosassa Springs, FL",2024-06-01,6,14,12,1,33,1425,229
26140,"Homosassa Springs, FL",2024-07-01,4,7,11,1,23,1448,233
26140,"Homosassa Springs, FL",2024-08-01,2,6,3,0,11,1459,235
26140,"Homosassa Springs, FL",2024-09-01,3,10,2,1,16,1475,238
26140,"Homosassa Springs, FL",2024-10-01,8,11,10,1,30,1505,246
26140,"Homosassa Springs, FL",2024-11-01,10,10,6,0,26,1531,256
26140,"Homosassa Springs, FL",2024-12-01,6,9,2,2,19,1550,262
26140,"Homosassa Springs, FL",2025-01-01,6,14,4,0,24,1574,268
26140,"Homosassa Springs, FL",2025-02-01,5,9,12,5,31,1605,273
26140,"Homosassa Springs, FL",2025-03-01,7,14,9,1,31,1636,280
26140,"Homosassa Springs, FL",2025-04-01,6,11,8,0,25,1661,286
26140,"Homosassa Springs, FL",2025-05-01,12,12,7,3,34,1695,298
26140,"Homosassa Springs, FL",2025-06-01,12,22,12,4,50,1745,310
26140,"Homosassa Springs, FL",2025-07-01,6,12,11,2,31,1776,316
26140,"Homosassa Springs, FL",2025-08-01,3,6,3,3,15,1791,319
35380,"New Orleans-Metairie, LA",2019-01-01,2,146,25,0,173,173,2
35380,"New Orleans-Metairie, LA",2019-02-01,3,133,27,1,164,337,5
35380,"New Orleans-Metairie, LA",2019-03-01,2,166,43,3,214,551,7
35380,"New Orleans-Metairie, LA",2019-04-01,0,170,38,4,212,763,7
35380,"New Orleans-Metairie, LA",2019-05-01,7,187,39,4,237,1000,14
35380,"New Orleans-Metairie, LA",2019-06-01,4,116,18,3,141,1141,18
35380,"New Orleans-Metairie, LA",2019-07-01,7,147,21,3,178,1319,25
35380,"New Orleans-Metairie, LA",2019-08-01,3,83,21,1,108,1427,28
35380,"New Orleans-Metairie, LA",2019-09-01,14,228,49,5,296,1723,42
35380,"New Orleans-Metairie, LA",2019-10-01,15,205,35,4,259,1982,57
35380,"New Orleans-Metairie, LA",2019-11-01,20,174,29,4,227,2209,77
35380,"New Orleans-Metairie, LA",2019-12-01,16,117,23,3,159,2368,93
35380,"New Orleans-Metairie, LA",2020-01-01,16,165,35,5,221,2589,109
35380,"New Orleans-Metairie, LA",2020-02-01,15,127,24,5,171,2760,124
35380,"New Orleans-Metairie, LA",2020-03-01,26,257,52,2,337,3097,150
35380,"New Orleans-Metairie, LA",2020-04-01,53,299,76,9,437,3534,203
35380,"New Orleans-Metairie, LA",2020-05-01,135,541,117,15,808,4342,338
35380,"New Orleans-Metairie, LA",2020-06-01,161,546,106,11,824,5166,499
35380,"New Orleans-Metairie, LA",2020-07-01,169,638,113,15,935,6101,668
35380,"New Orleans-Metairie, LA",2020-08-01,196,960,139,21,1316,7417,864
35380,"New Orleans-Metairie, LA",2020-09-01,157,787,171,19,1134,8551,1021
35380,"New Orleans-Metairie, LA",2020-10-01,136,639,115,9,899,9450,1157
35380,"New Orleans-Metairie, LA",2020-11-01,86,436,61,9,592,10042,1243
35380,"New Orleans-Metairie, LA",2020-12-01,139,560,91,10,800,10842,1382
35380,"New Orleans-Metairie, LA",2021-01-01,249,802,129,18,1198,12040,1631
35380,"New Orleans-Metairie, LA",2021-02-01,136,558,99,9,802,12842,1767
35380,"New Orleans-Metairie, LA",2021-03-01,200,733,137,15,1085,13927,1967
35380,"New Orleans-Metairie, LA",2021-04-01,239,947,167,19,1372,15299,2206
35380,"New Orleans-Metairie, LA",2021-05-01,303,1085,202,16,1606,16905,2509
35380,"New Orleans-Metairie, LA",2021-06-01,312,946,193,27,1478,18383,2821
35380,"New Orleans-Metairie, LA",2021-07-01,284,1005,198,21,1508,19891,3105
35380,"New Orleans-Metairie, LA",2021-08-01,205,1032,190,25,1452,21343,3310
35380,"New Orleans-Metairie, LA",2021-09-01,163,540,109,15,827,22170,3473
35380,"New Orleans-Metairie, LA",2021-10-01,192,675,132,15,1014,23184,3665
35380,"New Orleans-Metairie, LA",2021-11-01,191,622,141,18,972,24156,3856
35380,"New Orleans-Metairie, LA",2021-12-01,245,616,130,17,1008,25164,4101
35380,"New Orleans-Metairie, LA",2022-01-01,223,672,150,12,1057,26221,4324
35380,"New Orleans-Metairie, LA",2022-02-01,189,368,101,11,669,26890,4513
35380,"New Orleans-Metairie, LA",2022-03-01,185,497,137,12,831,27721,4698
35380,"New Orleans-Metairie, LA",2022-04-01,188,560,114,16,878,28599,4886
35380,"New Orleans-Metairie, LA",2022-05-01,229,600,122,15,966,29565,5115
35380,"New Orleans-Metairie, LA",2022-06-01,230,561,116,7,914,30479,5345
35380,"New Orleans-Metairie, LA",2022-07-01,170,461,89,8,728,31207,5515
35380,"New Orleans-Metairie, LA",2022-08-01,75,268,69,3,415,31622,5590
35380,"New Orleans-Metairie, LA",2022-09-01,159,412,105,10,686,32308,5749
35380,"New Orleans-Metairie, LA",2022-10-01,151,333,99,13,596,32904,5900
35380,"New Orleans-Metairie, LA",2022-11-01,231,486,129,11,857,33761,6131
35380,"New Orleans-Metairie, LA",2022-12-01,267,495,131,8,901,34662,6398
35380,"New Orleans-Metairie, LA",2023-01-01,200,421,134,15,770,35432,6598
35380,"New Orleans-Metairie, LA",2023-02-01,195,376,104,10,685,36117,6793
35380,"New Orleans-Metairie, LA",2023-03-01,300,609,160,15,1084,37201,7093
35380,"New Orleans-Metairie, LA",2023-04-01,228,499,135,10,872,38073,7321
35380,"New Orleans-Metairie, LA",2023-05-01,204,371,91,6,672,38745,7525
35380,"New Orleans-Metairie, LA",2023-06-01,121,240,49,11,421,39166,7646
35380,"New Orleans-Metairie, LA",2023-07-01,113,189,63,1,366,39532,7759
35380,"New Orleans-Metairie, LA",2023-08-01,118,223,72,8,421,39953,7877
35380,"New Orleans-Metairie, LA",2023-09-01,236,538,159,12,945,40898,8113
35380,"New Orleans-Metairie, LA",2023-10-01,270,487,144,11,912,41810,8383
35380,"New Orleans-Metairie, LA",2023-11-01,300,544,136,16,996,42806,8683
35380,"New Orleans-Metairie, LA",2023-12-01,375,549,137,15,1076,43882,9058
35380,"New Orleans-Metairie, LA",2024-01-01,297,499,135,20,951,44833,9355
35380,"New Orleans-Metairie, LA",2024-02-01,274,499,128,10,911,45744,9629
35380,"New Orleans-Metairie, LA",2024-03-01,361,558,151,16,1086,46830,9990
35380,"New Orleans-Metairie, LA",2024-04-01,311,486,117,18,932,47762,10301
35380,"New Orleans-Metairie, LA",2024-05-01,346,609,138,19,1112,48874,10647
35380,"New Orleans-Metairie, LA",2024-06-01,302,457,122,14,895,49769,10949
35380,"New Orleans-Metairie, LA",2024-07-01,284,523,152,19,978,50747,11233
35380,"New Orleans-Metairie, LA",2024-08-01,285,629,179,15,1108,51855,11518
35380,"New Orleans-Metairie, LA",2024-09-01,282,555,135,21,993,52848,11800
35380,"New Orleans-Metairie, LA",2024-10-01,363,541,156,24,1084,53932,12163
35380,"New Orleans-Metairie, LA",2024-11-01,369,527,143,14,1053,54985,12532
35380,"New Orleans-Metairie, LA",2024-12-01,401,528,125,17,1071,56056,12933
35380,"New Orleans-Metairie, LA",2025-01-01,348,470,127,16,961,57017,13281
35380,"New Orleans-Metairie, LA",2025-02-01,306,381,127,16,830,57847,13587
35380,"New Orleans-Metairie, LA",2025-03-01,428,498,138,20,1084,58931,14015
35380,"New Orleans-Metairie, LA",2025-04-01,438,582,170,36,1226,60157,14453
35380,"New Orleans-Metairie, LA",2025-05-01,474,632,191,24,1321,61478,14927
35380,"New Orleans-Metairie, LA",2025-06-01,504,626,180,23,1333,62811,15431
35380,"New Orleans-Metairie, LA",2025-07-01,442,537,176,19,1174,63985,15873
35380,"New Orleans-Metairie, LA",2025-08-01,297,426,132,20,875,64860,16170
35380,"New Orleans-Metairie, LA",2025-09-01,12,9,2,1,24,64884,16182
27900,"Joplin, MO-KS",2019-01-01,0,5,4,0,9,9,0
27900,"Joplin, MO-KS",2019-02-01,0,12,4,2,18,27,0
27900,"Joplin, MO-KS",2019-03-01,4,27,4,0,35,62,4
27900,"Joplin, MO-KS",2019-04-01,1,36,6,1,44,106,5
27900,"Joplin, MO-KS",2019-05-01,0,16,7,0,23,129,5
27900,"Joplin, MO-KS",2019-06-01,0,31,3,0,34,163,5
27900,"Joplin, MO-KS",2019-07-01,3,24,8,2,37,200,8
27900,"Joplin, MO-KS",2019-08-01,4,31,8,0,43,243,12
27900,"Joplin, MO-KS",2019-09-01,1,34,8,0,43,286,13
27900,"Joplin, MO-KS",2019-10-01,4,20,7,0,31,317,17
27900,"Joplin, MO-KS",2019-11-01,0,29,3,1,33,350,17
27900,"Joplin, MO-KS",2019-12-01,1,27,10,2,40,390,18
27900,"Joplin, MO-KS",2020-01-01,4,31,8,1,44,434,22
27900,"Joplin, MO-KS",2020-02-01,4,21,10,1,36,470,26
27900,"Joplin, MO-KS",2020-03-01,6,45,17,2,70,540,32
27900,"Joplin, MO-KS",2020-04-01,12,85,26,1,124,664,44
27900,"Joplin, MO-KS",2020-05-01,30,112,30,5,177,841,74
27900,"Joplin, MO-KS",2020-06-01,15,51,8,2,76,917,89
27900,"Joplin, MO-KS",2020-07-01,28,79,18,3,128,1045,117
27900,"Joplin, MO-KS",2020-08-01,22,76,15,2,115,1160,139
27900,"Joplin, MO-KS",2020-09-01,15,50,9,0,74,1234,154
27900,"Joplin, MO-KS",2020-10-01,23,81,13,1,118,1352,177
27900,"Joplin, MO-KS",2020-11-01,27,68,16,1,112,1464,204
27900,"Joplin, MO-KS",2020-12-01,21,42,13,3,79,1543,225
27900,"Joplin, MO-KS",2021-01-01,65,114,27,3,209,1752,290
27900,"Joplin, MO-KS",2021-02-01,60,104,27,2,193,1945,350
27900,"Joplin, MO-KS",2021-03-01,102,164,54,5,325,2270,452
27900,"Joplin, MO-KS",2021-04-01,54,116,36,4,210,2480,506
27900,"Joplin, MO-KS",2021-05-01,30,79,23,1,133,2613,536
27900,"Joplin, MO-KS",2021-06-01,34,90,24,2,150,2763,570
27900,"Joplin, MO-KS",2021-07-01,22,66,18,2,108,2871,592
27900,"Joplin, MO-KS",2021-08-01,40,103,27,3,173,3044,632
27900,"Joplin, MO-KS",2021-09-01,38,89,30,3,160,3204,670
27900,"Joplin, MO-KS",2021-10-01,28,69,23,3,123,3327,698
27900,"Joplin, MO-KS",2021-11-01,20,55,20,3,98,3425,718
27900,"Joplin, MO-KS",2021-12-01,58,97,44,8,207,3632,776
27900,"Joplin, MO-KS",2022-01-01,45,129,35,1,210,3842,821
27900,"Joplin, MO-KS",2022-02-01,70,105,34,1,210,4052,891
27900,"Joplin, MO-KS",2022-03-01,57,122,39,3,221,4273,948
27900,"Joplin, MO-KS",2022-04-01,36,73,20,1,130,4403,984
27900,"Joplin, MO-KS",2022-05-01,42,108,20,3,173,4576,1026
27900,"Joplin, MO-KS",2022-06-01,31,75,24,1,131,4707,1057
27900,"Joplin, MO-KS",2022-07-01,37,67,20,2,126,4833,1094
27900,"Joplin, MO-KS",2022-08-01,37,75,20,3,135,4968,1131
27900,"Joplin, MO-KS",2022-09-01,42,95,25,2,164,5132,1173
27900,"Joplin, MO-KS",2022-10-01,59,97,23,2,181,5313,1232
27900,"Joplin, MO-KS",2022-11-01,81,103,34,2,220,5533,1313
27900,"Joplin, MO-KS",2022-12-01,61,107,33,2,203,5736,1374
27900,"Joplin, MO-KS",2023-01-01,76,102,38,4,220,5956,1450
27900,"Joplin, MO-KS",2023-02-01,56,93,43,2,194,6150,1506
27900,"Joplin, MO-KS",2023-03-01,94,183,55,8,340,6490,1600
27900,"Joplin, MO-KS",2023-04-01,45,79,30,1,155,6645,1645
27900,"Joplin, MO-KS",2023-05-01,34,51,26,1,112,6757,1679
27900,"Joplin, MO-KS",2023-06-01,32,47,13,1,93,6850,1711
27900,"Joplin, MO-KS",2023-07-01,31,47,13,0,91,6941,1742
27900,"Joplin, MO-KS",2023-08-01,27,53,21,2,103,7044,1769
27900,"Joplin, MO-KS",2023-09-01,30,58,22,1,111,7155,1799
27900,"Joplin, MO-KS",2023-10-01,54,72,24,3,153,7308,1853
27900,"Joplin, MO-KS",2023-11-01,96,89,35,4,224,7532,1949
27900,"Joplin, MO-KS",2023-12-01,84,100,47,2,233,7765,2033
27900,"Joplin, MO-KS",2024-01-01,73,100,38,0,211,7976,2106
27900,"Joplin, MO-KS",2024-02-01,93,96,41,2,232,8208,2199
27900,"Joplin, MO-KS",2024-03-01,103,89,34,4,230,8438,2302
27900,"Joplin, MO-KS",2024-04-01,57,79,21,4,161,8599,2359
27900,"Joplin, MO-KS",2024-05-01,48,57,15,0,120,8719,2407
27900,"Joplin, MO-KS",2024-06-01,33,40,9,0,82,8801,2440
27900,"Joplin, MO-KS",2024-07-01,16,37,8,2,63,8864,2456
27900,"Joplin, MO-KS",2024-08-01,39,54,15,3,111,8975,2495
27900,"Joplin, MO-KS",2024-09-01,43,47,13,0,103,9078,2538
27900,"Joplin, MO-KS",2024-10-01,94,100,30,0,224,9302,2632
27900,"Joplin, MO-KS",2024-11-01,71,83,26,1,181,9483,2703
27900,"Joplin, MO-KS",2024-12-01,112,120,23,4,259,9742,2815
27900,"Joplin, MO-KS",2025-01-01,98,95,29,3,225,9967,2913
27900,"Joplin, MO-KS",2025-02-01,110,101,36,3,250,10217,3023
27900,"Joplin, MO-KS",2025-03-01,101,94,46,3,244,10461,3124
27900,"Joplin, MO-KS",2025-04-01,113,116,22,2,253,10714,3237
27900,"Joplin, MO-KS",2025-05-01,52,55,17,4,128,10842,3289
27900,"Joplin, MO-KS",2025-06-01,32,39,8,1,80,10922,3321
27900,"Joplin, MO-KS",2025-07-01,46,57,9,0,112,11034,3367
27900,"Joplin, MO-KS",2025-08-01,40,49,11,1,101,11135,3407
27900,"Joplin, MO-KS",2025-09-01,3,1,0,0,4,11139,3410
36900,"Ottumwa, IA",2019-04-01,0,1,0,0,1,1,0
36900,"Ottumwa, IA",2019-05-01,1,1,0,0,2,3,1
36900,"Ottumwa, IA",2019-06-01,0,1,0,0,1,4,1
36900,"Ottumwa, IA",2019-07-01,0,0,1,0,1,5,1
36900,"Ottumwa, IA",2019-09-01,0,0,1,0,1,6,1
36900,"Ottumwa, IA",2019-10-01,0,3,0,0,3,9,1
36900,"Ottumwa, IA",2019-11-01,1,1,0,0,2,11,2
36900,"Ottumwa, IA",2020-01-01,0,1,0,0,1,12,2
36900,"Ottumwa, IA",2020-02-01,0,2,0,0,2,14,2
36900,"Ottumwa, IA",2020-03-01,0,0,1,0,1,15,2
36900,"Ottumwa, IA",2020-04-01,0,2,0,0,2,17,2
36900,"Ottumwa, IA",2020-05-01,2,3,2,0,7,24,4
36900,"Ottumwa, IA",2020-06-01,1,2,0,0,3,27,5
36900,"Ottumwa, IA",2020-07-01,1,5,2,0,8,35,6
36900,"Ottumwa, IA",2020-08-01,1,3,1,0,5,40,7
36900,"Ottumwa, IA",2020-09-01,1,3,1,0,5,45,8
36900,"Ottumwa, IA",2020-10-01,5,15,0,0,20,65,13
36900,"Ottumwa, IA",2020-11-01,5,7,2,0,14,79,18
36900,"Ottumwa, IA",2020-12-01,6,12,1,0,19,98,24
36900,"Ottumwa, IA",2021-01-01,7,15,2,0,24,122,31
36900,"Ottumwa, IA",2021-02-01,9,10,3,0,22,144,40
36900,"Ottumwa, IA",2021-03-01,5,9,4,0,18,162,45
36900,"Ottumwa, IA",2021-04-01,8,13,1,0,22,184,53
36900,"Ottumwa, IA",2021-05-01,9,9,1,0,19,203,62
36900,"Ottumwa, IA",2021-06-01,9,18,0,0,27,230,71
36900,"Ottumwa, IA",2021-07-01,10,22,3,0,35,265,81
36900,"Ottumwa, IA",2021-08-01,7,12,1,1,21,286,88
36900,"Ottumwa, IA",2021-09-01,4,16,5,0,25,311,92
36900,"Ottumwa, IA",2021-10-01,2,16,4,1,23,334,94
36900,"Ottumwa, IA",2021-11-01,9,15,4,1,29,363,103
36900,"Ottumwa, IA",2021-12-01,8,15,4,1,28,391,111
36900,"Ottumwa, IA",2022-01-01,17,22,2,0,41,432,128
36900,"Ottumwa, IA",2022-02-01,15,20,5,0,40,472,143
36900,"Ottumwa, IA",2022-03-01,17,14,10,0,41,513,160
36900,"Ottumwa, IA",2022-04-01,10,9,5,0,24,537,170
36900,"Ottumwa, IA",2022-05-01,8,9,2,0,19,556,178
36900,"Ottumwa, IA",2022-06-01,3,11,0,0,14,570,181
36900,"Ottumwa, IA",2022-07-01,4,12,2,0,18,588,185
36900,"Ottumwa, IA",2022-08-01,5,10,2,0,17,605,190
36900,"Ottumwa, IA",2022-09-01,1,18,3,0,22,627,191
36900,"Ottumwa, IA",2022-10-01,7,6,3,0,16,643,198
36900,"Ottumwa, IA",2022-11-01,11,6,4,1,22,665,209
36900,"Ottumwa, IA",2022-12-01,5,11,3,1,20,685,214
36900,"Ottumwa, IA",2023-01-01,10,22,5,0,37,722,224
36900,"Ottumwa, IA",2023-02-01,12,17,4,1,34,756,236
36900,"Ottumwa, IA",2023-03-01,12,17,5,0,34,790,248
36900,"Ottumwa, IA",2023-04-01,11,11,4,1,27,817,259
36900,"Ottumwa, IA",2023-05-01,5,10,5,0,20,837,264
36900,"Ottumwa, IA",2023-06-01,13,12,4,0,29,866,277
36900,"Ottumwa, IA",2023-07-01,8,17,3,1,29,895,285
36900,"Ottumwa, IA",2023-08-01,9,7,2,0,18,913,294
36900,"Ottumwa, IA",2023-09-01,7,10,1,0,18,931,301
36900,"Ottumwa, IA",2023-10-01,12,13,3,0,28,959,313
36900,"Ottumwa, IA",2023-11-01,13,18,7,0,38,997,326
36900,"Ottumwa, IA",2023-12-01,7,16,4,1,28,1025,333
36900,"Ottumwa, IA",2024-01-01,11,24,3,1,39,1064,344
36900,"Ottumwa, IA",2024-02-01,11,19,4,0,34,1098,355
36900,"Ottumwa, IA",2024-03-01,7,14,10,1,32,1130,362
36900,"Ottumwa, IA",2024-04-01,15,16,4,0,35,1165,377
36900,"Ottumwa, IA",2024-05-01,11,22,1,1,35,1200,388
36900,"Ottumwa, IA",2024-06-01,14,15,0,1,30,1230,402
36900,"Ottumwa, IA",2024-07-01,10,11,1,1,23,1253,412
36900,"Ottumwa, IA",2024-08-01,9,12,4,1,26,1279,421
36900,"Ottumwa, IA",2024-09-01,7,9,2,0,18,1297,428
36900,"Ottumwa, IA",2024-10-01,11,16,1,1,29,1326,439
36900,"Ottumwa, IA",2024-11-01,13,12,5,1,31,1357,452
36900,"Ottumwa, IA",2024-12-01,13,15,2,0,30,1387,465
36900,"Ottumwa, IA",2025-01-01,13,9,4,0,26,1413,478
36900,"Ottumwa, IA",2025-02-01,12,19,5,0,36,1449,490
36900,"Ottumwa, IA",2025-03-01,11,16,4,0,31,1480,501
36900,"Ottumwa, IA",2025-04-01,12,10,7,1,30,1510,513
36900,"Ottumwa, IA",2025-05-01,13,14,8,0,35,1545,526
36900,"Ottumwa, IA",2025-06-01,19,27,7,0,53,1598,545
36900,"Ottumwa, IA",2025-07-01,11,21,3,0,35,1633,556
36900,"Ottumwa, IA",2025-08-01,17,21,6,1,45,1678,573
36900,"Ottumwa, IA",2025-09-01,1,1,0,0,2,1680,574
39220,"Price, UT",2019-02-01,0,1,0,0,1,1,0
39220,"Price, UT",2019-03-01,0,3,0,0,3,4,0
39220,"Price, UT",2019-04-01,0,2,0,0,2,6,0
39220,"Price, UT",2019-05-01,0,2,0,0,2,8,0
39220,"Price, UT",2019-06-01,0,2,0,0,2,10,0
39220,"Price, UT",2019-07-01,0,4,0,0,4,14,0
39220,"Price, UT",2019-09-01,0,2,1,0,3,17,0
39220,"Price, UT",2019-10-01,0,1,1,0,2,19,0
39220,"Price, UT",2019-11-01,0,0,1,0,1,20,0
39220,"Price, UT",2020-01-01,0,1,0,0,1,21,0
39220,"Price, UT",2020-02-01,0,3,1,0,4,25,0
39220,"Price, UT",2020-03-01,0,0,1,0,1,26,0
39220,"Price, UT",2020-04-01,0,1,0,0,1,27,0
39220,"Price, UT",2020-05-01,0,1,0,0,1,28,0
39220,"Price, UT",2020-06-01,1,1,1,0,3,31,1
39220,"Price, UT",2020-07-01,1,4,0,0,5,36,2
39220,"Price, UT",2020-08-01,2,4,1,0,7,43,4
39220,"Price, UT",2020-09-01,0,3,0,0,3,46,4
39220,"Price, UT",2020-10-01,1,3,1,0,5,51,5
39220,"Price, UT",2020-12-01,2,1,0,0,3,54,7
39220,"Price, UT",2021-01-01,1,1,1,0,3,57,8
39220,"Price, UT",2021-02-01,2,2,2,0,6,63,10
39220,"Price, UT",2021-03-01,2,4,0,0,6,69,12
39220,"Price, UT",2021-04-01,0,4,2,0,6,75,12
39220,"Price, UT",2021-05-01,1,2,1,0,4,79,13
39220,"Price, UT",2021-06-01,3,12,3,0,18,97,16
39220,"Price, UT",2021-07-01,10,17,5,2,34,131,26
39220,"Price, UT",2021-08-01,7,12,3,1,23,154,33
39220,"Price, UT",2021-09-01,11,9,8,0,28,182,44
39220,"Price, UT",2021-10-01,3,8,5,0,16,198,47
39220,"Price, UT",2021-11-01,8,11,1,0,20,218,55
39220,"Price, UT",2021-12-01,6,13,3,0,22,240,61
39220,"Price, UT",2022-01-01,11,27,4,0,42,282,72
39220,"Price, UT",2022-02-01,8,10,1,0,19,301,80
39220,"Price, UT",2022-03-01,8,17,5,0,30,331,88
39220,"Price, UT",2022-04-01,4,10,1,0,15,346,92
39220,"Price, UT",2022-05-01,4,13,4,1,22,368,96
39220,"Price, UT",2022-06-01,6,15,1,0,22,390,102
39220,"Price, UT",2022-07-01,10,12,3,0,25,415,112
39220,"Price, UT",2022-08-01,8,10,3,0,21,436,120
39220,"Price, UT",2022-09-01,14,6,7,0,27,463,134
39220,"Price, UT",2022-10-01,15,9,1,0,25,488,149
39220,"Price, UT",2022-11-01,10,10,6,1,27,515,159
39220,"Price, UT",2022-12-01,8,4,3,0,15,530,167
39220,"Price, UT",2023-01-01,11,10,1,0,22,552,178
39220,"Price, UT",2023-02-01,5,11,1,0,17,569,183
39220,"Price, UT",2023-03-01,7,15,1,1,24,593,190
39220,"Price, UT",2023-04-01,6,9,2,0,17,610,196
39220,"Price, UT",2023-05-01,6,8,2,0,16,626,202
39220,"Price, UT",2023-06-01,5,7,3,1,16,642,207
39220,"Price, UT",2023-07-01,5,8,3,0,16,658,212
39220,"Price, UT",2023-08-01,3,8,3,0,14,672,215
39220,"Price, UT",2023-09-01,6,7,2,1,16,688,221
39220,"Price, UT",2023-10-01,5,8,3,1,17,705,226
39220,"Price, UT",2023-11-01,7,14,2,1,24,729,233
39220,"Price, UT",2023-12-01,6,7,1,0,14,743,239
39220,"Price, UT",2024-01-01,6,6,8,0,20,763,245
39220,"Price, UT",2024-02-01,10,0,4,0,14,777,255
39220,"Price, UT",2024-03-01,12,10,4,1,27,804,267
39220,"Price, UT",2024-04-01,8,8,3,1,20,824,275
39220,"Price, UT",2024-05-01,2,3,0,0,5,829,277
39220,"Price, UT",2024-06-01,1,6,1,0,8,837,278
39220,"Price, UT",2024-07-01,4,5,1,0,10,847,282
39220,"Price, UT",2024-08-01,2,5,3,0,10,857,284
39220,"Price, UT",2024-09-01,2,7,2,1,12,869,286
39220,"Price, UT",2024-10-01,7,9,4,0,20,889,293
39220,"Price, UT",2024-11-01,7,15,1,0,23,912,300
39220,"Price, UT",2024-12-01,5,10,3,0,18,930,305
39220,"Price, UT",2025-01-01,11,10,5,0,26,956,316
39220,"Price, UT",2025-02-01,2,9,4,0,15,971,318
39220,"Price, UT",2025-03-01,12,8,5,0,25,996,330
39220,"Price, UT",2025-04-01,6,8,2,0,16,1012,336
39220,"Price, UT",2025-05-01,2,5,3,0,10,1022,338
39220,"Price, UT",2025-06-01,6,2,3,0,11,1033,344
39220,"Price, UT",2025-07-01,6,9,2,0,17,1050,350
39220,"Price, UT",2025-08-01,2,10,0,0,12,1062,352
28340,"Kendallville, IN",2019-01-01,0,1,0,0,1,1,0
28340,"Kendallville, IN",2019-02-01,0,1,0,0,1,2,0
28340,"Kendallville, IN",2019-03-01,1,0,1,0,2,4,1
28340,"Kendallville, IN",2019-04-01,0,2,0,0,2,6,1
28340,"Kendallville, IN",2019-05-01,0,3,1,0,4,10,1
28340,"Kendallville, IN",2019-06-01,0,2,0,0,2,12,1
28340,"Kendallville, IN",2019-07-01,0,1,0,0,1,13,1
28340,"Kendallville, IN",2019-08-01,0,1,0,0,1,14,1
28340,"Kendallville, IN",2019-09-01,0,1,1,0,2,16,1
28340,"Kendallville, IN",2019-10-01,0,2,0,0,2,18,1
28340,"Kendallville, IN",2019-11-01,0,1,0,0,1,19,1
28340,"Kendallville, IN",2019-12-01,0,1,0,0,1,20,1
28340,"Kendallville, IN",2020-01-01,0,1,0,0,1,21,1
28340,"Kendallville, IN",2020-03-01,1,1,3,0,5,26,2
28340,"Kendallville, IN",2020-04-01,2,9,2,0,13,39,4
28340,"Kendallville, IN",2020-05-01,1,6,2,0,9,48,5
28340,"Kendallville, IN",2020-06-01,0,8,3,0,11,59,5
28340,"Kendallville, IN",2020-07-01,3,5,2,0,10,69,8
28340,"Kendallville, IN",2020-08-01,3,6,3,0,12,81,11
28340,"Kendallville, IN",2020-09-01,1,6,2,0,9,90,12
28340,"Kendallville, IN",2020-10-01,5,9,2,0,16,106,17
28340,"Kendallville, IN",2020-11-01,3,6,4,0,13,119,20
28340,"Kendallville, IN",2020-12-01,0,8,1,0,9,128,20
28340,"Kendallville, IN",2021-01-01,2,5,3,1,11,139,22
28340,"Kendallville, IN",2021-02-01,5,14,4,1,24,163,27
28340,"Kendallville, IN",2021-03-01,5,14,4,0,23,186,32
28340,"Kendallville, IN",2021-04-01,5,13,8,0,26,212,37
28340,"Kendallville, IN",2021-05-01,11,21,8,0,40,252,48
28340,"Kendallville, IN",2021-06-01,6,26,5,1,38,290,54
28340,"Kendallville, IN",2021-07-01,10,35,13,2,60,350,64
28340,"Kendallville, IN",2021-08-01,7,30,12,3,52,402,71
28340,"Kendallville, IN",2021-09-01,7,36,17,3,63,465,78
28340,"Kendallville, IN",2021-10-01,13,32,15,0,60,525,91
28340,"Kendallville, IN",2021-11-01,11,39,15,1,66,591,102
28340,"Kendallville, IN",2021-12-01,19,29,8,2,58,649,121
28340,"Kendallville, IN",2022-01-01,8,36,7,3,54,703,129
28340,"Kendallville, IN",2022-02-01,21,33,8,3,65,768,150
28340,"Kendallville, IN",2022-03-01,29,44,7,1,81,849,179
28340,"Kendallville, IN",2022-04-01,13,38,12,2,65,914,192
28340,"Kendallville, IN",2022-05-01,16,32,14,0,62,976,208
28340,"Kendallville, IN",2022-06-01,10,27,7,0,44,1020,218
28340,"Kendallville, IN",2022-07-01,11,14,12,2,39,1059,229
28340,"Kendallville, IN",2022-08-01,14,26,7,2,49,1108,243
28340,"Kendallville, IN",2022-09-01,5,20,5,1,31,1139,248
28340,"Kendallville, IN",2022-10-01,4,11,7,0,22,1161,252
28340,"Kendallville, IN",2022-11-01,15,19,10,0,44,1205,267
28340,"Kendallville, IN",2022-12-01,5,22,11,0,38,1243,272
28340,"Kendallville, IN",2023-01-01,18,36,11,1,66,1309,290
28340,"Kendallville, IN",2023-02-01,10,19,13,0,42,1351,300
28340,"Kendallville, IN",2023-03-01,15,30,12,0,57,1408,315
28340,"Kendallville, IN",2023-04-01,13,32,8,2,55,1463,328
28340,"Kendallville, IN",2023-05-01,18,26,3,1,48,1511,346
28340,"Kendallville, IN",2023-06-01,10,22,6,0,38,1549,356
28340,"Kendallville, IN",2023-07-01,12,22,5,1,40,1589,368
28340,"Kendallville, IN",2023-08-01,10,10,3,1,24,1613,378
28340,"Kendallville, IN",2023-09-01,14,14,7,0,35,1648,392
28340,"Kendallville, IN",2023-10-01,15,25,8,1,49,1697,407
28340,"Kendallville, IN",2023-11-01,17,22,9,3,51,1748,424
28340,"Kendallville, IN",2023-12-01,14,25,13,0,52,1800,438
28340,"Kendallville, IN",2024-01-01,18,26,7,0,51,1851,456
28340,"Kendallville, IN",2024-02-01,18,25,10,2,55,1906,474
28340,"Kendallville, IN",2024-03-01,26,23,14,0,63,1969,500
28340,"Kendallville, IN",2024-04-01,12,22,10,0,44,2013,512
28340,"Kendallville, IN",2024-05-01,17,11,5,3,36,2049,529
28340,"Kendallville, IN",2024-06-01,10,13,3,1,27,2076,539
28340,"Kendallville, IN",2024-07-01,4,10,0,0,14,2090,543
28340,"Kendallville, IN",2024-08-01,14,14,3,0,31,2121,557
28340,"Kendallville, IN",2024-09-01,14,16,4,1,35,2156,571
28340,"Kendallville, IN",2024-10-01,16,32,10,0,58,2214,587
28340,"Kendallville, IN",2024-11-01,15,24,6,1,46,2260,602
28340,"Kendallville, IN",2024-12-01,17,27,7,0,51,2311,619
28340,"Kendallville, IN",2025-01-01,19,23,9,0,51,2362,638
28340,"Kendallville, IN",2025-02-01,23,25,10,0,58,2420,661
28340,"Kendallville, IN",2025-03-01,27,25,4,1,57,2477,688
28340,"Kendallville, IN",2025-04-01,18,15,6,2,41,2518,706
28340,"Kendallville, IN",2025-05-01,25,14,14,0,53,2571,731
28340,"Kendallville, IN",2025-06-01,19,23,8,0,50,2621,750
28340,"Kendallville, IN",2025-07-01,19,18,5,1,43,2664,769
28340,"Kendallville, IN",2025-08-01,14,14,1,0,29,2693,783
28340,"Kendallville, IN",2025-09-01,0,1,0,0,1,2694,783
43180,"Shelbyville, TN",2019-01-01,0,5,0,2,7,7,0
43180,"Shelbyville, TN",2019-02-01,0,8,1,1,10,17,0
43180,"Shelbyville, TN",2019-03-01,0,7,4,0,11,28,0
43180,"Shelbyville, TN",2019-04-01,0,25,5,0,30,58,0
43180,"Shelbyville, TN",2019-05-01,1,29,6,2,38,96,1
43180,"Shelbyville, TN",2019-06-01,0,14,3,0,17,113,1
43180,"Shelbyville, TN",2019-07-01,1,10,6,1,18,131,2
43180,"Shelbyville, TN",2019-08-01,2,8,3,0,13,144,4
43180,"Shelbyville, TN",2019-09-01,1,15,7,0,23,167,5
43180,"Shelbyville, TN",2019-10-01,1,7,2,1,11,178,6
43180,"Shelbyville, TN",2019-11-01,1,24,4,2,31,209,7
43180,"Shelbyville, TN",2019-12-01,3,7,3,0,13,222,10
43180,"Shelbyville, TN",2020-01-01,0,10,4,0,14,236,10
43180,"Shelbyville, TN",2020-02-01,0,18,4,0,22,258,10
43180,"Shelbyville, TN",2020-03-01,2,18,2,1,23,281,12
43180,"Shelbyville, TN",2020-04-01,7,27,4,0,38,319,19
43180,"Shelbyville, TN",2020-05-01,13,23,8,0,44,363,32
43180,"Shelbyville, TN",2020-06-01,7,20,7,0,34,397,39
43180,"Shelbyville, TN",2020-07-01,8,25,11,2,46,443,47
43180,"Shelbyville, TN",2020-08-01,7,18,2,1,28,471,54
43180,"Shelbyville, TN",2020-09-01,5,40,11,1,57,528,59
43180,"Shelbyville, TN",2020-10-01,4,20,4,1,29,557,63
43180,"Shelbyville, TN",2020-11-01,4,22,4,3,33,590,67
43180,"Shelbyville, TN",2020-12-01,1,21,3,0,25,615,68
43180,"Shelbyville, TN",2021-01-01,10,25,5,0,40,655,78
43180,"Shelbyville, TN",2021-02-01,9,19,6,1,35,690,87
43180,"Shelbyville, TN",2021-03-01,10,29,11,1,51,741,97
43180,"Shelbyville, TN",2021-04-01,13,56,13,1,83,824,110
43180,"Shelbyville, TN",2021-05-01,8,38,10,0,56,880,118
43180,"Shelbyville, TN",2021-06-01,17,19,10,2,48,928,135
43180,"Shelbyville, TN",2021-07-01,19,38,10,1,68,996,154
43180,"Shelbyville, TN",2021-08-01,18,40,11,0,69,1065,172
43180,"Shelbyville, TN",2021-09-01,15,43,8,1,67,1132,187
43180,"Shelbyville, TN",2021-10-01,13,30,11,0,54,1186,200
43180,"Shelbyville, TN",2021-11-01,5,38,10,1,54,1240,205
43180,"Shelbyville, TN",2021-12-01,12,45,8,1,66,1306,217
43180,"Shelbyville, TN",2022-01-01,13,64,17,0,94,1400,230
43180,"Shelbyville, TN",2022-02-01,10,49,20,3,82,1482,240
43180,"Shelbyville, TN",2022-03-01,10,42,11,1,64,1546,250
43180,"Shelbyville, TN",2022-04-01,10,38,12,1,61,1607,260
43180,"Shelbyville, TN",2022-05-01,17,54,8,1,80,1687,277
43180,"Shelbyville, TN",2022-06-01,14,39,11,0,64,1751,291
43180,"Shelbyville, TN",2022-07-01,11,29,8,1,49,1800,302
43180,"Shelbyville, TN",2022-08-01,19,57,11,2,89,1889,321
43180,"Shelbyville, TN",2022-09-01,18,38,11,0,67,1956,339
43180,"Shelbyville, TN",2022-10-01,14,37,11,1,63,2019,353
43180,"Shelbyville, TN",2022-11-01,17,33,9,0,59,2078,370
43180,"Shelbyville, TN",2022-12-01,12,34,12,0,58,2136,382
43180,"Shelbyville, TN",2023-01-01,12,23,11,2,48,2184,394
43180,"Shelbyville, TN",2023-02-01,15,36,11,1,63,2247,409
43180,"Shelbyville, TN",2023-03-01,22,44,10,1,77,2324,431
43180,"Shelbyville, TN",2023-04-01,14,28,8,1,51,2375,445
43180,"Shelbyville, TN",2023-05-01,14,32,9,0,55,2430,459
43180,"Shelbyville, TN",2023-06-01,15,15,4,0,34,2464,474
43180,"Shelbyville, TN",2023-07-01,19,25,10,1,55,2519,493
43180,"Shelbyville, TN",2023-08-01,10,16,7,0,33,2552,503
43180,"Shelbyville, TN",2023-09-01,5,18,5,0,28,2580,508
43180,"Shelbyville, TN",2023-10-01,16,28,6,0,50,2630,524
43180,"Shelbyville, TN",2023-11-01,23,61,9,1,94,2724,547
43180,"Shelbyville, TN",2023-12-01,18,50,16,1,85,2809,565
43180,"Shelbyville, TN",2024-01-01,24,51,13,1,89,2898,589
43180,"Shelbyville, TN",2024-02-01,27,35,12,2,76,2974,616
43180,"Shelbyville, TN",2024-03-01,31,41,10,3,85,3059,647
43180,"Shelbyville, TN",2024-04-01,29,47,12,0,88,3147,676
43180,"Shelbyville, TN",2024-05-01,22,55,15,0,92,3239,698
43180,"Shelbyville, TN",2024-06-01,27,45,16,0,88,3327,725
43180,"Shelbyville, TN",2024-07-01,22,46,17,2,87,3414,747
43180,"Shelbyville, TN",2024-08-01,18,23,13,5,59,3473,765
43180,"Shelbyville, TN",2024-09-01,21,24,15,2,62,3535,786
43180,"Shelbyville, TN",2024-10-01,34,38,10,3,85,3620,820
43180,"Shelbyville, TN",2024-11-01,27,49,15,2,93,3713,847
43180,"Shelbyville, TN",2024-12-01,26,56,14,0,96,3809,873
43180,"Shelbyville, TN",2025-01-01,38,45,18,0,101,3910,911
43180,"Shelbyville, TN",2025-02-01,40,40,13,1,94,4004,951
43180,"Shelbyville, TN",2025-03-01,43,30,11,1,85,4089,994
43180,"Shelbyville, TN",2025-04-01,28,43,12,1,84,4173,1022
43180,"Shelbyville, TN",2025-05-01,25,26,7,1,59,4232,1047
43180,"Shelbyville, TN",2025-06-01,42,46,10,1,99,4331,1089
43180,"Shelbyville, TN",2025-07-01,30,38,8,1,77,4408,1119
43180,"Shelbyville, TN",2025-08-01,16,32,14,2,64,4472,1135
43180,"Shelbyville, TN",2025-09-01,1,0,0,0,1,4473,1136
46060,"Tucson, AZ",2019-01-01,10,238,42,7,297,297,10
46060,"Tucson, AZ",2019-02-01,8,237,44,4,293,590,18
46060,"Tucson, AZ",2019-03-01,16,232,43,7,298,888,34
46060,"Tucson, AZ",2019-04-01,13,276,63,7,359,1247,47
46060,"Tucson, AZ",2019-05-01,23,348,49,12,432,1679,70
46060,"Tucson, AZ",2019-06-01,15,221,52,8,296,1975,85
46060,"Tucson, AZ",2019-07-01,30,232,54,4,320,2295,115
46060,"Tucson, AZ",2019-08-01,21,297,78,6,402,2697,136
46060,"Tucson, AZ",2019-09-01,18,205,37,3,263,2960,154
46060,"Tucson, AZ",2019-10-01,31,224,44,7,306,3266,185
46060,"Tucson, AZ",2019-11-01,30,213,46,4,293,3559,215
46060,"Tucson, AZ",2019-12-01,27,161,36,2,226,3785,242
46060,"Tucson, AZ",2020-01-01,47,249,64,7,367,4152,289
46060,"Tucson, AZ",2020-02-01,37,246,48,9,340,4492,326
46060,"Tucson, AZ",2020-03-01,90,421,115,12,638,5130,416
46060,"Tucson, AZ",2020-04-01,207,862,200,19,1288,6418,623
46060,"Tucson, AZ",2020-05-01,295,806,150,20,1271,7689,918
46060,"Tucson, AZ",2020-06-01,330,821,157,9,1317,9006,1248
46060,"Tucson, AZ",2020-07-01,345,1116,175,17,1653,10659,1593
46060,"Tucson, AZ",2020-08-01,260,996,138,10,1404,12063,1853
46060,"Tucson, AZ",2020-09-01,236,881,160,25,1302,13365,2089
46060,"Tucson, AZ",2020-10-01,200,775,128,15,1118,14483,2289
46060,"Tucson, AZ",2020-11-01,96,356,67,13,532,15015,2385
46060,"Tucson, AZ",2020-12-01,176,472,100,11,759,15774,2561
46060,"Tucson, AZ",2021-01-01,319,824,182,14,1339,17113,2880
46060,"Tucson, AZ",2021-02-01,332,770,172,19,1293,18406,3212
46060,"Tucson, AZ",2021-03-01,421,1017,209,26,1673,20079,3633
46060,"Tucson, AZ",2021-04-01,392,1088,212,24,1716,21795,4025
46060,"Tucson, AZ",2021-05-01,358,1003,179,25,1565,23360,4383
46060,"Tucson, AZ",2021-06-01,376,950,174,26,1526,24886,4759
46060,"Tucson, AZ",2021-07-01,153,471,106,8,738,25624,4912
46060,"Tucson, AZ",2021-08-01,150,609,117,15,891,26515,5062
46060,"Tucson, AZ",2021-09-01,193,653,147,21,1014,27529,5255
46060,"Tucson, AZ",2021-10-01,87,277,74,8,446,27975,5342
46060,"Tucson, AZ",2021-11-01,131,310,81,14,536,28511,5473
46060,"Tucson, AZ",2021-12-01,240,587,135,14,976,29487,5713
46060,"Tucson, AZ",2022-01-01,335,828,182,18,1363,30850,6048
46060,"Tucson, AZ",2022-02-01,241,546,120,24,931,31781,6289
46060,"Tucson, AZ",2022-03-01,295,636,171,24,1126,32907,6584
46060,"Tucson, AZ",2022-04-01,261,512,155,17,945,33852,6845
46060,"Tucson, AZ",2022-05-01,202,423,105,9,739,34591,7047
46060,"Tucson, AZ",2022-06-01,127,243,64,4,438,35029,7174
46060,"Tucson, AZ",2022-07-01,94,208,58,7,367,35396,7268
46060,"Tucson, AZ",2022-08-01,139,341,95,11,586,35982,7407
46060,"Tucson, AZ",2022-09-01,190,396,112,16,714,36696,7597
46060,"Tucson, AZ",2022-10-01,161,313,101,8,583,37279,7758
46060,"Tucson, AZ",2022-11-01,291,528,140,19,978,38257,8049
46060,"Tucson, AZ",2022-12-01,378,624,148,17,1167,39424,8427
46060,"Tucson, AZ",2023-01-01,354,551,143,16,1064,40488,8781
46060,"Tucson, AZ",2023-02-01,379,518,151,22,1070,41558,9160
46060,"Tucson, AZ",2023-03-01,453,626,184,19,1282,42840,9613
46060,"Tucson, AZ",2023-04-01,301,466,119,15,901,43741,9914
46060,"Tucson, AZ",2023-05-01,142,236,43,9,430,44171,10056
46060,"Tucson, AZ",2023-06-01,128,184,43,2,357,44528,10184
46060,"Tucson, AZ",2023-07-01,81,197,52,3,333,44861,10265
46060,"Tucson, AZ",2023-08-01,102,168,38,5,313,45174,10367
46060,"Tucson, AZ",2023-09-01,109,177,42,6,334,45508,10476
46060,"Tucson, AZ",2023-10-01,241,375,118,9,743,46251,10717
46060,"Tucson, AZ",2023-11-01,372,464,165,24,1025,47276,11089
46060,"Tucson, AZ",2023-12-01,339,481,141,12,973,48249,11428
46060,"Tucson, AZ",2024-01-01,245,362,120,15,742,48991,11673
46060,"Tucson, AZ",2024-02-01,210,265,70,10,555,49546,11883
46060,"Tucson, AZ",2024-03-01,347,418,109,10,884,50430,12230
46060,"Tucson, AZ",2024-04-01,135,182,48,5,370,50800,12365
46060,"Tucson, AZ",2024-05-01,130,218,42,10,400,51200,12495
46060,"Tucson, AZ",2024-06-01,113,164,41,9,327,51527,12608
46060,"Tucson, AZ",2024-07-01,72,158,29,5,264,51791,12680
46060,"Tucson, AZ",2024-08-01,61,136,32,9,238,52029,12741
46060,"Tucson, AZ",2024-09-01,47,125,31,2,205,52234,12788
46060,"Tucson, AZ",2024-10-01,366,529,151,22,1068,53302,13154
46060,"Tucson, AZ",2024-11-01,337,495,123,11,966,54268,13491
46060,"Tucson, AZ",2024-12-01,314,455,125,16,910,55178,13805
46060,"Tucson, AZ",2025-01-01,336,464,123,12,935,56113,14141
46060,"Tucson, AZ",2025-02-01,330,436,126,19,911,57024,14471
46060,"Tucson, AZ",2025-03-01,351,462,108,9,930,57954,14822
46060,"Tucson, AZ",2025-04-01,406,465,113,15,999,58953,15228
46060,"Tucson, AZ",2025-05-01,358,502,107,14,981,59934,15586
46060,"Tucson, AZ",2025-06-01,326,371,103,10,810,60744,15912
46060,"Tucson, AZ",2025-07-01,292,326,105,13,736,61480,16204
46060,"Tucson, AZ",2025-08-01,315,416,102,10,843,62323,16519
46060,"Tucson, AZ",2025-09-01,9,2,2,0,13,62336,16528
15780,"Camden, AR",2019-08-01,0,0,1,0,1,1,0
15780,"Camden, AR",2019-11-01,0,0,1,0,1,2,0
15780,"Camden, AR",2020-04-01,1,0,0,0,1,3,1
15780,"Camden, AR",2020-05-01,1,1,0,0,2,5,2
15780,"Camden, AR",2020-06-01,0,1,0,0,1,6,2
15780,"Camden, AR",2020-07-01,0,3,1,0,4,10,2
15780,"Camden, AR",2020-08-01,0,5,1,1,7,17,2
15780,"Camden, AR",2020-09-01,0,3,0,0,3,20,2
15780,"Camden, AR",2020-10-01,0,2,0,0,2,22,2
15780,"Camden, AR",2020-12-01,0,2,1,0,3,25,2
15780,"Camden, AR",2021-01-01,2,2,1,1,6,31,4
15780,"Camden, AR",2021-02-01,0,0,1,0,1,32,4
15780,"Camden, AR",2021-03-01,2,0,2,0,4,36,6
15780,"Camden, AR",2021-04-01,2,9,2,0,13,49,8
15780,"Camden, AR",2021-05-01,3,13,2,0,18,67,11
15780,"Camden, AR",2021-06-01,4,13,4,0,21,88,15
15780,"Camden, AR",2021-07-01,3,5,4,2,14,102,18
15780,"Camden, AR",2021-08-01,1,13,1,0,15,117,19
15780,"Camden, AR",2021-09-01,2,7,3,1,13,130,21
15780,"Camden, AR",2021-10-01,0,12,1,0,13,143,21
15780,"Camden, AR",2021-11-01,0,13,1,0,14,157,21
15780,"Camden, AR",2021-12-01,1,8,0,0,9,166,22
15780,"Camden, AR",2022-01-01,3,8,2,0,13,179,25
15780,"Camden, AR",2022-02-01,1,6,1,1,9,188,26
15780,"Camden, AR",2022-03-01,5,5,2,0,12,200,31
15780,"Camden, AR",2022-04-01,1,3,1,0,5,205,32
15780,"Camden, AR",2022-05-01,1,3,0,0,4,209,33
15780,"Camden, AR",2022-06-01,2,7,1,0,10,219,35
15780,"Camden, AR",2022-07-01,2,4,2,0,8,227,37
15780,"Camden, AR",2022-08-01,0,6,3,0,9,236,37
15780,"Camden, AR",2022-09-01,0,2,1,0,3,239,37
15780,"Camden, AR",2022-10-01,2,6,2,0,10,249,39
15780,"Camden, AR",2022-11-01,4,10,6,0,20,269,43
15780,"Camden, AR",2022-12-01,1,4,1,0,6,275,44
15780,"Camden, AR",2023-01-01,1,7,2,0,10,285,45
15780,"Camden, AR",2023-02-01,2,8,0,1,11,296,47
15780,"Camden, AR",2023-03-01,4,12,1,0,17,313,51
15780,"Camden, AR",2023-04-01,4,9,3,0,16,329,55
15780,"Camden, AR",2023-05-01,7,11,3,0,21,350,62
15780,"Camden, AR",2023-06-01,3,7,2,0,12,362,65
15780,"Camden, AR",2023-07-01,2,8,1,0,11,373,67
15780,"Camden, AR",2023-08-01,6,9,4,1,20,393,73
15780,"Camden, AR",2023-09-01,2,4,2,1,9,402,75
15780,"Camden, AR",2023-10-01,1,8,2,1,12,414,76
15780,"Camden, AR",2023-11-01,6,6,3,0,15,429,82
15780,"Camden, AR",2023-12-01,4,7,3,0,14,443,86
15780,"Camden, AR",2024-01-01,4,10,2,0,16,459,90
15780,"Camden, AR",2024-02-01,4,14,2,0,20,479,94
15780,"Camden, AR",2024-03-01,5,10,1,2,18,497,99
15780,"Camden, AR",2024-04-01,7,4,1,0,12,509,106
15780,"Camden, AR",2024-05-01,6,5,3,0,14,523,112
15780,"Camden, AR",2024-06-01,5,7,1,1,14,537,117
15780,"Camden, AR",2024-07-01,4,2,3,0,9,546,121
15780,"Camden, AR",2024-08-01,3,5,0,0,8,554,124
15780,"Camden, AR",2024-09-01,8,7,2,0,17,571,132
15780,"Camden, AR",2024-10-01,6,12,4,1,23,594,138
15780,"Camden, AR",2024-11-01,4,6,3,0,13,607,142
15780,"Camden, AR",2024-12-01,2,14,3,0,19,626,144
15780,"Camden, AR",2025-01-01,10,6,4,1,21,647,154
15780,"Camden, AR",2025-02-01,10,6,2,0,18,665,164
15780,"Camden, AR",2025-03-01,3,3,1,0,7,672,167
15780,"Camden, AR",2025-04-01,6,4,2,0,12,684,173
15780,"Camden, AR",2025-05-01,7,6,0,0,13,697,180
15780,"Camden, AR",2025-06-01,8,6,1,0,15,712,188
15780,"Camden, AR",2025-07-01,7,4,4,2,17,729,195
15780,"Camden, AR",2025-08-01,3,10,0,0,13,742,198
39780,"Red Bluff, CA",2019-01-01,1,5,2,2,10,10,1
39780,"Red Bluff, CA",2019-02-01,0,2,2,0,4,14,1
39780,"Red Bluff, CA",2019-03-01,0,5,1,0,6,20,1
39780,"Red Bluff, CA",2019-04-01,0,1,1,1,3,23,1
39780,"Red Bluff, CA",2019-05-01,0,4,1,0,5,28,1
39780,"Red Bluff, CA",2019-06-01,0,4,0,1,5,33,1
39780,"Red Bluff, CA",2019-07-01,0,7,2,0,9,42,1
39780,"Red Bluff, CA",2019-08-01,1,9,3,0,13,55,2
39780,"Red Bluff, CA",2019-09-01,0,7,0,1,8,63,2
39780,"Red Bluff, CA",2019-10-01,2,4,1,0,7,70,4
39780,"Red Bluff, CA",2019-11-01,2,2,0,0,4,74,6
39780,"Red Bluff, CA",2019-12-01,0,2,1,0,3,77,6
39780,"Red Bluff, CA",2020-01-01,0,3,1,1,5,82,6
39780,"Red Bluff, CA",2020-02-01,0,4,2,0,6,88,6
39780,"Red Bluff, CA",2020-03-01,0,10,2,0,12,100,6
39780,"Red Bluff, CA",2020-04-01,0,15,2,1,18,118,6
39780,"Red Bluff, CA",2020-05-01,2,16,3,0,21,139,8
39780,"Red Bluff, CA",2020-06-01,2,13,8,0,23,162,10
39780,"Red Bluff, CA",2020-07-01,6,15,5,0,26,188,16
39780,"Red Bluff, CA",2020-08-01,4,28,4,1,37,225,20
39780,"Red Bluff, CA",2020-09-01,6,18,5,0,29,254,26
39780,"Red Bluff, CA",2020-10-01,5,18,8,0,31,285,31
39780,"Red Bluff, CA",2020-11-01,9,27,9,0,45,330,40
39780,"Red Bluff, CA",2020-12-01,3,21,8,0,32,362,43
39780,"Red Bluff, CA",2021-01-01,14,30,10,1,55,417,57
39780,"Red Bluff, CA",2021-02-01,8,18,4,1,31,448,65
39780,"Red Bluff, CA",2021-03-01,8,48,11,0,67,515,73
39780,"Red Bluff, CA",2021-04-01,19,38,11,3,71,586,92
39780,"Red Bluff, CA",2021-05-01,21,29,8,1,59,645,113
39780,"Red Bluff, CA",2021-06-01,4,40,7,1,52,697,117
39780,"Red Bluff, CA",2021-07-01,11,52,14,1,78,775,128
39780,"Red Bluff, CA",2021-08-01,15,63,19,1,98,873,143
39780,"Red Bluff, CA",2021-09-01,16,61,15,2,94,967,159
39780,"Red Bluff, CA",2021-10-01,13,41,11,1,66,1033,172
39780,"Red Bluff, CA",2021-11-01,12,32,9,1,54,1087,184
39780,"Red Bluff, CA",2021-12-01,5,36,17,1,59,1146,189
39780,"Red Bluff, CA",2022-01-01,18,47,14,1,80,1226,207
39780,"Red Bluff, CA",2022-02-01,20,26,5,2,53,1279,227
39780,"Red Bluff, CA",2022-03-01,10,32,4,1,47,1326,237
39780,"Red Bluff, CA",2022-04-01,7,16,8,1,32,1358,244
39780,"Red Bluff, CA",2022-05-01,13,26,3,2,44,1402,257
39780,"Red Bluff, CA",2022-06-01,10,25,7,0,42,1444,267
39780,"Red Bluff, CA",2022-07-01,7,25,4,3,39,1483,274
39780,"Red Bluff, CA",2022-08-01,19,32,14,0,65,1548,293
39780,"Red Bluff, CA",2022-09-01,17,29,13,3,62,1610,310
39780,"Red Bluff, CA",2022-10-01,11,28,7,0,46,1656,321
39780,"Red Bluff, CA",2022-11-01,14,32,9,1,56,1712,335
39780,"Red Bluff, CA",2022-12-01,14,24,7,1,46,1758,349
39780,"Red Bluff, CA",2023-01-01,12,23,8,1,44,1802,361
39780,"Red Bluff, CA",2023-02-01,8,19,14,0,41,1843,369
39780,"Red Bluff, CA",2023-03-01,16,30,10,1,57,1900,385
39780,"Red Bluff, CA",2023-04-01,12,23,8,0,43,1943,397
39780,"Red Bluff, CA",2023-05-01,10,20,4,0,34,1977,407
39780,"Red Bluff, CA",2023-06-01,8,17,3,0,28,2005,415
39780,"Red Bluff, CA",2023-07-01,8,12,11,0,31,2036,423
39780,"Red Bluff, CA",2023-08-01,3,9,4,0,16,2052,426
39780,"Red Bluff, CA",2023-09-01,3,14,2,1,20,2072,429
39780,"Red Bluff, CA",2023-10-01,8,14,5,3,30,2102,437
39780,"Red Bluff, CA",2023-11-01,13,21,4,0,38,2140,450
39780,"Red Bluff, CA",2023-12-01,8,26,8,2,44,2184,458
39780,"Red Bluff, CA",2024-01-01,22,29,11,0,62,2246,480
39780,"Red Bluff, CA",2024-02-01,10,18,8,2,38,2284,490
39780,"Red Bluff, CA",2024-03-01,10,23,10,0,43,2327,500
39780,"Red Bluff, CA",2024-04-01,11,22,8,1,42,2369,511
39780,"Red Bluff, CA",2024-05-01,12,22,9,2,45,2414,523
39780,"Red Bluff, CA",2024-06-01,3,13,8,1,25,2439,526
39780,"Red Bluff, CA",2024-07-01,11,18,6,1,36,2475,537
39780,"Red Bluff, CA",2024-08-01,2,14,5,0,21,2496,539
39780,"Red Bluff, CA",2024-09-01,7,14,5,2,28,2524,546
39780,"Red Bluff, CA",2024-10-01,8,24,6,2,40,2564,554
39780,"Red Bluff, CA",2024-11-01,7,11,5,0,23,2587,561
39780,"Red Bluff, CA",2024-12-01,8,12,8,0,28,2615,569
39780,"Red Bluff, CA",2025-01-01,8,14,4,1,27,2642,577
39780,"Red Bluff, CA",2025-02-01,10,20,7,0,37,2679,587
39780,"Red Bluff, CA",2025-03-01,9,16,4,1,30,2709,596
39780,"Red Bluff, CA",2025-04-01,9,10,4,0,23,2732,605
39780,"Red Bluff, CA",2025-05-01,9,14,4,0,27,2759,614
39780,"Red Bluff, CA",2025-06-01,12,20,3,1,36,2795,626
39780,"Red Bluff, CA",2025-07-01,13,16,7,0,36,2831,639
39780,"Red Bluff, CA",2025-08-01,9,21,8,0,38,2869,648
33780,"Monroe, MI",2019-01-01,0,21,9,2,32,32,0
33780,"Monroe, MI",2019-02-01,0,34,13,0,47,79,0
33780,"Monroe, MI",2019-03-01,2,71,26,3,102,181,2
33780,"Monroe, MI",2019-04-01,2,67,19,1,89,270,4
33780,"Monroe, MI",2019-05-01,2,60,14,3,79,349,6
33780,"Monroe, MI",2019-06-01,5,27,14,1,47,396,11
33780,"Monroe, MI",2019-07-01,5,42,17,0,64,460,16
33780,"Monroe, MI",2019-08-01,6,55,24,0,85,545,22
33780,"Monroe, MI",2019-09-01,4,30,13,1,48,593,26
33780,"Monroe, MI",2019-10-01,8,41,14,1,64,657,34
33780,"Monroe, MI",2019-11-01,8,42,9,1,60,717,42
33780,"Monroe, MI",2019-12-01,2,49,15,3,69,786,44
33780,"Monroe, MI",2020-01-01,12,44,15,2,73,859,56
33780,"Monroe, MI",2020-02-01,4,49,7,2,62,921,60
33780,"Monroe, MI",2020-03-01,7,65,15,1,88,1009,67
33780,"Monroe, MI",2020-04-01,36,91,42,4,173,1182,103
33780,"Monroe, MI",2020-05-01,46,132,36,5,219,1401,149
33780,"Monroe, MI",2020-06-01,29,73,12,1,115,1516,178
33780,"Monroe, MI",2020-07-01,36,129,29,4,198,1714,214
33780,"Monroe, MI",2020-08-01,32,185,39,4,260,1974,246
33780,"Monroe, MI",2020-09-01,22,111,23,2,158,2132,268
33780,"Monroe, MI",2020-10-01,15,83,18,1,117,2249,283
33780,"Monroe, MI",2020-11-01,30,82,25,1,138,2387,313
33780,"Monroe, MI",2020-12-01,33,88,32,3,156,2543,346
33780,"Monroe, MI",2021-01-01,46,139,36,2,223,2766,392
33780,"Monroe, MI",2021-02-01,33,108,20,4,165,2931,425
33780,"Monroe, MI",2021-03-01,44,131,32,6,213,3144,469
33780,"Monroe, MI",2021-04-01,33,115,25,7,180,3324,502
33780,"Monroe, MI",2021-05-01,42,107,19,3,171,3495,544
33780,"Monroe, MI",2021-06-01,36,106,26,1,169,3664,580
33780,"Monroe, MI",2021-07-01,41,113,28,3,185,3849,621
33780,"Monroe, MI",2021-08-01,32,111,22,2,167,4016,653
33780,"Monroe, MI",2021-09-01,22,125,28,2,177,4193,675
33780,"Monroe, MI",2021-10-01,25,86,24,4,139,4332,700
33780,"Monroe, MI",2021-11-01,27,102,27,3,159,4491,727
33780,"Monroe, MI",2021-12-01,40,80,32,5,157,4648,767
33780,"Monroe, MI",2022-01-01,34,115,24,3,176,4824,801
33780,"Monroe, MI",2022-02-01,35,89,23,4,151,4975,836
33780,"Monroe, MI",2022-03-01,44,97,30,0,171,5146,880
33780,"Monroe, MI",2022-04-01,30,93,31,1,155,5301,910
33780,"Monroe, MI",2022-05-01,32,91,19,1,143,5444,942
33780,"Monroe, MI",2022-06-01,7,40,18,1,66,5510,949
33780,"Monroe, MI",2022-07-01,15,35,17,1,68,5578,964
33780,"Monroe, MI",2022-08-01,18,48,7,1,74,5652,982
33780,"Monroe, MI",2022-09-01,24,65,17,2,108,5760,1006
33780,"Monroe, MI",2022-10-01,20,52,18,0,90,5850,1026
33780,"Monroe, MI",2022-11-01,35,52,32,3,122,5972,1061
33780,"Monroe, MI",2022-12-01,40,48,8,3,99,6071,1101
33780,"Monroe, MI",2023-01-01,44,70,22,4,140,6211,1145
33780,"Monroe, MI",2023-02-01,27,53,28,2,110,6321,1172
33780,"Monroe, MI",2023-03-01,48,80,19,2,149,6470,1220
33780,"Monroe, MI",2023-04-01,28,53,16,1,98,6568,1248
33780,"Monroe, MI",2023-05-01,19,30,11,1,61,6629,1267
33780,"Monroe, MI",2023-06-01,28,30,14,1,73,6702,1295
33780,"Monroe, MI",2023-07-01,24,34,13,1,72,6774,1319
33780,"Monroe, MI",2023-08-01,36,62,18,1,117,6891,1355
33780,"Monroe, MI",2023-09-01,37,65,28,1,131,7022,1392
33780,"Monroe, MI",2023-10-01,30,48,31,0,109,7131,1422
33780,"Monroe, MI",2023-11-01,44,59,14,1,118,7249,1466
33780,"Monroe, MI",2023-12-01,40,73,22,4,139,7388,1506
33780,"Monroe, MI",2024-01-01,39,72,30,3,144,7532,1545
33780,"Monroe, MI",2024-02-01,46,65,27,4,142,7674,1591
33780,"Monroe, MI",2024-03-01,43,68,22,3,136,7810,1634
33780,"Monroe, MI",2024-04-01,25,54,21,2,102,7912,1659
33780,"Monroe, MI",2024-05-01,39,93,20,4,156,8068,1698
33780,"Monroe, MI",2024-06-01,42,57,22,0,121,8189,1740
33780,"Monroe, MI",2024-07-01,32,57,24,0,113,8302,1772
33780,"Monroe, MI",2024-08-01,61,86,32,3,182,8484,1833
33780,"Monroe, MI",2024-09-01,40,77,25,2,144,8628,1873
33780,"Monroe, MI",2024-10-01,38,90,17,3,148,8776,1911
33780,"Monroe, MI",2024-11-01,58,57,29,6,150,8926,1969
33780,"Monroe, MI",2024-12-01,51,70,16,5,142,9068,2020
33780,"Monroe, MI",2025-01-01,46,72,26,1,145,9213,2066
33780,"Monroe, MI",2025-02-01,36,43,22,2,103,9316,2102
33780,"Monroe, MI",2025-03-01,48,48,17,3,116,9432,2150
33780,"Monroe, MI",2025-04-01,40,51,19,3,113,9545,2190
33780,"Monroe, MI",2025-05-01,49,40,15,0,104,9649,2239
33780,"Monroe, MI",2025-06-01,35,40,13,4,92,9741,2274
33780,"Monroe, MI",2025-07-01,31,47,18,2,98,9839,2305
33780,"Monroe, MI",2025-08-01,37,44,10,3,94,9933,2342
33780,"Monroe, MI",2025-09-01,2,1,0,0,3,9936,2344
38540,"Pocatello, ID",2019-01-01,1,3,3,0,7,7,1
38540,"Pocatello, ID",2019-02-01,0,2,0,0,2,9,1
38540,"Pocatello, ID",2019-03-01,1,4,4,0,9,18,2
38540,"Pocatello, ID",2019-04-01,1,22,3,0,26,44,3
38540,"Pocatello, ID",2019-05-01,1,18,4,1,24,68,4
38540,"Pocatello, ID",2019-06-01,2,23,3,1,29,97,6
38540,"Pocatello, ID",2019-07-01,2,17,2,1,22,119,8
38540,"Pocatello, ID",2019-08-01,4,16,2,0,22,141,12
38540,"Pocatello, ID",2019-09-01,4,18,6,0,28,169,16
38540,"Pocatello, ID",2019-10-01,3,14,3,0,20,189,19
38540,"Pocatello, ID",2019-11-01,3,15,1,0,19,208,22
38540,"Pocatello, ID",2019-12-01,1,10,3,0,14,222,23
38540,"Pocatello, ID",2020-01-01,2,21,5,0,28,250,25
38540,"Pocatello, ID",2020-02-01,1,12,3,2,18,268,26
38540,"Pocatello, ID",2020-03-01,7,22,8,0,37,305,33
38540,"Pocatello, ID",2020-04-01,22,67,7,1,97,402,55
38540,"Pocatello, ID",2020-05-01,13,37,9,0,59,461,68
38540,"Pocatello, ID",2020-06-01,13,37,6,0,56,517,81
38540,"Pocatello, ID",2020-07-01,9,45,10,0,64,581,90
38540,"Pocatello, ID",2020-08-01,17,42,3,2,64,645,107
38540,"Pocatello, ID",2020-09-01,24,45,12,1,82,727,131
38540,"Pocatello, ID",2020-10-01,20,43,6,3,72,799,151
38540,"Pocatello, ID",2020-11-01,12,26,10,1,49,848,163
38540,"Pocatello, ID",2020-12-01,9,39,12,2,62,910,172
38540,"Pocatello, ID",2021-01-01,20,42,4,2,68,978,192
38540,"Pocatello, ID",2021-02-01,16,25,9,0,50,1028,208
38540,"Pocatello, ID",2021-03-01,33,53,9,0,95,1123,241
38540,"Pocatello, ID",2021-04-01,21,47,7,3,78,1201,262
38540,"Pocatello, ID",2021-05-01,22,61,9,1,93,1294,284
38540,"Pocatello, ID",2021-06-01,16,42,10,1,69,1363,300
38540,"Pocatello, ID",2021-07-01,19,48,5,0,72,1435,319
38540,"Pocatello, ID",2021-08-01,16,30,17,1,64,1499,335
38540,"Pocatello, ID",2021-09-01,25,62,19,2,108,1607,360
38540,"Pocatello, ID",2021-10-01,17,49,12,0,78,1685,377
38540,"Pocatello, ID",2021-11-01,26,32,14,1,73,1758,403
38540,"Pocatello, ID",2021-12-01,20,53,9,1,83,1841,423
38540,"Pocatello, ID",2022-01-01,60,66,14,1,141,1982,483
38540,"Pocatello, ID",2022-02-01,24,31,10,0,65,2047,507
38540,"Pocatello, ID",2022-03-01,26,47,6,1,80,2127,533
38540,"Pocatello, ID",2022-04-01,19,50,10,0,79,2206,552
38540,"Pocatello, ID",2022-05-01,25,41,11,1,78,2284,577
38540,"Pocatello, ID",2022-06-01,22,34,15,1,72,2356,599
38540,"Pocatello, ID",2022-07-01,30,37,8,1,76,2432,629
38540,"Pocatello, ID",2022-08-01,23,35,13,0,71,2503,652
38540,"Pocatello, ID",2022-09-01,24,34,12,1,71,2574,676
38540,"Pocatello, ID",2022-10-01,34,33,12,0,79,2653,710
38540,"Pocatello, ID",2022-11-01,29,46,12,1,88,2741,739
38540,"Pocatello, ID",2022-12-01,42,46,14,1,103,2844,781
38540,"Pocatello, ID",2023-01-01,59,53,9,0,121,2965,840
38540,"Pocatello, ID",2023-02-01,36,41,10,2,89,3054,876
38540,"Pocatello, ID",2023-03-01,55,77,18,4,154,3208,931
38540,"Pocatello, ID",2023-04-01,26,34,6,1,67,3275,957
38540,"Pocatello, ID",2023-05-01,22,38,11,2,73,3348,979
38540,"Pocatello, ID",2023-06-01,21,20,9,1,51,3399,1000
38540,"Pocatello, ID",2023-07-01,23,21,8,0,52,3451,1023
38540,"Pocatello, ID",2023-08-01,10,12,4,0,26,3477,1033
38540,"Pocatello, ID",2023-09-01,25,25,10,2,62,3539,1058
38540,"Pocatello, ID",2023-10-01,42,30,11,1,84,3623,1100
38540,"Pocatello, ID",2023-11-01,46,52,12,0,110,3733,1146
38540,"Pocatello, ID",2023-12-01,44,44,13,2,103,3836,1190
38540,"Pocatello, ID",2024-01-01,64,48,9,1,122,3958,1254
38540,"Pocatello, ID",2024-02-01,54,42,16,0,112,4070,1308
38540,"Pocatello, ID",2024-03-01,41,45,15,4,105,4175,1349
38540,"Pocatello, ID",2024-04-01,36,29,10,1,76,4251,1385
38540,"Pocatello, ID",2024-05-01,27,28,12,0,67,4318,1412
38540,"Pocatello, ID",2024-06-01,20,26,11,3,60,4378,1432
38540,"Pocatello, ID",2024-07-01,21,25,5,1,52,4430,1453
38540,"Pocatello, ID",2024-08-01,15,20,10,0,45,4475,1468
38540,"Pocatello, ID",2024-09-01,26,25,8,0,59,4534,1494
38540,"Pocatello, ID",2024-10-01,40,38,6,2,86,4620,1534
38540,"Pocatello, ID",2024-11-01,29,38,6,3,76,4696,1563
38540,"Pocatello, ID",2024-12-01,44,41,16,1,102,4798,1607
38540,"Pocatello, ID",2025-01-01,47,54,6,1,108,4906,1654
38540,"Pocatello, ID",2025-02-01,46,37,13,1,97,5003,1700
38540,"Pocatello, ID",2025-03-01,40,28,9,1,78,5081,1740
38540,"Pocatello, ID",2025-04-01,40,38,8,0,86,5167,1780
38540,"Pocatello, ID",2025-05-01,36,31,8,2,77,5244,1816
38540,"Pocatello, ID",2025-06-01,32,40,8,1,81,5325,1848
38540,"Pocatello, ID",2025-07-01,34,37,13,1,85,5410,1882
38540,"Pocatello, ID",2025-08-01,39,27,5,0,71,5481,1921
38540,"Pocatello, ID",2025-09-01,0,3,0,0,3,5484,1921
49740,"Yuma, AZ",2019-01-01,1,3,1,0,5,5,1
49740,"Yuma, AZ",2019-02-01,1,8,3,0,12,17,2
49740,"Yuma, AZ",2019-03-01,3,30,4,0,37,54,5
49740,"Yuma, AZ",2019-04-01,1,27,5,0,33,87,6
49740,"Yuma, AZ",2019-05-01,1,35,4,1,41,128,7
49740,"Yuma, AZ",2019-06-01,1,31,5,1,38,166,8
49740,"Yuma, AZ",2019-07-01,2,21,4,1,28,194,10
49740,"Yuma, AZ",2019-08-01,4,30,9,0,43,237,14
49740,"Yuma, AZ",2019-09-01,2,21,6,0,29,266,16
49740,"Yuma, AZ",2019-10-01,3,18,2,1,24,290,19
49740,"Yuma, AZ",2019-11-01,3,31,3,2,39,329,22
49740,"Yuma, AZ",2019-12-01,3,21,8,1,33,362,25
49740,"Yuma, AZ",2020-01-01,7,24,3,1,35,397,32
49740,"Yuma, AZ",2020-02-01,9,26,4,0,39,436,41
49740,"Yuma, AZ",2020-03-01,6,47,13,1,67,503,47
49740,"Yuma, AZ",2020-04-01,18,88,9,6,121,624,65
49740,"Yuma, AZ",2020-05-01,24,84,16,1,125,749,89
49740,"Yuma, AZ",2020-06-01,23,43,2,1,69,818,112
49740,"Yuma, AZ",2020-07-01,30,110,14,3,157,975,142
49740,"Yuma, AZ",2020-08-01,34,113,7,2,156,1131,176
49740,"Yuma, AZ",2020-09-01,30,82,12,3,127,1258,206
49740,"Yuma, AZ",2020-10-01,18,65,7,2,92,1350,224
49740,"Yuma, AZ",2020-11-01,12,52,7,5,76,1426,236
49740,"Yuma, AZ",2020-12-01,7,49,9,2,67,1493,243
49740,"Yuma, AZ",2021-01-01,32,68,18,3,121,1614,275
49740,"Yuma, AZ",2021-02-01,23,52,12,0,87,1701,298
49740,"Yuma, AZ",2021-03-01,42,91,19,2,154,1855,340
49740,"Yuma, AZ",2021-04-01,32,102,17,2,153,2008,372
49740,"Yuma, AZ",2021-05-01,42,96,12,1,151,2159,414
49740,"Yuma, AZ",2021-06-01,39,127,14,7,187,2346,453
49740,"Yuma, AZ",2021-07-01,24,54,10,2,90,2436,477
49740,"Yuma, AZ",2021-08-01,28,75,19,1,123,2559,505
49740,"Yuma, AZ",2021-09-01,22,87,14,2,125,2684,527
49740,"Yuma, AZ",2021-10-01,20,48,7,3,78,2762,547
49740,"Yuma, AZ",2021-11-01,11,35,10,2,58,2820,558
49740,"Yuma, AZ",2021-12-01,41,60,16,1,118,2938,599
49740,"Yuma, AZ",2022-01-01,28,63,14,3,108,3046,627
49740,"Yuma, AZ",2022-02-01,22,33,13,3,71,3117,649
49740,"Yuma, AZ",2022-03-01,30,47,14,3,94,3211,679
49740,"Yuma, AZ",2022-04-01,15,41,16,4,76,3287,694
49740,"Yuma, AZ",2022-05-01,44,55,6,2,107,3394,738
49740,"Yuma, AZ",2022-06-01,39,68,6,1,114,3508,777
49740,"Yuma, AZ",2022-07-01,26,50,15,3,94,3602,803
49740,"Yuma, AZ",2022-08-01,35,72,19,1,127,3729,838
49740,"Yuma, AZ",2022-09-01,44,72,14,3,133,3862,882
49740,"Yuma, AZ",2022-10-01,50,66,20,4,140,4002,932
49740,"Yuma, AZ",2022-11-01,43,78,16,1,138,4140,975
49740,"Yuma, AZ",2022-12-01,37,53,18,3,111,4251,1012
49740,"Yuma, AZ",2023-01-01,31,58,16,2,107,4358,1043
49740,"Yuma, AZ",2023-02-01,47,61,13,3,124,4482,1090
49740,"Yuma, AZ",2023-03-01,61,94,25,2,182,4664,1151
49740,"Yuma, AZ",2023-04-01,39,60,9,4,112,4776,1190
49740,"Yuma, AZ",2023-05-01,29,55,17,2,103,4879,1219
49740,"Yuma, AZ",2023-06-01,24,30,8,2,64,4943,1243
49740,"Yuma, AZ",2023-07-01,45,60,15,3,123,5066,1288
49740,"Yuma, AZ",2023-08-01,38,40,10,1,89,5155,1326
49740,"Yuma, AZ",2023-09-01,26,32,8,4,70,5225,1352
49740,"Yuma, AZ",2023-10-01,41,62,10,4,117,5342,1393
49740,"Yuma, AZ",2023-11-01,55,84,18,2,159,5501,1448
49740,"Yuma, AZ",2023-12-01,56,75,16,4,151,5652,1504
49740,"Yuma, AZ",2024-01-01,70,66,29,4,169,5821,1574
49740,"Yuma, AZ",2024-02-01,64,63,13,3,143,5964,1638
49740,"Yuma, AZ",2024-03-01,33,44,8,2,87,6051,1671
49740,"Yuma, AZ",2024-04-01,24,41,8,2,75,6126,1695
49740,"Yuma, AZ",2024-05-01,21,28,7,0,56,6182,1716
49740,"Yuma, AZ",2024-06-01,18,23,9,0,50,6232,1734
49740,"Yuma, AZ",2024-07-01,7,19,5,3,34,6266,1741
49740,"Yuma, AZ",2024-08-01,12,14,5,0,31,6297,1753
49740,"Yuma, AZ",2024-09-01,4,22,0,0,26,6323,1757
49740,"Yuma, AZ",2024-10-01,12,25,2,2,41,6364,1769
49740,"Yuma, AZ",2024-11-01,21,12,11,0,44,6408,1790
49740,"Yuma, AZ",2024-12-01,10,14,8,1,33,6441,1800
49740,"Yuma, AZ",2025-01-01,11,15,5,0,31,6472,1811
49740,"Yuma, AZ",2025-02-01,33,52,5,1,91,6563,1844
49740,"Yuma, AZ",2025-03-01,102,96,19,1,218,6781,1946
49740,"Yuma, AZ",2025-04-01,75,70,22,1,168,6949,2021
49740,"Yuma, AZ",2025-05-01,29,40,7,4,80,7029,2050
49740,"Yuma, AZ",2025-06-01,7,22,2,1,32,7061,2057
49740,"Yuma, AZ",2025-07-01,9,20,2,0,31,7092,2066
49740,"Yuma, AZ",2025-08-01,34,40,5,0,79,7171,2100
49740,"Yuma, AZ",2025-09-01,5,3,0,0,8,7179,2105
36460,"Olean, NY",2019-03-01,0,0,1,0,1,1,0
36460,"Olean, NY",2019-07-01,1,3,0,0,4,5,1
36460,"Olean, NY",2019-08-01,0,3,0,0,3,8,1
36460,"Olean, NY",2019-09-01,0,2,1,0,3,11,1
36460,"Olean, NY",2019-10-01,1,2,2,0,5,16,2
36460,"Olean, NY",2019-11-01,0,1,0,0,1,17,2
36460,"Olean, NY",2019-12-01,0,3,0,0,3,20,2
36460,"Olean, NY",2020-01-01,0,0,1,0,1,21,2
36460,"Olean, NY",2020-02-01,0,1,1,0,2,23,2
36460,"Olean, NY",2020-03-01,1,2,1,0,4,27,3
36460,"Olean, NY",2020-04-01,1,9,1,0,11,38,4
36460,"Olean, NY",2020-05-01,4,11,1,0,16,54,8
36460,"Olean, NY",2020-06-01,3,6,0,0,9,63,11
36460,"Olean, NY",2020-07-01,3,4,1,0,8,71,14
36460,"Olean, NY",2020-08-01,2,8,2,1,13,84,16
36460,"Olean, NY",2020-09-01,2,10,2,0,14,98,18
36460,"Olean, NY",2020-10-01,6,23,5,0,34,132,24
36460,"Olean, NY",2020-11-01,4,20,1,1,26,158,28
36460,"Olean, NY",2020-12-01,3,18,7,0,28,186,31
36460,"Olean, NY",2021-01-01,12,28,3,0,43,229,43
36460,"Olean, NY",2021-02-01,10,16,4,0,30,259,53
36460,"Olean, NY",2021-03-01,16,23,7,0,46,305,69
36460,"Olean, NY",2021-04-01,4,19,2,0,25,330,73
36460,"Olean, NY",2021-05-01,16,38,12,0,66,396,89
36460,"Olean, NY",2021-06-01,7,23,6,0,36,432,96
36460,"Olean, NY",2021-07-01,15,34,7,2,58,490,111
36460,"Olean, NY",2021-08-01,13,20,4,0,37,527,124
36460,"Olean, NY",2021-09-01,10,20,8,0,38,565,134
36460,"Olean, NY",2021-10-01,12,15,2,2,31,596,146
36460,"Olean, NY",2021-11-01,9,13,9,0,31,627,155
36460,"Olean, NY",2021-12-01,19,31,6,1,57,684,174
36460,"Olean, NY",2022-01-01,19,27,10,2,58,742,193
36460,"Olean, NY",2022-02-01,10,10,5,0,25,767,203
36460,"Olean, NY",2022-03-01,19,16,2,0,37,804,222
36460,"Olean, NY",2022-04-01,11,15,8,1,35,839,233
36460,"Olean, NY",2022-05-01,11,18,12,0,41,880,244
36460,"Olean, NY",2022-06-01,7,14,6,0,27,907,251
36460,"Olean, NY",2022-07-01,4,14,7,0,25,932,255
36460,"Olean, NY",2022-08-01,11,24,5,0,40,972,266
36460,"Olean, NY",2022-09-01,9,16,8,2,35,1007,275
36460,"Olean, NY",2022-10-01,15,16,8,3,42,1049,290
36460,"Olean, NY",2022-11-01,16,13,5,0,34,1083,306
36460,"Olean, NY",2022-12-01,10,16,3,0,29,1112,316
36460,"Olean, NY",2023-01-01,11,29,9,0,49,1161,327
36460,"Olean, NY",2023-02-01,9,8,2,1,20,1181,336
36460,"Olean, NY",2023-03-01,19,20,7,1,47,1228,355
36460,"Olean, NY",2023-04-01,13,14,10,0,37,1265,368
36460,"Olean, NY",2023-05-01,13,15,6,0,34,1299,381
36460,"Olean, NY",2023-06-01,15,13,4,0,32,1331,396
36460,"Olean, NY",2023-07-01,9,11,7,0,27,1358,405
36460,"Olean, NY",2023-08-01,5,10,6,2,23,1381,410
36460,"Olean, NY",2023-09-01,7,10,4,0,21,1402,417
36460,"Olean, NY",2023-10-01,10,16,9,0,35,1437,427
36460,"Olean, NY",2023-11-01,16,22,7,1,46,1483,443
36460,"Olean, NY",2023-12-01,22,21,6,0,49,1532,465
36460,"Olean, NY",2024-01-01,22,18,6,0,46,1578,487
36460,"Olean, NY",2024-02-01,26,13,7,0,46,1624,513
36460,"Olean, NY",2024-03-01,16,15,5,3,39,1663,529
36460,"Olean, NY",2024-04-01,8,18,5,1,32,1695,537
36460,"Olean, NY",2024-05-01,11,10,1,0,22,1717,548
36460,"Olean, NY",2024-06-01,8,12,6,0,26,1743,556
36460,"Olean, NY",2024-07-01,5,8,1,0,14,1757,561
36460,"Olean, NY",2024-08-01,3,8,4,0,15,1772,564
36460,"Olean, NY",2024-09-01,10,9,4,1,24,1796,574
36460,"Olean, NY",2024-10-01,24,17,3,2,46,1842,598
36460,"Olean, NY",2024-11-01,20,12,1,0,33,1875,618
36460,"Olean, NY",2024-12-01,15,15,2,1,33,1908,633
36460,"Olean, NY",2025-01-01,26,27,10,0,63,1971,659
36460,"Olean, NY",2025-02-01,34,25,3,1,63,2034,693
36460,"Olean, NY",2025-03-01,31,11,11,1,54,2088,724
36460,"Olean, NY",2025-04-01,29,16,5,1,51,2139,753
36460,"Olean, NY",2025-05-01,13,21,3,0,37,2176,766
36460,"Olean, NY",2025-06-01,21,27,9,0,57,2233,787
36460,"Olean, NY",2025-07-01,18,22,4,0,44,2277,805
36460,"Olean, NY",2025-08-01,12,15,3,1,31,2308,817
36460,"Olean, NY",2025-09-01,1,0,0,0,1,2309,818
22520,"Florence-Muscle Shoals, AL",2019-01-01,0,3,1,0,4,4,0
22520,"Florence-Muscle Shoals, AL",2019-02-01,0,2,0,1,3,7,0
22520,"Florence-Muscle Shoals, AL",2019-03-01,0,19,2,2,23,30,0
22520,"Florence-Muscle Shoals, AL",2019-04-01,2,26,7,0,35,65,2
22520,"Florence-Muscle Shoals, AL",2019-05-01,0,20,1,0,21,86,2
22520,"Florence-Muscle Shoals, AL",2019-06-01,1,23,5,0,29,115,3
22520,"Florence-Muscle Shoals, AL",2019-07-01,1,28,7,0,36,151,4
22520,"Florence-Muscle Shoals, AL",2019-08-01,0,19,2,0,21,172,4
22520,"Florence-Muscle Shoals, AL",2019-09-01,0,22,5,0,27,199,4
22520,"Florence-Muscle Shoals, AL",2019-10-01,0,27,5,0,32,231,4
22520,"Florence-Muscle Shoals, AL",2019-11-01,1,19,3,0,23,254,5
22520,"Florence-Muscle Shoals, AL",2019-12-01,1,13,3,0,17,271,6
22520,"Florence-Muscle Shoals, AL",2020-01-01,2,22,4,0,28,299,8
22520,"Florence-Muscle Shoals, AL",2020-02-01,3,19,3,0,25,324,11
22520,"Florence-Muscle Shoals, AL",2020-03-01,1,31,5,0,37,361,12
22520,"Florence-Muscle Shoals, AL",2020-04-01,17,38,5,0,60,421,29
22520,"Florence-Muscle Shoals, AL",2020-05-01,15,91,19,1,126,547,44
22520,"Florence-Muscle Shoals, AL",2020-06-01,24,55,8,1,88,635,68
22520,"Florence-Muscle Shoals, AL",2020-07-01,16,71,8,1,96,731,84
22520,"Florence-Muscle Shoals, AL",2020-08-01,25,89,12,0,126,857,109
22520,"Florence-Muscle Shoals, AL",2020-09-01,28,87,14,0,129,986,137
22520,"Florence-Muscle Shoals, AL",2020-10-01,27,52,6,1,86,1072,164
22520,"Florence-Muscle Shoals, AL",2020-11-01,16,41,7,1,65,1137,180
22520,"Florence-Muscle Shoals, AL",2020-12-01,14,37,6,0,57,1194,194
22520,"Florence-Muscle Shoals, AL",2021-01-01,29,64,6,0,99,1293,223
22520,"Florence-Muscle Shoals, AL",2021-02-01,16,38,6,0,60,1353,239
22520,"Florence-Muscle Shoals, AL",2021-03-01,34,86,13,2,135,1488,273
22520,"Florence-Muscle Shoals, AL",2021-04-01,61,182,18,2,263,1751,334
22520,"Florence-Muscle Shoals, AL",2021-05-01,37,124,16,1,178,1929,371
22520,"Florence-Muscle Shoals, AL",2021-06-01,45,140,27,1,213,2142,416
22520,"Florence-Muscle Shoals, AL",2021-07-01,25,69,15,2,111,2253,441
22520,"Florence-Muscle Shoals, AL",2021-08-01,17,62,13,2,94,2347,458
22520,"Florence-Muscle Shoals, AL",2021-09-01,33,100,17,5,155,2502,491
22520,"Florence-Muscle Shoals, AL",2021-10-01,29,70,8,2,109,2611,520
22520,"Florence-Muscle Shoals, AL",2021-11-01,20,64,23,1,108,2719,540
22520,"Florence-Muscle Shoals, AL",2021-12-01,31,66,19,0,116,2835,571
22520,"Florence-Muscle Shoals, AL",2022-01-01,34,129,19,1,183,3018,605
22520,"Florence-Muscle Shoals, AL",2022-02-01,33,69,17,3,122,3140,638
22520,"Florence-Muscle Shoals, AL",2022-03-01,35,77,17,0,129,3269,673
22520,"Florence-Muscle Shoals, AL",2022-04-01,19,65,18,0,102,3371,692
22520,"Florence-Muscle Shoals, AL",2022-05-01,34,59,17,2,112,3483,726
22520,"Florence-Muscle Shoals, AL",2022-06-01,37,63,15,1,116,3599,763
22520,"Florence-Muscle Shoals, AL",2022-07-01,23,52,14,1,90,3689,786
22520,"Florence-Muscle Shoals, AL",2022-08-01,19,50,10,1,80,3769,805
22520,"Florence-Muscle Shoals, AL",2022-09-01,50,124,32,3,209,3978,855
22520,"Florence-Muscle Shoals, AL",2022-10-01,29,65,13,2,109,4087,884
22520,"Florence-Muscle Shoals, AL",2022-11-01,28,80,14,1,123,4210,912
22520,"Florence-Muscle Shoals, AL",2022-12-01,36,63,20,1,120,4330,948
22520,"Florence-Muscle Shoals, AL",2023-01-01,44,74,24,1,143,4473,992
22520,"Florence-Muscle Shoals, AL",2023-02-01,51,93,29,3,176,4649,1043
22520,"Florence-Muscle Shoals, AL",2023-03-01,68,128,40,1,237,4886,1111
22520,"Florence-Muscle Shoals, AL",2023-04-01,48,94,24,1,167,5053,1159
22520,"Florence-Muscle Shoals, AL",2023-05-01,27,59,11,2,99,5152,1186
22520,"Florence-Muscle Shoals, AL",2023-06-01,39,48,11,1,99,5251,1225
22520,"Florence-Muscle Shoals, AL",2023-07-01,22,46,14,1,83,5334,1247
22520,"Florence-Muscle Shoals, AL",2023-08-01,22,41,13,1,77,5411,1269
22520,"Florence-Muscle Shoals, AL",2023-09-01,27,41,17,3,88,5499,1296
22520,"Florence-Muscle Shoals, AL",2023-10-01,36,74,13,2,125,5624,1332
22520,"Florence-Muscle Shoals, AL",2023-11-01,76,101,32,3,212,5836,1408
22520,"Florence-Muscle Shoals, AL",2023-12-01,85,104,24,5,218,6054,1493
22520,"Florence-Muscle Shoals, AL",2024-01-01,68,103,28,3,202,6256,1561
22520,"Florence-Muscle Shoals, AL",2024-02-01,82,82,21,2,187,6443,1643
22520,"Florence-Muscle Shoals, AL",2024-03-01,84,89,24,3,200,6643,1727
22520,"Florence-Muscle Shoals, AL",2024-04-01,51,71,13,3,138,6781,1778
22520,"Florence-Muscle Shoals, AL",2024-05-01,24,43,18,3,88,6869,1802
22520,"Florence-Muscle Shoals, AL",2024-06-01,23,18,8,1,50,6919,1825
22520,"Florence-Muscle Shoals, AL",2024-07-01,74,69,21,3,167,7086,1899
22520,"Florence-Muscle Shoals, AL",2024-08-01,21,27,15,1,64,7150,1920
22520,"Florence-Muscle Shoals, AL",2024-09-01,31,39,11,3,84,7234,1951
22520,"Florence-Muscle Shoals, AL",2024-10-01,92,87,30,2,211,7445,2043
22520,"Florence-Muscle Shoals, AL",2024-11-01,55,62,23,4,144,7589,2098
22520,"Florence-Muscle Shoals, AL",2024-12-01,74,84,25,0,183,7772,2172
22520,"Florence-Muscle Shoals, AL",2025-01-01,50,42,21,0,113,7885,2222
22520,"Florence-Muscle Shoals, AL",2025-02-01,43,43,14,1,101,7986,2265
22520,"Florence-Muscle Shoals, AL",2025-03-01,93,89,22,5,209,8195,2358
22520,"Florence-Muscle Shoals, AL",2025-04-01,111,105,30,3,249,8444,2469
22520,"Florence-Muscle Shoals, AL",2025-05-01,45,51,18,1,115,8559,2514
22520,"Florence-Muscle Shoals, AL",2025-06-01,34,25,8,0,67,8626,2548
22520,"Florence-Muscle Shoals, AL",2025-07-01,56,48,13,2,119,8745,2604
22520,"Florence-Muscle Shoals, AL",2025-08-01,79,74,19,3,175,8920,2683
22520,"Florence-Muscle Shoals, AL",2025-09-01,3,2,0,0,5,8925,2686
40860,"Rutland, VT",2019-02-01,0,1,0,0,1,1,0
40860,"Rutland, VT",2019-03-01,0,1,0,0,1,2,0
40860,"Rutland, VT",2019-04-01,0,1,1,0,2,4,0
40860,"Rutland, VT",2019-05-01,0,2,0,0,2,6,0
40860,"Rutland, VT",2019-06-01,0,2,0,0,2,8,0
40860,"Rutland, VT",2019-07-01,0,2,1,0,3,11,0
40860,"Rutland, VT",2019-08-01,0,3,0,0,3,14,0
40860,"Rutland, VT",2019-09-01,0,1,2,0,3,17,0
40860,"Rutland, VT",2019-10-01,0,1,0,0,1,18,0
40860,"Rutland, VT",2019-11-01,0,2,0,0,2,20,0
40860,"Rutland, VT",2019-12-01,0,2,2,0,4,24,0
40860,"Rutland, VT",2020-01-01,0,0,1,0,1,25,0
40860,"Rutland, VT",2020-02-01,1,4,2,0,7,32,1
40860,"Rutland, VT",2020-03-01,1,6,0,0,7,39,2
40860,"Rutland, VT",2020-04-01,0,10,2,0,12,51,2
40860,"Rutland, VT",2020-05-01,3,16,4,0,23,74,5
40860,"Rutland, VT",2020-06-01,7,14,2,0,23,97,12
40860,"Rutland, VT",2020-07-01,7,9,2,0,18,115,19
40860,"Rutland, VT",2020-08-01,3,12,2,1,18,133,22
40860,"Rutland, VT",2020-09-01,6,15,2,1,24,157,28
40860,"Rutland, VT",2020-10-01,5,12,3,0,20,177,33
40860,"Rutland, VT",2020-11-01,4,7,3,0,14,191,37
40860,"Rutland, VT",2020-12-01,3,9,1,0,13,204,40
40860,"Rutland, VT",2021-01-01,6,18,4,0,28,232,46
40860,"Rutland, VT",2021-02-01,6,16,1,0,23,255,52
40860,"Rutland, VT",2021-03-01,8,8,4,0,20,275,60
40860,"Rutland, VT",2021-04-01,5,16,0,0,21,296,65
40860,"Rutland, VT",2021-05-01,6,22,2,0,30,326,71
40860,"Rutland, VT",2021-06-01,7,23,5,0,35,361,78
40860,"Rutland, VT",2021-07-01,4,17,3,0,24,385,82
40860,"Rutland, VT",2021-08-01,5,13,4,2,24,409,87
40860,"Rutland, VT",2021-09-01,4,18,2,1,25,434,91
40860,"Rutland, VT",2021-10-01,2,22,4,1,29,463,93
40860,"Rutland, VT",2021-11-01,6,18,5,1,30,493,99
40860,"Rutland, VT",2021-12-01,7,25,4,0,36,529,106
40860,"Rutland, VT",2022-01-01,2,18,4,2,26,555,108
40860,"Rutland, VT",2022-02-01,6,21,2,1,30,585,114
40860,"Rutland, VT",2022-03-01,5,21,2,1,29,614,119
40860,"Rutland, VT",2022-04-01,5,12,5,0,22,636,124
40860,"Rutland, VT",2022-05-01,5,13,2,0,20,656,129
40860,"Rutland, VT",2022-06-01,7,12,1,1,21,677,136
40860,"Rutland, VT",2022-07-01,4,19,4,0,27,704,140
40860,"Rutland, VT",2022-08-01,6,16,5,0,27,731,146
40860,"Rutland, VT",2022-09-01,6,13,2,0,21,752,152
40860,"Rutland, VT",2022-10-01,3,11,2,0,16,768,155
40860,"Rutland, VT",2022-11-01,5,9,4,1,19,787,160
40860,"Rutland, VT",2022-12-01,4,13,10,0,27,814,164
40860,"Rutland, VT",2023-01-01,6,19,2,1,28,842,170
40860,"Rutland, VT",2023-02-01,6,19,6,0,31,873,176
40860,"Rutland, VT",2023-03-01,8,5,8,0,21,894,184
40860,"Rutland, VT",2023-04-01,11,19,7,0,37,931,195
40860,"Rutland, VT",2023-05-01,8,11,5,0,24,955,203
40860,"Rutland, VT",2023-06-01,15,16,8,1,40,995,218
40860,"Rutland, VT",2023-07-01,9,20,5,0,34,1029,227
40860,"Rutland, VT",2023-08-01,5,12,4,0,21,1050,232
40860,"Rutland, VT",2023-09-01,9,12,4,1,26,1076,241
40860,"Rutland, VT",2023-10-01,8,20,6,0,34,1110,249
40860,"Rutland, VT",2023-11-01,12,14,3,0,29,1139,261
40860,"Rutland, VT",2023-12-01,7,18,1,1,27,1166,268
40860,"Rutland, VT",2024-01-01,8,14,3,0,25,1191,276
40860,"Rutland, VT",2024-02-01,9,20,4,0,33,1224,285
40860,"Rutland, VT",2024-03-01,10,12,2,1,25,1249,295
40860,"Rutland, VT",2024-04-01,9,13,6,2,30,1279,304
40860,"Rutland, VT",2024-05-01,15,8,3,0,26,1305,319
40860,"Rutland, VT",2024-06-01,7,24,7,0,38,1343,326
40860,"Rutland, VT",2024-07-01,8,11,3,0,22,1365,334
40860,"Rutland, VT",2024-08-01,7,12,7,0,26,1391,341
40860,"Rutland, VT",2024-09-01,6,16,4,1,27,1418,347
40860,"Rutland, VT",2024-10-01,6,16,5,0,27,1445,353
40860,"Rutland, VT",2024-11-01,10,16,3,1,30,1475,363
40860,"Rutland, VT",2024-12-01,18,11,1,0,30,1505,381
40860,"Rutland, VT",2025-01-01,10,9,5,0,24,1529,391
40860,"Rutland, VT",2025-02-01,15,12,5,1,33,1562,406
40860,"Rutland, VT",2025-03-01,13,14,5,1,33,1595,419
40860,"Rutland, VT",2025-04-01,28,13,4,0,45,1640,447
40860,"Rutland, VT",2025-05-01,13,11,2,2,28,1668,460
40860,"Rutland, VT",2025-06-01,20,13,4,0,37,1705,480
40860,"Rutland, VT",2025-07-01,8,10,6,0,24,1729,488
40860,"Rutland, VT",2025-08-01,10,11,4,0,25,1754,498
40860,"Rutland, VT",2025-09-01,0,1,0,0,1,1755,498
31380,"Macomb, IL",2019-01-01,0,1,0,0,1,1,0
31380,"Macomb, IL",2019-02-01,0,1,0,0,1,2,0
31380,"Macomb, IL",2019-03-01,0,1,0,0,1,3,0
31380,"Macomb, IL",2019-04-01,0,2,1,0,3,6,0
31380,"Macomb, IL",2019-05-01,0,2,1,0,3,9,0
31380,"Macomb, IL",2019-06-01,0,0,1,0,1,10,0
31380,"Macomb, IL",2019-07-01,0,4,0,0,4,14,0
31380,"Macomb, IL",2019-08-01,0,4,0,0,4,18,0
31380,"Macomb, IL",2019-09-01,0,2,0,0,2,20,0
31380,"Macomb, IL",2019-10-01,0,1,1,0,2,22,0
31380,"Macomb, IL",2019-12-01,0,1,0,0,1,23,0
31380,"Macomb, IL",2020-01-01,1,2,0,0,3,26,1
31380,"Macomb, IL",2020-02-01,2,1,0,0,3,29,3
31380,"Macomb, IL",2020-03-01,2,5,1,0,8,37,5
31380,"Macomb, IL",2020-04-01,3,6,1,0,10,47,8
31380,"Macomb, IL",2020-05-01,4,11,2,0,17,64,12
31380,"Macomb, IL",2020-06-01,1,9,0,1,11,75,13
31380,"Macomb, IL",2020-07-01,9,10,2,0,21,96,22
31380,"Macomb, IL",2020-08-01,7,11,2,0,20,116,29
31380,"Macomb, IL",2020-09-01,2,4,1,0,7,123,31
31380,"Macomb, IL",2020-10-01,5,12,1,0,18,141,36
31380,"Macomb, IL",2020-11-01,1,13,1,0,15,156,37
31380,"Macomb, IL",2020-12-01,6,11,1,0,18,174,43
31380,"Macomb, IL",2021-01-01,20,40,5,1,66,240,63
31380,"Macomb, IL",2021-02-01,12,32,1,0,45,285,75
31380,"Macomb, IL",2021-03-01,16,50,5,1,72,357,91
31380,"Macomb, IL",2021-04-01,12,28,5,0,45,402,103
31380,"Macomb, IL",2021-05-01,9,15,2,0,26,428,112
31380,"Macomb, IL",2021-06-01,8,15,3,0,26,454,120
31380,"Macomb, IL",2021-07-01,10,13,2,0,25,479,130
31380,"Macomb, IL",2021-08-01,15,20,4,1,40,519,145
31380,"Macomb, IL",2021-09-01,16,14,1,0,31,550,161
31380,"Macomb, IL",2021-10-01,8,14,1,0,23,573,169
31380,"Macomb, IL",2021-11-01,10,15,3,1,29,602,179
31380,"Macomb, IL",2021-12-01,22,19,5,1,47,649,201
31380,"Macomb, IL",2022-01-01,19,31,5,0,55,704,220
31380,"Macomb, IL",2022-02-01,18,30,3,0,51,755,238
31380,"Macomb, IL",2022-03-01,17,24,2,0,43,798,255
31380,"Macomb, IL",2022-04-01,15,14,3,0,32,830,270
31380,"Macomb, IL",2022-05-01,7,11,1,0,19,849,277
31380,"Macomb, IL",2022-06-01,5,7,0,0,12,861,282
31380,"Macomb, IL",2022-07-01,3,9,0,0,12,873,285
31380,"Macomb, IL",2022-08-01,6,4,5,0,15,888,291
31380,"Macomb, IL",2022-09-01,16,17,2,0,35,923,307
31380,"Macomb, IL",2022-10-01,8,17,6,0,31,954,315
31380,"Macomb, IL",2022-11-01,11,19,4,1,35,989,326
31380,"Macomb, IL",2022-12-01,14,5,4,0,23,1012,340
31380,"Macomb, IL",2023-01-01,14,15,3,0,32,1044,354
31380,"Macomb, IL",2023-02-01,4,10,4,0,18,1062,358
31380,"Macomb, IL",2023-03-01,19,31,6,0,56,1118,377
31380,"Macomb, IL",2023-04-01,10,17,4,0,31,1149,387
31380,"Macomb, IL",2023-05-01,6,12,0,0,18,1167,393
31380,"Macomb, IL",2023-06-01,4,8,1,0,13,1180,397
31380,"Macomb, IL",2023-07-01,9,2,3,0,14,1194,406
31380,"Macomb, IL",2023-08-01,7,6,2,0,15,1209,413
31380,"Macomb, IL",2023-09-01,17,18,5,1,41,1250,430
31380,"Macomb, IL",2023-10-01,15,22,4,0,41,1291,445
31380,"Macomb, IL",2023-11-01,14,25,5,1,45,1336,459
31380,"Macomb, IL",2023-12-01,10,21,5,1,37,1373,469
31380,"Macomb, IL",2024-01-01,10,13,4,0,27,1400,479
31380,"Macomb, IL",2024-02-01,13,11,3,0,27,1427,492
31380,"Macomb, IL",2024-03-01,16,9,4,0,29,1456,508
31380,"Macomb, IL",2024-04-01,10,20,4,0,34,1490,518
31380,"Macomb, IL",2024-05-01,6,21,1,0,28,1518,524
31380,"Macomb, IL",2024-06-01,10,16,5,0,31,1549,534
31380,"Macomb, IL",2024-07-01,7,5,0,0,12,1561,541
31380,"Macomb, IL",2024-08-01,2,7,3,0,12,1573,543
31380,"Macomb, IL",2024-09-01,17,8,3,0,28,1601,560
31380,"Macomb, IL",2024-10-01,16,14,3,0,33,1634,576
31380,"Macomb, IL",2024-11-01,7,9,2,0,18,1652,583
31380,"Macomb, IL",2024-12-01,11,11,1,1,24,1676,594
31380,"Macomb, IL",2025-01-01,20,10,2,0,32,1708,614
31380,"Macomb, IL",2025-02-01,14,13,2,0,29,1737,628
31380,"Macomb, IL",2025-03-01,13,16,4,0,33,1770,641
31380,"Macomb, IL",2025-04-01,9,9,1,0,19,1789,650
31380,"Macomb, IL",2025-05-01,15,12,3,0,30,1819,665
31380,"Macomb, IL",2025-06-01,5,10,4,0,19,1838,670
31380,"Macomb, IL",2025-07-01,10,8,1,1,20,1858,680
31380,"Macomb, IL",2025-08-01,12,10,2,0,24,1882,692
31380,"Macomb, IL",2025-09-01,1,0,1,0,2,1884,693
27740,"Johnson City, TN",2019-01-01,0,17,6,0,23,23,0
27740,"Johnson City, TN",2019-02-01,1,31,12,4,48,71,1
27740,"Johnson City, TN",2019-03-01,2,43,9,0,54,125,3
27740,"Johnson City, TN",2019-04-01,1,47,14,1,63,188,4
27740,"Johnson City, TN",2019-05-01,2,47,12,2,63,251,6
27740,"Johnson City, TN",2019-06-01,2,35,10,1,48,299,8
27740,"Johnson City, TN",2019-07-01,2,35,12,0,49,348,10
27740,"Johnson City, TN",2019-08-01,4,42,12,1,59,407,14
27740,"Johnson City, TN",2019-09-01,3,45,6,3,57,464,17
27740,"Johnson City, TN",2019-10-01,4,30,13,0,47,511,21
27740,"Johnson City, TN",2019-11-01,3,26,17,0,46,557,24
27740,"Johnson City, TN",2019-12-01,4,30,6,1,41,598,28
27740,"Johnson City, TN",2020-01-01,6,44,7,2,59,657,34
27740,"Johnson City, TN",2020-02-01,6,47,11,0,64,721,40
27740,"Johnson City, TN",2020-03-01,4,51,11,1,67,788,44
27740,"Johnson City, TN",2020-04-01,46,139,38,6,229,1017,90
27740,"Johnson City, TN",2020-05-01,57,195,41,3,296,1313,147
27740,"Johnson City, TN",2020-06-01,28,53,11,2,94,1407,175
27740,"Johnson City, TN",2020-07-01,41,162,25,1,229,1636,216
27740,"Johnson City, TN",2020-08-01,60,269,45,6,380,2016,276
27740,"Johnson City, TN",2020-09-01,67,173,30,3,273,2289,343
27740,"Johnson City, TN",2020-10-01,29,94,15,0,138,2427,372
27740,"Johnson City, TN",2020-11-01,30,99,21,3,153,2580,402
27740,"Johnson City, TN",2020-12-01,33,85,13,1,132,2712,435
27740,"Johnson City, TN",2021-01-01,135,297,62,6,500,3212,570
27740,"Johnson City, TN",2021-02-01,47,120,34,0,201,3413,617
27740,"Johnson City, TN",2021-03-01,116,282,66,8,472,3885,733
27740,"Johnson City, TN",2021-04-01,106,251,49,2,408,4293,839
27740,"Johnson City, TN",2021-05-01,48,123,32,1,204,4497,887
27740,"Johnson City, TN",2021-06-01,26,76,14,0,116,4613,913
27740,"Johnson City, TN",2021-07-01,36,121,27,2,186,4799,949
27740,"Johnson City, TN",2021-08-01,61,190,37,4,292,5091,1010
27740,"Johnson City, TN",2021-09-01,95,220,53,3,371,5462,1105
27740,"Johnson City, TN",2021-10-01,33,65,28,0,126,5588,1138
27740,"Johnson City, TN",2021-11-01,36,77,26,3,142,5730,1174
27740,"Johnson City, TN",2021-12-01,122,249,54,7,432,6162,1296
27740,"Johnson City, TN",2022-01-01,122,266,72,8,468,6630,1418
27740,"Johnson City, TN",2022-02-01,66,138,37,1,242,6872,1484
27740,"Johnson City, TN",2022-03-01,101,194,42,4,341,7213,1585
27740,"Johnson City, TN",2022-04-01,49,139,26,5,219,7432,1634
27740,"Johnson City, TN",2022-05-01,78,138,33,3,252,7684,1712
27740,"Johnson City, TN",2022-06-01,45,110,23,3,181,7865,1757
27740,"Johnson City, TN",2022-07-01,63,109,30,2,204,8069,1820
27740,"Johnson City, TN",2022-08-01,112,235,63,11,421,8490,1932
27740,"Johnson City, TN",2022-09-01,130,238,70,9,447,8937,2062
27740,"Johnson City, TN",2022-10-01,81,119,32,5,237,9174,2143
27740,"Johnson City, TN",2022-11-01,110,169,50,1,330,9504,2253
27740,"Johnson City, TN",2022-12-01,114,174,64,4,356,9860,2367
27740,"Johnson City, TN",2023-01-01,100,178,60,4,342,10202,2467
27740,"Johnson City, TN",2023-02-01,121,176,37,8,342,10544,2588
27740,"Johnson City, TN",2023-03-01,135,215,68,7,425,10969,2723
27740,"Johnson City, TN",2023-04-01,74,121,31,13,239,11208,2797
27740,"Johnson City, TN",2023-05-01,35,83,13,0,131,11339,2832
27740,"Johnson City, TN",2023-06-01,38,55,15,2,110,11449,2870
27740,"Johnson City, TN",2023-07-01,36,73,18,1,128,11577,2906
27740,"Johnson City, TN",2023-08-01,38,54,11,1,104,11681,2944
27740,"Johnson City, TN",2023-09-01,39,76,16,1,132,11813,2983
27740,"Johnson City, TN",2023-10-01,57,58,19,2,136,11949,3040
27740,"Johnson City, TN",2023-11-01,112,138,63,4,317,12266,3152
27740,"Johnson City, TN",2023-12-01,144,135,51,3,333,12599,3296
27740,"Johnson City, TN",2024-01-01,142,137,53,4,336,12935,3438
27740,"Johnson City, TN",2024-02-01,132,139,47,6,324,13259,3570
27740,"Johnson City, TN",2024-03-01,180,128,56,4,368,13627,3750
27740,"Johnson City, TN",2024-04-01,116,126,38,8,288,13915,3866
27740,"Johnson City, TN",2024-05-01,137,131,38,7,313,14228,4003
27740,"Johnson City, TN",2024-06-01,98,108,41,4,251,14479,4101
27740,"Johnson City, TN",2024-07-01,67,82,25,5,179,14658,4168
27740,"Johnson City, TN",2024-08-01,46,49,14,2,111,14769,4214
27740,"Johnson City, TN",2024-09-01,109,87,32,6,234,15003,4323
27740,"Johnson City, TN",2024-10-01,153,157,51,2,363,15366,4476
27740,"Johnson City, TN",2024-11-01,155,131,39,7,332,15698,4631
27740,"Johnson City, TN",2024-12-01,178,145,60,6,389,16087,4809
27740,"Johnson City, TN",2025-01-01,166,159,53,3,381,16468,4975
27740,"Johnson City, TN",2025-02-01,184,138,32,6,360,16828,5159
27740,"Johnson City, TN",2025-03-01,175,151,46,9,381,17209,5334
27740,"Johnson City, TN",2025-04-01,161,145,42,5,353,17562,5495
27740,"Johnson City, TN",2025-05-01,142,154,57,7,360,17922,5637
27740,"Johnson City, TN",2025-06-01,145,130,40,4,319,18241,5782
27740,"Johnson City, TN",2025-07-01,137,142,31,7,317,18558,5919
27740,"Johnson City, TN",2025-08-01,107,116,41,5,269,18827,6026
27740,"Johnson City, TN",2025-09-01,2,2,0,0,4,18831,6028
10140,"Aberdeen, WA",2019-01-01,0,1,1,0,2,2,0
10140,"Aberdeen, WA",2019-02-01,0,2,0,0,2,4,0
10140,"Aberdeen, WA",2019-03-01,0,2,2,0,4,8,0
10140,"Aberdeen, WA",2019-04-01,0,4,0,0,4,12,0
10140,"Aberdeen, WA",2019-05-01,0,2,3,1,6,18,0
10140,"Aberdeen, WA",2019-06-01,2,4,0,0,6,24,2
10140,"Aberdeen, WA",2019-07-01,0,1,0,0,1,25,2
10140,"Aberdeen, WA",2019-08-01,0,2,1,0,3,28,2
10140,"Aberdeen, WA",2019-09-01,0,0,1,0,1,29,2
10140,"Aberdeen, WA",2019-10-01,0,2,2,0,4,33,2
10140,"Aberdeen, WA",2019-11-01,0,3,1,0,4,37,2
10140,"Aberdeen, WA",2019-12-01,1,4,0,0,5,42,3
10140,"Aberdeen, WA",2020-01-01,0,2,3,0,5,47,3
10140,"Aberdeen, WA",2020-02-01,0,4,2,0,6,53,3
10140,"Aberdeen, WA",2020-03-01,0,2,1,0,3,56,3
10140,"Aberdeen, WA",2020-04-01,1,5,0,0,6,62,4
10140,"Aberdeen, WA",2020-05-01,0,6,1,0,7,69,4
10140,"Aberdeen, WA",2020-06-01,0,6,0,0,6,75,4
10140,"Aberdeen, WA",2020-07-01,0,10,3,0,13,88,4
10140,"Aberdeen, WA",2020-08-01,3,7,1,1,12,100,7
10140,"Aberdeen, WA",2020-09-01,4,10,3,0,17,117,11
10140,"Aberdeen, WA",2020-10-01,5,9,6,0,20,137,16
10140,"Aberdeen, WA",2020-11-01,2,8,4,1,15,152,18
10140,"Aberdeen, WA",2020-12-01,5,11,1,1,18,170,23
10140,"Aberdeen, WA",2021-01-01,6,15,4,0,25,195,29
10140,"Aberdeen, WA",2021-02-01,3,9,5,1,18,213,32
10140,"Aberdeen, WA",2021-03-01,3,16,2,0,21,234,35
10140,"Aberdeen, WA",2021-04-01,3,5,4,1,13,247,38
10140,"Aberdeen, WA",2021-05-01,5,14,5,0,24,271,43
10140,"Aberdeen, WA",2021-06-01,2,8,7,2,19,290,45
10140,"Aberdeen, WA",2021-07-01,2,15,7,1,25,315,47
10140,"Aberdeen, WA",2021-08-01,7,12,4,1,24,339,54
10140,"Aberdeen, WA",2021-09-01,7,21,9,1,38,377,61
10140,"Aberdeen, WA",2021-10-01,4,20,8,0,32,409,65
10140,"Aberdeen, WA",2021-11-01,12,23,12,2,49,458,77
10140,"Aberdeen, WA",2021-12-01,6,15,5,0,26,484,83
10140,"Aberdeen, WA",2022-01-01,8,31,9,0,48,532,91
10140,"Aberdeen, WA",2022-02-01,10,15,4,1,30,562,101
10140,"Aberdeen, WA",2022-03-01,7,26,11,1,45,607,108
10140,"Aberdeen, WA",2022-04-01,6,15,5,2,28,635,114
10140,"Aberdeen, WA",2022-05-01,3,16,5,0,24,659,117
10140,"Aberdeen, WA",2022-06-01,4,25,4,0,33,692,121
10140,"Aberdeen, WA",2022-07-01,5,14,2,0,21,713,126
10140,"Aberdeen, WA",2022-08-01,11,20,6,2,39,752,137
10140,"Aberdeen, WA",2022-09-01,6,19,9,1,35,787,143
10140,"Aberdeen, WA",2022-10-01,9,17,4,1,31,818,152
10140,"Aberdeen, WA",2022-11-01,7,16,7,0,30,848,159
10140,"Aberdeen, WA",2022-12-01,0,12,8,0,20,868,159
10140,"Aberdeen, WA",2023-01-01,13,13,6,0,32,900,172
10140,"Aberdeen, WA",2023-02-01,12,10,3,0,25,925,184
10140,"Aberdeen, WA",2023-03-01,8,15,3,2,28,953,192
10140,"Aberdeen, WA",2023-04-01,12,16,8,1,37,990,204
10140,"Aberdeen, WA",2023-05-01,5,24,3,2,34,1024,209
10140,"Aberdeen, WA",2023-06-01,10,21,6,0,37,1061,219
10140,"Aberdeen, WA",2023-07-01,8,22,7,1,38,1099,227
10140,"Aberdeen, WA",2023-08-01,11,24,6,1,42,1141,238
10140,"Aberdeen, WA",2023-09-01,11,15,6,2,34,1175,249
10140,"Aberdeen, WA",2023-10-01,6,22,3,2,33,1208,255
10140,"Aberdeen, WA",2023-11-01,10,17,7,2,36,1244,265
10140,"Aberdeen, WA",2023-12-01,8,13,6,1,28,1272,273
10140,"Aberdeen, WA",2024-01-01,9,19,2,1,31,1303,282
10140,"Aberdeen, WA",2024-02-01,12,14,6,1,33,1336,294
10140,"Aberdeen, WA",2024-03-01,16,18,3,0,37,1373,310
10140,"Aberdeen, WA",2024-04-01,8,7,6,3,24,1397,318
10140,"Aberdeen, WA",2024-05-01,7,10,5,0,22,1419,325
10140,"Aberdeen, WA",2024-06-01,4,8,3,0,15,1434,329
10140,"Aberdeen, WA",2024-07-01,3,10,2,0,15,1449,332
10140,"Aberdeen, WA",2024-08-01,13,8,1,1,23,1472,345
10140,"Aberdeen, WA",2024-09-01,14,14,6,0,34,1506,359
10140,"Aberdeen, WA",2024-10-01,19,23,7,0,49,1555,378
10140,"Aberdeen, WA",2024-11-01,15,14,7,0,36,1591,393
10140,"Aberdeen, WA",2024-12-01,15,16,4,1,36,1627,408
10140,"Aberdeen, WA",2025-01-01,21,25,3,1,50,1677,429
10140,"Aberdeen, WA",2025-02-01,21,16,5,0,42,1719,450
10140,"Aberdeen, WA",2025-03-01,15,20,7,1,43,1762,465
10140,"Aberdeen, WA",2025-04-01,14,22,7,2,45,1807,479
10140,"Aberdeen, WA",2025-05-01,16,23,5,0,44,1851,495
10140,"Aberdeen, WA",2025-06-01,16,21,4,1,42,1893,511
10140,"Aberdeen, WA",2025-07-01,14,16,5,2,37,1930,525
10140,"Aberdeen, WA",2025-08-01,18,12,6,0,36,1966,543
10140,"Aberdeen, WA",2025-09-01,1,1,0,0,2,1968,544
44780,"Sturgis, MI",2019-03-01,0,2,0,0,2,2,0
44780,"Sturgis, MI",2019-04-01,0,0,2,0,2,4,0
44780,"Sturgis, MI",2019-05-01,0,1,1,0,2,6,0
44780,"Sturgis, MI",2019-06-01,0,1,0,0,1,7,0
44780,"Sturgis, MI",2019-09-01,0,3,0,0,3,10,0
44780,"Sturgis, MI",2019-10-01,0,2,0,0,2,12,0
44780,"Sturgis, MI",2019-11-01,1,4,0,0,5,17,1
44780,"Sturgis, MI",2019-12-01,1,1,0,0,2,19,2
44780,"Sturgis, MI",2020-01-01,0,3,2,0,5,24,2
44780,"Sturgis, MI",2020-02-01,0,2,0,0,2,26,2
44780,"Sturgis, MI",2020-03-01,0,1,1,0,2,28,2
44780,"Sturgis, MI",2020-04-01,1,0,2,0,3,31,3
44780,"Sturgis, MI",2020-05-01,0,5,3,1,9,40,3
44780,"Sturgis, MI",2020-06-01,0,5,1,0,6,46,3
44780,"Sturgis, MI",2020-07-01,1,5,2,0,8,54,4
44780,"Sturgis, MI",2020-08-01,1,3,1,0,5,59,5
44780,"Sturgis, MI",2020-09-01,2,7,2,1,12,71,7
44780,"Sturgis, MI",2020-10-01,4,6,1,0,11,82,11
44780,"Sturgis, MI",2020-11-01,1,3,2,0,6,88,12
44780,"Sturgis, MI",2020-12-01,2,10,2,0,14,102,14
44780,"Sturgis, MI",2021-01-01,2,9,1,1,13,115,16
44780,"Sturgis, MI",2021-02-01,1,16,4,0,21,136,17
44780,"Sturgis, MI",2021-03-01,3,9,3,0,15,151,20
44780,"Sturgis, MI",2021-04-01,10,20,2,0,32,183,30
44780,"Sturgis, MI",2021-05-01,6,31,9,2,48,231,36
44780,"Sturgis, MI",2021-06-01,9,27,7,0,43,274,45
44780,"Sturgis, MI",2021-07-01,7,31,11,0,49,323,52
44780,"Sturgis, MI",2021-08-01,10,30,14,2,56,379,62
44780,"Sturgis, MI",2021-09-01,7,27,7,1,42,421,69
44780,"Sturgis, MI",2021-10-01,4,27,6,0,37,458,73
44780,"Sturgis, MI",2021-11-01,5,25,8,0,38,496,78
44780,"Sturgis, MI",2021-12-01,12,25,8,0,45,541,90
44780,"Sturgis, MI",2022-01-01,11,24,11,1,47,588,101
44780,"Sturgis, MI",2022-02-01,12,39,12,1,64,652,113
44780,"Sturgis, MI",2022-03-01,9,31,11,0,51,703,122
44780,"Sturgis, MI",2022-04-01,13,33,7,1,54,757,135
44780,"Sturgis, MI",2022-05-01,11,33,3,0,47,804,146
44780,"Sturgis, MI",2022-06-01,10,12,7,0,29,833,156
44780,"Sturgis, MI",2022-07-01,13,26,9,1,49,882,169
44780,"Sturgis, MI",2022-08-01,15,28,4,2,49,931,184
44780,"Sturgis, MI",2022-09-01,7,20,4,1,32,963,191
44780,"Sturgis, MI",2022-10-01,12,20,10,2,44,1007,203
44780,"Sturgis, MI",2022-11-01,11,43,5,1,60,1067,214
44780,"Sturgis, MI",2022-12-01,18,35,6,0,59,1126,232
44780,"Sturgis, MI",2023-01-01,17,24,8,0,49,1175,249
44780,"Sturgis, MI",2023-02-01,10,21,6,1,38,1213,259
44780,"Sturgis, MI",2023-03-01,25,24,6,0,55,1268,284
44780,"Sturgis, MI",2023-04-01,6,17,2,2,27,1295,290
44780,"Sturgis, MI",2023-05-01,12,16,6,0,34,1329,302
44780,"Sturgis, MI",2023-06-01,9,20,6,0,35,1364,311
44780,"Sturgis, MI",2023-07-01,14,26,5,1,46,1410,325
44780,"Sturgis, MI",2023-08-01,10,14,4,0,28,1438,335
44780,"Sturgis, MI",2023-09-01,7,18,7,0,32,1470,342
44780,"Sturgis, MI",2023-10-01,6,19,7,2,34,1504,348
44780,"Sturgis, MI",2023-11-01,9,19,6,3,37,1541,357
44780,"Sturgis, MI",2023-12-01,10,23,9,0,42,1583,367
44780,"Sturgis, MI",2024-01-01,9,14,9,1,33,1616,376
44780,"Sturgis, MI",2024-02-01,22,18,5,0,45,1661,398
44780,"Sturgis, MI",2024-03-01,15,23,10,2,50,1711,413
44780,"Sturgis, MI",2024-04-01,12,16,5,1,34,1745,425
44780,"Sturgis, MI",2024-05-01,7,15,3,1,26,1771,432
44780,"Sturgis, MI",2024-06-01,13,11,4,3,31,1802,445
44780,"Sturgis, MI",2024-07-01,4,18,7,1,30,1832,449
44780,"Sturgis, MI",2024-08-01,11,17,5,1,34,1866,460
44780,"Sturgis, MI",2024-09-01,8,11,2,1,22,1888,468
44780,"Sturgis, MI",2024-10-01,17,25,7,0,49,1937,485
44780,"Sturgis, MI",2024-11-01,13,12,8,0,33,1970,498
44780,"Sturgis, MI",2024-12-01,13,27,10,0,50,2020,511
44780,"Sturgis, MI",2025-01-01,17,21,6,2,46,2066,528
44780,"Sturgis, MI",2025-02-01,13,14,6,0,33,2099,541
44780,"Sturgis, MI",2025-03-01,19,15,6,0,40,2139,560
44780,"Sturgis, MI",2025-04-01,12,23,2,0,37,2176,572
44780,"Sturgis, MI",2025-05-01,20,19,4,1,44,2220,592
44780,"Sturgis, MI",2025-06-01,18,23,6,0,47,2267,610
44780,"Sturgis, MI",2025-07-01,8,22,5,1,36,2303,618
44780,"Sturgis, MI",2025-08-01,19,15,5,1,40,2343,637
21420,"Enid, OK",2019-01-01,0,1,0,0,1,1,0
21420,"Enid, OK",2019-02-01,0,2,0,0,2,3,0
21420,"Enid, OK",2019-03-01,0,1,1,0,2,5,0
21420,"Enid, OK",2019-04-01,0,2,0,0,2,7,0
21420,"Enid, OK",2019-05-01,0,9,0,1,10,17,0
21420,"Enid, OK",2019-06-01,0,9,1,0,10,27,0
21420,"Enid, OK",2019-07-01,1,10,3,1,15,42,1
21420,"Enid, OK",2019-08-01,0,13,3,0,16,58,1
21420,"Enid, OK",2019-09-01,2,7,2,0,11,69,3
21420,"Enid, OK",2019-10-01,1,13,2,0,16,85,4
21420,"Enid, OK",2019-11-01,1,4,5,1,11,96,5
21420,"Enid, OK",2019-12-01,0,12,0,0,12,108,5
21420,"Enid, OK",2020-01-01,0,10,2,0,12,120,5
21420,"Enid, OK",2020-02-01,2,13,1,0,16,136,7
21420,"Enid, OK",2020-03-01,2,17,1,1,21,157,9
21420,"Enid, OK",2020-04-01,6,37,3,0,46,203,15
21420,"Enid, OK",2020-05-01,2,15,7,0,24,227,17
21420,"Enid, OK",2020-06-01,4,23,4,0,31,258,21
21420,"Enid, OK",2020-07-01,3,18,4,0,25,283,24
21420,"Enid, OK",2020-08-01,1,15,4,0,20,303,25
21420,"Enid, OK",2020-09-01,6,10,4,0,20,323,31
21420,"Enid, OK",2020-10-01,5,20,3,0,28,351,36
21420,"Enid, OK",2020-11-01,1,13,2,2,18,369,37
21420,"Enid, OK",2020-12-01,4,20,1,0,25,394,41
21420,"Enid, OK",2021-01-01,14,20,5,0,39,433,55
21420,"Enid, OK",2021-02-01,10,31,2,0,43,476,65
21420,"Enid, OK",2021-03-01,12,43,9,0,64,540,77
21420,"Enid, OK",2021-04-01,14,17,6,1,38,578,91
21420,"Enid, OK",2021-05-01,10,34,7,1,52,630,101
21420,"Enid, OK",2021-06-01,5,27,5,1,38,668,106
21420,"Enid, OK",2021-07-01,11,32,4,0,47,715,117
21420,"Enid, OK",2021-08-01,13,26,6,0,45,760,130
21420,"Enid, OK",2021-09-01,7,20,10,1,38,798,137
21420,"Enid, OK",2021-10-01,7,22,4,1,34,832,144
21420,"Enid, OK",2021-11-01,10,15,10,1,36,868,154
21420,"Enid, OK",2021-12-01,10,21,11,0,42,910,164
21420,"Enid, OK",2022-01-01,20,19,7,0,46,956,184
21420,"Enid, OK",2022-02-01,5,25,7,1,38,994,189
21420,"Enid, OK",2022-03-01,12,36,8,0,56,1050,201
21420,"Enid, OK",2022-04-01,12,21,6,1,40,1090,213
21420,"Enid, OK",2022-05-01,13,28,7,1,49,1139,226
21420,"Enid, OK",2022-06-01,10,28,5,1,44,1183,236
21420,"Enid, OK",2022-07-01,8,25,8,2,43,1226,244
21420,"Enid, OK",2022-08-01,0,23,9,0,32,1258,244
21420,"Enid, OK",2022-09-01,7,24,6,2,39,1297,251
21420,"Enid, OK",2022-10-01,7,25,2,0,34,1331,258
21420,"Enid, OK",2022-11-01,11,16,12,0,39,1370,269
21420,"Enid, OK",2022-12-01,12,26,7,0,45,1415,281
21420,"Enid, OK",2023-01-01,9,25,3,0,37,1452,290
21420,"Enid, OK",2023-02-01,15,24,11,0,50,1502,305
21420,"Enid, OK",2023-03-01,23,51,14,0,88,1590,328
21420,"Enid, OK",2023-04-01,12,23,5,4,44,1634,340
21420,"Enid, OK",2023-05-01,15,18,6,1,40,1674,355
21420,"Enid, OK",2023-06-01,7,17,1,0,25,1699,362
21420,"Enid, OK",2023-07-01,8,13,3,2,26,1725,370
21420,"Enid, OK",2023-08-01,5,10,0,0,15,1740,375
21420,"Enid, OK",2023-09-01,7,17,7,1,32,1772,382
21420,"Enid, OK",2023-10-01,5,30,11,0,46,1818,387
21420,"Enid, OK",2023-11-01,14,30,10,1,55,1873,401
21420,"Enid, OK",2023-12-01,16,27,7,0,50,1923,417
21420,"Enid, OK",2024-01-01,24,21,11,0,56,1979,441
21420,"Enid, OK",2024-02-01,19,21,4,0,44,2023,460
21420,"Enid, OK",2024-03-01,19,31,10,0,60,2083,479
21420,"Enid, OK",2024-04-01,12,24,4,1,41,2124,491
21420,"Enid, OK",2024-05-01,8,12,2,0,22,2146,499
21420,"Enid, OK",2024-06-01,4,6,3,0,13,2159,503
21420,"Enid, OK",2024-07-01,3,11,5,0,19,2178,506
21420,"Enid, OK",2024-08-01,3,8,2,0,13,2191,509
21420,"Enid, OK",2024-09-01,5,10,7,1,23,2214,514
21420,"Enid, OK",2024-10-01,28,16,6,1,51,2265,542
21420,"Enid, OK",2024-11-01,20,25,5,2,52,2317,562
21420,"Enid, OK",2024-12-01,25,27,7,1,60,2377,587
21420,"Enid, OK",2025-01-01,21,29,13,0,63,2440,608
21420,"Enid, OK",2025-02-01,27,14,9,0,50,2490,635
21420,"Enid, OK",2025-03-01,37,28,8,1,74,2564,672
21420,"Enid, OK",2025-04-01,27,30,6,2,65,2629,699
21420,"Enid, OK",2025-05-01,10,38,3,0,51,2680,709
21420,"Enid, OK",2025-06-01,24,30,11,0,65,2745,733
21420,"Enid, OK",2025-07-01,21,26,4,0,51,2796,754
21420,"Enid, OK",2025-08-01,23,26,11,1,61,2857,777
21420,"Enid, OK",2025-09-01,0,2,0,0,2,2859,777
32180,"Marshall, MO",2019-02-01,0,1,0,0,1,1,0
32180,"Marshall, MO",2019-03-01,0,1,1,0,2,3,0
32180,"Marshall, MO",2019-04-01,0,1,0,0,1,4,0
32180,"Marshall, MO",2019-07-01,0,2,0,0,2,6,0
32180,"Marshall, MO",2019-08-01,0,2,0,0,2,8,0
32180,"Marshall, MO",2019-09-01,1,1,0,0,2,10,1
32180,"Marshall, MO",2019-10-01,0,1,1,0,2,12,1
32180,"Marshall, MO",2019-11-01,0,2,1,0,3,15,1
32180,"Marshall, MO",2019-12-01,1,1,1,0,3,18,2
32180,"Marshall, MO",2020-01-01,1,0,1,0,2,20,3
32180,"Marshall, MO",2020-02-01,0,2,0,0,2,22,3
32180,"Marshall, MO",2020-03-01,1,3,0,0,4,26,4
32180,"Marshall, MO",2020-04-01,1,3,1,1,6,32,5
32180,"Marshall, MO",2020-05-01,1,3,1,0,5,37,6
32180,"Marshall, MO",2020-06-01,0,1,0,0,1,38,6
32180,"Marshall, MO",2020-07-01,2,2,1,0,5,43,8
32180,"Marshall, MO",2020-08-01,1,5,2,0,8,51,9
32180,"Marshall, MO",2020-09-01,0,1,1,0,2,53,9
32180,"Marshall, MO",2020-10-01,0,2,3,1,6,59,9
32180,"Marshall, MO",2020-11-01,2,1,1,0,4,63,11
32180,"Marshall, MO",2020-12-01,0,4,1,0,5,68,11
32180,"Marshall, MO",2021-01-01,3,3,3,0,9,77,14
32180,"Marshall, MO",2021-02-01,5,4,0,0,9,86,19
32180,"Marshall, MO",2021-03-01,2,8,0,0,10,96,21
32180,"Marshall, MO",2021-04-01,10,29,11,0,50,146,31
32180,"Marshall, MO",2021-05-01,6,15,4,0,25,171,37
32180,"Marshall, MO",2021-06-01,5,23,1,0,29,200,42
32180,"Marshall, MO",2021-07-01,8,14,3,1,26,226,50
32180,"Marshall, MO",2021-08-01,3,12,3,0,18,244,53
32180,"Marshall, MO",2021-09-01,3,6,4,0,13,257,56
32180,"Marshall, MO",2021-10-01,5,11,4,1,21,278,61
32180,"Marshall, MO",2021-11-01,10,10,0,0,20,298,71
32180,"Marshall, MO",2021-12-01,6,18,2,1,27,325,77
32180,"Marshall, MO",2022-01-01,8,13,2,1,24,349,85
32180,"Marshall, MO",2022-02-01,3,8,5,0,16,365,88
32180,"Marshall, MO",2022-03-01,13,9,3,1,26,391,101
32180,"Marshall, MO",2022-04-01,6,14,3,0,23,414,107
32180,"Marshall, MO",2022-05-01,2,13,3,0,18,432,109
32180,"Marshall, MO",2022-06-01,3,6,3,1,13,445,112
32180,"Marshall, MO",2022-07-01,6,12,2,0,20,465,118
32180,"Marshall, MO",2022-08-01,4,11,0,0,15,480,122
32180,"Marshall, MO",2022-09-01,6,6,5,0,17,497,128
32180,"Marshall, MO",2022-10-01,4,15,3,0,22,519,132
32180,"Marshall, MO",2022-11-01,5,9,4,0,18,537,137
32180,"Marshall, MO",2022-12-01,9,12,4,0,25,562,146
32180,"Marshall, MO",2023-01-01,13,11,4,0,28,590,159
32180,"Marshall, MO",2023-02-01,11,10,2,0,23,613,170
32180,"Marshall, MO",2023-03-01,12,8,3,2,25,638,182
32180,"Marshall, MO",2023-04-01,10,9,0,0,19,657,192
32180,"Marshall, MO",2023-05-01,1,8,4,0,13,670,193
32180,"Marshall, MO",2023-06-01,3,11,1,1,16,686,196
32180,"Marshall, MO",2023-07-01,3,4,0,0,7,693,199
32180,"Marshall, MO",2023-08-01,4,13,2,1,20,713,203
32180,"Marshall, MO",2023-09-01,13,8,2,0,23,736,216
32180,"Marshall, MO",2023-10-01,7,6,1,0,14,750,223
32180,"Marshall, MO",2023-11-01,17,9,3,0,29,779,240
32180,"Marshall, MO",2023-12-01,11,11,6,0,28,807,251
32180,"Marshall, MO",2024-01-01,7,12,3,2,24,831,258
32180,"Marshall, MO",2024-02-01,14,6,2,0,22,853,272
32180,"Marshall, MO",2024-03-01,11,10,6,0,27,880,283
32180,"Marshall, MO",2024-04-01,6,10,1,0,17,897,289
32180,"Marshall, MO",2024-05-01,8,16,0,0,24,921,297
32180,"Marshall, MO",2024-06-01,4,2,3,0,9,930,301
32180,"Marshall, MO",2024-07-01,2,4,2,0,8,938,303
32180,"Marshall, MO",2024-08-01,3,4,2,0,9,947,306
32180,"Marshall, MO",2024-09-01,10,5,2,0,17,964,316
32180,"Marshall, MO",2024-10-01,22,8,2,0,32,996,338
32180,"Marshall, MO",2024-11-01,16,8,4,1,29,1025,354
32180,"Marshall, MO",2024-12-01,9,8,6,0,23,1048,363
32180,"Marshall, MO",2025-01-01,21,8,2,0,31,1079,384
32180,"Marshall, MO",2025-02-01,20,7,3,0,30,1109,404
32180,"Marshall, MO",2025-03-01,8,6,3,0,17,1126,412
32180,"Marshall, MO",2025-04-01,10,12,7,0,29,1155,422
32180,"Marshall, MO",2025-05-01,7,8,4,0,19,1174,429
32180,"Marshall, MO",2025-06-01,15,7,6,0,28,1202,444
32180,"Marshall, MO",2025-07-01,3,5,2,1,11,1213,447
32180,"Marshall, MO",2025-08-01,9,6,3,0,18,1231,456
27060,"Ithaca, NY",2019-01-01,0,5,4,1,10,10,0
27060,"Ithaca, NY",2019-02-01,0,13,2,0,15,25,0
27060,"Ithaca, NY",2019-03-01,0,32,6,0,38,63,0
27060,"Ithaca, NY",2019-04-01,2,27,8,1,38,101,2
27060,"Ithaca, NY",2019-05-01,1,35,9,0,45,146,3
27060,"Ithaca, NY",2019-06-01,3,20,6,0,29,175,6
27060,"Ithaca, NY",2019-07-01,0,21,5,0,26,201,6
27060,"Ithaca, NY",2019-08-01,1,22,7,1,31,232,7
27060,"Ithaca, NY",2019-09-01,3,35,11,2,51,283,10
27060,"Ithaca, NY",2019-10-01,5,29,7,0,41,324,15
27060,"Ithaca, NY",2019-11-01,6,39,8,0,53,377,21
27060,"Ithaca, NY",2019-12-01,3,38,10,1,52,429,24
27060,"Ithaca, NY",2020-01-01,6,32,5,0,43,472,30
27060,"Ithaca, NY",2020-02-01,3,29,6,2,40,512,33
27060,"Ithaca, NY",2020-03-01,11,57,13,1,82,594,44
27060,"Ithaca, NY",2020-04-01,15,49,9,2,75,669,59
27060,"Ithaca, NY",2020-05-01,47,90,7,1,145,814,106
27060,"Ithaca, NY",2020-06-01,38,101,8,0,147,961,144
27060,"Ithaca, NY",2020-07-01,30,90,9,0,129,1090,174
27060,"Ithaca, NY",2020-08-01,26,95,15,0,136,1226,200
27060,"Ithaca, NY",2020-09-01,25,100,14,0,139,1365,225
27060,"Ithaca, NY",2020-10-01,26,90,17,2,135,1500,251
27060,"Ithaca, NY",2020-11-01,17,62,13,1,93,1593,268
27060,"Ithaca, NY",2020-12-01,19,55,6,0,80,1673,287
27060,"Ithaca, NY",2021-01-01,38,76,11,0,125,1798,325
27060,"Ithaca, NY",2021-02-01,48,81,11,1,141,1939,373
27060,"Ithaca, NY",2021-03-01,76,149,14,1,240,2179,449
27060,"Ithaca, NY",2021-04-01,44,83,13,1,141,2320,493
27060,"Ithaca, NY",2021-05-01,61,120,15,0,196,2516,554
27060,"Ithaca, NY",2021-06-01,48,81,9,0,138,2654,602
27060,"Ithaca, NY",2021-07-01,46,93,21,1,161,2815,648
27060,"Ithaca, NY",2021-08-01,29,77,12,3,121,2936,677
27060,"Ithaca, NY",2021-09-01,26,80,15,2,123,3059,703
27060,"Ithaca, NY",2021-10-01,29,74,14,1,118,3177,732
27060,"Ithaca, NY",2021-11-01,25,70,18,3,116,3293,757
27060,"Ithaca, NY",2021-12-01,52,64,23,1,140,3433,809
27060,"Ithaca, NY",2022-01-01,46,86,23,0,155,3588,855
27060,"Ithaca, NY",2022-02-01,47,80,15,4,146,3734,902
27060,"Ithaca, NY",2022-03-01,43,76,19,4,142,3876,945
27060,"Ithaca, NY",2022-04-01,39,79,21,2,141,4017,984
27060,"Ithaca, NY",2022-05-01,33,70,16,0,119,4136,1017
27060,"Ithaca, NY",2022-06-01,28,59,11,0,98,4234,1045
27060,"Ithaca, NY",2022-07-01,31,54,10,2,97,4331,1076
27060,"Ithaca, NY",2022-08-01,25,47,21,1,94,4425,1101
27060,"Ithaca, NY",2022-09-01,30,63,20,1,114,4539,1131
27060,"Ithaca, NY",2022-10-01,31,45,17,2,95,4634,1162
27060,"Ithaca, NY",2022-11-01,36,68,12,3,119,4753,1198
27060,"Ithaca, NY",2022-12-01,46,59,17,2,124,4877,1244
27060,"Ithaca, NY",2023-01-01,39,39,19,1,98,4975,1283
27060,"Ithaca, NY",2023-02-01,45,66,16,1,128,5103,1328
27060,"Ithaca, NY",2023-03-01,64,76,21,1,162,5265,1392
27060,"Ithaca, NY",2023-04-01,40,61,13,2,116,5381,1432
27060,"Ithaca, NY",2023-05-01,47,48,10,2,107,5488,1479
27060,"Ithaca, NY",2023-06-01,33,29,6,0,68,5556,1512
27060,"Ithaca, NY",2023-07-01,24,41,10,2,77,5633,1536
27060,"Ithaca, NY",2023-08-01,19,47,5,0,71,5704,1555
27060,"Ithaca, NY",2023-09-01,41,62,9,2,114,5818,1596
27060,"Ithaca, NY",2023-10-01,38,73,11,0,122,5940,1634
27060,"Ithaca, NY",2023-11-01,37,63,16,1,117,6057,1671
27060,"Ithaca, NY",2023-12-01,51,63,21,1,136,6193,1722
27060,"Ithaca, NY",2024-01-01,61,65,14,1,141,6334,1783
27060,"Ithaca, NY",2024-02-01,72,53,17,5,147,6481,1855
27060,"Ithaca, NY",2024-03-01,63,64,11,0,138,6619,1918
27060,"Ithaca, NY",2024-04-01,51,58,12,1,122,6741,1969
27060,"Ithaca, NY",2024-05-01,32,64,16,2,114,6855,2001
27060,"Ithaca, NY",2024-06-01,24,30,4,0,58,6913,2025
27060,"Ithaca, NY",2024-07-01,33,55,5,2,95,7008,2058
27060,"Ithaca, NY",2024-08-01,20,38,8,2,68,7076,2078
27060,"Ithaca, NY",2024-09-01,51,53,18,2,124,7200,2129
27060,"Ithaca, NY",2024-10-01,40,63,20,1,124,7324,2169
27060,"Ithaca, NY",2024-11-01,42,62,14,1,119,7443,2211
27060,"Ithaca, NY",2024-12-01,42,52,14,1,109,7552,2253
27060,"Ithaca, NY",2025-01-01,46,46,19,3,114,7666,2299
27060,"Ithaca, NY",2025-02-01,38,40,10,1,89,7755,2337
27060,"Ithaca, NY",2025-03-01,68,57,14,1,140,7895,2405
27060,"Ithaca, NY",2025-04-01,67,54,14,0,135,8030,2472
27060,"Ithaca, NY",2025-05-01,54,48,14,1,117,8147,2526
27060,"Ithaca, NY",2025-06-01,53,45,9,4,111,8258,2579
27060,"Ithaca, NY",2025-07-01,28,25,11,0,64,8322,2607
27060,"Ithaca, NY",2025-08-01,39,31,8,0,78,8400,2646
27060,"Ithaca, NY",2025-09-01,1,1,0,0,2,8402,2647
41780,"Sandusky, OH",2019-01-01,0,11,2,2,15,15,0
41780,"Sandusky, OH",2019-02-01,0,9,3,1,13,28,0
41780,"Sandusky, OH",2019-03-01,1,20,4,2,27,55,1
41780,"Sandusky, OH",2019-04-01,0,28,8,1,37,92,1
41780,"Sandusky, OH",2019-05-01,2,38,11,2,53,145,3
41780,"Sandusky, OH",2019-06-01,0,26,6,1,33,178,3
41780,"Sandusky, OH",2019-07-01,2,19,8,1,30,208,5
41780,"Sandusky, OH",2019-08-01,4,17,4,1,26,234,9
41780,"Sandusky, OH",2019-09-01,4,21,6,0,31,265,13
41780,"Sandusky, OH",2019-10-01,1,20,3,0,24,289,14
41780,"Sandusky, OH",2019-11-01,2,29,6,0,37,326,16
41780,"Sandusky, OH",2019-12-01,2,32,7,0,41,367,18
41780,"Sandusky, OH",2020-01-01,1,22,13,0,36,403,19
41780,"Sandusky, OH",2020-02-01,3,28,5,0,36,439,22
41780,"Sandusky, OH",2020-03-01,3,35,12,0,50,489,25
41780,"Sandusky, OH",2020-04-01,18,60,15,4,97,586,43
41780,"Sandusky, OH",2020-05-01,23,83,13,3,122,708,66
41780,"Sandusky, OH",2020-06-01,30,57,14,2,103,811,96
41780,"Sandusky, OH",2020-07-01,35,77,12,0,124,935,131
41780,"Sandusky, OH",2020-08-01,20,64,17,1,102,1037,151
41780,"Sandusky, OH",2020-09-01,31,66,11,4,112,1149,182
41780,"Sandusky, OH",2020-10-01,20,43,15,0,78,1227,202
41780,"Sandusky, OH",2020-11-01,11,43,8,0,62,1289,213
41780,"Sandusky, OH",2020-12-01,26,43,12,2,83,1372,239
41780,"Sandusky, OH",2021-01-01,30,69,20,1,120,1492,269
41780,"Sandusky, OH",2021-02-01,30,51,15,0,96,1588,299
41780,"Sandusky, OH",2021-03-01,22,74,26,2,124,1712,321
41780,"Sandusky, OH",2021-04-01,35,73,18,1,127,1839,356
41780,"Sandusky, OH",2021-05-01,32,95,24,3,154,1993,388
41780,"Sandusky, OH",2021-06-01,27,97,19,2,145,2138,415
41780,"Sandusky, OH",2021-07-01,28,71,18,1,118,2256,443
41780,"Sandusky, OH",2021-08-01,27,94,21,3,145,2401,470
41780,"Sandusky, OH",2021-09-01,22,70,25,3,120,2521,492
41780,"Sandusky, OH",2021-10-01,19,52,29,2,102,2623,511
41780,"Sandusky, OH",2021-11-01,29,75,23,1,128,2751,540
41780,"Sandusky, OH",2021-12-01,27,75,20,1,123,2874,567
41780,"Sandusky, OH",2022-01-01,29,86,33,3,151,3025,596
41780,"Sandusky, OH",2022-02-01,20,61,15,2,98,3123,616
41780,"Sandusky, OH",2022-03-01,30,57,21,0,108,3231,646
41780,"Sandusky, OH",2022-04-01,16,65,21,2,104,3335,662
41780,"Sandusky, OH",2022-05-01,26,55,25,2,108,3443,688
41780,"Sandusky, OH",2022-06-01,20,52,12,0,84,3527,708
41780,"Sandusky, OH",2022-07-01,20,47,20,0,87,3614,728
41780,"Sandusky, OH",2022-08-01,30,52,14,1,97,3711,758
41780,"Sandusky, OH",2022-09-01,20,57,17,0,94,3805,778
41780,"Sandusky, OH",2022-10-01,32,60,15,2,109,3914,810
41780,"Sandusky, OH",2022-11-01,26,50,17,0,93,4007,836
41780,"Sandusky, OH",2022-12-01,40,42,16,3,101,4108,876
41780,"Sandusky, OH",2023-01-01,34,49,16,3,102,4210,910
41780,"Sandusky, OH",2023-02-01,26,52,15,4,97,4307,936
41780,"Sandusky, OH",2023-03-01,45,58,19,0,122,4429,981
41780,"Sandusky, OH",2023-04-01,26,46,14,1,87,4516,1007
41780,"Sandusky, OH",2023-05-01,27,39,10,2,78,4594,1034
41780,"Sandusky, OH",2023-06-01,27,29,9,1,66,4660,1061
41780,"Sandusky, OH",2023-07-01,28,54,17,2,101,4761,1089
41780,"Sandusky, OH",2023-08-01,21,38,19,2,80,4841,1110
41780,"Sandusky, OH",2023-09-01,21,49,15,4,89,4930,1131
41780,"Sandusky, OH",2023-10-01,31,49,20,3,103,5033,1162
41780,"Sandusky, OH",2023-11-01,53,54,24,2,133,5166,1215
41780,"Sandusky, OH",2023-12-01,43,52,19,1,115,5281,1258
41780,"Sandusky, OH",2024-01-01,33,47,20,3,103,5384,1291
41780,"Sandusky, OH",2024-02-01,38,35,14,2,89,5473,1329
41780,"Sandusky, OH",2024-03-01,51,39,21,4,115,5588,1380
41780,"Sandusky, OH",2024-04-01,25,49,23,4,101,5689,1405
41780,"Sandusky, OH",2024-05-01,41,44,16,0,101,5790,1446
41780,"Sandusky, OH",2024-06-01,43,58,17,1,119,5909,1489
41780,"Sandusky, OH",2024-07-01,28,61,12,0,101,6010,1517
41780,"Sandusky, OH",2024-08-01,41,48,16,1,106,6116,1558
41780,"Sandusky, OH",2024-09-01,39,64,23,3,129,6245,1597
41780,"Sandusky, OH",2024-10-01,61,61,17,1,140,6385,1658
41780,"Sandusky, OH",2024-11-01,45,76,23,0,144,6529,1703
41780,"Sandusky, OH",2024-12-01,63,69,22,3,157,6686,1766
41780,"Sandusky, OH",2025-01-01,62,67,12,2,143,6829,1828
41780,"Sandusky, OH",2025-02-01,63,42,16,2,123,6952,1891
41780,"Sandusky, OH",2025-03-01,57,54,29,3,143,7095,1948
41780,"Sandusky, OH",2025-04-01,45,43,22,1,111,7206,1993
41780,"Sandusky, OH",2025-05-01,62,47,15,0,124,7330,2055
41780,"Sandusky, OH",2025-06-01,59,64,21,1,145,7475,2114
41780,"Sandusky, OH",2025-07-01,50,50,20,2,122,7597,2164
41780,"Sandusky, OH",2025-08-01,49,45,16,3,113,7710,2213
41780,"Sandusky, OH",2025-09-01,2,0,1,0,3,7713,2215
16980,"Chicago-Naperville-Elgin, IL-IN",2019-01-01,34,1105,233,27,1399,1399,34
16980,"Chicago-Naperville-Elgin, IL-IN",2019-02-01,48,1089,252,15,1404,2803,82
16980,"Chicago-Naperville-Elgin, IL-IN",2019-03-01,80,1545,318,32,1975,4778,162
16980,"Chicago-Naperville-Elgin, IL-IN",2019-04-01,113,1690,304,29,2136,6914,275
16980,"Chicago-Naperville-Elgin, IL-IN",2019-05-01,76,1654,330,25,2085,8999,351
16980,"Chicago-Naperville-Elgin, IL-IN",2019-06-01,81,1104,217,15,1417,10416,432
16980,"Chicago-Naperville-Elgin, IL-IN",2019-07-01,178,1917,351,30,2476,12892,610
16980,"Chicago-Naperville-Elgin, IL-IN",2019-08-01,110,1329,279,25,1743,14635,720
16980,"Chicago-Naperville-Elgin, IL-IN",2019-09-01,130,1593,351,29,2103,16738,850
16980,"Chicago-Naperville-Elgin, IL-IN",2019-10-01,81,1181,219,21,1502,18240,931
16980,"Chicago-Naperville-Elgin, IL-IN",2019-11-01,85,1002,174,17,1278,19518,1016
16980,"Chicago-Naperville-Elgin, IL-IN",2019-12-01,136,1015,199,16,1366,20884,1152
16980,"Chicago-Naperville-Elgin, IL-IN",2020-01-01,199,1387,346,54,1986,22870,1351
16980,"Chicago-Naperville-Elgin, IL-IN",2020-02-01,137,1050,347,67,1601,24471,1488
16980,"Chicago-Naperville-Elgin, IL-IN",2020-03-01,287,2122,625,98,3132,27603,1775
16980,"Chicago-Naperville-Elgin, IL-IN",2020-04-01,739,3247,1004,117,5107,32710,2514
16980,"Chicago-Naperville-Elgin, IL-IN",2020-05-01,854,2556,662,95,4167,36877,3368
16980,"Chicago-Naperville-Elgin, IL-IN",2020-06-01,1219,2995,586,49,4849,41726,4587
16980,"Chicago-Naperville-Elgin, IL-IN",2020-07-01,1460,4017,760,74,6311,48037,6047
16980,"Chicago-Naperville-Elgin, IL-IN",2020-08-01,1167,4584,836,93,6680,54717,7214
16980,"Chicago-Naperville-Elgin, IL-IN",2020-09-01,1008,3981,701,95,5785,60502,8222
16980,"Chicago-Naperville-Elgin, IL-IN",2020-10-01,937,3689,608,66,5300,65802,9159
16980,"Chicago-Naperville-Elgin, IL-IN",2020-11-01,436,1850,342,28,2656,68458,9595
16980,"Chicago-Naperville-Elgin, IL-IN",2020-12-01,831,2102,434,50,3417,71875,10426
16980,"Chicago-Naperville-Elgin, IL-IN",2021-01-01,1811,4307,920,160,7198,79073,12237
16980,"Chicago-Naperville-Elgin, IL-IN",2021-02-01,1214,3349,870,241,5674,84747,13451
16980,"Chicago-Naperville-Elgin, IL-IN",2021-03-01,1470,3731,820,119,6140,90887,14921
16980,"Chicago-Naperville-Elgin, IL-IN",2021-04-01,1478,3843,740,132,6193,97080,16399
16980,"Chicago-Naperville-Elgin, IL-IN",2021-05-01,2015,4592,734,68,7409,104489,18414
16980,"Chicago-Naperville-Elgin, IL-IN",2021-06-01,1835,4562,829,123,7349,111838,20249
16980,"Chicago-Naperville-Elgin, IL-IN",2021-07-01,1482,4308,902,173,6865,118703,21731
16980,"Chicago-Naperville-Elgin, IL-IN",2021-08-01,1511,4949,1003,157,7620,126323,23242
16980,"Chicago-Naperville-Elgin, IL-IN",2021-09-01,1195,4555,1012,147,6909,133232,24437
16980,"Chicago-Naperville-Elgin, IL-IN",2021-10-01,1167,4512,1076,122,6877,140109,25604
16980,"Chicago-Naperville-Elgin, IL-IN",2021-11-01,1058,3356,688,81,5183,145292,26662
16980,"Chicago-Naperville-Elgin, IL-IN",2021-12-01,1738,4011,846,108,6703,151995,28400
16980,"Chicago-Naperville-Elgin, IL-IN",2022-01-01,1534,4451,955,104,7044,159039,29934
16980,"Chicago-Naperville-Elgin, IL-IN",2022-02-01,1277,3252,741,94,5364,164403,31211
16980,"Chicago-Naperville-Elgin, IL-IN",2022-03-01,1391,3971,907,106,6375,170778,32602
16980,"Chicago-Naperville-Elgin, IL-IN",2022-04-01,1205,3524,729,78,5536,176314,33807
16980,"Chicago-Naperville-Elgin, IL-IN",2022-05-01,1273,2879,667,73,4892,181206,35080
16980,"Chicago-Naperville-Elgin, IL-IN",2022-06-01,444,1137,252,22,1855,183061,35524
16980,"Chicago-Naperville-Elgin, IL-IN",2022-07-01,848,1776,464,42,3130,186191,36372
16980,"Chicago-Naperville-Elgin, IL-IN",2022-08-01,812,2009,522,67,3410,189601,37184
16980,"Chicago-Naperville-Elgin, IL-IN",2022-09-01,936,2337,627,84,3984,193585,38120
16980,"Chicago-Naperville-Elgin, IL-IN",2022-10-01,988,2466,676,87,4217,197802,39108
16980,"Chicago-Naperville-Elgin, IL-IN",2022-11-01,1103,2726,691,75,4595,202397,40211
16980,"Chicago-Naperville-Elgin, IL-IN",2022-12-01,1302,2614,617,68,4601,206998,41513
16980,"Chicago-Naperville-Elgin, IL-IN",2023-01-01,1213,2763,724,69,4769,211767,42726
16980,"Chicago-Naperville-Elgin, IL-IN",2023-02-01,1031,2479,645,62,4217,215984,43757
16980,"Chicago-Naperville-Elgin, IL-IN",2023-03-01,1370,3053,786,82,5291,221275,45127
16980,"Chicago-Naperville-Elgin, IL-IN",2023-04-01,969,2389,540,61,3959,225234,46096
16980,"Chicago-Naperville-Elgin, IL-IN",2023-05-01,524,1124,264,31,1943,227177,46620
16980,"Chicago-Naperville-Elgin, IL-IN",2023-06-01,418,944,191,20,1573,228750,47038
16980,"Chicago-Naperville-Elgin, IL-IN",2023-07-01,405,1078,228,24,1735,230485,47443
16980,"Chicago-Naperville-Elgin, IL-IN",2023-08-01,982,2387,549,61,3979,234464,48425
16980,"Chicago-Naperville-Elgin, IL-IN",2023-09-01,1015,2655,613,59,4342,238806,49440
16980,"Chicago-Naperville-Elgin, IL-IN",2023-10-01,1270,3326,767,68,5431,244237,50710
16980,"Chicago-Naperville-Elgin, IL-IN",2023-11-01,1349,3143,748,73,5313,249550,52059
16980,"Chicago-Naperville-Elgin, IL-IN",2023-12-01,1652,2857,659,89,5257,254807,53711
16980,"Chicago-Naperville-Elgin, IL-IN",2024-01-01,1359,3158,833,95,5445,260252,55070
16980,"Chicago-Naperville-Elgin, IL-IN",2024-02-01,1300,2870,768,101,5039,265291,56370
16980,"Chicago-Naperville-Elgin, IL-IN",2024-03-01,1472,3124,801,89,5486,270777,57842
16980,"Chicago-Naperville-Elgin, IL-IN",2024-04-01,1523,3246,692,93,5554,276331,59365
16980,"Chicago-Naperville-Elgin, IL-IN",2024-05-01,1965,3553,817,83,6418,282749,61330
16980,"Chicago-Naperville-Elgin, IL-IN",2024-06-01,1659,2979,759,102,5499,288248,62989
16980,"Chicago-Naperville-Elgin, IL-IN",2024-07-01,769,1807,402,44,3022,291270,63758
16980,"Chicago-Naperville-Elgin, IL-IN",2024-08-01,847,2283,555,96,3781,295051,64605
16980,"Chicago-Naperville-Elgin, IL-IN",2024-09-01,999,2468,600,76,4143,299194,65604
16980,"Chicago-Naperville-Elgin, IL-IN",2024-10-01,1440,3146,699,71,5356,304550,67044
16980,"Chicago-Naperville-Elgin, IL-IN",2024-11-01,1558,2940,576,59,5133,309683,68602
16980,"Chicago-Naperville-Elgin, IL-IN",2024-12-01,1894,2943,596,62,5495,315178,70496
16980,"Chicago-Naperville-Elgin, IL-IN",2025-01-01,1780,2908,632,53,5373,320551,72276
16980,"Chicago-Naperville-Elgin, IL-IN",2025-02-01,1449,2454,526,45,4474,325025,73725
16980,"Chicago-Naperville-Elgin, IL-IN",2025-03-01,1707,2461,578,69,4815,329840,75432
16980,"Chicago-Naperville-Elgin, IL-IN",2025-04-01,1586,2302,567,95,4550,334390,77018
16980,"Chicago-Naperville-Elgin, IL-IN",2025-05-01,1829,2217,484,37,4567,338957,78847
16980,"Chicago-Naperville-Elgin, IL-IN",2025-06-01,2120,2353,549,55,5077,344034,80967
16980,"Chicago-Naperville-Elgin, IL-IN",2025-07-01,1837,2331,510,70,4748,348782,82804
16980,"Chicago-Naperville-Elgin, IL-IN",2025-08-01,1415,2069,425,39,3948,352730,84219
16980,"Chicago-Naperville-Elgin, IL-IN",2025-09-01,33,36,8,1,78,352808,84252
40260,"Roanoke Rapids, NC",2019-01-01,0,4,0,0,4,4,0
40260,"Roanoke Rapids, NC",2019-02-01,0,2,1,0,3,7,0
40260,"Roanoke Rapids, NC",2019-03-01,0,3,1,0,4,11,0
40260,"Roanoke Rapids, NC",2019-04-01,0,2,0,0,2,13,0
40260,"Roanoke Rapids, NC",2019-05-01,0,3,1,0,4,17,0
40260,"Roanoke Rapids, NC",2019-06-01,0,6,2,0,8,25,0
40260,"Roanoke Rapids, NC",2019-07-01,0,7,1,0,8,33,0
40260,"Roanoke Rapids, NC",2019-08-01,0,9,1,0,10,43,0
40260,"Roanoke Rapids, NC",2019-09-01,0,6,3,0,9,52,0
40260,"Roanoke Rapids, NC",2019-10-01,0,5,3,0,8,60,0
40260,"Roanoke Rapids, NC",2019-11-01,4,11,2,0,17,77,4
40260,"Roanoke Rapids, NC",2019-12-01,0,7,2,0,9,86,4
40260,"Roanoke Rapids, NC",2020-01-01,0,5,2,0,7,93,4
40260,"Roanoke Rapids, NC",2020-02-01,0,5,2,0,7,100,4
40260,"Roanoke Rapids, NC",2020-03-01,0,10,2,0,12,112,4
40260,"Roanoke Rapids, NC",2020-04-01,0,15,4,1,20,132,4
40260,"Roanoke Rapids, NC",2020-05-01,4,16,5,0,25,157,8
40260,"Roanoke Rapids, NC",2020-06-01,3,15,1,0,19,176,11
40260,"Roanoke Rapids, NC",2020-07-01,3,16,4,0,23,199,14
40260,"Roanoke Rapids, NC",2020-08-01,5,25,10,2,42,241,19
40260,"Roanoke Rapids, NC",2020-09-01,3,18,5,0,26,267,22
40260,"Roanoke Rapids, NC",2020-10-01,6,8,4,0,18,285,28
40260,"Roanoke Rapids, NC",2020-11-01,1,12,2,1,16,301,29
40260,"Roanoke Rapids, NC",2020-12-01,7,14,2,0,23,324,36
40260,"Roanoke Rapids, NC",2021-01-01,9,11,3,1,24,348,45
40260,"Roanoke Rapids, NC",2021-02-01,9,18,4,0,31,379,54
40260,"Roanoke Rapids, NC",2021-03-01,3,19,4,0,26,405,57
40260,"Roanoke Rapids, NC",2021-04-01,8,26,9,0,43,448,65
40260,"Roanoke Rapids, NC",2021-05-01,11,33,8,0,52,500,76
40260,"Roanoke Rapids, NC",2021-06-01,8,23,7,0,38,538,84
40260,"Roanoke Rapids, NC",2021-07-01,11,36,8,1,56,594,95
40260,"Roanoke Rapids, NC",2021-08-01,9,23,6,0,38,632,104
40260,"Roanoke Rapids, NC",2021-09-01,8,29,5,2,44,676,112
40260,"Roanoke Rapids, NC",2021-10-01,2,22,5,2,31,707,114
40260,"Roanoke Rapids, NC",2021-11-01,8,16,5,0,29,736,122
40260,"Roanoke Rapids, NC",2021-12-01,12,21,10,0,43,779,134
40260,"Roanoke Rapids, NC",2022-01-01,8,28,9,1,46,825,142
40260,"Roanoke Rapids, NC",2022-02-01,11,25,13,0,49,874,153
40260,"Roanoke Rapids, NC",2022-03-01,10,17,11,2,40,914,163
40260,"Roanoke Rapids, NC",2022-04-01,5,31,5,3,44,958,168
40260,"Roanoke Rapids, NC",2022-05-01,13,33,6,1,53,1011,181
40260,"Roanoke Rapids, NC",2022-06-01,13,16,12,1,42,1053,194
40260,"Roanoke Rapids, NC",2022-07-01,12,20,6,0,38,1091,206
40260,"Roanoke Rapids, NC",2022-08-01,9,34,10,0,53,1144,215
40260,"Roanoke Rapids, NC",2022-09-01,6,22,6,0,34,1178,221
40260,"Roanoke Rapids, NC",2022-10-01,6,17,12,2,37,1215,227
40260,"Roanoke Rapids, NC",2022-11-01,11,26,8,2,47,1262,238
40260,"Roanoke Rapids, NC",2022-12-01,14,18,8,0,40,1302,252
40260,"Roanoke Rapids, NC",2023-01-01,10,22,8,0,40,1342,262
40260,"Roanoke Rapids, NC",2023-02-01,9,16,11,0,36,1378,271
40260,"Roanoke Rapids, NC",2023-03-01,16,30,8,1,55,1433,287
40260,"Roanoke Rapids, NC",2023-04-01,14,19,10,2,45,1478,301
40260,"Roanoke Rapids, NC",2023-05-01,14,24,6,2,46,1524,315
40260,"Roanoke Rapids, NC",2023-06-01,14,18,3,0,35,1559,329
40260,"Roanoke Rapids, NC",2023-07-01,8,23,9,2,42,1601,337
40260,"Roanoke Rapids, NC",2023-08-01,12,33,9,1,55,1656,349
40260,"Roanoke Rapids, NC",2023-09-01,11,33,10,1,55,1711,360
40260,"Roanoke Rapids, NC",2023-10-01,18,25,11,0,54,1765,378
40260,"Roanoke Rapids, NC",2023-11-01,16,21,7,2,46,1811,394
40260,"Roanoke Rapids, NC",2023-12-01,20,29,7,0,56,1867,414
40260,"Roanoke Rapids, NC",2024-01-01,14,27,8,0,49,1916,428
40260,"Roanoke Rapids, NC",2024-02-01,15,20,5,1,41,1957,443
40260,"Roanoke Rapids, NC",2024-03-01,10,22,8,0,40,1997,453
40260,"Roanoke Rapids, NC",2024-04-01,14,26,5,0,45,2042,467
40260,"Roanoke Rapids, NC",2024-05-01,12,31,14,1,58,2100,479
40260,"Roanoke Rapids, NC",2024-06-01,9,24,4,2,39,2139,488
40260,"Roanoke Rapids, NC",2024-07-01,18,19,9,3,49,2188,506
40260,"Roanoke Rapids, NC",2024-08-01,17,30,7,0,54,2242,523
40260,"Roanoke Rapids, NC",2024-09-01,17,18,10,4,49,2291,540
40260,"Roanoke Rapids, NC",2024-10-01,13,21,6,0,40,2331,553
40260,"Roanoke Rapids, NC",2024-11-01,21,31,9,2,63,2394,574
40260,"Roanoke Rapids, NC",2024-12-01,21,22,7,0,50,2444,595
40260,"Roanoke Rapids, NC",2025-01-01,17,28,13,1,59,2503,612
40260,"Roanoke Rapids, NC",2025-02-01,10,25,9,1,45,2548,622
40260,"Roanoke Rapids, NC",2025-03-01,24,28,6,1,59,2607,646
40260,"Roanoke Rapids, NC",2025-04-01,20,21,13,1,55,2662,666
40260,"Roanoke Rapids, NC",2025-05-01,16,27,8,3,54,2716,682
40260,"Roanoke Rapids, NC",2025-06-01,20,21,6,0,47,2763,702
40260,"Roanoke Rapids, NC",2025-07-01,16,30,13,1,60,2823,718
40260,"Roanoke Rapids, NC",2025-08-01,12,21,10,1,44,2867,730
47920,"Washington Court House, OH",2019-02-01,0,4,1,0,5,5,0
47920,"Washington Court House, OH",2019-03-01,0,2,2,0,4,9,0
47920,"Washington Court House, OH",2019-04-01,0,2,1,0,3,12,0
47920,"Washington Court House, OH",2019-05-01,0,5,0,0,5,17,0
47920,"Washington Court House, OH",2019-06-01,0,3,1,0,4,21,0
47920,"Washington Court House, OH",2019-07-01,0,8,2,0,10,31,0
47920,"Washington Court House, OH",2019-08-01,1,17,4,0,22,53,1
47920,"Washington Court House, OH",2019-09-01,1,9,2,1,13,66,2
47920,"Washington Court House, OH",2019-10-01,0,3,3,0,6,72,2
47920,"Washington Court House, OH",2019-11-01,2,8,6,0,16,88,4
47920,"Washington Court House, OH",2019-12-01,2,10,1,0,13,101,6
47920,"Washington Court House, OH",2020-01-01,0,6,2,0,8,109,6
47920,"Washington Court House, OH",2020-02-01,3,4,2,0,9,118,9
47920,"Washington Court House, OH",2020-03-01,2,12,0,0,14,132,11
47920,"Washington Court House, OH",2020-04-01,3,12,2,0,17,149,14
47920,"Washington Court House, OH",2020-05-01,6,18,2,0,26,175,20
47920,"Washington Court House, OH",2020-06-01,2,23,3,1,29,204,22
47920,"Washington Court House, OH",2020-07-01,3,18,3,0,24,228,25
47920,"Washington Court House, OH",2020-08-01,3,10,0,0,13,241,28
47920,"Washington Court House, OH",2020-09-01,3,12,7,0,22,263,31
47920,"Washington Court House, OH",2020-10-01,4,20,1,0,25,288,35
47920,"Washington Court House, OH",2020-11-01,3,16,3,0,22,310,38
47920,"Washington Court House, OH",2020-12-01,1,17,6,0,24,334,39
47920,"Washington Court House, OH",2021-01-01,9,26,3,0,38,372,48
47920,"Washington Court House, OH",2021-02-01,9,21,5,0,35,407,57
47920,"Washington Court House, OH",2021-03-01,12,22,7,0,41,448,69
47920,"Washington Court House, OH",2021-04-01,6,19,9,0,34,482,75
47920,"Washington Court House, OH",2021-05-01,7,31,11,0,49,531,82
47920,"Washington Court House, OH",2021-06-01,4,18,11,0,33,564,86
47920,"Washington Court House, OH",2021-07-01,4,19,5,0,28,592,90
47920,"Washington Court House, OH",2021-08-01,4,17,6,1,28,620,94
47920,"Washington Court House, OH",2021-09-01,5,33,10,0,48,668,99
47920,"Washington Court House, OH",2021-10-01,4,17,7,0,28,696,103
47920,"Washington Court House, OH",2021-11-01,5,16,8,1,30,726,108
47920,"Washington Court House, OH",2021-12-01,7,16,6,0,29,755,115
47920,"Washington Court House, OH",2022-01-01,9,43,8,0,60,815,124
47920,"Washington Court House, OH",2022-02-01,10,15,4,4,33,848,134
47920,"Washington Court House, OH",2022-03-01,7,26,6,0,39,887,141
47920,"Washington Court House, OH",2022-04-01,2,19,7,0,28,915,143
47920,"Washington Court House, OH",2022-05-01,8,22,4,1,35,950,151
47920,"Washington Court House, OH",2022-06-01,4,9,3,1,17,967,155
47920,"Washington Court House, OH",2022-07-01,10,13,3,0,26,993,165
47920,"Washington Court House, OH",2022-08-01,11,10,2,0,23,1016,176
47920,"Washington Court House, OH",2022-09-01,6,10,8,0,24,1040,182
47920,"Washington Court House, OH",2022-10-01,4,9,7,0,20,1060,186
47920,"Washington Court House, OH",2022-11-01,3,16,5,0,24,1084,189
47920,"Washington Court House, OH",2022-12-01,6,21,3,1,31,1115,195
47920,"Washington Court House, OH",2023-01-01,2,24,4,0,30,1145,197
47920,"Washington Court House, OH",2023-02-01,4,14,4,1,23,1168,201
47920,"Washington Court House, OH",2023-03-01,5,24,11,0,40,1208,206
47920,"Washington Court House, OH",2023-04-01,5,16,8,1,30,1238,211
47920,"Washington Court House, OH",2023-05-01,11,11,1,0,23,1261,222
47920,"Washington Court House, OH",2023-06-01,5,13,4,0,22,1283,227
47920,"Washington Court House, OH",2023-07-01,7,23,3,0,33,1316,234
47920,"Washington Court House, OH",2023-08-01,9,12,4,0,25,1341,243
47920,"Washington Court House, OH",2023-09-01,8,10,4,1,23,1364,251
47920,"Washington Court House, OH",2023-10-01,10,16,6,1,33,1397,261
47920,"Washington Court House, OH",2023-11-01,8,19,10,3,40,1437,269
47920,"Washington Court House, OH",2023-12-01,10,25,4,2,41,1478,279
47920,"Washington Court House, OH",2024-01-01,14,20,4,0,38,1516,293
47920,"Washington Court House, OH",2024-02-01,16,21,3,1,41,1557,309
47920,"Washington Court House, OH",2024-03-01,18,28,7,2,55,1612,327
47920,"Washington Court House, OH",2024-04-01,4,12,4,0,20,1632,331
47920,"Washington Court House, OH",2024-05-01,8,12,1,0,21,1653,339
47920,"Washington Court House, OH",2024-06-01,7,11,1,0,19,1672,346
47920,"Washington Court House, OH",2024-07-01,6,5,6,0,17,1689,352
47920,"Washington Court House, OH",2024-08-01,3,9,0,0,12,1701,355
47920,"Washington Court House, OH",2024-09-01,5,17,4,0,26,1727,360
47920,"Washington Court House, OH",2024-10-01,12,18,7,2,39,1766,372
47920,"Washington Court House, OH",2024-11-01,22,21,12,1,56,1822,394
47920,"Washington Court House, OH",2024-12-01,25,28,5,1,59,1881,419
47920,"Washington Court House, OH",2025-01-01,15,32,6,3,56,1937,434
47920,"Washington Court House, OH",2025-02-01,15,18,10,1,44,1981,449
47920,"Washington Court House, OH",2025-03-01,26,16,4,1,47,2028,475
47920,"Washington Court House, OH",2025-04-01,20,19,5,1,45,2073,495
47920,"Washington Court House, OH",2025-05-01,18,32,10,2,62,2135,513
47920,"Washington Court House, OH",2025-06-01,20,19,4,0,43,2178,533
47920,"Washington Court House, OH",2025-07-01,19,21,10,1,51,2229,552
47920,"Washington Court House, OH",2025-08-01,15,14,5,2,36,2265,567
47920,"Washington Court House, OH",2025-09-01,1,0,0,0,1,2266,568
36740,"Orlando-Kissimmee-Sanford, FL",2019-01-01,15,524,179,4,722,722,15
36740,"Orlando-Kissimmee-Sanford, FL",2019-02-01,15,614,192,18,839,1561,30
36740,"Orlando-Kissimmee-Sanford, FL",2019-03-01,22,661,218,29,930,2491,52
36740,"Orlando-Kissimmee-Sanford, FL",2019-04-01,33,738,200,23,994,3485,85
36740,"Orlando-Kissimmee-Sanford, FL",2019-05-01,40,832,251,11,1134,4619,125
36740,"Orlando-Kissimmee-Sanford, FL",2019-06-01,34,620,194,15,863,5482,159
36740,"Orlando-Kissimmee-Sanford, FL",2019-07-01,40,655,233,23,951,6433,199
36740,"Orlando-Kissimmee-Sanford, FL",2019-08-01,47,659,224,13,943,7376,246
36740,"Orlando-Kissimmee-Sanford, FL",2019-09-01,44,648,235,17,944,8320,290
36740,"Orlando-Kissimmee-Sanford, FL",2019-10-01,38,400,121,8,567,8887,328
36740,"Orlando-Kissimmee-Sanford, FL",2019-11-01,70,513,167,13,763,9650,398
36740,"Orlando-Kissimmee-Sanford, FL",2019-12-01,74,518,161,13,766,10416,472
36740,"Orlando-Kissimmee-Sanford, FL",2020-01-01,77,672,223,21,993,11409,549
36740,"Orlando-Kissimmee-Sanford, FL",2020-02-01,40,395,136,15,586,11995,589
36740,"Orlando-Kissimmee-Sanford, FL",2020-03-01,80,626,228,18,952,12947,669
36740,"Orlando-Kissimmee-Sanford, FL",2020-04-01,218,1408,541,44,2211,15158,887
36740,"Orlando-Kissimmee-Sanford, FL",2020-05-01,329,1487,584,58,2458,17616,1216
36740,"Orlando-Kissimmee-Sanford, FL",2020-06-01,269,1104,350,42,1765,19381,1485
36740,"Orlando-Kissimmee-Sanford, FL",2020-07-01,393,1477,497,47,2414,21795,1878
36740,"Orlando-Kissimmee-Sanford, FL",2020-08-01,754,2783,856,85,4478,26273,2632
36740,"Orlando-Kissimmee-Sanford, FL",2020-09-01,657,2516,727,85,3985,30258,3289
36740,"Orlando-Kissimmee-Sanford, FL",2020-10-01,232,1207,391,52,1882,32140,3521
36740,"Orlando-Kissimmee-Sanford, FL",2020-11-01,161,913,293,47,1414,33554,3682
36740,"Orlando-Kissimmee-Sanford, FL",2020-12-01,249,838,306,40,1433,34987,3931
36740,"Orlando-Kissimmee-Sanford, FL",2021-01-01,850,2371,762,80,4063,39050,4781
36740,"Orlando-Kissimmee-Sanford, FL",2021-02-01,357,1344,494,79,2274,41324,5138
36740,"Orlando-Kissimmee-Sanford, FL",2021-03-01,1134,3099,1096,138,5467,46791,6272
36740,"Orlando-Kissimmee-Sanford, FL",2021-04-01,1186,3663,1118,134,6101,52892,7458
36740,"Orlando-Kissimmee-Sanford, FL",2021-05-01,1154,3539,942,91,5726,58618,8612
36740,"Orlando-Kissimmee-Sanford, FL",2021-06-01,710,2398,664,69,3841,62459,9322
36740,"Orlando-Kissimmee-Sanford, FL",2021-07-01,682,2325,755,82,3844,66303,10004
36740,"Orlando-Kissimmee-Sanford, FL",2021-08-01,547,2114,664,77,3402,69705,10551
36740,"Orlando-Kissimmee-Sanford, FL",2021-09-01,264,1172,427,46,1909,71614,10815
36740,"Orlando-Kissimmee-Sanford, FL",2021-10-01,229,964,389,41,1623,73237,11044
36740,"Orlando-Kissimmee-Sanford, FL",2021-11-01,512,1525,507,59,2603,75840,11556
36740,"Orlando-Kissimmee-Sanford, FL",2021-12-01,638,1564,611,92,2905,78745,12194
36740,"Orlando-Kissimmee-Sanford, FL",2022-01-01,973,2589,917,147,4626,83371,13167
36740,"Orlando-Kissimmee-Sanford, FL",2022-02-01,281,837,370,95,1583,84954,13448
36740,"Orlando-Kissimmee-Sanford, FL",2022-03-01,757,1846,759,111,3473,88427,14205
36740,"Orlando-Kissimmee-Sanford, FL",2022-04-01,853,2232,795,119,3999,92426,15058
36740,"Orlando-Kissimmee-Sanford, FL",2022-05-01,528,1408,536,61,2533,94959,15586
36740,"Orlando-Kissimmee-Sanford, FL",2022-06-01,256,801,289,40,1386,96345,15842
36740,"Orlando-Kissimmee-Sanford, FL",2022-07-01,263,681,300,27,1271,97616,16105
36740,"Orlando-Kissimmee-Sanford, FL",2022-08-01,235,650,329,34,1248,98864,16340
36740,"Orlando-Kissimmee-Sanford, FL",2022-09-01,364,1004,357,42,1767,100631,16704
36740,"Orlando-Kissimmee-Sanford, FL",2022-10-01,1669,3315,1265,126,6375,107006,18373
36740,"Orlando-Kissimmee-Sanford, FL",2022-11-01,1028,2356,794,77,4255,111261,19401
36740,"Orlando-Kissimmee-Sanford, FL",2022-12-01,1017,2177,732,78,4004,115265,20418
36740,"Orlando-Kissimmee-Sanford, FL",2023-01-01,877,1979,653,71,3580,118845,21295
36740,"Orlando-Kissimmee-Sanford, FL",2023-02-01,687,1417,596,55,2755,121600,21982
36740,"Orlando-Kissimmee-Sanford, FL",2023-03-01,1157,2352,858,87,4454,126054,23139
36740,"Orlando-Kissimmee-Sanford, FL",2023-04-01,859,1920,640,57,3476,129530,23998
36740,"Orlando-Kissimmee-Sanford, FL",2023-05-01,368,946,239,22,1575,131105,24366
36740,"Orlando-Kissimmee-Sanford, FL",2023-06-01,348,886,268,19,1521,132626,24714
36740,"Orlando-Kissimmee-Sanford, FL",2023-07-01,314,992,350,28,1684,134310,25028
36740,"Orlando-Kissimmee-Sanford, FL",2023-08-01,288,850,278,23,1439,135749,25316
36740,"Orlando-Kissimmee-Sanford, FL",2023-09-01,533,1546,596,46,2721,138470,25849
36740,"Orlando-Kissimmee-Sanford, FL",2023-10-01,852,2330,803,65,4050,142520,26701
36740,"Orlando-Kissimmee-Sanford, FL",2023-11-01,823,2048,659,65,3595,146115,27524
36740,"Orlando-Kissimmee-Sanford, FL",2023-12-01,1009,2358,754,65,4186,150301,28533
36740,"Orlando-Kissimmee-Sanford, FL",2024-01-01,1124,2414,793,57,4388,154689,29657
36740,"Orlando-Kissimmee-Sanford, FL",2024-02-01,1200,2284,790,80,4354,159043,30857
36740,"Orlando-Kissimmee-Sanford, FL",2024-03-01,1357,2489,846,73,4765,163808,32214
36740,"Orlando-Kissimmee-Sanford, FL",2024-04-01,1223,2412,686,61,4382,168190,33437
36740,"Orlando-Kissimmee-Sanford, FL",2024-05-01,1305,2457,713,56,4531,172721,34742
36740,"Orlando-Kissimmee-Sanford, FL",2024-06-01,760,1678,538,48,3024,175745,35502
36740,"Orlando-Kissimmee-Sanford, FL",2024-07-01,789,2047,657,53,3546,179291,36291
36740,"Orlando-Kissimmee-Sanford, FL",2024-08-01,372,982,259,23,1636,180927,36663
36740,"Orlando-Kissimmee-Sanford, FL",2024-09-01,326,904,242,22,1494,182421,36989
36740,"Orlando-Kissimmee-Sanford, FL",2024-10-01,615,1415,419,35,2484,184905,37604
36740,"Orlando-Kissimmee-Sanford, FL",2024-11-01,804,1792,556,43,3195,188100,38408
36740,"Orlando-Kissimmee-Sanford, FL",2024-12-01,820,1796,524,47,3187,191287,39228
36740,"Orlando-Kissimmee-Sanford, FL",2025-01-01,988,1790,536,53,3367,194654,40216
36740,"Orlando-Kissimmee-Sanford, FL",2025-02-01,949,1772,553,53,3327,197981,41165
36740,"Orlando-Kissimmee-Sanford, FL",2025-03-01,1084,1802,576,59,3521,201502,42249
36740,"Orlando-Kissimmee-Sanford, FL",2025-04-01,1124,1897,553,62,3636,205138,43373
36740,"Orlando-Kissimmee-Sanford, FL",2025-05-01,1190,1862,567,42,3661,208799,44563
36740,"Orlando-Kissimmee-Sanford, FL",2025-06-01,1127,1764,608,43,3542,212341,45690
36740,"Orlando-Kissimmee-Sanford, FL",2025-07-01,1131,1804,541,48,3524,215865,46821
36740,"Orlando-Kissimmee-Sanford, FL",2025-08-01,981,1722,547,51,3301,219166,47802
36740,"Orlando-Kissimmee-Sanford, FL",2025-09-01,21,39,13,2,75,219241,47823
23420,"Fresno, CA",2019-01-01,8,250,60,5,323,323,8
23420,"Fresno, CA",2019-02-01,3,100,19,2,124,447,11
23420,"Fresno, CA",2019-03-01,1,86,17,1,105,552,12
23420,"Fresno, CA",2019-04-01,3,101,17,1,122,674,15
23420,"Fresno, CA",2019-05-01,5,66,9,1,81,755,20
23420,"Fresno, CA",2019-06-01,20,259,37,4,320,1075,40
23420,"Fresno, CA",2019-07-01,15,268,47,5,335,1410,55
23420,"Fresno, CA",2019-08-01,13,155,31,1,200,1610,68
23420,"Fresno, CA",2019-09-01,19,164,18,1,202,1812,87
23420,"Fresno, CA",2019-10-01,8,73,13,3,97,1909,95
23420,"Fresno, CA",2019-11-01,9,123,25,1,158,2067,104
23420,"Fresno, CA",2019-12-01,17,129,21,3,170,2237,121
23420,"Fresno, CA",2020-01-01,19,177,44,3,243,2480,140
23420,"Fresno, CA",2020-02-01,18,141,39,2,200,2680,158
23420,"Fresno, CA",2020-03-01,43,263,82,10,398,3078,201
23420,"Fresno, CA",2020-04-01,213,702,169,10,1094,4172,414
23420,"Fresno, CA",2020-05-01,293,783,156,14,1246,5418,707
23420,"Fresno, CA",2020-06-01,149,594,98,12,853,6271,856
23420,"Fresno, CA",2020-07-01,246,947,176,13,1382,7653,1102
23420,"Fresno, CA",2020-08-01,246,892,143,20,1301,8954,1348
23420,"Fresno, CA",2020-09-01,208,766,148,19,1141,10095,1556
23420,"Fresno, CA",2020-10-01,155,662,86,12,915,11010,1711
23420,"Fresno, CA",2020-11-01,98,421,65,11,595,11605,1809
23420,"Fresno, CA",2020-12-01,82,238,41,5,366,11971,1891
23420,"Fresno, CA",2021-01-01,153,498,89,5,745,12716,2044
23420,"Fresno, CA",2021-02-01,96,311,58,5,470,13186,2140
23420,"Fresno, CA",2021-03-01,292,699,135,16,1142,14328,2432
23420,"Fresno, CA",2021-04-01,190,614,102,8,914,15242,2622
23420,"Fresno, CA",2021-05-01,115,366,58,7,546,15788,2737
23420,"Fresno, CA",2021-06-01,75,237,53,4,369,16157,2812
23420,"Fresno, CA",2021-07-01,72,297,48,3,420,16577,2884
23420,"Fresno, CA",2021-08-01,134,445,98,5,682,17259,3018
23420,"Fresno, CA",2021-09-01,264,862,189,20,1335,18594,3282
23420,"Fresno, CA",2021-10-01,76,242,66,5,389,18983,3358
23420,"Fresno, CA",2021-11-01,52,179,36,3,270,19253,3410
23420,"Fresno, CA",2021-12-01,52,182,51,5,290,19543,3462
23420,"Fresno, CA",2022-01-01,134,425,96,17,672,20215,3596
23420,"Fresno, CA",2022-02-01,97,257,81,13,448,20663,3693
23420,"Fresno, CA",2022-03-01,202,538,124,14,878,21541,3895
23420,"Fresno, CA",2022-04-01,101,248,69,6,424,21965,3996
23420,"Fresno, CA",2022-05-01,50,172,48,6,276,22241,4046
23420,"Fresno, CA",2022-06-01,45,131,30,1,207,22448,4091
23420,"Fresno, CA",2022-07-01,35,151,26,5,217,22665,4126
23420,"Fresno, CA",2022-08-01,292,725,182,12,1211,23876,4418
23420,"Fresno, CA",2022-09-01,201,544,133,14,892,24768,4619
23420,"Fresno, CA",2022-10-01,150,381,91,11,633,25401,4769
23420,"Fresno, CA",2022-11-01,201,421,97,10,729,26130,4970
23420,"Fresno, CA",2022-12-01,205,435,85,11,736,26866,5175
23420,"Fresno, CA",2023-01-01,103,233,55,7,398,27264,5278
23420,"Fresno, CA",2023-02-01,128,276,76,10,490,27754,5406
23420,"Fresno, CA",2023-03-01,260,562,136,15,973,28727,5666
23420,"Fresno, CA",2023-04-01,118,271,64,5,458,29185,5784
23420,"Fresno, CA",2023-05-01,88,153,29,3,273,29458,5872
23420,"Fresno, CA",2023-06-01,69,124,31,1,225,29683,5941
23420,"Fresno, CA",2023-07-01,57,173,30,2,262,29945,5998
23420,"Fresno, CA",2023-08-01,86,197,31,3,317,30262,6084
23420,"Fresno, CA",2023-09-01,102,257,46,3,408,30670,6186
23420,"Fresno, CA",2023-10-01,102,250,39,3,394,31064,6288
23420,"Fresno, CA",2023-11-01,84,285,53,4,426,31490,6372
23420,"Fresno, CA",2023-12-01,103,317,49,5,474,31964,6475
23420,"Fresno, CA",2024-01-01,102,266,31,1,400,32364,6577
23420,"Fresno, CA",2024-02-01,116,327,42,2,487,32851,6693
23420,"Fresno, CA",2024-03-01,124,361,41,3,529,33380,6817
23420,"Fresno, CA",2024-04-01,147,312,32,3,494,33874,6964
23420,"Fresno, CA",2024-05-01,142,363,36,7,548,34422,7106
23420,"Fresno, CA",2024-06-01,132,345,19,2,498,34920,7238
23420,"Fresno, CA",2024-07-01,172,378,38,1,589,35509,7410
23420,"Fresno, CA",2024-08-01,123,294,27,2,446,35955,7533
23420,"Fresno, CA",2024-09-01,111,268,22,1,402,36357,7644
23420,"Fresno, CA",2024-10-01,111,242,20,2,375,36732,7755
23420,"Fresno, CA",2024-11-01,129,270,21,3,423,37155,7884
23420,"Fresno, CA",2024-12-01,115,262,43,5,425,37580,7999
23420,"Fresno, CA",2025-01-01,144,210,24,4,382,37962,8143
23420,"Fresno, CA",2025-02-01,135,242,25,1,403,38365,8278
23420,"Fresno, CA",2025-03-01,208,274,27,0,509,38874,8486
23420,"Fresno, CA",2025-04-01,159,240,16,1,416,39290,8645
23420,"Fresno, CA",2025-05-01,180,242,38,0,460,39750,8825
23420,"Fresno, CA",2025-06-01,118,131,12,0,261,40011,8943
23420,"Fresno, CA",2025-07-01,90,142,8,0,240,40251,9033
23420,"Fresno, CA",2025-08-01,81,88,7,0,176,40427,9114
23420,"Fresno, CA",2025-09-01,1,3,0,0,4,40431,9115
16860,"Chattanooga, TN-GA",2019-01-01,2,82,9,2,95,95,2
16860,"Chattanooga, TN-GA",2019-02-01,0,87,19,2,108,203,2
16860,"Chattanooga, TN-GA",2019-03-01,2,71,30,2,105,308,4
16860,"Chattanooga, TN-GA",2019-04-01,9,82,18,2,111,419,13
16860,"Chattanooga, TN-GA",2019-05-01,9,105,21,3,138,557,22
16860,"Chattanooga, TN-GA",2019-06-01,6,79,12,1,98,655,28
16860,"Chattanooga, TN-GA",2019-07-01,9,115,31,1,156,811,37
16860,"Chattanooga, TN-GA",2019-08-01,8,150,15,0,173,984,45
16860,"Chattanooga, TN-GA",2019-09-01,5,94,20,5,124,1108,50
16860,"Chattanooga, TN-GA",2019-10-01,10,68,9,1,88,1196,60
16860,"Chattanooga, TN-GA",2019-11-01,6,77,15,6,104,1300,66
16860,"Chattanooga, TN-GA",2019-12-01,9,79,13,2,103,1403,75
16860,"Chattanooga, TN-GA",2020-01-01,15,130,25,1,171,1574,90
16860,"Chattanooga, TN-GA",2020-02-01,7,54,17,1,79,1653,97
16860,"Chattanooga, TN-GA",2020-03-01,12,155,29,5,201,1854,109
16860,"Chattanooga, TN-GA",2020-04-01,67,321,87,14,489,2343,176
16860,"Chattanooga, TN-GA",2020-05-01,194,523,91,6,814,3157,370
16860,"Chattanooga, TN-GA",2020-06-01,110,376,56,7,549,3706,480
16860,"Chattanooga, TN-GA",2020-07-01,143,510,74,10,737,4443,623
16860,"Chattanooga, TN-GA",2020-08-01,146,538,97,7,788,5231,769
16860,"Chattanooga, TN-GA",2020-09-01,136,475,86,13,710,5941,905
16860,"Chattanooga, TN-GA",2020-10-01,95,299,65,6,465,6406,1000
16860,"Chattanooga, TN-GA",2020-11-01,55,244,33,6,338,6744,1055
16860,"Chattanooga, TN-GA",2020-12-01,136,293,72,5,506,7250,1191
16860,"Chattanooga, TN-GA",2021-01-01,284,678,132,10,1104,8354,1475
16860,"Chattanooga, TN-GA",2021-02-01,122,301,57,2,482,8836,1597
16860,"Chattanooga, TN-GA",2021-03-01,207,533,116,12,868,9704,1804
16860,"Chattanooga, TN-GA",2021-04-01,266,712,142,17,1137,10841,2070
16860,"Chattanooga, TN-GA",2021-05-01,241,647,150,6,1044,11885,2311
16860,"Chattanooga, TN-GA",2021-06-01,85,278,69,6,438,12323,2396
16860,"Chattanooga, TN-GA",2021-07-01,96,291,54,2,443,12766,2492
16860,"Chattanooga, TN-GA",2021-08-01,141,493,122,11,767,13533,2633
16860,"Chattanooga, TN-GA",2021-09-01,207,754,174,13,1148,14681,2840
16860,"Chattanooga, TN-GA",2021-10-01,105,233,56,2,396,15077,2945
16860,"Chattanooga, TN-GA",2021-11-01,114,281,65,6,466,15543,3059
16860,"Chattanooga, TN-GA",2021-12-01,149,370,110,4,633,16176,3208
16860,"Chattanooga, TN-GA",2022-01-01,190,501,102,12,805,16981,3398
16860,"Chattanooga, TN-GA",2022-02-01,60,167,33,1,261,17242,3458
16860,"Chattanooga, TN-GA",2022-03-01,257,545,143,15,960,18202,3715
16860,"Chattanooga, TN-GA",2022-04-01,202,521,150,12,885,19087,3917
16860,"Chattanooga, TN-GA",2022-05-01,140,337,70,10,557,19644,4057
16860,"Chattanooga, TN-GA",2022-06-01,140,334,94,7,575,20219,4197
16860,"Chattanooga, TN-GA",2022-07-01,105,293,90,9,497,20716,4302
16860,"Chattanooga, TN-GA",2022-08-01,112,301,80,6,499,21215,4414
16860,"Chattanooga, TN-GA",2022-09-01,191,438,138,8,775,21990,4605
16860,"Chattanooga, TN-GA",2022-10-01,143,286,105,4,538,22528,4748
16860,"Chattanooga, TN-GA",2022-11-01,193,377,113,7,690,23218,4941
16860,"Chattanooga, TN-GA",2022-12-01,222,385,96,9,712,23930,5163
16860,"Chattanooga, TN-GA",2023-01-01,249,446,157,17,869,24799,5412
16860,"Chattanooga, TN-GA",2023-02-01,211,352,107,10,680,25479,5623
16860,"Chattanooga, TN-GA",2023-03-01,242,460,154,9,865,26344,5865
16860,"Chattanooga, TN-GA",2023-04-01,173,300,103,8,584,26928,6038
16860,"Chattanooga, TN-GA",2023-05-01,106,166,43,8,323,27251,6144
16860,"Chattanooga, TN-GA",2023-06-01,89,164,48,4,305,27556,6233
16860,"Chattanooga, TN-GA",2023-07-01,105,170,38,5,318,27874,6338
16860,"Chattanooga, TN-GA",2023-08-01,167,261,88,5,521,28395,6505
16860,"Chattanooga, TN-GA",2023-09-01,198,276,95,10,579,28974,6703
16860,"Chattanooga, TN-GA",2023-10-01,233,334,89,3,659,29633,6936
16860,"Chattanooga, TN-GA",2023-11-01,229,335,104,9,677,30310,7165
16860,"Chattanooga, TN-GA",2023-12-01,231,360,98,9,698,31008,7396
16860,"Chattanooga, TN-GA",2024-01-01,262,349,88,7,706,31714,7658
16860,"Chattanooga, TN-GA",2024-02-01,244,277,71,11,603,32317,7902
16860,"Chattanooga, TN-GA",2024-03-01,251,290,83,13,637,32954,8153
16860,"Chattanooga, TN-GA",2024-04-01,230,286,93,14,623,33577,8383
16860,"Chattanooga, TN-GA",2024-05-01,287,368,101,11,767,34344,8670
16860,"Chattanooga, TN-GA",2024-06-01,256,332,98,18,704,35048,8926
16860,"Chattanooga, TN-GA",2024-07-01,205,259,95,7,566,35614,9131
16860,"Chattanooga, TN-GA",2024-08-01,79,143,27,7,256,35870,9210
16860,"Chattanooga, TN-GA",2024-09-01,128,158,51,7,344,36214,9338
16860,"Chattanooga, TN-GA",2024-10-01,259,325,100,9,693,36907,9597
16860,"Chattanooga, TN-GA",2024-11-01,262,331,98,13,704,37611,9859
16860,"Chattanooga, TN-GA",2024-12-01,298,335,103,13,749,38360,10157
16860,"Chattanooga, TN-GA",2025-01-01,272,312,101,8,693,39053,10429
16860,"Chattanooga, TN-GA",2025-02-01,237,239,86,12,574,39627,10666
16860,"Chattanooga, TN-GA",2025-03-01,243,244,85,6,578,40205,10909
16860,"Chattanooga, TN-GA",2025-04-01,279,296,71,16,662,40867,11188
16860,"Chattanooga, TN-GA",2025-05-01,297,305,88,15,705,41572,11485
16860,"Chattanooga, TN-GA",2025-06-01,297,294,99,16,706,42278,11782
16860,"Chattanooga, TN-GA",2025-07-01,239,264,87,7,597,42875,12021
16860,"Chattanooga, TN-GA",2025-08-01,193,255,84,13,545,43420,12214
16860,"Chattanooga, TN-GA",2025-09-01,6,5,1,0,12,43432,12220
14620,"Bradford, PA",2019-03-01,0,1,1,0,2,2,0
14620,"Bradford, PA",2019-04-01,0,0,1,0,1,3,0
14620,"Bradford, PA",2019-05-01,0,1,0,0,1,4,0
14620,"Bradford, PA",2019-07-01,0,1,0,0,1,5,0
14620,"Bradford, PA",2019-08-01,0,1,0,0,1,6,0
14620,"Bradford, PA",2019-09-01,0,2,0,0,2,8,0
14620,"Bradford, PA",2019-10-01,1,0,0,0,1,9,1
14620,"Bradford, PA",2019-12-01,0,1,0,0,1,10,1
14620,"Bradford, PA",2020-02-01,0,1,0,0,1,11,1
14620,"Bradford, PA",2020-03-01,0,1,1,0,2,13,1
14620,"Bradford, PA",2020-04-01,3,2,0,0,5,18,4
14620,"Bradford, PA",2020-05-01,0,3,0,0,3,21,4
14620,"Bradford, PA",2020-06-01,1,5,0,0,6,27,5
14620,"Bradford, PA",2020-07-01,0,2,0,0,2,29,5
14620,"Bradford, PA",2020-08-01,1,4,0,0,5,34,6
14620,"Bradford, PA",2020-09-01,0,3,0,0,3,37,6
14620,"Bradford, PA",2020-10-01,1,0,0,0,1,38,7
14620,"Bradford, PA",2020-11-01,0,2,0,0,2,40,7
14620,"Bradford, PA",2020-12-01,2,2,1,0,5,45,9
14620,"Bradford, PA",2021-01-01,2,4,1,0,7,52,11
14620,"Bradford, PA",2021-02-01,1,2,0,0,3,55,12
14620,"Bradford, PA",2021-03-01,4,4,1,0,9,64,16
14620,"Bradford, PA",2021-04-01,3,17,3,0,23,87,19
14620,"Bradford, PA",2021-05-01,5,20,5,0,30,117,24
14620,"Bradford, PA",2021-06-01,9,13,1,0,23,140,33
14620,"Bradford, PA",2021-07-01,6,20,3,1,30,170,39
14620,"Bradford, PA",2021-08-01,4,9,3,0,16,186,43
14620,"Bradford, PA",2021-09-01,7,16,5,0,28,214,50
14620,"Bradford, PA",2021-10-01,3,13,4,0,20,234,53
14620,"Bradford, PA",2021-11-01,2,12,8,0,22,256,55
14620,"Bradford, PA",2021-12-01,2,19,2,1,24,280,57
14620,"Bradford, PA",2022-01-01,10,7,4,0,21,301,67
14620,"Bradford, PA",2022-02-01,9,9,4,0,22,323,76
14620,"Bradford, PA",2022-03-01,9,3,3,0,15,338,85
14620,"Bradford, PA",2022-04-01,8,10,3,0,21,359,93
14620,"Bradford, PA",2022-05-01,8,9,4,0,21,380,101
14620,"Bradford, PA",2022-06-01,5,7,3,0,15,395,106
14620,"Bradford, PA",2022-07-01,3,9,7,1,20,415,109
14620,"Bradford, PA",2022-08-01,5,10,2,0,17,432,114
14620,"Bradford, PA",2022-09-01,6,6,2,1,15,447,120
14620,"Bradford, PA",2022-10-01,7,3,3,2,15,462,127
14620,"Bradford, PA",2022-11-01,6,13,6,0,25,487,133
14620,"Bradford, PA",2022-12-01,6,6,3,1,16,503,139
14620,"Bradford, PA",2023-01-01,5,16,6,0,27,530,144
14620,"Bradford, PA",2023-02-01,12,7,5,0,24,554,156
14620,"Bradford, PA",2023-03-01,5,10,5,1,21,575,161
14620,"Bradford, PA",2023-04-01,6,10,2,1,19,594,167
14620,"Bradford, PA",2023-05-01,9,10,2,1,22,616,176
14620,"Bradford, PA",2023-06-01,4,8,4,0,16,632,180
14620,"Bradford, PA",2023-07-01,6,6,1,0,13,645,186
14620,"Bradford, PA",2023-08-01,4,2,1,1,8,653,190
14620,"Bradford, PA",2023-09-01,8,7,4,0,19,672,198
14620,"Bradford, PA",2023-10-01,9,10,2,1,22,694,207
14620,"Bradford, PA",2023-11-01,9,10,3,0,22,716,216
14620,"Bradford, PA",2023-12-01,8,5,1,0,14,730,224
14620,"Bradford, PA",2024-01-01,12,7,2,0,21,751,236
14620,"Bradford, PA",2024-02-01,14,5,5,1,25,776,250
14620,"Bradford, PA",2024-03-01,8,4,3,1,16,792,258
14620,"Bradford, PA",2024-04-01,6,8,2,0,16,808,264
14620,"Bradford, PA",2024-05-01,4,7,0,0,11,819,268
14620,"Bradford, PA",2024-06-01,9,6,2,0,17,836,277
14620,"Bradford, PA",2024-07-01,4,4,0,0,8,844,281
14620,"Bradford, PA",2024-08-01,6,6,2,0,14,858,287
14620,"Bradford, PA",2024-09-01,13,2,0,0,15,873,300
14620,"Bradford, PA",2024-10-01,13,10,1,2,26,899,313
14620,"Bradford, PA",2024-11-01,11,8,2,1,22,921,324
14620,"Bradford, PA",2024-12-01,9,9,4,0,22,943,333
14620,"Bradford, PA",2025-01-01,15,8,2,0,25,968,348
14620,"Bradford, PA",2025-02-01,10,12,4,0,26,994,358
14620,"Bradford, PA",2025-03-01,18,8,2,0,28,1022,376
14620,"Bradford, PA",2025-04-01,10,7,2,0,19,1041,386
14620,"Bradford, PA",2025-05-01,10,11,1,0,22,1063,396
14620,"Bradford, PA",2025-06-01,6,11,1,1,19,1082,402
14620,"Bradford, PA",2025-07-01,10,13,1,0,24,1106,412
14620,"Bradford, PA",2025-08-01,7,15,1,0,23,1129,419
14020,"Bloomington, IN",2019-01-01,5,15,4,1,25,25,5
14020,"Bloomington, IN",2019-02-01,5,24,5,0,34,59,10
14020,"Bloomington, IN",2019-03-01,4,42,9,1,56,115,14
14020,"Bloomington, IN",2019-04-01,4,61,14,0,79,194,18
14020,"Bloomington, IN",2019-05-01,6,65,9,0,80,274,24
14020,"Bloomington, IN",2019-06-01,9,63,14,0,86,360,33
14020,"Bloomington, IN",2019-07-01,10,42,5,0,57,417,43
14020,"Bloomington, IN",2019-08-01,2,57,10,1,70,487,45
14020,"Bloomington, IN",2019-09-01,14,76,9,1,100,587,59
14020,"Bloomington, IN",2019-10-01,13,83,7,1,104,691,72
14020,"Bloomington, IN",2019-11-01,14,68,15,2,99,790,86
14020,"Bloomington, IN",2019-12-01,17,63,11,1,92,882,103
14020,"Bloomington, IN",2020-01-01,18,76,8,0,102,984,121
14020,"Bloomington, IN",2020-02-01,29,68,5,3,105,1089,150
14020,"Bloomington, IN",2020-03-01,40,119,25,1,185,1274,190
14020,"Bloomington, IN",2020-04-01,95,131,16,3,245,1519,285
14020,"Bloomington, IN",2020-05-01,177,298,26,3,504,2023,462
14020,"Bloomington, IN",2020-06-01,97,174,3,0,274,2297,559
14020,"Bloomington, IN",2020-07-01,115,129,8,0,252,2549,674
14020,"Bloomington, IN",2020-08-01,122,265,21,4,412,2961,796
14020,"Bloomington, IN",2020-09-01,147,244,35,2,428,3389,943
14020,"Bloomington, IN",2020-10-01,114,207,23,3,347,3736,1057
14020,"Bloomington, IN",2020-11-01,106,160,25,2,293,4029,1163
14020,"Bloomington, IN",2020-12-01,118,128,18,0,264,4293,1281
14020,"Bloomington, IN",2021-01-01,187,153,22,3,365,4658,1468
14020,"Bloomington, IN",2021-02-01,146,195,20,1,362,5020,1614
14020,"Bloomington, IN",2021-03-01,174,206,24,4,408,5428,1788
14020,"Bloomington, IN",2021-04-01,127,211,20,2,360,5788,1915
14020,"Bloomington, IN",2021-05-01,158,232,23,7,420,6208,2073
14020,"Bloomington, IN",2021-06-01,114,157,26,0,297,6505,2187
14020,"Bloomington, IN",2021-07-01,96,145,22,5,268,6773,2283
14020,"Bloomington, IN",2021-08-01,115,228,33,2,378,7151,2398
14020,"Bloomington, IN",2021-09-01,132,206,47,6,391,7542,2530
14020,"Bloomington, IN",2021-10-01,136,171,38,4,349,7891,2666
14020,"Bloomington, IN",2021-11-01,148,156,38,3,345,8236,2814
14020,"Bloomington, IN",2021-12-01,147,196,36,4,383,8619,2961
14020,"Bloomington, IN",2022-01-01,169,214,52,4,439,9058,3130
14020,"Bloomington, IN",2022-02-01,145,151,28,0,324,9382,3275
14020,"Bloomington, IN",2022-03-01,155,145,39,4,343,9725,3430
14020,"Bloomington, IN",2022-04-01,132,117,32,5,286,10011,3562
14020,"Bloomington, IN",2022-05-01,124,125,28,1,278,10289,3686
14020,"Bloomington, IN",2022-06-01,69,79,28,4,180,10469,3755
14020,"Bloomington, IN",2022-07-01,80,78,18,5,181,10650,3835
14020,"Bloomington, IN",2022-08-01,86,112,23,2,223,10873,3921
14020,"Bloomington, IN",2022-09-01,160,112,36,0,308,11181,4081
14020,"Bloomington, IN",2022-10-01,136,121,26,3,286,11467,4217
14020,"Bloomington, IN",2022-11-01,133,105,29,1,268,11735,4350
14020,"Bloomington, IN",2022-12-01,148,106,34,5,293,12028,4498
14020,"Bloomington, IN",2023-01-01,158,110,30,4,302,12330,4656
14020,"Bloomington, IN",2023-02-01,148,103,37,1,289,12619,4804
14020,"Bloomington, IN",2023-03-01,166,128,36,2,332,12951,4970
14020,"Bloomington, IN",2023-04-01,119,106,37,2,264,13215,5089
14020,"Bloomington, IN",2023-05-01,115,94,19,2,230,13445,5204
14020,"Bloomington, IN",2023-06-01,58,64,24,3,149,13594,5262
14020,"Bloomington, IN",2023-07-01,50,55,12,3,120,13714,5312
14020,"Bloomington, IN",2023-08-01,57,57,22,0,136,13850,5369
14020,"Bloomington, IN",2023-09-01,133,96,22,2,253,14103,5502
14020,"Bloomington, IN",2023-10-01,161,108,29,5,303,14406,5663
14020,"Bloomington, IN",2023-11-01,164,110,32,1,307,14713,5827
14020,"Bloomington, IN",2023-12-01,164,105,27,1,297,15010,5991
14020,"Bloomington, IN",2024-01-01,178,96,39,0,313,15323,6169
14020,"Bloomington, IN",2024-02-01,137,79,22,4,242,15565,6306
14020,"Bloomington, IN",2024-03-01,142,91,27,3,263,15828,6448
14020,"Bloomington, IN",2024-04-01,130,80,28,2,240,16068,6578
14020,"Bloomington, IN",2024-05-01,129,68,18,3,218,16286,6707
14020,"Bloomington, IN",2024-06-01,89,66,17,0,172,16458,6796
14020,"Bloomington, IN",2024-07-01,70,54,12,2,138,16596,6866
14020,"Bloomington, IN",2024-08-01,76,88,25,2,191,16787,6942
14020,"Bloomington, IN",2024-09-01,155,147,28,3,333,17120,7097
14020,"Bloomington, IN",2024-10-01,209,121,40,5,375,17495,7306
14020,"Bloomington, IN",2024-11-01,171,125,34,4,334,17829,7477
14020,"Bloomington, IN",2024-12-01,159,109,33,5,306,18135,7636
14020,"Bloomington, IN",2025-01-01,166,79,32,1,278,18413,7802
14020,"Bloomington, IN",2025-02-01,201,73,23,5,302,18715,8003
14020,"Bloomington, IN",2025-03-01,200,69,30,3,302,19017,8203
14020,"Bloomington, IN",2025-04-01,152,88,27,2,269,19286,8355
14020,"Bloomington, IN",2025-05-01,160,91,26,3,280,19566,8515
14020,"Bloomington, IN",2025-06-01,108,80,15,1,204,19770,8623
14020,"Bloomington, IN",2025-07-01,67,74,23,3,167,19937,8690
14020,"Bloomington, IN",2025-08-01,95,59,19,3,176,20113,8785
14020,"Bloomington, IN",2025-09-01,5,0,0,0,5,20118,8790
18820,"Crawfordsville, IN",2019-01-01,1,1,1,0,3,3,1
18820,"Crawfordsville, IN",2019-02-01,0,2,1,0,3,6,1
18820,"Crawfordsville, IN",2019-03-01,0,1,0,0,1,7,1
18820,"Crawfordsville, IN",2019-04-01,0,1,1,0,2,9,1
18820,"Crawfordsville, IN",2019-05-01,0,1,0,0,1,10,1
18820,"Crawfordsville, IN",2019-07-01,0,1,4,0,5,15,1
18820,"Crawfordsville, IN",2019-08-01,0,1,0,0,1,16,1
18820,"Crawfordsville, IN",2019-09-01,1,2,1,0,4,20,2
18820,"Crawfordsville, IN",2019-10-01,0,1,0,0,1,21,2
18820,"Crawfordsville, IN",2019-11-01,0,4,0,0,4,25,2
18820,"Crawfordsville, IN",2019-12-01,0,5,1,0,6,31,2
18820,"Crawfordsville, IN",2020-01-01,0,1,0,0,1,32,2
18820,"Crawfordsville, IN",2020-02-01,0,2,0,0,2,34,2
18820,"Crawfordsville, IN",2020-03-01,0,4,0,0,4,38,2
18820,"Crawfordsville, IN",2020-04-01,2,4,2,0,8,46,4
18820,"Crawfordsville, IN",2020-05-01,1,1,2,0,4,50,5
18820,"Crawfordsville, IN",2020-06-01,2,7,0,0,9,59,7
18820,"Crawfordsville, IN",2020-07-01,2,3,2,0,7,66,9
18820,"Crawfordsville, IN",2020-08-01,4,12,0,0,16,82,13
18820,"Crawfordsville, IN",2020-09-01,2,8,0,1,11,93,15
18820,"Crawfordsville, IN",2020-10-01,4,13,8,0,25,118,19
18820,"Crawfordsville, IN",2020-11-01,3,9,1,1,14,132,22
18820,"Crawfordsville, IN",2020-12-01,8,8,5,0,21,153,30
18820,"Crawfordsville, IN",2021-01-01,4,10,4,0,18,171,34
18820,"Crawfordsville, IN",2021-02-01,4,13,3,0,20,191,38
18820,"Crawfordsville, IN",2021-03-01,9,11,3,0,23,214,47
18820,"Crawfordsville, IN",2021-04-01,4,17,6,0,27,241,51
18820,"Crawfordsville, IN",2021-05-01,14,19,6,0,39,280,65
18820,"Crawfordsville, IN",2021-06-01,7,24,3,1,35,315,72
18820,"Crawfordsville, IN",2021-07-01,5,22,5,0,32,347,77
18820,"Crawfordsville, IN",2021-08-01,10,22,4,1,37,384,87
18820,"Crawfordsville, IN",2021-09-01,8,21,7,1,37,421,95
18820,"Crawfordsville, IN",2021-10-01,12,24,7,0,43,464,107
18820,"Crawfordsville, IN",2021-11-01,5,22,2,0,29,493,112
18820,"Crawfordsville, IN",2021-12-01,8,21,5,0,34,527,120
18820,"Crawfordsville, IN",2022-01-01,7,16,8,0,31,558,127
18820,"Crawfordsville, IN",2022-02-01,10,19,4,0,33,591,137
18820,"Crawfordsville, IN",2022-03-01,10,17,7,1,35,626,147
18820,"Crawfordsville, IN",2022-04-01,9,22,6,0,37,663,156
18820,"Crawfordsville, IN",2022-05-01,11,16,5,0,32,695,167
18820,"Crawfordsville, IN",2022-06-01,10,9,3,2,24,719,177
18820,"Crawfordsville, IN",2022-07-01,6,16,2,1,25,744,183
18820,"Crawfordsville, IN",2022-08-01,3,19,4,0,26,770,186
18820,"Crawfordsville, IN",2022-09-01,6,15,6,0,27,797,192
18820,"Crawfordsville, IN",2022-10-01,3,12,5,0,20,817,195
18820,"Crawfordsville, IN",2022-11-01,11,11,7,0,29,846,206
18820,"Crawfordsville, IN",2022-12-01,16,11,4,0,31,877,222
18820,"Crawfordsville, IN",2023-01-01,9,13,6,1,29,906,231
18820,"Crawfordsville, IN",2023-02-01,8,16,5,0,29,935,239
18820,"Crawfordsville, IN",2023-03-01,18,20,5,0,43,978,257
18820,"Crawfordsville, IN",2023-04-01,13,11,5,1,30,1008,270
18820,"Crawfordsville, IN",2023-05-01,10,13,7,0,30,1038,280
18820,"Crawfordsville, IN",2023-06-01,9,17,1,0,27,1065,289
18820,"Crawfordsville, IN",2023-07-01,8,12,3,0,23,1088,297
18820,"Crawfordsville, IN",2023-08-01,4,4,4,0,12,1100,301
18820,"Crawfordsville, IN",2023-09-01,7,16,6,0,29,1129,308
18820,"Crawfordsville, IN",2023-10-01,17,12,5,0,34,1163,325
18820,"Crawfordsville, IN",2023-11-01,20,23,5,0,48,1211,345
18820,"Crawfordsville, IN",2023-12-01,15,20,5,0,40,1251,360
18820,"Crawfordsville, IN",2024-01-01,12,11,2,1,26,1277,372
18820,"Crawfordsville, IN",2024-02-01,11,15,4,1,31,1308,383
18820,"Crawfordsville, IN",2024-03-01,13,10,6,1,30,1338,396
18820,"Crawfordsville, IN",2024-04-01,12,12,4,1,29,1367,408
18820,"Crawfordsville, IN",2024-05-01,10,11,5,0,26,1393,418
18820,"Crawfordsville, IN",2024-06-01,1,9,2,0,12,1405,419
18820,"Crawfordsville, IN",2024-07-01,7,8,2,0,17,1422,426
18820,"Crawfordsville, IN",2024-08-01,7,7,0,0,14,1436,433
18820,"Crawfordsville, IN",2024-09-01,13,11,5,0,29,1465,446
18820,"Crawfordsville, IN",2024-10-01,5,17,0,1,23,1488,451
18820,"Crawfordsville, IN",2024-11-01,13,18,5,1,37,1525,464
18820,"Crawfordsville, IN",2024-12-01,13,12,1,3,29,1554,477
18820,"Crawfordsville, IN",2025-01-01,21,9,7,1,38,1592,498
18820,"Crawfordsville, IN",2025-02-01,17,15,10,0,42,1634,515
18820,"Crawfordsville, IN",2025-03-01,10,19,5,1,35,1669,525
18820,"Crawfordsville, IN",2025-04-01,16,19,5,0,40,1709,541
18820,"Crawfordsville, IN",2025-05-01,23,12,1,1,37,1746,564
18820,"Crawfordsville, IN",2025-06-01,23,17,4,0,44,1790,587
18820,"Crawfordsville, IN",2025-07-01,16,14,4,0,34,1824,603
18820,"Crawfordsville, IN",2025-08-01,9,16,4,0,29,1853,612
35700,"Nogales, AZ",2019-01-01,0,1,0,0,1,1,0
35700,"Nogales, AZ",2019-02-01,0,3,0,0,3,4,0
35700,"Nogales, AZ",2019-04-01,0,1,1,0,2,6,0
35700,"Nogales, AZ",2019-05-01,0,2,2,0,4,10,0
35700,"Nogales, AZ",2019-06-01,0,1,0,0,1,11,0
35700,"Nogales, AZ",2019-07-01,0,2,0,0,2,13,0
35700,"Nogales, AZ",2019-08-01,0,4,2,0,6,19,0
35700,"Nogales, AZ",2019-09-01,0,12,0,0,12,31,0
35700,"Nogales, AZ",2019-10-01,1,3,4,0,8,39,1
35700,"Nogales, AZ",2019-11-01,0,3,2,0,5,44,1
35700,"Nogales, AZ",2019-12-01,1,3,0,0,4,48,2
35700,"Nogales, AZ",2020-01-01,1,8,1,0,10,58,3
35700,"Nogales, AZ",2020-02-01,0,1,1,1,3,61,3
35700,"Nogales, AZ",2020-03-01,3,4,0,0,7,68,6
35700,"Nogales, AZ",2020-04-01,1,13,1,1,16,84,7
35700,"Nogales, AZ",2020-05-01,9,6,4,0,19,103,16
35700,"Nogales, AZ",2020-06-01,9,6,1,0,16,119,25
35700,"Nogales, AZ",2020-07-01,2,6,2,0,10,129,27
35700,"Nogales, AZ",2020-08-01,1,2,2,0,5,134,28
35700,"Nogales, AZ",2020-09-01,1,3,2,0,6,140,29
35700,"Nogales, AZ",2020-10-01,4,5,1,0,10,150,33
35700,"Nogales, AZ",2020-11-01,1,4,1,0,6,156,34
35700,"Nogales, AZ",2020-12-01,3,6,1,0,10,166,37
35700,"Nogales, AZ",2021-01-01,6,10,0,0,16,182,43
35700,"Nogales, AZ",2021-02-01,1,8,0,0,9,191,44
35700,"Nogales, AZ",2021-03-01,6,9,2,0,17,208,50
35700,"Nogales, AZ",2021-04-01,3,12,1,0,16,224,53
35700,"Nogales, AZ",2021-05-01,3,12,2,0,17,241,56
35700,"Nogales, AZ",2021-06-01,3,8,2,1,14,255,59
35700,"Nogales, AZ",2021-07-01,5,8,3,1,17,272,64
35700,"Nogales, AZ",2021-08-01,3,10,4,0,17,289,67
35700,"Nogales, AZ",2021-09-01,1,6,3,1,11,300,68
35700,"Nogales, AZ",2021-10-01,2,8,2,0,12,312,70
35700,"Nogales, AZ",2021-11-01,2,6,2,0,10,322,72
35700,"Nogales, AZ",2021-12-01,3,10,1,0,14,336,75
35700,"Nogales, AZ",2022-01-01,3,9,1,0,13,349,78
35700,"Nogales, AZ",2022-02-01,1,13,2,1,17,366,79
35700,"Nogales, AZ",2022-03-01,2,8,2,0,12,378,81
35700,"Nogales, AZ",2022-04-01,4,8,3,0,15,393,85
35700,"Nogales, AZ",2022-05-01,3,7,1,0,11,404,88
35700,"Nogales, AZ",2022-06-01,2,10,4,0,16,420,90
35700,"Nogales, AZ",2022-07-01,3,7,2,0,12,432,93
35700,"Nogales, AZ",2022-08-01,2,3,0,0,5,437,95
35700,"Nogales, AZ",2022-09-01,3,5,2,0,10,447,98
35700,"Nogales, AZ",2022-10-01,5,4,0,0,9,456,103
35700,"Nogales, AZ",2022-11-01,2,7,2,0,11,467,105
35700,"Nogales, AZ",2022-12-01,5,7,0,0,12,479,110
35700,"Nogales, AZ",2023-01-01,7,7,1,1,16,495,117
35700,"Nogales, AZ",2023-02-01,2,5,0,0,7,502,119
35700,"Nogales, AZ",2023-03-01,6,7,5,1,19,521,125
35700,"Nogales, AZ",2023-04-01,5,6,4,1,16,537,130
35700,"Nogales, AZ",2023-05-01,2,16,1,0,19,556,132
35700,"Nogales, AZ",2023-06-01,5,4,1,0,10,566,137
35700,"Nogales, AZ",2023-07-01,1,4,2,0,7,573,138
35700,"Nogales, AZ",2023-08-01,3,8,0,0,11,584,141
35700,"Nogales, AZ",2023-09-01,3,6,0,0,9,593,144
35700,"Nogales, AZ",2023-10-01,7,6,2,0,15,608,151
35700,"Nogales, AZ",2023-11-01,3,10,2,2,17,625,154
35700,"Nogales, AZ",2023-12-01,7,4,1,0,12,637,161
35700,"Nogales, AZ",2024-01-01,11,8,3,1,23,660,172
35700,"Nogales, AZ",2024-02-01,7,6,3,0,16,676,179
35700,"Nogales, AZ",2024-03-01,7,10,2,0,19,695,186
35700,"Nogales, AZ",2024-04-01,5,4,4,0,13,708,191
35700,"Nogales, AZ",2024-05-01,6,7,3,0,16,724,197
35700,"Nogales, AZ",2024-06-01,0,4,0,0,4,728,197
35700,"Nogales, AZ",2024-07-01,3,6,0,0,9,737,200
35700,"Nogales, AZ",2024-08-01,0,5,1,2,8,745,200
35700,"Nogales, AZ",2024-09-01,4,4,1,0,9,754,204
35700,"Nogales, AZ",2024-10-01,8,14,5,0,27,781,212
35700,"Nogales, AZ",2024-11-01,6,8,2,0,16,797,218
35700,"Nogales, AZ",2024-12-01,5,17,2,2,26,823,223
35700,"Nogales, AZ",2025-01-01,10,10,3,1,24,847,233
35700,"Nogales, AZ",2025-02-01,8,11,1,0,20,867,241
35700,"Nogales, AZ",2025-03-01,7,8,4,1,20,887,248
35700,"Nogales, AZ",2025-04-01,12,19,4,0,35,922,260
35700,"Nogales, AZ",2025-05-01,13,11,6,0,30,952,273
35700,"Nogales, AZ",2025-06-01,11,15,7,1,34,986,284
35700,"Nogales, AZ",2025-07-01,13,12,2,1,28,1014,297
35700,"Nogales, AZ",2025-08-01,6,10,3,0,19,1033,303
29380,"Lake City, FL",2019-01-01,0,3,5,0,8,8,0
29380,"Lake City, FL",2019-02-01,0,7,4,1,12,20,0
29380,"Lake City, FL",2019-03-01,0,9,1,0,10,30,0
29380,"Lake City, FL",2019-04-01,1,13,5,1,20,50,1
29380,"Lake City, FL",2019-05-01,0,16,3,1,20,70,1
29380,"Lake City, FL",2019-06-01,0,15,8,2,25,95,1
29380,"Lake City, FL",2019-07-01,2,24,7,1,34,129,3
29380,"Lake City, FL",2019-08-01,2,12,8,0,22,151,5
29380,"Lake City, FL",2019-09-01,0,19,6,2,27,178,5
29380,"Lake City, FL",2019-10-01,1,15,3,0,19,197,6
29380,"Lake City, FL",2019-11-01,0,20,4,0,24,221,6
29380,"Lake City, FL",2019-12-01,2,10,2,2,16,237,8
29380,"Lake City, FL",2020-01-01,3,19,9,1,32,269,11
29380,"Lake City, FL",2020-02-01,3,11,6,1,21,290,14
29380,"Lake City, FL",2020-03-01,4,31,7,2,44,334,18
29380,"Lake City, FL",2020-04-01,6,30,12,3,51,385,24
29380,"Lake City, FL",2020-05-01,16,35,18,2,71,456,40
29380,"Lake City, FL",2020-06-01,9,29,14,1,53,509,49
29380,"Lake City, FL",2020-07-01,5,27,7,2,41,550,54
29380,"Lake City, FL",2020-08-01,6,42,8,4,60,610,60
29380,"Lake City, FL",2020-09-01,17,35,7,0,59,669,77
29380,"Lake City, FL",2020-10-01,13,31,12,3,59,728,90
29380,"Lake City, FL",2020-11-01,8,27,4,0,39,767,98
29380,"Lake City, FL",2020-12-01,12,37,13,2,64,831,110
29380,"Lake City, FL",2021-01-01,12,37,16,5,70,901,122
29380,"Lake City, FL",2021-02-01,16,29,9,0,54,955,138
29380,"Lake City, FL",2021-03-01,14,65,19,2,100,1055,152
29380,"Lake City, FL",2021-04-01,26,80,14,4,124,1179,178
29380,"Lake City, FL",2021-05-01,23,74,14,2,113,1292,201
29380,"Lake City, FL",2021-06-01,19,66,16,3,104,1396,220
29380,"Lake City, FL",2021-07-01,19,67,15,4,105,1501,239
29380,"Lake City, FL",2021-08-01,14,63,15,2,94,1595,253
29380,"Lake City, FL",2021-09-01,19,57,20,2,98,1693,272
29380,"Lake City, FL",2021-10-01,14,43,15,0,72,1765,286
29380,"Lake City, FL",2021-11-01,19,37,11,2,69,1834,305
29380,"Lake City, FL",2021-12-01,24,47,22,2,95,1929,329
29380,"Lake City, FL",2022-01-01,17,77,18,4,116,2045,346
29380,"Lake City, FL",2022-02-01,19,47,26,2,94,2139,365
29380,"Lake City, FL",2022-03-01,18,74,27,1,120,2259,383
29380,"Lake City, FL",2022-04-01,11,57,12,2,82,2341,394
29380,"Lake City, FL",2022-05-01,26,52,19,0,97,2438,420
29380,"Lake City, FL",2022-06-01,19,50,8,0,77,2515,439
29380,"Lake City, FL",2022-07-01,25,42,10,1,78,2593,464
29380,"Lake City, FL",2022-08-01,23,59,16,3,101,2694,487
29380,"Lake City, FL",2022-09-01,25,59,16,0,100,2794,512
29380,"Lake City, FL",2022-10-01,17,49,19,1,86,2880,529
29380,"Lake City, FL",2022-11-01,21,38,12,1,72,2952,550
29380,"Lake City, FL",2022-12-01,24,56,20,1,101,3053,574
29380,"Lake City, FL",2023-01-01,18,51,16,2,87,3140,592
29380,"Lake City, FL",2023-02-01,15,37,13,2,67,3207,607
29380,"Lake City, FL",2023-03-01,27,68,19,3,117,3324,634
29380,"Lake City, FL",2023-04-01,19,35,17,0,71,3395,653
29380,"Lake City, FL",2023-05-01,12,26,11,3,52,3447,665
29380,"Lake City, FL",2023-06-01,16,25,10,1,52,3499,681
29380,"Lake City, FL",2023-07-01,23,35,4,0,62,3561,704
29380,"Lake City, FL",2023-08-01,16,41,9,1,67,3628,720
29380,"Lake City, FL",2023-09-01,14,32,12,0,58,3686,734
29380,"Lake City, FL",2023-10-01,28,40,20,2,90,3776,762
29380,"Lake City, FL",2023-11-01,21,45,19,2,87,3863,783
29380,"Lake City, FL",2023-12-01,23,53,17,2,95,3958,806
29380,"Lake City, FL",2024-01-01,28,40,18,3,89,4047,834
29380,"Lake City, FL",2024-02-01,38,34,16,2,90,4137,872
29380,"Lake City, FL",2024-03-01,28,50,15,2,95,4232,900
29380,"Lake City, FL",2024-04-01,25,46,7,1,79,4311,925
29380,"Lake City, FL",2024-05-01,18,31,18,1,68,4379,943
29380,"Lake City, FL",2024-06-01,12,25,11,2,50,4429,955
29380,"Lake City, FL",2024-07-01,10,31,5,3,49,4478,965
29380,"Lake City, FL",2024-08-01,25,31,10,4,70,4548,990
29380,"Lake City, FL",2024-09-01,30,53,12,1,96,4644,1020
29380,"Lake City, FL",2024-10-01,31,49,9,2,91,4735,1051
29380,"Lake City, FL",2024-11-01,22,44,18,1,85,4820,1073
29380,"Lake City, FL",2024-12-01,32,42,6,1,81,4901,1105
29380,"Lake City, FL",2025-01-01,27,34,11,1,73,4974,1132
29380,"Lake City, FL",2025-02-01,19,40,13,1,73,5047,1151
29380,"Lake City, FL",2025-03-01,35,39,19,1,94,5141,1186
29380,"Lake City, FL",2025-04-01,39,38,17,1,95,5236,1225
29380,"Lake City, FL",2025-05-01,32,51,11,2,96,5332,1257
29380,"Lake City, FL",2025-06-01,35,46,23,3,107,5439,1292
29380,"Lake City, FL",2025-07-01,23,38,9,2,72,5511,1315
29380,"Lake City, FL",2025-08-01,26,32,13,2,73,5584,1341
29380,"Lake City, FL",2025-09-01,0,3,0,0,3,5587,1341
46700,"Vallejo, CA",2019-01-01,9,139,22,7,177,177,9
46700,"Vallejo, CA",2019-02-01,6,110,32,6,154,331,15
46700,"Vallejo, CA",2019-03-01,9,128,28,6,171,502,24
46700,"Vallejo, CA",2019-04-01,8,131,37,0,176,678,32
46700,"Vallejo, CA",2019-05-01,12,136,30,8,186,864,44
46700,"Vallejo, CA",2019-06-01,3,121,29,1,154,1018,47
46700,"Vallejo, CA",2019-07-01,9,128,34,3,174,1192,56
46700,"Vallejo, CA",2019-08-01,5,117,42,7,171,1363,61
46700,"Vallejo, CA",2019-09-01,13,161,34,3,211,1574,74
46700,"Vallejo, CA",2019-10-01,13,98,25,4,140,1714,87
46700,"Vallejo, CA",2019-11-01,18,82,19,2,121,1835,105
46700,"Vallejo, CA",2019-12-01,18,78,18,3,117,1952,123
46700,"Vallejo, CA",2020-01-01,18,98,23,1,140,2092,141
46700,"Vallejo, CA",2020-02-01,13,81,24,3,121,2213,154
46700,"Vallejo, CA",2020-03-01,13,101,29,6,149,2362,167
46700,"Vallejo, CA",2020-04-01,40,165,61,6,272,2634,207
46700,"Vallejo, CA",2020-05-01,38,178,49,7,272,2906,245
46700,"Vallejo, CA",2020-06-01,51,174,51,3,279,3185,296
46700,"Vallejo, CA",2020-07-01,56,236,56,3,351,3536,352
46700,"Vallejo, CA",2020-08-01,59,256,65,2,382,3918,411
46700,"Vallejo, CA",2020-09-01,47,196,48,8,299,4217,458
46700,"Vallejo, CA",2020-10-01,47,204,42,6,299,4516,505
46700,"Vallejo, CA",2020-11-01,71,218,59,2,350,4866,576
46700,"Vallejo, CA",2020-12-01,31,124,29,3,187,5053,607
46700,"Vallejo, CA",2021-01-01,33,149,45,9,236,5289,640
46700,"Vallejo, CA",2021-02-01,28,108,39,4,179,5468,668
46700,"Vallejo, CA",2021-03-01,46,198,56,8,308,5776,714
46700,"Vallejo, CA",2021-04-01,44,188,57,8,297,6073,758
46700,"Vallejo, CA",2021-05-01,33,150,27,3,213,6286,791
46700,"Vallejo, CA",2021-06-01,34,117,22,1,174,6460,825
46700,"Vallejo, CA",2021-07-01,25,134,26,3,188,6648,850
46700,"Vallejo, CA",2021-08-01,38,155,43,10,246,6894,888
46700,"Vallejo, CA",2021-09-01,46,231,69,7,353,7247,934
46700,"Vallejo, CA",2021-10-01,21,125,56,11,213,7460,955
46700,"Vallejo, CA",2021-11-01,24,93,40,7,164,7624,979
46700,"Vallejo, CA",2021-12-01,27,116,41,4,188,7812,1006
46700,"Vallejo, CA",2022-01-01,61,198,73,8,340,8152,1067
46700,"Vallejo, CA",2022-02-01,16,95,29,6,146,8298,1083
46700,"Vallejo, CA",2022-03-01,12,56,36,7,111,8409,1095
46700,"Vallejo, CA",2022-04-01,14,59,31,5,109,8518,1109
46700,"Vallejo, CA",2022-05-01,15,65,23,3,106,8624,1124
46700,"Vallejo, CA",2022-06-01,20,69,26,9,124,8748,1144
46700,"Vallejo, CA",2022-07-01,15,56,28,6,105,8853,1159
46700,"Vallejo, CA",2022-08-01,86,203,75,8,372,9225,1245
46700,"Vallejo, CA",2022-09-01,63,225,84,9,381,9606,1308
46700,"Vallejo, CA",2022-10-01,30,140,61,6,237,9843,1338
46700,"Vallejo, CA",2022-11-01,54,167,50,15,286,10129,1392
46700,"Vallejo, CA",2022-12-01,56,158,53,6,273,10402,1448
46700,"Vallejo, CA",2023-01-01,26,100,48,18,192,10594,1474
46700,"Vallejo, CA",2023-02-01,20,65,28,18,131,10725,1494
46700,"Vallejo, CA",2023-03-01,40,145,61,9,255,10980,1534
46700,"Vallejo, CA",2023-04-01,19,86,36,9,150,11130,1553
46700,"Vallejo, CA",2023-05-01,18,53,24,4,99,11229,1571
46700,"Vallejo, CA",2023-06-01,15,69,17,3,104,11333,1586
46700,"Vallejo, CA",2023-07-01,9,59,24,7,99,11432,1595
46700,"Vallejo, CA",2023-08-01,15,71,33,7,126,11558,1610
46700,"Vallejo, CA",2023-09-01,12,97,34,11,154,11712,1622
46700,"Vallejo, CA",2023-10-01,19,80,50,10,159,11871,1641
46700,"Vallejo, CA",2023-11-01,15,134,64,17,230,12101,1656
46700,"Vallejo, CA",2023-12-01,28,120,62,9,219,12320,1684
46700,"Vallejo, CA",2024-01-01,17,89,36,6,148,12468,1701
46700,"Vallejo, CA",2024-02-01,11,101,43,5,160,12628,1712
46700,"Vallejo, CA",2024-03-01,26,102,50,10,188,12816,1738
46700,"Vallejo, CA",2024-04-01,24,110,47,11,192,13008,1762
46700,"Vallejo, CA",2024-05-01,25,148,54,8,235,13243,1787
46700,"Vallejo, CA",2024-06-01,15,123,69,13,220,13463,1802
46700,"Vallejo, CA",2024-07-01,40,164,64,13,281,13744,1842
46700,"Vallejo, CA",2024-08-01,25,138,36,7,206,13950,1867
46700,"Vallejo, CA",2024-09-01,35,93,41,3,172,14122,1902
46700,"Vallejo, CA",2024-10-01,26,86,16,1,129,14251,1928
46700,"Vallejo, CA",2024-11-01,19,79,26,4,128,14379,1947
46700,"Vallejo, CA",2024-12-01,19,66,20,2,107,14486,1966
46700,"Vallejo, CA",2025-01-01,19,87,25,6,137,14623,1985
46700,"Vallejo, CA",2025-02-01,21,54,21,3,99,14722,2006
46700,"Vallejo, CA",2025-03-01,18,50,11,2,81,14803,2024
46700,"Vallejo, CA",2025-04-01,13,33,6,0,52,14855,2037
46700,"Vallejo, CA",2025-05-01,30,50,7,0,87,14942,2067
46700,"Vallejo, CA",2025-06-01,15,19,1,0,35,14977,2082
46700,"Vallejo, CA",2025-07-01,22,38,8,0,68,15045,2104
46700,"Vallejo, CA",2025-08-01,8,22,3,0,33,15078,2112
43100,"Sheboygan, WI",2019-01-01,0,4,0,0,4,4,0
43100,"Sheboygan, WI",2019-03-01,0,6,7,2,15,19,0
43100,"Sheboygan, WI",2019-04-01,0,13,6,1,20,39,0
43100,"Sheboygan, WI",2019-05-01,2,21,4,1,28,67,2
43100,"Sheboygan, WI",2019-06-01,0,10,4,0,14,81,2
43100,"Sheboygan, WI",2019-07-01,3,11,2,0,16,97,5
43100,"Sheboygan, WI",2019-08-01,0,15,1,0,16,113,5
43100,"Sheboygan, WI",2019-09-01,1,9,3,0,13,126,6
43100,"Sheboygan, WI",2019-10-01,1,14,5,1,21,147,7
43100,"Sheboygan, WI",2019-11-01,1,10,3,0,14,161,8
43100,"Sheboygan, WI",2019-12-01,1,12,2,0,15,176,9
43100,"Sheboygan, WI",2020-01-01,3,11,2,1,17,193,12
43100,"Sheboygan, WI",2020-02-01,1,11,3,1,16,209,13
43100,"Sheboygan, WI",2020-03-01,6,32,3,1,42,251,19
43100,"Sheboygan, WI",2020-04-01,18,31,12,1,62,313,37
43100,"Sheboygan, WI",2020-05-01,13,29,5,0,47,360,50
43100,"Sheboygan, WI",2020-06-01,13,23,4,0,40,400,63
43100,"Sheboygan, WI",2020-07-01,10,22,8,1,41,441,73
43100,"Sheboygan, WI",2020-08-01,6,20,3,0,29,470,79
43100,"Sheboygan, WI",2020-09-01,10,33,7,0,50,520,89
43100,"Sheboygan, WI",2020-10-01,9,20,4,0,33,553,98
43100,"Sheboygan, WI",2020-11-01,3,24,7,1,35,588,101
43100,"Sheboygan, WI",2020-12-01,15,27,5,1,48,636,116
43100,"Sheboygan, WI",2021-01-01,16,29,7,0,52,688,132
43100,"Sheboygan, WI",2021-02-01,14,21,3,2,40,728,146
43100,"Sheboygan, WI",2021-03-01,37,27,9,1,74,802,183
43100,"Sheboygan, WI",2021-04-01,24,49,15,0,88,890,207
43100,"Sheboygan, WI",2021-05-01,20,45,9,1,75,965,227
43100,"Sheboygan, WI",2021-06-01,17,44,8,1,70,1035,244
43100,"Sheboygan, WI",2021-07-01,22,38,7,0,67,1102,266
43100,"Sheboygan, WI",2021-08-01,13,32,4,1,50,1152,279
43100,"Sheboygan, WI",2021-09-01,12,35,11,0,58,1210,291
43100,"Sheboygan, WI",2021-10-01,10,31,7,1,49,1259,301
43100,"Sheboygan, WI",2021-11-01,10,40,10,1,61,1320,311
43100,"Sheboygan, WI",2021-12-01,23,32,10,0,65,1385,334
43100,"Sheboygan, WI",2022-01-01,33,61,10,1,105,1490,367
43100,"Sheboygan, WI",2022-02-01,15,54,4,0,73,1563,382
43100,"Sheboygan, WI",2022-03-01,26,39,12,1,78,1641,408
43100,"Sheboygan, WI",2022-04-01,21,28,9,1,59,1700,429
43100,"Sheboygan, WI",2022-05-01,23,47,8,1,79,1779,452
43100,"Sheboygan, WI",2022-06-01,20,35,10,0,65,1844,472
43100,"Sheboygan, WI",2022-07-01,24,30,4,0,58,1902,496
43100,"Sheboygan, WI",2022-08-01,23,43,9,1,76,1978,519
43100,"Sheboygan, WI",2022-09-01,22,34,7,0,63,2041,541
43100,"Sheboygan, WI",2022-10-01,23,35,11,0,69,2110,564
43100,"Sheboygan, WI",2022-11-01,23,43,10,0,76,2186,587
43100,"Sheboygan, WI",2022-12-01,24,29,10,1,64,2250,611
43100,"Sheboygan, WI",2023-01-01,30,30,11,0,71,2321,641
43100,"Sheboygan, WI",2023-02-01,22,39,17,2,80,2401,663
43100,"Sheboygan, WI",2023-03-01,29,52,11,0,92,2493,692
43100,"Sheboygan, WI",2023-04-01,25,31,10,2,68,2561,717
43100,"Sheboygan, WI",2023-05-01,19,26,13,3,61,2622,736
43100,"Sheboygan, WI",2023-06-01,23,26,6,0,55,2677,759
43100,"Sheboygan, WI",2023-07-01,23,23,10,2,58,2735,782
43100,"Sheboygan, WI",2023-08-01,16,34,9,0,59,2794,798
43100,"Sheboygan, WI",2023-09-01,20,24,11,0,55,2849,818
43100,"Sheboygan, WI",2023-10-01,19,33,5,1,58,2907,837
43100,"Sheboygan, WI",2023-11-01,10,38,9,2,59,2966,847
43100,"Sheboygan, WI",2023-12-01,18,25,11,1,55,3021,865
43100,"Sheboygan, WI",2024-01-01,33,41,12,1,87,3108,898
43100,"Sheboygan, WI",2024-02-01,35,25,11,1,72,3180,933
43100,"Sheboygan, WI",2024-03-01,33,40,14,0,87,3267,966
43100,"Sheboygan, WI",2024-04-01,19,32,10,1,62,3329,985
43100,"Sheboygan, WI",2024-05-01,15,20,3,2,40,3369,1000
43100,"Sheboygan, WI",2024-06-01,17,22,9,1,49,3418,1017
43100,"Sheboygan, WI",2024-07-01,21,30,11,0,62,3480,1038
43100,"Sheboygan, WI",2024-08-01,13,27,8,0,48,3528,1051
43100,"Sheboygan, WI",2024-09-01,12,14,7,0,33,3561,1063
43100,"Sheboygan, WI",2024-10-01,30,22,8,0,60,3621,1093
43100,"Sheboygan, WI",2024-11-01,17,33,12,1,63,3684,1110
43100,"Sheboygan, WI",2024-12-01,28,33,9,0,70,3754,1138
43100,"Sheboygan, WI",2025-01-01,40,33,9,1,83,3837,1178
43100,"Sheboygan, WI",2025-02-01,37,28,7,0,72,3909,1215
43100,"Sheboygan, WI",2025-03-01,27,36,7,2,72,3981,1242
43100,"Sheboygan, WI",2025-04-01,43,37,8,0,88,4069,1285
43100,"Sheboygan, WI",2025-05-01,47,40,10,1,98,4167,1332
43100,"Sheboygan, WI",2025-06-01,30,34,5,0,69,4236,1362
43100,"Sheboygan, WI",2025-07-01,26,23,8,2,59,4295,1388
43100,"Sheboygan, WI",2025-08-01,20,37,5,0,62,4357,1408
43100,"Sheboygan, WI",2025-09-01,2,0,0,0,2,4359,1410
45500,"Texarkana, TX-AR",2019-01-01,0,7,4,0,11,11,0
45500,"Texarkana, TX-AR",2019-02-01,0,2,0,0,2,13,0
45500,"Texarkana, TX-AR",2019-03-01,0,4,2,0,6,19,0
45500,"Texarkana, TX-AR",2019-04-01,0,13,3,0,16,35,0
45500,"Texarkana, TX-AR",2019-05-01,1,14,6,0,21,56,1
45500,"Texarkana, TX-AR",2019-06-01,1,11,5,1,18,74,2
45500,"Texarkana, TX-AR",2019-07-01,0,15,4,0,19,93,2
45500,"Texarkana, TX-AR",2019-08-01,1,16,4,4,25,118,3
45500,"Texarkana, TX-AR",2019-09-01,2,15,5,1,23,141,5
45500,"Texarkana, TX-AR",2019-10-01,0,15,6,0,21,162,5
45500,"Texarkana, TX-AR",2019-11-01,0,21,4,1,26,188,5
45500,"Texarkana, TX-AR",2019-12-01,0,16,6,0,22,210,5
45500,"Texarkana, TX-AR",2020-01-01,2,17,5,1,25,235,7
45500,"Texarkana, TX-AR",2020-02-01,2,17,8,0,27,262,9
45500,"Texarkana, TX-AR",2020-03-01,2,31,6,1,40,302,11
45500,"Texarkana, TX-AR",2020-04-01,9,38,8,3,58,360,20
45500,"Texarkana, TX-AR",2020-05-01,22,50,19,0,91,451,42
45500,"Texarkana, TX-AR",2020-06-01,11,36,4,0,51,502,53
45500,"Texarkana, TX-AR",2020-07-01,10,48,15,0,73,575,63
45500,"Texarkana, TX-AR",2020-08-01,13,64,16,1,94,669,76
45500,"Texarkana, TX-AR",2020-09-01,22,47,12,3,84,753,98
45500,"Texarkana, TX-AR",2020-10-01,10,50,10,1,71,824,108
45500,"Texarkana, TX-AR",2020-11-01,10,28,3,0,41,865,118
45500,"Texarkana, TX-AR",2020-12-01,8,38,8,0,54,919,126
45500,"Texarkana, TX-AR",2021-01-01,21,55,10,4,90,1009,147
45500,"Texarkana, TX-AR",2021-02-01,11,40,5,4,60,1069,158
45500,"Texarkana, TX-AR",2021-03-01,42,57,20,2,121,1190,200
45500,"Texarkana, TX-AR",2021-04-01,28,83,19,1,131,1321,228
45500,"Texarkana, TX-AR",2021-05-01,34,73,11,0,118,1439,262
45500,"Texarkana, TX-AR",2021-06-01,27,69,9,2,107,1546,289
45500,"Texarkana, TX-AR",2021-07-01,19,70,12,2,103,1649,308
45500,"Texarkana, TX-AR",2021-08-01,21,56,24,2,103,1752,329
45500,"Texarkana, TX-AR",2021-09-01,24,63,13,1,101,1853,353
45500,"Texarkana, TX-AR",2021-10-01,12,53,16,4,85,1938,365
45500,"Texarkana, TX-AR",2021-11-01,22,35,15,1,73,2011,387
45500,"Texarkana, TX-AR",2021-12-01,29,67,12,0,108,2119,416
45500,"Texarkana, TX-AR",2022-01-01,35,76,25,1,137,2256,451
45500,"Texarkana, TX-AR",2022-02-01,20,51,14,0,85,2341,471
45500,"Texarkana, TX-AR",2022-03-01,34,64,13,3,114,2455,505
45500,"Texarkana, TX-AR",2022-04-01,13,69,11,0,93,2548,518
45500,"Texarkana, TX-AR",2022-05-01,23,65,16,1,105,2653,541
45500,"Texarkana, TX-AR",2022-06-01,25,61,12,2,100,2753,566
45500,"Texarkana, TX-AR",2022-07-01,14,50,20,3,87,2840,580
45500,"Texarkana, TX-AR",2022-08-01,16,47,17,3,83,2923,596
45500,"Texarkana, TX-AR",2022-09-01,37,60,16,3,116,3039,633
45500,"Texarkana, TX-AR",2022-10-01,28,67,18,3,116,3155,661
45500,"Texarkana, TX-AR",2022-11-01,34,66,9,1,110,3265,695
45500,"Texarkana, TX-AR",2022-12-01,31,60,22,1,114,3379,726
45500,"Texarkana, TX-AR",2023-01-01,40,61,15,2,118,3497,766
45500,"Texarkana, TX-AR",2023-02-01,35,64,20,1,120,3617,801
45500,"Texarkana, TX-AR",2023-03-01,50,105,29,3,187,3804,851
45500,"Texarkana, TX-AR",2023-04-01,35,61,23,0,119,3923,886
45500,"Texarkana, TX-AR",2023-05-01,25,44,11,1,81,4004,911
45500,"Texarkana, TX-AR",2023-06-01,20,39,8,2,69,4073,931
45500,"Texarkana, TX-AR",2023-07-01,20,42,15,2,79,4152,951
45500,"Texarkana, TX-AR",2023-08-01,18,34,19,0,71,4223,969
45500,"Texarkana, TX-AR",2023-09-01,20,43,17,2,82,4305,989
45500,"Texarkana, TX-AR",2023-10-01,25,57,17,2,101,4406,1014
45500,"Texarkana, TX-AR",2023-11-01,28,53,21,2,104,4510,1042
45500,"Texarkana, TX-AR",2023-12-01,38,44,14,1,97,4607,1080
45500,"Texarkana, TX-AR",2024-01-01,61,67,10,3,141,4748,1141
45500,"Texarkana, TX-AR",2024-02-01,44,66,20,2,132,4880,1185
45500,"Texarkana, TX-AR",2024-03-01,59,66,17,6,148,5028,1244
45500,"Texarkana, TX-AR",2024-04-01,41,49,13,1,104,5132,1285
45500,"Texarkana, TX-AR",2024-05-01,31,43,14,0,88,5220,1316
45500,"Texarkana, TX-AR",2024-06-01,24,43,11,0,78,5298,1340
45500,"Texarkana, TX-AR",2024-07-01,13,38,13,0,64,5362,1353
45500,"Texarkana, TX-AR",2024-08-01,12,26,3,0,41,5403,1365
45500,"Texarkana, TX-AR",2024-09-01,29,52,15,0,96,5499,1394
45500,"Texarkana, TX-AR",2024-10-01,47,84,28,7,166,5665,1441
45500,"Texarkana, TX-AR",2024-11-01,55,65,28,6,154,5819,1496
45500,"Texarkana, TX-AR",2024-12-01,56,80,25,3,164,5983,1552
45500,"Texarkana, TX-AR",2025-01-01,46,55,13,2,116,6099,1598
45500,"Texarkana, TX-AR",2025-02-01,62,63,24,2,151,6250,1660
45500,"Texarkana, TX-AR",2025-03-01,68,86,23,5,182,6432,1728
45500,"Texarkana, TX-AR",2025-04-01,76,92,37,3,208,6640,1804
45500,"Texarkana, TX-AR",2025-05-01,81,92,27,2,202,6842,1885
45500,"Texarkana, TX-AR",2025-06-01,51,88,37,3,179,7021,1936
45500,"Texarkana, TX-AR",2025-07-01,31,63,23,1,118,7139,1967
45500,"Texarkana, TX-AR",2025-08-01,48,63,30,4,145,7284,2015
45500,"Texarkana, TX-AR",2025-09-01,1,1,1,0,3,7287,2016
45000,"Susanville, CA",2019-01-01,0,2,0,0,2,2,0
45000,"Susanville, CA",2019-03-01,0,1,0,0,1,3,0
45000,"Susanville, CA",2019-04-01,0,1,0,0,1,4,0
45000,"Susanville, CA",2019-05-01,0,0,1,0,1,5,0
45000,"Susanville, CA",2019-06-01,0,0,1,0,1,6,0
45000,"Susanville, CA",2019-08-01,1,2,0,0,3,9,1
45000,"Susanville, CA",2019-09-01,0,1,0,0,1,10,1
45000,"Susanville, CA",2019-10-01,0,1,0,0,1,11,1
45000,"Susanville, CA",2019-11-01,2,0,0,0,2,13,3
45000,"Susanville, CA",2020-01-01,0,1,0,0,1,14,3
45000,"Susanville, CA",2020-02-01,0,0,1,1,2,16,3
45000,"Susanville, CA",2020-03-01,0,2,1,0,3,19,3
45000,"Susanville, CA",2020-04-01,0,1,0,0,1,20,3
45000,"Susanville, CA",2020-05-01,1,1,0,0,2,22,4
45000,"Susanville, CA",2020-06-01,0,1,1,0,2,24,4
45000,"Susanville, CA",2020-07-01,1,2,1,0,4,28,5
45000,"Susanville, CA",2020-08-01,0,3,1,0,4,32,5
45000,"Susanville, CA",2020-09-01,1,3,0,0,4,36,6
45000,"Susanville, CA",2020-10-01,1,2,0,0,3,39,7
45000,"Susanville, CA",2020-11-01,1,0,1,0,2,41,8
45000,"Susanville, CA",2020-12-01,1,2,1,0,4,45,9
45000,"Susanville, CA",2021-01-01,0,6,0,0,6,51,9
45000,"Susanville, CA",2021-02-01,0,2,3,0,5,56,9
45000,"Susanville, CA",2021-03-01,3,4,1,1,9,65,12
45000,"Susanville, CA",2021-04-01,11,22,5,0,38,103,23
45000,"Susanville, CA",2021-05-01,7,20,4,0,31,134,30
45000,"Susanville, CA",2021-06-01,3,19,3,1,26,160,33
45000,"Susanville, CA",2021-07-01,3,11,4,0,18,178,36
45000,"Susanville, CA",2021-08-01,5,16,3,0,24,202,41
45000,"Susanville, CA",2021-09-01,4,15,3,0,22,224,45
45000,"Susanville, CA",2021-10-01,3,16,3,1,23,247,48
45000,"Susanville, CA",2021-11-01,5,14,1,1,21,268,53
45000,"Susanville, CA",2021-12-01,4,12,2,0,18,286,57
45000,"Susanville, CA",2022-01-01,6,12,6,0,24,310,63
45000,"Susanville, CA",2022-02-01,3,12,2,0,17,327,66
45000,"Susanville, CA",2022-03-01,5,5,1,0,11,338,71
45000,"Susanville, CA",2022-04-01,6,4,2,0,12,350,77
45000,"Susanville, CA",2022-05-01,5,12,7,0,24,374,82
45000,"Susanville, CA",2022-06-01,2,9,5,1,17,391,84
45000,"Susanville, CA",2022-07-01,0,8,4,1,13,404,84
45000,"Susanville, CA",2022-08-01,8,15,7,0,30,434,92
45000,"Susanville, CA",2022-09-01,7,10,2,0,19,453,99
45000,"Susanville, CA",2022-10-01,5,8,3,0,16,469,104
45000,"Susanville, CA",2022-11-01,7,13,0,0,20,489,111
45000,"Susanville, CA",2022-12-01,3,10,5,1,19,508,114
45000,"Susanville, CA",2023-01-01,4,11,3,1,19,527,118
45000,"Susanville, CA",2023-02-01,6,5,1,0,12,539,124
45000,"Susanville, CA",2023-03-01,4,6,3,2,15,554,128
45000,"Susanville, CA",2023-04-01,8,10,0,0,18,572,136
45000,"Susanville, CA",2023-05-01,3,8,4,0,15,587,139
45000,"Susanville, CA",2023-06-01,5,8,4,2,19,606,144
45000,"Susanville, CA",2023-07-01,3,2,1,0,6,612,147
45000,"Susanville, CA",2023-08-01,4,0,1,0,5,617,151
45000,"Susanville, CA",2023-09-01,2,5,1,1,9,626,153
45000,"Susanville, CA",2023-10-01,6,4,0,0,10,636,159
45000,"Susanville, CA",2023-11-01,3,10,2,0,15,651,162
45000,"Susanville, CA",2023-12-01,3,2,2,1,8,659,165
45000,"Susanville, CA",2024-01-01,3,3,6,0,12,671,168
45000,"Susanville, CA",2024-02-01,8,3,5,0,16,687,176
45000,"Susanville, CA",2024-03-01,2,4,1,0,7,694,178
45000,"Susanville, CA",2024-04-01,2,8,2,0,12,706,180
45000,"Susanville, CA",2024-05-01,4,7,3,0,14,720,184
45000,"Susanville, CA",2024-06-01,1,5,2,0,8,728,185
45000,"Susanville, CA",2024-07-01,1,5,2,0,8,736,186
45000,"Susanville, CA",2024-08-01,5,6,2,0,13,749,191
45000,"Susanville, CA",2024-09-01,2,3,1,1,7,756,193
45000,"Susanville, CA",2024-10-01,3,4,3,1,11,767,196
45000,"Susanville, CA",2024-11-01,4,8,1,1,14,781,200
45000,"Susanville, CA",2024-12-01,4,3,2,0,9,790,204
45000,"Susanville, CA",2025-01-01,7,7,3,0,17,807,211
45000,"Susanville, CA",2025-02-01,4,6,3,0,13,820,215
45000,"Susanville, CA",2025-03-01,7,4,2,0,13,833,222
45000,"Susanville, CA",2025-04-01,3,2,0,0,5,838,225
45000,"Susanville, CA",2025-05-01,4,3,2,1,10,848,229
45000,"Susanville, CA",2025-06-01,8,2,1,0,11,859,237
45000,"Susanville, CA",2025-07-01,2,4,3,2,11,870,239
45000,"Susanville, CA",2025-08-01,3,7,0,0,10,880,242
18880,"Crestview-Fort Walton Beach-Destin, FL",2019-01-01,0,30,5,0,35,35,0
18880,"Crestview-Fort Walton Beach-Destin, FL",2019-02-01,0,53,19,0,72,107,0
18880,"Crestview-Fort Walton Beach-Destin, FL",2019-03-01,2,60,20,0,82,189,2
18880,"Crestview-Fort Walton Beach-Destin, FL",2019-04-01,2,50,14,0,66,255,4
18880,"Crestview-Fort Walton Beach-Destin, FL",2019-05-01,4,90,23,2,119,374,8
18880,"Crestview-Fort Walton Beach-Destin, FL",2019-06-01,2,104,45,1,152,526,10
18880,"Crestview-Fort Walton Beach-Destin, FL",2019-07-01,4,92,31,1,128,654,14
18880,"Crestview-Fort Walton Beach-Destin, FL",2019-08-01,3,100,25,2,130,784,17
18880,"Crestview-Fort Walton Beach-Destin, FL",2019-09-01,4,91,14,4,113,897,21
18880,"Crestview-Fort Walton Beach-Destin, FL",2019-10-01,3,69,20,1,93,990,24
18880,"Crestview-Fort Walton Beach-Destin, FL",2019-11-01,3,66,14,1,84,1074,27
18880,"Crestview-Fort Walton Beach-Destin, FL",2019-12-01,4,53,16,2,75,1149,31
18880,"Crestview-Fort Walton Beach-Destin, FL",2020-01-01,6,63,27,0,96,1245,37
18880,"Crestview-Fort Walton Beach-Destin, FL",2020-02-01,13,76,12,3,104,1349,50
18880,"Crestview-Fort Walton Beach-Destin, FL",2020-03-01,3,99,44,4,150,1499,53
18880,"Crestview-Fort Walton Beach-Destin, FL",2020-04-01,36,173,49,3,261,1760,89
18880,"Crestview-Fort Walton Beach-Destin, FL",2020-05-01,50,157,48,6,261,2021,139
18880,"Crestview-Fort Walton Beach-Destin, FL",2020-06-01,39,185,45,4,273,2294,178
18880,"Crestview-Fort Walton Beach-Destin, FL",2020-07-01,63,247,69,6,385,2679,241
18880,"Crestview-Fort Walton Beach-Destin, FL",2020-08-01,89,363,80,4,536,3215,330
18880,"Crestview-Fort Walton Beach-Destin, FL",2020-09-01,54,268,46,4,372,3587,384
18880,"Crestview-Fort Walton Beach-Destin, FL",2020-10-01,54,200,50,0,304,3891,438
18880,"Crestview-Fort Walton Beach-Destin, FL",2020-11-01,22,134,36,2,194,4085,460
18880,"Crestview-Fort Walton Beach-Destin, FL",2020-12-01,28,127,28,1,184,4269,488
18880,"Crestview-Fort Walton Beach-Destin, FL",2021-01-01,66,178,56,8,308,4577,554
18880,"Crestview-Fort Walton Beach-Destin, FL",2021-02-01,31,126,32,5,194,4771,585
18880,"Crestview-Fort Walton Beach-Destin, FL",2021-03-01,95,263,67,8,433,5204,680
18880,"Crestview-Fort Walton Beach-Destin, FL",2021-04-01,101,306,83,8,498,5702,781
18880,"Crestview-Fort Walton Beach-Destin, FL",2021-05-01,95,378,58,7,538,6240,876
18880,"Crestview-Fort Walton Beach-Destin, FL",2021-06-01,101,312,82,7,502,6742,977
18880,"Crestview-Fort Walton Beach-Destin, FL",2021-07-01,66,296,52,3,417,7159,1043
18880,"Crestview-Fort Walton Beach-Destin, FL",2021-08-01,75,294,50,6,425,7584,1118
18880,"Crestview-Fort Walton Beach-Destin, FL",2021-09-01,74,254,69,5,402,7986,1192
18880,"Crestview-Fort Walton Beach-Destin, FL",2021-10-01,32,147,35,3,217,8203,1224
18880,"Crestview-Fort Walton Beach-Destin, FL",2021-11-01,38,132,30,3,203,8406,1262
18880,"Crestview-Fort Walton Beach-Destin, FL",2021-12-01,59,166,45,6,276,8682,1321
18880,"Crestview-Fort Walton Beach-Destin, FL",2022-01-01,63,212,55,7,337,9019,1384
18880,"Crestview-Fort Walton Beach-Destin, FL",2022-02-01,61,175,47,4,287,9306,1445
18880,"Crestview-Fort Walton Beach-Destin, FL",2022-03-01,89,235,76,7,407,9713,1534
18880,"Crestview-Fort Walton Beach-Destin, FL",2022-04-01,82,206,65,11,364,10077,1616
18880,"Crestview-Fort Walton Beach-Destin, FL",2022-05-01,94,258,77,10,439,10516,1710
18880,"Crestview-Fort Walton Beach-Destin, FL",2022-06-01,121,232,61,7,421,10937,1831
18880,"Crestview-Fort Walton Beach-Destin, FL",2022-07-01,73,216,78,6,373,11310,1904
18880,"Crestview-Fort Walton Beach-Destin, FL",2022-08-01,83,235,60,4,382,11692,1987
18880,"Crestview-Fort Walton Beach-Destin, FL",2022-09-01,73,197,59,3,332,12024,2060
18880,"Crestview-Fort Walton Beach-Destin, FL",2022-10-01,82,194,64,8,348,12372,2142
18880,"Crestview-Fort Walton Beach-Destin, FL",2022-11-01,97,199,50,11,357,12729,2239
18880,"Crestview-Fort Walton Beach-Destin, FL",2022-12-01,91,191,66,7,355,13084,2330
18880,"Crestview-Fort Walton Beach-Destin, FL",2023-01-01,97,198,69,13,377,13461,2427
18880,"Crestview-Fort Walton Beach-Destin, FL",2023-02-01,84,146,50,6,286,13747,2511
18880,"Crestview-Fort Walton Beach-Destin, FL",2023-03-01,110,232,72,7,421,14168,2621
18880,"Crestview-Fort Walton Beach-Destin, FL",2023-04-01,93,172,72,9,346,14514,2714
18880,"Crestview-Fort Walton Beach-Destin, FL",2023-05-01,60,135,30,2,227,14741,2774
18880,"Crestview-Fort Walton Beach-Destin, FL",2023-06-01,86,167,42,6,301,15042,2860
18880,"Crestview-Fort Walton Beach-Destin, FL",2023-07-01,87,186,49,4,326,15368,2947
18880,"Crestview-Fort Walton Beach-Destin, FL",2023-08-01,74,124,46,3,247,15615,3021
18880,"Crestview-Fort Walton Beach-Destin, FL",2023-09-01,74,149,39,6,268,15883,3095
18880,"Crestview-Fort Walton Beach-Destin, FL",2023-10-01,70,166,40,4,280,16163,3165
18880,"Crestview-Fort Walton Beach-Destin, FL",2023-11-01,88,185,52,5,330,16493,3253
18880,"Crestview-Fort Walton Beach-Destin, FL",2023-12-01,91,166,56,6,319,16812,3344
18880,"Crestview-Fort Walton Beach-Destin, FL",2024-01-01,92,185,59,3,339,17151,3436
18880,"Crestview-Fort Walton Beach-Destin, FL",2024-02-01,108,167,57,8,340,17491,3544
18880,"Crestview-Fort Walton Beach-Destin, FL",2024-03-01,127,175,61,9,372,17863,3671
18880,"Crestview-Fort Walton Beach-Destin, FL",2024-04-01,97,195,53,4,349,18212,3768
18880,"Crestview-Fort Walton Beach-Destin, FL",2024-05-01,111,163,55,0,329,18541,3879
18880,"Crestview-Fort Walton Beach-Destin, FL",2024-06-01,106,202,53,4,365,18906,3985
18880,"Crestview-Fort Walton Beach-Destin, FL",2024-07-01,94,179,52,8,333,19239,4079
18880,"Crestview-Fort Walton Beach-Destin, FL",2024-08-01,113,242,70,4,429,19668,4192
18880,"Crestview-Fort Walton Beach-Destin, FL",2024-09-01,93,157,53,2,305,19973,4285
18880,"Crestview-Fort Walton Beach-Destin, FL",2024-10-01,108,191,73,8,380,20353,4393
18880,"Crestview-Fort Walton Beach-Destin, FL",2024-11-01,92,222,56,8,378,20731,4485
18880,"Crestview-Fort Walton Beach-Destin, FL",2024-12-01,79,169,69,6,323,21054,4564
18880,"Crestview-Fort Walton Beach-Destin, FL",2025-01-01,92,153,50,6,301,21355,4656
18880,"Crestview-Fort Walton Beach-Destin, FL",2025-02-01,56,90,35,2,183,21538,4712
18880,"Crestview-Fort Walton Beach-Destin, FL",2025-03-01,101,145,49,6,301,21839,4813
18880,"Crestview-Fort Walton Beach-Destin, FL",2025-04-01,109,182,46,3,340,22179,4922
18880,"Crestview-Fort Walton Beach-Destin, FL",2025-05-01,113,188,60,4,365,22544,5035
18880,"Crestview-Fort Walton Beach-Destin, FL",2025-06-01,133,189,63,10,395,22939,5168
18880,"Crestview-Fort Walton Beach-Destin, FL",2025-07-01,121,207,57,4,389,23328,5289
18880,"Crestview-Fort Walton Beach-Destin, FL",2025-08-01,107,145,52,4,308,23636,5396
18880,"Crestview-Fort Walton Beach-Destin, FL",2025-09-01,3,1,2,1,7,23643,5399
33020,"Mexico, MO",2019-03-01,0,0,1,0,1,1,0
33020,"Mexico, MO",2019-04-01,0,2,0,0,2,3,0
33020,"Mexico, MO",2019-05-01,1,3,0,0,4,7,1
33020,"Mexico, MO",2019-06-01,0,2,0,0,2,9,1
33020,"Mexico, MO",2019-07-01,0,1,0,0,1,10,1
33020,"Mexico, MO",2020-02-01,1,1,0,0,2,12,2
33020,"Mexico, MO",2020-04-01,0,1,1,0,2,14,2
33020,"Mexico, MO",2020-06-01,0,3,1,0,4,18,2
33020,"Mexico, MO",2020-07-01,0,2,1,0,3,21,2
33020,"Mexico, MO",2020-08-01,0,2,1,0,3,24,2
33020,"Mexico, MO",2020-09-01,1,3,1,0,5,29,3
33020,"Mexico, MO",2020-10-01,0,3,1,0,4,33,3
33020,"Mexico, MO",2020-11-01,0,1,1,0,2,35,3
33020,"Mexico, MO",2020-12-01,0,1,0,0,1,36,3
33020,"Mexico, MO",2021-01-01,2,0,1,0,3,39,5
33020,"Mexico, MO",2021-02-01,0,2,1,0,3,42,5
33020,"Mexico, MO",2021-03-01,1,4,0,0,5,47,6
33020,"Mexico, MO",2021-04-01,1,6,1,0,8,55,7
33020,"Mexico, MO",2021-05-01,1,4,2,0,7,62,8
33020,"Mexico, MO",2021-06-01,7,13,6,0,26,88,15
33020,"Mexico, MO",2021-07-01,3,11,2,0,16,104,18
33020,"Mexico, MO",2021-08-01,2,9,3,0,14,118,20
33020,"Mexico, MO",2021-09-01,1,12,1,0,14,132,21
33020,"Mexico, MO",2021-10-01,2,8,3,0,13,145,23
33020,"Mexico, MO",2021-11-01,3,4,2,0,9,154,26
33020,"Mexico, MO",2021-12-01,4,11,2,0,17,171,30
33020,"Mexico, MO",2022-01-01,4,14,2,0,20,191,34
33020,"Mexico, MO",2022-02-01,6,8,2,0,16,207,40
33020,"Mexico, MO",2022-03-01,4,18,4,1,27,234,44
33020,"Mexico, MO",2022-04-01,9,9,2,0,20,254,53
33020,"Mexico, MO",2022-05-01,2,18,4,0,24,278,55
33020,"Mexico, MO",2022-06-01,1,16,2,0,19,297,56
33020,"Mexico, MO",2022-07-01,7,10,1,1,19,316,63
33020,"Mexico, MO",2022-08-01,6,11,7,0,24,340,69
33020,"Mexico, MO",2022-09-01,6,12,3,0,21,361,75
33020,"Mexico, MO",2022-10-01,2,6,3,0,11,372,77
33020,"Mexico, MO",2022-11-01,3,2,4,0,9,381,80
33020,"Mexico, MO",2022-12-01,3,11,2,0,16,397,83
33020,"Mexico, MO",2023-01-01,6,10,5,1,22,419,89
33020,"Mexico, MO",2023-02-01,4,11,4,1,20,439,93
33020,"Mexico, MO",2023-03-01,9,8,2,0,19,458,102
33020,"Mexico, MO",2023-04-01,4,6,1,0,11,469,106
33020,"Mexico, MO",2023-05-01,3,10,2,0,15,484,109
33020,"Mexico, MO",2023-06-01,1,14,2,1,18,502,110
33020,"Mexico, MO",2023-07-01,2,3,2,0,7,509,112
33020,"Mexico, MO",2023-08-01,6,9,2,0,17,526,118
33020,"Mexico, MO",2023-09-01,3,10,3,0,16,542,121
33020,"Mexico, MO",2023-10-01,2,5,3,0,10,552,123
33020,"Mexico, MO",2023-11-01,9,15,3,0,27,579,132
33020,"Mexico, MO",2023-12-01,3,7,0,0,10,589,135
33020,"Mexico, MO",2024-01-01,7,11,6,0,24,613,142
33020,"Mexico, MO",2024-02-01,12,9,1,0,22,635,154
33020,"Mexico, MO",2024-03-01,4,4,1,0,9,644,158
33020,"Mexico, MO",2024-04-01,5,10,5,1,21,665,163
33020,"Mexico, MO",2024-05-01,2,11,5,0,18,683,165
33020,"Mexico, MO",2024-06-01,4,6,1,0,11,694,169
33020,"Mexico, MO",2024-07-01,4,4,0,1,9,703,173
33020,"Mexico, MO",2024-08-01,8,21,4,1,34,737,181
33020,"Mexico, MO",2024-09-01,8,5,3,0,16,753,189
33020,"Mexico, MO",2024-10-01,4,18,3,0,25,778,193
33020,"Mexico, MO",2024-11-01,2,3,2,0,7,785,195
33020,"Mexico, MO",2024-12-01,7,13,6,0,26,811,202
33020,"Mexico, MO",2025-01-01,7,7,4,0,18,829,209
33020,"Mexico, MO",2025-02-01,7,5,3,0,15,844,216
33020,"Mexico, MO",2025-03-01,7,6,3,0,16,860,223
33020,"Mexico, MO",2025-04-01,5,4,3,0,12,872,228
33020,"Mexico, MO",2025-05-01,12,8,0,0,20,892,240
33020,"Mexico, MO",2025-06-01,4,9,2,1,16,908,244
33020,"Mexico, MO",2025-07-01,6,7,2,0,15,923,250
33020,"Mexico, MO",2025-08-01,1,5,1,0,7,930,251
16020,"Cape Girardeau, MO-IL",2019-01-01,0,1,0,0,1,1,0
16020,"Cape Girardeau, MO-IL",2019-02-01,0,1,2,1,4,5,0
16020,"Cape Girardeau, MO-IL",2019-03-01,1,3,2,0,6,11,1
16020,"Cape Girardeau, MO-IL",2019-04-01,0,13,8,0,21,32,1
16020,"Cape Girardeau, MO-IL",2019-05-01,0,27,6,1,34,66,1
16020,"Cape Girardeau, MO-IL",2019-06-01,0,24,4,1,29,95,1
16020,"Cape Girardeau, MO-IL",2019-07-01,1,24,2,1,28,123,2
16020,"Cape Girardeau, MO-IL",2019-08-01,1,20,3,2,26,149,3
16020,"Cape Girardeau, MO-IL",2019-09-01,4,27,4,0,35,184,7
16020,"Cape Girardeau, MO-IL",2019-10-01,3,16,3,0,22,206,10
16020,"Cape Girardeau, MO-IL",2019-11-01,4,27,7,0,38,244,14
16020,"Cape Girardeau, MO-IL",2019-12-01,0,23,5,0,28,272,14
16020,"Cape Girardeau, MO-IL",2020-01-01,1,20,6,1,28,300,15
16020,"Cape Girardeau, MO-IL",2020-02-01,4,24,5,0,33,333,19
16020,"Cape Girardeau, MO-IL",2020-03-01,3,35,6,2,46,379,22
16020,"Cape Girardeau, MO-IL",2020-04-01,10,47,12,0,69,448,32
16020,"Cape Girardeau, MO-IL",2020-05-01,36,58,7,1,102,550,68
16020,"Cape Girardeau, MO-IL",2020-06-01,8,46,2,1,57,607,76
16020,"Cape Girardeau, MO-IL",2020-07-01,23,67,9,0,99,706,99
16020,"Cape Girardeau, MO-IL",2020-08-01,23,70,6,0,99,805,122
16020,"Cape Girardeau, MO-IL",2020-09-01,13,52,6,1,72,877,135
16020,"Cape Girardeau, MO-IL",2020-10-01,19,44,6,0,69,946,154
16020,"Cape Girardeau, MO-IL",2020-11-01,14,54,7,0,75,1021,168
16020,"Cape Girardeau, MO-IL",2020-12-01,18,49,8,1,76,1097,186
16020,"Cape Girardeau, MO-IL",2021-01-01,33,69,13,2,117,1214,219
16020,"Cape Girardeau, MO-IL",2021-02-01,22,66,17,3,108,1322,241
16020,"Cape Girardeau, MO-IL",2021-03-01,58,95,25,5,183,1505,299
16020,"Cape Girardeau, MO-IL",2021-04-01,43,93,6,0,142,1647,342
16020,"Cape Girardeau, MO-IL",2021-05-01,28,66,15,0,109,1756,370
16020,"Cape Girardeau, MO-IL",2021-06-01,27,65,11,0,103,1859,397
16020,"Cape Girardeau, MO-IL",2021-07-01,28,82,17,0,127,1986,425
16020,"Cape Girardeau, MO-IL",2021-08-01,36,78,18,1,133,2119,461
16020,"Cape Girardeau, MO-IL",2021-09-01,16,71,24,0,111,2230,477
16020,"Cape Girardeau, MO-IL",2021-10-01,22,67,21,1,111,2341,499
16020,"Cape Girardeau, MO-IL",2021-11-01,24,39,17,0,80,2421,523
16020,"Cape Girardeau, MO-IL",2021-12-01,33,64,25,3,125,2546,556
16020,"Cape Girardeau, MO-IL",2022-01-01,49,97,16,2,164,2710,605
16020,"Cape Girardeau, MO-IL",2022-02-01,29,62,17,1,109,2819,634
16020,"Cape Girardeau, MO-IL",2022-03-01,39,69,15,3,126,2945,673
16020,"Cape Girardeau, MO-IL",2022-04-01,35,58,19,0,112,3057,708
16020,"Cape Girardeau, MO-IL",2022-05-01,36,63,20,0,119,3176,744
16020,"Cape Girardeau, MO-IL",2022-06-01,23,42,9,0,74,3250,767
16020,"Cape Girardeau, MO-IL",2022-07-01,28,73,16,1,118,3368,795
16020,"Cape Girardeau, MO-IL",2022-08-01,37,61,16,4,118,3486,832
16020,"Cape Girardeau, MO-IL",2022-09-01,34,47,13,3,97,3583,866
16020,"Cape Girardeau, MO-IL",2022-10-01,43,63,18,0,124,3707,909
16020,"Cape Girardeau, MO-IL",2022-11-01,33,72,21,2,128,3835,942
16020,"Cape Girardeau, MO-IL",2022-12-01,46,47,17,0,110,3945,988
16020,"Cape Girardeau, MO-IL",2023-01-01,40,51,23,2,116,4061,1028
16020,"Cape Girardeau, MO-IL",2023-02-01,43,40,22,0,105,4166,1071
16020,"Cape Girardeau, MO-IL",2023-03-01,57,102,22,3,184,4350,1128
16020,"Cape Girardeau, MO-IL",2023-04-01,35,51,20,2,108,4458,1163
16020,"Cape Girardeau, MO-IL",2023-05-01,24,34,12,0,70,4528,1187
16020,"Cape Girardeau, MO-IL",2023-06-01,24,33,17,2,76,4604,1211
16020,"Cape Girardeau, MO-IL",2023-07-01,25,45,10,2,82,4686,1236
16020,"Cape Girardeau, MO-IL",2023-08-01,27,27,15,0,69,4755,1263
16020,"Cape Girardeau, MO-IL",2023-09-01,30,41,20,3,94,4849,1293
16020,"Cape Girardeau, MO-IL",2023-10-01,30,51,18,1,100,4949,1323
16020,"Cape Girardeau, MO-IL",2023-11-01,56,71,17,1,145,5094,1379
16020,"Cape Girardeau, MO-IL",2023-12-01,79,68,20,3,170,5264,1458
16020,"Cape Girardeau, MO-IL",2024-01-01,65,84,16,0,165,5429,1523
16020,"Cape Girardeau, MO-IL",2024-02-01,60,56,24,2,142,5571,1583
16020,"Cape Girardeau, MO-IL",2024-03-01,75,58,21,3,157,5728,1658
16020,"Cape Girardeau, MO-IL",2024-04-01,33,36,13,2,84,5812,1691
16020,"Cape Girardeau, MO-IL",2024-05-01,31,35,8,1,75,5887,1722
16020,"Cape Girardeau, MO-IL",2024-06-01,33,34,8,0,75,5962,1755
16020,"Cape Girardeau, MO-IL",2024-07-01,20,33,4,0,57,6019,1775
16020,"Cape Girardeau, MO-IL",2024-08-01,29,44,18,2,93,6112,1804
16020,"Cape Girardeau, MO-IL",2024-09-01,46,45,6,3,100,6212,1850
16020,"Cape Girardeau, MO-IL",2024-10-01,63,61,12,5,141,6353,1913
16020,"Cape Girardeau, MO-IL",2024-11-01,79,48,21,1,149,6502,1992
16020,"Cape Girardeau, MO-IL",2024-12-01,83,70,18,4,175,6677,2075
16020,"Cape Girardeau, MO-IL",2025-01-01,53,62,19,0,134,6811,2128
16020,"Cape Girardeau, MO-IL",2025-02-01,74,60,18,1,153,6964,2202
16020,"Cape Girardeau, MO-IL",2025-03-01,93,67,15,2,177,7141,2295
16020,"Cape Girardeau, MO-IL",2025-04-01,66,69,14,4,153,7294,2361
16020,"Cape Girardeau, MO-IL",2025-05-01,49,40,12,3,104,7398,2410
16020,"Cape Girardeau, MO-IL",2025-06-01,29,29,8,0,66,7464,2439
16020,"Cape Girardeau, MO-IL",2025-07-01,41,25,7,2,75,7539,2480
16020,"Cape Girardeau, MO-IL",2025-08-01,64,50,17,0,131,7670,2544
16020,"Cape Girardeau, MO-IL",2025-09-01,1,1,1,0,3,7673,2545
14500,"Boulder, CO",2019-01-01,9,150,23,2,184,184,9
14500,"Boulder, CO",2019-02-01,7,149,28,2,186,370,16
14500,"Boulder, CO",2019-03-01,13,116,39,5,173,543,29
14500,"Boulder, CO",2019-04-01,14,162,22,1,199,742,43
14500,"Boulder, CO",2019-05-01,22,220,19,1,262,1004,65
14500,"Boulder, CO",2019-06-01,19,196,27,0,242,1246,84
14500,"Boulder, CO",2019-07-01,20,160,19,5,204,1450,104
14500,"Boulder, CO",2019-08-01,18,156,25,6,205,1655,122
14500,"Boulder, CO",2019-09-01,25,169,29,3,226,1881,147
14500,"Boulder, CO",2019-10-01,16,185,33,9,243,2124,163
14500,"Boulder, CO",2019-11-01,25,162,20,10,217,2341,188
14500,"Boulder, CO",2019-12-01,23,121,21,0,165,2506,211
14500,"Boulder, CO",2020-01-01,25,135,34,4,198,2704,236
14500,"Boulder, CO",2020-02-01,43,170,42,13,268,2972,279
14500,"Boulder, CO",2020-03-01,41,226,72,16,355,3327,320
14500,"Boulder, CO",2020-04-01,147,347,75,7,576,3903,467
14500,"Boulder, CO",2020-05-01,326,564,66,11,967,4870,793
14500,"Boulder, CO",2020-06-01,207,462,42,3,714,5584,1000
14500,"Boulder, CO",2020-07-01,178,423,54,7,662,6246,1178
14500,"Boulder, CO",2020-08-01,133,416,62,11,622,6868,1311
14500,"Boulder, CO",2020-09-01,138,388,59,4,589,7457,1449
14500,"Boulder, CO",2020-10-01,149,370,58,6,583,8040,1598
14500,"Boulder, CO",2020-11-01,65,140,31,4,240,8280,1663
14500,"Boulder, CO",2020-12-01,57,101,7,2,167,8447,1720
14500,"Boulder, CO",2021-01-01,125,217,31,3,376,8823,1845
14500,"Boulder, CO",2021-02-01,55,120,27,2,204,9027,1900
14500,"Boulder, CO",2021-03-01,174,280,43,5,502,9529,2074
14500,"Boulder, CO",2021-04-01,163,318,31,8,520,10049,2237
14500,"Boulder, CO",2021-05-01,238,335,53,4,630,10679,2475
14500,"Boulder, CO",2021-06-01,210,401,63,7,681,11360,2685
14500,"Boulder, CO",2021-07-01,144,278,62,8,492,11852,2829
14500,"Boulder, CO",2021-08-01,104,287,48,2,441,12293,2933
14500,"Boulder, CO",2021-09-01,108,312,78,10,508,12801,3041
14500,"Boulder, CO",2021-10-01,63,166,40,7,276,13077,3104
14500,"Boulder, CO",2021-11-01,48,159,26,5,238,13315,3152
14500,"Boulder, CO",2021-12-01,125,214,47,14,400,13715,3277
14500,"Boulder, CO",2022-01-01,232,363,83,9,687,14402,3509
14500,"Boulder, CO",2022-02-01,172,314,67,8,561,14963,3681
14500,"Boulder, CO",2022-03-01,163,280,67,10,520,15483,3844
14500,"Boulder, CO",2022-04-01,71,161,46,9,287,15770,3915
14500,"Boulder, CO",2022-05-01,140,176,30,3,349,16119,4055
14500,"Boulder, CO",2022-06-01,81,119,23,1,224,16343,4136
14500,"Boulder, CO",2022-07-01,91,127,38,3,259,16602,4227
14500,"Boulder, CO",2022-08-01,161,287,66,9,523,17125,4388
14500,"Boulder, CO",2022-09-01,161,279,74,8,522,17647,4549
14500,"Boulder, CO",2022-10-01,106,212,47,9,374,18021,4655
14500,"Boulder, CO",2022-11-01,154,222,72,8,456,18477,4809
14500,"Boulder, CO",2022-12-01,189,194,55,1,439,18916,4998
14500,"Boulder, CO",2023-01-01,168,269,56,7,500,19416,5166
14500,"Boulder, CO",2023-02-01,150,206,66,7,429,19845,5316
14500,"Boulder, CO",2023-03-01,210,236,83,4,533,20378,5526
14500,"Boulder, CO",2023-04-01,142,178,53,6,379,20757,5668
14500,"Boulder, CO",2023-05-01,94,163,32,3,292,21049,5762
14500,"Boulder, CO",2023-06-01,65,69,14,1,149,21198,5827
14500,"Boulder, CO",2023-07-01,50,89,14,0,153,21351,5877
14500,"Boulder, CO",2023-08-01,92,144,33,4,273,21624,5969
14500,"Boulder, CO",2023-09-01,151,260,56,8,475,22099,6120
14500,"Boulder, CO",2023-10-01,167,295,97,10,569,22668,6287
14500,"Boulder, CO",2023-11-01,138,322,111,12,583,23251,6425
14500,"Boulder, CO",2023-12-01,151,295,94,25,565,23816,6576
14500,"Boulder, CO",2024-01-01,184,361,107,20,672,24488,6760
14500,"Boulder, CO",2024-02-01,147,304,111,15,577,25065,6907
14500,"Boulder, CO",2024-03-01,145,305,77,14,541,25606,7052
14500,"Boulder, CO",2024-04-01,118,261,83,12,474,26080,7170
14500,"Boulder, CO",2024-05-01,150,405,115,19,689,26769,7320
14500,"Boulder, CO",2024-06-01,70,246,82,12,410,27179,7390
14500,"Boulder, CO",2024-07-01,56,291,75,11,433,27612,7446
14500,"Boulder, CO",2024-08-01,71,357,104,12,544,28156,7517
14500,"Boulder, CO",2024-09-01,57,387,120,19,583,28739,7574
14500,"Boulder, CO",2024-10-01,58,420,97,4,579,29318,7632
14500,"Boulder, CO",2024-11-01,67,309,95,6,477,29795,7699
14500,"Boulder, CO",2024-12-01,61,322,61,8,452,30247,7760
14500,"Boulder, CO",2025-01-01,111,387,59,6,563,30810,7871
14500,"Boulder, CO",2025-02-01,188,438,61,5,692,31502,8059
14500,"Boulder, CO",2025-03-01,136,299,58,3,496,31998,8195
14500,"Boulder, CO",2025-04-01,71,184,24,1,280,32278,8266
14500,"Boulder, CO",2025-05-01,145,182,32,0,359,32637,8411
14500,"Boulder, CO",2025-06-01,157,175,38,2,372,33009,8568
14500,"Boulder, CO",2025-07-01,106,141,27,2,276,33285,8674
14500,"Boulder, CO",2025-08-01,71,106,18,2,197,33482,8745
14500,"Boulder, CO",2025-09-01,5,4,0,0,9,33491,8750
43140,"Shelby-Kings Mountain, NC",2019-01-01,0,26,8,0,34,34,0
43140,"Shelby-Kings Mountain, NC",2019-02-01,0,21,3,0,24,58,0
43140,"Shelby-Kings Mountain, NC",2019-03-01,0,21,6,0,27,85,0
43140,"Shelby-Kings Mountain, NC",2019-04-01,2,31,8,0,41,126,2
43140,"Shelby-Kings Mountain, NC",2019-05-01,1,32,6,2,41,167,3
43140,"Shelby-Kings Mountain, NC",2019-06-01,0,29,8,0,37,204,3
43140,"Shelby-Kings Mountain, NC",2019-07-01,1,47,10,1,59,263,4
43140,"Shelby-Kings Mountain, NC",2019-08-01,5,52,10,0,67,330,9
43140,"Shelby-Kings Mountain, NC",2019-09-01,1,41,14,2,58,388,10
43140,"Shelby-Kings Mountain, NC",2019-10-01,1,22,5,1,29,417,11
43140,"Shelby-Kings Mountain, NC",2019-11-01,3,29,9,2,43,460,14
43140,"Shelby-Kings Mountain, NC",2019-12-01,0,31,8,1,40,500,14
43140,"Shelby-Kings Mountain, NC",2020-01-01,2,38,11,1,52,552,16
43140,"Shelby-Kings Mountain, NC",2020-02-01,6,29,12,1,48,600,22
43140,"Shelby-Kings Mountain, NC",2020-03-01,7,41,13,1,62,662,29
43140,"Shelby-Kings Mountain, NC",2020-04-01,19,85,21,2,127,789,48
43140,"Shelby-Kings Mountain, NC",2020-05-01,33,112,22,1,168,957,81
43140,"Shelby-Kings Mountain, NC",2020-06-01,23,77,16,4,120,1077,104
43140,"Shelby-Kings Mountain, NC",2020-07-01,20,94,24,4,142,1219,124
43140,"Shelby-Kings Mountain, NC",2020-08-01,16,126,22,2,166,1385,140
43140,"Shelby-Kings Mountain, NC",2020-09-01,22,115,24,1,162,1547,162
43140,"Shelby-Kings Mountain, NC",2020-10-01,14,83,18,1,116,1663,176
43140,"Shelby-Kings Mountain, NC",2020-11-01,14,79,9,2,104,1767,190
43140,"Shelby-Kings Mountain, NC",2020-12-01,14,69,17,0,100,1867,204
43140,"Shelby-Kings Mountain, NC",2021-01-01,56,149,36,3,244,2111,260
43140,"Shelby-Kings Mountain, NC",2021-02-01,37,118,22,2,179,2290,297
43140,"Shelby-Kings Mountain, NC",2021-03-01,46,119,35,5,205,2495,343
43140,"Shelby-Kings Mountain, NC",2021-04-01,53,145,38,4,240,2735,396
43140,"Shelby-Kings Mountain, NC",2021-05-01,44,161,47,2,254,2989,440
43140,"Shelby-Kings Mountain, NC",2021-06-01,47,163,41,4,255,3244,487
43140,"Shelby-Kings Mountain, NC",2021-07-01,36,111,39,6,192,3436,523
43140,"Shelby-Kings Mountain, NC",2021-08-01,46,145,42,5,238,3674,569
43140,"Shelby-Kings Mountain, NC",2021-09-01,41,145,57,2,245,3919,610
43140,"Shelby-Kings Mountain, NC",2021-10-01,27,89,34,5,155,4074,637
43140,"Shelby-Kings Mountain, NC",2021-11-01,35,111,40,2,188,4262,672
43140,"Shelby-Kings Mountain, NC",2021-12-01,55,122,37,0,214,4476,727
43140,"Shelby-Kings Mountain, NC",2022-01-01,64,148,54,3,269,4745,791
43140,"Shelby-Kings Mountain, NC",2022-02-01,43,106,47,2,198,4943,834
43140,"Shelby-Kings Mountain, NC",2022-03-01,59,155,44,4,262,5205,893
43140,"Shelby-Kings Mountain, NC",2022-04-01,35,129,31,2,197,5402,928
43140,"Shelby-Kings Mountain, NC",2022-05-01,53,139,48,3,243,5645,981
43140,"Shelby-Kings Mountain, NC",2022-06-01,32,82,24,6,144,5789,1013
43140,"Shelby-Kings Mountain, NC",2022-07-01,35,98,33,2,168,5957,1048
43140,"Shelby-Kings Mountain, NC",2022-08-01,36,108,34,2,180,6137,1084
43140,"Shelby-Kings Mountain, NC",2022-09-01,27,95,27,1,150,6287,1111
43140,"Shelby-Kings Mountain, NC",2022-10-01,37,79,36,4,156,6443,1148
43140,"Shelby-Kings Mountain, NC",2022-11-01,32,89,37,6,164,6607,1180
43140,"Shelby-Kings Mountain, NC",2022-12-01,42,80,45,1,168,6775,1222
43140,"Shelby-Kings Mountain, NC",2023-01-01,42,101,30,4,177,6952,1264
43140,"Shelby-Kings Mountain, NC",2023-02-01,40,99,33,2,174,7126,1304
43140,"Shelby-Kings Mountain, NC",2023-03-01,54,112,43,5,214,7340,1358
43140,"Shelby-Kings Mountain, NC",2023-04-01,52,130,48,3,233,7573,1410
43140,"Shelby-Kings Mountain, NC",2023-05-01,38,90,32,6,166,7739,1448
43140,"Shelby-Kings Mountain, NC",2023-06-01,22,41,20,0,83,7822,1470
43140,"Shelby-Kings Mountain, NC",2023-07-01,17,30,11,2,60,7882,1487
43140,"Shelby-Kings Mountain, NC",2023-08-01,28,67,23,4,122,8004,1515
43140,"Shelby-Kings Mountain, NC",2023-09-01,54,102,38,2,196,8200,1569
43140,"Shelby-Kings Mountain, NC",2023-10-01,41,99,42,2,184,8384,1610
43140,"Shelby-Kings Mountain, NC",2023-11-01,61,89,49,5,204,8588,1671
43140,"Shelby-Kings Mountain, NC",2023-12-01,51,104,40,7,202,8790,1722
43140,"Shelby-Kings Mountain, NC",2024-01-01,61,118,33,3,215,9005,1783
43140,"Shelby-Kings Mountain, NC",2024-02-01,52,84,35,6,177,9182,1835
43140,"Shelby-Kings Mountain, NC",2024-03-01,54,102,34,4,194,9376,1889
43140,"Shelby-Kings Mountain, NC",2024-04-01,66,97,20,10,193,9569,1955
43140,"Shelby-Kings Mountain, NC",2024-05-01,74,123,45,4,246,9815,2029
43140,"Shelby-Kings Mountain, NC",2024-06-01,67,104,41,5,217,10032,2096
43140,"Shelby-Kings Mountain, NC",2024-07-01,52,96,41,5,194,10226,2148
43140,"Shelby-Kings Mountain, NC",2024-08-01,49,101,31,7,188,10414,2197
43140,"Shelby-Kings Mountain, NC",2024-09-01,47,86,33,4,170,10584,2244
43140,"Shelby-Kings Mountain, NC",2024-10-01,60,87,30,6,183,10767,2304
43140,"Shelby-Kings Mountain, NC",2024-11-01,71,106,30,8,215,10982,2375
43140,"Shelby-Kings Mountain, NC",2024-12-01,69,91,30,5,195,11177,2444
43140,"Shelby-Kings Mountain, NC",2025-01-01,53,73,32,9,167,11344,2497
43140,"Shelby-Kings Mountain, NC",2025-02-01,70,55,23,2,150,11494,2567
43140,"Shelby-Kings Mountain, NC",2025-03-01,63,71,23,8,165,11659,2630
43140,"Shelby-Kings Mountain, NC",2025-04-01,50,82,36,1,169,11828,2680
43140,"Shelby-Kings Mountain, NC",2025-05-01,65,81,28,2,176,12004,2745
43140,"Shelby-Kings Mountain, NC",2025-06-01,64,98,28,7,197,12201,2809
43140,"Shelby-Kings Mountain, NC",2025-07-01,63,58,32,2,155,12356,2872
43140,"Shelby-Kings Mountain, NC",2025-08-01,41,62,30,6,139,12495,2913
43140,"Shelby-Kings Mountain, NC",2025-09-01,1,0,2,0,3,12498,2914
45620,"Thomasville, GA",2019-01-01,0,1,1,0,2,2,0
45620,"Thomasville, GA",2019-02-01,0,2,1,0,3,5,0
45620,"Thomasville, GA",2019-04-01,0,3,0,0,3,8,0
45620,"Thomasville, GA",2019-05-01,0,5,2,0,7,15,0
45620,"Thomasville, GA",2019-06-01,0,2,1,0,3,18,0
45620,"Thomasville, GA",2019-07-01,0,13,4,0,17,35,0
45620,"Thomasville, GA",2019-08-01,0,11,4,0,15,50,0
45620,"Thomasville, GA",2019-09-01,0,10,2,1,13,63,0
45620,"Thomasville, GA",2019-10-01,1,10,4,0,15,78,1
45620,"Thomasville, GA",2019-11-01,1,5,1,0,7,85,2
45620,"Thomasville, GA",2019-12-01,2,8,2,0,12,97,4
45620,"Thomasville, GA",2020-01-01,0,7,3,0,10,107,4
45620,"Thomasville, GA",2020-02-01,2,10,2,1,15,122,6
45620,"Thomasville, GA",2020-03-01,2,14,3,0,19,141,8
45620,"Thomasville, GA",2020-04-01,2,15,7,0,24,165,10
45620,"Thomasville, GA",2020-05-01,3,26,8,0,37,202,13
45620,"Thomasville, GA",2020-06-01,5,15,6,0,26,228,18
45620,"Thomasville, GA",2020-07-01,6,23,6,0,35,263,24
45620,"Thomasville, GA",2020-08-01,7,26,3,0,36,299,31
45620,"Thomasville, GA",2020-09-01,6,22,11,1,40,339,37
45620,"Thomasville, GA",2020-10-01,2,26,1,2,31,370,39
45620,"Thomasville, GA",2020-11-01,5,17,4,1,27,397,44
45620,"Thomasville, GA",2020-12-01,6,30,6,0,42,439,50
45620,"Thomasville, GA",2021-01-01,11,30,5,2,48,487,61
45620,"Thomasville, GA",2021-02-01,10,24,8,0,42,529,71
45620,"Thomasville, GA",2021-03-01,12,30,11,2,55,584,83
45620,"Thomasville, GA",2021-04-01,14,46,11,1,72,656,97
45620,"Thomasville, GA",2021-05-01,13,61,7,1,82,738,110
45620,"Thomasville, GA",2021-06-01,9,38,8,1,56,794,119
45620,"Thomasville, GA",2021-07-01,8,38,18,0,64,858,127
45620,"Thomasville, GA",2021-08-01,7,38,11,0,56,914,134
45620,"Thomasville, GA",2021-09-01,11,41,12,2,66,980,145
45620,"Thomasville, GA",2021-10-01,12,25,11,0,48,1028,157
45620,"Thomasville, GA",2021-11-01,13,40,9,0,62,1090,170
45620,"Thomasville, GA",2021-12-01,15,23,5,1,44,1134,185
45620,"Thomasville, GA",2022-01-01,16,30,14,0,60,1194,201
45620,"Thomasville, GA",2022-02-01,19,26,6,0,51,1245,220
45620,"Thomasville, GA",2022-03-01,8,37,13,0,58,1303,228
45620,"Thomasville, GA",2022-04-01,10,35,16,0,61,1364,238
45620,"Thomasville, GA",2022-05-01,11,47,9,0,67,1431,249
45620,"Thomasville, GA",2022-06-01,15,28,7,0,50,1481,264
45620,"Thomasville, GA",2022-07-01,7,30,3,0,40,1521,271
45620,"Thomasville, GA",2022-08-01,7,29,15,0,51,1572,278
45620,"Thomasville, GA",2022-09-01,11,21,5,1,38,1610,289
45620,"Thomasville, GA",2022-10-01,9,28,9,0,46,1656,298
45620,"Thomasville, GA",2022-11-01,9,30,5,0,44,1700,307
45620,"Thomasville, GA",2022-12-01,21,22,10,1,54,1754,328
45620,"Thomasville, GA",2023-01-01,13,12,11,1,37,1791,341
45620,"Thomasville, GA",2023-02-01,18,29,5,2,54,1845,359
45620,"Thomasville, GA",2023-03-01,22,37,15,1,75,1920,381
45620,"Thomasville, GA",2023-04-01,18,29,6,0,53,1973,399
45620,"Thomasville, GA",2023-05-01,18,20,7,0,45,2018,417
45620,"Thomasville, GA",2023-06-01,15,32,6,2,55,2073,432
45620,"Thomasville, GA",2023-07-01,12,26,4,0,42,2115,444
45620,"Thomasville, GA",2023-08-01,8,18,6,1,33,2148,452
45620,"Thomasville, GA",2023-09-01,13,12,14,0,39,2187,465
45620,"Thomasville, GA",2023-10-01,11,19,11,0,41,2228,476
45620,"Thomasville, GA",2023-11-01,15,35,11,0,61,2289,491
45620,"Thomasville, GA",2023-12-01,31,28,8,1,68,2357,522
45620,"Thomasville, GA",2024-01-01,17,28,10,2,57,2414,539
45620,"Thomasville, GA",2024-02-01,26,28,11,2,67,2481,565
45620,"Thomasville, GA",2024-03-01,32,34,9,3,78,2559,597
45620,"Thomasville, GA",2024-04-01,18,30,11,2,61,2620,615
45620,"Thomasville, GA",2024-05-01,29,24,8,0,61,2681,644
45620,"Thomasville, GA",2024-06-01,10,21,5,0,36,2717,654
45620,"Thomasville, GA",2024-07-01,8,11,3,0,22,2739,662
45620,"Thomasville, GA",2024-08-01,17,31,5,1,54,2793,679
45620,"Thomasville, GA",2024-09-01,13,25,5,1,44,2837,692
45620,"Thomasville, GA",2024-10-01,17,38,9,1,65,2902,709
45620,"Thomasville, GA",2024-11-01,19,26,9,0,54,2956,728
45620,"Thomasville, GA",2024-12-01,18,22,7,1,48,3004,746
45620,"Thomasville, GA",2025-01-01,29,30,11,0,70,3074,775
45620,"Thomasville, GA",2025-02-01,13,19,6,1,39,3113,788
45620,"Thomasville, GA",2025-03-01,19,23,10,1,53,3166,807
45620,"Thomasville, GA",2025-04-01,23,32,19,1,75,3241,830
45620,"Thomasville, GA",2025-05-01,32,39,20,2,93,3334,862
45620,"Thomasville, GA",2025-06-01,33,40,15,1,89,3423,895
45620,"Thomasville, GA",2025-07-01,29,30,13,3,75,3498,924
45620,"Thomasville, GA",2025-08-01,19,37,10,2,68,3566,943
45620,"Thomasville, GA",2025-09-01,0,1,0,0,1,3567,943
14820,"Brevard, NC",2019-01-01,0,1,0,0,1,1,0
14820,"Brevard, NC",2019-02-01,0,0,2,0,2,3,0
14820,"Brevard, NC",2019-03-01,0,2,1,0,3,6,0
14820,"Brevard, NC",2019-04-01,0,1,2,0,3,9,0
14820,"Brevard, NC",2019-05-01,0,3,1,0,4,13,0
14820,"Brevard, NC",2019-06-01,1,1,2,0,4,17,1
14820,"Brevard, NC",2019-07-01,1,4,0,0,5,22,2
14820,"Brevard, NC",2019-08-01,0,2,0,0,2,24,2
14820,"Brevard, NC",2019-09-01,0,3,0,0,3,27,2
14820,"Brevard, NC",2019-10-01,0,2,0,1,3,30,2
14820,"Brevard, NC",2019-11-01,0,3,1,0,4,34,2
14820,"Brevard, NC",2019-12-01,1,1,0,0,2,36,3
14820,"Brevard, NC",2020-01-01,0,7,2,0,9,45,3
14820,"Brevard, NC",2020-02-01,0,2,2,0,4,49,3
14820,"Brevard, NC",2020-03-01,1,3,2,0,6,55,4
14820,"Brevard, NC",2020-04-01,1,5,4,0,10,65,5
14820,"Brevard, NC",2020-05-01,2,13,3,0,18,83,7
14820,"Brevard, NC",2020-06-01,1,9,1,0,11,94,8
14820,"Brevard, NC",2020-07-01,2,8,3,0,13,107,10
14820,"Brevard, NC",2020-08-01,2,12,4,1,19,126,12
14820,"Brevard, NC",2020-09-01,1,16,5,0,22,148,13
14820,"Brevard, NC",2020-10-01,3,13,1,1,18,166,16
14820,"Brevard, NC",2020-11-01,1,10,2,0,13,179,17
14820,"Brevard, NC",2020-12-01,2,8,5,0,15,194,19
14820,"Brevard, NC",2021-01-01,8,18,6,2,34,228,27
14820,"Brevard, NC",2021-02-01,7,14,5,1,27,255,34
14820,"Brevard, NC",2021-03-01,9,31,8,2,50,305,43
14820,"Brevard, NC",2021-04-01,15,49,12,0,76,381,58
14820,"Brevard, NC",2021-05-01,10,40,15,1,66,447,68
14820,"Brevard, NC",2021-06-01,9,25,7,1,42,489,77
14820,"Brevard, NC",2021-07-01,5,20,15,0,40,529,82
14820,"Brevard, NC",2021-08-01,13,35,7,0,55,584,95
14820,"Brevard, NC",2021-09-01,5,31,10,0,46,630,100
14820,"Brevard, NC",2021-10-01,6,20,7,0,33,663,106
14820,"Brevard, NC",2021-11-01,12,21,4,0,37,700,118
14820,"Brevard, NC",2021-12-01,15,17,11,0,43,743,133
14820,"Brevard, NC",2022-01-01,22,29,4,2,57,800,155
14820,"Brevard, NC",2022-02-01,12,28,5,1,46,846,167
14820,"Brevard, NC",2022-03-01,10,30,4,0,44,890,177
14820,"Brevard, NC",2022-04-01,8,24,4,2,38,928,185
14820,"Brevard, NC",2022-05-01,5,14,2,0,21,949,190
14820,"Brevard, NC",2022-06-01,7,14,4,0,25,974,197
14820,"Brevard, NC",2022-07-01,4,9,1,0,14,988,201
14820,"Brevard, NC",2022-08-01,5,17,7,0,29,1017,206
14820,"Brevard, NC",2022-09-01,5,15,3,1,24,1041,211
14820,"Brevard, NC",2022-10-01,11,13,8,1,33,1074,222
14820,"Brevard, NC",2022-11-01,4,13,5,1,23,1097,226
14820,"Brevard, NC",2022-12-01,10,16,3,1,30,1127,236
14820,"Brevard, NC",2023-01-01,11,16,5,0,32,1159,247
14820,"Brevard, NC",2023-02-01,8,15,2,0,25,1184,255
14820,"Brevard, NC",2023-03-01,13,19,10,3,45,1229,268
14820,"Brevard, NC",2023-04-01,13,23,10,2,48,1277,281
14820,"Brevard, NC",2023-05-01,9,20,0,0,29,1306,290
14820,"Brevard, NC",2023-06-01,11,12,6,0,29,1335,301
14820,"Brevard, NC",2023-07-01,16,14,7,0,37,1372,317
14820,"Brevard, NC",2023-08-01,3,19,11,0,33,1405,320
14820,"Brevard, NC",2023-09-01,9,12,4,0,25,1430,329
14820,"Brevard, NC",2023-10-01,14,12,3,1,30,1460,343
14820,"Brevard, NC",2023-11-01,13,6,4,1,24,1484,356
14820,"Brevard, NC",2023-12-01,15,15,9,1,40,1524,371
14820,"Brevard, NC",2024-01-01,15,24,11,0,50,1574,386
14820,"Brevard, NC",2024-02-01,14,9,9,1,33,1607,400
14820,"Brevard, NC",2024-03-01,13,9,5,2,29,1636,413
14820,"Brevard, NC",2024-04-01,15,9,5,0,29,1665,428
14820,"Brevard, NC",2024-05-01,14,13,9,1,37,1702,442
14820,"Brevard, NC",2024-06-01,7,11,8,0,26,1728,449
14820,"Brevard, NC",2024-07-01,5,13,3,2,23,1751,454
14820,"Brevard, NC",2024-08-01,3,17,4,0,24,1775,457
14820,"Brevard, NC",2024-09-01,13,11,7,0,31,1806,470
14820,"Brevard, NC",2024-10-01,10,7,1,0,18,1824,480
14820,"Brevard, NC",2024-11-01,16,11,1,1,29,1853,496
14820,"Brevard, NC",2024-12-01,7,12,6,0,25,1878,503
14820,"Brevard, NC",2025-01-01,7,5,4,0,16,1894,510
14820,"Brevard, NC",2025-02-01,27,10,3,0,40,1934,537
14820,"Brevard, NC",2025-03-01,19,4,0,0,23,1957,556
14820,"Brevard, NC",2025-04-01,23,15,4,0,42,1999,579
14820,"Brevard, NC",2025-05-01,8,7,5,1,21,2020,587
14820,"Brevard, NC",2025-06-01,9,10,2,1,22,2042,596
14820,"Brevard, NC",2025-07-01,10,10,3,0,23,2065,606
14820,"Brevard, NC",2025-08-01,8,4,5,0,17,2082,614
14820,"Brevard, NC",2025-09-01,1,0,0,0,1,2083,615
43260,"Sheridan, WY",2019-01-01,0,1,0,0,1,1,0
43260,"Sheridan, WY",2019-02-01,0,2,0,0,2,3,0
43260,"Sheridan, WY",2019-03-01,0,1,2,0,3,6,0
43260,"Sheridan, WY",2019-04-01,0,2,3,0,5,11,0
43260,"Sheridan, WY",2019-05-01,0,2,0,0,2,13,0
43260,"Sheridan, WY",2019-06-01,0,3,3,0,6,19,0
43260,"Sheridan, WY",2019-07-01,0,1,0,0,1,20,0
43260,"Sheridan, WY",2019-08-01,0,2,3,0,5,25,0
43260,"Sheridan, WY",2019-09-01,2,4,1,1,8,33,2
43260,"Sheridan, WY",2019-10-01,0,1,0,1,2,35,2
43260,"Sheridan, WY",2019-11-01,0,1,4,1,6,41,2
43260,"Sheridan, WY",2019-12-01,1,2,1,1,5,46,3
43260,"Sheridan, WY",2020-01-01,0,4,1,0,5,51,3
43260,"Sheridan, WY",2020-02-01,0,4,1,0,5,56,3
43260,"Sheridan, WY",2020-03-01,0,4,1,0,5,61,3
43260,"Sheridan, WY",2020-04-01,5,7,3,0,15,76,8
43260,"Sheridan, WY",2020-05-01,2,9,3,1,15,91,10
43260,"Sheridan, WY",2020-06-01,1,4,0,0,5,96,11
43260,"Sheridan, WY",2020-07-01,0,9,2,0,11,107,11
43260,"Sheridan, WY",2020-08-01,2,11,8,2,23,130,13
43260,"Sheridan, WY",2020-09-01,4,7,0,0,11,141,17
43260,"Sheridan, WY",2020-10-01,5,14,6,0,25,166,22
43260,"Sheridan, WY",2020-11-01,7,12,5,1,25,191,29
43260,"Sheridan, WY",2020-12-01,7,30,3,2,42,233,36
43260,"Sheridan, WY",2021-01-01,8,25,3,0,36,269,44
43260,"Sheridan, WY",2021-02-01,12,25,4,0,41,310,56
43260,"Sheridan, WY",2021-03-01,9,15,5,1,30,340,65
43260,"Sheridan, WY",2021-04-01,7,23,10,0,40,380,72
43260,"Sheridan, WY",2021-05-01,10,32,10,2,54,434,82
43260,"Sheridan, WY",2021-06-01,4,28,5,1,38,472,86
43260,"Sheridan, WY",2021-07-01,5,22,9,1,37,509,91
43260,"Sheridan, WY",2021-08-01,8,18,5,2,33,542,99
43260,"Sheridan, WY",2021-09-01,7,20,5,1,33,575,106
43260,"Sheridan, WY",2021-10-01,10,15,9,0,34,609,116
43260,"Sheridan, WY",2021-11-01,12,22,6,1,41,650,128
43260,"Sheridan, WY",2021-12-01,12,24,5,2,43,693,140
43260,"Sheridan, WY",2022-01-01,13,27,8,0,48,741,153
43260,"Sheridan, WY",2022-02-01,7,13,5,0,25,766,160
43260,"Sheridan, WY",2022-03-01,19,25,5,1,50,816,179
43260,"Sheridan, WY",2022-04-01,6,13,2,0,21,837,185
43260,"Sheridan, WY",2022-05-01,4,13,6,0,23,860,189
43260,"Sheridan, WY",2022-06-01,6,11,6,0,23,883,195
43260,"Sheridan, WY",2022-07-01,9,10,4,0,23,906,204
43260,"Sheridan, WY",2022-08-01,3,17,3,1,24,930,207
43260,"Sheridan, WY",2022-09-01,9,10,3,1,23,953,216
43260,"Sheridan, WY",2022-10-01,10,17,6,0,33,986,226
43260,"Sheridan, WY",2022-11-01,12,19,6,1,38,1024,238
43260,"Sheridan, WY",2022-12-01,9,13,2,0,24,1048,247
43260,"Sheridan, WY",2023-01-01,9,20,5,0,34,1082,256
43260,"Sheridan, WY",2023-02-01,9,17,5,2,33,1115,265
43260,"Sheridan, WY",2023-03-01,10,25,6,0,41,1156,275
43260,"Sheridan, WY",2023-04-01,9,6,5,0,20,1176,284
43260,"Sheridan, WY",2023-05-01,12,10,7,2,31,1207,296
43260,"Sheridan, WY",2023-06-01,12,8,3,1,24,1231,308
43260,"Sheridan, WY",2023-07-01,18,6,2,0,26,1257,326
43260,"Sheridan, WY",2023-08-01,10,14,4,3,31,1288,336
43260,"Sheridan, WY",2023-09-01,9,12,5,0,26,1314,345
43260,"Sheridan, WY",2023-10-01,5,4,8,0,17,1331,350
43260,"Sheridan, WY",2023-11-01,11,8,6,1,26,1357,361
43260,"Sheridan, WY",2023-12-01,13,11,1,0,25,1382,374
43260,"Sheridan, WY",2024-01-01,12,10,7,0,29,1411,386
43260,"Sheridan, WY",2024-02-01,11,12,6,0,29,1440,397
43260,"Sheridan, WY",2024-03-01,7,11,7,0,25,1465,404
43260,"Sheridan, WY",2024-04-01,13,7,5,0,25,1490,417
43260,"Sheridan, WY",2024-05-01,7,10,3,1,21,1511,424
43260,"Sheridan, WY",2024-06-01,6,9,4,1,20,1531,430
43260,"Sheridan, WY",2024-07-01,9,10,6,0,25,1556,439
43260,"Sheridan, WY",2024-08-01,12,10,3,0,25,1581,451
43260,"Sheridan, WY",2024-09-01,14,9,3,0,26,1607,465
43260,"Sheridan, WY",2024-10-01,11,13,2,0,26,1633,476
43260,"Sheridan, WY",2024-11-01,9,8,5,0,22,1655,485
43260,"Sheridan, WY",2024-12-01,9,12,3,0,24,1679,494
43260,"Sheridan, WY",2025-01-01,11,10,4,0,25,1704,505
43260,"Sheridan, WY",2025-02-01,14,10,1,0,25,1729,519
43260,"Sheridan, WY",2025-03-01,15,8,3,0,26,1755,534
43260,"Sheridan, WY",2025-04-01,10,15,3,0,28,1783,544
43260,"Sheridan, WY",2025-05-01,15,11,4,1,31,1814,559
43260,"Sheridan, WY",2025-06-01,11,13,4,0,28,1842,570
43260,"Sheridan, WY",2025-07-01,10,3,4,0,17,1859,580
43260,"Sheridan, WY",2025-08-01,14,2,2,0,18,1877,594
27260,"Jacksonville, FL",2019-01-01,0,245,63,4,312,312,0
27260,"Jacksonville, FL",2019-02-01,7,257,63,8,335,647,7
27260,"Jacksonville, FL",2019-03-01,9,289,88,7,393,1040,16
27260,"Jacksonville, FL",2019-04-01,12,390,96,7,505,1545,28
27260,"Jacksonville, FL",2019-05-01,20,363,87,4,474,2019,48
27260,"Jacksonville, FL",2019-06-01,16,224,62,8,310,2329,64
27260,"Jacksonville, FL",2019-07-01,16,339,81,7,443,2772,80
27260,"Jacksonville, FL",2019-08-01,23,364,113,11,511,3283,103
27260,"Jacksonville, FL",2019-09-01,20,309,87,9,425,3708,123
27260,"Jacksonville, FL",2019-10-01,48,347,77,13,485,4193,171
27260,"Jacksonville, FL",2019-11-01,28,239,62,8,337,4530,199
27260,"Jacksonville, FL",2019-12-01,32,235,58,3,328,4858,231
27260,"Jacksonville, FL",2020-01-01,43,324,95,7,469,5327,274
27260,"Jacksonville, FL",2020-02-01,42,272,77,5,396,5723,316
27260,"Jacksonville, FL",2020-03-01,48,363,88,8,507,6230,364
27260,"Jacksonville, FL",2020-04-01,204,971,257,28,1460,7690,568
27260,"Jacksonville, FL",2020-05-01,263,944,227,27,1461,9151,831
27260,"Jacksonville, FL",2020-06-01,136,519,126,13,794,9945,967
27260,"Jacksonville, FL",2020-07-01,307,1108,209,25,1649,11594,1274
27260,"Jacksonville, FL",2020-08-01,357,1460,355,28,2200,13794,1631
27260,"Jacksonville, FL",2020-09-01,305,1350,251,28,1934,15728,1936
27260,"Jacksonville, FL",2020-10-01,154,608,135,15,912,16640,2090
27260,"Jacksonville, FL",2020-11-01,135,560,115,9,819,17459,2225
27260,"Jacksonville, FL",2020-12-01,330,986,247,27,1590,19049,2555
27260,"Jacksonville, FL",2021-01-01,519,1377,348,42,2286,21335,3074
27260,"Jacksonville, FL",2021-02-01,317,1010,249,29,1605,22940,3391
27260,"Jacksonville, FL",2021-03-01,467,1303,291,34,2095,25035,3858
27260,"Jacksonville, FL",2021-04-01,446,1650,381,42,2519,27554,4304
27260,"Jacksonville, FL",2021-05-01,516,1848,415,64,2843,30397,4820
27260,"Jacksonville, FL",2021-06-01,587,1905,481,42,3015,33412,5407
27260,"Jacksonville, FL",2021-07-01,438,1570,370,28,2406,35818,5845
27260,"Jacksonville, FL",2021-08-01,375,1376,351,49,2151,37969,6220
27260,"Jacksonville, FL",2021-09-01,373,1328,364,32,2097,40066,6593
27260,"Jacksonville, FL",2021-10-01,219,697,215,22,1153,41219,6812
27260,"Jacksonville, FL",2021-11-01,414,1223,323,40,2000,43219,7226
27260,"Jacksonville, FL",2021-12-01,536,1195,272,42,2045,45264,7762
27260,"Jacksonville, FL",2022-01-01,435,1271,348,45,2099,47363,8197
27260,"Jacksonville, FL",2022-02-01,221,597,160,22,1000,48363,8418
27260,"Jacksonville, FL",2022-03-01,530,1384,392,30,2336,50699,8948
27260,"Jacksonville, FL",2022-04-01,452,1246,341,44,2083,52782,9400
27260,"Jacksonville, FL",2022-05-01,443,1241,318,32,2034,54816,9843
27260,"Jacksonville, FL",2022-06-01,242,607,162,17,1028,55844,10085
27260,"Jacksonville, FL",2022-07-01,289,696,195,13,1193,57037,10374
27260,"Jacksonville, FL",2022-08-01,326,821,267,33,1447,58484,10700
27260,"Jacksonville, FL",2022-09-01,252,755,206,23,1236,59720,10952
27260,"Jacksonville, FL",2022-10-01,307,671,193,29,1200,60920,11259
27260,"Jacksonville, FL",2022-11-01,496,1063,321,30,1910,62830,11755
27260,"Jacksonville, FL",2022-12-01,513,922,290,30,1755,64585,12268
27260,"Jacksonville, FL",2023-01-01,449,982,270,30,1731,66316,12717
27260,"Jacksonville, FL",2023-02-01,385,783,256,27,1451,67767,13102
27260,"Jacksonville, FL",2023-03-01,591,1105,360,30,2086,69853,13693
27260,"Jacksonville, FL",2023-04-01,436,838,273,30,1577,71430,14129
27260,"Jacksonville, FL",2023-05-01,259,589,159,14,1021,72451,14388
27260,"Jacksonville, FL",2023-06-01,219,460,136,13,828,73279,14607
27260,"Jacksonville, FL",2023-07-01,175,414,139,5,733,74012,14782
27260,"Jacksonville, FL",2023-08-01,211,430,129,15,785,74797,14993
27260,"Jacksonville, FL",2023-09-01,253,652,194,17,1116,75913,15246
27260,"Jacksonville, FL",2023-10-01,438,957,332,31,1758,77671,15684
27260,"Jacksonville, FL",2023-11-01,519,949,289,30,1787,79458,16203
27260,"Jacksonville, FL",2023-12-01,519,892,332,24,1767,81225,16722
27260,"Jacksonville, FL",2024-01-01,545,931,323,37,1836,83061,17267
27260,"Jacksonville, FL",2024-02-01,484,801,247,19,1551,84612,17751
27260,"Jacksonville, FL",2024-03-01,569,881,233,32,1715,86327,18320
27260,"Jacksonville, FL",2024-04-01,501,822,223,30,1576,87903,18821
27260,"Jacksonville, FL",2024-05-01,588,902,300,32,1822,89725,19409
27260,"Jacksonville, FL",2024-06-01,423,769,231,30,1453,91178,19832
27260,"Jacksonville, FL",2024-07-01,466,985,344,24,1819,92997,20298
27260,"Jacksonville, FL",2024-08-01,430,927,294,35,1686,94683,20728
27260,"Jacksonville, FL",2024-09-01,391,777,256,25,1449,96132,21119
27260,"Jacksonville, FL",2024-10-01,454,905,301,28,1688,97820,21573
27260,"Jacksonville, FL",2024-11-01,474,855,261,21,1611,99431,22047
27260,"Jacksonville, FL",2024-12-01,464,832,232,21,1549,100980,22511
27260,"Jacksonville, FL",2025-01-01,448,809,262,27,1546,102526,22959
27260,"Jacksonville, FL",2025-02-01,422,662,209,31,1324,103850,23381
27260,"Jacksonville, FL",2025-03-01,493,685,216,31,1425,105275,23874
27260,"Jacksonville, FL",2025-04-01,505,792,234,23,1554,106829,24379
27260,"Jacksonville, FL",2025-05-01,582,805,234,34,1655,108484,24961
27260,"Jacksonville, FL",2025-06-01,545,860,277,25,1707,110191,25506
27260,"Jacksonville, FL",2025-07-01,512,763,256,20,1551,111742,26018
27260,"Jacksonville, FL",2025-08-01,414,688,168,35,1305,113047,26432
27260,"Jacksonville, FL",2025-09-01,13,14,7,0,34,113081,26445
35020,"Natchez, MS-LA",2019-01-01,0,0,1,0,1,1,0
35020,"Natchez, MS-LA",2019-04-01,0,1,0,0,1,2,0
35020,"Natchez, MS-LA",2019-05-01,0,1,0,0,1,3,0
35020,"Natchez, MS-LA",2019-06-01,0,3,0,0,3,6,0
35020,"Natchez, MS-LA",2019-08-01,0,0,1,0,1,7,0
35020,"Natchez, MS-LA",2019-09-01,0,2,0,0,2,9,0
35020,"Natchez, MS-LA",2019-11-01,0,2,0,0,2,11,0
35020,"Natchez, MS-LA",2019-12-01,0,2,0,1,3,14,0
35020,"Natchez, MS-LA",2020-01-01,1,1,0,0,2,16,1
35020,"Natchez, MS-LA",2020-02-01,0,1,0,0,1,17,1
35020,"Natchez, MS-LA",2020-03-01,0,1,0,0,1,18,1
35020,"Natchez, MS-LA",2020-04-01,1,5,0,0,6,24,2
35020,"Natchez, MS-LA",2020-05-01,0,2,0,1,3,27,2
35020,"Natchez, MS-LA",2020-06-01,0,2,0,0,2,29,2
35020,"Natchez, MS-LA",2020-07-01,1,4,1,0,6,35,3
35020,"Natchez, MS-LA",2020-08-01,1,7,1,0,9,44,4
35020,"Natchez, MS-LA",2020-09-01,2,8,1,0,11,55,6
35020,"Natchez, MS-LA",2020-10-01,2,8,4,0,14,69,8
35020,"Natchez, MS-LA",2020-11-01,0,14,2,0,16,85,8
35020,"Natchez, MS-LA",2020-12-01,6,14,3,0,23,108,14
35020,"Natchez, MS-LA",2021-01-01,5,15,3,0,23,131,19
35020,"Natchez, MS-LA",2021-02-01,3,16,3,0,22,153,22
35020,"Natchez, MS-LA",2021-03-01,7,11,6,1,25,178,29
35020,"Natchez, MS-LA",2021-04-01,7,22,8,0,37,215,36
35020,"Natchez, MS-LA",2021-05-01,10,25,2,0,37,252,46
35020,"Natchez, MS-LA",2021-06-01,5,30,7,0,42,294,51
35020,"Natchez, MS-LA",2021-07-01,4,29,4,1,38,332,55
35020,"Natchez, MS-LA",2021-08-01,9,28,7,0,44,376,64
35020,"Natchez, MS-LA",2021-09-01,6,21,0,0,27,403,70
35020,"Natchez, MS-LA",2021-10-01,6,21,4,0,31,434,76
35020,"Natchez, MS-LA",2021-11-01,6,18,5,0,29,463,82
35020,"Natchez, MS-LA",2021-12-01,7,18,5,1,31,494,89
35020,"Natchez, MS-LA",2022-01-01,6,15,3,0,24,518,95
35020,"Natchez, MS-LA",2022-02-01,5,25,2,0,32,550,100
35020,"Natchez, MS-LA",2022-03-01,11,23,6,1,41,591,111
35020,"Natchez, MS-LA",2022-04-01,3,32,5,2,42,633,114
35020,"Natchez, MS-LA",2022-05-01,3,24,4,0,31,664,117
35020,"Natchez, MS-LA",2022-06-01,8,17,5,1,31,695,125
35020,"Natchez, MS-LA",2022-07-01,8,11,8,1,28,723,133
35020,"Natchez, MS-LA",2022-08-01,4,20,5,0,29,752,137
35020,"Natchez, MS-LA",2022-09-01,7,21,4,0,32,784,144
35020,"Natchez, MS-LA",2022-10-01,8,22,8,0,38,822,152
35020,"Natchez, MS-LA",2022-11-01,11,19,5,0,35,857,163
35020,"Natchez, MS-LA",2022-12-01,13,14,8,0,35,892,176
35020,"Natchez, MS-LA",2023-01-01,9,20,12,1,42,934,185
35020,"Natchez, MS-LA",2023-02-01,7,9,2,0,18,952,192
35020,"Natchez, MS-LA",2023-03-01,23,27,7,2,59,1011,215
35020,"Natchez, MS-LA",2023-04-01,19,19,8,0,46,1057,234
35020,"Natchez, MS-LA",2023-05-01,9,6,2,0,17,1074,243
35020,"Natchez, MS-LA",2023-06-01,10,24,7,1,42,1116,253
35020,"Natchez, MS-LA",2023-07-01,12,22,4,0,38,1154,265
35020,"Natchez, MS-LA",2023-08-01,4,10,3,0,17,1171,269
35020,"Natchez, MS-LA",2023-09-01,7,19,7,0,33,1204,276
35020,"Natchez, MS-LA",2023-10-01,6,28,7,1,42,1246,282
35020,"Natchez, MS-LA",2023-11-01,19,25,8,0,52,1298,301
35020,"Natchez, MS-LA",2023-12-01,29,25,7,0,61,1359,330
35020,"Natchez, MS-LA",2024-01-01,17,29,5,0,51,1410,347
35020,"Natchez, MS-LA",2024-02-01,19,12,2,2,35,1445,366
35020,"Natchez, MS-LA",2024-03-01,10,19,8,0,37,1482,376
35020,"Natchez, MS-LA",2024-04-01,13,22,4,1,40,1522,389
35020,"Natchez, MS-LA",2024-05-01,23,25,4,3,55,1577,412
35020,"Natchez, MS-LA",2024-06-01,18,34,11,1,64,1641,430
35020,"Natchez, MS-LA",2024-07-01,13,17,3,1,34,1675,443
35020,"Natchez, MS-LA",2024-08-01,21,26,5,2,54,1729,464
35020,"Natchez, MS-LA",2024-09-01,21,19,8,2,50,1779,485
35020,"Natchez, MS-LA",2024-10-01,23,29,9,3,64,1843,508
35020,"Natchez, MS-LA",2024-11-01,11,31,5,4,51,1894,519
35020,"Natchez, MS-LA",2024-12-01,25,15,6,1,47,1941,544
35020,"Natchez, MS-LA",2025-01-01,20,20,8,2,50,1991,564
35020,"Natchez, MS-LA",2025-02-01,12,16,4,2,34,2025,576
35020,"Natchez, MS-LA",2025-03-01,22,22,5,2,51,2076,598
35020,"Natchez, MS-LA",2025-04-01,21,27,7,1,56,2132,619
35020,"Natchez, MS-LA",2025-05-01,14,20,8,0,42,2174,633
35020,"Natchez, MS-LA",2025-06-01,30,23,9,1,63,2237,663
35020,"Natchez, MS-LA",2025-07-01,24,23,7,1,55,2292,687
35020,"Natchez, MS-LA",2025-08-01,12,14,7,0,33,2325,699
22340,"Fitzgerald, GA",2019-01-01,0,1,0,0,1,1,0
22340,"Fitzgerald, GA",2019-03-01,0,2,0,0,2,3,0
22340,"Fitzgerald, GA",2019-07-01,0,1,0,0,1,4,0
22340,"Fitzgerald, GA",2019-08-01,0,2,1,0,3,7,0
22340,"Fitzgerald, GA",2019-09-01,1,2,0,0,3,10,1
22340,"Fitzgerald, GA",2019-10-01,1,2,0,0,3,13,2
22340,"Fitzgerald, GA",2019-11-01,0,1,0,0,1,14,2
22340,"Fitzgerald, GA",2019-12-01,0,2,0,0,2,16,2
22340,"Fitzgerald, GA",2020-02-01,0,2,1,0,3,19,2
22340,"Fitzgerald, GA",2020-03-01,0,3,0,0,3,22,2
22340,"Fitzgerald, GA",2020-04-01,0,1,0,0,1,23,2
22340,"Fitzgerald, GA",2020-05-01,0,2,0,0,2,25,2
22340,"Fitzgerald, GA",2020-06-01,1,2,1,0,4,29,3
22340,"Fitzgerald, GA",2020-07-01,0,6,5,0,11,40,3
22340,"Fitzgerald, GA",2020-08-01,0,8,0,0,8,48,3
22340,"Fitzgerald, GA",2020-09-01,1,6,2,0,9,57,4
22340,"Fitzgerald, GA",2020-10-01,0,2,1,0,3,60,4
22340,"Fitzgerald, GA",2020-11-01,0,3,1,0,4,64,4
22340,"Fitzgerald, GA",2020-12-01,1,6,0,0,7,71,5
22340,"Fitzgerald, GA",2021-01-01,2,6,5,1,14,85,7
22340,"Fitzgerald, GA",2021-02-01,0,5,2,0,7,92,7
22340,"Fitzgerald, GA",2021-03-01,1,6,0,0,7,99,8
22340,"Fitzgerald, GA",2021-04-01,5,18,4,0,27,126,13
22340,"Fitzgerald, GA",2021-05-01,11,45,7,1,64,190,24
22340,"Fitzgerald, GA",2021-06-01,5,27,6,1,39,229,29
22340,"Fitzgerald, GA",2021-07-01,2,20,6,1,29,258,31
22340,"Fitzgerald, GA",2021-08-01,6,24,2,1,33,291,37
22340,"Fitzgerald, GA",2021-09-01,4,18,7,2,31,322,41
22340,"Fitzgerald, GA",2021-10-01,7,18,6,0,31,353,48
22340,"Fitzgerald, GA",2021-11-01,4,21,2,0,27,380,52
22340,"Fitzgerald, GA",2021-12-01,9,16,5,0,30,410,61
22340,"Fitzgerald, GA",2022-01-01,10,19,6,0,35,445,71
22340,"Fitzgerald, GA",2022-02-01,6,17,3,0,26,471,77
22340,"Fitzgerald, GA",2022-03-01,12,19,5,1,37,508,89
22340,"Fitzgerald, GA",2022-04-01,4,23,2,0,29,537,93
22340,"Fitzgerald, GA",2022-05-01,7,19,6,0,32,569,100
22340,"Fitzgerald, GA",2022-06-01,3,15,3,0,21,590,103
22340,"Fitzgerald, GA",2022-07-01,6,11,1,0,18,608,109
22340,"Fitzgerald, GA",2022-08-01,6,17,5,0,28,636,115
22340,"Fitzgerald, GA",2022-09-01,1,11,7,0,19,655,116
22340,"Fitzgerald, GA",2022-10-01,6,17,5,2,30,685,122
22340,"Fitzgerald, GA",2022-11-01,2,20,4,0,26,711,124
22340,"Fitzgerald, GA",2022-12-01,9,6,3,1,19,730,133
22340,"Fitzgerald, GA",2023-01-01,3,9,5,0,17,747,136
22340,"Fitzgerald, GA",2023-02-01,5,11,3,0,19,766,141
22340,"Fitzgerald, GA",2023-03-01,10,15,6,0,31,797,151
22340,"Fitzgerald, GA",2023-04-01,9,11,3,0,23,820,160
22340,"Fitzgerald, GA",2023-05-01,7,8,8,0,23,843,167
22340,"Fitzgerald, GA",2023-06-01,9,15,3,1,28,871,176
22340,"Fitzgerald, GA",2023-07-01,6,16,6,0,28,899,182
22340,"Fitzgerald, GA",2023-08-01,12,10,5,2,29,928,194
22340,"Fitzgerald, GA",2023-09-01,8,20,3,3,34,962,202
22340,"Fitzgerald, GA",2023-10-01,8,23,3,1,35,997,210
22340,"Fitzgerald, GA",2023-11-01,6,14,9,1,30,1027,216
22340,"Fitzgerald, GA",2023-12-01,11,16,3,1,31,1058,227
22340,"Fitzgerald, GA",2024-01-01,8,11,8,0,27,1085,235
22340,"Fitzgerald, GA",2024-02-01,16,16,8,0,40,1125,251
22340,"Fitzgerald, GA",2024-03-01,12,17,5,0,34,1159,263
22340,"Fitzgerald, GA",2024-04-01,9,18,4,2,33,1192,272
22340,"Fitzgerald, GA",2024-05-01,10,26,4,4,44,1236,282
22340,"Fitzgerald, GA",2024-06-01,5,17,6,1,29,1265,287
22340,"Fitzgerald, GA",2024-07-01,8,16,3,1,28,1293,295
22340,"Fitzgerald, GA",2024-08-01,9,19,4,1,33,1326,304
22340,"Fitzgerald, GA",2024-09-01,6,11,2,0,19,1345,310
22340,"Fitzgerald, GA",2024-10-01,7,10,1,0,18,1363,317
22340,"Fitzgerald, GA",2024-11-01,13,11,3,1,28,1391,330
22340,"Fitzgerald, GA",2024-12-01,4,16,7,0,27,1418,334
22340,"Fitzgerald, GA",2025-01-01,13,12,4,2,31,1449,347
22340,"Fitzgerald, GA",2025-02-01,8,9,3,0,20,1469,355
22340,"Fitzgerald, GA",2025-03-01,11,18,3,0,32,1501,366
22340,"Fitzgerald, GA",2025-04-01,9,15,8,1,33,1534,375
22340,"Fitzgerald, GA",2025-05-01,7,21,2,2,32,1566,382
22340,"Fitzgerald, GA",2025-06-01,12,18,5,2,37,1603,394
22340,"Fitzgerald, GA",2025-07-01,13,11,5,0,29,1632,407
22340,"Fitzgerald, GA",2025-08-01,9,9,3,0,21,1653,416
26820,"Idaho Falls, ID",2019-01-01,0,8,4,0,12,12,0
26820,"Idaho Falls, ID",2019-02-01,0,4,1,0,5,17,0
26820,"Idaho Falls, ID",2019-03-01,1,13,4,1,19,36,1
26820,"Idaho Falls, ID",2019-04-01,2,26,12,0,40,76,3
26820,"Idaho Falls, ID",2019-05-01,3,29,11,1,44,120,6
26820,"Idaho Falls, ID",2019-06-01,1,26,6,1,34,154,7
26820,"Idaho Falls, ID",2019-07-01,2,38,4,0,44,198,9
26820,"Idaho Falls, ID",2019-08-01,2,29,11,0,42,240,11
26820,"Idaho Falls, ID",2019-09-01,2,43,11,0,56,296,13
26820,"Idaho Falls, ID",2019-10-01,5,41,4,2,52,348,18
26820,"Idaho Falls, ID",2019-11-01,6,40,5,1,52,400,24
26820,"Idaho Falls, ID",2019-12-01,1,39,9,0,49,449,25
26820,"Idaho Falls, ID",2020-01-01,4,49,9,0,62,511,29
26820,"Idaho Falls, ID",2020-02-01,11,40,7,0,58,569,40
26820,"Idaho Falls, ID",2020-03-01,12,58,13,1,84,653,52
26820,"Idaho Falls, ID",2020-04-01,32,148,22,1,203,856,84
26820,"Idaho Falls, ID",2020-05-01,28,88,16,3,135,991,112
26820,"Idaho Falls, ID",2020-06-01,24,67,11,1,103,1094,136
26820,"Idaho Falls, ID",2020-07-01,13,79,16,1,109,1203,149
26820,"Idaho Falls, ID",2020-08-01,22,114,12,6,154,1357,171
26820,"Idaho Falls, ID",2020-09-01,33,80,18,0,131,1488,204
26820,"Idaho Falls, ID",2020-10-01,31,97,18,1,147,1635,235
26820,"Idaho Falls, ID",2020-11-01,14,60,14,2,90,1725,249
26820,"Idaho Falls, ID",2020-12-01,23,70,11,1,105,1830,272
26820,"Idaho Falls, ID",2021-01-01,28,84,17,5,134,1964,300
26820,"Idaho Falls, ID",2021-02-01,23,56,12,0,91,2055,323
26820,"Idaho Falls, ID",2021-03-01,44,118,26,1,189,2244,367
26820,"Idaho Falls, ID",2021-04-01,48,89,16,2,155,2399,415
26820,"Idaho Falls, ID",2021-05-01,41,103,16,1,161,2560,456
26820,"Idaho Falls, ID",2021-06-01,26,71,20,4,121,2681,482
26820,"Idaho Falls, ID",2021-07-01,34,83,15,3,135,2816,516
26820,"Idaho Falls, ID",2021-08-01,37,82,18,3,140,2956,553
26820,"Idaho Falls, ID",2021-09-01,34,98,31,2,165,3121,587
26820,"Idaho Falls, ID",2021-10-01,34,80,22,2,138,3259,621
26820,"Idaho Falls, ID",2021-11-01,37,73,20,2,132,3391,658
26820,"Idaho Falls, ID",2021-12-01,47,86,23,2,158,3549,705
26820,"Idaho Falls, ID",2022-01-01,68,144,33,3,248,3797,773
26820,"Idaho Falls, ID",2022-02-01,56,73,17,0,146,3943,829
26820,"Idaho Falls, ID",2022-03-01,39,75,22,1,137,4080,868
26820,"Idaho Falls, ID",2022-04-01,33,89,20,2,144,4224,901
26820,"Idaho Falls, ID",2022-05-01,53,91,30,4,178,4402,954
26820,"Idaho Falls, ID",2022-06-01,31,58,14,1,104,4506,985
26820,"Idaho Falls, ID",2022-07-01,51,74,15,1,141,4647,1036
26820,"Idaho Falls, ID",2022-08-01,36,79,10,3,128,4775,1072
26820,"Idaho Falls, ID",2022-09-01,57,102,16,5,180,4955,1129
26820,"Idaho Falls, ID",2022-10-01,66,122,35,1,224,5179,1195
26820,"Idaho Falls, ID",2022-11-01,68,110,33,3,214,5393,1263
26820,"Idaho Falls, ID",2022-12-01,65,119,31,1,216,5609,1328
26820,"Idaho Falls, ID",2023-01-01,83,125,32,4,244,5853,1411
26820,"Idaho Falls, ID",2023-02-01,78,131,37,3,249,6102,1489
26820,"Idaho Falls, ID",2023-03-01,102,116,45,4,267,6369,1591
26820,"Idaho Falls, ID",2023-04-01,71,80,36,1,188,6557,1662
26820,"Idaho Falls, ID",2023-05-01,41,71,22,1,135,6692,1703
26820,"Idaho Falls, ID",2023-06-01,40,58,9,0,107,6799,1743
26820,"Idaho Falls, ID",2023-07-01,22,52,13,2,89,6888,1765
26820,"Idaho Falls, ID",2023-08-01,35,64,12,1,112,7000,1800
26820,"Idaho Falls, ID",2023-09-01,45,74,14,2,135,7135,1845
26820,"Idaho Falls, ID",2023-10-01,52,87,25,2,166,7301,1897
26820,"Idaho Falls, ID",2023-11-01,77,115,20,2,214,7515,1974
26820,"Idaho Falls, ID",2023-12-01,73,88,28,3,192,7707,2047
26820,"Idaho Falls, ID",2024-01-01,74,97,22,2,195,7902,2121
26820,"Idaho Falls, ID",2024-02-01,81,71,16,0,168,8070,2202
26820,"Idaho Falls, ID",2024-03-01,66,98,16,1,181,8251,2268
26820,"Idaho Falls, ID",2024-04-01,42,57,14,5,118,8369,2310
26820,"Idaho Falls, ID",2024-05-01,45,76,13,1,135,8504,2355
26820,"Idaho Falls, ID",2024-06-01,38,58,21,1,118,8622,2393
26820,"Idaho Falls, ID",2024-07-01,25,62,15,2,104,8726,2418
26820,"Idaho Falls, ID",2024-08-01,35,43,12,0,90,8816,2453
26820,"Idaho Falls, ID",2024-09-01,39,67,16,2,124,8940,2492
26820,"Idaho Falls, ID",2024-10-01,73,88,23,1,185,9125,2565
26820,"Idaho Falls, ID",2024-11-01,64,94,21,0,179,9304,2629
26820,"Idaho Falls, ID",2024-12-01,67,78,23,1,169,9473,2696
26820,"Idaho Falls, ID",2025-01-01,78,89,19,2,188,9661,2774
26820,"Idaho Falls, ID",2025-02-01,60,72,13,1,146,9807,2834
26820,"Idaho Falls, ID",2025-03-01,62,68,21,2,153,9960,2896
26820,"Idaho Falls, ID",2025-04-01,82,66,11,1,160,10120,2978
26820,"Idaho Falls, ID",2025-05-01,97,87,23,0,207,10327,3075
26820,"Idaho Falls, ID",2025-06-01,70,73,18,1,162,10489,3145
26820,"Idaho Falls, ID",2025-07-01,68,60,16,1,145,10634,3213
26820,"Idaho Falls, ID",2025-08-01,66,49,13,0,128,10762,3279
26820,"Idaho Falls, ID",2025-09-01,2,4,0,0,6,10768,3281
10100,"Aberdeen, SD",2019-01-01,0,1,0,0,1,1,0
10100,"Aberdeen, SD",2019-08-01,0,0,2,0,2,3,0
10100,"Aberdeen, SD",2019-11-01,0,1,0,0,1,4,0
10100,"Aberdeen, SD",2020-01-01,0,2,0,0,2,6,0
10100,"Aberdeen, SD",2020-02-01,0,0,0,1,1,7,0
10100,"Aberdeen, SD",2020-03-01,0,1,0,0,1,8,0
10100,"Aberdeen, SD",2020-04-01,3,8,0,0,11,19,3
10100,"Aberdeen, SD",2020-05-01,4,5,1,0,10,29,7
10100,"Aberdeen, SD",2020-06-01,1,4,0,0,5,34,8
10100,"Aberdeen, SD",2020-07-01,1,2,1,0,4,38,9
10100,"Aberdeen, SD",2020-08-01,1,5,0,0,6,44,10
10100,"Aberdeen, SD",2020-09-01,3,8,1,0,12,56,13
10100,"Aberdeen, SD",2020-10-01,3,9,2,0,14,70,16
10100,"Aberdeen, SD",2020-11-01,5,10,1,0,16,86,21
10100,"Aberdeen, SD",2020-12-01,5,14,2,0,21,107,26
10100,"Aberdeen, SD",2021-01-01,16,10,1,0,27,134,42
10100,"Aberdeen, SD",2021-02-01,8,12,3,0,23,157,50
10100,"Aberdeen, SD",2021-03-01,7,26,4,1,38,195,57
10100,"Aberdeen, SD",2021-04-01,7,18,4,2,31,226,64
10100,"Aberdeen, SD",2021-05-01,8,14,5,0,27,253,72
10100,"Aberdeen, SD",2021-06-01,10,24,4,0,38,291,82
10100,"Aberdeen, SD",2021-07-01,9,22,4,1,36,327,91
10100,"Aberdeen, SD",2021-08-01,3,16,2,0,21,348,94
10100,"Aberdeen, SD",2021-09-01,10,15,3,0,28,376,104
10100,"Aberdeen, SD",2021-10-01,10,15,3,0,28,404,114
10100,"Aberdeen, SD",2021-11-01,8,14,3,0,25,429,122
10100,"Aberdeen, SD",2021-12-01,6,14,3,0,23,452,128
10100,"Aberdeen, SD",2022-01-01,11,19,3,0,33,485,139
10100,"Aberdeen, SD",2022-02-01,4,11,2,0,17,502,143
10100,"Aberdeen, SD",2022-03-01,9,12,2,1,24,526,152
10100,"Aberdeen, SD",2022-04-01,15,11,5,0,31,557,167
10100,"Aberdeen, SD",2022-05-01,6,5,2,1,14,571,173
10100,"Aberdeen, SD",2022-06-01,6,15,1,0,22,593,179
10100,"Aberdeen, SD",2022-07-01,10,10,6,0,26,619,189
10100,"Aberdeen, SD",2022-08-01,3,15,4,0,22,641,192
10100,"Aberdeen, SD",2022-09-01,10,9,5,0,24,665,202
10100,"Aberdeen, SD",2022-10-01,9,16,4,0,29,694,211
10100,"Aberdeen, SD",2022-11-01,9,11,2,0,22,716,220
10100,"Aberdeen, SD",2022-12-01,6,13,6,0,25,741,226
10100,"Aberdeen, SD",2023-01-01,7,16,4,1,28,769,233
10100,"Aberdeen, SD",2023-02-01,9,12,2,0,23,792,242
10100,"Aberdeen, SD",2023-03-01,13,24,7,0,44,836,255
10100,"Aberdeen, SD",2023-04-01,8,15,5,0,28,864,263
10100,"Aberdeen, SD",2023-05-01,10,9,4,0,23,887,273
10100,"Aberdeen, SD",2023-06-01,15,13,2,0,30,917,288
10100,"Aberdeen, SD",2023-07-01,4,8,3,1,16,933,292
10100,"Aberdeen, SD",2023-08-01,11,11,3,0,25,958,303
10100,"Aberdeen, SD",2023-09-01,8,13,4,0,25,983,311
10100,"Aberdeen, SD",2023-10-01,5,13,2,0,20,1003,316
10100,"Aberdeen, SD",2023-11-01,8,11,5,0,24,1027,324
10100,"Aberdeen, SD",2023-12-01,12,15,4,0,31,1058,336
10100,"Aberdeen, SD",2024-01-01,5,12,4,0,21,1079,341
10100,"Aberdeen, SD",2024-02-01,6,10,4,1,21,1100,347
10100,"Aberdeen, SD",2024-03-01,10,9,2,1,22,1122,357
10100,"Aberdeen, SD",2024-04-01,7,15,2,0,24,1146,364
10100,"Aberdeen, SD",2024-05-01,11,11,6,0,28,1174,375
10100,"Aberdeen, SD",2024-06-01,6,5,1,0,12,1186,381
10100,"Aberdeen, SD",2024-07-01,2,3,3,0,8,1194,383
10100,"Aberdeen, SD",2024-08-01,2,5,1,0,8,1202,385
10100,"Aberdeen, SD",2024-09-01,7,3,4,0,14,1216,392
10100,"Aberdeen, SD",2024-10-01,4,10,1,0,15,1231,396
10100,"Aberdeen, SD",2024-11-01,1,6,2,0,9,1240,397
10100,"Aberdeen, SD",2024-12-01,6,15,3,0,24,1264,403
10100,"Aberdeen, SD",2025-01-01,7,15,3,0,25,1289,410
10100,"Aberdeen, SD",2025-02-01,7,10,4,0,21,1310,417
10100,"Aberdeen, SD",2025-03-01,14,17,1,0,32,1342,431
10100,"Aberdeen, SD",2025-04-01,16,12,5,0,33,1375,447
10100,"Aberdeen, SD",2025-05-01,6,9,3,0,18,1393,453
10100,"Aberdeen, SD",2025-06-01,1,5,2,1,9,1402,454
10100,"Aberdeen, SD",2025-07-01,1,4,0,0,5,1407,455
10100,"Aberdeen, SD",2025-08-01,11,13,6,0,30,1437,466
20140,"Dublin, GA",2019-01-01,0,2,0,0,2,2,0
20140,"Dublin, GA",2019-02-01,0,2,1,0,3,5,0
20140,"Dublin, GA",2019-03-01,0,2,1,0,3,8,0
20140,"Dublin, GA",2019-04-01,0,5,2,0,7,15,0
20140,"Dublin, GA",2019-05-01,0,4,1,1,6,21,0
20140,"Dublin, GA",2019-06-01,0,16,4,0,20,41,0
20140,"Dublin, GA",2019-07-01,1,12,6,0,19,60,1
20140,"Dublin, GA",2019-08-01,4,6,1,0,11,71,5
20140,"Dublin, GA",2019-09-01,0,12,0,0,12,83,5
20140,"Dublin, GA",2019-10-01,1,8,1,1,11,94,6
20140,"Dublin, GA",2019-11-01,2,9,2,0,13,107,8
20140,"Dublin, GA",2019-12-01,5,6,2,1,14,121,13
20140,"Dublin, GA",2020-01-01,0,9,2,0,11,132,13
20140,"Dublin, GA",2020-02-01,1,7,3,0,11,143,14
20140,"Dublin, GA",2020-03-01,0,10,2,0,12,155,14
20140,"Dublin, GA",2020-04-01,3,20,8,0,31,186,17
20140,"Dublin, GA",2020-05-01,8,22,8,1,39,225,25
20140,"Dublin, GA",2020-06-01,6,26,5,0,37,262,31
20140,"Dublin, GA",2020-07-01,6,28,9,0,43,305,37
20140,"Dublin, GA",2020-08-01,5,32,6,1,44,349,42
20140,"Dublin, GA",2020-09-01,7,26,4,0,37,386,49
20140,"Dublin, GA",2020-10-01,5,18,3,1,27,413,54
20140,"Dublin, GA",2020-11-01,5,24,3,1,33,446,59
20140,"Dublin, GA",2020-12-01,6,29,2,0,37,483,65
20140,"Dublin, GA",2021-01-01,8,43,8,2,61,544,73
20140,"Dublin, GA",2021-02-01,14,29,9,1,53,597,87
20140,"Dublin, GA",2021-03-01,7,40,10,1,58,655,94
20140,"Dublin, GA",2021-04-01,13,47,20,0,80,735,107
20140,"Dublin, GA",2021-05-01,12,55,16,1,84,819,119
20140,"Dublin, GA",2021-06-01,11,36,10,2,59,878,130
20140,"Dublin, GA",2021-07-01,12,36,11,1,60,938,142
20140,"Dublin, GA",2021-08-01,11,58,7,0,76,1014,153
20140,"Dublin, GA",2021-09-01,9,38,12,2,61,1075,162
20140,"Dublin, GA",2021-10-01,11,26,11,2,50,1125,173
20140,"Dublin, GA",2021-11-01,12,22,10,0,44,1169,185
20140,"Dublin, GA",2021-12-01,13,35,12,0,60,1229,198
20140,"Dublin, GA",2022-01-01,16,31,7,0,54,1283,214
20140,"Dublin, GA",2022-02-01,9,30,11,0,50,1333,223
20140,"Dublin, GA",2022-03-01,17,53,9,4,83,1416,240
20140,"Dublin, GA",2022-04-01,14,49,7,3,73,1489,254
20140,"Dublin, GA",2022-05-01,19,46,6,0,71,1560,273
20140,"Dublin, GA",2022-06-01,14,38,13,0,65,1625,287
20140,"Dublin, GA",2022-07-01,9,26,6,0,41,1666,296
20140,"Dublin, GA",2022-08-01,13,32,12,0,57,1723,309
20140,"Dublin, GA",2022-09-01,12,33,10,0,55,1778,321
20140,"Dublin, GA",2022-10-01,9,30,7,2,48,1826,330
20140,"Dublin, GA",2022-11-01,6,36,9,0,51,1877,336
20140,"Dublin, GA",2022-12-01,19,29,10,3,61,1938,355
20140,"Dublin, GA",2023-01-01,7,23,7,1,38,1976,362
20140,"Dublin, GA",2023-02-01,12,21,6,0,39,2015,374
20140,"Dublin, GA",2023-03-01,21,38,10,2,71,2086,395
20140,"Dublin, GA",2023-04-01,9,34,12,1,56,2142,404
20140,"Dublin, GA",2023-05-01,15,25,5,0,45,2187,419
20140,"Dublin, GA",2023-06-01,9,28,8,1,46,2233,428
20140,"Dublin, GA",2023-07-01,13,33,8,1,55,2288,441
20140,"Dublin, GA",2023-08-01,10,29,9,1,49,2337,451
20140,"Dublin, GA",2023-09-01,15,26,8,0,49,2386,466
20140,"Dublin, GA",2023-10-01,14,24,9,1,48,2434,480
20140,"Dublin, GA",2023-11-01,14,32,8,1,55,2489,494
20140,"Dublin, GA",2023-12-01,19,29,5,1,54,2543,513
20140,"Dublin, GA",2024-01-01,12,41,8,2,63,2606,525
20140,"Dublin, GA",2024-02-01,15,22,9,2,48,2654,540
20140,"Dublin, GA",2024-03-01,29,25,11,0,65,2719,569
20140,"Dublin, GA",2024-04-01,19,29,8,1,57,2776,588
20140,"Dublin, GA",2024-05-01,23,32,7,0,62,2838,611
20140,"Dublin, GA",2024-06-01,6,19,4,0,29,2867,617
20140,"Dublin, GA",2024-07-01,8,27,2,2,39,2906,625
20140,"Dublin, GA",2024-08-01,14,40,8,0,62,2968,639
20140,"Dublin, GA",2024-09-01,18,13,4,0,35,3003,657
20140,"Dublin, GA",2024-10-01,19,32,6,0,57,3060,676
20140,"Dublin, GA",2024-11-01,17,18,9,1,45,3105,693
20140,"Dublin, GA",2024-12-01,15,24,18,0,57,3162,708
20140,"Dublin, GA",2025-01-01,12,31,9,0,52,3214,720
20140,"Dublin, GA",2025-02-01,21,24,8,1,54,3268,741
20140,"Dublin, GA",2025-03-01,25,33,10,2,70,3338,766
20140,"Dublin, GA",2025-04-01,23,40,8,2,73,3411,789
20140,"Dublin, GA",2025-05-01,31,50,10,1,92,3503,820
20140,"Dublin, GA",2025-06-01,22,37,10,1,70,3573,842
20140,"Dublin, GA",2025-07-01,19,45,16,0,80,3653,861
20140,"Dublin, GA",2025-08-01,18,27,10,2,57,3710,879
20140,"Dublin, GA",2025-09-01,0,0,1,0,1,3711,879
35900,"North Wilkesboro, NC",2019-01-01,0,1,0,1,2,2,0
35900,"North Wilkesboro, NC",2019-02-01,0,1,0,0,1,3,0
35900,"North Wilkesboro, NC",2019-03-01,0,0,2,0,2,5,0
35900,"North Wilkesboro, NC",2019-04-01,0,0,2,0,2,7,0
35900,"North Wilkesboro, NC",2019-05-01,0,2,0,1,3,10,0
35900,"North Wilkesboro, NC",2019-06-01,1,6,2,1,10,20,1
35900,"North Wilkesboro, NC",2019-07-01,2,8,0,0,10,30,3
35900,"North Wilkesboro, NC",2019-08-01,2,12,0,0,14,44,5
35900,"North Wilkesboro, NC",2019-09-01,1,10,3,0,14,58,6
35900,"North Wilkesboro, NC",2019-10-01,1,8,0,0,9,67,7
35900,"North Wilkesboro, NC",2019-11-01,1,5,1,0,7,74,8
35900,"North Wilkesboro, NC",2019-12-01,0,8,1,0,9,83,8
35900,"North Wilkesboro, NC",2020-01-01,1,10,1,0,12,95,9
35900,"North Wilkesboro, NC",2020-02-01,0,6,1,0,7,102,9
35900,"North Wilkesboro, NC",2020-03-01,1,8,1,1,11,113,10
35900,"North Wilkesboro, NC",2020-04-01,3,9,2,1,15,128,13
35900,"North Wilkesboro, NC",2020-05-01,5,18,3,0,26,154,18
35900,"North Wilkesboro, NC",2020-06-01,4,15,1,0,20,174,22
35900,"North Wilkesboro, NC",2020-07-01,2,13,6,0,21,195,24
35900,"North Wilkesboro, NC",2020-08-01,3,10,3,0,16,211,27
35900,"North Wilkesboro, NC",2020-09-01,2,13,6,0,21,232,29
35900,"North Wilkesboro, NC",2020-10-01,4,8,4,0,16,248,33
35900,"North Wilkesboro, NC",2020-11-01,2,9,2,0,13,261,35
35900,"North Wilkesboro, NC",2020-12-01,6,17,4,2,29,290,41
35900,"North Wilkesboro, NC",2021-01-01,10,18,4,0,32,322,51
35900,"North Wilkesboro, NC",2021-02-01,7,14,7,0,28,350,58
35900,"North Wilkesboro, NC",2021-03-01,7,32,9,0,48,398,65
35900,"North Wilkesboro, NC",2021-04-01,11,21,4,2,38,436,76
35900,"North Wilkesboro, NC",2021-05-01,11,27,5,0,43,479,87
35900,"North Wilkesboro, NC",2021-06-01,8,22,4,1,35,514,95
35900,"North Wilkesboro, NC",2021-07-01,14,18,10,2,44,558,109
35900,"North Wilkesboro, NC",2021-08-01,6,37,6,1,50,608,115
35900,"North Wilkesboro, NC",2021-09-01,7,36,4,0,47,655,122
35900,"North Wilkesboro, NC",2021-10-01,1,13,5,1,20,675,123
35900,"North Wilkesboro, NC",2021-11-01,12,19,4,2,37,712,135
35900,"North Wilkesboro, NC",2021-12-01,5,19,7,2,33,745,140
35900,"North Wilkesboro, NC",2022-01-01,7,26,9,1,43,788,147
35900,"North Wilkesboro, NC",2022-02-01,12,30,4,1,47,835,159
35900,"North Wilkesboro, NC",2022-03-01,10,15,3,3,31,866,169
35900,"North Wilkesboro, NC",2022-04-01,6,18,5,2,31,897,175
35900,"North Wilkesboro, NC",2022-05-01,11,21,7,0,39,936,186
35900,"North Wilkesboro, NC",2022-06-01,11,13,5,1,30,966,197
35900,"North Wilkesboro, NC",2022-07-01,6,20,8,1,35,1001,203
35900,"North Wilkesboro, NC",2022-08-01,6,20,8,0,34,1035,209
35900,"North Wilkesboro, NC",2022-09-01,5,6,3,0,14,1049,214
35900,"North Wilkesboro, NC",2022-10-01,6,19,8,1,34,1083,220
35900,"North Wilkesboro, NC",2022-11-01,5,20,7,1,33,1116,225
35900,"North Wilkesboro, NC",2022-12-01,11,10,7,0,28,1144,236
35900,"North Wilkesboro, NC",2023-01-01,12,9,7,1,29,1173,248
35900,"North Wilkesboro, NC",2023-02-01,7,21,4,0,32,1205,255
35900,"North Wilkesboro, NC",2023-03-01,10,19,4,1,34,1239,265
35900,"North Wilkesboro, NC",2023-04-01,8,17,3,0,28,1267,273
35900,"North Wilkesboro, NC",2023-05-01,9,16,1,0,26,1293,282
35900,"North Wilkesboro, NC",2023-06-01,3,12,6,0,21,1314,285
35900,"North Wilkesboro, NC",2023-07-01,7,19,4,1,31,1345,292
35900,"North Wilkesboro, NC",2023-08-01,6,11,6,0,23,1368,298
35900,"North Wilkesboro, NC",2023-09-01,5,11,6,0,22,1390,303
35900,"North Wilkesboro, NC",2023-10-01,10,11,6,0,27,1417,313
35900,"North Wilkesboro, NC",2023-11-01,11,12,4,2,29,1446,324
35900,"North Wilkesboro, NC",2023-12-01,10,6,3,1,20,1466,334
35900,"North Wilkesboro, NC",2024-01-01,13,19,4,0,36,1502,347
35900,"North Wilkesboro, NC",2024-02-01,16,11,6,0,33,1535,363
35900,"North Wilkesboro, NC",2024-03-01,20,18,7,0,45,1580,383
35900,"North Wilkesboro, NC",2024-04-01,14,14,5,0,33,1613,397
35900,"North Wilkesboro, NC",2024-05-01,20,22,6,1,49,1662,417
35900,"North Wilkesboro, NC",2024-06-01,15,13,6,1,35,1697,432
35900,"North Wilkesboro, NC",2024-07-01,12,12,2,0,26,1723,444
35900,"North Wilkesboro, NC",2024-08-01,6,12,6,1,25,1748,450
35900,"North Wilkesboro, NC",2024-09-01,6,14,3,2,25,1773,456
35900,"North Wilkesboro, NC",2024-10-01,17,11,6,0,34,1807,473
35900,"North Wilkesboro, NC",2024-11-01,17,21,7,0,45,1852,490
35900,"North Wilkesboro, NC",2024-12-01,16,18,7,0,41,1893,506
35900,"North Wilkesboro, NC",2025-01-01,19,22,7,0,48,1941,525
35900,"North Wilkesboro, NC",2025-02-01,13,10,5,0,28,1969,538
35900,"North Wilkesboro, NC",2025-03-01,15,13,6,0,34,2003,553
35900,"North Wilkesboro, NC",2025-04-01,20,12,9,1,42,2045,573
35900,"North Wilkesboro, NC",2025-05-01,15,20,2,0,37,2082,588
35900,"North Wilkesboro, NC",2025-06-01,17,25,3,1,46,2128,605
35900,"North Wilkesboro, NC",2025-07-01,12,16,8,1,37,2165,617
35900,"North Wilkesboro, NC",2025-08-01,9,10,4,0,23,2188,626
11680,"Arkansas City-Winfield, KS",2019-04-01,0,1,0,0,1,1,0
11680,"Arkansas City-Winfield, KS",2019-05-01,0,1,0,0,1,2,0
11680,"Arkansas City-Winfield, KS",2019-06-01,0,1,0,0,1,3,0
11680,"Arkansas City-Winfield, KS",2019-07-01,0,0,0,0,0,3,0
11680,"Arkansas City-Winfield, KS",2019-08-01,0,1,0,0,1,4,0
11680,"Arkansas City-Winfield, KS",2019-09-01,0,1,0,0,1,5,0
11680,"Arkansas City-Winfield, KS",2019-12-01,0,1,0,0,1,6,0
11680,"Arkansas City-Winfield, KS",2020-01-01,0,1,1,0,2,8,0
11680,"Arkansas City-Winfield, KS",2020-02-01,0,2,0,0,2,10,0
11680,"Arkansas City-Winfield, KS",2020-03-01,1,6,0,0,7,17,1
11680,"Arkansas City-Winfield, KS",2020-04-01,3,2,0,0,5,22,4
11680,"Arkansas City-Winfield, KS",2020-05-01,2,2,0,0,4,26,6
11680,"Arkansas City-Winfield, KS",2020-07-01,0,4,0,0,4,30,6
11680,"Arkansas City-Winfield, KS",2020-08-01,1,5,2,0,8,38,7
11680,"Arkansas City-Winfield, KS",2020-09-01,0,3,0,0,3,41,7
11680,"Arkansas City-Winfield, KS",2020-10-01,1,2,0,0,3,44,8
11680,"Arkansas City-Winfield, KS",2020-11-01,2,1,0,0,3,47,10
11680,"Arkansas City-Winfield, KS",2020-12-01,3,2,1,1,7,54,13
11680,"Arkansas City-Winfield, KS",2021-01-01,1,3,1,0,5,59,14
11680,"Arkansas City-Winfield, KS",2021-02-01,3,10,3,0,16,75,17
11680,"Arkansas City-Winfield, KS",2021-03-01,9,14,5,0,28,103,26
11680,"Arkansas City-Winfield, KS",2021-04-01,5,14,4,0,23,126,31
11680,"Arkansas City-Winfield, KS",2021-05-01,3,15,7,3,28,154,34
11680,"Arkansas City-Winfield, KS",2021-06-01,3,13,5,0,21,175,37
11680,"Arkansas City-Winfield, KS",2021-07-01,7,5,1,0,13,188,44
11680,"Arkansas City-Winfield, KS",2021-08-01,13,17,0,0,30,218,57
11680,"Arkansas City-Winfield, KS",2021-09-01,7,21,6,0,34,252,64
11680,"Arkansas City-Winfield, KS",2021-10-01,6,15,4,1,26,278,70
11680,"Arkansas City-Winfield, KS",2021-11-01,14,13,2,0,29,307,84
11680,"Arkansas City-Winfield, KS",2021-12-01,6,11,2,0,19,326,90
11680,"Arkansas City-Winfield, KS",2022-01-01,5,14,1,1,21,347,95
11680,"Arkansas City-Winfield, KS",2022-02-01,5,15,3,1,24,371,100
11680,"Arkansas City-Winfield, KS",2022-03-01,8,22,5,0,35,406,108
11680,"Arkansas City-Winfield, KS",2022-04-01,9,12,3,0,24,430,117
11680,"Arkansas City-Winfield, KS",2022-05-01,4,8,4,0,16,446,121
11680,"Arkansas City-Winfield, KS",2022-06-01,4,6,1,0,11,457,125
11680,"Arkansas City-Winfield, KS",2022-07-01,4,7,2,1,14,471,129
11680,"Arkansas City-Winfield, KS",2022-08-01,6,11,6,0,23,494,135
11680,"Arkansas City-Winfield, KS",2022-09-01,2,11,4,0,17,511,137
11680,"Arkansas City-Winfield, KS",2022-10-01,7,7,3,0,17,528,144
11680,"Arkansas City-Winfield, KS",2022-11-01,6,5,0,0,11,539,150
11680,"Arkansas City-Winfield, KS",2022-12-01,3,11,2,1,17,556,153
11680,"Arkansas City-Winfield, KS",2023-01-01,12,8,4,0,24,580,165
11680,"Arkansas City-Winfield, KS",2023-02-01,7,4,5,1,17,597,172
11680,"Arkansas City-Winfield, KS",2023-03-01,8,12,3,0,23,620,180
11680,"Arkansas City-Winfield, KS",2023-04-01,6,6,1,0,13,633,186
11680,"Arkansas City-Winfield, KS",2023-05-01,4,9,4,1,18,651,190
11680,"Arkansas City-Winfield, KS",2023-06-01,1,6,3,0,10,661,191
11680,"Arkansas City-Winfield, KS",2023-07-01,4,12,3,1,20,681,195
11680,"Arkansas City-Winfield, KS",2023-08-01,2,4,2,0,8,689,197
11680,"Arkansas City-Winfield, KS",2023-09-01,1,5,1,0,7,696,198
11680,"Arkansas City-Winfield, KS",2023-10-01,7,6,3,1,17,713,205
11680,"Arkansas City-Winfield, KS",2023-11-01,9,5,4,0,18,731,214
11680,"Arkansas City-Winfield, KS",2023-12-01,14,8,3,0,25,756,228
11680,"Arkansas City-Winfield, KS",2024-01-01,13,11,5,1,30,786,241
11680,"Arkansas City-Winfield, KS",2024-02-01,5,8,6,0,19,805,246
11680,"Arkansas City-Winfield, KS",2024-03-01,8,10,5,0,23,828,254
11680,"Arkansas City-Winfield, KS",2024-04-01,7,5,1,0,13,841,261
11680,"Arkansas City-Winfield, KS",2024-05-01,5,3,0,0,8,849,266
11680,"Arkansas City-Winfield, KS",2024-06-01,4,3,2,0,9,858,270
11680,"Arkansas City-Winfield, KS",2024-07-01,6,3,2,0,11,869,276
11680,"Arkansas City-Winfield, KS",2024-08-01,6,6,2,0,14,883,282
11680,"Arkansas City-Winfield, KS",2024-09-01,7,8,2,0,17,900,289
11680,"Arkansas City-Winfield, KS",2024-10-01,12,3,2,0,17,917,301
11680,"Arkansas City-Winfield, KS",2024-11-01,10,8,2,0,20,937,311
11680,"Arkansas City-Winfield, KS",2024-12-01,14,11,3,0,28,965,325
11680,"Arkansas City-Winfield, KS",2025-01-01,16,12,3,0,31,996,341
11680,"Arkansas City-Winfield, KS",2025-02-01,12,11,5,0,28,1024,353
11680,"Arkansas City-Winfield, KS",2025-03-01,19,9,3,0,31,1055,372
11680,"Arkansas City-Winfield, KS",2025-04-01,9,8,4,0,21,1076,381
11680,"Arkansas City-Winfield, KS",2025-05-01,18,10,3,0,31,1107,399
11680,"Arkansas City-Winfield, KS",2025-06-01,14,11,2,0,27,1134,413
11680,"Arkansas City-Winfield, KS",2025-07-01,8,6,1,0,15,1149,421
11680,"Arkansas City-Winfield, KS",2025-08-01,10,9,2,0,21,1170,431
13980,"Blacksburg-Christiansburg-Radford, VA",2019-01-01,0,13,3,0,16,16,0
13980,"Blacksburg-Christiansburg-Radford, VA",2019-02-01,2,20,11,0,33,49,2
13980,"Blacksburg-Christiansburg-Radford, VA",2019-03-01,2,41,8,0,51,100,4
13980,"Blacksburg-Christiansburg-Radford, VA",2019-04-01,1,55,7,1,64,164,5
13980,"Blacksburg-Christiansburg-Radford, VA",2019-05-01,3,63,9,1,76,240,8
13980,"Blacksburg-Christiansburg-Radford, VA",2019-06-01,4,43,3,1,51,291,12
13980,"Blacksburg-Christiansburg-Radford, VA",2019-07-01,11,56,1,1,69,360,23
13980,"Blacksburg-Christiansburg-Radford, VA",2019-08-01,2,59,9,0,70,430,25
13980,"Blacksburg-Christiansburg-Radford, VA",2019-09-01,3,74,9,2,88,518,28
13980,"Blacksburg-Christiansburg-Radford, VA",2019-10-01,11,53,4,0,68,586,39
13980,"Blacksburg-Christiansburg-Radford, VA",2019-11-01,16,60,11,0,87,673,55
13980,"Blacksburg-Christiansburg-Radford, VA",2019-12-01,9,59,9,0,77,750,64
13980,"Blacksburg-Christiansburg-Radford, VA",2020-01-01,10,46,8,0,64,814,74
13980,"Blacksburg-Christiansburg-Radford, VA",2020-02-01,13,63,12,0,88,902,87
13980,"Blacksburg-Christiansburg-Radford, VA",2020-03-01,23,82,15,1,121,1023,110
13980,"Blacksburg-Christiansburg-Radford, VA",2020-04-01,76,176,25,1,278,1301,186
13980,"Blacksburg-Christiansburg-Radford, VA",2020-05-01,171,231,17,2,421,1722,357
13980,"Blacksburg-Christiansburg-Radford, VA",2020-06-01,85,134,14,2,235,1957,442
13980,"Blacksburg-Christiansburg-Radford, VA",2020-07-01,92,180,19,2,293,2250,534
13980,"Blacksburg-Christiansburg-Radford, VA",2020-08-01,108,275,36,4,423,2673,642
13980,"Blacksburg-Christiansburg-Radford, VA",2020-09-01,110,237,23,3,373,3046,752
13980,"Blacksburg-Christiansburg-Radford, VA",2020-10-01,60,162,14,2,238,3284,812
13980,"Blacksburg-Christiansburg-Radford, VA",2020-11-01,52,87,15,2,156,3440,864
13980,"Blacksburg-Christiansburg-Radford, VA",2020-12-01,61,79,8,1,149,3589,925
13980,"Blacksburg-Christiansburg-Radford, VA",2021-01-01,80,136,22,2,240,3829,1005
13980,"Blacksburg-Christiansburg-Radford, VA",2021-02-01,96,132,11,2,241,4070,1101
13980,"Blacksburg-Christiansburg-Radford, VA",2021-03-01,171,235,32,4,442,4512,1272
13980,"Blacksburg-Christiansburg-Radford, VA",2021-04-01,107,165,24,0,296,4808,1379
13980,"Blacksburg-Christiansburg-Radford, VA",2021-05-01,129,176,24,1,330,5138,1508
13980,"Blacksburg-Christiansburg-Radford, VA",2021-06-01,93,124,21,1,239,5377,1601
13980,"Blacksburg-Christiansburg-Radford, VA",2021-07-01,66,70,7,0,143,5520,1667
13980,"Blacksburg-Christiansburg-Radford, VA",2021-08-01,91,126,14,0,231,5751,1758
13980,"Blacksburg-Christiansburg-Radford, VA",2021-09-01,106,150,35,5,296,6047,1864
13980,"Blacksburg-Christiansburg-Radford, VA",2021-10-01,65,80,13,2,160,6207,1929
13980,"Blacksburg-Christiansburg-Radford, VA",2021-11-01,64,77,21,0,162,6369,1993
13980,"Blacksburg-Christiansburg-Radford, VA",2021-12-01,115,78,15,2,210,6579,2108
13980,"Blacksburg-Christiansburg-Radford, VA",2022-01-01,148,154,28,5,335,6914,2256
13980,"Blacksburg-Christiansburg-Radford, VA",2022-02-01,121,141,22,1,285,7199,2377
13980,"Blacksburg-Christiansburg-Radford, VA",2022-03-01,94,103,18,3,218,7417,2471
13980,"Blacksburg-Christiansburg-Radford, VA",2022-04-01,86,96,18,5,205,7622,2557
13980,"Blacksburg-Christiansburg-Radford, VA",2022-05-01,98,93,21,1,213,7835,2655
13980,"Blacksburg-Christiansburg-Radford, VA",2022-06-01,53,75,8,0,136,7971,2708
13980,"Blacksburg-Christiansburg-Radford, VA",2022-07-01,74,53,24,2,153,8124,2782
13980,"Blacksburg-Christiansburg-Radford, VA",2022-08-01,88,70,20,2,180,8304,2870
13980,"Blacksburg-Christiansburg-Radford, VA",2022-09-01,87,79,25,1,192,8496,2957
13980,"Blacksburg-Christiansburg-Radford, VA",2022-10-01,110,77,18,1,206,8702,3067
13980,"Blacksburg-Christiansburg-Radford, VA",2022-11-01,100,64,19,2,185,8887,3167
13980,"Blacksburg-Christiansburg-Radford, VA",2022-12-01,163,82,17,4,266,9153,3330
13980,"Blacksburg-Christiansburg-Radford, VA",2023-01-01,115,88,26,4,233,9386,3445
13980,"Blacksburg-Christiansburg-Radford, VA",2023-02-01,94,83,16,1,194,9580,3539
13980,"Blacksburg-Christiansburg-Radford, VA",2023-03-01,147,91,23,2,263,9843,3686
13980,"Blacksburg-Christiansburg-Radford, VA",2023-04-01,88,53,29,1,171,10014,3774
13980,"Blacksburg-Christiansburg-Radford, VA",2023-05-01,76,50,8,1,135,10149,3850
13980,"Blacksburg-Christiansburg-Radford, VA",2023-06-01,51,53,10,2,116,10265,3901
13980,"Blacksburg-Christiansburg-Radford, VA",2023-07-01,37,38,12,0,87,10352,3938
13980,"Blacksburg-Christiansburg-Radford, VA",2023-08-01,72,64,18,1,155,10507,4010
13980,"Blacksburg-Christiansburg-Radford, VA",2023-09-01,98,65,9,3,175,10682,4108
13980,"Blacksburg-Christiansburg-Radford, VA",2023-10-01,101,57,23,5,186,10868,4209
13980,"Blacksburg-Christiansburg-Radford, VA",2023-11-01,84,62,15,3,164,11032,4293
13980,"Blacksburg-Christiansburg-Radford, VA",2023-12-01,143,63,12,4,222,11254,4436
13980,"Blacksburg-Christiansburg-Radford, VA",2024-01-01,125,70,15,1,211,11465,4561
13980,"Blacksburg-Christiansburg-Radford, VA",2024-02-01,118,57,12,0,187,11652,4679
13980,"Blacksburg-Christiansburg-Radford, VA",2024-03-01,131,69,13,1,214,11866,4810
13980,"Blacksburg-Christiansburg-Radford, VA",2024-04-01,102,57,13,3,175,12041,4912
13980,"Blacksburg-Christiansburg-Radford, VA",2024-05-01,95,64,13,5,177,12218,5007
13980,"Blacksburg-Christiansburg-Radford, VA",2024-06-01,69,54,8,6,137,12355,5076
13980,"Blacksburg-Christiansburg-Radford, VA",2024-07-01,54,35,12,1,102,12457,5130
13980,"Blacksburg-Christiansburg-Radford, VA",2024-08-01,33,54,13,3,103,12560,5163
13980,"Blacksburg-Christiansburg-Radford, VA",2024-09-01,82,52,14,1,149,12709,5245
13980,"Blacksburg-Christiansburg-Radford, VA",2024-10-01,143,79,28,3,253,12962,5388
13980,"Blacksburg-Christiansburg-Radford, VA",2024-11-01,123,63,10,2,198,13160,5511
13980,"Blacksburg-Christiansburg-Radford, VA",2024-12-01,149,50,15,1,215,13375,5660
13980,"Blacksburg-Christiansburg-Radford, VA",2025-01-01,128,49,16,1,194,13569,5788
13980,"Blacksburg-Christiansburg-Radford, VA",2025-02-01,176,54,15,1,246,13815,5964
13980,"Blacksburg-Christiansburg-Radford, VA",2025-03-01,153,48,13,1,215,14030,6117
13980,"Blacksburg-Christiansburg-Radford, VA",2025-04-01,141,39,16,1,197,14227,6258
13980,"Blacksburg-Christiansburg-Radford, VA",2025-05-01,106,53,19,4,182,14409,6364
13980,"Blacksburg-Christiansburg-Radford, VA",2025-06-01,133,62,15,0,210,14619,6497
13980,"Blacksburg-Christiansburg-Radford, VA",2025-07-01,88,48,15,2,153,14772,6585
13980,"Blacksburg-Christiansburg-Radford, VA",2025-08-01,93,70,12,0,175,14947,6678
13980,"Blacksburg-Christiansburg-Radford, VA",2025-09-01,4,0,1,0,5,14952,6682
32620,"McComb, MS",2019-01-01,0,1,2,0,3,3,0
32620,"McComb, MS",2019-02-01,0,1,0,0,1,4,0
32620,"McComb, MS",2019-03-01,0,0,1,0,1,5,0
32620,"McComb, MS",2019-04-01,0,2,2,0,4,9,0
32620,"McComb, MS",2019-05-01,0,0,0,0,0,9,0
32620,"McComb, MS",2019-06-01,0,2,0,0,2,11,0
32620,"McComb, MS",2019-07-01,2,10,3,0,15,26,2
32620,"McComb, MS",2019-08-01,0,14,7,0,21,47,2
32620,"McComb, MS",2019-09-01,2,9,4,1,16,63,4
32620,"McComb, MS",2019-10-01,1,8,1,0,10,73,5
32620,"McComb, MS",2019-11-01,0,9,3,0,12,85,5
32620,"McComb, MS",2019-12-01,0,14,1,1,16,101,5
32620,"McComb, MS",2020-01-01,1,8,0,0,9,110,6
32620,"McComb, MS",2020-02-01,3,4,2,1,10,120,9
32620,"McComb, MS",2020-03-01,3,12,1,0,16,136,12
32620,"McComb, MS",2020-04-01,3,17,4,0,24,160,15
32620,"McComb, MS",2020-05-01,2,12,1,0,15,175,17
32620,"McComb, MS",2020-06-01,4,14,5,0,23,198,21
32620,"McComb, MS",2020-07-01,6,14,4,0,24,222,27
32620,"McComb, MS",2020-08-01,3,21,5,2,31,253,30
32620,"McComb, MS",2020-09-01,4,17,3,1,25,278,34
32620,"McComb, MS",2020-10-01,4,15,4,0,23,301,38
32620,"McComb, MS",2020-11-01,3,19,4,0,26,327,41
32620,"McComb, MS",2020-12-01,8,8,3,0,19,346,49
32620,"McComb, MS",2021-01-01,7,24,6,1,38,384,56
32620,"McComb, MS",2021-02-01,5,24,1,0,30,414,61
32620,"McComb, MS",2021-03-01,14,18,2,0,34,448,75
32620,"McComb, MS",2021-04-01,10,23,8,0,41,489,85
32620,"McComb, MS",2021-05-01,17,38,2,0,57,546,102
32620,"McComb, MS",2021-06-01,8,34,10,0,52,598,110
32620,"McComb, MS",2021-07-01,16,38,6,1,61,659,126
32620,"McComb, MS",2021-08-01,7,33,8,1,49,708,133
32620,"McComb, MS",2021-09-01,5,29,5,1,40,748,138
32620,"McComb, MS",2021-10-01,2,24,2,0,28,776,140
32620,"McComb, MS",2021-11-01,9,35,4,1,49,825,149
32620,"McComb, MS",2021-12-01,13,20,4,1,38,863,162
32620,"McComb, MS",2022-01-01,8,33,8,0,49,912,170
32620,"McComb, MS",2022-02-01,9,25,7,2,43,955,179
32620,"McComb, MS",2022-03-01,11,25,10,0,46,1001,190
32620,"McComb, MS",2022-04-01,6,47,4,2,59,1060,196
32620,"McComb, MS",2022-05-01,11,32,9,1,53,1113,207
32620,"McComb, MS",2022-06-01,14,24,5,0,43,1156,221
32620,"McComb, MS",2022-07-01,9,20,9,0,38,1194,230
32620,"McComb, MS",2022-08-01,10,14,6,0,30,1224,240
32620,"McComb, MS",2022-09-01,5,15,4,0,24,1248,245
32620,"McComb, MS",2022-10-01,15,15,3,1,34,1282,260
32620,"McComb, MS",2022-11-01,6,16,4,0,26,1308,266
32620,"McComb, MS",2022-12-01,14,18,7,0,39,1347,280
32620,"McComb, MS",2023-01-01,6,19,9,1,35,1382,286
32620,"McComb, MS",2023-02-01,10,17,8,0,35,1417,296
32620,"McComb, MS",2023-03-01,15,18,7,1,41,1458,311
32620,"McComb, MS",2023-04-01,19,17,1,2,39,1497,330
32620,"McComb, MS",2023-05-01,9,23,3,1,36,1533,339
32620,"McComb, MS",2023-06-01,14,17,7,1,39,1572,353
32620,"McComb, MS",2023-07-01,14,21,4,0,39,1611,367
32620,"McComb, MS",2023-08-01,10,27,6,1,44,1655,377
32620,"McComb, MS",2023-09-01,10,24,2,1,37,1692,387
32620,"McComb, MS",2023-10-01,22,22,5,0,49,1741,409
32620,"McComb, MS",2023-11-01,12,19,14,0,45,1786,421
32620,"McComb, MS",2023-12-01,17,26,5,0,48,1834,438
32620,"McComb, MS",2024-01-01,15,16,3,2,36,1870,453
32620,"McComb, MS",2024-02-01,22,20,4,0,46,1916,475
32620,"McComb, MS",2024-03-01,19,22,10,0,51,1967,494
32620,"McComb, MS",2024-04-01,20,28,3,0,51,2018,514
32620,"McComb, MS",2024-05-01,16,31,9,0,56,2074,530
32620,"McComb, MS",2024-06-01,32,28,7,1,68,2142,562
32620,"McComb, MS",2024-07-01,20,14,8,1,43,2185,582
32620,"McComb, MS",2024-08-01,13,24,4,0,41,2226,595
32620,"McComb, MS",2024-09-01,15,16,5,1,37,2263,610
32620,"McComb, MS",2024-10-01,14,12,6,1,33,2296,624
32620,"McComb, MS",2024-11-01,23,23,1,0,47,2343,647
32620,"McComb, MS",2024-12-01,23,25,6,1,55,2398,670
32620,"McComb, MS",2025-01-01,16,17,5,0,38,2436,686
32620,"McComb, MS",2025-02-01,19,19,5,0,43,2479,705
32620,"McComb, MS",2025-03-01,17,18,5,1,41,2520,722
32620,"McComb, MS",2025-04-01,25,27,3,2,57,2577,747
32620,"McComb, MS",2025-05-01,34,25,9,1,69,2646,781
32620,"McComb, MS",2025-06-01,25,32,9,1,67,2713,806
32620,"McComb, MS",2025-07-01,20,35,11,3,69,2782,826
32620,"McComb, MS",2025-08-01,21,27,5,0,53,2835,847
11860,"Atchison, KS",2019-02-01,0,2,0,0,2,2,0
11860,"Atchison, KS",2019-03-01,0,0,1,0,1,3,0
11860,"Atchison, KS",2019-04-01,0,1,0,0,1,4,0
11860,"Atchison, KS",2019-05-01,0,0,1,0,1,5,0
11860,"Atchison, KS",2019-06-01,0,1,0,0,1,6,0
11860,"Atchison, KS",2019-07-01,0,1,0,0,1,7,0
11860,"Atchison, KS",2019-08-01,0,0,1,0,1,8,0
11860,"Atchison, KS",2019-10-01,0,1,0,0,1,9,0
11860,"Atchison, KS",2019-11-01,0,1,0,0,1,10,0
11860,"Atchison, KS",2019-12-01,0,1,0,0,1,11,0
11860,"Atchison, KS",2020-01-01,0,1,0,0,1,12,0
11860,"Atchison, KS",2020-03-01,0,1,1,2,4,16,0
11860,"Atchison, KS",2020-04-01,2,1,0,0,3,19,2
11860,"Atchison, KS",2020-05-01,0,2,0,0,2,21,2
11860,"Atchison, KS",2020-06-01,0,1,0,0,1,22,2
11860,"Atchison, KS",2020-07-01,0,1,1,0,2,24,2
11860,"Atchison, KS",2020-08-01,2,3,0,0,5,29,4
11860,"Atchison, KS",2020-09-01,3,5,0,0,8,37,7
11860,"Atchison, KS",2020-10-01,0,1,0,0,1,38,7
11860,"Atchison, KS",2020-11-01,0,2,2,0,4,42,7
11860,"Atchison, KS",2021-01-01,2,1,2,0,5,47,9
11860,"Atchison, KS",2021-02-01,2,2,0,0,4,51,11
11860,"Atchison, KS",2021-03-01,0,7,0,0,7,58,11
11860,"Atchison, KS",2021-04-01,1,7,1,0,9,67,12
11860,"Atchison, KS",2021-05-01,3,5,1,0,9,76,15
11860,"Atchison, KS",2021-06-01,1,3,1,0,5,81,16
11860,"Atchison, KS",2021-07-01,0,7,0,0,7,88,16
11860,"Atchison, KS",2021-08-01,0,1,0,0,1,89,16
11860,"Atchison, KS",2021-09-01,2,5,1,0,8,97,18
11860,"Atchison, KS",2021-10-01,7,6,5,1,19,116,25
11860,"Atchison, KS",2021-11-01,3,8,0,1,12,128,28
11860,"Atchison, KS",2021-12-01,0,10,3,0,13,141,28
11860,"Atchison, KS",2022-01-01,6,11,3,0,20,161,34
11860,"Atchison, KS",2022-02-01,5,10,1,0,16,177,39
11860,"Atchison, KS",2022-03-01,7,17,1,1,26,203,46
11860,"Atchison, KS",2022-04-01,2,12,1,0,15,218,48
11860,"Atchison, KS",2022-05-01,2,7,2,0,11,229,50
11860,"Atchison, KS",2022-06-01,4,6,2,0,12,241,54
11860,"Atchison, KS",2022-07-01,1,7,4,0,12,253,55
11860,"Atchison, KS",2022-08-01,3,5,3,0,11,264,58
11860,"Atchison, KS",2022-09-01,2,7,2,0,11,275,60
11860,"Atchison, KS",2022-10-01,6,6,4,1,17,292,66
11860,"Atchison, KS",2022-11-01,4,5,0,1,10,302,70
11860,"Atchison, KS",2022-12-01,3,2,4,0,9,311,73
11860,"Atchison, KS",2023-01-01,3,6,1,0,10,321,76
11860,"Atchison, KS",2023-02-01,2,6,1,0,9,330,78
11860,"Atchison, KS",2023-03-01,7,6,1,0,14,344,85
11860,"Atchison, KS",2023-04-01,3,5,0,0,8,352,88
11860,"Atchison, KS",2023-05-01,1,9,1,0,11,363,89
11860,"Atchison, KS",2023-06-01,4,5,0,0,9,372,93
11860,"Atchison, KS",2023-07-01,6,3,0,0,9,381,99
11860,"Atchison, KS",2023-08-01,0,5,2,0,7,388,99
11860,"Atchison, KS",2023-09-01,5,9,7,0,21,409,104
11860,"Atchison, KS",2023-10-01,6,4,3,0,13,422,110
11860,"Atchison, KS",2023-11-01,4,4,3,0,11,433,114
11860,"Atchison, KS",2023-12-01,4,6,2,0,12,445,118
11860,"Atchison, KS",2024-01-01,9,9,3,0,21,466,127
11860,"Atchison, KS",2024-02-01,10,4,4,0,18,484,137
11860,"Atchison, KS",2024-03-01,7,7,3,0,17,501,144
11860,"Atchison, KS",2024-04-01,2,4,3,0,9,510,146
11860,"Atchison, KS",2024-05-01,10,8,2,0,20,530,156
11860,"Atchison, KS",2024-06-01,5,1,0,0,6,536,161
11860,"Atchison, KS",2024-07-01,3,3,0,0,6,542,164
11860,"Atchison, KS",2024-08-01,1,0,1,0,2,544,165
11860,"Atchison, KS",2024-09-01,5,1,3,0,9,553,170
11860,"Atchison, KS",2024-10-01,13,9,2,0,24,577,183
11860,"Atchison, KS",2024-11-01,14,6,1,0,21,598,197
11860,"Atchison, KS",2024-12-01,8,7,3,1,19,617,205
11860,"Atchison, KS",2025-01-01,8,5,2,0,15,632,213
11860,"Atchison, KS",2025-02-01,6,3,2,0,11,643,219
11860,"Atchison, KS",2025-03-01,10,5,0,0,15,658,229
11860,"Atchison, KS",2025-04-01,6,7,0,0,13,671,235
11860,"Atchison, KS",2025-05-01,7,8,1,0,16,687,242
11860,"Atchison, KS",2025-06-01,13,5,0,0,18,705,255
11860,"Atchison, KS",2025-07-01,8,6,1,0,15,720,263
11860,"Atchison, KS",2025-08-01,6,6,1,1,14,734,269
32460,"Mayfield, KY",2019-01-01,0,2,0,0,2,2,0
32460,"Mayfield, KY",2019-02-01,0,1,0,0,1,3,0
32460,"Mayfield, KY",2019-03-01,0,1,0,0,1,4,0
32460,"Mayfield, KY",2019-04-01,0,1,0,0,1,5,0
32460,"Mayfield, KY",2019-05-01,0,5,0,0,5,10,0
32460,"Mayfield, KY",2019-06-01,0,1,0,0,1,11,0
32460,"Mayfield, KY",2019-07-01,0,2,0,0,2,13,0
32460,"Mayfield, KY",2019-09-01,0,5,0,0,5,18,0
32460,"Mayfield, KY",2019-10-01,0,3,2,0,5,23,0
32460,"Mayfield, KY",2019-11-01,0,4,1,0,5,28,0
32460,"Mayfield, KY",2019-12-01,1,3,0,0,4,32,1
32460,"Mayfield, KY",2020-01-01,1,5,0,0,6,38,2
32460,"Mayfield, KY",2020-02-01,0,2,1,0,3,41,2
32460,"Mayfield, KY",2020-03-01,1,3,0,0,4,45,3
32460,"Mayfield, KY",2020-04-01,0,5,0,0,5,50,3
32460,"Mayfield, KY",2020-05-01,5,7,2,0,14,64,8
32460,"Mayfield, KY",2020-06-01,1,11,0,0,12,76,9
32460,"Mayfield, KY",2020-07-01,0,8,3,0,11,87,9
32460,"Mayfield, KY",2020-08-01,1,12,4,0,17,104,10
32460,"Mayfield, KY",2020-09-01,1,10,1,1,13,117,11
32460,"Mayfield, KY",2020-10-01,1,16,5,0,22,139,12
32460,"Mayfield, KY",2020-11-01,3,13,5,0,21,160,15
32460,"Mayfield, KY",2020-12-01,3,17,8,1,29,189,18
32460,"Mayfield, KY",2021-01-01,3,26,1,0,30,219,21
32460,"Mayfield, KY",2021-02-01,4,18,3,0,25,244,25
32460,"Mayfield, KY",2021-03-01,6,24,8,0,38,282,31
32460,"Mayfield, KY",2021-04-01,4,29,3,0,36,318,35
32460,"Mayfield, KY",2021-05-01,3,44,4,0,51,369,38
32460,"Mayfield, KY",2021-06-01,4,30,4,0,38,407,42
32460,"Mayfield, KY",2021-07-01,9,28,12,0,49,456,51
32460,"Mayfield, KY",2021-08-01,3,34,9,1,47,503,54
32460,"Mayfield, KY",2021-09-01,5,28,9,0,42,545,59
32460,"Mayfield, KY",2021-10-01,3,18,6,0,27,572,62
32460,"Mayfield, KY",2021-11-01,4,20,3,0,27,599,66
32460,"Mayfield, KY",2021-12-01,5,20,7,0,32,631,71
32460,"Mayfield, KY",2022-01-01,9,30,6,0,45,676,80
32460,"Mayfield, KY",2022-02-01,6,30,3,0,39,715,86
32460,"Mayfield, KY",2022-03-01,5,30,9,0,44,759,91
32460,"Mayfield, KY",2022-04-01,8,26,5,2,41,800,99
32460,"Mayfield, KY",2022-05-01,4,25,4,0,33,833,103
32460,"Mayfield, KY",2022-06-01,7,26,9,0,42,875,110
32460,"Mayfield, KY",2022-07-01,5,22,8,1,36,911,115
32460,"Mayfield, KY",2022-08-01,8,24,2,0,34,945,123
32460,"Mayfield, KY",2022-09-01,8,12,2,1,23,968,131
32460,"Mayfield, KY",2022-10-01,10,11,6,1,28,996,141
32460,"Mayfield, KY",2022-11-01,6,15,2,1,24,1020,147
32460,"Mayfield, KY",2022-12-01,10,22,7,1,40,1060,157
32460,"Mayfield, KY",2023-01-01,8,13,7,0,28,1088,165
32460,"Mayfield, KY",2023-02-01,10,16,7,0,33,1121,175
32460,"Mayfield, KY",2023-03-01,12,35,8,1,56,1177,187
32460,"Mayfield, KY",2023-04-01,5,21,6,2,34,1211,192
32460,"Mayfield, KY",2023-05-01,12,19,5,0,36,1247,204
32460,"Mayfield, KY",2023-06-01,6,17,9,0,32,1279,210
32460,"Mayfield, KY",2023-07-01,4,16,4,0,24,1303,214
32460,"Mayfield, KY",2023-08-01,8,14,8,0,30,1333,222
32460,"Mayfield, KY",2023-09-01,7,23,4,1,35,1368,229
32460,"Mayfield, KY",2023-10-01,7,15,8,0,30,1398,236
32460,"Mayfield, KY",2023-11-01,5,17,9,0,31,1429,241
32460,"Mayfield, KY",2023-12-01,6,18,11,0,35,1464,247
32460,"Mayfield, KY",2024-01-01,6,16,7,3,32,1496,253
32460,"Mayfield, KY",2024-02-01,6,19,3,0,28,1524,259
32460,"Mayfield, KY",2024-03-01,8,17,5,0,30,1554,267
32460,"Mayfield, KY",2024-04-01,12,22,7,1,42,1596,279
32460,"Mayfield, KY",2024-05-01,5,23,2,0,30,1626,284
32460,"Mayfield, KY",2024-06-01,9,9,8,2,28,1654,293
32460,"Mayfield, KY",2024-07-01,0,15,6,1,22,1676,293
32460,"Mayfield, KY",2024-08-01,3,9,5,1,18,1694,296
32460,"Mayfield, KY",2024-09-01,10,8,3,0,21,1715,306
32460,"Mayfield, KY",2024-10-01,9,31,9,0,49,1764,315
32460,"Mayfield, KY",2024-11-01,9,32,7,1,49,1813,324
32460,"Mayfield, KY",2024-12-01,21,17,5,0,43,1856,345
32460,"Mayfield, KY",2025-01-01,10,23,5,0,38,1894,355
32460,"Mayfield, KY",2025-02-01,10,19,5,2,36,1930,365
32460,"Mayfield, KY",2025-03-01,6,18,7,0,31,1961,371
32460,"Mayfield, KY",2025-04-01,4,24,5,1,34,1995,375
32460,"Mayfield, KY",2025-05-01,11,26,4,2,43,2038,386
32460,"Mayfield, KY",2025-06-01,10,28,5,1,44,2082,396
32460,"Mayfield, KY",2025-07-01,8,12,7,1,28,2110,404
32460,"Mayfield, KY",2025-08-01,12,19,4,0,35,2145,416
33220,"Midland, MI",2019-01-01,1,3,2,0,6,6,1
33220,"Midland, MI",2019-02-01,0,19,8,0,27,33,1
33220,"Midland, MI",2019-03-01,2,26,6,1,35,68,3
33220,"Midland, MI",2019-04-01,3,19,6,2,30,98,6
33220,"Midland, MI",2019-05-01,3,16,5,1,25,123,9
33220,"Midland, MI",2019-06-01,1,17,8,1,27,150,10
33220,"Midland, MI",2019-07-01,0,13,6,0,19,169,10
33220,"Midland, MI",2019-08-01,2,19,6,0,27,196,12
33220,"Midland, MI",2019-09-01,1,10,1,1,13,209,13
33220,"Midland, MI",2019-10-01,0,13,3,0,16,225,13
33220,"Midland, MI",2019-11-01,3,16,4,1,24,249,16
33220,"Midland, MI",2019-12-01,2,13,5,0,20,269,18
33220,"Midland, MI",2020-01-01,1,17,1,0,19,288,19
33220,"Midland, MI",2020-02-01,5,15,3,0,23,311,24
33220,"Midland, MI",2020-03-01,6,23,4,1,34,345,30
33220,"Midland, MI",2020-04-01,18,47,13,1,79,424,48
33220,"Midland, MI",2020-05-01,36,70,16,2,124,548,84
33220,"Midland, MI",2020-06-01,26,71,7,2,106,654,110
33220,"Midland, MI",2020-07-01,29,84,23,0,136,790,139
33220,"Midland, MI",2020-08-01,33,84,18,1,136,926,172
33220,"Midland, MI",2020-09-01,25,72,14,1,112,1038,197
33220,"Midland, MI",2020-10-01,30,55,7,1,93,1131,227
33220,"Midland, MI",2020-11-01,18,45,12,1,76,1207,245
33220,"Midland, MI",2020-12-01,16,31,9,0,56,1263,261
33220,"Midland, MI",2021-01-01,33,47,15,1,96,1359,294
33220,"Midland, MI",2021-02-01,37,69,25,0,131,1490,331
33220,"Midland, MI",2021-03-01,38,75,19,1,133,1623,369
33220,"Midland, MI",2021-04-01,28,82,18,4,132,1755,397
33220,"Midland, MI",2021-05-01,15,46,15,2,78,1833,412
33220,"Midland, MI",2021-06-01,40,85,18,0,143,1976,452
33220,"Midland, MI",2021-07-01,25,66,15,4,110,2086,477
33220,"Midland, MI",2021-08-01,13,53,19,0,85,2171,490
33220,"Midland, MI",2021-09-01,17,53,8,1,79,2250,507
33220,"Midland, MI",2021-10-01,6,22,6,1,35,2285,513
33220,"Midland, MI",2021-11-01,9,40,14,0,63,2348,522
33220,"Midland, MI",2021-12-01,31,55,14,2,102,2450,553
33220,"Midland, MI",2022-01-01,46,70,23,1,140,2590,599
33220,"Midland, MI",2022-02-01,32,56,23,2,113,2703,631
33220,"Midland, MI",2022-03-01,22,49,23,1,95,2798,653
33220,"Midland, MI",2022-04-01,12,32,7,2,53,2851,665
33220,"Midland, MI",2022-05-01,24,34,11,0,69,2920,689
33220,"Midland, MI",2022-06-01,18,30,12,1,61,2981,707
33220,"Midland, MI",2022-07-01,15,41,7,3,66,3047,722
33220,"Midland, MI",2022-08-01,46,53,22,3,124,3171,768
33220,"Midland, MI",2022-09-01,25,53,20,3,101,3272,793
33220,"Midland, MI",2022-10-01,24,56,15,5,100,3372,817
33220,"Midland, MI",2022-11-01,32,44,13,1,90,3462,849
33220,"Midland, MI",2022-12-01,44,37,12,1,94,3556,893
33220,"Midland, MI",2023-01-01,32,47,15,2,96,3652,925
33220,"Midland, MI",2023-02-01,48,43,16,3,110,3762,973
33220,"Midland, MI",2023-03-01,59,60,19,1,139,3901,1032
33220,"Midland, MI",2023-04-01,28,39,16,0,83,3984,1060
33220,"Midland, MI",2023-05-01,26,31,9,0,66,4050,1086
33220,"Midland, MI",2023-06-01,16,20,6,0,42,4092,1102
33220,"Midland, MI",2023-07-01,13,16,10,3,42,4134,1115
33220,"Midland, MI",2023-08-01,10,25,10,0,45,4179,1125
33220,"Midland, MI",2023-09-01,21,19,11,0,51,4230,1146
33220,"Midland, MI",2023-10-01,28,43,22,2,95,4325,1174
33220,"Midland, MI",2023-11-01,29,38,15,1,83,4408,1203
33220,"Midland, MI",2023-12-01,31,45,17,0,93,4501,1234
33220,"Midland, MI",2024-01-01,37,50,20,2,109,4610,1271
33220,"Midland, MI",2024-02-01,43,35,11,3,92,4702,1314
33220,"Midland, MI",2024-03-01,44,32,18,2,96,4798,1358
33220,"Midland, MI",2024-04-01,38,37,20,0,95,4893,1396
33220,"Midland, MI",2024-05-01,40,34,14,1,89,4982,1436
33220,"Midland, MI",2024-06-01,25,44,16,2,87,5069,1461
33220,"Midland, MI",2024-07-01,25,39,15,2,81,5150,1486
33220,"Midland, MI",2024-08-01,17,41,5,4,67,5217,1503
33220,"Midland, MI",2024-09-01,19,34,8,9,70,5287,1522
33220,"Midland, MI",2024-10-01,36,64,14,1,115,5402,1558
33220,"Midland, MI",2024-11-01,38,53,4,3,98,5500,1596
33220,"Midland, MI",2024-12-01,48,37,12,1,98,5598,1644
33220,"Midland, MI",2025-01-01,35,46,25,2,108,5706,1679
33220,"Midland, MI",2025-02-01,47,38,12,0,97,5803,1726
33220,"Midland, MI",2025-03-01,63,53,16,1,133,5936,1789
33220,"Midland, MI",2025-04-01,42,36,15,1,94,6030,1831
33220,"Midland, MI",2025-05-01,54,29,5,1,89,6119,1885
33220,"Midland, MI",2025-06-01,12,20,5,0,37,6156,1897
33220,"Midland, MI",2025-07-01,13,6,2,0,21,6177,1910
33220,"Midland, MI",2025-08-01,35,29,15,0,79,6256,1945
33220,"Midland, MI",2025-09-01,0,1,0,0,1,6257,1945
34880,"Nantucket, MA",2020-08-01,0,1,0,0,1,1,0
34880,"Nantucket, MA",2020-11-01,0,0,1,0,1,2,0
34880,"Nantucket, MA",2021-07-01,0,1,0,0,1,3,0
34880,"Nantucket, MA",2021-10-01,0,1,0,0,1,4,0
34880,"Nantucket, MA",2022-03-01,0,1,0,0,1,5,0
34880,"Nantucket, MA",2022-09-01,1,0,0,0,1,6,1
34880,"Nantucket, MA",2022-11-01,0,1,0,0,1,7,1
34880,"Nantucket, MA",2023-01-01,0,1,0,0,1,8,1
34880,"Nantucket, MA",2023-03-01,0,1,0,0,1,9,1
34880,"Nantucket, MA",2023-04-01,1,1,0,0,2,11,2
34880,"Nantucket, MA",2023-05-01,1,2,0,0,3,14,3
34880,"Nantucket, MA",2023-06-01,1,1,1,0,3,17,4
34880,"Nantucket, MA",2023-07-01,2,2,0,0,4,21,6
34880,"Nantucket, MA",2023-08-01,1,3,0,0,4,25,7
34880,"Nantucket, MA",2023-10-01,0,0,1,0,1,26,7
34880,"Nantucket, MA",2023-11-01,0,0,1,0,1,27,7
34880,"Nantucket, MA",2024-02-01,0,1,0,0,1,28,7
34880,"Nantucket, MA",2024-03-01,1,0,0,0,1,29,8
34880,"Nantucket, MA",2024-05-01,0,1,1,0,2,31,8
34880,"Nantucket, MA",2024-06-01,2,1,0,0,3,34,10
34880,"Nantucket, MA",2024-07-01,1,1,0,0,2,36,11
34880,"Nantucket, MA",2024-08-01,0,2,0,0,2,38,11
34880,"Nantucket, MA",2024-09-01,0,1,0,0,1,39,11
34880,"Nantucket, MA",2024-10-01,1,0,0,0,1,40,12
34880,"Nantucket, MA",2024-11-01,0,2,0,0,2,42,12
34880,"Nantucket, MA",2024-12-01,2,0,0,0,2,44,14
34880,"Nantucket, MA",2025-02-01,0,0,1,0,1,45,14
34880,"Nantucket, MA",2025-03-01,0,2,0,0,2,47,14
34880,"Nantucket, MA",2025-04-01,1,0,4,0,5,52,15
34880,"Nantucket, MA",2025-05-01,1,2,1,0,4,56,16
34880,"Nantucket, MA",2025-06-01,1,0,2,0,3,59,17
34880,"Nantucket, MA",2025-07-01,0,1,1,0,2,61,17
32260,"Marshalltown, IA",2019-05-01,0,1,0,0,1,1,0
32260,"Marshalltown, IA",2019-06-01,0,0,1,0,1,2,0
32260,"Marshalltown, IA",2019-07-01,0,2,0,0,2,4,0
32260,"Marshalltown, IA",2019-08-01,0,1,0,0,1,5,0
32260,"Marshalltown, IA",2019-09-01,0,1,1,0,2,7,0
32260,"Marshalltown, IA",2019-10-01,0,2,0,0,2,9,0
32260,"Marshalltown, IA",2019-11-01,0,1,1,0,2,11,0
32260,"Marshalltown, IA",2019-12-01,0,1,2,0,3,14,0
32260,"Marshalltown, IA",2020-01-01,1,2,0,0,3,17,1
32260,"Marshalltown, IA",2020-02-01,0,4,1,0,5,22,1
32260,"Marshalltown, IA",2020-03-01,0,3,0,0,3,25,1
32260,"Marshalltown, IA",2020-04-01,0,7,2,1,10,35,1
32260,"Marshalltown, IA",2020-05-01,0,3,1,0,4,39,1
32260,"Marshalltown, IA",2020-06-01,1,2,0,0,3,42,2
32260,"Marshalltown, IA",2020-08-01,2,5,3,1,11,53,4
32260,"Marshalltown, IA",2020-09-01,1,5,1,0,7,60,5
32260,"Marshalltown, IA",2020-10-01,2,7,1,1,11,71,7
32260,"Marshalltown, IA",2020-11-01,1,4,6,0,11,82,8
32260,"Marshalltown, IA",2020-12-01,5,5,0,0,10,92,13
32260,"Marshalltown, IA",2021-01-01,7,9,4,0,20,112,20
32260,"Marshalltown, IA",2021-02-01,3,9,1,0,13,125,23
32260,"Marshalltown, IA",2021-03-01,5,6,3,1,15,140,28
32260,"Marshalltown, IA",2021-04-01,6,11,2,1,20,160,34
32260,"Marshalltown, IA",2021-05-01,6,10,1,1,18,178,40
32260,"Marshalltown, IA",2021-06-01,1,14,3,0,18,196,41
32260,"Marshalltown, IA",2021-07-01,4,10,4,0,18,214,45
32260,"Marshalltown, IA",2021-08-01,6,19,4,0,29,243,51
32260,"Marshalltown, IA",2021-09-01,1,16,4,0,21,264,52
32260,"Marshalltown, IA",2021-10-01,3,16,1,0,20,284,55
32260,"Marshalltown, IA",2021-11-01,5,19,4,1,29,313,60
32260,"Marshalltown, IA",2021-12-01,4,10,6,1,21,334,64
32260,"Marshalltown, IA",2022-01-01,16,18,3,0,37,371,80
32260,"Marshalltown, IA",2022-02-01,10,12,5,0,27,398,90
32260,"Marshalltown, IA",2022-03-01,14,21,3,1,39,437,104
32260,"Marshalltown, IA",2022-04-01,4,17,3,0,24,461,108
32260,"Marshalltown, IA",2022-05-01,5,15,1,1,22,483,113
32260,"Marshalltown, IA",2022-06-01,11,24,5,0,40,523,124
32260,"Marshalltown, IA",2022-07-01,8,17,3,1,29,552,132
32260,"Marshalltown, IA",2022-08-01,6,14,5,2,27,579,138
32260,"Marshalltown, IA",2022-09-01,8,8,4,0,20,599,146
32260,"Marshalltown, IA",2022-10-01,3,17,3,0,23,622,149
32260,"Marshalltown, IA",2022-11-01,5,19,6,0,30,652,154
32260,"Marshalltown, IA",2022-12-01,6,14,6,1,27,679,160
32260,"Marshalltown, IA",2023-01-01,4,26,4,0,34,713,164
32260,"Marshalltown, IA",2023-02-01,9,12,3,1,25,738,173
32260,"Marshalltown, IA",2023-03-01,12,23,3,0,38,776,185
32260,"Marshalltown, IA",2023-04-01,11,10,4,1,26,802,196
32260,"Marshalltown, IA",2023-05-01,11,8,3,2,24,826,207
32260,"Marshalltown, IA",2023-06-01,5,14,2,1,22,848,212
32260,"Marshalltown, IA",2023-07-01,10,18,3,0,31,879,222
32260,"Marshalltown, IA",2023-08-01,8,12,4,0,24,903,230
32260,"Marshalltown, IA",2023-09-01,7,12,2,0,21,924,237
32260,"Marshalltown, IA",2023-10-01,16,21,5,2,44,968,253
32260,"Marshalltown, IA",2023-11-01,11,13,7,0,31,999,264
32260,"Marshalltown, IA",2023-12-01,9,21,6,1,37,1036,273
32260,"Marshalltown, IA",2024-01-01,12,16,6,0,34,1070,285
32260,"Marshalltown, IA",2024-02-01,12,11,9,0,32,1102,297
32260,"Marshalltown, IA",2024-03-01,7,17,3,1,28,1130,304
32260,"Marshalltown, IA",2024-04-01,11,19,6,0,36,1166,315
32260,"Marshalltown, IA",2024-05-01,9,11,1,1,22,1188,324
32260,"Marshalltown, IA",2024-06-01,1,12,1,0,14,1202,325
32260,"Marshalltown, IA",2024-07-01,3,9,4,0,16,1218,328
32260,"Marshalltown, IA",2024-08-01,8,20,4,0,32,1250,336
32260,"Marshalltown, IA",2024-09-01,2,19,8,0,29,1279,338
32260,"Marshalltown, IA",2024-10-01,15,25,5,0,45,1324,353
32260,"Marshalltown, IA",2024-11-01,5,22,7,0,34,1358,358
32260,"Marshalltown, IA",2024-12-01,12,14,4,1,31,1389,370
32260,"Marshalltown, IA",2025-01-01,15,18,2,1,36,1425,385
32260,"Marshalltown, IA",2025-02-01,10,15,3,1,29,1454,395
32260,"Marshalltown, IA",2025-03-01,15,16,4,0,35,1489,410
32260,"Marshalltown, IA",2025-04-01,8,8,1,1,18,1507,418
32260,"Marshalltown, IA",2025-05-01,11,22,6,1,40,1547,429
32260,"Marshalltown, IA",2025-06-01,21,15,4,0,40,1587,450
32260,"Marshalltown, IA",2025-07-01,8,11,6,1,26,1613,458
32260,"Marshalltown, IA",2025-08-01,5,8,4,0,17,1630,463
32780,"Medford, OR",2019-01-01,2,18,14,1,35,35,2
32780,"Medford, OR",2019-02-01,0,34,9,3,46,81,2
32780,"Medford, OR",2019-03-01,1,27,12,2,42,123,3
32780,"Medford, OR",2019-04-01,3,55,16,1,75,198,6
32780,"Medford, OR",2019-05-01,1,50,13,0,64,262,7
32780,"Medford, OR",2019-06-01,4,30,11,0,45,307,11
32780,"Medford, OR",2019-07-01,3,18,8,0,29,336,14
32780,"Medford, OR",2019-08-01,2,43,13,3,61,397,16
32780,"Medford, OR",2019-09-01,6,44,8,2,60,457,22
32780,"Medford, OR",2019-10-01,5,40,7,3,55,512,27
32780,"Medford, OR",2019-11-01,5,32,5,2,44,556,32
32780,"Medford, OR",2019-12-01,7,28,7,1,43,599,39
32780,"Medford, OR",2020-01-01,4,44,19,1,68,667,43
32780,"Medford, OR",2020-02-01,13,38,14,0,65,732,56
32780,"Medford, OR",2020-03-01,16,56,13,2,87,819,72
32780,"Medford, OR",2020-04-01,55,158,34,6,253,1072,127
32780,"Medford, OR",2020-05-01,76,142,35,6,259,1331,203
32780,"Medford, OR",2020-06-01,44,111,29,3,187,1518,247
32780,"Medford, OR",2020-07-01,36,141,35,3,215,1733,283
32780,"Medford, OR",2020-08-01,61,163,37,6,267,2000,344
32780,"Medford, OR",2020-09-01,46,137,31,3,217,2217,390
32780,"Medford, OR",2020-10-01,53,98,28,3,182,2399,443
32780,"Medford, OR",2020-11-01,29,75,26,2,132,2531,472
32780,"Medford, OR",2020-12-01,35,79,16,1,131,2662,507
32780,"Medford, OR",2021-01-01,64,127,34,2,227,2889,571
32780,"Medford, OR",2021-02-01,26,77,21,4,128,3017,597
32780,"Medford, OR",2021-03-01,63,129,27,1,220,3237,660
32780,"Medford, OR",2021-04-01,46,124,28,3,201,3438,706
32780,"Medford, OR",2021-05-01,61,150,21,8,240,3678,767
32780,"Medford, OR",2021-06-01,47,175,34,3,259,3937,814
32780,"Medford, OR",2021-07-01,59,162,42,10,273,4210,873
32780,"Medford, OR",2021-08-01,55,153,39,3,250,4460,928
32780,"Medford, OR",2021-09-01,44,136,37,4,221,4681,972
32780,"Medford, OR",2021-10-01,25,74,15,1,115,4796,997
32780,"Medford, OR",2021-11-01,25,65,21,1,112,4908,1022
32780,"Medford, OR",2021-12-01,25,106,28,2,161,5069,1047
32780,"Medford, OR",2022-01-01,42,111,32,5,190,5259,1089
32780,"Medford, OR",2022-02-01,26,53,14,2,95,5354,1115
32780,"Medford, OR",2022-03-01,24,80,32,1,137,5491,1139
32780,"Medford, OR",2022-04-01,33,72,17,2,124,5615,1172
32780,"Medford, OR",2022-05-01,34,85,35,1,155,5770,1206
32780,"Medford, OR",2022-06-01,56,93,22,2,173,5943,1262
32780,"Medford, OR",2022-07-01,65,129,36,9,239,6182,1327
32780,"Medford, OR",2022-08-01,97,177,75,7,356,6538,1424
32780,"Medford, OR",2022-09-01,75,161,57,5,298,6836,1499
32780,"Medford, OR",2022-10-01,48,91,35,5,179,7015,1547
32780,"Medford, OR",2022-11-01,62,129,41,3,235,7250,1609
32780,"Medford, OR",2022-12-01,76,127,27,4,234,7484,1685
32780,"Medford, OR",2023-01-01,37,99,30,0,166,7650,1722
32780,"Medford, OR",2023-02-01,43,82,22,2,149,7799,1765
32780,"Medford, OR",2023-03-01,68,110,35,9,222,8021,1833
32780,"Medford, OR",2023-04-01,35,77,21,3,136,8157,1868
32780,"Medford, OR",2023-05-01,30,24,12,1,67,8224,1898
32780,"Medford, OR",2023-06-01,29,42,10,1,82,8306,1927
32780,"Medford, OR",2023-07-01,40,63,30,2,135,8441,1967
32780,"Medford, OR",2023-08-01,26,42,12,3,83,8524,1993
32780,"Medford, OR",2023-09-01,31,40,14,1,86,8610,2024
32780,"Medford, OR",2023-10-01,41,67,22,3,133,8743,2065
32780,"Medford, OR",2023-11-01,71,91,38,1,201,8944,2136
32780,"Medford, OR",2023-12-01,68,97,33,1,199,9143,2204
32780,"Medford, OR",2024-01-01,67,86,34,4,191,9334,2271
32780,"Medford, OR",2024-02-01,70,87,24,3,184,9518,2341
32780,"Medford, OR",2024-03-01,93,98,37,8,236,9754,2434
32780,"Medford, OR",2024-04-01,60,82,30,2,174,9928,2494
32780,"Medford, OR",2024-05-01,59,99,31,2,191,10119,2553
32780,"Medford, OR",2024-06-01,86,114,36,3,239,10358,2639
32780,"Medford, OR",2024-07-01,81,116,36,4,237,10595,2720
32780,"Medford, OR",2024-08-01,29,60,19,2,110,10705,2749
32780,"Medford, OR",2024-09-01,49,80,26,2,157,10862,2798
32780,"Medford, OR",2024-10-01,78,119,24,2,223,11085,2876
32780,"Medford, OR",2024-11-01,82,107,29,2,220,11305,2958
32780,"Medford, OR",2024-12-01,96,103,27,6,232,11537,3054
32780,"Medford, OR",2025-01-01,107,109,42,2,260,11797,3161
32780,"Medford, OR",2025-02-01,98,98,41,5,242,12039,3259
32780,"Medford, OR",2025-03-01,83,111,37,5,236,12275,3342
32780,"Medford, OR",2025-04-01,68,79,17,5,169,12444,3410
32780,"Medford, OR",2025-05-01,86,93,27,2,208,12652,3496
32780,"Medford, OR",2025-06-01,97,115,28,4,244,12896,3593
32780,"Medford, OR",2025-07-01,116,100,35,7,258,13154,3709
32780,"Medford, OR",2025-08-01,97,73,22,6,198,13352,3806
32780,"Medford, OR",2025-09-01,3,4,0,0,7,13359,3809
31260,"Lufkin, TX",2019-01-01,3,29,16,2,50,50,3
31260,"Lufkin, TX",2019-02-01,1,31,7,2,41,91,4
31260,"Lufkin, TX",2019-03-01,1,30,5,3,39,130,5
31260,"Lufkin, TX",2019-04-01,2,42,10,2,56,186,7
31260,"Lufkin, TX",2019-05-01,2,42,10,0,54,240,9
31260,"Lufkin, TX",2019-06-01,2,43,10,0,55,295,11
31260,"Lufkin, TX",2019-07-01,1,36,7,0,44,339,12
31260,"Lufkin, TX",2019-08-01,2,46,14,2,64,403,14
31260,"Lufkin, TX",2019-09-01,5,37,12,0,54,457,19
31260,"Lufkin, TX",2019-10-01,0,25,6,0,31,488,19
31260,"Lufkin, TX",2019-11-01,1,30,8,0,39,527,20
31260,"Lufkin, TX",2019-12-01,4,20,5,0,29,556,24
31260,"Lufkin, TX",2020-01-01,2,42,17,1,62,618,26
31260,"Lufkin, TX",2020-02-01,1,28,15,2,46,664,27
31260,"Lufkin, TX",2020-03-01,4,57,25,3,89,753,31
31260,"Lufkin, TX",2020-04-01,10,67,26,5,108,861,41
31260,"Lufkin, TX",2020-05-01,22,69,12,2,105,966,63
31260,"Lufkin, TX",2020-06-01,12,66,17,2,97,1063,75
31260,"Lufkin, TX",2020-07-01,19,64,14,4,101,1164,94
31260,"Lufkin, TX",2020-08-01,20,66,26,2,114,1278,114
31260,"Lufkin, TX",2020-09-01,12,53,11,3,79,1357,126
31260,"Lufkin, TX",2020-10-01,11,39,8,2,60,1417,137
31260,"Lufkin, TX",2020-11-01,6,38,5,1,50,1467,143
31260,"Lufkin, TX",2020-12-01,8,36,11,0,55,1522,151
31260,"Lufkin, TX",2021-01-01,15,53,11,1,80,1602,166
31260,"Lufkin, TX",2021-02-01,13,37,9,1,60,1662,179
31260,"Lufkin, TX",2021-03-01,28,62,14,0,104,1766,207
31260,"Lufkin, TX",2021-04-01,27,80,12,3,122,1888,234
31260,"Lufkin, TX",2021-05-01,20,89,16,3,128,2016,254
31260,"Lufkin, TX",2021-06-01,22,86,22,1,131,2147,276
31260,"Lufkin, TX",2021-07-01,19,56,16,2,93,2240,295
31260,"Lufkin, TX",2021-08-01,18,55,6,1,80,2320,313
31260,"Lufkin, TX",2021-09-01,13,37,10,1,61,2381,326
31260,"Lufkin, TX",2021-10-01,17,53,14,1,85,2466,343
31260,"Lufkin, TX",2021-11-01,15,50,6,0,71,2537,358
31260,"Lufkin, TX",2021-12-01,24,63,14,4,105,2642,382
31260,"Lufkin, TX",2022-01-01,20,67,16,4,107,2749,402
31260,"Lufkin, TX",2022-02-01,27,49,14,1,91,2840,429
31260,"Lufkin, TX",2022-03-01,32,58,22,3,115,2955,461
31260,"Lufkin, TX",2022-04-01,23,46,13,0,82,3037,484
31260,"Lufkin, TX",2022-05-01,21,41,17,0,79,3116,505
31260,"Lufkin, TX",2022-06-01,21,41,10,0,72,3188,526
31260,"Lufkin, TX",2022-07-01,13,46,5,0,64,3252,539
31260,"Lufkin, TX",2022-08-01,22,62,12,1,97,3349,561
31260,"Lufkin, TX",2022-09-01,37,62,20,0,119,3468,598
31260,"Lufkin, TX",2022-10-01,26,31,20,1,78,3546,624
31260,"Lufkin, TX",2022-11-01,27,40,16,2,85,3631,651
31260,"Lufkin, TX",2022-12-01,30,57,14,1,102,3733,681
31260,"Lufkin, TX",2023-01-01,34,49,16,3,102,3835,715
31260,"Lufkin, TX",2023-02-01,27,32,13,0,72,3907,742
31260,"Lufkin, TX",2023-03-01,47,73,19,2,141,4048,789
31260,"Lufkin, TX",2023-04-01,31,54,7,2,94,4142,820
31260,"Lufkin, TX",2023-05-01,22,34,7,2,65,4207,842
31260,"Lufkin, TX",2023-06-01,14,35,10,0,59,4266,856
31260,"Lufkin, TX",2023-07-01,12,43,7,3,65,4331,868
31260,"Lufkin, TX",2023-08-01,13,30,8,0,51,4382,881
31260,"Lufkin, TX",2023-09-01,19,34,18,5,76,4458,900
31260,"Lufkin, TX",2023-10-01,29,41,11,3,84,4542,929
31260,"Lufkin, TX",2023-11-01,36,47,12,2,97,4639,965
31260,"Lufkin, TX",2023-12-01,34,54,19,2,109,4748,999
31260,"Lufkin, TX",2024-01-01,33,53,20,1,107,4855,1032
31260,"Lufkin, TX",2024-02-01,33,40,17,2,92,4947,1065
31260,"Lufkin, TX",2024-03-01,52,48,16,2,118,5065,1117
31260,"Lufkin, TX",2024-04-01,36,51,17,2,106,5171,1153
31260,"Lufkin, TX",2024-05-01,24,41,17,0,82,5253,1177
31260,"Lufkin, TX",2024-06-01,23,41,11,4,79,5332,1200
31260,"Lufkin, TX",2024-07-01,18,35,7,0,60,5392,1218
31260,"Lufkin, TX",2024-08-01,24,44,16,0,84,5476,1242
31260,"Lufkin, TX",2024-09-01,30,42,9,1,82,5558,1272
31260,"Lufkin, TX",2024-10-01,35,58,15,3,111,5669,1307
31260,"Lufkin, TX",2024-11-01,41,55,12,3,111,5780,1348
31260,"Lufkin, TX",2024-12-01,33,44,12,2,91,5871,1381
31260,"Lufkin, TX",2025-01-01,39,44,18,4,105,5976,1420
31260,"Lufkin, TX",2025-02-01,45,44,21,0,110,6086,1465
31260,"Lufkin, TX",2025-03-01,46,51,16,0,113,6199,1511
31260,"Lufkin, TX",2025-04-01,50,48,18,2,118,6317,1561
31260,"Lufkin, TX",2025-05-01,41,66,14,1,122,6439,1602
31260,"Lufkin, TX",2025-06-01,33,52,15,1,101,6540,1635
31260,"Lufkin, TX",2025-07-01,29,48,18,1,96,6636,1664
31260,"Lufkin, TX",2025-08-01,28,48,12,1,89,6725,1692
31260,"Lufkin, TX",2025-09-01,0,2,1,0,3,6728,1692
21060,"Elizabethtown, KY",2019-01-01,0,6,1,0,7,7,0
21060,"Elizabethtown, KY",2019-02-01,0,9,5,0,14,21,0
21060,"Elizabethtown, KY",2019-03-01,0,14,9,1,24,45,0
21060,"Elizabethtown, KY",2019-04-01,0,35,14,1,50,95,0
21060,"Elizabethtown, KY",2019-05-01,2,48,8,0,58,153,2
21060,"Elizabethtown, KY",2019-06-01,2,28,6,1,37,190,4
21060,"Elizabethtown, KY",2019-07-01,1,26,10,0,37,227,5
21060,"Elizabethtown, KY",2019-08-01,3,26,5,1,35,262,8
21060,"Elizabethtown, KY",2019-09-01,1,29,12,0,42,304,9
21060,"Elizabethtown, KY",2019-10-01,1,38,13,0,52,356,10
21060,"Elizabethtown, KY",2019-11-01,3,41,12,1,57,413,13
21060,"Elizabethtown, KY",2019-12-01,1,35,6,0,42,455,14
21060,"Elizabethtown, KY",2020-01-01,2,33,13,2,50,505,16
21060,"Elizabethtown, KY",2020-02-01,4,42,6,0,52,557,20
21060,"Elizabethtown, KY",2020-03-01,5,43,13,0,61,618,25
21060,"Elizabethtown, KY",2020-04-01,15,54,18,3,90,708,40
21060,"Elizabethtown, KY",2020-05-01,23,89,19,0,131,839,63
21060,"Elizabethtown, KY",2020-06-01,14,67,8,2,91,930,77
21060,"Elizabethtown, KY",2020-07-01,12,50,14,0,76,1006,89
21060,"Elizabethtown, KY",2020-08-01,16,83,16,2,117,1123,105
21060,"Elizabethtown, KY",2020-09-01,17,96,19,1,133,1256,122
21060,"Elizabethtown, KY",2020-10-01,13,63,13,2,91,1347,135
21060,"Elizabethtown, KY",2020-11-01,16,55,19,0,90,1437,151
21060,"Elizabethtown, KY",2020-12-01,19,45,13,0,77,1514,170
21060,"Elizabethtown, KY",2021-01-01,16,66,15,2,99,1613,186
21060,"Elizabethtown, KY",2021-02-01,13,73,14,1,101,1714,199
21060,"Elizabethtown, KY",2021-03-01,21,100,31,3,155,1869,220
21060,"Elizabethtown, KY",2021-04-01,26,113,32,2,173,2042,246
21060,"Elizabethtown, KY",2021-05-01,29,121,19,3,172,2214,275
21060,"Elizabethtown, KY",2021-06-01,22,91,20,1,134,2348,297
21060,"Elizabethtown, KY",2021-07-01,18,105,28,0,151,2499,315
21060,"Elizabethtown, KY",2021-08-01,27,96,16,0,139,2638,342
21060,"Elizabethtown, KY",2021-09-01,18,96,23,3,140,2778,360
21060,"Elizabethtown, KY",2021-10-01,21,96,25,1,143,2921,381
21060,"Elizabethtown, KY",2021-11-01,24,104,18,0,146,3067,405
21060,"Elizabethtown, KY",2021-12-01,21,74,12,1,108,3175,426
21060,"Elizabethtown, KY",2022-01-01,29,109,32,1,171,3346,455
21060,"Elizabethtown, KY",2022-02-01,20,105,31,2,158,3504,475
21060,"Elizabethtown, KY",2022-03-01,26,102,28,1,157,3661,501
21060,"Elizabethtown, KY",2022-04-01,19,93,19,2,133,3794,520
21060,"Elizabethtown, KY",2022-05-01,30,81,23,1,135,3929,550
21060,"Elizabethtown, KY",2022-06-01,27,87,28,1,143,4072,577
21060,"Elizabethtown, KY",2022-07-01,25,79,21,1,126,4198,602
21060,"Elizabethtown, KY",2022-08-01,36,108,27,3,174,4372,638
21060,"Elizabethtown, KY",2022-09-01,29,104,25,7,165,4537,667
21060,"Elizabethtown, KY",2022-10-01,34,83,29,1,147,4684,701
21060,"Elizabethtown, KY",2022-11-01,23,89,25,4,141,4825,724
21060,"Elizabethtown, KY",2022-12-01,40,91,28,2,161,4986,764
21060,"Elizabethtown, KY",2023-01-01,22,83,30,3,138,5124,786
21060,"Elizabethtown, KY",2023-02-01,31,72,29,0,132,5256,817
21060,"Elizabethtown, KY",2023-03-01,42,108,37,3,190,5446,859
21060,"Elizabethtown, KY",2023-04-01,25,79,20,0,124,5570,884
21060,"Elizabethtown, KY",2023-05-01,28,58,17,2,105,5675,912
21060,"Elizabethtown, KY",2023-06-01,34,44,11,2,91,5766,946
21060,"Elizabethtown, KY",2023-07-01,14,72,17,0,103,5869,960
21060,"Elizabethtown, KY",2023-08-01,16,62,20,2,100,5969,976
21060,"Elizabethtown, KY",2023-09-01,28,77,22,1,128,6097,1004
21060,"Elizabethtown, KY",2023-10-01,29,84,18,2,133,6230,1033
21060,"Elizabethtown, KY",2023-11-01,30,74,31,1,136,6366,1063
21060,"Elizabethtown, KY",2023-12-01,42,81,28,1,152,6518,1105
21060,"Elizabethtown, KY",2024-01-01,49,97,26,4,176,6694,1154
21060,"Elizabethtown, KY",2024-02-01,53,84,30,2,169,6863,1207
21060,"Elizabethtown, KY",2024-03-01,43,91,26,3,163,7026,1250
21060,"Elizabethtown, KY",2024-04-01,51,64,26,1,142,7168,1301
21060,"Elizabethtown, KY",2024-05-01,46,65,21,2,134,7302,1347
21060,"Elizabethtown, KY",2024-06-01,16,31,15,1,63,7365,1363
21060,"Elizabethtown, KY",2024-07-01,19,34,10,0,63,7428,1382
21060,"Elizabethtown, KY",2024-08-01,10,44,14,2,70,7498,1392
21060,"Elizabethtown, KY",2024-09-01,30,58,18,1,107,7605,1422
21060,"Elizabethtown, KY",2024-10-01,39,86,36,8,169,7774,1461
21060,"Elizabethtown, KY",2024-11-01,41,75,38,2,156,7930,1502
21060,"Elizabethtown, KY",2024-12-01,46,94,25,0,165,8095,1548
21060,"Elizabethtown, KY",2025-01-01,36,77,30,1,144,8239,1584
21060,"Elizabethtown, KY",2025-02-01,50,80,31,3,164,8403,1634
21060,"Elizabethtown, KY",2025-03-01,40,75,32,2,149,8552,1674
21060,"Elizabethtown, KY",2025-04-01,40,85,25,1,151,8703,1714
21060,"Elizabethtown, KY",2025-05-01,42,96,20,3,161,8864,1756
21060,"Elizabethtown, KY",2025-06-01,52,90,43,1,186,9050,1808
21060,"Elizabethtown, KY",2025-07-01,35,80,23,5,143,9193,1843
21060,"Elizabethtown, KY",2025-08-01,29,62,27,2,120,9313,1872
21060,"Elizabethtown, KY",2025-09-01,0,1,0,0,1,9314,1872
31340,"Lynchburg, VA",2019-01-01,0,9,4,0,13,13,0
31340,"Lynchburg, VA",2019-02-01,1,15,11,1,28,41,1
31340,"Lynchburg, VA",2019-03-01,3,48,12,1,64,105,4
31340,"Lynchburg, VA",2019-04-01,3,65,12,0,80,185,7
31340,"Lynchburg, VA",2019-05-01,0,67,12,0,79,264,7
31340,"Lynchburg, VA",2019-06-01,1,34,4,0,39,303,8
31340,"Lynchburg, VA",2019-07-01,3,36,11,0,50,353,11
31340,"Lynchburg, VA",2019-08-01,6,54,7,1,68,421,17
31340,"Lynchburg, VA",2019-09-01,2,37,11,0,50,471,19
31340,"Lynchburg, VA",2019-10-01,4,36,6,0,46,517,23
31340,"Lynchburg, VA",2019-11-01,8,61,10,1,80,597,31
31340,"Lynchburg, VA",2019-12-01,9,40,10,0,59,656,40
31340,"Lynchburg, VA",2020-01-01,16,42,5,0,63,719,56
31340,"Lynchburg, VA",2020-02-01,7,69,11,1,88,807,63
31340,"Lynchburg, VA",2020-03-01,20,115,15,1,151,958,83
31340,"Lynchburg, VA",2020-04-01,43,213,22,3,281,1239,126
31340,"Lynchburg, VA",2020-05-01,86,281,17,2,386,1625,212
31340,"Lynchburg, VA",2020-06-01,66,185,22,2,275,1900,278
31340,"Lynchburg, VA",2020-07-01,49,139,18,4,210,2110,327
31340,"Lynchburg, VA",2020-08-01,80,268,32,2,382,2492,407
31340,"Lynchburg, VA",2020-09-01,58,198,24,3,283,2775,465
31340,"Lynchburg, VA",2020-10-01,43,111,11,2,167,2942,508
31340,"Lynchburg, VA",2020-11-01,43,74,10,1,128,3070,551
31340,"Lynchburg, VA",2020-12-01,46,64,8,2,120,3190,597
31340,"Lynchburg, VA",2021-01-01,87,162,26,2,277,3467,684
31340,"Lynchburg, VA",2021-02-01,77,147,15,1,240,3707,761
31340,"Lynchburg, VA",2021-03-01,127,210,47,3,387,4094,888
31340,"Lynchburg, VA",2021-04-01,93,194,35,7,329,4423,981
31340,"Lynchburg, VA",2021-05-01,68,142,18,0,228,4651,1049
31340,"Lynchburg, VA",2021-06-01,42,96,17,1,156,4807,1091
31340,"Lynchburg, VA",2021-07-01,48,125,20,3,196,5003,1139
31340,"Lynchburg, VA",2021-08-01,78,125,26,2,231,5234,1217
31340,"Lynchburg, VA",2021-09-01,86,141,36,2,265,5499,1303
31340,"Lynchburg, VA",2021-10-01,41,65,18,2,126,5625,1344
31340,"Lynchburg, VA",2021-11-01,54,114,23,3,194,5819,1398
31340,"Lynchburg, VA",2021-12-01,89,104,32,2,227,6046,1487
31340,"Lynchburg, VA",2022-01-01,151,192,48,1,392,6438,1638
31340,"Lynchburg, VA",2022-02-01,112,149,41,2,304,6742,1750
31340,"Lynchburg, VA",2022-03-01,112,176,40,4,332,7074,1862
31340,"Lynchburg, VA",2022-04-01,99,159,40,1,299,7373,1961
31340,"Lynchburg, VA",2022-05-01,109,176,43,0,328,7701,2070
31340,"Lynchburg, VA",2022-06-01,57,77,24,2,160,7861,2127
31340,"Lynchburg, VA",2022-07-01,59,66,16,0,141,8002,2186
31340,"Lynchburg, VA",2022-08-01,65,102,34,4,205,8207,2251
31340,"Lynchburg, VA",2022-09-01,74,105,20,0,199,8406,2325
31340,"Lynchburg, VA",2022-10-01,77,102,36,2,217,8623,2402
31340,"Lynchburg, VA",2022-11-01,86,89,29,1,205,8828,2488
31340,"Lynchburg, VA",2022-12-01,117,111,33,8,269,9097,2605
31340,"Lynchburg, VA",2023-01-01,108,95,31,4,238,9335,2713
31340,"Lynchburg, VA",2023-02-01,80,93,35,7,215,9550,2793
31340,"Lynchburg, VA",2023-03-01,146,129,43,3,321,9871,2939
31340,"Lynchburg, VA",2023-04-01,76,72,22,2,172,10043,3015
31340,"Lynchburg, VA",2023-05-01,49,56,16,2,123,10166,3064
31340,"Lynchburg, VA",2023-06-01,41,37,13,2,93,10259,3105
31340,"Lynchburg, VA",2023-07-01,45,45,6,0,96,10355,3150
31340,"Lynchburg, VA",2023-08-01,54,55,27,0,136,10491,3204
31340,"Lynchburg, VA",2023-09-01,88,84,23,1,196,10687,3292
31340,"Lynchburg, VA",2023-10-01,63,71,32,8,174,10861,3355
31340,"Lynchburg, VA",2023-11-01,91,112,23,4,230,11091,3446
31340,"Lynchburg, VA",2023-12-01,108,89,25,3,225,11316,3554
31340,"Lynchburg, VA",2024-01-01,121,100,28,0,249,11565,3675
31340,"Lynchburg, VA",2024-02-01,94,93,24,3,214,11779,3769
31340,"Lynchburg, VA",2024-03-01,108,85,27,2,222,12001,3877
31340,"Lynchburg, VA",2024-04-01,77,67,19,4,167,12168,3954
31340,"Lynchburg, VA",2024-05-01,72,51,18,2,143,12311,4026
31340,"Lynchburg, VA",2024-06-01,63,40,8,2,113,12424,4089
31340,"Lynchburg, VA",2024-07-01,46,34,14,2,96,12520,4135
31340,"Lynchburg, VA",2024-08-01,74,79,23,3,179,12699,4209
31340,"Lynchburg, VA",2024-09-01,108,80,21,5,214,12913,4317
31340,"Lynchburg, VA",2024-10-01,145,125,30,3,303,13216,4462
31340,"Lynchburg, VA",2024-11-01,121,98,30,1,250,13466,4583
31340,"Lynchburg, VA",2024-12-01,149,102,31,4,286,13752,4732
31340,"Lynchburg, VA",2025-01-01,139,82,26,1,248,14000,4871
31340,"Lynchburg, VA",2025-02-01,130,82,16,4,232,14232,5001
31340,"Lynchburg, VA",2025-03-01,130,65,22,2,219,14451,5131
31340,"Lynchburg, VA",2025-04-01,167,81,24,5,277,14728,5298
31340,"Lynchburg, VA",2025-05-01,166,103,27,1,297,15025,5464
31340,"Lynchburg, VA",2025-06-01,132,100,25,3,260,15285,5596
31340,"Lynchburg, VA",2025-07-01,101,78,26,2,207,15492,5697
31340,"Lynchburg, VA",2025-08-01,120,75,16,5,216,15708,5817
31340,"Lynchburg, VA",2025-09-01,5,4,0,0,9,15717,5822
32900,"Merced, CA",2019-01-01,1,84,15,1,101,101,1
32900,"Merced, CA",2019-02-01,4,68,12,1,85,186,5
32900,"Merced, CA",2019-03-01,0,74,16,2,92,278,5
32900,"Merced, CA",2019-04-01,1,93,14,0,108,386,6
32900,"Merced, CA",2019-05-01,4,65,12,2,83,469,10
32900,"Merced, CA",2019-06-01,4,46,8,1,59,528,14
32900,"Merced, CA",2019-07-01,2,46,5,1,54,582,16
32900,"Merced, CA",2019-08-01,0,22,6,1,29,611,16
32900,"Merced, CA",2019-09-01,7,61,8,3,79,690,23
32900,"Merced, CA",2019-10-01,5,46,12,1,64,754,28
32900,"Merced, CA",2019-11-01,3,30,10,0,43,797,31
32900,"Merced, CA",2019-12-01,4,32,8,1,45,842,35
32900,"Merced, CA",2020-01-01,9,62,10,0,81,923,44
32900,"Merced, CA",2020-02-01,5,60,9,4,78,1001,49
32900,"Merced, CA",2020-03-01,5,33,8,0,46,1047,54
32900,"Merced, CA",2020-04-01,22,106,31,2,161,1208,76
32900,"Merced, CA",2020-05-01,37,121,21,4,183,1391,113
32900,"Merced, CA",2020-06-01,33,116,23,4,176,1567,146
32900,"Merced, CA",2020-07-01,42,152,32,7,233,1800,188
32900,"Merced, CA",2020-08-01,43,162,26,1,232,2032,231
32900,"Merced, CA",2020-09-01,35,157,42,4,238,2270,266
32900,"Merced, CA",2020-10-01,33,124,22,1,180,2450,299
32900,"Merced, CA",2020-11-01,11,48,11,1,71,2521,310
32900,"Merced, CA",2020-12-01,27,71,14,2,114,2635,337
32900,"Merced, CA",2021-01-01,37,93,19,3,152,2787,374
32900,"Merced, CA",2021-02-01,19,47,8,0,74,2861,393
32900,"Merced, CA",2021-03-01,47,120,29,3,199,3060,440
32900,"Merced, CA",2021-04-01,34,110,21,3,168,3228,474
32900,"Merced, CA",2021-05-01,22,57,10,2,91,3319,496
32900,"Merced, CA",2021-06-01,15,62,9,0,86,3405,511
32900,"Merced, CA",2021-07-01,19,38,11,2,70,3475,530
32900,"Merced, CA",2021-08-01,24,66,11,5,106,3581,554
32900,"Merced, CA",2021-09-01,43,104,23,1,171,3752,597
32900,"Merced, CA",2021-10-01,16,68,11,1,96,3848,613
32900,"Merced, CA",2021-11-01,19,36,6,0,61,3909,632
32900,"Merced, CA",2021-12-01,13,39,27,0,79,3988,645
32900,"Merced, CA",2022-01-01,22,73,23,6,124,4112,667
32900,"Merced, CA",2022-02-01,17,58,13,2,90,4202,684
32900,"Merced, CA",2022-03-01,14,47,7,0,68,4270,698
32900,"Merced, CA",2022-04-01,8,39,10,0,57,4327,706
32900,"Merced, CA",2022-05-01,14,29,8,1,52,4379,720
32900,"Merced, CA",2022-06-01,27,59,14,0,100,4479,747
32900,"Merced, CA",2022-07-01,72,127,43,1,243,4722,819
32900,"Merced, CA",2022-08-01,82,179,35,3,299,5021,901
32900,"Merced, CA",2022-09-01,116,210,36,3,365,5386,1017
32900,"Merced, CA",2022-10-01,40,116,34,1,191,5577,1057
32900,"Merced, CA",2022-11-01,58,121,25,4,208,5785,1115
32900,"Merced, CA",2022-12-01,86,130,23,6,245,6030,1201
32900,"Merced, CA",2023-01-01,37,70,15,1,123,6153,1238
32900,"Merced, CA",2023-02-01,53,115,16,1,185,6338,1291
32900,"Merced, CA",2023-03-01,80,113,44,5,242,6580,1371
32900,"Merced, CA",2023-04-01,48,65,12,2,127,6707,1419
32900,"Merced, CA",2023-05-01,24,33,12,2,71,6778,1443
32900,"Merced, CA",2023-06-01,15,32,10,1,58,6836,1458
32900,"Merced, CA",2023-07-01,17,27,11,1,56,6892,1475
32900,"Merced, CA",2023-08-01,12,33,5,1,51,6943,1487
32900,"Merced, CA",2023-09-01,22,47,7,0,76,7019,1509
32900,"Merced, CA",2023-10-01,20,50,13,0,83,7102,1529
32900,"Merced, CA",2023-11-01,18,65,19,2,104,7206,1547
32900,"Merced, CA",2023-12-01,43,107,21,1,172,7378,1590
32900,"Merced, CA",2024-01-01,26,72,25,2,125,7503,1616
32900,"Merced, CA",2024-02-01,36,67,12,2,117,7620,1652
32900,"Merced, CA",2024-03-01,33,82,21,1,137,7757,1685
32900,"Merced, CA",2024-04-01,25,73,10,1,109,7866,1710
32900,"Merced, CA",2024-05-01,25,91,22,1,139,8005,1735
32900,"Merced, CA",2024-06-01,22,50,20,1,93,8098,1757
32900,"Merced, CA",2024-07-01,34,104,29,2,169,8267,1791
32900,"Merced, CA",2024-08-01,31,71,29,5,136,8403,1822
32900,"Merced, CA",2024-09-01,28,73,22,2,125,8528,1850
32900,"Merced, CA",2024-10-01,35,78,17,2,132,8660,1885
32900,"Merced, CA",2024-11-01,28,97,9,4,138,8798,1913
32900,"Merced, CA",2024-12-01,34,72,18,4,128,8926,1947
32900,"Merced, CA",2025-01-01,23,78,15,2,118,9044,1970
32900,"Merced, CA",2025-02-01,39,59,9,2,109,9153,2009
32900,"Merced, CA",2025-03-01,36,70,16,1,123,9276,2045
32900,"Merced, CA",2025-04-01,34,57,6,1,98,9374,2079
32900,"Merced, CA",2025-05-01,53,70,11,0,134,9508,2132
32900,"Merced, CA",2025-06-01,32,37,8,0,77,9585,2164
32900,"Merced, CA",2025-07-01,25,40,5,1,71,9656,2189
32900,"Merced, CA",2025-08-01,21,28,4,1,54,9710,2210
21380,"Emporia, KS",2019-02-01,0,4,0,0,4,4,0
21380,"Emporia, KS",2019-03-01,0,2,1,0,3,7,0
21380,"Emporia, KS",2019-04-01,1,2,1,0,4,11,1
21380,"Emporia, KS",2019-05-01,0,2,0,0,2,13,1
21380,"Emporia, KS",2019-06-01,0,1,0,0,1,14,1
21380,"Emporia, KS",2019-07-01,0,9,3,0,12,26,1
21380,"Emporia, KS",2019-08-01,0,4,2,0,6,32,1
21380,"Emporia, KS",2019-09-01,0,11,2,1,14,46,1
21380,"Emporia, KS",2019-10-01,0,6,3,0,9,55,1
21380,"Emporia, KS",2019-11-01,1,6,4,1,12,67,2
21380,"Emporia, KS",2019-12-01,3,9,1,0,13,80,5
21380,"Emporia, KS",2020-01-01,1,8,2,0,11,91,6
21380,"Emporia, KS",2020-02-01,5,11,0,1,17,108,11
21380,"Emporia, KS",2020-03-01,3,7,0,0,10,118,14
21380,"Emporia, KS",2020-04-01,8,23,5,0,36,154,22
21380,"Emporia, KS",2020-05-01,10,33,4,0,47,201,32
21380,"Emporia, KS",2020-06-01,8,16,1,1,26,227,40
21380,"Emporia, KS",2020-07-01,6,16,2,0,24,251,46
21380,"Emporia, KS",2020-08-01,10,12,1,0,23,274,56
21380,"Emporia, KS",2020-09-01,16,16,5,0,37,311,72
21380,"Emporia, KS",2020-10-01,8,11,2,0,21,332,80
21380,"Emporia, KS",2020-11-01,11,8,0,0,19,351,91
21380,"Emporia, KS",2020-12-01,10,10,2,0,22,373,101
21380,"Emporia, KS",2021-01-01,16,21,3,0,40,413,117
21380,"Emporia, KS",2021-02-01,7,26,0,0,33,446,124
21380,"Emporia, KS",2021-03-01,14,18,5,0,37,483,138
21380,"Emporia, KS",2021-04-01,21,18,5,0,44,527,159
21380,"Emporia, KS",2021-05-01,5,26,7,0,38,565,164
21380,"Emporia, KS",2021-06-01,2,16,1,0,19,584,166
21380,"Emporia, KS",2021-07-01,13,14,0,0,27,611,179
21380,"Emporia, KS",2021-08-01,7,18,4,0,29,640,186
21380,"Emporia, KS",2021-09-01,9,13,0,0,22,662,195
21380,"Emporia, KS",2021-10-01,14,12,3,0,29,691,209
21380,"Emporia, KS",2021-11-01,9,16,8,0,33,724,218
21380,"Emporia, KS",2021-12-01,14,15,2,1,32,756,232
21380,"Emporia, KS",2022-01-01,18,27,7,1,53,809,250
21380,"Emporia, KS",2022-02-01,8,15,5,0,28,837,258
21380,"Emporia, KS",2022-03-01,19,20,0,1,40,877,277
21380,"Emporia, KS",2022-04-01,14,18,6,1,39,916,291
21380,"Emporia, KS",2022-05-01,12,11,2,1,26,942,303
21380,"Emporia, KS",2022-06-01,10,16,4,0,30,972,313
21380,"Emporia, KS",2022-07-01,7,17,3,2,29,1001,320
21380,"Emporia, KS",2022-08-01,11,22,5,2,40,1041,331
21380,"Emporia, KS",2022-09-01,10,14,3,1,28,1069,341
21380,"Emporia, KS",2022-10-01,10,21,3,0,34,1103,351
21380,"Emporia, KS",2022-11-01,13,8,2,2,25,1128,364
21380,"Emporia, KS",2022-12-01,15,14,5,0,34,1162,379
21380,"Emporia, KS",2023-01-01,12,26,6,0,44,1206,391
21380,"Emporia, KS",2023-02-01,6,8,6,0,20,1226,397
21380,"Emporia, KS",2023-03-01,16,17,6,0,39,1265,413
21380,"Emporia, KS",2023-04-01,11,13,5,2,31,1296,424
21380,"Emporia, KS",2023-05-01,6,13,6,0,25,1321,430
21380,"Emporia, KS",2023-06-01,10,11,2,0,23,1344,440
21380,"Emporia, KS",2023-07-01,8,11,2,0,21,1365,448
21380,"Emporia, KS",2023-08-01,13,12,6,5,36,1401,461
21380,"Emporia, KS",2023-09-01,12,12,3,1,28,1429,473
21380,"Emporia, KS",2023-10-01,11,10,4,0,25,1454,484
21380,"Emporia, KS",2023-11-01,17,13,5,0,35,1489,501
21380,"Emporia, KS",2023-12-01,12,11,6,0,29,1518,513
21380,"Emporia, KS",2024-01-01,20,17,7,0,44,1562,533
21380,"Emporia, KS",2024-02-01,14,11,7,0,32,1594,547
21380,"Emporia, KS",2024-03-01,14,8,2,1,25,1619,561
21380,"Emporia, KS",2024-04-01,14,10,5,0,29,1648,575
21380,"Emporia, KS",2024-05-01,14,14,3,0,31,1679,589
21380,"Emporia, KS",2024-06-01,4,7,1,0,12,1691,593
21380,"Emporia, KS",2024-07-01,3,11,0,0,14,1705,596
21380,"Emporia, KS",2024-08-01,2,7,0,0,9,1714,598
21380,"Emporia, KS",2024-09-01,9,5,0,0,14,1728,607
21380,"Emporia, KS",2024-10-01,7,12,7,1,27,1755,614
21380,"Emporia, KS",2024-11-01,16,15,2,0,33,1788,630
21380,"Emporia, KS",2024-12-01,7,16,5,0,28,1816,637
21380,"Emporia, KS",2025-01-01,12,19,1,0,32,1848,649
21380,"Emporia, KS",2025-02-01,20,20,5,1,46,1894,669
21380,"Emporia, KS",2025-03-01,17,7,8,0,32,1926,686
21380,"Emporia, KS",2025-04-01,7,6,4,0,17,1943,693
21380,"Emporia, KS",2025-05-01,6,9,0,0,15,1958,699
21380,"Emporia, KS",2025-06-01,4,4,1,0,9,1967,703
21380,"Emporia, KS",2025-07-01,4,4,3,0,11,1978,707
21380,"Emporia, KS",2025-08-01,5,3,0,0,8,1986,712
13940,"Blackfoot, ID",2019-01-01,0,1,1,0,2,2,0
13940,"Blackfoot, ID",2019-02-01,0,3,0,0,3,5,0
13940,"Blackfoot, ID",2019-03-01,0,0,1,0,1,6,0
13940,"Blackfoot, ID",2019-04-01,0,2,0,0,2,8,0
13940,"Blackfoot, ID",2019-05-01,0,3,3,1,7,15,0
13940,"Blackfoot, ID",2019-06-01,0,3,0,1,4,19,0
13940,"Blackfoot, ID",2019-07-01,0,5,0,0,5,24,0
13940,"Blackfoot, ID",2019-08-01,0,4,2,0,6,30,0
13940,"Blackfoot, ID",2019-09-01,0,5,1,0,6,36,0
13940,"Blackfoot, ID",2019-10-01,1,6,0,0,7,43,1
13940,"Blackfoot, ID",2019-11-01,0,4,0,0,4,47,1
13940,"Blackfoot, ID",2019-12-01,0,3,2,0,5,52,1
13940,"Blackfoot, ID",2020-01-01,1,4,1,0,6,58,2
13940,"Blackfoot, ID",2020-02-01,0,2,0,0,2,60,2
13940,"Blackfoot, ID",2020-03-01,1,9,3,0,13,73,3
13940,"Blackfoot, ID",2020-04-01,3,11,2,1,17,90,6
13940,"Blackfoot, ID",2020-05-01,0,9,2,0,11,101,6
13940,"Blackfoot, ID",2020-06-01,2,7,1,0,10,111,8
13940,"Blackfoot, ID",2020-07-01,1,10,1,0,12,123,9
13940,"Blackfoot, ID",2020-08-01,2,14,2,2,20,143,11
13940,"Blackfoot, ID",2020-09-01,4,9,4,0,17,160,15
13940,"Blackfoot, ID",2020-10-01,4,7,4,1,16,176,19
13940,"Blackfoot, ID",2020-11-01,0,6,2,0,8,184,19
13940,"Blackfoot, ID",2020-12-01,2,6,3,1,12,196,21
13940,"Blackfoot, ID",2021-01-01,4,15,4,0,23,219,25
13940,"Blackfoot, ID",2021-02-01,3,7,7,0,17,236,28
13940,"Blackfoot, ID",2021-03-01,10,22,7,0,39,275,38
13940,"Blackfoot, ID",2021-04-01,9,15,1,0,25,300,47
13940,"Blackfoot, ID",2021-05-01,14,28,6,0,48,348,61
13940,"Blackfoot, ID",2021-06-01,8,13,5,1,27,375,69
13940,"Blackfoot, ID",2021-07-01,10,25,5,1,41,416,79
13940,"Blackfoot, ID",2021-08-01,6,14,8,2,30,446,85
13940,"Blackfoot, ID",2021-09-01,12,24,13,1,50,496,97
13940,"Blackfoot, ID",2021-10-01,7,28,8,0,43,539,104
13940,"Blackfoot, ID",2021-11-01,9,20,9,0,38,577,113
13940,"Blackfoot, ID",2021-12-01,8,24,9,2,43,620,121
13940,"Blackfoot, ID",2022-01-01,13,38,12,2,65,685,134
13940,"Blackfoot, ID",2022-02-01,14,21,6,0,41,726,148
13940,"Blackfoot, ID",2022-03-01,12,31,7,0,50,776,160
13940,"Blackfoot, ID",2022-04-01,13,24,10,0,47,823,173
13940,"Blackfoot, ID",2022-05-01,12,18,9,1,40,863,185
13940,"Blackfoot, ID",2022-06-01,7,28,9,2,46,909,192
13940,"Blackfoot, ID",2022-07-01,16,22,6,3,47,956,208
13940,"Blackfoot, ID",2022-08-01,8,25,9,1,43,999,216
13940,"Blackfoot, ID",2022-09-01,17,22,8,3,50,1049,233
13940,"Blackfoot, ID",2022-10-01,12,33,16,0,61,1110,245
13940,"Blackfoot, ID",2022-11-01,20,32,11,1,64,1174,265
13940,"Blackfoot, ID",2022-12-01,15,28,11,1,55,1229,280
13940,"Blackfoot, ID",2023-01-01,20,22,7,1,50,1279,300
13940,"Blackfoot, ID",2023-02-01,9,36,7,1,53,1332,309
13940,"Blackfoot, ID",2023-03-01,21,25,7,3,56,1388,330
13940,"Blackfoot, ID",2023-04-01,16,25,14,2,57,1445,346
13940,"Blackfoot, ID",2023-05-01,8,27,8,2,45,1490,354
13940,"Blackfoot, ID",2023-06-01,11,14,4,0,29,1519,365
13940,"Blackfoot, ID",2023-07-01,11,13,7,0,31,1550,376
13940,"Blackfoot, ID",2023-08-01,5,11,3,0,19,1569,381
13940,"Blackfoot, ID",2023-09-01,9,19,7,1,36,1605,390
13940,"Blackfoot, ID",2023-10-01,15,14,9,1,39,1644,405
13940,"Blackfoot, ID",2023-11-01,14,32,10,2,58,1702,419
13940,"Blackfoot, ID",2023-12-01,17,19,8,1,45,1747,436
13940,"Blackfoot, ID",2024-01-01,19,21,11,1,52,1799,455
13940,"Blackfoot, ID",2024-02-01,16,18,7,0,41,1840,471
13940,"Blackfoot, ID",2024-03-01,19,30,2,0,51,1891,490
13940,"Blackfoot, ID",2024-04-01,14,11,6,5,36,1927,504
13940,"Blackfoot, ID",2024-05-01,12,17,6,0,35,1962,516
13940,"Blackfoot, ID",2024-06-01,10,14,3,1,28,1990,526
13940,"Blackfoot, ID",2024-07-01,9,15,3,0,27,2017,535
13940,"Blackfoot, ID",2024-08-01,10,21,9,0,40,2057,545
13940,"Blackfoot, ID",2024-09-01,11,19,3,0,33,2090,556
13940,"Blackfoot, ID",2024-10-01,16,9,2,0,27,2117,572
13940,"Blackfoot, ID",2024-11-01,7,17,4,0,28,2145,579
13940,"Blackfoot, ID",2024-12-01,11,18,2,1,32,2177,590
13940,"Blackfoot, ID",2025-01-01,10,21,4,0,35,2212,600
13940,"Blackfoot, ID",2025-02-01,14,10,4,1,29,2241,614
13940,"Blackfoot, ID",2025-03-01,14,13,9,0,36,2277,628
13940,"Blackfoot, ID",2025-04-01,8,14,3,0,25,2302,636
13940,"Blackfoot, ID",2025-05-01,19,16,5,0,40,2342,655
13940,"Blackfoot, ID",2025-06-01,17,11,3,0,31,2373,672
13940,"Blackfoot, ID",2025-07-01,14,11,4,1,30,2403,686
13940,"Blackfoot, ID",2025-08-01,18,12,4,0,34,2437,704
12660,"Baraboo, WI",2019-01-01,0,1,0,0,1,1,0
12660,"Baraboo, WI",2019-02-01,0,3,1,0,4,5,0
12660,"Baraboo, WI",2019-03-01,0,1,1,0,2,7,0
12660,"Baraboo, WI",2019-04-01,0,9,0,0,9,16,0
12660,"Baraboo, WI",2019-05-01,0,6,0,0,6,22,0
12660,"Baraboo, WI",2019-06-01,0,2,1,0,3,25,0
12660,"Baraboo, WI",2019-07-01,0,5,2,0,7,32,0
12660,"Baraboo, WI",2019-08-01,1,4,4,0,9,41,1
12660,"Baraboo, WI",2019-09-01,0,6,0,1,7,48,1
12660,"Baraboo, WI",2019-10-01,0,3,4,0,7,55,1
12660,"Baraboo, WI",2019-11-01,1,7,2,0,10,65,2
12660,"Baraboo, WI",2019-12-01,1,16,4,0,21,86,3
12660,"Baraboo, WI",2020-01-01,1,10,3,0,14,100,4
12660,"Baraboo, WI",2020-02-01,1,8,0,0,9,109,5
12660,"Baraboo, WI",2020-03-01,1,24,6,0,31,140,6
12660,"Baraboo, WI",2020-04-01,2,20,8,0,30,170,8
12660,"Baraboo, WI",2020-05-01,6,8,5,0,19,189,14
12660,"Baraboo, WI",2020-06-01,5,14,6,0,25,214,19
12660,"Baraboo, WI",2020-07-01,4,14,6,1,25,239,23
12660,"Baraboo, WI",2020-08-01,5,18,6,1,30,269,28
12660,"Baraboo, WI",2020-09-01,4,15,4,0,23,292,32
12660,"Baraboo, WI",2020-10-01,4,17,4,0,25,317,36
12660,"Baraboo, WI",2020-11-01,2,21,1,0,24,341,38
12660,"Baraboo, WI",2020-12-01,8,18,6,0,32,373,46
12660,"Baraboo, WI",2021-01-01,7,20,7,1,35,408,53
12660,"Baraboo, WI",2021-02-01,4,19,6,0,29,437,57
12660,"Baraboo, WI",2021-03-01,14,26,7,1,48,485,71
12660,"Baraboo, WI",2021-04-01,13,26,3,1,43,528,84
12660,"Baraboo, WI",2021-05-01,16,41,11,0,68,596,100
12660,"Baraboo, WI",2021-06-01,9,33,3,1,46,642,109
12660,"Baraboo, WI",2021-07-01,13,30,4,0,47,689,122
12660,"Baraboo, WI",2021-08-01,7,36,6,0,49,738,129
12660,"Baraboo, WI",2021-09-01,13,21,13,1,48,786,142
12660,"Baraboo, WI",2021-10-01,9,35,7,2,53,839,151
12660,"Baraboo, WI",2021-11-01,7,32,6,1,46,885,158
12660,"Baraboo, WI",2021-12-01,10,33,16,2,61,946,168
12660,"Baraboo, WI",2022-01-01,13,36,15,1,65,1011,181
12660,"Baraboo, WI",2022-02-01,9,26,10,0,45,1056,190
12660,"Baraboo, WI",2022-03-01,20,32,10,4,66,1122,210
12660,"Baraboo, WI",2022-04-01,13,39,10,2,64,1186,223
12660,"Baraboo, WI",2022-05-01,18,31,15,1,65,1251,241
12660,"Baraboo, WI",2022-06-01,15,22,9,2,48,1299,256
12660,"Baraboo, WI",2022-07-01,20,29,8,1,58,1357,276
12660,"Baraboo, WI",2022-08-01,13,28,6,2,49,1406,289
12660,"Baraboo, WI",2022-09-01,8,33,7,0,48,1454,297
12660,"Baraboo, WI",2022-10-01,12,26,5,1,44,1498,309
12660,"Baraboo, WI",2022-11-01,14,30,9,1,54,1552,323
12660,"Baraboo, WI",2022-12-01,12,30,6,0,48,1600,335
12660,"Baraboo, WI",2023-01-01,12,26,12,1,51,1651,347
12660,"Baraboo, WI",2023-02-01,20,21,6,0,47,1698,367
12660,"Baraboo, WI",2023-03-01,24,26,11,0,61,1759,391
12660,"Baraboo, WI",2023-04-01,15,34,5,2,56,1815,406
12660,"Baraboo, WI",2023-05-01,10,19,8,0,37,1852,416
12660,"Baraboo, WI",2023-06-01,9,25,13,1,48,1900,425
12660,"Baraboo, WI",2023-07-01,14,25,8,1,48,1948,439
12660,"Baraboo, WI",2023-08-01,17,23,10,2,52,2000,456
12660,"Baraboo, WI",2023-09-01,14,24,6,1,45,2045,470
12660,"Baraboo, WI",2023-10-01,10,31,7,1,49,2094,480
12660,"Baraboo, WI",2023-11-01,19,29,11,0,59,2153,499
12660,"Baraboo, WI",2023-12-01,23,30,6,0,59,2212,522
12660,"Baraboo, WI",2024-01-01,16,37,7,0,60,2272,538
12660,"Baraboo, WI",2024-02-01,14,18,8,2,42,2314,552
12660,"Baraboo, WI",2024-03-01,15,31,9,0,55,2369,567
12660,"Baraboo, WI",2024-04-01,14,28,12,0,54,2423,581
12660,"Baraboo, WI",2024-05-01,19,27,3,1,50,2473,600
12660,"Baraboo, WI",2024-06-01,16,30,6,1,53,2526,616
12660,"Baraboo, WI",2024-07-01,13,23,6,2,44,2570,629
12660,"Baraboo, WI",2024-08-01,16,26,1,1,44,2614,645
12660,"Baraboo, WI",2024-09-01,20,16,10,0,46,2660,665
12660,"Baraboo, WI",2024-10-01,14,26,2,0,42,2702,679
12660,"Baraboo, WI",2024-11-01,16,18,12,0,46,2748,695
12660,"Baraboo, WI",2024-12-01,23,25,7,0,55,2803,718
12660,"Baraboo, WI",2025-01-01,24,39,8,0,71,2874,742
12660,"Baraboo, WI",2025-02-01,17,30,9,0,56,2930,759
12660,"Baraboo, WI",2025-03-01,25,29,13,1,68,2998,784
12660,"Baraboo, WI",2025-04-01,18,29,6,0,53,3051,802
12660,"Baraboo, WI",2025-05-01,31,27,8,0,66,3117,833
12660,"Baraboo, WI",2025-06-01,31,34,17,2,84,3201,864
12660,"Baraboo, WI",2025-07-01,29,30,12,0,71,3272,893
12660,"Baraboo, WI",2025-08-01,17,16,8,1,42,3314,910
44340,"Statesboro, GA",2019-01-01,0,13,2,0,15,15,0
44340,"Statesboro, GA",2019-02-01,0,6,4,0,10,25,0
44340,"Statesboro, GA",2019-03-01,1,15,1,0,17,42,1
44340,"Statesboro, GA",2019-04-01,2,24,6,0,32,74,3
44340,"Statesboro, GA",2019-05-01,2,34,6,1,43,117,5
44340,"Statesboro, GA",2019-06-01,3,32,7,1,43,160,8
44340,"Statesboro, GA",2019-07-01,1,30,1,2,34,194,9
44340,"Statesboro, GA",2019-08-01,3,45,2,0,50,244,12
44340,"Statesboro, GA",2019-09-01,7,46,8,1,62,306,19
44340,"Statesboro, GA",2019-10-01,6,33,6,0,45,351,25
44340,"Statesboro, GA",2019-11-01,6,34,3,0,43,394,31
44340,"Statesboro, GA",2019-12-01,5,17,3,0,25,419,36
44340,"Statesboro, GA",2020-01-01,10,47,4,0,61,480,46
44340,"Statesboro, GA",2020-02-01,15,48,4,0,67,547,61
44340,"Statesboro, GA",2020-03-01,11,74,8,0,93,640,72
44340,"Statesboro, GA",2020-04-01,18,103,16,0,137,777,90
44340,"Statesboro, GA",2020-05-01,60,147,12,1,220,997,150
44340,"Statesboro, GA",2020-06-01,41,92,5,4,142,1139,191
44340,"Statesboro, GA",2020-07-01,51,102,10,0,163,1302,242
44340,"Statesboro, GA",2020-08-01,83,183,22,1,289,1591,325
44340,"Statesboro, GA",2020-09-01,97,126,18,1,242,1833,422
44340,"Statesboro, GA",2020-10-01,55,64,7,1,127,1960,477
44340,"Statesboro, GA",2020-11-01,23,50,3,0,76,2036,500
44340,"Statesboro, GA",2020-12-01,61,77,11,0,149,2185,561
44340,"Statesboro, GA",2021-01-01,118,138,16,2,274,2459,679
44340,"Statesboro, GA",2021-02-01,129,133,15,0,277,2736,808
44340,"Statesboro, GA",2021-03-01,121,129,18,3,271,3007,929
44340,"Statesboro, GA",2021-04-01,122,152,25,2,301,3308,1051
44340,"Statesboro, GA",2021-05-01,58,112,20,1,191,3499,1109
44340,"Statesboro, GA",2021-06-01,50,97,14,1,162,3661,1159
44340,"Statesboro, GA",2021-07-01,59,104,17,1,181,3842,1218
44340,"Statesboro, GA",2021-08-01,71,117,17,1,206,4048,1289
44340,"Statesboro, GA",2021-09-01,74,95,29,1,199,4247,1363
44340,"Statesboro, GA",2021-10-01,71,72,16,3,162,4409,1434
44340,"Statesboro, GA",2021-11-01,58,53,14,0,125,4534,1492
44340,"Statesboro, GA",2021-12-01,71,68,12,3,154,4688,1563
44340,"Statesboro, GA",2022-01-01,93,122,20,2,237,4925,1656
44340,"Statesboro, GA",2022-02-01,92,81,13,2,188,5113,1748
44340,"Statesboro, GA",2022-03-01,75,90,8,1,174,5287,1823
44340,"Statesboro, GA",2022-04-01,45,73,13,0,131,5418,1868
44340,"Statesboro, GA",2022-05-01,69,96,14,2,181,5599,1937
44340,"Statesboro, GA",2022-06-01,65,62,18,0,145,5744,2002
44340,"Statesboro, GA",2022-07-01,28,60,17,1,106,5850,2030
44340,"Statesboro, GA",2022-08-01,85,97,14,0,196,6046,2115
44340,"Statesboro, GA",2022-09-01,92,89,19,0,200,6246,2207
44340,"Statesboro, GA",2022-10-01,91,78,17,1,187,6433,2298
44340,"Statesboro, GA",2022-11-01,89,82,22,1,194,6627,2387
44340,"Statesboro, GA",2022-12-01,79,52,14,4,149,6776,2466
44340,"Statesboro, GA",2023-01-01,81,53,14,0,148,6924,2547
44340,"Statesboro, GA",2023-02-01,86,55,23,2,166,7090,2633
44340,"Statesboro, GA",2023-03-01,123,117,26,3,269,7359,2756
44340,"Statesboro, GA",2023-04-01,64,67,12,2,145,7504,2820
44340,"Statesboro, GA",2023-05-01,62,55,14,0,131,7635,2882
44340,"Statesboro, GA",2023-06-01,41,57,12,1,111,7746,2923
44340,"Statesboro, GA",2023-07-01,48,46,14,2,110,7856,2971
44340,"Statesboro, GA",2023-08-01,62,69,19,1,151,8007,3033
44340,"Statesboro, GA",2023-09-01,99,67,19,1,186,8193,3132
44340,"Statesboro, GA",2023-10-01,97,49,17,3,166,8359,3229
44340,"Statesboro, GA",2023-11-01,85,52,12,1,150,8509,3314
44340,"Statesboro, GA",2023-12-01,81,68,14,2,165,8674,3395
44340,"Statesboro, GA",2024-01-01,125,75,23,6,229,8903,3520
44340,"Statesboro, GA",2024-02-01,138,69,16,1,224,9127,3658
44340,"Statesboro, GA",2024-03-01,141,82,24,3,250,9377,3799
44340,"Statesboro, GA",2024-04-01,107,68,20,2,197,9574,3906
44340,"Statesboro, GA",2024-05-01,75,74,10,1,160,9734,3981
44340,"Statesboro, GA",2024-06-01,75,53,13,0,141,9875,4056
44340,"Statesboro, GA",2024-07-01,53,57,15,1,126,10001,4109
44340,"Statesboro, GA",2024-08-01,76,83,20,0,179,10180,4185
44340,"Statesboro, GA",2024-09-01,142,93,26,3,264,10444,4327
44340,"Statesboro, GA",2024-10-01,157,87,14,2,260,10704,4484
44340,"Statesboro, GA",2024-11-01,158,74,9,2,243,10947,4642
44340,"Statesboro, GA",2024-12-01,121,58,19,3,201,11148,4763
44340,"Statesboro, GA",2025-01-01,129,74,17,1,221,11369,4892
44340,"Statesboro, GA",2025-02-01,109,65,19,4,197,11566,5001
44340,"Statesboro, GA",2025-03-01,159,72,22,0,253,11819,5160
44340,"Statesboro, GA",2025-04-01,139,75,17,1,232,12051,5299
44340,"Statesboro, GA",2025-05-01,93,84,18,5,200,12251,5392
44340,"Statesboro, GA",2025-06-01,111,89,19,3,222,12473,5503
44340,"Statesboro, GA",2025-07-01,104,74,19,4,201,12674,5607
44340,"Statesboro, GA",2025-08-01,124,71,25,2,222,12896,5731
44340,"Statesboro, GA",2025-09-01,2,2,0,0,4,12900,5733
27420,"Jamestown, ND",2019-01-01,0,1,0,0,1,1,0
27420,"Jamestown, ND",2019-03-01,0,1,0,0,1,2,0
27420,"Jamestown, ND",2019-04-01,0,2,0,0,2,4,0
27420,"Jamestown, ND",2019-05-01,0,1,0,0,1,5,0
27420,"Jamestown, ND",2019-09-01,0,2,1,0,3,8,0
27420,"Jamestown, ND",2019-10-01,0,0,1,0,1,9,0
27420,"Jamestown, ND",2019-11-01,0,1,1,0,2,11,0
27420,"Jamestown, ND",2019-12-01,0,1,0,0,1,12,0
27420,"Jamestown, ND",2020-01-01,1,0,0,0,1,13,1
27420,"Jamestown, ND",2020-03-01,0,4,0,0,4,17,1
27420,"Jamestown, ND",2020-04-01,0,3,0,0,3,20,1
27420,"Jamestown, ND",2020-05-01,1,4,0,0,5,25,2
27420,"Jamestown, ND",2020-06-01,1,1,2,0,4,29,3
27420,"Jamestown, ND",2020-07-01,2,1,2,0,5,34,5
27420,"Jamestown, ND",2020-08-01,1,2,1,0,4,38,6
27420,"Jamestown, ND",2020-09-01,1,2,0,0,3,41,7
27420,"Jamestown, ND",2020-10-01,0,6,1,0,7,48,7
27420,"Jamestown, ND",2020-11-01,0,4,0,0,4,52,7
27420,"Jamestown, ND",2020-12-01,1,7,1,0,9,61,8
27420,"Jamestown, ND",2021-01-01,6,10,6,1,23,84,14
27420,"Jamestown, ND",2021-02-01,3,14,5,1,23,107,17
27420,"Jamestown, ND",2021-03-01,2,8,0,0,10,117,19
27420,"Jamestown, ND",2021-04-01,1,8,5,0,14,131,20
27420,"Jamestown, ND",2021-05-01,9,12,2,0,23,154,29
27420,"Jamestown, ND",2021-06-01,3,9,2,0,14,168,32
27420,"Jamestown, ND",2021-07-01,1,10,0,0,11,179,33
27420,"Jamestown, ND",2021-08-01,3,10,0,0,13,192,36
27420,"Jamestown, ND",2021-09-01,3,6,1,0,10,202,39
27420,"Jamestown, ND",2021-10-01,3,6,3,0,12,214,42
27420,"Jamestown, ND",2021-11-01,3,7,4,0,14,228,45
27420,"Jamestown, ND",2021-12-01,3,9,1,0,13,241,48
27420,"Jamestown, ND",2022-01-01,5,8,2,0,15,256,53
27420,"Jamestown, ND",2022-02-01,3,4,1,1,9,265,56
27420,"Jamestown, ND",2022-03-01,12,8,3,0,23,288,68
27420,"Jamestown, ND",2022-04-01,5,15,1,0,21,309,73
27420,"Jamestown, ND",2022-05-01,2,7,4,0,13,322,75
27420,"Jamestown, ND",2022-06-01,4,6,1,0,11,333,79
27420,"Jamestown, ND",2022-07-01,7,4,2,0,13,346,86
27420,"Jamestown, ND",2022-08-01,5,8,1,0,14,360,91
27420,"Jamestown, ND",2022-09-01,6,6,1,0,13,373,97
27420,"Jamestown, ND",2022-10-01,3,9,4,0,16,389,100
27420,"Jamestown, ND",2022-11-01,6,2,0,1,9,398,106
27420,"Jamestown, ND",2022-12-01,4,6,0,0,10,408,110
27420,"Jamestown, ND",2023-01-01,9,3,2,1,15,423,119
27420,"Jamestown, ND",2023-02-01,4,6,1,0,11,434,123
27420,"Jamestown, ND",2023-03-01,9,10,2,0,21,455,132
27420,"Jamestown, ND",2023-04-01,6,7,3,1,17,472,138
27420,"Jamestown, ND",2023-05-01,8,4,0,0,12,484,146
27420,"Jamestown, ND",2023-06-01,4,2,2,0,8,492,150
27420,"Jamestown, ND",2023-07-01,3,11,3,0,17,509,153
27420,"Jamestown, ND",2023-08-01,5,6,1,0,12,521,158
27420,"Jamestown, ND",2023-09-01,7,8,0,0,15,536,165
27420,"Jamestown, ND",2023-10-01,4,5,4,0,13,549,169
27420,"Jamestown, ND",2023-11-01,5,4,4,1,14,563,174
27420,"Jamestown, ND",2023-12-01,4,7,0,0,11,574,178
27420,"Jamestown, ND",2024-01-01,6,6,0,0,12,586,184
27420,"Jamestown, ND",2024-02-01,9,4,2,0,15,601,193
27420,"Jamestown, ND",2024-03-01,6,7,3,0,16,617,199
27420,"Jamestown, ND",2024-04-01,7,3,1,0,11,628,206
27420,"Jamestown, ND",2024-05-01,14,4,2,0,20,648,220
27420,"Jamestown, ND",2024-06-01,5,8,1,0,14,662,225
27420,"Jamestown, ND",2024-07-01,4,8,0,0,12,674,229
27420,"Jamestown, ND",2024-08-01,7,8,2,0,17,691,236
27420,"Jamestown, ND",2024-09-01,12,9,5,0,26,717,248
27420,"Jamestown, ND",2024-10-01,5,5,1,0,11,728,253
27420,"Jamestown, ND",2024-11-01,7,2,0,0,9,737,260
27420,"Jamestown, ND",2024-12-01,2,6,3,0,11,748,262
27420,"Jamestown, ND",2025-01-01,12,6,2,0,20,768,274
27420,"Jamestown, ND",2025-02-01,9,2,2,0,13,781,283
27420,"Jamestown, ND",2025-03-01,6,6,1,0,13,794,289
27420,"Jamestown, ND",2025-04-01,9,6,3,0,18,812,298
27420,"Jamestown, ND",2025-05-01,7,7,0,0,14,826,305
27420,"Jamestown, ND",2025-06-01,10,9,1,0,20,846,315
27420,"Jamestown, ND",2025-07-01,4,2,2,0,8,854,319
27420,"Jamestown, ND",2025-08-01,11,10,2,0,23,877,330
27020,"Iron Mountain, MI-WI",2019-04-01,0,0,1,0,1,1,0
27020,"Iron Mountain, MI-WI",2019-05-01,0,1,0,0,1,2,0
27020,"Iron Mountain, MI-WI",2019-06-01,0,1,0,0,1,3,0
27020,"Iron Mountain, MI-WI",2019-07-01,0,1,0,0,1,4,0
27020,"Iron Mountain, MI-WI",2019-08-01,0,1,1,0,2,6,0
27020,"Iron Mountain, MI-WI",2019-09-01,0,1,0,0,1,7,0
27020,"Iron Mountain, MI-WI",2019-10-01,0,0,1,0,1,8,0
27020,"Iron Mountain, MI-WI",2020-01-01,0,2,1,0,3,11,0
27020,"Iron Mountain, MI-WI",2020-03-01,0,2,1,0,3,14,0
27020,"Iron Mountain, MI-WI",2020-04-01,0,3,2,0,5,19,0
27020,"Iron Mountain, MI-WI",2020-05-01,0,2,0,0,2,21,0
27020,"Iron Mountain, MI-WI",2020-06-01,0,2,0,0,2,23,0
27020,"Iron Mountain, MI-WI",2020-07-01,0,2,0,0,2,25,0
27020,"Iron Mountain, MI-WI",2020-09-01,1,0,0,0,1,26,1
27020,"Iron Mountain, MI-WI",2020-10-01,1,6,3,0,10,36,2
27020,"Iron Mountain, MI-WI",2020-11-01,8,16,4,0,28,64,10
27020,"Iron Mountain, MI-WI",2020-12-01,9,12,8,0,29,93,19
27020,"Iron Mountain, MI-WI",2021-01-01,3,9,3,0,15,108,22
27020,"Iron Mountain, MI-WI",2021-02-01,4,7,1,0,12,120,26
27020,"Iron Mountain, MI-WI",2021-03-01,5,9,4,0,18,138,31
27020,"Iron Mountain, MI-WI",2021-04-01,7,8,3,0,18,156,38
27020,"Iron Mountain, MI-WI",2021-05-01,11,13,5,0,29,185,49
27020,"Iron Mountain, MI-WI",2021-06-01,4,10,3,1,18,203,53
27020,"Iron Mountain, MI-WI",2021-07-01,7,13,3,1,24,227,60
27020,"Iron Mountain, MI-WI",2021-08-01,3,3,3,0,9,236,63
27020,"Iron Mountain, MI-WI",2021-09-01,5,9,5,0,19,255,68
27020,"Iron Mountain, MI-WI",2021-10-01,4,12,1,1,18,273,72
27020,"Iron Mountain, MI-WI",2021-11-01,4,8,4,1,17,290,76
27020,"Iron Mountain, MI-WI",2021-12-01,1,12,4,0,17,307,77
27020,"Iron Mountain, MI-WI",2022-01-01,4,4,1,1,10,317,81
27020,"Iron Mountain, MI-WI",2022-02-01,1,4,1,2,8,325,82
27020,"Iron Mountain, MI-WI",2022-03-01,8,9,5,0,22,347,90
27020,"Iron Mountain, MI-WI",2022-04-01,10,4,1,0,15,362,100
27020,"Iron Mountain, MI-WI",2022-05-01,5,8,0,0,13,375,105
27020,"Iron Mountain, MI-WI",2022-06-01,4,6,5,1,16,391,109
27020,"Iron Mountain, MI-WI",2022-07-01,2,8,0,0,10,401,111
27020,"Iron Mountain, MI-WI",2022-08-01,3,9,3,0,15,416,114
27020,"Iron Mountain, MI-WI",2022-09-01,5,11,6,0,22,438,119
27020,"Iron Mountain, MI-WI",2022-10-01,1,10,2,1,14,452,120
27020,"Iron Mountain, MI-WI",2022-11-01,7,10,4,0,21,473,127
27020,"Iron Mountain, MI-WI",2022-12-01,2,4,2,0,8,481,129
27020,"Iron Mountain, MI-WI",2023-01-01,8,5,1,1,15,496,137
27020,"Iron Mountain, MI-WI",2023-02-01,7,5,3,0,15,511,144
27020,"Iron Mountain, MI-WI",2023-03-01,2,6,8,0,16,527,146
27020,"Iron Mountain, MI-WI",2023-04-01,3,15,4,0,22,549,149
27020,"Iron Mountain, MI-WI",2023-05-01,5,9,3,0,17,566,154
27020,"Iron Mountain, MI-WI",2023-06-01,4,8,2,0,14,580,158
27020,"Iron Mountain, MI-WI",2023-07-01,2,14,0,0,16,596,160
27020,"Iron Mountain, MI-WI",2023-08-01,3,3,0,0,6,602,163
27020,"Iron Mountain, MI-WI",2023-09-01,1,1,1,0,3,605,164
27020,"Iron Mountain, MI-WI",2023-10-01,3,5,7,0,15,620,167
27020,"Iron Mountain, MI-WI",2023-11-01,6,5,5,0,16,636,173
27020,"Iron Mountain, MI-WI",2023-12-01,2,11,3,0,16,652,175
27020,"Iron Mountain, MI-WI",2024-01-01,8,11,1,0,20,672,183
27020,"Iron Mountain, MI-WI",2024-02-01,7,3,0,0,10,682,190
27020,"Iron Mountain, MI-WI",2024-03-01,4,12,3,0,19,701,194
27020,"Iron Mountain, MI-WI",2024-04-01,9,3,4,0,16,717,203
27020,"Iron Mountain, MI-WI",2024-05-01,7,3,2,0,12,729,210
27020,"Iron Mountain, MI-WI",2024-06-01,3,8,3,0,14,743,213
27020,"Iron Mountain, MI-WI",2024-07-01,3,6,0,0,9,752,216
27020,"Iron Mountain, MI-WI",2024-08-01,8,7,0,0,15,767,224
27020,"Iron Mountain, MI-WI",2024-09-01,5,7,4,1,17,784,229
27020,"Iron Mountain, MI-WI",2024-10-01,14,12,4,0,30,814,243
27020,"Iron Mountain, MI-WI",2024-11-01,8,9,5,0,22,836,251
27020,"Iron Mountain, MI-WI",2024-12-01,5,11,3,1,20,856,256
27020,"Iron Mountain, MI-WI",2025-01-01,5,5,2,1,13,869,261
27020,"Iron Mountain, MI-WI",2025-02-01,10,6,0,0,16,885,271
27020,"Iron Mountain, MI-WI",2025-03-01,11,5,2,0,18,903,282
27020,"Iron Mountain, MI-WI",2025-04-01,7,7,2,0,16,919,289
27020,"Iron Mountain, MI-WI",2025-05-01,12,10,6,0,28,947,301
27020,"Iron Mountain, MI-WI",2025-06-01,5,13,4,0,22,969,306
27020,"Iron Mountain, MI-WI",2025-07-01,9,8,2,1,20,989,315
27020,"Iron Mountain, MI-WI",2025-08-01,5,8,3,0,16,1005,320
27020,"Iron Mountain, MI-WI",2025-09-01,1,1,0,0,2,1007,321
17500,"Clewiston, FL",2019-01-01,0,1,0,0,1,1,0
17500,"Clewiston, FL",2019-02-01,0,0,3,0,3,4,0
17500,"Clewiston, FL",2019-03-01,0,1,0,0,1,5,0
17500,"Clewiston, FL",2019-04-01,0,1,0,0,1,6,0
17500,"Clewiston, FL",2019-05-01,0,2,0,0,2,8,0
17500,"Clewiston, FL",2019-06-01,0,0,0,1,1,9,0
17500,"Clewiston, FL",2019-07-01,0,2,0,0,2,11,0
17500,"Clewiston, FL",2019-08-01,0,1,0,0,1,12,0
17500,"Clewiston, FL",2019-11-01,0,0,0,0,0,12,0
17500,"Clewiston, FL",2019-12-01,0,2,0,0,2,14,0
17500,"Clewiston, FL",2020-01-01,0,3,0,0,3,17,0
17500,"Clewiston, FL",2020-02-01,0,1,1,0,2,19,0
17500,"Clewiston, FL",2020-04-01,0,1,0,1,2,21,0
17500,"Clewiston, FL",2020-05-01,1,4,0,0,5,26,1
17500,"Clewiston, FL",2020-06-01,0,2,1,0,3,29,1
17500,"Clewiston, FL",2020-07-01,0,1,0,0,1,30,1
17500,"Clewiston, FL",2020-09-01,0,1,0,0,1,31,1
17500,"Clewiston, FL",2020-10-01,1,1,0,0,2,33,2
17500,"Clewiston, FL",2020-11-01,0,2,0,0,2,35,2
17500,"Clewiston, FL",2020-12-01,0,3,0,0,3,38,2
17500,"Clewiston, FL",2021-01-01,2,3,0,0,5,43,4
17500,"Clewiston, FL",2021-02-01,1,4,2,0,7,50,5
17500,"Clewiston, FL",2021-03-01,1,8,3,1,13,63,6
17500,"Clewiston, FL",2021-04-01,2,2,0,0,4,67,8
17500,"Clewiston, FL",2021-05-01,2,11,6,1,20,87,10
17500,"Clewiston, FL",2021-06-01,2,1,0,0,3,90,12
17500,"Clewiston, FL",2021-07-01,2,16,0,0,18,108,14
17500,"Clewiston, FL",2021-08-01,6,14,8,0,28,136,20
17500,"Clewiston, FL",2021-09-01,4,21,3,0,28,164,24
17500,"Clewiston, FL",2021-10-01,5,13,2,2,22,186,29
17500,"Clewiston, FL",2021-11-01,4,6,0,0,10,196,33
17500,"Clewiston, FL",2021-12-01,3,11,6,0,20,216,36
17500,"Clewiston, FL",2022-01-01,7,16,4,0,27,243,43
17500,"Clewiston, FL",2022-02-01,4,9,4,0,17,260,47
17500,"Clewiston, FL",2022-03-01,6,14,6,0,26,286,53
17500,"Clewiston, FL",2022-04-01,3,13,7,0,23,309,56
17500,"Clewiston, FL",2022-05-01,7,23,3,0,33,342,63
17500,"Clewiston, FL",2022-06-01,3,17,4,0,24,366,66
17500,"Clewiston, FL",2022-07-01,5,7,7,1,20,386,71
17500,"Clewiston, FL",2022-08-01,2,6,2,0,10,396,73
17500,"Clewiston, FL",2022-09-01,2,4,3,0,9,405,75
17500,"Clewiston, FL",2022-10-01,8,15,1,0,24,429,83
17500,"Clewiston, FL",2022-11-01,3,10,3,1,17,446,86
17500,"Clewiston, FL",2022-12-01,4,7,4,0,15,461,90
17500,"Clewiston, FL",2023-01-01,8,12,0,0,20,481,98
17500,"Clewiston, FL",2023-02-01,1,3,3,0,7,488,99
17500,"Clewiston, FL",2023-03-01,5,8,2,1,16,504,104
17500,"Clewiston, FL",2023-04-01,4,18,3,1,26,530,108
17500,"Clewiston, FL",2023-05-01,6,9,3,0,18,548,114
17500,"Clewiston, FL",2023-06-01,6,8,5,0,19,567,120
17500,"Clewiston, FL",2023-07-01,6,7,7,1,21,588,126
17500,"Clewiston, FL",2023-08-01,4,7,6,0,17,605,130
17500,"Clewiston, FL",2023-09-01,4,9,1,0,14,619,134
17500,"Clewiston, FL",2023-10-01,5,13,4,0,22,641,139
17500,"Clewiston, FL",2023-11-01,8,17,2,1,28,669,147
17500,"Clewiston, FL",2023-12-01,7,11,4,0,22,691,154
17500,"Clewiston, FL",2024-01-01,3,14,5,1,23,714,157
17500,"Clewiston, FL",2024-02-01,6,9,0,0,15,729,163
17500,"Clewiston, FL",2024-03-01,7,13,4,0,24,753,170
17500,"Clewiston, FL",2024-04-01,6,11,5,1,23,776,176
17500,"Clewiston, FL",2024-05-01,8,16,7,0,31,807,184
17500,"Clewiston, FL",2024-06-01,2,11,2,1,16,823,186
17500,"Clewiston, FL",2024-07-01,0,10,4,0,14,837,186
17500,"Clewiston, FL",2024-08-01,1,3,1,0,5,842,187
17500,"Clewiston, FL",2024-09-01,4,6,0,0,10,852,191
17500,"Clewiston, FL",2024-10-01,4,15,4,0,23,875,195
17500,"Clewiston, FL",2024-11-01,10,10,2,2,24,899,205
17500,"Clewiston, FL",2024-12-01,6,10,7,0,23,922,211
17500,"Clewiston, FL",2025-01-01,3,13,3,1,20,942,214
17500,"Clewiston, FL",2025-02-01,4,7,2,0,13,955,218
17500,"Clewiston, FL",2025-03-01,3,7,3,1,14,969,221
17500,"Clewiston, FL",2025-04-01,7,5,2,1,15,984,228
17500,"Clewiston, FL",2025-05-01,7,5,4,0,16,1000,235
17500,"Clewiston, FL",2025-06-01,3,15,4,0,22,1022,238
17500,"Clewiston, FL",2025-07-01,2,4,5,0,11,1033,240
17500,"Clewiston, FL",2025-08-01,4,5,2,0,11,1044,244
17500,"Clewiston, FL",2025-09-01,0,0,1,0,1,1045,244
11660,"Arkadelphia, AR",2019-01-01,0,0,0,1,1,1,0
11660,"Arkadelphia, AR",2019-03-01,0,1,0,0,1,2,0
11660,"Arkadelphia, AR",2019-05-01,0,2,0,0,2,4,0
11660,"Arkadelphia, AR",2019-06-01,0,2,0,0,2,6,0
11660,"Arkadelphia, AR",2019-07-01,0,1,0,0,1,7,0
11660,"Arkadelphia, AR",2019-09-01,0,1,0,0,1,8,0
11660,"Arkadelphia, AR",2019-11-01,0,2,1,0,3,11,0
11660,"Arkadelphia, AR",2019-12-01,1,1,1,0,3,14,1
11660,"Arkadelphia, AR",2020-01-01,0,1,1,0,2,16,1
11660,"Arkadelphia, AR",2020-02-01,2,1,0,0,3,19,3
11660,"Arkadelphia, AR",2020-03-01,1,1,0,0,2,21,4
11660,"Arkadelphia, AR",2020-04-01,2,5,0,0,7,28,6
11660,"Arkadelphia, AR",2020-05-01,3,4,1,1,9,37,9
11660,"Arkadelphia, AR",2020-06-01,4,2,0,0,6,43,13
11660,"Arkadelphia, AR",2020-07-01,2,6,1,0,9,52,15
11660,"Arkadelphia, AR",2020-08-01,1,8,0,1,10,62,16
11660,"Arkadelphia, AR",2020-09-01,2,4,0,0,6,68,18
11660,"Arkadelphia, AR",2020-10-01,2,3,0,0,5,73,20
11660,"Arkadelphia, AR",2020-11-01,2,1,0,0,3,76,22
11660,"Arkadelphia, AR",2020-12-01,4,7,0,0,11,87,26
11660,"Arkadelphia, AR",2021-01-01,2,9,5,0,16,103,28
11660,"Arkadelphia, AR",2021-02-01,5,4,2,0,11,114,33
11660,"Arkadelphia, AR",2021-03-01,5,9,3,0,17,131,38
11660,"Arkadelphia, AR",2021-04-01,11,23,5,0,39,170,49
11660,"Arkadelphia, AR",2021-05-01,5,19,2,0,26,196,54
11660,"Arkadelphia, AR",2021-06-01,9,18,5,0,32,228,63
11660,"Arkadelphia, AR",2021-07-01,12,24,5,0,41,269,75
11660,"Arkadelphia, AR",2021-08-01,4,17,1,0,22,291,79
11660,"Arkadelphia, AR",2021-09-01,11,20,4,0,35,326,90
11660,"Arkadelphia, AR",2021-10-01,6,8,2,0,16,342,96
11660,"Arkadelphia, AR",2021-11-01,7,9,1,0,17,359,103
11660,"Arkadelphia, AR",2021-12-01,6,18,4,0,28,387,109
11660,"Arkadelphia, AR",2022-01-01,11,20,5,0,36,423,120
11660,"Arkadelphia, AR",2022-02-01,8,16,1,0,25,448,128
11660,"Arkadelphia, AR",2022-03-01,11,13,5,0,29,477,139
11660,"Arkadelphia, AR",2022-04-01,10,20,1,0,31,508,149
11660,"Arkadelphia, AR",2022-05-01,9,12,3,0,24,532,158
11660,"Arkadelphia, AR",2022-06-01,4,8,4,0,16,548,162
11660,"Arkadelphia, AR",2022-07-01,3,16,2,0,21,569,165
11660,"Arkadelphia, AR",2022-08-01,8,13,5,0,26,595,173
11660,"Arkadelphia, AR",2022-09-01,6,13,5,0,24,619,179
11660,"Arkadelphia, AR",2022-10-01,11,5,1,1,18,637,190
11660,"Arkadelphia, AR",2022-11-01,7,7,5,0,19,656,197
11660,"Arkadelphia, AR",2022-12-01,15,6,6,0,27,683,212
11660,"Arkadelphia, AR",2023-01-01,13,18,0,2,33,716,225
11660,"Arkadelphia, AR",2023-02-01,17,9,3,1,30,746,242
11660,"Arkadelphia, AR",2023-03-01,12,12,7,0,31,777,254
11660,"Arkadelphia, AR",2023-04-01,12,8,4,0,24,801,266
11660,"Arkadelphia, AR",2023-05-01,4,15,2,0,21,822,270
11660,"Arkadelphia, AR",2023-06-01,5,8,5,0,18,840,275
11660,"Arkadelphia, AR",2023-07-01,5,14,5,0,24,864,280
11660,"Arkadelphia, AR",2023-08-01,8,13,5,0,26,890,288
11660,"Arkadelphia, AR",2023-09-01,11,8,2,0,21,911,299
11660,"Arkadelphia, AR",2023-10-01,16,5,2,1,24,935,315
11660,"Arkadelphia, AR",2023-11-01,11,8,3,0,22,957,326
11660,"Arkadelphia, AR",2023-12-01,18,10,5,0,33,990,344
11660,"Arkadelphia, AR",2024-01-01,9,17,5,1,32,1022,353
11660,"Arkadelphia, AR",2024-02-01,8,10,4,0,22,1044,361
11660,"Arkadelphia, AR",2024-03-01,10,14,4,0,28,1072,371
11660,"Arkadelphia, AR",2024-04-01,7,11,2,0,20,1092,378
11660,"Arkadelphia, AR",2024-05-01,11,14,1,0,26,1118,389
11660,"Arkadelphia, AR",2024-06-01,13,6,5,1,25,1143,402
11660,"Arkadelphia, AR",2024-07-01,2,14,4,0,20,1163,404
11660,"Arkadelphia, AR",2024-08-01,9,9,6,0,24,1187,413
11660,"Arkadelphia, AR",2024-09-01,11,7,2,0,20,1207,424
11660,"Arkadelphia, AR",2024-10-01,23,11,2,1,37,1244,447
11660,"Arkadelphia, AR",2024-11-01,12,12,5,0,29,1273,459
11660,"Arkadelphia, AR",2024-12-01,15,3,2,0,20,1293,474
11660,"Arkadelphia, AR",2025-01-01,21,14,3,1,39,1332,495
11660,"Arkadelphia, AR",2025-02-01,16,7,5,0,28,1360,511
11660,"Arkadelphia, AR",2025-03-01,20,10,4,0,34,1394,531
11660,"Arkadelphia, AR",2025-04-01,8,11,5,1,25,1419,539
11660,"Arkadelphia, AR",2025-05-01,14,12,4,0,30,1449,553
11660,"Arkadelphia, AR",2025-06-01,14,8,6,1,29,1478,567
11660,"Arkadelphia, AR",2025-07-01,14,8,1,2,25,1503,581
11660,"Arkadelphia, AR",2025-08-01,12,8,1,0,21,1524,593
33140,"Michigan City-La Porte, IN",2019-01-01,1,23,8,1,33,33,1
33140,"Michigan City-La Porte, IN",2019-02-01,2,28,9,0,39,72,3
33140,"Michigan City-La Porte, IN",2019-03-01,2,41,11,2,56,128,5
33140,"Michigan City-La Porte, IN",2019-04-01,3,41,11,1,56,184,8
33140,"Michigan City-La Porte, IN",2019-05-01,2,44,11,0,57,241,10
33140,"Michigan City-La Porte, IN",2019-06-01,0,14,7,0,21,262,10
33140,"Michigan City-La Porte, IN",2019-07-01,1,17,7,2,27,289,11
33140,"Michigan City-La Porte, IN",2019-08-01,4,37,6,0,47,336,15
33140,"Michigan City-La Porte, IN",2019-09-01,5,30,12,1,48,384,20
33140,"Michigan City-La Porte, IN",2019-10-01,3,21,5,0,29,413,23
33140,"Michigan City-La Porte, IN",2019-11-01,1,19,4,0,24,437,24
33140,"Michigan City-La Porte, IN",2019-12-01,1,12,2,0,15,452,25
33140,"Michigan City-La Porte, IN",2020-01-01,4,26,4,0,34,486,29
33140,"Michigan City-La Porte, IN",2020-02-01,6,21,5,0,32,518,35
33140,"Michigan City-La Porte, IN",2020-03-01,8,35,9,0,52,570,43
33140,"Michigan City-La Porte, IN",2020-04-01,20,70,26,4,120,690,63
33140,"Michigan City-La Porte, IN",2020-05-01,20,63,10,1,94,784,83
33140,"Michigan City-La Porte, IN",2020-06-01,24,60,19,1,104,888,107
33140,"Michigan City-La Porte, IN",2020-07-01,31,110,16,1,158,1046,138
33140,"Michigan City-La Porte, IN",2020-08-01,28,93,28,2,151,1197,166
33140,"Michigan City-La Porte, IN",2020-09-01,14,72,16,1,103,1300,180
33140,"Michigan City-La Porte, IN",2020-10-01,24,53,8,4,89,1389,204
33140,"Michigan City-La Porte, IN",2020-11-01,8,37,8,0,53,1442,212
33140,"Michigan City-La Porte, IN",2020-12-01,19,31,11,2,63,1505,231
33140,"Michigan City-La Porte, IN",2021-01-01,36,93,19,1,149,1654,267
33140,"Michigan City-La Porte, IN",2021-02-01,23,71,24,1,119,1773,290
33140,"Michigan City-La Porte, IN",2021-03-01,50,70,22,3,145,1918,340
33140,"Michigan City-La Porte, IN",2021-04-01,28,88,21,4,141,2059,368
33140,"Michigan City-La Porte, IN",2021-05-01,36,93,19,1,149,2208,404
33140,"Michigan City-La Porte, IN",2021-06-01,24,93,27,4,148,2356,428
33140,"Michigan City-La Porte, IN",2021-07-01,44,97,21,3,165,2521,472
33140,"Michigan City-La Porte, IN",2021-08-01,26,94,22,6,148,2669,498
33140,"Michigan City-La Porte, IN",2021-09-01,25,93,20,2,140,2809,523
33140,"Michigan City-La Porte, IN",2021-10-01,26,73,23,3,125,2934,549
33140,"Michigan City-La Porte, IN",2021-11-01,27,43,23,1,94,3028,576
33140,"Michigan City-La Porte, IN",2021-12-01,36,84,31,1,152,3180,612
33140,"Michigan City-La Porte, IN",2022-01-01,41,111,32,0,184,3364,653
33140,"Michigan City-La Porte, IN",2022-02-01,29,64,17,4,114,3478,682
33140,"Michigan City-La Porte, IN",2022-03-01,36,94,29,1,160,3638,718
33140,"Michigan City-La Porte, IN",2022-04-01,26,88,25,1,140,3778,744
33140,"Michigan City-La Porte, IN",2022-05-01,20,50,23,1,94,3872,764
33140,"Michigan City-La Porte, IN",2022-06-01,8,22,8,2,40,3912,772
33140,"Michigan City-La Porte, IN",2022-07-01,11,40,11,1,63,3975,783
33140,"Michigan City-La Porte, IN",2022-08-01,12,42,18,2,74,4049,795
33140,"Michigan City-La Porte, IN",2022-09-01,23,43,23,2,91,4140,818
33140,"Michigan City-La Porte, IN",2022-10-01,27,54,11,2,94,4234,845
33140,"Michigan City-La Porte, IN",2022-11-01,26,47,17,1,91,4325,871
33140,"Michigan City-La Porte, IN",2022-12-01,21,49,18,0,88,4413,892
33140,"Michigan City-La Porte, IN",2023-01-01,43,58,20,2,123,4536,935
33140,"Michigan City-La Porte, IN",2023-02-01,25,44,16,2,87,4623,960
33140,"Michigan City-La Porte, IN",2023-03-01,35,67,23,5,130,4753,995
33140,"Michigan City-La Porte, IN",2023-04-01,30,47,19,1,97,4850,1025
33140,"Michigan City-La Porte, IN",2023-05-01,11,22,10,0,43,4893,1036
33140,"Michigan City-La Porte, IN",2023-06-01,10,14,6,0,30,4923,1046
33140,"Michigan City-La Porte, IN",2023-07-01,9,18,5,1,33,4956,1055
33140,"Michigan City-La Porte, IN",2023-08-01,15,31,16,0,62,5018,1070
33140,"Michigan City-La Porte, IN",2023-09-01,26,44,11,0,81,5099,1096
33140,"Michigan City-La Porte, IN",2023-10-01,31,52,24,1,108,5207,1127
33140,"Michigan City-La Porte, IN",2023-11-01,39,60,22,1,122,5329,1166
33140,"Michigan City-La Porte, IN",2023-12-01,33,48,16,2,99,5428,1199
33140,"Michigan City-La Porte, IN",2024-01-01,39,64,19,1,123,5551,1238
33140,"Michigan City-La Porte, IN",2024-02-01,47,41,18,1,107,5658,1285
33140,"Michigan City-La Porte, IN",2024-03-01,31,56,17,2,106,5764,1316
33140,"Michigan City-La Porte, IN",2024-04-01,41,47,18,3,109,5873,1357
33140,"Michigan City-La Porte, IN",2024-05-01,51,52,20,2,125,5998,1408
33140,"Michigan City-La Porte, IN",2024-06-01,30,45,18,2,95,6093,1438
33140,"Michigan City-La Porte, IN",2024-07-01,21,41,8,1,71,6164,1459
33140,"Michigan City-La Porte, IN",2024-08-01,17,43,16,2,78,6242,1476
33140,"Michigan City-La Porte, IN",2024-09-01,30,45,15,1,91,6333,1506
33140,"Michigan City-La Porte, IN",2024-10-01,32,60,18,2,112,6445,1538
33140,"Michigan City-La Porte, IN",2024-11-01,37,44,26,1,108,6553,1575
33140,"Michigan City-La Porte, IN",2024-12-01,47,55,15,2,119,6672,1622
33140,"Michigan City-La Porte, IN",2025-01-01,42,50,28,3,123,6795,1664
33140,"Michigan City-La Porte, IN",2025-02-01,52,48,15,1,116,6911,1716
33140,"Michigan City-La Porte, IN",2025-03-01,62,54,15,3,134,7045,1778
33140,"Michigan City-La Porte, IN",2025-04-01,47,48,17,6,118,7163,1825
33140,"Michigan City-La Porte, IN",2025-05-01,64,45,19,5,133,7296,1889
33140,"Michigan City-La Porte, IN",2025-06-01,49,42,17,0,108,7404,1938
33140,"Michigan City-La Porte, IN",2025-07-01,31,44,26,2,103,7507,1969
33140,"Michigan City-La Porte, IN",2025-08-01,24,36,5,0,65,7572,1993
33140,"Michigan City-La Porte, IN",2025-09-01,3,0,0,0,3,7575,1996
12260,"Augusta-Richmond County, GA-SC",2019-05-01,0,1,0,0,1,1,0
12260,"Augusta-Richmond County, GA-SC",2019-07-01,0,1,0,0,1,2,0
12260,"Augusta-Richmond County, GA-SC",2019-09-01,0,1,0,0,1,3,0
12260,"Augusta-Richmond County, GA-SC",2020-04-01,0,1,0,0,1,4,0
12260,"Augusta-Richmond County, GA-SC",2020-06-01,1,2,0,0,3,7,1
12260,"Augusta-Richmond County, GA-SC",2020-08-01,0,2,0,0,2,9,1
12260,"Augusta-Richmond County, GA-SC",2020-10-01,0,0,1,0,1,10,1
12260,"Augusta-Richmond County, GA-SC",2021-02-01,0,2,0,0,2,12,1
12260,"Augusta-Richmond County, GA-SC",2021-03-01,0,2,2,0,4,16,1
12260,"Augusta-Richmond County, GA-SC",2021-04-01,1,3,1,0,5,21,2
12260,"Augusta-Richmond County, GA-SC",2021-05-01,1,0,1,0,2,23,3
12260,"Augusta-Richmond County, GA-SC",2021-07-01,0,2,0,0,2,25,3
12260,"Augusta-Richmond County, GA-SC",2021-08-01,0,2,0,0,2,27,3
12260,"Augusta-Richmond County, GA-SC",2021-09-01,1,0,2,0,3,30,4
12260,"Augusta-Richmond County, GA-SC",2021-10-01,0,2,0,0,2,32,4
12260,"Augusta-Richmond County, GA-SC",2021-11-01,1,1,0,0,2,34,5
12260,"Augusta-Richmond County, GA-SC",2021-12-01,1,3,1,0,5,39,6
12260,"Augusta-Richmond County, GA-SC",2022-01-01,0,1,1,0,2,41,6
12260,"Augusta-Richmond County, GA-SC",2022-02-01,1,1,0,0,2,43,7
12260,"Augusta-Richmond County, GA-SC",2022-03-01,0,1,0,0,1,44,7
12260,"Augusta-Richmond County, GA-SC",2022-04-01,1,2,0,0,3,47,8
12260,"Augusta-Richmond County, GA-SC",2022-07-01,0,1,0,0,1,48,8
12260,"Augusta-Richmond County, GA-SC",2022-08-01,0,3,1,0,4,52,8
12260,"Augusta-Richmond County, GA-SC",2022-09-01,1,2,0,0,3,55,9
12260,"Augusta-Richmond County, GA-SC",2022-10-01,1,1,1,0,3,58,10
12260,"Augusta-Richmond County, GA-SC",2022-11-01,2,0,0,0,2,60,12
12260,"Augusta-Richmond County, GA-SC",2022-12-01,2,2,0,0,4,64,14
12260,"Augusta-Richmond County, GA-SC",2023-01-01,0,5,1,0,6,70,14
12260,"Augusta-Richmond County, GA-SC",2023-02-01,2,2,0,0,4,74,16
12260,"Augusta-Richmond County, GA-SC",2023-03-01,3,3,1,0,7,81,19
12260,"Augusta-Richmond County, GA-SC",2023-04-01,2,2,0,0,4,85,21
12260,"Augusta-Richmond County, GA-SC",2023-06-01,0,1,1,0,2,87,21
12260,"Augusta-Richmond County, GA-SC",2023-07-01,0,1,0,0,1,88,21
12260,"Augusta-Richmond County, GA-SC",2023-09-01,1,6,2,0,9,97,22
12260,"Augusta-Richmond County, GA-SC",2023-10-01,2,3,1,0,6,103,24
12260,"Augusta-Richmond County, GA-SC",2023-11-01,4,8,5,0,17,120,28
12260,"Augusta-Richmond County, GA-SC",2023-12-01,4,6,2,0,12,132,32
12260,"Augusta-Richmond County, GA-SC",2024-01-01,2,3,3,0,8,140,34
12260,"Augusta-Richmond County, GA-SC",2024-02-01,3,7,2,0,12,152,37
12260,"Augusta-Richmond County, GA-SC",2024-03-01,1,3,3,0,7,159,38
12260,"Augusta-Richmond County, GA-SC",2024-04-01,1,8,2,0,11,170,39
12260,"Augusta-Richmond County, GA-SC",2024-05-01,0,4,1,0,5,175,39
12260,"Augusta-Richmond County, GA-SC",2024-06-01,1,4,0,0,5,180,40
12260,"Augusta-Richmond County, GA-SC",2024-07-01,1,1,0,0,2,182,41
16740,"Charlotte-Concord-Gastonia, NC-SC",2019-01-01,8,573,160,14,755,755,8
16740,"Charlotte-Concord-Gastonia, NC-SC",2019-02-01,12,508,122,9,651,1406,20
16740,"Charlotte-Concord-Gastonia, NC-SC",2019-03-01,22,597,152,8,779,2185,42
16740,"Charlotte-Concord-Gastonia, NC-SC",2019-04-01,32,720,150,12,914,3099,74
16740,"Charlotte-Concord-Gastonia, NC-SC",2019-05-01,33,716,142,13,904,4003,107
16740,"Charlotte-Concord-Gastonia, NC-SC",2019-06-01,21,523,112,9,665,4668,128
16740,"Charlotte-Concord-Gastonia, NC-SC",2019-07-01,52,660,156,20,888,5556,180
16740,"Charlotte-Concord-Gastonia, NC-SC",2019-08-01,40,638,150,15,843,6399,220
16740,"Charlotte-Concord-Gastonia, NC-SC",2019-09-01,43,746,183,16,988,7387,263
16740,"Charlotte-Concord-Gastonia, NC-SC",2019-10-01,40,337,66,6,449,7836,303
16740,"Charlotte-Concord-Gastonia, NC-SC",2019-11-01,62,551,122,13,748,8584,365
16740,"Charlotte-Concord-Gastonia, NC-SC",2019-12-01,37,417,96,8,558,9142,402
16740,"Charlotte-Concord-Gastonia, NC-SC",2020-01-01,89,614,192,8,903,10045,491
16740,"Charlotte-Concord-Gastonia, NC-SC",2020-02-01,81,538,136,16,771,10816,572
16740,"Charlotte-Concord-Gastonia, NC-SC",2020-03-01,100,663,174,17,954,11770,672
16740,"Charlotte-Concord-Gastonia, NC-SC",2020-04-01,487,1606,391,34,2518,14288,1159
16740,"Charlotte-Concord-Gastonia, NC-SC",2020-05-01,872,2225,381,46,3524,17812,2031
16740,"Charlotte-Concord-Gastonia, NC-SC",2020-06-01,656,1610,260,34,2560,20372,2687
16740,"Charlotte-Concord-Gastonia, NC-SC",2020-07-01,670,2145,403,31,3249,23621,3357
16740,"Charlotte-Concord-Gastonia, NC-SC",2020-08-01,631,2658,470,52,3811,27432,3988
16740,"Charlotte-Concord-Gastonia, NC-SC",2020-09-01,539,2199,392,35,3165,30597,4527
16740,"Charlotte-Concord-Gastonia, NC-SC",2020-10-01,383,1554,276,19,2232,32829,4910
16740,"Charlotte-Concord-Gastonia, NC-SC",2020-11-01,369,1212,247,28,1856,34685,5279
16740,"Charlotte-Concord-Gastonia, NC-SC",2020-12-01,443,1127,239,25,1834,36519,5722
16740,"Charlotte-Concord-Gastonia, NC-SC",2021-01-01,994,2504,512,45,4055,40574,6716
16740,"Charlotte-Concord-Gastonia, NC-SC",2021-02-01,675,1851,450,54,3030,43604,7391
16740,"Charlotte-Concord-Gastonia, NC-SC",2021-03-01,909,2156,521,46,3632,47236,8300
16740,"Charlotte-Concord-Gastonia, NC-SC",2021-04-01,936,2551,538,53,4078,51314,9236
16740,"Charlotte-Concord-Gastonia, NC-SC",2021-05-01,1078,2788,549,50,4465,55779,10314
16740,"Charlotte-Concord-Gastonia, NC-SC",2021-06-01,996,2805,589,71,4461,60240,11310
16740,"Charlotte-Concord-Gastonia, NC-SC",2021-07-01,825,2228,510,45,3608,63848,12135
16740,"Charlotte-Concord-Gastonia, NC-SC",2021-08-01,717,2604,633,62,4016,67864,12852
16740,"Charlotte-Concord-Gastonia, NC-SC",2021-09-01,710,2558,726,70,4064,71928,13562
16740,"Charlotte-Concord-Gastonia, NC-SC",2021-10-01,524,1746,497,43,2810,74738,14086
16740,"Charlotte-Concord-Gastonia, NC-SC",2021-11-01,659,1648,421,44,2772,77510,14745
16740,"Charlotte-Concord-Gastonia, NC-SC",2021-12-01,1243,2281,543,56,4123,81633,15988
16740,"Charlotte-Concord-Gastonia, NC-SC",2022-01-01,1111,2734,738,68,4651,86284,17099
16740,"Charlotte-Concord-Gastonia, NC-SC",2022-02-01,839,2003,585,52,3479,89763,17938
16740,"Charlotte-Concord-Gastonia, NC-SC",2022-03-01,884,2086,567,64,3601,93364,18822
16740,"Charlotte-Concord-Gastonia, NC-SC",2022-04-01,784,2108,538,65,3495,96859,19606
16740,"Charlotte-Concord-Gastonia, NC-SC",2022-05-01,1061,2174,593,56,3884,100743,20667
16740,"Charlotte-Concord-Gastonia, NC-SC",2022-06-01,557,1237,362,29,2185,102928,21224
16740,"Charlotte-Concord-Gastonia, NC-SC",2022-07-01,801,1691,490,41,3023,105951,22025
16740,"Charlotte-Concord-Gastonia, NC-SC",2022-08-01,662,1715,528,55,2960,108911,22687
16740,"Charlotte-Concord-Gastonia, NC-SC",2022-09-01,575,1449,424,53,2501,111412,23262
16740,"Charlotte-Concord-Gastonia, NC-SC",2022-10-01,655,1572,465,56,2748,114160,23917
16740,"Charlotte-Concord-Gastonia, NC-SC",2022-11-01,783,1700,525,46,3054,117214,24700
16740,"Charlotte-Concord-Gastonia, NC-SC",2022-12-01,1019,1535,427,35,3016,120230,25719
16740,"Charlotte-Concord-Gastonia, NC-SC",2023-01-01,916,1699,521,44,3180,123410,26635
16740,"Charlotte-Concord-Gastonia, NC-SC",2023-02-01,793,1409,484,48,2734,126144,27428
16740,"Charlotte-Concord-Gastonia, NC-SC",2023-03-01,1024,1712,565,49,3350,129494,28452
16740,"Charlotte-Concord-Gastonia, NC-SC",2023-04-01,893,1685,464,40,3082,132576,29345
16740,"Charlotte-Concord-Gastonia, NC-SC",2023-05-01,1003,1534,455,40,3032,135608,30348
16740,"Charlotte-Concord-Gastonia, NC-SC",2023-06-01,528,903,249,22,1702,137310,30876
16740,"Charlotte-Concord-Gastonia, NC-SC",2023-07-01,481,929,253,20,1683,138993,31357
16740,"Charlotte-Concord-Gastonia, NC-SC",2023-08-01,629,1279,356,49,2313,141306,31986
16740,"Charlotte-Concord-Gastonia, NC-SC",2023-09-01,865,1644,517,51,3077,144383,32851
16740,"Charlotte-Concord-Gastonia, NC-SC",2023-10-01,767,1444,447,44,2702,147085,33618
16740,"Charlotte-Concord-Gastonia, NC-SC",2023-11-01,829,1611,484,48,2972,150057,34447
16740,"Charlotte-Concord-Gastonia, NC-SC",2023-12-01,1168,1642,531,52,3393,153450,35615
16740,"Charlotte-Concord-Gastonia, NC-SC",2024-01-01,1154,1768,557,51,3530,156980,36769
16740,"Charlotte-Concord-Gastonia, NC-SC",2024-02-01,938,1565,505,48,3056,160036,37707
16740,"Charlotte-Concord-Gastonia, NC-SC",2024-03-01,1036,1494,516,57,3103,163139,38743
16740,"Charlotte-Concord-Gastonia, NC-SC",2024-04-01,912,1292,412,39,2655,165794,39655
16740,"Charlotte-Concord-Gastonia, NC-SC",2024-05-01,1287,1719,529,57,3592,169386,40942
16740,"Charlotte-Concord-Gastonia, NC-SC",2024-06-01,1104,1714,537,76,3431,172817,42046
16740,"Charlotte-Concord-Gastonia, NC-SC",2024-07-01,1096,1674,494,53,3317,176134,43142
16740,"Charlotte-Concord-Gastonia, NC-SC",2024-08-01,877,1611,550,79,3117,179251,44019
16740,"Charlotte-Concord-Gastonia, NC-SC",2024-09-01,854,1516,454,76,2900,182151,44873
16740,"Charlotte-Concord-Gastonia, NC-SC",2024-10-01,993,1516,505,65,3079,185230,45866
16740,"Charlotte-Concord-Gastonia, NC-SC",2024-11-01,1038,1572,395,48,3053,188283,46904
16740,"Charlotte-Concord-Gastonia, NC-SC",2024-12-01,1188,1435,394,39,3056,191339,48092
16740,"Charlotte-Concord-Gastonia, NC-SC",2025-01-01,1077,1478,468,46,3069,194408,49169
16740,"Charlotte-Concord-Gastonia, NC-SC",2025-02-01,898,1163,363,30,2454,196862,50067
16740,"Charlotte-Concord-Gastonia, NC-SC",2025-03-01,1067,1286,385,57,2795,199657,51134
16740,"Charlotte-Concord-Gastonia, NC-SC",2025-04-01,1086,1335,455,43,2919,202576,52220
16740,"Charlotte-Concord-Gastonia, NC-SC",2025-05-01,1437,1388,437,42,3304,205880,53657
16740,"Charlotte-Concord-Gastonia, NC-SC",2025-06-01,1373,1508,467,57,3405,209285,55030
16740,"Charlotte-Concord-Gastonia, NC-SC",2025-07-01,1174,1381,487,41,3083,212368,56204
16740,"Charlotte-Concord-Gastonia, NC-SC",2025-08-01,928,1180,386,46,2540,214908,57132
16740,"Charlotte-Concord-Gastonia, NC-SC",2025-09-01,27,25,6,2,60,214968,57159
10500,"Albany, GA",2019-01-01,0,8,2,0,10,10,0
10500,"Albany, GA",2019-02-01,1,10,5,0,16,26,1
10500,"Albany, GA",2019-03-01,0,21,2,1,24,50,1
10500,"Albany, GA",2019-04-01,1,35,6,0,42,92,2
10500,"Albany, GA",2019-05-01,0,49,10,1,60,152,2
10500,"Albany, GA",2019-06-01,1,27,5,0,33,185,3
10500,"Albany, GA",2019-07-01,1,28,9,1,39,224,4
10500,"Albany, GA",2019-08-01,3,31,6,2,42,266,7
10500,"Albany, GA",2019-09-01,1,21,5,1,28,294,8
10500,"Albany, GA",2019-10-01,3,19,11,3,36,330,11
10500,"Albany, GA",2019-11-01,3,29,3,0,35,365,14
10500,"Albany, GA",2019-12-01,2,18,4,0,24,389,16
10500,"Albany, GA",2020-01-01,2,17,11,0,30,419,18
10500,"Albany, GA",2020-02-01,3,31,7,1,42,461,21
10500,"Albany, GA",2020-03-01,2,43,8,1,54,515,23
10500,"Albany, GA",2020-04-01,12,61,8,1,82,597,35
10500,"Albany, GA",2020-05-01,32,107,15,2,156,753,67
10500,"Albany, GA",2020-06-01,25,63,7,1,96,849,92
10500,"Albany, GA",2020-07-01,25,81,21,2,129,978,117
10500,"Albany, GA",2020-08-01,31,153,22,1,207,1185,148
10500,"Albany, GA",2020-09-01,29,97,13,1,140,1325,177
10500,"Albany, GA",2020-10-01,15,58,15,1,89,1414,192
10500,"Albany, GA",2020-11-01,27,71,14,2,114,1528,219
10500,"Albany, GA",2020-12-01,31,78,13,0,122,1650,250
10500,"Albany, GA",2021-01-01,73,155,24,5,257,1907,323
10500,"Albany, GA",2021-02-01,53,108,31,3,195,2102,376
10500,"Albany, GA",2021-03-01,54,137,25,1,217,2319,430
10500,"Albany, GA",2021-04-01,61,188,36,2,287,2606,491
10500,"Albany, GA",2021-05-01,66,203,34,3,306,2912,557
10500,"Albany, GA",2021-06-01,49,167,35,2,253,3165,606
10500,"Albany, GA",2021-07-01,27,105,17,2,151,3316,633
10500,"Albany, GA",2021-08-01,41,94,30,1,166,3482,674
10500,"Albany, GA",2021-09-01,40,91,18,3,152,3634,714
10500,"Albany, GA",2021-10-01,22,65,7,0,94,3728,736
10500,"Albany, GA",2021-11-01,23,71,13,0,107,3835,759
10500,"Albany, GA",2021-12-01,46,79,25,1,151,3986,805
10500,"Albany, GA",2022-01-01,34,85,16,0,135,4121,839
10500,"Albany, GA",2022-02-01,25,63,17,0,105,4226,864
10500,"Albany, GA",2022-03-01,53,120,33,4,210,4436,917
10500,"Albany, GA",2022-04-01,31,84,17,1,133,4569,948
10500,"Albany, GA",2022-05-01,54,88,14,1,157,4726,1002
10500,"Albany, GA",2022-06-01,25,71,9,0,105,4831,1027
10500,"Albany, GA",2022-07-01,29,60,16,0,105,4936,1056
10500,"Albany, GA",2022-08-01,32,77,15,2,126,5062,1088
10500,"Albany, GA",2022-09-01,37,62,33,0,132,5194,1125
10500,"Albany, GA",2022-10-01,53,124,31,2,210,5404,1178
10500,"Albany, GA",2022-11-01,67,84,22,2,175,5579,1245
10500,"Albany, GA",2022-12-01,55,82,23,2,162,5741,1300
10500,"Albany, GA",2023-01-01,43,83,17,1,144,5885,1343
10500,"Albany, GA",2023-02-01,34,82,23,1,140,6025,1377
10500,"Albany, GA",2023-03-01,91,119,36,3,249,6274,1468
10500,"Albany, GA",2023-04-01,37,72,25,4,138,6412,1505
10500,"Albany, GA",2023-05-01,39,52,15,0,106,6518,1544
10500,"Albany, GA",2023-06-01,15,46,12,0,73,6591,1559
10500,"Albany, GA",2023-07-01,26,51,22,1,100,6691,1585
10500,"Albany, GA",2023-08-01,37,54,17,2,110,6801,1622
10500,"Albany, GA",2023-09-01,45,58,25,0,128,6929,1667
10500,"Albany, GA",2023-10-01,45,59,13,0,117,7046,1712
10500,"Albany, GA",2023-11-01,63,69,20,7,159,7205,1775
10500,"Albany, GA",2023-12-01,86,64,30,1,181,7386,1861
10500,"Albany, GA",2024-01-01,75,88,26,1,190,7576,1936
10500,"Albany, GA",2024-02-01,70,82,23,1,176,7752,2006
10500,"Albany, GA",2024-03-01,101,87,23,4,215,7967,2107
10500,"Albany, GA",2024-04-01,60,78,19,2,159,8126,2167
10500,"Albany, GA",2024-05-01,45,55,19,0,119,8245,2212
10500,"Albany, GA",2024-06-01,29,50,11,0,90,8335,2241
10500,"Albany, GA",2024-07-01,32,30,11,0,73,8408,2273
10500,"Albany, GA",2024-08-01,28,53,12,0,93,8501,2301
10500,"Albany, GA",2024-09-01,58,65,21,0,144,8645,2359
10500,"Albany, GA",2024-10-01,85,101,26,5,217,8862,2444
10500,"Albany, GA",2024-11-01,69,77,21,5,172,9034,2513
10500,"Albany, GA",2024-12-01,85,82,26,3,196,9230,2598
10500,"Albany, GA",2025-01-01,56,65,14,2,137,9367,2654
10500,"Albany, GA",2025-02-01,68,51,27,2,148,9515,2722
10500,"Albany, GA",2025-03-01,89,91,23,4,207,9722,2811
10500,"Albany, GA",2025-04-01,92,95,32,0,219,9941,2903
10500,"Albany, GA",2025-05-01,75,90,26,3,194,10135,2978
10500,"Albany, GA",2025-06-01,30,44,12,1,87,10222,3008
10500,"Albany, GA",2025-07-01,25,38,13,0,76,10298,3033
10500,"Albany, GA",2025-08-01,32,64,15,0,111,10409,3065
10500,"Albany, GA",2025-09-01,1,0,0,0,1,10410,3066
24980,"Grenada, MS",2019-02-01,0,1,0,0,1,1,0
24980,"Grenada, MS",2019-04-01,0,3,0,0,3,4,0
24980,"Grenada, MS",2019-05-01,0,0,1,0,1,5,0
24980,"Grenada, MS",2019-06-01,0,1,0,0,1,6,0
24980,"Grenada, MS",2019-08-01,0,1,1,0,2,8,0
24980,"Grenada, MS",2019-09-01,0,0,2,0,2,10,0
24980,"Grenada, MS",2019-10-01,0,1,0,0,1,11,0
24980,"Grenada, MS",2019-11-01,0,3,0,0,3,14,0
24980,"Grenada, MS",2020-01-01,0,1,0,0,1,15,0
24980,"Grenada, MS",2020-02-01,0,1,0,0,1,16,0
24980,"Grenada, MS",2020-03-01,0,2,0,0,2,18,0
24980,"Grenada, MS",2020-04-01,0,1,0,0,1,19,0
24980,"Grenada, MS",2020-05-01,1,3,2,1,7,26,1
24980,"Grenada, MS",2020-06-01,1,1,2,0,4,30,2
24980,"Grenada, MS",2020-07-01,1,2,0,0,3,33,3
24980,"Grenada, MS",2020-08-01,0,7,0,0,7,40,3
24980,"Grenada, MS",2020-09-01,1,0,1,0,2,42,4
24980,"Grenada, MS",2020-10-01,2,2,0,0,4,46,6
24980,"Grenada, MS",2020-11-01,1,8,1,0,10,56,7
24980,"Grenada, MS",2020-12-01,3,5,2,0,10,66,10
24980,"Grenada, MS",2021-01-01,2,14,4,0,20,86,12
24980,"Grenada, MS",2021-02-01,2,13,0,0,15,101,14
24980,"Grenada, MS",2021-03-01,9,8,2,0,19,120,23
24980,"Grenada, MS",2021-04-01,4,15,2,0,21,141,27
24980,"Grenada, MS",2021-05-01,9,17,2,1,29,170,36
24980,"Grenada, MS",2021-06-01,6,7,3,0,16,186,42
24980,"Grenada, MS",2021-07-01,4,16,1,0,21,207,46
24980,"Grenada, MS",2021-08-01,4,18,2,0,24,231,50
24980,"Grenada, MS",2021-09-01,3,13,2,0,18,249,53
24980,"Grenada, MS",2021-10-01,0,13,5,0,18,267,53
24980,"Grenada, MS",2021-11-01,4,10,2,1,17,284,57
24980,"Grenada, MS",2021-12-01,5,13,0,0,18,302,62
24980,"Grenada, MS",2022-01-01,4,18,5,0,27,329,66
24980,"Grenada, MS",2022-02-01,4,12,1,0,17,346,70
24980,"Grenada, MS",2022-03-01,10,15,3,1,29,375,80
24980,"Grenada, MS",2022-04-01,3,22,4,0,29,404,83
24980,"Grenada, MS",2022-05-01,6,16,2,0,24,428,89
24980,"Grenada, MS",2022-06-01,3,12,2,0,17,445,92
24980,"Grenada, MS",2022-07-01,1,9,5,0,15,460,93
24980,"Grenada, MS",2022-08-01,6,12,2,0,20,480,99
24980,"Grenada, MS",2022-09-01,7,3,2,0,12,492,106
24980,"Grenada, MS",2022-10-01,5,10,4,0,19,511,111
24980,"Grenada, MS",2022-11-01,2,15,7,0,24,535,113
24980,"Grenada, MS",2022-12-01,4,16,3,0,23,558,117
24980,"Grenada, MS",2023-01-01,4,12,5,0,21,579,121
24980,"Grenada, MS",2023-02-01,1,10,3,0,14,593,122
24980,"Grenada, MS",2023-03-01,5,18,5,1,29,622,127
24980,"Grenada, MS",2023-04-01,6,9,4,0,19,641,133
24980,"Grenada, MS",2023-05-01,7,9,3,0,19,660,140
24980,"Grenada, MS",2023-06-01,6,14,5,1,26,686,146
24980,"Grenada, MS",2023-07-01,8,9,3,0,20,706,154
24980,"Grenada, MS",2023-08-01,9,13,4,2,28,734,163
24980,"Grenada, MS",2023-09-01,9,11,4,0,24,758,172
24980,"Grenada, MS",2023-10-01,2,11,6,0,19,777,174
24980,"Grenada, MS",2023-11-01,6,11,5,0,22,799,180
24980,"Grenada, MS",2023-12-01,8,18,4,0,30,829,188
24980,"Grenada, MS",2024-01-01,8,7,2,0,17,846,196
24980,"Grenada, MS",2024-02-01,7,14,4,0,25,871,203
24980,"Grenada, MS",2024-03-01,8,16,5,0,29,900,211
24980,"Grenada, MS",2024-04-01,7,7,2,1,17,917,218
24980,"Grenada, MS",2024-05-01,10,15,2,0,27,944,228
24980,"Grenada, MS",2024-06-01,5,10,1,0,16,960,233
24980,"Grenada, MS",2024-07-01,5,11,0,1,17,977,238
24980,"Grenada, MS",2024-08-01,6,15,5,0,26,1003,244
24980,"Grenada, MS",2024-09-01,9,21,1,0,31,1034,253
24980,"Grenada, MS",2024-10-01,5,12,5,0,22,1056,258
24980,"Grenada, MS",2024-11-01,13,20,2,2,37,1093,271
24980,"Grenada, MS",2024-12-01,14,14,2,0,30,1123,285
24980,"Grenada, MS",2025-01-01,8,18,1,0,27,1150,293
24980,"Grenada, MS",2025-02-01,7,7,5,3,22,1172,300
24980,"Grenada, MS",2025-03-01,11,12,1,1,25,1197,311
24980,"Grenada, MS",2025-04-01,26,15,3,1,45,1242,337
24980,"Grenada, MS",2025-05-01,18,23,3,0,44,1286,355
24980,"Grenada, MS",2025-06-01,23,13,2,0,38,1324,378
24980,"Grenada, MS",2025-07-01,15,19,5,0,39,1363,393
24980,"Grenada, MS",2025-08-01,11,12,7,1,31,1394,404
47260,"Virginia Beach-Chesapeake-Norfolk, VA-NC",2019-01-01,13,550,158,15,736,736,13
47260,"Virginia Beach-Chesapeake-Norfolk, VA-NC",2019-02-01,19,570,139,21,749,1485,32
47260,"Virginia Beach-Chesapeake-Norfolk, VA-NC",2019-03-01,19,641,139,19,818,2303,51
47260,"Virginia Beach-Chesapeake-Norfolk, VA-NC",2019-04-01,26,708,134,12,880,3183,77
47260,"Virginia Beach-Chesapeake-Norfolk, VA-NC",2019-05-01,32,753,145,16,946,4129,109
47260,"Virginia Beach-Chesapeake-Norfolk, VA-NC",2019-06-01,8,277,49,3,337,4466,117
47260,"Virginia Beach-Chesapeake-Norfolk, VA-NC",2019-07-01,45,467,87,6,605,5071,162
47260,"Virginia Beach-Chesapeake-Norfolk, VA-NC",2019-08-01,45,595,156,8,804,5875,207
47260,"Virginia Beach-Chesapeake-Norfolk, VA-NC",2019-09-01,59,617,143,10,829,6704,266
47260,"Virginia Beach-Chesapeake-Norfolk, VA-NC",2019-10-01,31,328,59,6,424,7128,297
47260,"Virginia Beach-Chesapeake-Norfolk, VA-NC",2019-11-01,43,416,109,6,574,7702,340
47260,"Virginia Beach-Chesapeake-Norfolk, VA-NC",2019-12-01,48,321,58,10,437,8139,388
47260,"Virginia Beach-Chesapeake-Norfolk, VA-NC",2020-01-01,40,349,86,4,479,8618,428
47260,"Virginia Beach-Chesapeake-Norfolk, VA-NC",2020-02-01,60,426,105,13,604,9222,488
47260,"Virginia Beach-Chesapeake-Norfolk, VA-NC",2020-03-01,77,491,116,12,696,9918,565
47260,"Virginia Beach-Chesapeake-Norfolk, VA-NC",2020-04-01,438,1643,335,34,2450,12368,1003
47260,"Virginia Beach-Chesapeake-Norfolk, VA-NC",2020-05-01,923,2286,427,40,3676,16044,1926
47260,"Virginia Beach-Chesapeake-Norfolk, VA-NC",2020-06-01,567,1827,287,30,2711,18755,2493
47260,"Virginia Beach-Chesapeake-Norfolk, VA-NC",2020-07-01,618,2065,354,29,3066,21821,3111
47260,"Virginia Beach-Chesapeake-Norfolk, VA-NC",2020-08-01,569,2355,383,43,3350,25171,3680
47260,"Virginia Beach-Chesapeake-Norfolk, VA-NC",2020-09-01,387,1762,345,40,2534,27705,4067
47260,"Virginia Beach-Chesapeake-Norfolk, VA-NC",2020-10-01,367,1382,252,23,2024,29729,4434
47260,"Virginia Beach-Chesapeake-Norfolk, VA-NC",2020-11-01,243,830,136,19,1228,30957,4677
47260,"Virginia Beach-Chesapeake-Norfolk, VA-NC",2020-12-01,173,569,84,8,834,31791,4850
47260,"Virginia Beach-Chesapeake-Norfolk, VA-NC",2021-01-01,623,1655,279,39,2596,34387,5473
47260,"Virginia Beach-Chesapeake-Norfolk, VA-NC",2021-02-01,584,1597,317,48,2546,36933,6057
47260,"Virginia Beach-Chesapeake-Norfolk, VA-NC",2021-03-01,616,1708,335,49,2708,39641,6673
47260,"Virginia Beach-Chesapeake-Norfolk, VA-NC",2021-04-01,649,1970,327,35,2981,42622,7322
47260,"Virginia Beach-Chesapeake-Norfolk, VA-NC",2021-05-01,745,1923,394,34,3096,45718,8067
47260,"Virginia Beach-Chesapeake-Norfolk, VA-NC",2021-06-01,625,1867,377,37,2906,48624,8692
47260,"Virginia Beach-Chesapeake-Norfolk, VA-NC",2021-07-01,649,1984,421,43,3097,51721,9341
47260,"Virginia Beach-Chesapeake-Norfolk, VA-NC",2021-08-01,544,1797,327,34,2702,54423,9885
47260,"Virginia Beach-Chesapeake-Norfolk, VA-NC",2021-09-01,595,2055,427,62,3139,57562,10480
47260,"Virginia Beach-Chesapeake-Norfolk, VA-NC",2021-10-01,341,1017,265,21,1644,59206,10821
47260,"Virginia Beach-Chesapeake-Norfolk, VA-NC",2021-11-01,196,585,117,12,910,60116,11017
47260,"Virginia Beach-Chesapeake-Norfolk, VA-NC",2021-12-01,540,1201,259,33,2033,62149,11557
47260,"Virginia Beach-Chesapeake-Norfolk, VA-NC",2022-01-01,817,1803,395,36,3051,65200,12374
47260,"Virginia Beach-Chesapeake-Norfolk, VA-NC",2022-02-01,338,675,173,27,1213,66413,12712
47260,"Virginia Beach-Chesapeake-Norfolk, VA-NC",2022-03-01,527,1099,292,20,1938,68351,13239
47260,"Virginia Beach-Chesapeake-Norfolk, VA-NC",2022-04-01,590,1334,276,30,2230,70581,13829
47260,"Virginia Beach-Chesapeake-Norfolk, VA-NC",2022-05-01,633,1270,283,33,2219,72800,14462
47260,"Virginia Beach-Chesapeake-Norfolk, VA-NC",2022-06-01,176,343,90,6,615,73415,14638
47260,"Virginia Beach-Chesapeake-Norfolk, VA-NC",2022-07-01,183,367,103,4,657,74072,14821
47260,"Virginia Beach-Chesapeake-Norfolk, VA-NC",2022-08-01,319,701,180,19,1219,75291,15140
47260,"Virginia Beach-Chesapeake-Norfolk, VA-NC",2022-09-01,230,467,116,5,818,76109,15370
47260,"Virginia Beach-Chesapeake-Norfolk, VA-NC",2022-10-01,660,1305,338,22,2325,78434,16030
47260,"Virginia Beach-Chesapeake-Norfolk, VA-NC",2022-11-01,527,1146,312,38,2023,80457,16557
47260,"Virginia Beach-Chesapeake-Norfolk, VA-NC",2022-12-01,711,1045,277,25,2058,82515,17268
47260,"Virginia Beach-Chesapeake-Norfolk, VA-NC",2023-01-01,690,1134,340,26,2190,84705,17958
47260,"Virginia Beach-Chesapeake-Norfolk, VA-NC",2023-02-01,559,943,275,25,1802,86507,18517
47260,"Virginia Beach-Chesapeake-Norfolk, VA-NC",2023-03-01,767,1249,385,31,2432,88939,19284
47260,"Virginia Beach-Chesapeake-Norfolk, VA-NC",2023-04-01,549,1105,281,32,1967,90906,19833
47260,"Virginia Beach-Chesapeake-Norfolk, VA-NC",2023-05-01,539,819,209,14,1581,92487,20372
47260,"Virginia Beach-Chesapeake-Norfolk, VA-NC",2023-06-01,436,703,198,18,1355,93842,20808
47260,"Virginia Beach-Chesapeake-Norfolk, VA-NC",2023-07-01,459,765,222,20,1466,95308,21267
47260,"Virginia Beach-Chesapeake-Norfolk, VA-NC",2023-08-01,637,971,276,34,1918,97226,21904
47260,"Virginia Beach-Chesapeake-Norfolk, VA-NC",2023-09-01,577,1041,289,22,1929,99155,22481
47260,"Virginia Beach-Chesapeake-Norfolk, VA-NC",2023-10-01,633,1074,301,29,2037,101192,23114
47260,"Virginia Beach-Chesapeake-Norfolk, VA-NC",2023-11-01,659,1043,292,42,2036,103228,23773
47260,"Virginia Beach-Chesapeake-Norfolk, VA-NC",2023-12-01,831,951,252,40,2074,105302,24604
47260,"Virginia Beach-Chesapeake-Norfolk, VA-NC",2024-01-01,698,954,298,35,1985,107287,25302
47260,"Virginia Beach-Chesapeake-Norfolk, VA-NC",2024-02-01,627,813,248,29,1717,109004,25929
47260,"Virginia Beach-Chesapeake-Norfolk, VA-NC",2024-03-01,706,864,252,27,1849,110853,26635
47260,"Virginia Beach-Chesapeake-Norfolk, VA-NC",2024-04-01,655,805,239,28,1727,112580,27290
47260,"Virginia Beach-Chesapeake-Norfolk, VA-NC",2024-05-01,915,1011,280,21,2227,114807,28205
47260,"Virginia Beach-Chesapeake-Norfolk, VA-NC",2024-06-01,810,989,319,40,2158,116965,29015
47260,"Virginia Beach-Chesapeake-Norfolk, VA-NC",2024-07-01,860,1069,326,24,2279,119244,29875
47260,"Virginia Beach-Chesapeake-Norfolk, VA-NC",2024-08-01,728,961,280,35,2004,121248,30603
47260,"Virginia Beach-Chesapeake-Norfolk, VA-NC",2024-09-01,689,914,278,31,1912,123160,31292
47260,"Virginia Beach-Chesapeake-Norfolk, VA-NC",2024-10-01,808,960,278,36,2082,125242,32100
47260,"Virginia Beach-Chesapeake-Norfolk, VA-NC",2024-11-01,820,980,267,35,2102,127344,32920
47260,"Virginia Beach-Chesapeake-Norfolk, VA-NC",2024-12-01,947,921,260,39,2167,129511,33867
47260,"Virginia Beach-Chesapeake-Norfolk, VA-NC",2025-01-01,849,900,292,39,2080,131591,34716
47260,"Virginia Beach-Chesapeake-Norfolk, VA-NC",2025-02-01,687,694,227,36,1644,133235,35403
47260,"Virginia Beach-Chesapeake-Norfolk, VA-NC",2025-03-01,814,805,237,33,1889,135124,36217
47260,"Virginia Beach-Chesapeake-Norfolk, VA-NC",2025-04-01,908,919,253,35,2115,137239,37125
47260,"Virginia Beach-Chesapeake-Norfolk, VA-NC",2025-05-01,1183,948,295,39,2465,139704,38308
47260,"Virginia Beach-Chesapeake-Norfolk, VA-NC",2025-06-01,1027,1010,336,44,2417,142121,39335
47260,"Virginia Beach-Chesapeake-Norfolk, VA-NC",2025-07-01,995,967,310,60,2332,144453,40330
47260,"Virginia Beach-Chesapeake-Norfolk, VA-NC",2025-08-01,806,859,270,38,1973,146426,41136
47260,"Virginia Beach-Chesapeake-Norfolk, VA-NC",2025-09-01,21,28,7,1,57,146483,41157
31740,"Manhattan, KS",2019-01-01,0,6,3,0,9,9,0
31740,"Manhattan, KS",2019-02-01,0,8,0,0,8,17,0
31740,"Manhattan, KS",2019-03-01,1,27,2,0,30,47,1
31740,"Manhattan, KS",2019-04-01,1,40,6,0,47,94,2
31740,"Manhattan, KS",2019-05-01,4,38,5,1,48,142,6
31740,"Manhattan, KS",2019-06-01,4,47,4,0,55,197,10
31740,"Manhattan, KS",2019-07-01,3,40,5,0,48,245,13
31740,"Manhattan, KS",2019-08-01,4,56,6,1,67,312,17
31740,"Manhattan, KS",2019-09-01,4,47,9,0,60,372,21
31740,"Manhattan, KS",2019-10-01,1,44,6,1,52,424,22
31740,"Manhattan, KS",2019-11-01,8,34,5,0,47,471,30
31740,"Manhattan, KS",2019-12-01,6,39,4,0,49,520,36
31740,"Manhattan, KS",2020-01-01,7,34,6,0,47,567,43
31740,"Manhattan, KS",2020-02-01,7,40,2,2,51,618,50
31740,"Manhattan, KS",2020-03-01,12,57,3,0,72,690,62
31740,"Manhattan, KS",2020-04-01,60,156,14,1,231,921,122
31740,"Manhattan, KS",2020-05-01,63,123,10,0,196,1117,185
31740,"Manhattan, KS",2020-06-01,35,75,5,0,115,1232,220
31740,"Manhattan, KS",2020-07-01,40,103,9,0,152,1384,260
31740,"Manhattan, KS",2020-08-01,54,152,14,2,222,1606,314
31740,"Manhattan, KS",2020-09-01,51,137,9,0,197,1803,365
31740,"Manhattan, KS",2020-10-01,56,100,3,0,159,1962,421
31740,"Manhattan, KS",2020-11-01,28,67,2,0,97,2059,449
31740,"Manhattan, KS",2020-12-01,42,39,1,0,82,2141,491
31740,"Manhattan, KS",2021-01-01,94,119,6,0,219,2360,585
31740,"Manhattan, KS",2021-02-01,60,97,4,0,161,2521,645
31740,"Manhattan, KS",2021-03-01,100,117,14,0,231,2752,745
31740,"Manhattan, KS",2021-04-01,67,105,9,1,182,2934,812
31740,"Manhattan, KS",2021-05-01,86,136,14,0,236,3170,898
31740,"Manhattan, KS",2021-06-01,41,88,10,2,141,3311,939
31740,"Manhattan, KS",2021-07-01,45,57,4,0,106,3417,984
31740,"Manhattan, KS",2021-08-01,67,106,9,1,183,3600,1051
31740,"Manhattan, KS",2021-09-01,41,94,12,2,149,3749,1092
31740,"Manhattan, KS",2021-10-01,33,49,4,0,86,3835,1125
31740,"Manhattan, KS",2021-11-01,37,61,5,1,104,3939,1162
31740,"Manhattan, KS",2021-12-01,68,96,13,0,177,4116,1230
31740,"Manhattan, KS",2022-01-01,151,178,16,2,347,4463,1381
31740,"Manhattan, KS",2022-02-01,85,100,7,0,192,4655,1466
31740,"Manhattan, KS",2022-03-01,84,121,13,1,219,4874,1550
31740,"Manhattan, KS",2022-04-01,50,89,8,2,149,5023,1600
31740,"Manhattan, KS",2022-05-01,90,125,13,0,228,5251,1690
31740,"Manhattan, KS",2022-06-01,64,88,18,0,170,5421,1754
31740,"Manhattan, KS",2022-07-01,58,77,10,1,146,5567,1812
31740,"Manhattan, KS",2022-08-01,100,122,12,0,234,5801,1912
31740,"Manhattan, KS",2022-09-01,112,133,21,2,268,6069,2024
31740,"Manhattan, KS",2022-10-01,78,105,12,2,197,6266,2102
31740,"Manhattan, KS",2022-11-01,77,103,16,2,198,6464,2179
31740,"Manhattan, KS",2022-12-01,98,106,22,1,227,6691,2277
31740,"Manhattan, KS",2023-01-01,86,80,20,1,187,6878,2363
31740,"Manhattan, KS",2023-02-01,88,68,5,0,161,7039,2451
31740,"Manhattan, KS",2023-03-01,112,86,18,3,219,7258,2563
31740,"Manhattan, KS",2023-04-01,66,71,10,1,148,7406,2629
31740,"Manhattan, KS",2023-05-01,53,51,7,0,111,7517,2682
31740,"Manhattan, KS",2023-06-01,39,20,4,0,63,7580,2721
31740,"Manhattan, KS",2023-07-01,27,34,7,0,68,7648,2748
31740,"Manhattan, KS",2023-08-01,57,54,11,1,123,7771,2805
31740,"Manhattan, KS",2023-09-01,122,79,15,1,217,7988,2927
31740,"Manhattan, KS",2023-10-01,139,65,10,0,214,8202,3066
31740,"Manhattan, KS",2023-11-01,112,67,8,2,189,8391,3178
31740,"Manhattan, KS",2023-12-01,107,66,10,1,184,8575,3285
31740,"Manhattan, KS",2024-01-01,126,81,15,0,222,8797,3411
31740,"Manhattan, KS",2024-02-01,146,65,13,1,225,9022,3557
31740,"Manhattan, KS",2024-03-01,109,64,11,2,186,9208,3666
31740,"Manhattan, KS",2024-04-01,114,54,13,0,181,9389,3780
31740,"Manhattan, KS",2024-05-01,89,61,10,0,160,9549,3869
31740,"Manhattan, KS",2024-06-01,75,51,11,0,137,9686,3944
31740,"Manhattan, KS",2024-07-01,82,60,9,0,151,9837,4026
31740,"Manhattan, KS",2024-08-01,104,74,9,0,187,10024,4130
31740,"Manhattan, KS",2024-09-01,111,57,8,2,178,10202,4241
31740,"Manhattan, KS",2024-10-01,116,59,11,5,191,10393,4357
31740,"Manhattan, KS",2024-11-01,123,64,10,1,198,10591,4480
31740,"Manhattan, KS",2024-12-01,113,59,8,1,181,10772,4593
31740,"Manhattan, KS",2025-01-01,116,69,12,1,198,10970,4709
31740,"Manhattan, KS",2025-02-01,118,49,10,0,177,11147,4827
31740,"Manhattan, KS",2025-03-01,141,46,7,0,194,11341,4968
31740,"Manhattan, KS",2025-04-01,115,58,9,2,184,11525,5083
31740,"Manhattan, KS",2025-05-01,118,47,12,1,178,11703,5201
31740,"Manhattan, KS",2025-06-01,92,58,12,1,163,11866,5293
31740,"Manhattan, KS",2025-07-01,101,64,11,1,177,12043,5394
31740,"Manhattan, KS",2025-08-01,104,56,10,1,171,12214,5498
31740,"Manhattan, KS",2025-09-01,2,2,0,0,4,12218,5500
19260,"Danville, VA",2019-01-01,0,5,0,0,5,5,0
19260,"Danville, VA",2019-02-01,0,4,3,0,7,12,0
19260,"Danville, VA",2019-03-01,0,9,1,0,10,22,0
19260,"Danville, VA",2019-04-01,0,5,2,0,7,29,0
19260,"Danville, VA",2019-05-01,0,18,4,0,22,51,0
19260,"Danville, VA",2019-06-01,3,20,9,1,33,84,3
19260,"Danville, VA",2019-07-01,2,14,10,0,26,110,5
19260,"Danville, VA",2019-08-01,0,17,5,1,23,133,5
19260,"Danville, VA",2019-09-01,0,14,2,1,17,150,5
19260,"Danville, VA",2019-10-01,1,11,2,0,14,164,6
19260,"Danville, VA",2019-11-01,1,12,3,1,17,181,7
19260,"Danville, VA",2019-12-01,1,10,4,2,17,198,8
19260,"Danville, VA",2020-01-01,2,16,6,1,25,223,10
19260,"Danville, VA",2020-02-01,4,10,4,1,19,242,14
19260,"Danville, VA",2020-03-01,4,25,11,1,41,283,18
19260,"Danville, VA",2020-04-01,3,34,10,1,48,331,21
19260,"Danville, VA",2020-05-01,15,54,16,2,87,418,36
19260,"Danville, VA",2020-06-01,10,43,14,1,68,486,46
19260,"Danville, VA",2020-07-01,13,46,13,1,73,559,59
19260,"Danville, VA",2020-08-01,20,50,8,4,82,641,79
19260,"Danville, VA",2020-09-01,15,43,15,3,76,717,94
19260,"Danville, VA",2020-10-01,11,37,12,4,64,781,105
19260,"Danville, VA",2020-11-01,12,24,12,1,49,830,117
19260,"Danville, VA",2020-12-01,8,33,10,1,52,882,125
19260,"Danville, VA",2021-01-01,22,54,18,0,94,976,147
19260,"Danville, VA",2021-02-01,20,42,10,0,72,1048,167
19260,"Danville, VA",2021-03-01,18,61,16,1,96,1144,185
19260,"Danville, VA",2021-04-01,32,55,16,4,107,1251,217
19260,"Danville, VA",2021-05-01,22,87,19,0,128,1379,239
19260,"Danville, VA",2021-06-01,27,48,13,4,92,1471,266
19260,"Danville, VA",2021-07-01,29,59,19,2,109,1580,295
19260,"Danville, VA",2021-08-01,22,51,17,1,91,1671,317
19260,"Danville, VA",2021-09-01,10,50,16,1,77,1748,327
19260,"Danville, VA",2021-10-01,10,35,8,0,53,1801,337
19260,"Danville, VA",2021-11-01,15,51,9,3,78,1879,352
19260,"Danville, VA",2021-12-01,27,49,16,2,94,1973,379
19260,"Danville, VA",2022-01-01,27,73,28,3,131,2104,406
19260,"Danville, VA",2022-02-01,24,54,16,0,94,2198,430
19260,"Danville, VA",2022-03-01,32,60,19,0,111,2309,462
19260,"Danville, VA",2022-04-01,27,67,12,2,108,2417,489
19260,"Danville, VA",2022-05-01,22,51,18,4,95,2512,511
19260,"Danville, VA",2022-06-01,14,45,8,2,69,2581,525
19260,"Danville, VA",2022-07-01,17,37,8,4,66,2647,542
19260,"Danville, VA",2022-08-01,28,29,8,1,66,2713,570
19260,"Danville, VA",2022-09-01,24,59,10,2,95,2808,594
19260,"Danville, VA",2022-10-01,24,47,25,0,96,2904,618
19260,"Danville, VA",2022-11-01,29,54,10,1,94,2998,647
19260,"Danville, VA",2022-12-01,26,41,18,2,87,3085,673
19260,"Danville, VA",2023-01-01,24,46,18,3,91,3176,697
19260,"Danville, VA",2023-02-01,30,44,15,1,90,3266,727
19260,"Danville, VA",2023-03-01,36,65,30,4,135,3401,763
19260,"Danville, VA",2023-04-01,20,40,13,0,73,3474,783
19260,"Danville, VA",2023-05-01,29,52,10,1,92,3566,812
19260,"Danville, VA",2023-06-01,24,28,9,1,62,3628,836
19260,"Danville, VA",2023-07-01,15,39,6,2,62,3690,851
19260,"Danville, VA",2023-08-01,16,33,14,0,63,3753,867
19260,"Danville, VA",2023-09-01,34,41,22,2,99,3852,901
19260,"Danville, VA",2023-10-01,30,43,14,4,91,3943,931
19260,"Danville, VA",2023-11-01,29,47,24,7,107,4050,960
19260,"Danville, VA",2023-12-01,40,44,22,0,106,4156,1000
19260,"Danville, VA",2024-01-01,49,46,13,2,110,4266,1049
19260,"Danville, VA",2024-02-01,40,44,19,4,107,4373,1089
19260,"Danville, VA",2024-03-01,41,56,14,2,113,4486,1130
19260,"Danville, VA",2024-04-01,43,38,17,4,102,4588,1173
19260,"Danville, VA",2024-05-01,35,30,12,3,80,4668,1208
19260,"Danville, VA",2024-06-01,28,31,6,1,66,4734,1236
19260,"Danville, VA",2024-07-01,30,29,13,0,72,4806,1266
19260,"Danville, VA",2024-08-01,24,41,16,2,83,4889,1290
19260,"Danville, VA",2024-09-01,40,50,19,1,110,4999,1330
19260,"Danville, VA",2024-10-01,42,63,17,3,125,5124,1372
19260,"Danville, VA",2024-11-01,56,58,23,1,138,5262,1428
19260,"Danville, VA",2024-12-01,46,47,18,4,115,5377,1474
19260,"Danville, VA",2025-01-01,50,62,18,1,131,5508,1524
19260,"Danville, VA",2025-02-01,38,44,14,5,101,5609,1562
19260,"Danville, VA",2025-03-01,46,51,17,2,116,5725,1608
19260,"Danville, VA",2025-04-01,50,54,24,4,132,5857,1658
19260,"Danville, VA",2025-05-01,55,53,18,1,127,5984,1713
19260,"Danville, VA",2025-06-01,42,46,19,4,111,6095,1755
19260,"Danville, VA",2025-07-01,49,55,22,2,128,6223,1804
19260,"Danville, VA",2025-08-01,40,39,18,3,100,6323,1844
19260,"Danville, VA",2025-09-01,1,0,0,0,1,6324,1845
32580,"McAllen-Edinburg-Mission, TX",2019-01-01,1,41,13,0,55,55,1
32580,"McAllen-Edinburg-Mission, TX",2019-02-01,0,50,11,0,61,116,1
32580,"McAllen-Edinburg-Mission, TX",2019-03-01,2,53,14,0,69,185,3
32580,"McAllen-Edinburg-Mission, TX",2019-04-01,4,48,7,0,59,244,7
32580,"McAllen-Edinburg-Mission, TX",2019-05-01,2,47,11,0,60,304,9
32580,"McAllen-Edinburg-Mission, TX",2019-06-01,4,35,7,0,46,350,13
32580,"McAllen-Edinburg-Mission, TX",2019-07-01,1,13,5,0,19,369,14
32580,"McAllen-Edinburg-Mission, TX",2019-08-01,3,40,9,1,53,422,17
32580,"McAllen-Edinburg-Mission, TX",2019-09-01,2,58,9,0,69,491,19
32580,"McAllen-Edinburg-Mission, TX",2019-10-01,4,69,3,2,78,569,23
32580,"McAllen-Edinburg-Mission, TX",2019-11-01,3,37,8,0,48,617,26
32580,"McAllen-Edinburg-Mission, TX",2019-12-01,2,32,8,1,43,660,28
32580,"McAllen-Edinburg-Mission, TX",2020-01-01,5,46,6,0,57,717,33
32580,"McAllen-Edinburg-Mission, TX",2020-02-01,8,39,3,0,50,767,41
32580,"McAllen-Edinburg-Mission, TX",2020-03-01,25,110,27,6,168,935,66
32580,"McAllen-Edinburg-Mission, TX",2020-04-01,61,386,68,10,525,1460,127
32580,"McAllen-Edinburg-Mission, TX",2020-05-01,45,145,19,3,212,1672,172
32580,"McAllen-Edinburg-Mission, TX",2020-06-01,30,101,10,0,141,1813,202
32580,"McAllen-Edinburg-Mission, TX",2020-07-01,105,371,70,2,548,2361,307
32580,"McAllen-Edinburg-Mission, TX",2020-08-01,75,327,42,5,449,2810,382
32580,"McAllen-Edinburg-Mission, TX",2020-09-01,71,244,38,3,356,3166,453
32580,"McAllen-Edinburg-Mission, TX",2020-10-01,22,55,12,0,89,3255,475
32580,"McAllen-Edinburg-Mission, TX",2020-11-01,16,50,4,1,71,3326,491
32580,"McAllen-Edinburg-Mission, TX",2020-12-01,22,71,18,3,114,3440,513
32580,"McAllen-Edinburg-Mission, TX",2021-01-01,76,204,33,0,313,3753,589
32580,"McAllen-Edinburg-Mission, TX",2021-02-01,60,149,27,3,239,3992,649
32580,"McAllen-Edinburg-Mission, TX",2021-03-01,185,436,61,5,687,4679,834
32580,"McAllen-Edinburg-Mission, TX",2021-04-01,111,288,59,5,463,5142,945
32580,"McAllen-Edinburg-Mission, TX",2021-05-01,85,222,29,5,341,5483,1030
32580,"McAllen-Edinburg-Mission, TX",2021-06-01,38,134,20,1,193,5676,1068
32580,"McAllen-Edinburg-Mission, TX",2021-07-01,20,77,3,1,101,5777,1088
32580,"McAllen-Edinburg-Mission, TX",2021-08-01,24,138,21,0,183,5960,1112
32580,"McAllen-Edinburg-Mission, TX",2021-09-01,32,134,31,4,201,6161,1144
32580,"McAllen-Edinburg-Mission, TX",2021-10-01,13,54,9,1,77,6238,1157
32580,"McAllen-Edinburg-Mission, TX",2021-11-01,16,62,13,0,91,6329,1173
32580,"McAllen-Edinburg-Mission, TX",2021-12-01,87,247,40,4,378,6707,1260
32580,"McAllen-Edinburg-Mission, TX",2022-01-01,220,476,91,13,800,7507,1480
32580,"McAllen-Edinburg-Mission, TX",2022-02-01,58,101,17,3,179,7686,1538
32580,"McAllen-Edinburg-Mission, TX",2022-03-01,170,333,61,1,565,8251,1708
32580,"McAllen-Edinburg-Mission, TX",2022-04-01,111,235,59,4,409,8660,1819
32580,"McAllen-Edinburg-Mission, TX",2022-05-01,78,134,27,1,240,8900,1897
32580,"McAllen-Edinburg-Mission, TX",2022-06-01,105,133,23,0,261,9161,2002
32580,"McAllen-Edinburg-Mission, TX",2022-07-01,31,63,8,0,102,9263,2033
32580,"McAllen-Edinburg-Mission, TX",2022-08-01,89,163,36,4,292,9555,2122
32580,"McAllen-Edinburg-Mission, TX",2022-09-01,66,152,28,2,248,9803,2188
32580,"McAllen-Edinburg-Mission, TX",2022-10-01,55,107,26,0,188,9991,2243
32580,"McAllen-Edinburg-Mission, TX",2022-11-01,144,238,57,7,446,10437,2387
32580,"McAllen-Edinburg-Mission, TX",2022-12-01,196,307,50,0,553,10990,2583
32580,"McAllen-Edinburg-Mission, TX",2023-01-01,138,213,46,1,398,11388,2721
32580,"McAllen-Edinburg-Mission, TX",2023-02-01,147,210,46,5,408,11796,2868
32580,"McAllen-Edinburg-Mission, TX",2023-03-01,275,370,92,8,745,12541,3143
32580,"McAllen-Edinburg-Mission, TX",2023-04-01,165,259,48,3,475,13016,3308
32580,"McAllen-Edinburg-Mission, TX",2023-05-01,75,105,29,1,210,13226,3383
32580,"McAllen-Edinburg-Mission, TX",2023-06-01,50,67,19,0,136,13362,3433
32580,"McAllen-Edinburg-Mission, TX",2023-07-01,55,68,17,3,143,13505,3488
32580,"McAllen-Edinburg-Mission, TX",2023-08-01,42,63,13,1,119,13624,3530
32580,"McAllen-Edinburg-Mission, TX",2023-09-01,76,143,44,2,265,13889,3606
32580,"McAllen-Edinburg-Mission, TX",2023-10-01,59,83,21,0,163,14052,3665
32580,"McAllen-Edinburg-Mission, TX",2023-11-01,139,179,53,4,375,14427,3804
32580,"McAllen-Edinburg-Mission, TX",2023-12-01,183,234,54,6,477,14904,3987
32580,"McAllen-Edinburg-Mission, TX",2024-01-01,241,311,79,11,642,15546,4228
32580,"McAllen-Edinburg-Mission, TX",2024-02-01,213,224,59,2,498,16044,4441
32580,"McAllen-Edinburg-Mission, TX",2024-03-01,270,281,68,7,626,16670,4711
32580,"McAllen-Edinburg-Mission, TX",2024-04-01,274,292,74,7,647,17317,4985
32580,"McAllen-Edinburg-Mission, TX",2024-05-01,308,298,76,6,688,18005,5293
32580,"McAllen-Edinburg-Mission, TX",2024-06-01,155,175,50,1,381,18386,5448
32580,"McAllen-Edinburg-Mission, TX",2024-07-01,60,89,17,1,167,18553,5508
32580,"McAllen-Edinburg-Mission, TX",2024-08-01,63,70,11,1,145,18698,5571
32580,"McAllen-Edinburg-Mission, TX",2024-09-01,78,122,30,0,230,18928,5649
32580,"McAllen-Edinburg-Mission, TX",2024-10-01,228,333,91,5,657,19585,5877
32580,"McAllen-Edinburg-Mission, TX",2024-11-01,227,375,62,2,666,20251,6104
32580,"McAllen-Edinburg-Mission, TX",2024-12-01,247,279,71,2,599,20850,6351
32580,"McAllen-Edinburg-Mission, TX",2025-01-01,228,316,77,6,627,21477,6579
32580,"McAllen-Edinburg-Mission, TX",2025-02-01,235,272,48,9,564,22041,6814
32580,"McAllen-Edinburg-Mission, TX",2025-03-01,257,257,59,5,578,22619,7071
32580,"McAllen-Edinburg-Mission, TX",2025-04-01,336,322,76,9,743,23362,7407
32580,"McAllen-Edinburg-Mission, TX",2025-05-01,241,293,53,5,592,23954,7648
32580,"McAllen-Edinburg-Mission, TX",2025-06-01,135,174,39,2,350,24304,7783
32580,"McAllen-Edinburg-Mission, TX",2025-07-01,83,120,26,1,230,24534,7866
32580,"McAllen-Edinburg-Mission, TX",2025-08-01,250,338,72,3,663,25197,8116
32580,"McAllen-Edinburg-Mission, TX",2025-09-01,8,5,1,0,14,25211,8124
10180,"Abilene, TX",2019-01-01,0,8,0,0,8,8,0
10180,"Abilene, TX",2019-02-01,0,8,4,1,13,21,0
10180,"Abilene, TX",2019-03-01,0,17,6,0,23,44,0
10180,"Abilene, TX",2019-04-01,1,23,5,1,30,74,1
10180,"Abilene, TX",2019-05-01,0,33,7,0,40,114,1
10180,"Abilene, TX",2019-06-01,3,32,3,0,38,152,4
10180,"Abilene, TX",2019-07-01,3,18,6,1,28,180,7
10180,"Abilene, TX",2019-08-01,1,22,6,0,29,209,8
10180,"Abilene, TX",2019-09-01,1,32,4,0,37,246,9
10180,"Abilene, TX",2019-10-01,1,17,10,0,28,274,10
10180,"Abilene, TX",2019-11-01,4,23,8,0,35,309,14
10180,"Abilene, TX",2019-12-01,4,17,1,0,22,331,18
10180,"Abilene, TX",2020-01-01,8,28,5,0,41,372,26
10180,"Abilene, TX",2020-02-01,4,29,4,0,37,409,30
10180,"Abilene, TX",2020-03-01,11,60,12,2,85,494,41
10180,"Abilene, TX",2020-04-01,30,121,24,4,179,673,71
10180,"Abilene, TX",2020-05-01,31,120,23,2,176,849,102
10180,"Abilene, TX",2020-06-01,10,40,5,0,55,904,112
10180,"Abilene, TX",2020-07-01,18,90,19,2,129,1033,130
10180,"Abilene, TX",2020-08-01,38,143,23,1,205,1238,168
10180,"Abilene, TX",2020-09-01,29,83,15,2,129,1367,197
10180,"Abilene, TX",2020-10-01,19,51,9,0,79,1446,216
10180,"Abilene, TX",2020-11-01,18,47,7,0,72,1518,234
10180,"Abilene, TX",2020-12-01,15,46,11,0,72,1590,249
10180,"Abilene, TX",2021-01-01,54,98,23,1,176,1766,303
10180,"Abilene, TX",2021-02-01,41,67,13,0,121,1887,344
10180,"Abilene, TX",2021-03-01,80,101,23,3,207,2094,424
10180,"Abilene, TX",2021-04-01,58,130,21,4,213,2307,482
10180,"Abilene, TX",2021-05-01,37,93,17,1,148,2455,519
10180,"Abilene, TX",2021-06-01,40,92,22,0,154,2609,559
10180,"Abilene, TX",2021-07-01,19,62,18,3,102,2711,578
10180,"Abilene, TX",2021-08-01,27,81,19,3,130,2841,605
10180,"Abilene, TX",2021-09-01,32,80,13,1,126,2967,637
10180,"Abilene, TX",2021-10-01,24,66,15,3,108,3075,661
10180,"Abilene, TX",2021-11-01,26,71,19,1,117,3192,687
10180,"Abilene, TX",2021-12-01,52,97,16,1,166,3358,739
10180,"Abilene, TX",2022-01-01,38,91,28,6,163,3521,777
10180,"Abilene, TX",2022-02-01,49,77,22,1,149,3670,826
10180,"Abilene, TX",2022-03-01,46,91,24,4,165,3835,872
10180,"Abilene, TX",2022-04-01,34,60,22,2,118,3953,906
10180,"Abilene, TX",2022-05-01,40,78,18,2,138,4091,946
10180,"Abilene, TX",2022-06-01,37,67,22,0,126,4217,983
10180,"Abilene, TX",2022-07-01,44,65,14,3,126,4343,1027
10180,"Abilene, TX",2022-08-01,62,145,29,3,239,4582,1089
10180,"Abilene, TX",2022-09-01,77,145,33,3,258,4840,1166
10180,"Abilene, TX",2022-10-01,58,93,34,0,185,5025,1224
10180,"Abilene, TX",2022-11-01,78,103,29,0,210,5235,1302
10180,"Abilene, TX",2022-12-01,61,91,17,2,171,5406,1363
10180,"Abilene, TX",2023-01-01,53,82,28,3,166,5572,1416
10180,"Abilene, TX",2023-02-01,91,90,28,5,214,5786,1507
10180,"Abilene, TX",2023-03-01,92,112,39,4,247,6033,1599
10180,"Abilene, TX",2023-04-01,45,91,22,1,159,6192,1644
10180,"Abilene, TX",2023-05-01,58,73,27,3,161,6353,1702
10180,"Abilene, TX",2023-06-01,30,37,9,2,78,6431,1732
10180,"Abilene, TX",2023-07-01,29,41,10,0,80,6511,1761
10180,"Abilene, TX",2023-08-01,18,35,4,2,59,6570,1779
10180,"Abilene, TX",2023-09-01,56,76,16,1,149,6719,1835
10180,"Abilene, TX",2023-10-01,50,52,25,1,128,6847,1885
10180,"Abilene, TX",2023-11-01,58,76,12,4,150,6997,1943
10180,"Abilene, TX",2023-12-01,53,80,14,3,150,7147,1996
10180,"Abilene, TX",2024-01-01,65,116,32,4,217,7364,2061
10180,"Abilene, TX",2024-02-01,83,93,24,0,200,7564,2144
10180,"Abilene, TX",2024-03-01,90,108,28,4,230,7794,2234
10180,"Abilene, TX",2024-04-01,73,75,17,0,165,7959,2307
10180,"Abilene, TX",2024-05-01,36,52,13,1,102,8061,2343
10180,"Abilene, TX",2024-06-01,28,44,13,0,85,8146,2371
10180,"Abilene, TX",2024-07-01,22,47,12,2,83,8229,2393
10180,"Abilene, TX",2024-08-01,15,51,10,1,77,8306,2408
10180,"Abilene, TX",2024-09-01,58,81,22,3,164,8470,2466
10180,"Abilene, TX",2024-10-01,104,134,38,4,280,8750,2570
10180,"Abilene, TX",2024-11-01,79,107,27,1,214,8964,2649
10180,"Abilene, TX",2024-12-01,86,101,28,4,219,9183,2735
10180,"Abilene, TX",2025-01-01,83,95,30,1,209,9392,2818
10180,"Abilene, TX",2025-02-01,92,91,35,4,222,9614,2910
10180,"Abilene, TX",2025-03-01,95,130,27,1,253,9867,3005
10180,"Abilene, TX",2025-04-01,101,103,22,3,229,10096,3106
10180,"Abilene, TX",2025-05-01,91,113,28,2,234,10330,3197
10180,"Abilene, TX",2025-06-01,81,101,24,2,208,10538,3278
10180,"Abilene, TX",2025-07-01,82,106,32,3,223,10761,3360
10180,"Abilene, TX",2025-08-01,77,120,28,3,228,10989,3437
10180,"Abilene, TX",2025-09-01,6,5,2,0,13,11002,3443
22700,"Fort Dodge, IA",2019-01-01,0,1,0,0,1,1,0
22700,"Fort Dodge, IA",2019-04-01,0,2,0,0,2,3,0
22700,"Fort Dodge, IA",2019-05-01,0,3,0,0,3,6,0
22700,"Fort Dodge, IA",2019-06-01,0,11,1,0,12,18,0
22700,"Fort Dodge, IA",2019-07-01,1,13,1,0,15,33,1
22700,"Fort Dodge, IA",2019-08-01,0,5,0,1,6,39,1
22700,"Fort Dodge, IA",2019-09-01,2,10,0,0,12,51,3
22700,"Fort Dodge, IA",2019-10-01,2,10,1,0,13,64,5
22700,"Fort Dodge, IA",2019-11-01,1,7,0,1,9,73,6
22700,"Fort Dodge, IA",2019-12-01,1,5,1,0,7,80,7
22700,"Fort Dodge, IA",2020-01-01,6,7,0,0,13,93,13
22700,"Fort Dodge, IA",2020-02-01,2,10,1,0,13,106,15
22700,"Fort Dodge, IA",2020-03-01,7,11,5,0,23,129,22
22700,"Fort Dodge, IA",2020-04-01,5,10,6,0,21,150,27
22700,"Fort Dodge, IA",2020-05-01,12,10,3,0,25,175,39
22700,"Fort Dodge, IA",2020-06-01,3,15,1,0,19,194,42
22700,"Fort Dodge, IA",2020-07-01,6,10,4,0,20,214,48
22700,"Fort Dodge, IA",2020-08-01,9,26,2,0,37,251,57
22700,"Fort Dodge, IA",2020-09-01,8,13,3,0,24,275,65
22700,"Fort Dodge, IA",2020-10-01,13,15,2,1,31,306,78
22700,"Fort Dodge, IA",2020-11-01,10,9,2,0,21,327,88
22700,"Fort Dodge, IA",2020-12-01,5,14,4,0,23,350,93
22700,"Fort Dodge, IA",2021-01-01,29,20,5,0,54,404,122
22700,"Fort Dodge, IA",2021-02-01,28,7,6,1,42,446,150
22700,"Fort Dodge, IA",2021-03-01,15,15,4,0,34,480,165
22700,"Fort Dodge, IA",2021-04-01,14,23,3,1,41,521,179
22700,"Fort Dodge, IA",2021-05-01,14,19,3,0,36,557,193
22700,"Fort Dodge, IA",2021-06-01,8,16,5,2,31,588,201
22700,"Fort Dodge, IA",2021-07-01,15,19,1,1,36,624,216
22700,"Fort Dodge, IA",2021-08-01,6,19,2,0,27,651,222
22700,"Fort Dodge, IA",2021-09-01,13,7,3,0,23,674,235
22700,"Fort Dodge, IA",2021-10-01,7,17,3,0,27,701,242
22700,"Fort Dodge, IA",2021-11-01,18,19,4,1,42,743,260
22700,"Fort Dodge, IA",2021-12-01,16,7,8,0,31,774,276
22700,"Fort Dodge, IA",2022-01-01,24,20,6,0,50,824,300
22700,"Fort Dodge, IA",2022-02-01,16,15,9,0,40,864,316
22700,"Fort Dodge, IA",2022-03-01,25,15,3,0,43,907,341
22700,"Fort Dodge, IA",2022-04-01,16,21,7,1,45,952,357
22700,"Fort Dodge, IA",2022-05-01,9,17,4,1,31,983,366
22700,"Fort Dodge, IA",2022-06-01,12,5,6,1,24,1007,378
22700,"Fort Dodge, IA",2022-07-01,13,12,2,1,28,1035,391
22700,"Fort Dodge, IA",2022-08-01,6,8,3,0,17,1052,397
22700,"Fort Dodge, IA",2022-09-01,16,14,0,2,32,1084,413
22700,"Fort Dodge, IA",2022-10-01,11,12,2,1,26,1110,424
22700,"Fort Dodge, IA",2022-11-01,9,14,6,0,29,1139,433
22700,"Fort Dodge, IA",2022-12-01,17,10,6,0,33,1172,450
22700,"Fort Dodge, IA",2023-01-01,11,10,5,0,26,1198,461
22700,"Fort Dodge, IA",2023-02-01,22,16,5,0,43,1241,483
22700,"Fort Dodge, IA",2023-03-01,15,14,8,0,37,1278,498
22700,"Fort Dodge, IA",2023-04-01,13,6,5,0,24,1302,511
22700,"Fort Dodge, IA",2023-05-01,11,10,3,1,25,1327,522
22700,"Fort Dodge, IA",2023-06-01,9,8,4,0,21,1348,531
22700,"Fort Dodge, IA",2023-07-01,5,12,5,2,24,1372,536
22700,"Fort Dodge, IA",2023-08-01,5,5,1,0,11,1383,541
22700,"Fort Dodge, IA",2023-09-01,6,5,2,0,13,1396,547
22700,"Fort Dodge, IA",2023-10-01,11,10,4,0,25,1421,558
22700,"Fort Dodge, IA",2023-11-01,14,9,2,0,25,1446,572
22700,"Fort Dodge, IA",2023-12-01,17,14,3,1,35,1481,589
22700,"Fort Dodge, IA",2024-01-01,14,17,4,0,35,1516,603
22700,"Fort Dodge, IA",2024-02-01,20,12,7,0,39,1555,623
22700,"Fort Dodge, IA",2024-03-01,17,16,4,2,39,1594,640
22700,"Fort Dodge, IA",2024-04-01,14,15,2,0,31,1625,654
22700,"Fort Dodge, IA",2024-05-01,19,12,1,0,32,1657,673
22700,"Fort Dodge, IA",2024-06-01,6,17,1,0,24,1681,679
22700,"Fort Dodge, IA",2024-07-01,6,7,3,0,16,1697,685
22700,"Fort Dodge, IA",2024-08-01,19,14,7,2,42,1739,704
22700,"Fort Dodge, IA",2024-09-01,19,17,7,1,44,1783,723
22700,"Fort Dodge, IA",2024-10-01,19,15,4,0,38,1821,742
22700,"Fort Dodge, IA",2024-11-01,26,22,3,0,51,1872,768
22700,"Fort Dodge, IA",2024-12-01,17,14,5,0,36,1908,785
22700,"Fort Dodge, IA",2025-01-01,25,16,6,0,47,1955,810
22700,"Fort Dodge, IA",2025-02-01,31,15,3,0,49,2004,841
22700,"Fort Dodge, IA",2025-03-01,17,17,5,0,39,2043,858
22700,"Fort Dodge, IA",2025-04-01,21,12,3,1,37,2080,879
22700,"Fort Dodge, IA",2025-05-01,22,10,5,2,39,2119,901
22700,"Fort Dodge, IA",2025-06-01,21,17,7,1,46,2165,922
22700,"Fort Dodge, IA",2025-07-01,19,7,6,1,33,2198,941
22700,"Fort Dodge, IA",2025-08-01,22,13,2,0,37,2235,963
22700,"Fort Dodge, IA",2025-09-01,1,0,0,0,1,2236,964
33340,"Milwaukee-Waukesha, WI",2019-01-01,6,154,41,5,206,206,6
33340,"Milwaukee-Waukesha, WI",2019-02-01,7,158,31,3,199,405,13
33340,"Milwaukee-Waukesha, WI",2019-03-01,21,271,79,6,377,782,34
33340,"Milwaukee-Waukesha, WI",2019-04-01,25,277,92,3,397,1179,59
33340,"Milwaukee-Waukesha, WI",2019-05-01,18,309,87,2,416,1595,77
33340,"Milwaukee-Waukesha, WI",2019-06-01,31,288,67,7,393,1988,108
33340,"Milwaukee-Waukesha, WI",2019-07-01,42,237,61,3,343,2331,150
33340,"Milwaukee-Waukesha, WI",2019-08-01,26,286,77,8,397,2728,176
33340,"Milwaukee-Waukesha, WI",2019-09-01,27,283,62,3,375,3103,203
33340,"Milwaukee-Waukesha, WI",2019-10-01,35,245,70,4,354,3457,238
33340,"Milwaukee-Waukesha, WI",2019-11-01,32,316,65,6,419,3876,270
33340,"Milwaukee-Waukesha, WI",2019-12-01,38,224,44,3,309,4185,308
33340,"Milwaukee-Waukesha, WI",2020-01-01,64,349,72,5,490,4675,372
33340,"Milwaukee-Waukesha, WI",2020-02-01,59,292,78,12,441,5116,431
33340,"Milwaukee-Waukesha, WI",2020-03-01,75,377,89,3,544,5660,506
33340,"Milwaukee-Waukesha, WI",2020-04-01,275,732,170,21,1198,6858,781
33340,"Milwaukee-Waukesha, WI",2020-05-01,495,923,152,21,1591,8449,1276
33340,"Milwaukee-Waukesha, WI",2020-06-01,320,605,83,10,1018,9467,1596
33340,"Milwaukee-Waukesha, WI",2020-07-01,345,875,172,19,1411,10878,1941
33340,"Milwaukee-Waukesha, WI",2020-08-01,260,769,147,14,1190,12068,2201
33340,"Milwaukee-Waukesha, WI",2020-09-01,215,710,138,16,1079,13147,2416
33340,"Milwaukee-Waukesha, WI",2020-10-01,232,681,142,17,1072,14219,2648
33340,"Milwaukee-Waukesha, WI",2020-11-01,211,503,107,8,829,15048,2859
33340,"Milwaukee-Waukesha, WI",2020-12-01,254,417,94,11,776,15824,3113
33340,"Milwaukee-Waukesha, WI",2021-01-01,497,806,211,23,1537,17361,3610
33340,"Milwaukee-Waukesha, WI",2021-02-01,332,666,153,19,1170,18531,3942
33340,"Milwaukee-Waukesha, WI",2021-03-01,410,742,197,18,1367,19898,4352
33340,"Milwaukee-Waukesha, WI",2021-04-01,433,854,171,26,1484,21382,4785
33340,"Milwaukee-Waukesha, WI",2021-05-01,497,957,235,20,1709,23091,5282
33340,"Milwaukee-Waukesha, WI",2021-06-01,472,1006,230,17,1725,24816,5754
33340,"Milwaukee-Waukesha, WI",2021-07-01,392,937,180,22,1531,26347,6146
33340,"Milwaukee-Waukesha, WI",2021-08-01,323,883,219,27,1452,27799,6469
33340,"Milwaukee-Waukesha, WI",2021-09-01,283,759,219,23,1284,29083,6752
33340,"Milwaukee-Waukesha, WI",2021-10-01,249,727,229,18,1223,30306,7001
33340,"Milwaukee-Waukesha, WI",2021-11-01,307,674,159,10,1150,31456,7308
33340,"Milwaukee-Waukesha, WI",2021-12-01,430,664,166,13,1273,32729,7738
33340,"Milwaukee-Waukesha, WI",2022-01-01,432,818,198,20,1468,34197,8170
33340,"Milwaukee-Waukesha, WI",2022-02-01,313,583,160,12,1068,35265,8483
33340,"Milwaukee-Waukesha, WI",2022-03-01,328,595,176,24,1123,36388,8811
33340,"Milwaukee-Waukesha, WI",2022-04-01,335,608,180,27,1150,37538,9146
33340,"Milwaukee-Waukesha, WI",2022-05-01,327,561,167,12,1067,38605,9473
33340,"Milwaukee-Waukesha, WI",2022-06-01,225,332,106,9,672,39277,9698
33340,"Milwaukee-Waukesha, WI",2022-07-01,316,476,143,15,950,40227,10014
33340,"Milwaukee-Waukesha, WI",2022-08-01,305,575,141,17,1038,41265,10319
33340,"Milwaukee-Waukesha, WI",2022-09-01,222,543,154,22,941,42206,10541
33340,"Milwaukee-Waukesha, WI",2022-10-01,265,509,149,20,943,43149,10806
33340,"Milwaukee-Waukesha, WI",2022-11-01,284,471,135,12,902,44051,11090
33340,"Milwaukee-Waukesha, WI",2022-12-01,327,442,144,18,931,44982,11417
33340,"Milwaukee-Waukesha, WI",2023-01-01,380,542,160,11,1093,46075,11797
33340,"Milwaukee-Waukesha, WI",2023-02-01,300,464,148,18,930,47005,12097
33340,"Milwaukee-Waukesha, WI",2023-03-01,404,564,190,15,1173,48178,12501
33340,"Milwaukee-Waukesha, WI",2023-04-01,355,577,158,15,1105,49283,12856
33340,"Milwaukee-Waukesha, WI",2023-05-01,288,434,125,18,865,50148,13144
33340,"Milwaukee-Waukesha, WI",2023-06-01,302,368,111,13,794,50942,13446
33340,"Milwaukee-Waukesha, WI",2023-07-01,446,594,152,21,1213,52155,13892
33340,"Milwaukee-Waukesha, WI",2023-08-01,464,661,179,20,1324,53479,14356
33340,"Milwaukee-Waukesha, WI",2023-09-01,416,682,170,22,1290,54769,14772
33340,"Milwaukee-Waukesha, WI",2023-10-01,434,623,146,19,1222,55991,15206
33340,"Milwaukee-Waukesha, WI",2023-11-01,494,699,162,14,1369,57360,15700
33340,"Milwaukee-Waukesha, WI",2023-12-01,545,621,184,28,1378,58738,16245
33340,"Milwaukee-Waukesha, WI",2024-01-01,485,662,182,15,1344,60082,16730
33340,"Milwaukee-Waukesha, WI",2024-02-01,516,627,184,25,1352,61434,17246
33340,"Milwaukee-Waukesha, WI",2024-03-01,549,720,165,18,1452,62886,17795
33340,"Milwaukee-Waukesha, WI",2024-04-01,520,660,143,13,1336,64222,18315
33340,"Milwaukee-Waukesha, WI",2024-05-01,689,793,223,20,1725,65947,19004
33340,"Milwaukee-Waukesha, WI",2024-06-01,576,727,201,24,1528,67475,19580
33340,"Milwaukee-Waukesha, WI",2024-07-01,560,762,197,19,1538,69013,20140
33340,"Milwaukee-Waukesha, WI",2024-08-01,518,684,189,36,1427,70440,20658
33340,"Milwaukee-Waukesha, WI",2024-09-01,465,647,170,28,1310,71750,21123
33340,"Milwaukee-Waukesha, WI",2024-10-01,514,607,155,24,1300,73050,21637
33340,"Milwaukee-Waukesha, WI",2024-11-01,565,644,151,18,1378,74428,22202
33340,"Milwaukee-Waukesha, WI",2024-12-01,612,626,155,22,1415,75843,22814
33340,"Milwaukee-Waukesha, WI",2025-01-01,549,669,183,23,1424,77267,23363
33340,"Milwaukee-Waukesha, WI",2025-02-01,428,486,133,20,1067,78334,23791
33340,"Milwaukee-Waukesha, WI",2025-03-01,661,622,157,20,1460,79794,24452
33340,"Milwaukee-Waukesha, WI",2025-04-01,663,658,168,22,1511,81305,25115
33340,"Milwaukee-Waukesha, WI",2025-05-01,668,604,165,18,1455,82760,25783
33340,"Milwaukee-Waukesha, WI",2025-06-01,648,573,160,27,1408,84168,26431
33340,"Milwaukee-Waukesha, WI",2025-07-01,570,573,176,16,1335,85503,27001
33340,"Milwaukee-Waukesha, WI",2025-08-01,514,475,143,14,1146,86649,27515
33340,"Milwaukee-Waukesha, WI",2025-09-01,19,8,1,0,28,86677,27534
45780,"Toledo, OH",2019-01-01,1,83,18,0,102,102,1
45780,"Toledo, OH",2019-02-01,3,98,19,0,120,222,4
45780,"Toledo, OH",2019-03-01,6,111,24,5,146,368,10
45780,"Toledo, OH",2019-04-01,4,145,35,2,186,554,14
45780,"Toledo, OH",2019-05-01,8,143,20,6,177,731,22
45780,"Toledo, OH",2019-06-01,7,91,15,0,113,844,29
45780,"Toledo, OH",2019-07-01,5,90,23,4,122,966,34
45780,"Toledo, OH",2019-08-01,20,117,22,1,160,1126,54
45780,"Toledo, OH",2019-09-01,17,154,27,2,200,1326,71
45780,"Toledo, OH",2019-10-01,19,110,25,4,158,1484,90
45780,"Toledo, OH",2019-11-01,14,94,17,3,128,1612,104
45780,"Toledo, OH",2019-12-01,12,103,18,2,135,1747,116
45780,"Toledo, OH",2020-01-01,24,146,21,1,192,1939,140
45780,"Toledo, OH",2020-02-01,26,143,21,4,194,2133,166
45780,"Toledo, OH",2020-03-01,30,168,42,3,243,2376,196
45780,"Toledo, OH",2020-04-01,138,411,82,11,642,3018,334
45780,"Toledo, OH",2020-05-01,206,507,80,13,806,3824,540
45780,"Toledo, OH",2020-06-01,121,376,44,3,544,4368,661
45780,"Toledo, OH",2020-07-01,193,501,89,7,790,5158,854
45780,"Toledo, OH",2020-08-01,145,520,72,9,746,5904,999
45780,"Toledo, OH",2020-09-01,138,425,67,10,640,6544,1137
45780,"Toledo, OH",2020-10-01,113,332,60,8,513,7057,1250
45780,"Toledo, OH",2020-11-01,63,174,38,0,275,7332,1313
45780,"Toledo, OH",2020-12-01,124,293,55,8,480,7812,1437
45780,"Toledo, OH",2021-01-01,200,475,86,9,770,8582,1637
45780,"Toledo, OH",2021-02-01,169,498,92,10,769,9351,1806
45780,"Toledo, OH",2021-03-01,204,507,83,7,801,10152,2010
45780,"Toledo, OH",2021-04-01,220,549,112,3,884,11036,2230
45780,"Toledo, OH",2021-05-01,219,526,84,11,840,11876,2449
45780,"Toledo, OH",2021-06-01,203,641,113,11,968,12844,2652
45780,"Toledo, OH",2021-07-01,98,295,54,3,450,13294,2750
45780,"Toledo, OH",2021-08-01,81,265,58,3,407,13701,2831
45780,"Toledo, OH",2021-09-01,95,309,70,4,478,14179,2926
45780,"Toledo, OH",2021-10-01,56,179,43,6,284,14463,2982
45780,"Toledo, OH",2021-11-01,62,174,35,4,275,14738,3044
45780,"Toledo, OH",2021-12-01,270,572,130,12,984,15722,3314
45780,"Toledo, OH",2022-01-01,129,365,82,8,584,16306,3443
45780,"Toledo, OH",2022-02-01,212,476,132,11,831,17137,3655
45780,"Toledo, OH",2022-03-01,237,463,115,11,826,17963,3892
45780,"Toledo, OH",2022-04-01,170,354,95,7,626,18589,4062
45780,"Toledo, OH",2022-05-01,112,239,46,4,401,18990,4174
45780,"Toledo, OH",2022-06-01,75,182,38,4,299,19289,4249
45780,"Toledo, OH",2022-07-01,58,119,51,6,234,19523,4307
45780,"Toledo, OH",2022-08-01,124,228,68,11,431,19954,4431
45780,"Toledo, OH",2022-09-01,148,352,121,6,627,20581,4579
45780,"Toledo, OH",2022-10-01,165,346,94,13,618,21199,4744
45780,"Toledo, OH",2022-11-01,172,332,88,6,598,21797,4916
45780,"Toledo, OH",2022-12-01,219,270,77,8,574,22371,5135
45780,"Toledo, OH",2023-01-01,202,267,80,12,561,22932,5337
45780,"Toledo, OH",2023-02-01,187,295,89,10,581,23513,5524
45780,"Toledo, OH",2023-03-01,260,369,106,6,741,24254,5784
45780,"Toledo, OH",2023-04-01,149,270,55,10,484,24738,5933
45780,"Toledo, OH",2023-05-01,64,130,32,5,231,24969,5997
45780,"Toledo, OH",2023-06-01,79,112,39,2,232,25201,6076
45780,"Toledo, OH",2023-07-01,62,123,34,1,220,25421,6138
45780,"Toledo, OH",2023-08-01,127,192,60,7,386,25807,6265
45780,"Toledo, OH",2023-09-01,183,333,107,11,634,26441,6448
45780,"Toledo, OH",2023-10-01,177,303,99,9,588,27029,6625
45780,"Toledo, OH",2023-11-01,214,256,94,10,574,27603,6839
45780,"Toledo, OH",2023-12-01,236,241,88,7,572,28175,7075
45780,"Toledo, OH",2024-01-01,212,273,102,13,600,28775,7287
45780,"Toledo, OH",2024-02-01,229,273,99,5,606,29381,7516
45780,"Toledo, OH",2024-03-01,219,273,64,13,569,29950,7735
45780,"Toledo, OH",2024-04-01,204,266,94,9,573,30523,7939
45780,"Toledo, OH",2024-05-01,251,277,88,14,630,31153,8190
45780,"Toledo, OH",2024-06-01,207,291,86,6,590,31743,8397
45780,"Toledo, OH",2024-07-01,117,181,61,2,361,32104,8514
45780,"Toledo, OH",2024-08-01,133,227,78,9,447,32551,8647
45780,"Toledo, OH",2024-09-01,203,298,109,10,620,33171,8850
45780,"Toledo, OH",2024-10-01,207,263,71,17,558,33729,9057
45780,"Toledo, OH",2024-11-01,229,266,76,14,585,34314,9286
45780,"Toledo, OH",2024-12-01,260,285,78,14,637,34951,9546
45780,"Toledo, OH",2025-01-01,245,295,113,12,665,35616,9791
45780,"Toledo, OH",2025-02-01,258,213,74,9,554,36170,10049
45780,"Toledo, OH",2025-03-01,327,258,77,15,677,36847,10376
45780,"Toledo, OH",2025-04-01,257,243,72,20,592,37439,10633
45780,"Toledo, OH",2025-05-01,290,229,87,13,619,38058,10923
45780,"Toledo, OH",2025-06-01,264,251,62,8,585,38643,11187
45780,"Toledo, OH",2025-07-01,239,249,89,16,593,39236,11426
45780,"Toledo, OH",2025-08-01,192,241,68,11,512,39748,11618
45780,"Toledo, OH",2025-09-01,6,3,2,0,11,39759,11624
30060,"Lebanon, MO",2019-01-01,0,0,1,0,1,1,0
30060,"Lebanon, MO",2019-02-01,0,2,0,0,2,3,0
30060,"Lebanon, MO",2019-03-01,0,1,1,0,2,5,0
30060,"Lebanon, MO",2019-04-01,0,3,0,0,3,8,0
30060,"Lebanon, MO",2019-05-01,0,3,0,1,4,12,0
30060,"Lebanon, MO",2019-07-01,0,3,1,0,4,16,0
30060,"Lebanon, MO",2019-09-01,0,2,1,0,3,19,0
30060,"Lebanon, MO",2019-10-01,0,3,1,0,4,23,0
30060,"Lebanon, MO",2019-11-01,0,1,2,0,3,26,0
30060,"Lebanon, MO",2019-12-01,0,0,2,0,2,28,0
30060,"Lebanon, MO",2020-01-01,1,2,0,0,3,31,1
30060,"Lebanon, MO",2020-02-01,3,8,2,3,16,47,4
30060,"Lebanon, MO",2020-03-01,0,12,12,0,24,71,4
30060,"Lebanon, MO",2020-04-01,3,8,6,0,17,88,7
30060,"Lebanon, MO",2020-05-01,2,26,3,0,31,119,9
30060,"Lebanon, MO",2020-06-01,2,15,4,0,21,140,11
30060,"Lebanon, MO",2020-07-01,1,14,4,0,19,159,12
30060,"Lebanon, MO",2020-08-01,2,15,3,1,21,180,14
30060,"Lebanon, MO",2020-09-01,2,14,3,0,19,199,16
30060,"Lebanon, MO",2020-10-01,3,15,1,0,19,218,19
30060,"Lebanon, MO",2020-11-01,2,10,2,0,14,232,21
30060,"Lebanon, MO",2020-12-01,3,13,4,0,20,252,24
30060,"Lebanon, MO",2021-01-01,5,8,2,0,15,267,29
30060,"Lebanon, MO",2021-02-01,5,13,7,0,25,292,34
30060,"Lebanon, MO",2021-03-01,4,13,1,1,19,311,38
30060,"Lebanon, MO",2021-04-01,2,9,2,0,13,324,40
30060,"Lebanon, MO",2021-05-01,9,16,4,1,30,354,49
30060,"Lebanon, MO",2021-06-01,7,14,3,0,24,378,56
30060,"Lebanon, MO",2021-07-01,9,18,3,0,30,408,65
30060,"Lebanon, MO",2021-08-01,2,16,5,0,23,431,67
30060,"Lebanon, MO",2021-09-01,3,18,4,1,26,457,70
30060,"Lebanon, MO",2021-10-01,5,23,7,1,36,493,75
30060,"Lebanon, MO",2021-11-01,5,17,3,0,25,518,80
30060,"Lebanon, MO",2021-12-01,6,12,9,0,27,545,86
30060,"Lebanon, MO",2022-01-01,10,24,8,2,44,589,96
30060,"Lebanon, MO",2022-02-01,11,31,3,0,45,634,107
30060,"Lebanon, MO",2022-03-01,6,21,3,1,31,665,113
30060,"Lebanon, MO",2022-04-01,7,13,7,2,29,694,120
30060,"Lebanon, MO",2022-05-01,11,15,4,0,30,724,131
30060,"Lebanon, MO",2022-06-01,5,14,4,0,23,747,136
30060,"Lebanon, MO",2022-07-01,4,12,4,2,22,769,140
30060,"Lebanon, MO",2022-08-01,7,16,4,0,27,796,147
30060,"Lebanon, MO",2022-09-01,6,16,4,0,26,822,153
30060,"Lebanon, MO",2022-10-01,7,10,2,1,20,842,160
30060,"Lebanon, MO",2022-11-01,7,21,4,0,32,874,167
30060,"Lebanon, MO",2022-12-01,9,18,7,1,35,909,176
30060,"Lebanon, MO",2023-01-01,10,11,8,0,29,938,186
30060,"Lebanon, MO",2023-02-01,11,15,4,0,30,968,197
30060,"Lebanon, MO",2023-03-01,14,25,9,0,48,1016,211
30060,"Lebanon, MO",2023-04-01,11,15,5,0,31,1047,222
30060,"Lebanon, MO",2023-05-01,8,20,3,0,31,1078,230
30060,"Lebanon, MO",2023-06-01,7,18,10,0,35,1113,237
30060,"Lebanon, MO",2023-07-01,5,16,6,0,27,1140,242
30060,"Lebanon, MO",2023-08-01,3,15,2,0,20,1160,245
30060,"Lebanon, MO",2023-09-01,2,11,1,0,14,1174,247
30060,"Lebanon, MO",2023-10-01,10,25,6,0,41,1215,257
30060,"Lebanon, MO",2023-11-01,6,29,8,0,43,1258,263
30060,"Lebanon, MO",2023-12-01,8,11,9,0,28,1286,271
30060,"Lebanon, MO",2024-01-01,7,26,8,0,41,1327,278
30060,"Lebanon, MO",2024-02-01,9,25,8,1,43,1370,287
30060,"Lebanon, MO",2024-03-01,13,21,4,0,38,1408,300
30060,"Lebanon, MO",2024-04-01,5,15,6,0,26,1434,305
30060,"Lebanon, MO",2024-05-01,11,13,5,0,29,1463,316
30060,"Lebanon, MO",2024-06-01,5,17,7,0,29,1492,321
30060,"Lebanon, MO",2024-07-01,7,8,3,0,18,1510,328
30060,"Lebanon, MO",2024-08-01,2,10,4,0,16,1526,330
30060,"Lebanon, MO",2024-09-01,4,10,3,0,17,1543,334
30060,"Lebanon, MO",2024-10-01,7,13,5,0,25,1568,341
30060,"Lebanon, MO",2024-11-01,22,14,3,1,40,1608,363
30060,"Lebanon, MO",2024-12-01,18,30,5,1,54,1662,381
30060,"Lebanon, MO",2025-01-01,14,21,6,1,42,1704,395
30060,"Lebanon, MO",2025-02-01,21,15,7,1,44,1748,416
30060,"Lebanon, MO",2025-03-01,14,15,16,1,46,1794,430
30060,"Lebanon, MO",2025-04-01,13,19,8,0,40,1834,443
30060,"Lebanon, MO",2025-05-01,10,16,7,0,33,1867,453
30060,"Lebanon, MO",2025-06-01,6,12,4,0,22,1889,459
30060,"Lebanon, MO",2025-07-01,14,18,5,0,37,1926,473
30060,"Lebanon, MO",2025-08-01,15,16,6,2,39,1965,488
47620,"Warren, PA",2019-02-01,0,0,1,0,1,1,0
47620,"Warren, PA",2019-03-01,1,0,0,0,1,2,1
47620,"Warren, PA",2019-04-01,0,0,1,0,1,3,1
47620,"Warren, PA",2019-05-01,0,1,1,0,2,5,1
47620,"Warren, PA",2019-06-01,0,1,3,0,4,9,1
47620,"Warren, PA",2019-07-01,0,5,0,0,5,14,1
47620,"Warren, PA",2019-08-01,0,2,0,0,2,16,1
47620,"Warren, PA",2019-09-01,1,1,0,0,2,18,2
47620,"Warren, PA",2019-10-01,2,3,2,0,7,25,4
47620,"Warren, PA",2019-11-01,0,4,1,0,5,30,4
47620,"Warren, PA",2019-12-01,0,2,0,0,2,32,4
47620,"Warren, PA",2020-01-01,0,1,0,0,1,33,4
47620,"Warren, PA",2020-02-01,0,4,4,0,8,41,4
47620,"Warren, PA",2020-03-01,0,5,4,1,10,51,4
47620,"Warren, PA",2020-04-01,0,7,2,0,9,60,4
47620,"Warren, PA",2020-05-01,4,7,3,0,14,74,8
47620,"Warren, PA",2020-06-01,1,8,4,1,14,88,9
47620,"Warren, PA",2020-07-01,3,9,2,0,14,102,12
47620,"Warren, PA",2020-08-01,3,7,1,0,11,113,15
47620,"Warren, PA",2020-09-01,1,11,4,0,16,129,16
47620,"Warren, PA",2020-10-01,5,9,6,0,20,149,21
47620,"Warren, PA",2020-11-01,3,17,2,0,22,171,24
47620,"Warren, PA",2020-12-01,4,9,4,0,17,188,28
47620,"Warren, PA",2021-01-01,9,20,5,0,34,222,37
47620,"Warren, PA",2021-02-01,5,19,1,0,25,247,42
47620,"Warren, PA",2021-03-01,11,18,4,0,33,280,53
47620,"Warren, PA",2021-04-01,3,11,3,0,17,297,56
47620,"Warren, PA",2021-05-01,5,22,6,0,33,330,61
47620,"Warren, PA",2021-06-01,6,21,5,0,32,362,67
47620,"Warren, PA",2021-07-01,3,24,6,2,35,397,70
47620,"Warren, PA",2021-08-01,5,18,5,0,28,425,75
47620,"Warren, PA",2021-09-01,6,19,5,0,30,455,81
47620,"Warren, PA",2021-10-01,5,16,6,0,27,482,86
47620,"Warren, PA",2021-11-01,7,14,8,0,29,511,93
47620,"Warren, PA",2021-12-01,9,19,7,1,36,547,102
47620,"Warren, PA",2022-01-01,1,19,6,1,27,574,103
47620,"Warren, PA",2022-02-01,9,18,5,1,33,607,112
47620,"Warren, PA",2022-03-01,7,15,4,0,26,633,119
47620,"Warren, PA",2022-04-01,6,23,2,0,31,664,125
47620,"Warren, PA",2022-05-01,5,20,4,0,29,693,130
47620,"Warren, PA",2022-06-01,2,8,1,0,11,704,132
47620,"Warren, PA",2022-07-01,5,9,5,0,19,723,137
47620,"Warren, PA",2022-08-01,6,11,8,2,27,750,143
47620,"Warren, PA",2022-09-01,2,12,4,0,18,768,145
47620,"Warren, PA",2022-10-01,7,12,4,1,24,792,152
47620,"Warren, PA",2022-11-01,3,8,1,1,13,805,155
47620,"Warren, PA",2022-12-01,6,9,3,0,18,823,161
47620,"Warren, PA",2023-01-01,5,17,6,1,29,852,166
47620,"Warren, PA",2023-02-01,4,11,6,1,22,874,170
47620,"Warren, PA",2023-03-01,6,12,8,0,26,900,176
47620,"Warren, PA",2023-04-01,6,9,7,0,22,922,182
47620,"Warren, PA",2023-05-01,8,5,0,0,13,935,190
47620,"Warren, PA",2023-06-01,10,3,7,0,20,955,200
47620,"Warren, PA",2023-07-01,2,4,3,0,9,964,202
47620,"Warren, PA",2023-08-01,9,3,4,0,16,980,211
47620,"Warren, PA",2023-09-01,5,7,0,0,12,992,216
47620,"Warren, PA",2023-10-01,4,7,0,1,12,1004,220
47620,"Warren, PA",2023-11-01,1,5,2,0,8,1012,221
47620,"Warren, PA",2023-12-01,4,4,0,0,8,1020,225
47620,"Warren, PA",2024-01-01,6,8,1,1,16,1036,231
47620,"Warren, PA",2024-02-01,6,2,5,0,13,1049,237
47620,"Warren, PA",2024-03-01,9,8,6,0,23,1072,246
47620,"Warren, PA",2024-04-01,7,7,3,0,17,1089,253
47620,"Warren, PA",2024-05-01,5,9,3,0,17,1106,258
47620,"Warren, PA",2024-06-01,2,7,0,1,10,1116,260
47620,"Warren, PA",2024-07-01,2,10,2,0,14,1130,262
47620,"Warren, PA",2024-08-01,7,10,6,0,23,1153,269
47620,"Warren, PA",2024-09-01,5,6,3,1,15,1168,274
47620,"Warren, PA",2024-10-01,2,10,1,0,13,1181,276
47620,"Warren, PA",2024-11-01,5,6,1,0,12,1193,281
47620,"Warren, PA",2024-12-01,11,9,1,0,21,1214,292
47620,"Warren, PA",2025-01-01,4,5,1,0,10,1224,296
47620,"Warren, PA",2025-02-01,18,7,4,0,29,1253,314
47620,"Warren, PA",2025-03-01,10,11,1,0,22,1275,324
47620,"Warren, PA",2025-04-01,9,6,4,1,20,1295,333
47620,"Warren, PA",2025-05-01,12,10,2,0,24,1319,345
47620,"Warren, PA",2025-06-01,9,11,4,0,24,1343,354
47620,"Warren, PA",2025-07-01,10,11,1,0,22,1365,364
47620,"Warren, PA",2025-08-01,4,11,2,0,17,1382,368
19780,"Des Moines-West Des Moines, IA",2019-01-01,3,41,12,0,56,56,3
19780,"Des Moines-West Des Moines, IA",2019-02-01,2,73,14,0,89,145,5
19780,"Des Moines-West Des Moines, IA",2019-03-01,4,69,22,1,96,241,9
19780,"Des Moines-West Des Moines, IA",2019-04-01,5,99,19,5,128,369,14
19780,"Des Moines-West Des Moines, IA",2019-05-01,13,110,22,1,146,515,27
19780,"Des Moines-West Des Moines, IA",2019-06-01,7,91,20,3,121,636,34
19780,"Des Moines-West Des Moines, IA",2019-07-01,3,77,13,1,94,730,37
19780,"Des Moines-West Des Moines, IA",2019-08-01,7,82,14,2,105,835,44
19780,"Des Moines-West Des Moines, IA",2019-09-01,9,93,22,1,125,960,53
19780,"Des Moines-West Des Moines, IA",2019-10-01,4,51,8,0,63,1023,57
19780,"Des Moines-West Des Moines, IA",2019-11-01,16,69,20,0,105,1128,73
19780,"Des Moines-West Des Moines, IA",2019-12-01,8,76,11,3,98,1226,81
19780,"Des Moines-West Des Moines, IA",2020-01-01,20,152,28,6,206,1432,101
19780,"Des Moines-West Des Moines, IA",2020-02-01,24,132,29,2,187,1619,125
19780,"Des Moines-West Des Moines, IA",2020-03-01,28,129,35,2,194,1813,153
19780,"Des Moines-West Des Moines, IA",2020-04-01,168,452,121,11,752,2565,321
19780,"Des Moines-West Des Moines, IA",2020-05-01,199,321,53,4,577,3142,520
19780,"Des Moines-West Des Moines, IA",2020-06-01,165,400,44,3,612,3754,685
19780,"Des Moines-West Des Moines, IA",2020-07-01,148,423,101,5,677,4431,833
19780,"Des Moines-West Des Moines, IA",2020-08-01,136,450,88,8,682,5113,969
19780,"Des Moines-West Des Moines, IA",2020-09-01,133,470,97,11,711,5824,1102
19780,"Des Moines-West Des Moines, IA",2020-10-01,126,337,77,8,548,6372,1228
19780,"Des Moines-West Des Moines, IA",2020-11-01,78,215,50,4,347,6719,1306
19780,"Des Moines-West Des Moines, IA",2020-12-01,67,143,30,2,242,6961,1373
19780,"Des Moines-West Des Moines, IA",2021-01-01,249,448,87,9,793,7754,1622
19780,"Des Moines-West Des Moines, IA",2021-02-01,222,397,95,11,725,8479,1844
19780,"Des Moines-West Des Moines, IA",2021-03-01,191,395,93,6,685,9164,2035
19780,"Des Moines-West Des Moines, IA",2021-04-01,161,370,92,8,631,9795,2196
19780,"Des Moines-West Des Moines, IA",2021-05-01,195,382,74,3,654,10449,2391
19780,"Des Moines-West Des Moines, IA",2021-06-01,151,464,80,9,704,11153,2542
19780,"Des Moines-West Des Moines, IA",2021-07-01,58,180,28,3,269,11422,2600
19780,"Des Moines-West Des Moines, IA",2021-08-01,83,252,44,4,383,11805,2683
19780,"Des Moines-West Des Moines, IA",2021-09-01,102,336,79,6,523,12328,2785
19780,"Des Moines-West Des Moines, IA",2021-10-01,139,365,92,6,602,12930,2924
19780,"Des Moines-West Des Moines, IA",2021-11-01,174,336,88,10,608,13538,3098
19780,"Des Moines-West Des Moines, IA",2021-12-01,229,364,95,9,697,14235,3327
19780,"Des Moines-West Des Moines, IA",2022-01-01,253,507,141,7,908,15143,3580
19780,"Des Moines-West Des Moines, IA",2022-02-01,163,314,82,6,565,15708,3743
19780,"Des Moines-West Des Moines, IA",2022-03-01,202,419,121,7,749,16457,3945
19780,"Des Moines-West Des Moines, IA",2022-04-01,152,295,70,6,523,16980,4097
19780,"Des Moines-West Des Moines, IA",2022-05-01,130,224,60,6,420,17400,4227
19780,"Des Moines-West Des Moines, IA",2022-06-01,105,213,43,4,365,17765,4332
19780,"Des Moines-West Des Moines, IA",2022-07-01,86,175,50,2,313,18078,4418
19780,"Des Moines-West Des Moines, IA",2022-08-01,116,193,55,8,372,18450,4534
19780,"Des Moines-West Des Moines, IA",2022-09-01,145,252,81,3,481,18931,4679
19780,"Des Moines-West Des Moines, IA",2022-10-01,128,269,72,8,477,19408,4807
19780,"Des Moines-West Des Moines, IA",2022-11-01,224,351,112,8,695,20103,5031
19780,"Des Moines-West Des Moines, IA",2022-12-01,237,291,77,8,613,20716,5268
19780,"Des Moines-West Des Moines, IA",2023-01-01,251,338,85,1,675,21391,5519
19780,"Des Moines-West Des Moines, IA",2023-02-01,204,334,91,5,634,22025,5723
19780,"Des Moines-West Des Moines, IA",2023-03-01,232,378,97,9,716,22741,5955
19780,"Des Moines-West Des Moines, IA",2023-04-01,194,265,83,5,547,23288,6149
19780,"Des Moines-West Des Moines, IA",2023-05-01,129,185,67,7,388,23676,6278
19780,"Des Moines-West Des Moines, IA",2023-06-01,69,114,18,2,203,23879,6347
19780,"Des Moines-West Des Moines, IA",2023-07-01,77,129,32,3,241,24120,6424
19780,"Des Moines-West Des Moines, IA",2023-08-01,115,209,64,4,392,24512,6539
19780,"Des Moines-West Des Moines, IA",2023-09-01,166,260,94,8,528,25040,6705
19780,"Des Moines-West Des Moines, IA",2023-10-01,184,288,76,3,551,25591,6889
19780,"Des Moines-West Des Moines, IA",2023-11-01,213,319,93,12,637,26228,7102
19780,"Des Moines-West Des Moines, IA",2023-12-01,281,311,123,8,723,26951,7383
19780,"Des Moines-West Des Moines, IA",2024-01-01,256,353,102,9,720,27671,7639
19780,"Des Moines-West Des Moines, IA",2024-02-01,216,295,82,7,600,28271,7855
19780,"Des Moines-West Des Moines, IA",2024-03-01,221,337,95,9,662,28933,8076
19780,"Des Moines-West Des Moines, IA",2024-04-01,197,269,102,8,576,29509,8273
19780,"Des Moines-West Des Moines, IA",2024-05-01,241,270,73,11,595,30104,8514
19780,"Des Moines-West Des Moines, IA",2024-06-01,205,245,74,9,533,30637,8719
19780,"Des Moines-West Des Moines, IA",2024-07-01,129,222,52,8,411,31048,8848
19780,"Des Moines-West Des Moines, IA",2024-08-01,85,157,45,7,294,31342,8933
19780,"Des Moines-West Des Moines, IA",2024-09-01,105,181,54,7,347,31689,9038
19780,"Des Moines-West Des Moines, IA",2024-10-01,204,332,91,6,633,32322,9242
19780,"Des Moines-West Des Moines, IA",2024-11-01,228,293,79,8,608,32930,9470
19780,"Des Moines-West Des Moines, IA",2024-12-01,277,272,85,13,647,33577,9747
19780,"Des Moines-West Des Moines, IA",2025-01-01,283,271,91,8,653,34230,10030
19780,"Des Moines-West Des Moines, IA",2025-02-01,235,225,64,6,530,34760,10265
19780,"Des Moines-West Des Moines, IA",2025-03-01,233,245,69,4,551,35311,10498
19780,"Des Moines-West Des Moines, IA",2025-04-01,228,250,69,5,552,35863,10726
19780,"Des Moines-West Des Moines, IA",2025-05-01,289,276,87,13,665,36528,11015
19780,"Des Moines-West Des Moines, IA",2025-06-01,328,280,99,5,712,37240,11343
19780,"Des Moines-West Des Moines, IA",2025-07-01,255,245,85,9,594,37834,11598
19780,"Des Moines-West Des Moines, IA",2025-08-01,218,226,75,10,529,38363,11816
19780,"Des Moines-West Des Moines, IA",2025-09-01,6,3,0,0,9,38372,11822
34140,"Moscow, ID",2019-01-01,0,3,0,0,3,3,0
34140,"Moscow, ID",2019-02-01,0,4,1,0,5,8,0
34140,"Moscow, ID",2019-03-01,0,22,2,1,25,33,0
34140,"Moscow, ID",2019-04-01,4,31,5,0,40,73,4
34140,"Moscow, ID",2019-05-01,1,30,4,1,36,109,5
34140,"Moscow, ID",2019-06-01,1,17,1,0,19,128,6
34140,"Moscow, ID",2019-07-01,2,15,1,0,18,146,8
34140,"Moscow, ID",2019-08-01,1,24,1,0,26,172,9
34140,"Moscow, ID",2019-09-01,5,35,1,0,41,213,14
34140,"Moscow, ID",2019-10-01,12,20,1,0,33,246,26
34140,"Moscow, ID",2019-11-01,2,15,5,0,22,268,28
34140,"Moscow, ID",2019-12-01,4,31,2,0,37,305,32
34140,"Moscow, ID",2020-01-01,5,40,1,0,46,351,37
34140,"Moscow, ID",2020-02-01,14,49,8,0,71,422,51
34140,"Moscow, ID",2020-03-01,17,41,4,1,63,485,68
34140,"Moscow, ID",2020-04-01,32,56,4,0,92,577,100
34140,"Moscow, ID",2020-05-01,63,77,6,0,146,723,163
34140,"Moscow, ID",2020-06-01,37,55,1,0,93,816,200
34140,"Moscow, ID",2020-07-01,36,83,7,0,126,942,236
34140,"Moscow, ID",2020-08-01,48,66,6,1,121,1063,284
34140,"Moscow, ID",2020-09-01,80,92,8,0,180,1243,364
34140,"Moscow, ID",2020-10-01,38,59,2,0,99,1342,402
34140,"Moscow, ID",2020-11-01,39,61,5,0,105,1447,441
34140,"Moscow, ID",2020-12-01,42,56,2,0,100,1547,483
34140,"Moscow, ID",2021-01-01,49,49,3,0,101,1648,532
34140,"Moscow, ID",2021-02-01,69,87,7,0,163,1811,601
34140,"Moscow, ID",2021-03-01,77,90,7,0,174,1985,678
34140,"Moscow, ID",2021-04-01,46,57,6,0,109,2094,724
34140,"Moscow, ID",2021-05-01,68,99,8,1,176,2270,792
34140,"Moscow, ID",2021-06-01,41,62,6,0,109,2379,833
34140,"Moscow, ID",2021-07-01,39,46,6,0,91,2470,872
34140,"Moscow, ID",2021-08-01,53,67,8,3,131,2601,925
34140,"Moscow, ID",2021-09-01,72,69,14,0,155,2756,997
34140,"Moscow, ID",2021-10-01,61,53,11,1,126,2882,1058
34140,"Moscow, ID",2021-11-01,49,38,11,1,99,2981,1107
34140,"Moscow, ID",2021-12-01,41,35,6,0,82,3063,1148
34140,"Moscow, ID",2022-01-01,95,77,8,1,181,3244,1243
34140,"Moscow, ID",2022-02-01,64,62,6,2,134,3378,1307
34140,"Moscow, ID",2022-03-01,57,55,4,1,117,3495,1364
34140,"Moscow, ID",2022-04-01,35,29,5,0,69,3564,1399
34140,"Moscow, ID",2022-05-01,51,51,6,2,110,3674,1450
34140,"Moscow, ID",2022-06-01,40,26,3,0,69,3743,1490
34140,"Moscow, ID",2022-07-01,44,35,8,0,87,3830,1534
34140,"Moscow, ID",2022-08-01,55,47,6,1,109,3939,1589
34140,"Moscow, ID",2022-09-01,79,56,9,2,146,4085,1668
34140,"Moscow, ID",2022-10-01,85,31,5,0,121,4206,1753
34140,"Moscow, ID",2022-11-01,82,40,8,0,130,4336,1835
34140,"Moscow, ID",2022-12-01,70,42,6,0,118,4454,1905
34140,"Moscow, ID",2023-01-01,77,42,15,0,134,4588,1982
34140,"Moscow, ID",2023-02-01,73,38,8,1,120,4708,2055
34140,"Moscow, ID",2023-03-01,68,47,6,1,122,4830,2123
34140,"Moscow, ID",2023-04-01,47,31,7,0,85,4915,2170
34140,"Moscow, ID",2023-05-01,41,24,2,0,67,4982,2211
34140,"Moscow, ID",2023-06-01,47,13,3,0,63,5045,2258
34140,"Moscow, ID",2023-07-01,29,17,4,1,51,5096,2287
34140,"Moscow, ID",2023-08-01,54,21,1,0,76,5172,2341
34140,"Moscow, ID",2023-09-01,103,25,11,1,140,5312,2444
34140,"Moscow, ID",2023-10-01,79,33,5,0,117,5429,2523
34140,"Moscow, ID",2023-11-01,90,37,13,2,142,5571,2613
34140,"Moscow, ID",2023-12-01,72,27,4,0,103,5674,2685
34140,"Moscow, ID",2024-01-01,67,25,8,0,100,5774,2752
34140,"Moscow, ID",2024-02-01,93,27,6,0,126,5900,2845
34140,"Moscow, ID",2024-03-01,77,20,8,0,105,6005,2922
34140,"Moscow, ID",2024-04-01,53,32,8,0,93,6098,2975
34140,"Moscow, ID",2024-05-01,50,12,3,1,66,6164,3025
34140,"Moscow, ID",2024-06-01,13,9,1,0,23,6187,3038
34140,"Moscow, ID",2024-07-01,36,13,4,1,54,6241,3074
34140,"Moscow, ID",2024-08-01,44,23,7,0,74,6315,3118
34140,"Moscow, ID",2024-09-01,107,22,8,1,138,6453,3225
34140,"Moscow, ID",2024-10-01,95,25,7,1,128,6581,3320
34140,"Moscow, ID",2024-11-01,93,35,14,0,142,6723,3413
34140,"Moscow, ID",2024-12-01,78,34,11,1,124,6847,3491
34140,"Moscow, ID",2025-01-01,81,35,12,0,128,6975,3572
34140,"Moscow, ID",2025-02-01,83,23,7,0,113,7088,3655
34140,"Moscow, ID",2025-03-01,77,20,6,0,103,7191,3732
34140,"Moscow, ID",2025-04-01,54,15,6,1,76,7267,3786
34140,"Moscow, ID",2025-05-01,43,16,6,2,67,7334,3829
34140,"Moscow, ID",2025-06-01,39,21,4,0,64,7398,3868
34140,"Moscow, ID",2025-07-01,37,13,4,0,54,7452,3905
34140,"Moscow, ID",2025-08-01,53,23,4,0,80,7532,3958
34140,"Moscow, ID",2025-09-01,2,0,0,0,2,7534,3960
32860,"Menomonie, WI",2019-03-01,0,0,2,0,2,2,0
32860,"Menomonie, WI",2019-04-01,0,3,1,0,4,6,0
32860,"Menomonie, WI",2019-05-01,0,3,1,0,4,10,0
32860,"Menomonie, WI",2019-06-01,0,1,0,0,1,11,0
32860,"Menomonie, WI",2019-07-01,1,4,0,0,5,16,1
32860,"Menomonie, WI",2019-08-01,0,2,1,0,3,19,1
32860,"Menomonie, WI",2019-09-01,0,4,3,0,7,26,1
32860,"Menomonie, WI",2019-10-01,0,3,1,0,4,30,1
32860,"Menomonie, WI",2019-11-01,1,4,1,0,6,36,2
32860,"Menomonie, WI",2019-12-01,2,0,0,0,2,38,4
32860,"Menomonie, WI",2020-01-01,0,3,0,0,3,41,4
32860,"Menomonie, WI",2020-02-01,0,2,1,0,3,44,4
32860,"Menomonie, WI",2020-03-01,2,3,2,0,7,51,6
32860,"Menomonie, WI",2020-04-01,7,7,2,0,16,67,13
32860,"Menomonie, WI",2020-05-01,11,9,1,0,21,88,24
32860,"Menomonie, WI",2020-06-01,3,5,1,0,9,97,27
32860,"Menomonie, WI",2020-07-01,6,9,1,0,16,113,33
32860,"Menomonie, WI",2020-08-01,5,2,1,0,8,121,38
32860,"Menomonie, WI",2020-09-01,3,8,1,0,12,133,41
32860,"Menomonie, WI",2020-10-01,10,29,4,0,43,176,51
32860,"Menomonie, WI",2020-11-01,12,28,0,0,40,216,63
32860,"Menomonie, WI",2020-12-01,12,31,0,0,43,259,75
32860,"Menomonie, WI",2021-01-01,20,23,3,1,47,306,95
32860,"Menomonie, WI",2021-02-01,15,24,3,0,42,348,110
32860,"Menomonie, WI",2021-03-01,12,30,2,1,45,393,122
32860,"Menomonie, WI",2021-04-01,18,17,4,0,39,432,140
32860,"Menomonie, WI",2021-05-01,17,28,1,1,47,479,157
32860,"Menomonie, WI",2021-06-01,10,17,3,0,30,509,167
32860,"Menomonie, WI",2021-07-01,15,29,1,0,45,554,182
32860,"Menomonie, WI",2021-08-01,18,26,6,0,50,604,200
32860,"Menomonie, WI",2021-09-01,16,22,4,0,42,646,216
32860,"Menomonie, WI",2021-10-01,14,27,8,1,50,696,230
32860,"Menomonie, WI",2021-11-01,19,14,3,0,36,732,249
32860,"Menomonie, WI",2021-12-01,15,23,4,1,43,775,264
32860,"Menomonie, WI",2022-01-01,19,24,6,0,49,824,283
32860,"Menomonie, WI",2022-02-01,21,14,2,1,38,862,304
32860,"Menomonie, WI",2022-03-01,18,20,6,0,44,906,322
32860,"Menomonie, WI",2022-04-01,14,17,3,0,34,940,336
32860,"Menomonie, WI",2022-05-01,16,17,3,0,36,976,352
32860,"Menomonie, WI",2022-06-01,12,17,1,1,31,1007,364
32860,"Menomonie, WI",2022-07-01,3,15,3,0,21,1028,367
32860,"Menomonie, WI",2022-08-01,14,14,6,0,34,1062,381
32860,"Menomonie, WI",2022-09-01,26,19,2,1,48,1110,407
32860,"Menomonie, WI",2022-10-01,16,19,2,0,37,1147,423
32860,"Menomonie, WI",2022-11-01,13,13,3,1,30,1177,436
32860,"Menomonie, WI",2022-12-01,19,22,3,0,44,1221,455
32860,"Menomonie, WI",2023-01-01,15,22,9,0,46,1267,470
32860,"Menomonie, WI",2023-02-01,13,10,4,0,27,1294,483
32860,"Menomonie, WI",2023-03-01,15,22,4,1,42,1336,498
32860,"Menomonie, WI",2023-04-01,10,16,3,0,29,1365,508
32860,"Menomonie, WI",2023-05-01,11,16,2,2,31,1396,519
32860,"Menomonie, WI",2023-06-01,15,12,2,0,29,1425,534
32860,"Menomonie, WI",2023-07-01,8,12,1,1,22,1447,542
32860,"Menomonie, WI",2023-08-01,14,12,1,0,27,1474,556
32860,"Menomonie, WI",2023-09-01,13,13,2,0,28,1502,569
32860,"Menomonie, WI",2023-10-01,21,13,7,0,41,1543,590
32860,"Menomonie, WI",2023-11-01,21,8,0,0,29,1572,611
32860,"Menomonie, WI",2023-12-01,17,10,2,0,29,1601,628
32860,"Menomonie, WI",2024-01-01,17,8,4,0,29,1630,645
32860,"Menomonie, WI",2024-02-01,13,10,4,1,28,1658,658
32860,"Menomonie, WI",2024-03-01,13,12,5,1,31,1689,671
32860,"Menomonie, WI",2024-04-01,12,15,5,0,32,1721,683
32860,"Menomonie, WI",2024-05-01,15,7,2,0,24,1745,698
32860,"Menomonie, WI",2024-06-01,5,6,0,1,12,1757,703
32860,"Menomonie, WI",2024-07-01,12,5,3,0,20,1777,715
32860,"Menomonie, WI",2024-08-01,6,7,4,1,18,1795,721
32860,"Menomonie, WI",2024-09-01,21,9,3,1,34,1829,742
32860,"Menomonie, WI",2024-10-01,24,17,6,2,49,1878,766
32860,"Menomonie, WI",2024-11-01,15,19,4,1,39,1917,781
32860,"Menomonie, WI",2024-12-01,25,17,5,0,47,1964,806
32860,"Menomonie, WI",2025-01-01,15,8,4,0,27,1991,821
32860,"Menomonie, WI",2025-02-01,18,19,5,0,42,2033,839
32860,"Menomonie, WI",2025-03-01,11,10,5,0,26,2059,850
32860,"Menomonie, WI",2025-04-01,15,14,5,0,34,2093,865
32860,"Menomonie, WI",2025-05-01,9,8,0,0,17,2110,874
32860,"Menomonie, WI",2025-06-01,20,5,3,0,28,2138,894
32860,"Menomonie, WI",2025-07-01,14,12,6,0,32,2170,908
32860,"Menomonie, WI",2025-08-01,13,10,5,1,29,2199,921
31900,"Mansfield, OH",2019-01-01,0,6,1,0,7,7,0
31900,"Mansfield, OH",2019-02-01,2,20,8,0,30,37,2
31900,"Mansfield, OH",2019-03-01,0,29,11,0,40,77,2
31900,"Mansfield, OH",2019-04-01,0,35,7,2,44,121,2
31900,"Mansfield, OH",2019-05-01,3,26,6,1,36,157,5
31900,"Mansfield, OH",2019-06-01,1,23,4,0,28,185,6
31900,"Mansfield, OH",2019-07-01,2,20,5,0,27,212,8
31900,"Mansfield, OH",2019-08-01,1,23,7,2,33,245,9
31900,"Mansfield, OH",2019-09-01,2,28,7,1,38,283,11
31900,"Mansfield, OH",2019-10-01,1,14,6,0,21,304,12
31900,"Mansfield, OH",2019-11-01,7,22,9,2,40,344,19
31900,"Mansfield, OH",2019-12-01,5,23,3,0,31,375,24
31900,"Mansfield, OH",2020-01-01,6,28,7,0,41,416,30
31900,"Mansfield, OH",2020-02-01,2,25,9,2,38,454,32
31900,"Mansfield, OH",2020-03-01,6,41,10,1,58,512,38
31900,"Mansfield, OH",2020-04-01,28,84,17,2,131,643,66
31900,"Mansfield, OH",2020-05-01,27,85,14,2,128,771,93
31900,"Mansfield, OH",2020-06-01,20,57,15,0,92,863,113
31900,"Mansfield, OH",2020-07-01,19,77,16,0,112,975,132
31900,"Mansfield, OH",2020-08-01,23,79,20,2,124,1099,155
31900,"Mansfield, OH",2020-09-01,20,73,16,0,109,1208,175
31900,"Mansfield, OH",2020-10-01,11,62,8,2,83,1291,186
31900,"Mansfield, OH",2020-11-01,16,42,11,0,69,1360,202
31900,"Mansfield, OH",2020-12-01,18,37,9,3,67,1427,220
31900,"Mansfield, OH",2021-01-01,46,85,22,1,154,1581,266
31900,"Mansfield, OH",2021-02-01,33,70,18,2,123,1704,299
31900,"Mansfield, OH",2021-03-01,54,110,21,1,186,1890,353
31900,"Mansfield, OH",2021-04-01,42,123,22,2,189,2079,395
31900,"Mansfield, OH",2021-05-01,16,57,21,0,94,2173,411
31900,"Mansfield, OH",2021-06-01,26,59,13,0,98,2271,437
31900,"Mansfield, OH",2021-07-01,19,87,17,1,124,2395,456
31900,"Mansfield, OH",2021-08-01,28,92,21,4,145,2540,484
31900,"Mansfield, OH",2021-09-01,32,68,27,1,128,2668,516
31900,"Mansfield, OH",2021-10-01,20,64,27,1,112,2780,536
31900,"Mansfield, OH",2021-11-01,19,61,27,1,108,2888,555
31900,"Mansfield, OH",2021-12-01,39,71,16,1,127,3015,594
31900,"Mansfield, OH",2022-01-01,36,69,15,1,121,3136,630
31900,"Mansfield, OH",2022-02-01,46,80,22,3,151,3287,676
31900,"Mansfield, OH",2022-03-01,45,65,17,4,131,3418,721
31900,"Mansfield, OH",2022-04-01,35,56,24,2,117,3535,756
31900,"Mansfield, OH",2022-05-01,24,63,27,1,115,3650,780
31900,"Mansfield, OH",2022-06-01,23,44,16,1,84,3734,803
31900,"Mansfield, OH",2022-07-01,28,57,15,1,101,3835,831
31900,"Mansfield, OH",2022-08-01,21,36,13,2,72,3907,852
31900,"Mansfield, OH",2022-09-01,32,49,20,0,101,4008,884
31900,"Mansfield, OH",2022-10-01,30,64,15,2,111,4119,914
31900,"Mansfield, OH",2022-11-01,30,50,21,1,102,4221,944
31900,"Mansfield, OH",2022-12-01,48,62,20,1,131,4352,992
31900,"Mansfield, OH",2023-01-01,42,77,20,2,141,4493,1034
31900,"Mansfield, OH",2023-02-01,37,57,14,4,112,4605,1071
31900,"Mansfield, OH",2023-03-01,53,58,23,2,136,4741,1124
31900,"Mansfield, OH",2023-04-01,29,47,19,1,96,4837,1153
31900,"Mansfield, OH",2023-05-01,21,29,9,1,60,4897,1174
31900,"Mansfield, OH",2023-06-01,16,37,8,1,62,4959,1190
31900,"Mansfield, OH",2023-07-01,26,38,9,2,75,5034,1216
31900,"Mansfield, OH",2023-08-01,15,36,8,0,59,5093,1231
31900,"Mansfield, OH",2023-09-01,26,34,13,1,74,5167,1257
31900,"Mansfield, OH",2023-10-01,42,60,17,3,122,5289,1299
31900,"Mansfield, OH",2023-11-01,68,81,25,1,175,5464,1367
31900,"Mansfield, OH",2023-12-01,51,40,14,4,109,5573,1418
31900,"Mansfield, OH",2024-01-01,49,64,28,4,145,5718,1467
31900,"Mansfield, OH",2024-02-01,68,59,17,0,144,5862,1535
31900,"Mansfield, OH",2024-03-01,60,68,17,1,146,6008,1595
31900,"Mansfield, OH",2024-04-01,56,42,21,2,121,6129,1651
31900,"Mansfield, OH",2024-05-01,16,26,6,0,48,6177,1667
31900,"Mansfield, OH",2024-06-01,18,30,9,2,59,6236,1685
31900,"Mansfield, OH",2024-07-01,36,45,23,3,107,6343,1721
31900,"Mansfield, OH",2024-08-01,38,55,22,4,119,6462,1759
31900,"Mansfield, OH",2024-09-01,31,36,12,3,82,6544,1790
31900,"Mansfield, OH",2024-10-01,53,65,18,2,138,6682,1843
31900,"Mansfield, OH",2024-11-01,58,60,25,2,145,6827,1901
31900,"Mansfield, OH",2024-12-01,67,64,25,1,157,6984,1968
31900,"Mansfield, OH",2025-01-01,74,83,28,2,187,7171,2042
31900,"Mansfield, OH",2025-02-01,74,61,41,2,178,7349,2116
31900,"Mansfield, OH",2025-03-01,72,75,27,2,176,7525,2188
31900,"Mansfield, OH",2025-04-01,73,90,18,3,184,7709,2261
31900,"Mansfield, OH",2025-05-01,71,83,29,2,185,7894,2332
31900,"Mansfield, OH",2025-06-01,72,81,28,4,185,8079,2404
31900,"Mansfield, OH",2025-07-01,61,93,24,6,184,8263,2465
31900,"Mansfield, OH",2025-08-01,53,53,21,2,129,8392,2518
31900,"Mansfield, OH",2025-09-01,1,2,0,0,3,8395,2519
49080,"Winnemucca, NV",2019-01-01,0,2,0,0,2,2,0
49080,"Winnemucca, NV",2019-03-01,0,3,1,0,4,6,0
49080,"Winnemucca, NV",2019-04-01,0,0,1,0,1,7,0
49080,"Winnemucca, NV",2019-05-01,1,1,1,0,3,10,1
49080,"Winnemucca, NV",2019-09-01,0,2,0,0,2,12,1
49080,"Winnemucca, NV",2019-10-01,1,1,1,0,3,15,2
49080,"Winnemucca, NV",2019-11-01,0,2,1,0,3,18,2
49080,"Winnemucca, NV",2020-01-01,1,1,0,0,2,20,3
49080,"Winnemucca, NV",2020-02-01,0,0,1,0,1,21,3
49080,"Winnemucca, NV",2020-03-01,0,1,0,0,1,22,3
49080,"Winnemucca, NV",2020-04-01,0,2,3,0,5,27,3
49080,"Winnemucca, NV",2020-05-01,0,3,1,0,4,31,3
49080,"Winnemucca, NV",2020-06-01,0,2,1,0,3,34,3
49080,"Winnemucca, NV",2020-07-01,0,2,0,0,2,36,3
49080,"Winnemucca, NV",2020-08-01,1,3,2,0,6,42,4
49080,"Winnemucca, NV",2020-09-01,0,2,1,1,4,46,4
49080,"Winnemucca, NV",2020-10-01,1,1,0,0,2,48,5
49080,"Winnemucca, NV",2020-11-01,0,7,0,0,7,55,5
49080,"Winnemucca, NV",2020-12-01,1,1,2,0,4,59,6
49080,"Winnemucca, NV",2021-01-01,1,1,2,0,4,63,7
49080,"Winnemucca, NV",2021-02-01,0,4,0,0,4,67,7
49080,"Winnemucca, NV",2021-03-01,2,9,0,0,11,78,9
49080,"Winnemucca, NV",2021-04-01,3,20,5,0,28,106,12
49080,"Winnemucca, NV",2021-05-01,4,11,2,2,19,125,16
49080,"Winnemucca, NV",2021-06-01,1,14,2,1,18,143,17
49080,"Winnemucca, NV",2021-07-01,2,12,5,0,19,162,19
49080,"Winnemucca, NV",2021-08-01,4,8,3,1,16,178,23
49080,"Winnemucca, NV",2021-09-01,1,8,1,0,10,188,24
49080,"Winnemucca, NV",2021-10-01,3,8,2,0,13,201,27
49080,"Winnemucca, NV",2021-11-01,2,5,4,0,11,212,29
49080,"Winnemucca, NV",2021-12-01,3,4,4,0,11,223,32
49080,"Winnemucca, NV",2022-01-01,2,10,1,0,13,236,34
49080,"Winnemucca, NV",2022-02-01,1,5,1,1,8,244,35
49080,"Winnemucca, NV",2022-03-01,4,1,1,0,6,250,39
49080,"Winnemucca, NV",2022-04-01,5,4,0,0,9,259,44
49080,"Winnemucca, NV",2022-05-01,4,11,3,0,18,277,48
49080,"Winnemucca, NV",2022-06-01,7,9,3,0,19,296,55
49080,"Winnemucca, NV",2022-07-01,2,2,2,0,6,302,57
49080,"Winnemucca, NV",2022-08-01,3,9,2,0,14,316,60
49080,"Winnemucca, NV",2022-09-01,1,7,2,0,10,326,61
49080,"Winnemucca, NV",2022-10-01,3,8,2,0,13,339,64
49080,"Winnemucca, NV",2022-11-01,1,7,5,0,13,352,65
49080,"Winnemucca, NV",2022-12-01,3,7,3,0,13,365,68
49080,"Winnemucca, NV",2023-01-01,2,7,3,0,12,377,70
49080,"Winnemucca, NV",2023-02-01,4,8,2,1,15,392,74
49080,"Winnemucca, NV",2023-03-01,5,9,7,0,21,413,79
49080,"Winnemucca, NV",2023-04-01,4,9,1,0,14,427,83
49080,"Winnemucca, NV",2023-05-01,1,3,2,2,8,435,84
49080,"Winnemucca, NV",2023-06-01,0,4,1,0,5,440,84
49080,"Winnemucca, NV",2023-07-01,5,5,0,0,10,450,89
49080,"Winnemucca, NV",2023-08-01,6,5,0,0,11,461,95
49080,"Winnemucca, NV",2023-09-01,1,7,1,1,10,471,96
49080,"Winnemucca, NV",2023-10-01,2,5,2,0,9,480,98
49080,"Winnemucca, NV",2023-11-01,2,9,0,1,12,492,100
49080,"Winnemucca, NV",2023-12-01,2,7,4,0,13,505,102
49080,"Winnemucca, NV",2024-01-01,2,6,3,0,11,516,104
49080,"Winnemucca, NV",2024-02-01,5,8,1,0,14,530,109
49080,"Winnemucca, NV",2024-03-01,4,3,0,0,7,537,113
49080,"Winnemucca, NV",2024-04-01,3,3,1,0,7,544,116
49080,"Winnemucca, NV",2024-05-01,4,3,0,0,7,551,120
49080,"Winnemucca, NV",2024-06-01,3,6,1,0,10,561,123
49080,"Winnemucca, NV",2024-07-01,1,3,1,0,5,566,124
49080,"Winnemucca, NV",2024-08-01,3,7,2,0,12,578,127
49080,"Winnemucca, NV",2024-09-01,11,6,1,0,18,596,138
49080,"Winnemucca, NV",2024-10-01,2,5,0,0,7,603,140
49080,"Winnemucca, NV",2024-11-01,5,4,0,0,9,612,145
49080,"Winnemucca, NV",2024-12-01,6,8,2,1,17,629,151
49080,"Winnemucca, NV",2025-01-01,13,5,3,0,21,650,164
49080,"Winnemucca, NV",2025-02-01,6,5,2,0,13,663,170
49080,"Winnemucca, NV",2025-03-01,3,3,3,0,9,672,173
49080,"Winnemucca, NV",2025-04-01,3,3,3,0,9,681,176
49080,"Winnemucca, NV",2025-05-01,1,2,0,1,4,685,177
49080,"Winnemucca, NV",2025-06-01,3,4,4,1,12,697,180
49080,"Winnemucca, NV",2025-07-01,7,4,1,0,12,709,187
49080,"Winnemucca, NV",2025-08-01,1,6,2,0,9,718,188
49080,"Winnemucca, NV",2025-09-01,1,0,2,0,3,721,189
40460,"Rockingham, NC",2019-01-01,0,1,0,0,1,1,0
40460,"Rockingham, NC",2019-02-01,0,1,0,0,1,2,0
40460,"Rockingham, NC",2019-03-01,0,3,2,0,5,7,0
40460,"Rockingham, NC",2019-04-01,0,7,1,0,8,15,0
40460,"Rockingham, NC",2019-05-01,0,2,1,1,4,19,0
40460,"Rockingham, NC",2019-06-01,0,7,9,0,16,35,0
40460,"Rockingham, NC",2019-07-01,2,13,3,0,18,53,2
40460,"Rockingham, NC",2019-08-01,0,13,2,0,15,68,2
40460,"Rockingham, NC",2019-09-01,0,6,4,0,10,78,2
40460,"Rockingham, NC",2019-10-01,1,13,3,0,17,95,3
40460,"Rockingham, NC",2019-11-01,0,16,3,1,20,115,3
40460,"Rockingham, NC",2019-12-01,1,11,4,0,16,131,4
40460,"Rockingham, NC",2020-01-01,1,11,0,0,12,143,5
40460,"Rockingham, NC",2020-02-01,0,8,0,1,9,152,5
40460,"Rockingham, NC",2020-03-01,2,17,3,0,22,174,7
40460,"Rockingham, NC",2020-04-01,0,14,3,0,17,191,7
40460,"Rockingham, NC",2020-05-01,1,28,5,0,34,225,8
40460,"Rockingham, NC",2020-06-01,4,21,5,1,31,256,12
40460,"Rockingham, NC",2020-07-01,3,16,5,0,24,280,15
40460,"Rockingham, NC",2020-08-01,2,21,9,0,32,312,17
40460,"Rockingham, NC",2020-09-01,6,28,4,0,38,350,23
40460,"Rockingham, NC",2020-10-01,3,19,3,0,25,375,26
40460,"Rockingham, NC",2020-11-01,2,19,6,1,28,403,28
40460,"Rockingham, NC",2020-12-01,7,17,3,0,27,430,35
40460,"Rockingham, NC",2021-01-01,10,28,7,0,45,475,45
40460,"Rockingham, NC",2021-02-01,10,28,11,1,50,525,55
40460,"Rockingham, NC",2021-03-01,9,27,9,1,46,571,64
40460,"Rockingham, NC",2021-04-01,17,53,17,2,89,660,81
40460,"Rockingham, NC",2021-05-01,18,48,8,2,76,736,99
40460,"Rockingham, NC",2021-06-01,14,33,14,2,63,799,113
40460,"Rockingham, NC",2021-07-01,9,36,11,2,58,857,122
40460,"Rockingham, NC",2021-08-01,9,41,10,1,61,918,131
40460,"Rockingham, NC",2021-09-01,6,30,9,1,46,964,137
40460,"Rockingham, NC",2021-10-01,5,29,9,0,43,1007,142
40460,"Rockingham, NC",2021-11-01,10,34,16,2,62,1069,152
40460,"Rockingham, NC",2021-12-01,15,25,9,4,53,1122,167
40460,"Rockingham, NC",2022-01-01,16,42,13,3,74,1196,183
40460,"Rockingham, NC",2022-02-01,12,38,6,1,57,1253,195
40460,"Rockingham, NC",2022-03-01,19,37,13,1,70,1323,214
40460,"Rockingham, NC",2022-04-01,12,32,16,1,61,1384,226
40460,"Rockingham, NC",2022-05-01,10,29,6,0,45,1429,236
40460,"Rockingham, NC",2022-06-01,16,23,11,1,51,1480,252
40460,"Rockingham, NC",2022-07-01,8,20,10,0,38,1518,260
40460,"Rockingham, NC",2022-08-01,14,25,9,0,48,1566,274
40460,"Rockingham, NC",2022-09-01,10,21,8,1,40,1606,284
40460,"Rockingham, NC",2022-10-01,7,28,11,3,49,1655,291
40460,"Rockingham, NC",2022-11-01,8,37,9,0,54,1709,299
40460,"Rockingham, NC",2022-12-01,8,31,3,0,42,1751,307
40460,"Rockingham, NC",2023-01-01,15,34,6,0,55,1806,322
40460,"Rockingham, NC",2023-02-01,7,20,6,1,34,1840,329
40460,"Rockingham, NC",2023-03-01,20,27,13,2,62,1902,349
40460,"Rockingham, NC",2023-04-01,19,18,8,1,46,1948,368
40460,"Rockingham, NC",2023-05-01,11,20,9,1,41,1989,379
40460,"Rockingham, NC",2023-06-01,10,17,9,0,36,2025,389
40460,"Rockingham, NC",2023-07-01,10,24,6,0,40,2065,399
40460,"Rockingham, NC",2023-08-01,16,24,2,1,43,2108,415
40460,"Rockingham, NC",2023-09-01,6,30,13,1,50,2158,421
40460,"Rockingham, NC",2023-10-01,15,25,6,0,46,2204,436
40460,"Rockingham, NC",2023-11-01,17,23,6,0,46,2250,453
40460,"Rockingham, NC",2023-12-01,11,17,8,0,36,2286,464
40460,"Rockingham, NC",2024-01-01,16,23,7,3,49,2335,480
40460,"Rockingham, NC",2024-02-01,15,11,3,0,29,2364,495
40460,"Rockingham, NC",2024-03-01,12,34,9,2,57,2421,507
40460,"Rockingham, NC",2024-04-01,16,23,8,0,47,2468,523
40460,"Rockingham, NC",2024-05-01,23,36,7,2,68,2536,546
40460,"Rockingham, NC",2024-06-01,16,34,12,0,62,2598,562
40460,"Rockingham, NC",2024-07-01,16,15,11,0,42,2640,578
40460,"Rockingham, NC",2024-08-01,16,30,7,2,55,2695,594
40460,"Rockingham, NC",2024-09-01,21,28,9,0,58,2753,615
40460,"Rockingham, NC",2024-10-01,16,27,7,0,50,2803,631
40460,"Rockingham, NC",2024-11-01,14,31,10,0,55,2858,645
40460,"Rockingham, NC",2024-12-01,10,29,11,2,52,2910,655
40460,"Rockingham, NC",2025-01-01,22,21,13,1,57,2967,677
40460,"Rockingham, NC",2025-02-01,22,20,3,0,45,3012,699
40460,"Rockingham, NC",2025-03-01,18,25,10,2,55,3067,717
40460,"Rockingham, NC",2025-04-01,21,22,9,1,53,3120,738
40460,"Rockingham, NC",2025-05-01,21,27,12,2,62,3182,759
40460,"Rockingham, NC",2025-06-01,16,35,18,1,70,3252,775
40460,"Rockingham, NC",2025-07-01,19,19,13,1,52,3304,794
40460,"Rockingham, NC",2025-08-01,12,24,10,1,47,3351,806
40460,"Rockingham, NC",2025-09-01,1,0,0,0,1,3352,807
24620,"Greeneville, TN",2019-01-01,0,1,0,0,1,1,0
24620,"Greeneville, TN",2019-02-01,0,7,4,0,11,12,0
24620,"Greeneville, TN",2019-03-01,0,2,1,0,3,15,0
24620,"Greeneville, TN",2019-04-01,0,1,2,0,3,18,0
24620,"Greeneville, TN",2019-05-01,0,8,0,0,8,26,0
24620,"Greeneville, TN",2019-06-01,0,4,4,0,8,34,0
24620,"Greeneville, TN",2019-07-01,0,17,9,0,26,60,0
24620,"Greeneville, TN",2019-08-01,3,24,5,1,33,93,3
24620,"Greeneville, TN",2019-09-01,2,18,2,0,22,115,5
24620,"Greeneville, TN",2019-10-01,3,7,5,0,15,130,8
24620,"Greeneville, TN",2019-11-01,2,16,4,0,22,152,10
24620,"Greeneville, TN",2019-12-01,0,9,3,0,12,164,10
24620,"Greeneville, TN",2020-01-01,1,16,7,1,25,189,11
24620,"Greeneville, TN",2020-02-01,4,13,2,0,19,208,15
24620,"Greeneville, TN",2020-03-01,3,20,6,0,29,237,18
24620,"Greeneville, TN",2020-04-01,7,28,5,0,40,277,25
24620,"Greeneville, TN",2020-05-01,7,50,8,1,66,343,32
24620,"Greeneville, TN",2020-06-01,11,28,4,1,44,387,43
24620,"Greeneville, TN",2020-07-01,4,36,12,0,52,439,47
24620,"Greeneville, TN",2020-08-01,7,36,9,3,55,494,54
24620,"Greeneville, TN",2020-09-01,12,42,6,1,61,555,66
24620,"Greeneville, TN",2020-10-01,4,35,6,1,46,601,70
24620,"Greeneville, TN",2020-11-01,12,32,9,1,54,655,82
24620,"Greeneville, TN",2020-12-01,13,32,3,1,49,704,95
24620,"Greeneville, TN",2021-01-01,28,59,8,0,95,799,123
24620,"Greeneville, TN",2021-02-01,8,42,15,0,65,864,131
24620,"Greeneville, TN",2021-03-01,15,59,17,1,92,956,146
24620,"Greeneville, TN",2021-04-01,14,70,14,2,100,1056,160
24620,"Greeneville, TN",2021-05-01,24,48,8,0,80,1136,184
24620,"Greeneville, TN",2021-06-01,15,43,15,0,73,1209,199
24620,"Greeneville, TN",2021-07-01,11,41,6,0,58,1267,210
24620,"Greeneville, TN",2021-08-01,17,48,12,1,78,1345,227
24620,"Greeneville, TN",2021-09-01,12,41,14,2,69,1414,239
24620,"Greeneville, TN",2021-10-01,9,40,17,0,66,1480,248
24620,"Greeneville, TN",2021-11-01,12,37,11,1,61,1541,260
24620,"Greeneville, TN",2021-12-01,18,41,11,1,71,1612,278
24620,"Greeneville, TN",2022-01-01,25,50,10,1,86,1698,303
24620,"Greeneville, TN",2022-02-01,23,36,8,0,67,1765,326
24620,"Greeneville, TN",2022-03-01,23,42,14,2,81,1846,349
24620,"Greeneville, TN",2022-04-01,16,37,14,2,69,1915,365
24620,"Greeneville, TN",2022-05-01,9,46,20,1,76,1991,374
24620,"Greeneville, TN",2022-06-01,23,36,11,0,70,2061,397
24620,"Greeneville, TN",2022-07-01,26,37,16,0,79,2140,423
24620,"Greeneville, TN",2022-08-01,14,55,14,1,84,2224,437
24620,"Greeneville, TN",2022-09-01,14,43,9,3,69,2293,451
24620,"Greeneville, TN",2022-10-01,28,33,9,1,71,2364,479
24620,"Greeneville, TN",2022-11-01,22,35,17,0,74,2438,501
24620,"Greeneville, TN",2022-12-01,25,36,21,1,83,2521,526
24620,"Greeneville, TN",2023-01-01,22,45,22,1,90,2611,548
24620,"Greeneville, TN",2023-02-01,18,25,4,1,48,2659,566
24620,"Greeneville, TN",2023-03-01,38,51,13,2,104,2763,604
24620,"Greeneville, TN",2023-04-01,23,37,8,3,71,2834,627
24620,"Greeneville, TN",2023-05-01,16,33,1,0,50,2884,643
24620,"Greeneville, TN",2023-06-01,15,16,8,1,40,2924,658
24620,"Greeneville, TN",2023-07-01,18,27,12,0,57,2981,676
24620,"Greeneville, TN",2023-08-01,26,21,11,1,59,3040,702
24620,"Greeneville, TN",2023-09-01,20,34,15,0,69,3109,722
24620,"Greeneville, TN",2023-10-01,25,38,9,2,74,3183,747
24620,"Greeneville, TN",2023-11-01,29,40,16,1,86,3269,776
24620,"Greeneville, TN",2023-12-01,32,41,10,1,84,3353,808
24620,"Greeneville, TN",2024-01-01,25,40,16,1,82,3435,833
24620,"Greeneville, TN",2024-02-01,24,27,16,1,68,3503,857
24620,"Greeneville, TN",2024-03-01,36,43,18,0,97,3600,893
24620,"Greeneville, TN",2024-04-01,27,42,13,1,83,3683,920
24620,"Greeneville, TN",2024-05-01,52,46,15,2,115,3798,972
24620,"Greeneville, TN",2024-06-01,13,22,8,0,43,3841,985
24620,"Greeneville, TN",2024-07-01,15,12,4,1,32,3873,1000
24620,"Greeneville, TN",2024-08-01,11,22,9,0,42,3915,1011
24620,"Greeneville, TN",2024-09-01,33,33,8,0,74,3989,1044
24620,"Greeneville, TN",2024-10-01,35,30,11,3,79,4068,1079
24620,"Greeneville, TN",2024-11-01,31,38,9,3,81,4149,1110
24620,"Greeneville, TN",2024-12-01,38,41,18,3,100,4249,1148
24620,"Greeneville, TN",2025-01-01,37,52,11,3,103,4352,1185
24620,"Greeneville, TN",2025-02-01,34,36,12,1,83,4435,1219
24620,"Greeneville, TN",2025-03-01,40,39,10,2,91,4526,1259
24620,"Greeneville, TN",2025-04-01,37,42,10,1,90,4616,1296
24620,"Greeneville, TN",2025-05-01,25,39,6,2,72,4688,1321
24620,"Greeneville, TN",2025-06-01,41,46,15,7,109,4797,1362
24620,"Greeneville, TN",2025-07-01,31,28,10,2,71,4868,1393
24620,"Greeneville, TN",2025-08-01,29,32,8,0,69,4937,1422
24620,"Greeneville, TN",2025-09-01,1,1,0,0,2,4939,1423
37540,"Paris, TN",2019-03-01,0,1,0,0,1,1,0
37540,"Paris, TN",2019-05-01,0,1,0,0,1,2,0
37540,"Paris, TN",2019-06-01,0,1,1,0,2,4,0
37540,"Paris, TN",2019-07-01,0,0,1,0,1,5,0
37540,"Paris, TN",2019-08-01,0,1,0,0,1,6,0
37540,"Paris, TN",2019-09-01,0,2,0,0,2,8,0
37540,"Paris, TN",2019-10-01,0,4,0,0,4,12,0
37540,"Paris, TN",2019-11-01,0,0,2,0,2,14,0
37540,"Paris, TN",2019-12-01,0,1,1,0,2,16,0
37540,"Paris, TN",2020-02-01,0,1,0,0,1,17,0
37540,"Paris, TN",2020-03-01,1,3,0,0,4,21,1
37540,"Paris, TN",2020-04-01,2,0,1,0,3,24,3
37540,"Paris, TN",2020-05-01,0,2,1,0,3,27,3
37540,"Paris, TN",2020-06-01,0,3,0,0,3,30,3
37540,"Paris, TN",2020-07-01,0,4,0,0,4,34,3
37540,"Paris, TN",2020-08-01,2,4,1,0,7,41,5
37540,"Paris, TN",2020-09-01,0,1,0,0,1,42,5
37540,"Paris, TN",2020-10-01,1,2,2,0,5,47,6
37540,"Paris, TN",2020-11-01,1,3,1,0,5,52,7
37540,"Paris, TN",2020-12-01,0,3,4,0,7,59,7
37540,"Paris, TN",2021-01-01,1,7,2,0,10,69,8
37540,"Paris, TN",2021-02-01,1,4,0,1,6,75,9
37540,"Paris, TN",2021-03-01,3,7,3,0,13,88,12
37540,"Paris, TN",2021-04-01,0,4,3,0,7,95,12
37540,"Paris, TN",2021-05-01,2,25,6,0,33,128,14
37540,"Paris, TN",2021-06-01,4,17,4,0,25,153,18
37540,"Paris, TN",2021-07-01,4,14,6,0,24,177,22
37540,"Paris, TN",2021-08-01,3,16,2,0,21,198,25
37540,"Paris, TN",2021-09-01,3,16,3,1,23,221,28
37540,"Paris, TN",2021-10-01,5,15,4,0,24,245,33
37540,"Paris, TN",2021-11-01,2,7,3,1,13,258,35
37540,"Paris, TN",2021-12-01,3,16,4,0,23,281,38
37540,"Paris, TN",2022-01-01,4,19,4,0,27,308,42
37540,"Paris, TN",2022-02-01,4,6,3,0,13,321,46
37540,"Paris, TN",2022-03-01,7,20,11,0,38,359,53
37540,"Paris, TN",2022-04-01,10,22,6,2,40,399,63
37540,"Paris, TN",2022-05-01,3,15,5,0,23,422,66
37540,"Paris, TN",2022-06-01,3,14,3,0,20,442,69
37540,"Paris, TN",2022-07-01,4,7,8,0,19,461,73
37540,"Paris, TN",2022-08-01,5,8,6,0,19,480,78
37540,"Paris, TN",2022-09-01,2,7,2,2,13,493,80
37540,"Paris, TN",2022-10-01,5,13,5,1,24,517,85
37540,"Paris, TN",2022-11-01,2,13,4,1,20,537,87
37540,"Paris, TN",2022-12-01,4,12,1,0,17,554,91
37540,"Paris, TN",2023-01-01,7,6,4,2,19,573,98
37540,"Paris, TN",2023-02-01,10,11,4,0,25,598,108
37540,"Paris, TN",2023-03-01,6,19,5,1,31,629,114
37540,"Paris, TN",2023-04-01,3,9,5,0,17,646,117
37540,"Paris, TN",2023-05-01,7,6,7,3,23,669,124
37540,"Paris, TN",2023-06-01,6,12,10,0,28,697,130
37540,"Paris, TN",2023-07-01,13,18,6,1,38,735,143
37540,"Paris, TN",2023-08-01,5,15,4,0,24,759,148
37540,"Paris, TN",2023-09-01,11,22,5,1,39,798,159
37540,"Paris, TN",2023-10-01,5,19,5,0,29,827,164
37540,"Paris, TN",2023-11-01,6,14,3,1,24,851,170
37540,"Paris, TN",2023-12-01,17,18,5,1,41,892,187
37540,"Paris, TN",2024-01-01,11,7,6,0,24,916,198
37540,"Paris, TN",2024-02-01,9,14,6,0,29,945,207
37540,"Paris, TN",2024-03-01,9,13,3,1,26,971,216
37540,"Paris, TN",2024-04-01,19,18,4,0,41,1012,235
37540,"Paris, TN",2024-05-01,13,23,3,2,41,1053,248
37540,"Paris, TN",2024-06-01,12,9,6,0,27,1080,260
37540,"Paris, TN",2024-07-01,4,10,3,0,17,1097,264
37540,"Paris, TN",2024-08-01,5,21,9,1,36,1133,269
37540,"Paris, TN",2024-09-01,14,20,6,3,43,1176,283
37540,"Paris, TN",2024-10-01,16,13,2,0,31,1207,299
37540,"Paris, TN",2024-11-01,19,13,2,0,34,1241,318
37540,"Paris, TN",2024-12-01,17,12,4,0,33,1274,335
37540,"Paris, TN",2025-01-01,12,20,5,0,37,1311,347
37540,"Paris, TN",2025-02-01,9,10,1,0,20,1331,356
37540,"Paris, TN",2025-03-01,14,24,8,1,47,1378,370
37540,"Paris, TN",2025-04-01,11,19,6,0,36,1414,381
37540,"Paris, TN",2025-05-01,13,13,6,1,33,1447,394
37540,"Paris, TN",2025-06-01,13,20,5,3,41,1488,407
37540,"Paris, TN",2025-07-01,16,15,5,0,36,1524,423
37540,"Paris, TN",2025-08-01,6,17,3,1,27,1551,429
15540,"Burlington-South Burlington, VT",2019-01-01,1,11,5,0,17,17,1
15540,"Burlington-South Burlington, VT",2019-02-01,1,16,2,0,19,36,2
15540,"Burlington-South Burlington, VT",2019-03-01,0,18,2,1,21,57,2
15540,"Burlington-South Burlington, VT",2019-04-01,0,20,7,1,28,85,2
15540,"Burlington-South Burlington, VT",2019-05-01,0,16,5,0,21,106,2
15540,"Burlington-South Burlington, VT",2019-06-01,0,14,3,0,17,123,2
15540,"Burlington-South Burlington, VT",2019-07-01,4,31,4,0,39,162,6
15540,"Burlington-South Burlington, VT",2019-08-01,1,31,3,0,35,197,7
15540,"Burlington-South Burlington, VT",2019-09-01,1,27,3,0,31,228,8
15540,"Burlington-South Burlington, VT",2019-10-01,4,25,6,1,36,264,12
15540,"Burlington-South Burlington, VT",2019-11-01,3,30,4,1,38,302,15
15540,"Burlington-South Burlington, VT",2019-12-01,4,30,8,1,43,345,19
15540,"Burlington-South Burlington, VT",2020-01-01,2,31,5,0,38,383,21
15540,"Burlington-South Burlington, VT",2020-02-01,8,40,6,0,54,437,29
15540,"Burlington-South Burlington, VT",2020-03-01,14,51,9,3,77,514,43
15540,"Burlington-South Burlington, VT",2020-04-01,16,50,7,1,74,588,59
15540,"Burlington-South Burlington, VT",2020-05-01,40,89,8,1,138,726,99
15540,"Burlington-South Burlington, VT",2020-06-01,41,98,8,1,148,874,140
15540,"Burlington-South Burlington, VT",2020-07-01,44,100,13,1,158,1032,184
15540,"Burlington-South Burlington, VT",2020-08-01,22,81,14,1,118,1150,206
15540,"Burlington-South Burlington, VT",2020-09-01,33,84,15,2,134,1284,239
15540,"Burlington-South Burlington, VT",2020-10-01,31,75,11,1,118,1402,270
15540,"Burlington-South Burlington, VT",2020-11-01,37,93,13,1,144,1546,307
15540,"Burlington-South Burlington, VT",2020-12-01,34,68,7,1,110,1656,341
15540,"Burlington-South Burlington, VT",2021-01-01,44,107,12,3,166,1822,385
15540,"Burlington-South Burlington, VT",2021-02-01,29,70,5,0,104,1926,414
15540,"Burlington-South Burlington, VT",2021-03-01,46,75,19,1,141,2067,460
15540,"Burlington-South Burlington, VT",2021-04-01,56,87,21,0,164,2231,516
15540,"Burlington-South Burlington, VT",2021-05-01,54,90,13,0,157,2388,570
15540,"Burlington-South Burlington, VT",2021-06-01,58,101,8,0,167,2555,628
15540,"Burlington-South Burlington, VT",2021-07-01,41,78,19,1,139,2694,669
15540,"Burlington-South Burlington, VT",2021-08-01,43,82,12,2,139,2833,712
15540,"Burlington-South Burlington, VT",2021-09-01,29,84,10,0,123,2956,741
15540,"Burlington-South Burlington, VT",2021-10-01,31,57,12,0,100,3056,772
15540,"Burlington-South Burlington, VT",2021-11-01,17,76,7,1,101,3157,789
15540,"Burlington-South Burlington, VT",2021-12-01,46,86,13,0,145,3302,835
15540,"Burlington-South Burlington, VT",2022-01-01,57,108,16,3,184,3486,892
15540,"Burlington-South Burlington, VT",2022-02-01,39,80,22,0,141,3627,931
15540,"Burlington-South Burlington, VT",2022-03-01,43,75,18,3,139,3766,974
15540,"Burlington-South Burlington, VT",2022-04-01,21,60,7,1,89,3855,995
15540,"Burlington-South Burlington, VT",2022-05-01,34,61,12,2,109,3964,1029
15540,"Burlington-South Burlington, VT",2022-06-01,29,45,10,2,86,4050,1058
15540,"Burlington-South Burlington, VT",2022-07-01,24,51,7,0,82,4132,1082
15540,"Burlington-South Burlington, VT",2022-08-01,14,47,11,1,73,4205,1096
15540,"Burlington-South Burlington, VT",2022-09-01,30,39,13,1,83,4288,1126
15540,"Burlington-South Burlington, VT",2022-10-01,31,42,10,1,84,4372,1157
15540,"Burlington-South Burlington, VT",2022-11-01,27,60,8,0,95,4467,1184
15540,"Burlington-South Burlington, VT",2022-12-01,52,42,15,1,110,4577,1236
15540,"Burlington-South Burlington, VT",2023-01-01,54,48,21,1,124,4701,1290
15540,"Burlington-South Burlington, VT",2023-02-01,37,52,12,1,102,4803,1327
15540,"Burlington-South Burlington, VT",2023-03-01,38,77,20,2,137,4940,1365
15540,"Burlington-South Burlington, VT",2023-04-01,28,52,6,2,88,5028,1393
15540,"Burlington-South Burlington, VT",2023-05-01,31,38,6,0,75,5103,1424
15540,"Burlington-South Burlington, VT",2023-06-01,29,27,6,0,62,5165,1453
15540,"Burlington-South Burlington, VT",2023-07-01,40,43,9,2,94,5259,1493
15540,"Burlington-South Burlington, VT",2023-08-01,30,37,6,1,74,5333,1523
15540,"Burlington-South Burlington, VT",2023-09-01,30,67,10,1,108,5441,1553
15540,"Burlington-South Burlington, VT",2023-10-01,34,50,9,1,94,5535,1587
15540,"Burlington-South Burlington, VT",2023-11-01,31,48,14,1,94,5629,1618
15540,"Burlington-South Burlington, VT",2023-12-01,51,43,9,2,105,5734,1669
15540,"Burlington-South Burlington, VT",2024-01-01,53,39,12,0,104,5838,1722
15540,"Burlington-South Burlington, VT",2024-02-01,43,32,11,1,87,5925,1765
15540,"Burlington-South Burlington, VT",2024-03-01,46,45,12,0,103,6028,1811
15540,"Burlington-South Burlington, VT",2024-04-01,42,51,7,1,101,6129,1853
15540,"Burlington-South Burlington, VT",2024-05-01,44,52,12,0,108,6237,1897
15540,"Burlington-South Burlington, VT",2024-06-01,65,45,14,2,126,6363,1962
15540,"Burlington-South Burlington, VT",2024-07-01,41,42,6,0,89,6452,2003
15540,"Burlington-South Burlington, VT",2024-08-01,23,45,8,1,77,6529,2026
15540,"Burlington-South Burlington, VT",2024-09-01,32,46,12,3,93,6622,2058
15540,"Burlington-South Burlington, VT",2024-10-01,38,48,17,1,104,6726,2096
15540,"Burlington-South Burlington, VT",2024-11-01,47,62,14,2,125,6851,2143
15540,"Burlington-South Burlington, VT",2024-12-01,65,47,11,0,123,6974,2208
15540,"Burlington-South Burlington, VT",2025-01-01,64,63,17,1,145,7119,2272
15540,"Burlington-South Burlington, VT",2025-02-01,43,52,12,0,107,7226,2315
15540,"Burlington-South Burlington, VT",2025-03-01,59,37,10,2,108,7334,2374
15540,"Burlington-South Burlington, VT",2025-04-01,46,60,6,1,113,7447,2420
15540,"Burlington-South Burlington, VT",2025-05-01,67,50,14,2,133,7580,2487
15540,"Burlington-South Burlington, VT",2025-06-01,77,59,14,0,150,7730,2564
15540,"Burlington-South Burlington, VT",2025-07-01,58,55,8,1,122,7852,2622
15540,"Burlington-South Burlington, VT",2025-08-01,33,43,5,2,83,7935,2655
15540,"Burlington-South Burlington, VT",2025-09-01,0,1,0,0,1,7936,2655
14710,"Brattleboro, VT",2019-03-01,0,2,0,0,2,2,0
14710,"Brattleboro, VT",2019-04-01,0,4,0,0,4,6,0
14710,"Brattleboro, VT",2019-05-01,0,1,1,0,2,8,0
14710,"Brattleboro, VT",2019-06-01,0,2,1,1,4,12,0
14710,"Brattleboro, VT",2019-07-01,0,2,0,0,2,14,0
14710,"Brattleboro, VT",2019-08-01,0,4,0,0,4,18,0
14710,"Brattleboro, VT",2019-09-01,0,2,0,0,2,20,0
14710,"Brattleboro, VT",2019-10-01,0,3,1,1,5,25,0
14710,"Brattleboro, VT",2019-11-01,0,2,0,0,2,27,0
14710,"Brattleboro, VT",2019-12-01,0,1,4,0,5,32,0
14710,"Brattleboro, VT",2020-01-01,0,5,1,0,6,38,0
14710,"Brattleboro, VT",2020-02-01,2,1,0,0,3,41,2
14710,"Brattleboro, VT",2020-03-01,0,6,0,0,6,47,2
14710,"Brattleboro, VT",2020-04-01,1,5,1,0,7,54,3
14710,"Brattleboro, VT",2020-05-01,1,9,0,0,10,64,4
14710,"Brattleboro, VT",2020-06-01,1,5,2,0,8,72,5
14710,"Brattleboro, VT",2020-07-01,0,7,1,0,8,80,5
14710,"Brattleboro, VT",2020-08-01,1,5,2,1,9,89,6
14710,"Brattleboro, VT",2020-09-01,2,5,0,0,7,96,8
14710,"Brattleboro, VT",2020-10-01,2,11,1,1,15,111,10
14710,"Brattleboro, VT",2020-11-01,6,16,6,0,28,139,16
14710,"Brattleboro, VT",2020-12-01,10,8,3,1,22,161,26
14710,"Brattleboro, VT",2021-01-01,10,22,3,1,36,197,36
14710,"Brattleboro, VT",2021-02-01,6,18,3,0,27,224,42
14710,"Brattleboro, VT",2021-03-01,2,19,2,1,24,248,44
14710,"Brattleboro, VT",2021-04-01,11,12,4,0,27,275,55
14710,"Brattleboro, VT",2021-05-01,9,26,3,1,39,314,64
14710,"Brattleboro, VT",2021-06-01,5,19,1,2,27,341,69
14710,"Brattleboro, VT",2021-07-01,7,19,6,0,32,373,76
14710,"Brattleboro, VT",2021-08-01,6,23,3,1,33,406,82
14710,"Brattleboro, VT",2021-09-01,7,23,3,0,33,439,89
14710,"Brattleboro, VT",2021-10-01,4,20,3,0,27,466,93
14710,"Brattleboro, VT",2021-11-01,3,17,2,0,22,488,96
14710,"Brattleboro, VT",2021-12-01,6,18,1,0,25,513,102
14710,"Brattleboro, VT",2022-01-01,4,20,6,0,30,543,106
14710,"Brattleboro, VT",2022-02-01,8,21,4,0,33,576,114
14710,"Brattleboro, VT",2022-03-01,9,21,6,0,36,612,123
14710,"Brattleboro, VT",2022-04-01,10,15,8,0,33,645,133
14710,"Brattleboro, VT",2022-05-01,5,24,3,0,32,677,138
14710,"Brattleboro, VT",2022-06-01,4,8,4,0,16,693,142
14710,"Brattleboro, VT",2022-07-01,8,12,2,0,22,715,150
14710,"Brattleboro, VT",2022-08-01,6,12,3,1,22,737,156
14710,"Brattleboro, VT",2022-09-01,4,7,1,0,12,749,160
14710,"Brattleboro, VT",2022-10-01,4,14,6,1,25,774,164
14710,"Brattleboro, VT",2022-11-01,6,23,6,1,36,810,170
14710,"Brattleboro, VT",2022-12-01,6,12,3,1,22,832,176
14710,"Brattleboro, VT",2023-01-01,4,14,4,0,22,854,180
14710,"Brattleboro, VT",2023-02-01,6,20,2,1,29,883,186
14710,"Brattleboro, VT",2023-03-01,7,17,2,0,26,909,193
14710,"Brattleboro, VT",2023-04-01,4,17,0,0,21,930,197
14710,"Brattleboro, VT",2023-05-01,5,18,1,0,24,954,202
14710,"Brattleboro, VT",2023-06-01,4,9,5,0,18,972,206
14710,"Brattleboro, VT",2023-07-01,5,12,3,0,20,992,211
14710,"Brattleboro, VT",2023-08-01,2,11,4,0,17,1009,213
14710,"Brattleboro, VT",2023-09-01,7,14,4,0,25,1034,220
14710,"Brattleboro, VT",2023-10-01,12,10,8,1,31,1065,232
14710,"Brattleboro, VT",2023-11-01,8,20,4,1,33,1098,240
14710,"Brattleboro, VT",2023-12-01,6,12,9,0,27,1125,246
14710,"Brattleboro, VT",2024-01-01,7,10,6,0,23,1148,253
14710,"Brattleboro, VT",2024-02-01,9,19,7,0,35,1183,262
14710,"Brattleboro, VT",2024-03-01,6,10,7,0,23,1206,268
14710,"Brattleboro, VT",2024-04-01,9,9,3,0,21,1227,277
14710,"Brattleboro, VT",2024-05-01,3,11,5,0,19,1246,280
14710,"Brattleboro, VT",2024-06-01,4,14,1,0,19,1265,284
14710,"Brattleboro, VT",2024-07-01,6,16,2,1,25,1290,290
14710,"Brattleboro, VT",2024-08-01,6,10,3,1,20,1310,296
14710,"Brattleboro, VT",2024-09-01,4,8,5,0,17,1327,300
14710,"Brattleboro, VT",2024-10-01,9,11,5,1,26,1353,309
14710,"Brattleboro, VT",2024-11-01,13,15,3,0,31,1384,322
14710,"Brattleboro, VT",2024-12-01,11,16,6,0,33,1417,333
14710,"Brattleboro, VT",2025-01-01,11,18,4,0,33,1450,344
14710,"Brattleboro, VT",2025-02-01,10,8,7,1,26,1476,354
14710,"Brattleboro, VT",2025-03-01,8,9,5,0,22,1498,362
14710,"Brattleboro, VT",2025-04-01,9,14,5,1,29,1527,371
14710,"Brattleboro, VT",2025-05-01,11,14,8,0,33,1560,382
14710,"Brattleboro, VT",2025-06-01,10,19,2,0,31,1591,392
14710,"Brattleboro, VT",2025-07-01,6,9,1,3,19,1610,398
14710,"Brattleboro, VT",2025-08-01,7,9,1,0,17,1627,405
14710,"Brattleboro, VT",2025-09-01,1,0,0,0,1,1628,406
40740,"Roswell, NM",2019-01-01,0,1,0,0,1,1,0
40740,"Roswell, NM",2019-02-01,0,4,2,0,6,7,0
40740,"Roswell, NM",2019-03-01,0,4,1,0,5,12,0
40740,"Roswell, NM",2019-04-01,0,2,1,0,3,15,0
40740,"Roswell, NM",2019-05-01,0,14,2,0,16,31,0
40740,"Roswell, NM",2019-06-01,0,14,2,1,17,48,0
40740,"Roswell, NM",2019-07-01,0,12,0,0,12,60,0
40740,"Roswell, NM",2019-08-01,0,15,4,0,19,79,0
40740,"Roswell, NM",2019-09-01,1,14,4,1,20,99,1
40740,"Roswell, NM",2019-10-01,2,11,2,0,15,114,3
40740,"Roswell, NM",2019-11-01,1,9,2,0,12,126,4
40740,"Roswell, NM",2019-12-01,1,10,2,0,13,139,5
40740,"Roswell, NM",2020-01-01,2,5,2,0,9,148,7
40740,"Roswell, NM",2020-02-01,2,9,3,0,14,162,9
40740,"Roswell, NM",2020-03-01,2,14,7,0,23,185,11
40740,"Roswell, NM",2020-04-01,7,30,2,1,40,225,18
40740,"Roswell, NM",2020-05-01,9,29,7,0,45,270,27
40740,"Roswell, NM",2020-06-01,6,18,6,0,30,300,33
40740,"Roswell, NM",2020-07-01,12,37,6,0,55,355,45
40740,"Roswell, NM",2020-08-01,8,25,8,3,44,399,53
40740,"Roswell, NM",2020-09-01,7,28,5,0,40,439,60
40740,"Roswell, NM",2020-10-01,12,19,9,1,41,480,72
40740,"Roswell, NM",2020-11-01,1,18,1,0,20,500,73
40740,"Roswell, NM",2020-12-01,6,18,8,0,32,532,79
40740,"Roswell, NM",2021-01-01,9,27,9,0,45,577,88
40740,"Roswell, NM",2021-02-01,10,25,2,1,38,615,98
40740,"Roswell, NM",2021-03-01,6,29,3,0,38,653,104
40740,"Roswell, NM",2021-04-01,4,29,5,0,38,691,108
40740,"Roswell, NM",2021-05-01,12,43,10,0,65,756,120
40740,"Roswell, NM",2021-06-01,11,35,11,2,59,815,131
40740,"Roswell, NM",2021-07-01,10,33,2,1,46,861,141
40740,"Roswell, NM",2021-08-01,7,41,9,0,57,918,148
40740,"Roswell, NM",2021-09-01,10,48,7,0,65,983,158
40740,"Roswell, NM",2021-10-01,4,29,4,1,38,1021,162
40740,"Roswell, NM",2021-11-01,17,22,5,1,45,1066,179
40740,"Roswell, NM",2021-12-01,13,29,11,0,53,1119,192
40740,"Roswell, NM",2022-01-01,11,36,10,3,60,1179,203
40740,"Roswell, NM",2022-02-01,8,29,8,1,46,1225,211
40740,"Roswell, NM",2022-03-01,13,39,9,1,62,1287,224
40740,"Roswell, NM",2022-04-01,8,17,8,2,35,1322,232
40740,"Roswell, NM",2022-05-01,10,34,8,2,54,1376,242
40740,"Roswell, NM",2022-06-01,12,31,9,0,52,1428,254
40740,"Roswell, NM",2022-07-01,20,39,14,1,74,1502,274
40740,"Roswell, NM",2022-08-01,13,31,12,2,58,1560,287
40740,"Roswell, NM",2022-09-01,7,31,8,0,46,1606,294
40740,"Roswell, NM",2022-10-01,15,34,9,0,58,1664,309
40740,"Roswell, NM",2022-11-01,11,29,11,0,51,1715,320
40740,"Roswell, NM",2022-12-01,10,27,10,1,48,1763,330
40740,"Roswell, NM",2023-01-01,17,26,14,3,60,1823,347
40740,"Roswell, NM",2023-02-01,17,28,4,1,50,1873,364
40740,"Roswell, NM",2023-03-01,19,33,10,0,62,1935,383
40740,"Roswell, NM",2023-04-01,22,21,11,2,56,1991,405
40740,"Roswell, NM",2023-05-01,13,30,6,1,50,2041,418
40740,"Roswell, NM",2023-06-01,21,37,12,0,70,2111,439
40740,"Roswell, NM",2023-07-01,13,35,12,0,60,2171,452
40740,"Roswell, NM",2023-08-01,11,31,8,1,51,2222,463
40740,"Roswell, NM",2023-09-01,13,27,8,2,50,2272,476
40740,"Roswell, NM",2023-10-01,16,20,10,1,47,2319,492
40740,"Roswell, NM",2023-11-01,26,36,15,3,80,2399,518
40740,"Roswell, NM",2023-12-01,21,28,6,1,56,2455,539
40740,"Roswell, NM",2024-01-01,25,33,10,1,69,2524,564
40740,"Roswell, NM",2024-02-01,26,34,15,0,75,2599,590
40740,"Roswell, NM",2024-03-01,30,32,7,1,70,2669,620
40740,"Roswell, NM",2024-04-01,23,31,12,1,67,2736,643
40740,"Roswell, NM",2024-05-01,10,32,9,0,51,2787,653
40740,"Roswell, NM",2024-06-01,9,21,6,0,36,2823,662
40740,"Roswell, NM",2024-07-01,7,16,6,1,30,2853,669
40740,"Roswell, NM",2024-08-01,1,10,3,1,15,2868,670
40740,"Roswell, NM",2024-09-01,19,22,3,2,46,2914,689
40740,"Roswell, NM",2024-10-01,18,26,4,0,48,2962,707
40740,"Roswell, NM",2024-11-01,26,33,20,1,80,3042,733
40740,"Roswell, NM",2024-12-01,18,30,10,1,59,3101,751
40740,"Roswell, NM",2025-01-01,15,38,16,3,72,3173,766
40740,"Roswell, NM",2025-02-01,22,19,7,1,49,3222,788
40740,"Roswell, NM",2025-03-01,20,37,10,1,68,3290,808
40740,"Roswell, NM",2025-04-01,20,28,6,2,56,3346,828
40740,"Roswell, NM",2025-05-01,12,18,10,2,42,3388,840
40740,"Roswell, NM",2025-06-01,5,10,4,0,19,3407,845
40740,"Roswell, NM",2025-07-01,10,14,2,0,26,3433,855
40740,"Roswell, NM",2025-08-01,8,22,3,0,33,3466,863
28020,"Kalamazoo-Portage, MI",2019-01-01,1,22,6,0,29,29,1
28020,"Kalamazoo-Portage, MI",2019-02-01,3,50,11,2,66,95,4
28020,"Kalamazoo-Portage, MI",2019-03-01,3,72,8,0,83,178,7
28020,"Kalamazoo-Portage, MI",2019-04-01,2,61,8,0,71,249,9
28020,"Kalamazoo-Portage, MI",2019-05-01,4,69,10,1,84,333,13
28020,"Kalamazoo-Portage, MI",2019-06-01,2,53,5,0,60,393,15
28020,"Kalamazoo-Portage, MI",2019-07-01,2,39,7,1,49,442,17
28020,"Kalamazoo-Portage, MI",2019-08-01,5,39,7,2,53,495,22
28020,"Kalamazoo-Portage, MI",2019-09-01,5,53,11,0,69,564,27
28020,"Kalamazoo-Portage, MI",2019-10-01,9,58,8,3,78,642,36
28020,"Kalamazoo-Portage, MI",2019-11-01,16,66,8,1,91,733,52
28020,"Kalamazoo-Portage, MI",2019-12-01,11,53,12,1,77,810,63
28020,"Kalamazoo-Portage, MI",2020-01-01,8,64,13,3,88,898,71
28020,"Kalamazoo-Portage, MI",2020-02-01,14,83,10,1,108,1006,85
28020,"Kalamazoo-Portage, MI",2020-03-01,18,101,16,1,136,1142,103
28020,"Kalamazoo-Portage, MI",2020-04-01,74,198,39,5,316,1458,177
28020,"Kalamazoo-Portage, MI",2020-05-01,112,258,25,3,398,1856,289
28020,"Kalamazoo-Portage, MI",2020-06-01,96,217,30,0,343,2199,385
28020,"Kalamazoo-Portage, MI",2020-07-01,96,291,30,3,420,2619,481
28020,"Kalamazoo-Portage, MI",2020-08-01,93,284,30,6,413,3032,574
28020,"Kalamazoo-Portage, MI",2020-09-01,95,198,35,2,330,3362,669
28020,"Kalamazoo-Portage, MI",2020-10-01,91,244,40,7,382,3744,760
28020,"Kalamazoo-Portage, MI",2020-11-01,42,160,23,2,227,3971,802
28020,"Kalamazoo-Portage, MI",2020-12-01,44,98,6,2,150,4121,846
28020,"Kalamazoo-Portage, MI",2021-01-01,91,204,27,4,326,4447,937
28020,"Kalamazoo-Portage, MI",2021-02-01,97,211,44,5,357,4804,1034
28020,"Kalamazoo-Portage, MI",2021-03-01,116,213,46,1,376,5180,1150
28020,"Kalamazoo-Portage, MI",2021-04-01,84,228,41,7,360,5540,1234
28020,"Kalamazoo-Portage, MI",2021-05-01,78,184,25,3,290,5830,1312
28020,"Kalamazoo-Portage, MI",2021-06-01,108,293,41,8,450,6280,1420
28020,"Kalamazoo-Portage, MI",2021-07-01,92,296,50,6,444,6724,1512
28020,"Kalamazoo-Portage, MI",2021-08-01,90,243,48,4,385,7109,1602
28020,"Kalamazoo-Portage, MI",2021-09-01,69,222,45,4,340,7449,1671
28020,"Kalamazoo-Portage, MI",2021-10-01,41,114,23,1,179,7628,1712
28020,"Kalamazoo-Portage, MI",2021-11-01,59,124,17,3,203,7831,1771
28020,"Kalamazoo-Portage, MI",2021-12-01,125,206,33,3,367,8198,1896
28020,"Kalamazoo-Portage, MI",2022-01-01,111,255,44,0,410,8608,2007
28020,"Kalamazoo-Portage, MI",2022-02-01,160,279,68,4,511,9119,2167
28020,"Kalamazoo-Portage, MI",2022-03-01,112,254,60,6,432,9551,2279
28020,"Kalamazoo-Portage, MI",2022-04-01,72,194,40,2,308,9859,2351
28020,"Kalamazoo-Portage, MI",2022-05-01,113,203,41,6,363,10222,2464
28020,"Kalamazoo-Portage, MI",2022-06-01,55,110,16,3,184,10406,2519
28020,"Kalamazoo-Portage, MI",2022-07-01,61,85,40,1,187,10593,2580
28020,"Kalamazoo-Portage, MI",2022-08-01,77,146,44,8,275,10868,2657
28020,"Kalamazoo-Portage, MI",2022-09-01,87,150,39,6,282,11150,2744
28020,"Kalamazoo-Portage, MI",2022-10-01,85,140,32,6,263,11413,2829
28020,"Kalamazoo-Portage, MI",2022-11-01,103,193,49,7,352,11765,2932
28020,"Kalamazoo-Portage, MI",2022-12-01,131,190,54,5,380,12145,3063
28020,"Kalamazoo-Portage, MI",2023-01-01,137,204,55,4,400,12545,3200
28020,"Kalamazoo-Portage, MI",2023-02-01,139,189,40,5,373,12918,3339
28020,"Kalamazoo-Portage, MI",2023-03-01,161,235,55,8,459,13377,3500
28020,"Kalamazoo-Portage, MI",2023-04-01,85,159,48,5,297,13674,3585
28020,"Kalamazoo-Portage, MI",2023-05-01,62,95,24,2,183,13857,3647
28020,"Kalamazoo-Portage, MI",2023-06-01,75,106,26,3,210,14067,3722
28020,"Kalamazoo-Portage, MI",2023-07-01,63,114,28,3,208,14275,3785
28020,"Kalamazoo-Portage, MI",2023-08-01,95,153,30,4,282,14557,3880
28020,"Kalamazoo-Portage, MI",2023-09-01,115,169,51,9,344,14901,3995
28020,"Kalamazoo-Portage, MI",2023-10-01,114,206,50,5,375,15276,4109
28020,"Kalamazoo-Portage, MI",2023-11-01,118,180,59,4,361,15637,4227
28020,"Kalamazoo-Portage, MI",2023-12-01,151,173,72,5,401,16038,4378
28020,"Kalamazoo-Portage, MI",2024-01-01,134,154,46,4,338,16376,4512
28020,"Kalamazoo-Portage, MI",2024-02-01,175,152,46,6,379,16755,4687
28020,"Kalamazoo-Portage, MI",2024-03-01,165,140,56,6,367,17122,4852
28020,"Kalamazoo-Portage, MI",2024-04-01,126,128,48,1,303,17425,4978
28020,"Kalamazoo-Portage, MI",2024-05-01,129,128,33,4,294,17719,5107
28020,"Kalamazoo-Portage, MI",2024-06-01,80,101,37,5,223,17942,5187
28020,"Kalamazoo-Portage, MI",2024-07-01,87,105,32,1,225,18167,5274
28020,"Kalamazoo-Portage, MI",2024-08-01,91,104,20,2,217,18384,5365
28020,"Kalamazoo-Portage, MI",2024-09-01,73,63,27,4,167,18551,5438
28020,"Kalamazoo-Portage, MI",2024-10-01,139,182,59,13,393,18944,5577
28020,"Kalamazoo-Portage, MI",2024-11-01,193,168,46,7,414,19358,5770
28020,"Kalamazoo-Portage, MI",2024-12-01,169,176,48,3,396,19754,5939
28020,"Kalamazoo-Portage, MI",2025-01-01,169,159,51,6,385,20139,6108
28020,"Kalamazoo-Portage, MI",2025-02-01,153,152,39,2,346,20485,6261
28020,"Kalamazoo-Portage, MI",2025-03-01,193,150,58,6,407,20892,6454
28020,"Kalamazoo-Portage, MI",2025-04-01,184,177,49,6,416,21308,6638
28020,"Kalamazoo-Portage, MI",2025-05-01,212,180,51,6,449,21757,6850
28020,"Kalamazoo-Portage, MI",2025-06-01,165,166,31,2,364,22121,7015
28020,"Kalamazoo-Portage, MI",2025-07-01,139,155,33,3,330,22451,7154
28020,"Kalamazoo-Portage, MI",2025-08-01,123,137,39,5,304,22755,7277
28020,"Kalamazoo-Portage, MI",2025-09-01,4,6,1,0,11,22766,7281
10420,"Akron, OH",2019-01-01,4,163,44,2,213,213,4
10420,"Akron, OH",2019-02-01,6,212,54,3,275,488,10
10420,"Akron, OH",2019-03-01,11,272,58,2,343,831,21
10420,"Akron, OH",2019-04-01,9,264,61,4,338,1169,30
10420,"Akron, OH",2019-05-01,8,257,46,4,315,1484,38
10420,"Akron, OH",2019-06-01,8,139,33,1,181,1665,46
10420,"Akron, OH",2019-07-01,21,237,43,5,306,1971,67
10420,"Akron, OH",2019-08-01,21,230,61,2,314,2285,88
10420,"Akron, OH",2019-09-01,14,175,49,5,243,2528,102
10420,"Akron, OH",2019-10-01,18,146,29,1,194,2722,120
10420,"Akron, OH",2019-11-01,30,170,43,8,251,2973,150
10420,"Akron, OH",2019-12-01,43,226,43,1,313,3286,193
10420,"Akron, OH",2020-01-01,44,211,50,3,308,3594,237
10420,"Akron, OH",2020-02-01,55,225,57,11,348,3942,292
10420,"Akron, OH",2020-03-01,70,232,84,9,395,4337,362
10420,"Akron, OH",2020-04-01,204,644,149,12,1009,5346,566
10420,"Akron, OH",2020-05-01,434,940,158,20,1552,6898,1000
10420,"Akron, OH",2020-06-01,266,710,111,14,1101,7999,1266
10420,"Akron, OH",2020-07-01,284,745,122,14,1165,9164,1550
10420,"Akron, OH",2020-08-01,219,717,140,9,1085,10249,1769
10420,"Akron, OH",2020-09-01,201,603,118,15,937,11186,1970
10420,"Akron, OH",2020-10-01,180,593,139,20,932,12118,2150
10420,"Akron, OH",2020-11-01,140,394,80,12,626,12744,2290
10420,"Akron, OH",2020-12-01,293,660,138,17,1108,13852,2583
10420,"Akron, OH",2021-01-01,358,747,172,23,1300,15152,2941
10420,"Akron, OH",2021-02-01,199,585,160,10,954,16106,3140
10420,"Akron, OH",2021-03-01,241,540,132,19,932,17038,3381
10420,"Akron, OH",2021-04-01,262,652,137,15,1066,18104,3643
10420,"Akron, OH",2021-05-01,301,796,187,29,1313,19417,3944
10420,"Akron, OH",2021-06-01,270,763,188,22,1243,20660,4214
10420,"Akron, OH",2021-07-01,226,751,184,28,1189,21849,4440
10420,"Akron, OH",2021-08-01,173,558,143,22,896,22745,4613
10420,"Akron, OH",2021-09-01,181,607,196,23,1007,23752,4794
10420,"Akron, OH",2021-10-01,171,618,172,23,984,24736,4965
10420,"Akron, OH",2021-11-01,200,575,172,20,967,25703,5165
10420,"Akron, OH",2021-12-01,289,600,160,18,1067,26770,5454
10420,"Akron, OH",2022-01-01,250,609,185,15,1059,27829,5704
10420,"Akron, OH",2022-02-01,233,434,117,19,803,28632,5937
10420,"Akron, OH",2022-03-01,227,480,155,19,881,29513,6164
10420,"Akron, OH",2022-04-01,204,526,157,18,905,30418,6368
10420,"Akron, OH",2022-05-01,221,464,132,20,837,31255,6589
10420,"Akron, OH",2022-06-01,126,241,69,13,449,31704,6715
10420,"Akron, OH",2022-07-01,154,312,102,5,573,32277,6869
10420,"Akron, OH",2022-08-01,155,267,99,9,530,32807,7024
10420,"Akron, OH",2022-09-01,181,333,105,16,635,33442,7205
10420,"Akron, OH",2022-10-01,198,336,108,7,649,34091,7403
10420,"Akron, OH",2022-11-01,201,313,123,9,646,34737,7604
10420,"Akron, OH",2022-12-01,224,310,114,11,659,35396,7828
10420,"Akron, OH",2023-01-01,255,367,119,9,750,36146,8083
10420,"Akron, OH",2023-02-01,235,279,130,13,657,36803,8318
10420,"Akron, OH",2023-03-01,263,370,160,15,808,37611,8581
10420,"Akron, OH",2023-04-01,225,338,90,19,672,38283,8806
10420,"Akron, OH",2023-05-01,164,241,75,9,489,38772,8970
10420,"Akron, OH",2023-06-01,82,133,32,4,251,39023,9052
10420,"Akron, OH",2023-07-01,131,231,78,10,450,39473,9183
10420,"Akron, OH",2023-08-01,223,311,117,13,664,40137,9406
10420,"Akron, OH",2023-09-01,202,346,123,12,683,40820,9608
10420,"Akron, OH",2023-10-01,259,381,102,17,759,41579,9867
10420,"Akron, OH",2023-11-01,273,316,117,19,725,42304,10140
10420,"Akron, OH",2023-12-01,263,323,107,16,709,43013,10403
10420,"Akron, OH",2024-01-01,299,344,117,15,775,43788,10702
10420,"Akron, OH",2024-02-01,280,264,119,16,679,44467,10982
10420,"Akron, OH",2024-03-01,309,327,125,22,783,45250,11291
10420,"Akron, OH",2024-04-01,265,280,81,13,639,45889,11556
10420,"Akron, OH",2024-05-01,324,310,117,13,764,46653,11880
10420,"Akron, OH",2024-06-01,262,325,120,16,723,47376,12142
10420,"Akron, OH",2024-07-01,306,325,91,19,741,48117,12448
10420,"Akron, OH",2024-08-01,282,384,127,14,807,48924,12730
10420,"Akron, OH",2024-09-01,255,334,130,16,735,49659,12985
10420,"Akron, OH",2024-10-01,245,336,119,9,709,50368,13230
10420,"Akron, OH",2024-11-01,281,286,132,8,707,51075,13511
10420,"Akron, OH",2024-12-01,336,287,105,18,746,51821,13847
10420,"Akron, OH",2025-01-01,311,317,124,15,767,52588,14158
10420,"Akron, OH",2025-02-01,282,248,79,8,617,53205,14440
10420,"Akron, OH",2025-03-01,313,238,98,11,660,53865,14753
10420,"Akron, OH",2025-04-01,321,283,102,11,717,54582,15074
10420,"Akron, OH",2025-05-01,371,314,126,20,831,55413,15445
10420,"Akron, OH",2025-06-01,314,280,86,16,696,56109,15759
10420,"Akron, OH",2025-07-01,258,277,89,11,635,56744,16017
10420,"Akron, OH",2025-08-01,205,226,74,16,521,57265,16222
10420,"Akron, OH",2025-09-01,7,3,0,0,10,57275,16229
22190,"Fayetteville, TN",2019-01-01,1,1,0,0,2,2,1
22190,"Fayetteville, TN",2019-03-01,0,2,0,0,2,4,1
22190,"Fayetteville, TN",2019-04-01,0,4,0,0,4,8,1
22190,"Fayetteville, TN",2019-05-01,0,2,0,0,2,10,1
22190,"Fayetteville, TN",2019-07-01,0,1,0,0,1,11,1
22190,"Fayetteville, TN",2019-08-01,0,2,0,0,2,13,1
22190,"Fayetteville, TN",2019-09-01,1,2,2,0,5,18,2
22190,"Fayetteville, TN",2019-10-01,0,2,2,0,4,22,2
22190,"Fayetteville, TN",2019-11-01,0,1,2,0,3,25,2
22190,"Fayetteville, TN",2019-12-01,0,4,1,0,5,30,2
22190,"Fayetteville, TN",2020-01-01,0,2,0,0,2,32,2
22190,"Fayetteville, TN",2020-02-01,1,1,1,0,3,35,3
22190,"Fayetteville, TN",2020-03-01,0,3,2,0,5,40,3
22190,"Fayetteville, TN",2020-04-01,0,3,1,0,4,44,3
22190,"Fayetteville, TN",2020-05-01,1,7,2,0,10,54,4
22190,"Fayetteville, TN",2020-06-01,1,5,0,0,6,60,5
22190,"Fayetteville, TN",2020-07-01,0,6,1,0,7,67,5
22190,"Fayetteville, TN",2020-08-01,1,8,3,0,12,79,6
22190,"Fayetteville, TN",2020-09-01,0,10,3,0,13,92,6
22190,"Fayetteville, TN",2020-10-01,0,9,5,0,14,106,6
22190,"Fayetteville, TN",2020-11-01,1,4,2,0,7,113,7
22190,"Fayetteville, TN",2020-12-01,0,7,1,0,8,121,7
22190,"Fayetteville, TN",2021-01-01,4,5,3,0,12,133,11
22190,"Fayetteville, TN",2021-02-01,1,9,4,0,14,147,12
22190,"Fayetteville, TN",2021-03-01,5,13,3,1,22,169,17
22190,"Fayetteville, TN",2021-04-01,6,28,3,1,38,207,23
22190,"Fayetteville, TN",2021-05-01,8,20,6,0,34,241,31
22190,"Fayetteville, TN",2021-06-01,5,27,8,1,41,282,36
22190,"Fayetteville, TN",2021-07-01,5,20,9,1,35,317,41
22190,"Fayetteville, TN",2021-08-01,3,23,7,0,33,350,44
22190,"Fayetteville, TN",2021-09-01,11,30,6,1,48,398,55
22190,"Fayetteville, TN",2021-10-01,8,18,6,1,33,431,63
22190,"Fayetteville, TN",2021-11-01,4,26,10,0,40,471,67
22190,"Fayetteville, TN",2021-12-01,9,36,5,0,50,521,76
22190,"Fayetteville, TN",2022-01-01,16,35,15,0,66,587,92
22190,"Fayetteville, TN",2022-02-01,9,29,10,2,50,637,101
22190,"Fayetteville, TN",2022-03-01,5,41,11,1,58,695,106
22190,"Fayetteville, TN",2022-04-01,12,36,5,0,53,748,118
22190,"Fayetteville, TN",2022-05-01,10,30,7,1,48,796,128
22190,"Fayetteville, TN",2022-06-01,9,32,6,2,49,845,137
22190,"Fayetteville, TN",2022-07-01,10,31,9,0,50,895,147
22190,"Fayetteville, TN",2022-08-01,16,30,9,1,56,951,163
22190,"Fayetteville, TN",2022-09-01,13,23,11,1,48,999,176
22190,"Fayetteville, TN",2022-10-01,8,26,13,1,48,1047,184
22190,"Fayetteville, TN",2022-11-01,13,25,7,1,46,1093,197
22190,"Fayetteville, TN",2022-12-01,11,21,9,1,42,1135,208
22190,"Fayetteville, TN",2023-01-01,8,27,7,1,43,1178,216
22190,"Fayetteville, TN",2023-02-01,9,33,8,1,51,1229,225
22190,"Fayetteville, TN",2023-03-01,15,27,7,0,49,1278,240
22190,"Fayetteville, TN",2023-04-01,5,18,9,1,33,1311,245
22190,"Fayetteville, TN",2023-05-01,14,17,4,0,35,1346,259
22190,"Fayetteville, TN",2023-06-01,14,26,6,0,46,1392,273
22190,"Fayetteville, TN",2023-07-01,11,16,12,2,41,1433,284
22190,"Fayetteville, TN",2023-08-01,9,18,10,1,38,1471,293
22190,"Fayetteville, TN",2023-09-01,9,23,6,0,38,1509,302
22190,"Fayetteville, TN",2023-10-01,21,23,9,1,54,1563,323
22190,"Fayetteville, TN",2023-11-01,17,23,4,0,44,1607,340
22190,"Fayetteville, TN",2023-12-01,18,16,4,0,38,1645,358
22190,"Fayetteville, TN",2024-01-01,10,28,5,2,45,1690,368
22190,"Fayetteville, TN",2024-02-01,22,23,6,0,51,1741,390
22190,"Fayetteville, TN",2024-03-01,13,29,4,0,46,1787,403
22190,"Fayetteville, TN",2024-04-01,17,22,9,0,48,1835,420
22190,"Fayetteville, TN",2024-05-01,18,30,8,1,57,1892,438
22190,"Fayetteville, TN",2024-06-01,21,32,11,2,66,1958,459
22190,"Fayetteville, TN",2024-07-01,11,26,7,0,44,2002,470
22190,"Fayetteville, TN",2024-08-01,14,23,8,2,47,2049,484
22190,"Fayetteville, TN",2024-09-01,14,13,8,1,36,2085,498
22190,"Fayetteville, TN",2024-10-01,23,14,5,1,43,2128,521
22190,"Fayetteville, TN",2024-11-01,18,24,14,1,57,2185,539
22190,"Fayetteville, TN",2024-12-01,15,17,9,1,42,2227,554
22190,"Fayetteville, TN",2025-01-01,22,10,3,0,35,2262,576
22190,"Fayetteville, TN",2025-02-01,14,18,6,1,39,2301,590
22190,"Fayetteville, TN",2025-03-01,19,17,7,1,44,2345,609
22190,"Fayetteville, TN",2025-04-01,18,18,5,2,43,2388,627
22190,"Fayetteville, TN",2025-05-01,8,13,7,0,28,2416,635
22190,"Fayetteville, TN",2025-06-01,20,11,3,2,36,2452,655
22190,"Fayetteville, TN",2025-07-01,12,22,5,1,40,2492,667
22190,"Fayetteville, TN",2025-08-01,11,13,7,1,32,2524,678
45940,"Trenton-Princeton, NJ",2019-01-01,4,96,24,1,125,125,4
45940,"Trenton-Princeton, NJ",2019-02-01,7,94,15,4,120,245,11
45940,"Trenton-Princeton, NJ",2019-03-01,8,119,28,1,156,401,19
45940,"Trenton-Princeton, NJ",2019-04-01,8,97,40,0,145,546,27
45940,"Trenton-Princeton, NJ",2019-05-01,13,134,16,1,164,710,40
45940,"Trenton-Princeton, NJ",2019-06-01,9,83,20,2,114,824,49
45940,"Trenton-Princeton, NJ",2019-07-01,24,148,30,4,206,1030,73
45940,"Trenton-Princeton, NJ",2019-08-01,17,141,28,4,190,1220,90
45940,"Trenton-Princeton, NJ",2019-09-01,15,116,39,3,173,1393,105
45940,"Trenton-Princeton, NJ",2019-10-01,8,88,28,2,126,1519,113
45940,"Trenton-Princeton, NJ",2019-11-01,10,78,20,2,110,1629,123
45940,"Trenton-Princeton, NJ",2019-12-01,9,67,20,0,96,1725,132
45940,"Trenton-Princeton, NJ",2020-01-01,18,127,38,3,186,1911,150
45940,"Trenton-Princeton, NJ",2020-02-01,20,118,20,1,159,2070,170
45940,"Trenton-Princeton, NJ",2020-03-01,16,106,29,1,152,2222,186
45940,"Trenton-Princeton, NJ",2020-04-01,62,251,80,12,405,2627,248
45940,"Trenton-Princeton, NJ",2020-05-01,138,306,86,6,536,3163,386
45940,"Trenton-Princeton, NJ",2020-06-01,142,303,74,6,525,3688,528
45940,"Trenton-Princeton, NJ",2020-07-01,186,424,107,15,732,4420,714
45940,"Trenton-Princeton, NJ",2020-08-01,134,467,114,14,729,5149,848
45940,"Trenton-Princeton, NJ",2020-09-01,127,393,86,11,617,5766,975
45940,"Trenton-Princeton, NJ",2020-10-01,89,307,77,10,483,6249,1064
45940,"Trenton-Princeton, NJ",2020-11-01,84,270,82,4,440,6689,1148
45940,"Trenton-Princeton, NJ",2020-12-01,150,264,63,10,487,7176,1298
45940,"Trenton-Princeton, NJ",2021-01-01,121,268,74,9,472,7648,1419
45940,"Trenton-Princeton, NJ",2021-02-01,116,315,79,12,522,8170,1535
45940,"Trenton-Princeton, NJ",2021-03-01,162,366,119,9,656,8826,1697
45940,"Trenton-Princeton, NJ",2021-04-01,132,382,107,11,632,9458,1829
45940,"Trenton-Princeton, NJ",2021-05-01,242,465,123,9,839,10297,2071
45940,"Trenton-Princeton, NJ",2021-06-01,226,481,108,15,830,11127,2297
45940,"Trenton-Princeton, NJ",2021-07-01,163,445,109,16,733,11860,2460
45940,"Trenton-Princeton, NJ",2021-08-01,127,462,126,10,725,12585,2587
45940,"Trenton-Princeton, NJ",2021-09-01,112,513,140,17,782,13367,2699
45940,"Trenton-Princeton, NJ",2021-10-01,101,398,117,13,629,13996,2800
45940,"Trenton-Princeton, NJ",2021-11-01,122,390,105,14,631,14627,2922
45940,"Trenton-Princeton, NJ",2021-12-01,228,435,115,17,795,15422,3150
45940,"Trenton-Princeton, NJ",2022-01-01,184,537,168,16,905,16327,3334
45940,"Trenton-Princeton, NJ",2022-02-01,80,252,92,8,432,16759,3414
45940,"Trenton-Princeton, NJ",2022-03-01,151,376,113,14,654,17413,3565
45940,"Trenton-Princeton, NJ",2022-04-01,116,318,85,5,524,17937,3681
45940,"Trenton-Princeton, NJ",2022-05-01,212,406,102,8,728,18665,3893
45940,"Trenton-Princeton, NJ",2022-06-01,148,308,95,5,556,19221,4041
45940,"Trenton-Princeton, NJ",2022-07-01,152,322,102,14,590,19811,4193
45940,"Trenton-Princeton, NJ",2022-08-01,69,202,49,5,325,20136,4262
45940,"Trenton-Princeton, NJ",2022-09-01,77,300,104,10,491,20627,4339
45940,"Trenton-Princeton, NJ",2022-10-01,147,379,120,8,654,21281,4486
45940,"Trenton-Princeton, NJ",2022-11-01,146,353,138,8,645,21926,4632
45940,"Trenton-Princeton, NJ",2022-12-01,227,344,131,16,718,22644,4859
45940,"Trenton-Princeton, NJ",2023-01-01,190,374,150,10,724,23368,5049
45940,"Trenton-Princeton, NJ",2023-02-01,87,261,86,10,444,23812,5136
45940,"Trenton-Princeton, NJ",2023-03-01,155,356,99,7,617,24429,5291
45940,"Trenton-Princeton, NJ",2023-04-01,132,314,98,13,557,24986,5423
45940,"Trenton-Princeton, NJ",2023-05-01,80,196,59,3,338,25324,5503
45940,"Trenton-Princeton, NJ",2023-06-01,66,158,50,4,278,25602,5569
45940,"Trenton-Princeton, NJ",2023-07-01,61,158,44,2,265,25867,5630
45940,"Trenton-Princeton, NJ",2023-08-01,55,192,44,2,293,26160,5685
45940,"Trenton-Princeton, NJ",2023-09-01,106,393,130,8,637,26797,5791
45940,"Trenton-Princeton, NJ",2023-10-01,114,452,132,14,712,27509,5905
45940,"Trenton-Princeton, NJ",2023-11-01,109,421,130,12,672,28181,6014
45940,"Trenton-Princeton, NJ",2023-12-01,115,386,137,12,650,28831,6129
45940,"Trenton-Princeton, NJ",2024-01-01,142,468,143,14,767,29598,6271
45940,"Trenton-Princeton, NJ",2024-02-01,107,403,134,10,654,30252,6378
45940,"Trenton-Princeton, NJ",2024-03-01,117,443,139,17,716,30968,6495
45940,"Trenton-Princeton, NJ",2024-04-01,102,312,109,5,528,31496,6597
45940,"Trenton-Princeton, NJ",2024-05-01,136,359,111,5,611,32107,6733
45940,"Trenton-Princeton, NJ",2024-06-01,141,355,122,12,630,32737,6874
45940,"Trenton-Princeton, NJ",2024-07-01,138,460,143,13,754,33491,7012
45940,"Trenton-Princeton, NJ",2024-08-01,89,397,135,18,639,34130,7101
45940,"Trenton-Princeton, NJ",2024-09-01,88,306,82,15,491,34621,7189
45940,"Trenton-Princeton, NJ",2024-10-01,107,383,121,6,617,35238,7296
45940,"Trenton-Princeton, NJ",2024-11-01,84,307,88,7,486,35724,7380
45940,"Trenton-Princeton, NJ",2024-12-01,146,310,68,5,529,36253,7526
45940,"Trenton-Princeton, NJ",2025-01-01,143,402,131,7,683,36936,7669
45940,"Trenton-Princeton, NJ",2025-02-01,109,352,79,9,549,37485,7778
45940,"Trenton-Princeton, NJ",2025-03-01,117,320,97,11,545,38030,7895
45940,"Trenton-Princeton, NJ",2025-04-01,130,339,98,4,571,38601,8025
45940,"Trenton-Princeton, NJ",2025-05-01,157,316,84,11,568,39169,8182
45940,"Trenton-Princeton, NJ",2025-06-01,150,285,84,6,525,39694,8332
45940,"Trenton-Princeton, NJ",2025-07-01,135,252,81,6,474,40168,8467
45940,"Trenton-Princeton, NJ",2025-08-01,113,228,62,4,407,40575,8580
45940,"Trenton-Princeton, NJ",2025-09-01,2,5,1,0,8,40583,8582
48700,"Williamsport, PA",2019-01-01,0,3,1,0,4,4,0
48700,"Williamsport, PA",2019-02-01,0,4,0,0,4,8,0
48700,"Williamsport, PA",2019-03-01,1,3,0,0,4,12,1
48700,"Williamsport, PA",2019-04-01,0,16,10,1,27,39,1
48700,"Williamsport, PA",2019-05-01,0,15,5,1,21,60,1
48700,"Williamsport, PA",2019-06-01,1,14,3,2,20,80,2
48700,"Williamsport, PA",2019-07-01,0,10,4,0,14,94,2
48700,"Williamsport, PA",2019-08-01,5,13,2,0,20,114,7
48700,"Williamsport, PA",2019-09-01,0,14,1,0,15,129,7
48700,"Williamsport, PA",2019-10-01,1,12,1,0,14,143,8
48700,"Williamsport, PA",2019-11-01,1,14,1,0,16,159,9
48700,"Williamsport, PA",2019-12-01,0,19,4,0,23,182,9
48700,"Williamsport, PA",2020-01-01,1,20,2,0,23,205,10
48700,"Williamsport, PA",2020-02-01,3,15,3,1,22,227,13
48700,"Williamsport, PA",2020-03-01,8,15,3,0,26,253,21
48700,"Williamsport, PA",2020-04-01,16,45,11,2,74,327,37
48700,"Williamsport, PA",2020-05-01,26,41,13,2,82,409,63
48700,"Williamsport, PA",2020-06-01,19,28,8,2,57,466,82
48700,"Williamsport, PA",2020-07-01,19,57,7,0,83,549,101
48700,"Williamsport, PA",2020-08-01,11,59,12,0,82,631,112
48700,"Williamsport, PA",2020-09-01,26,44,6,1,77,708,138
48700,"Williamsport, PA",2020-10-01,21,34,5,1,61,769,159
48700,"Williamsport, PA",2020-11-01,10,26,8,0,44,813,169
48700,"Williamsport, PA",2020-12-01,13,30,4,2,49,862,182
48700,"Williamsport, PA",2021-01-01,24,37,8,4,73,935,206
48700,"Williamsport, PA",2021-02-01,42,52,6,0,100,1035,248
48700,"Williamsport, PA",2021-03-01,30,55,8,1,94,1129,278
48700,"Williamsport, PA",2021-04-01,20,36,5,3,64,1193,298
48700,"Williamsport, PA",2021-05-01,47,76,14,2,139,1332,345
48700,"Williamsport, PA",2021-06-01,24,43,12,0,79,1411,369
48700,"Williamsport, PA",2021-07-01,18,49,12,0,79,1490,387
48700,"Williamsport, PA",2021-08-01,24,38,9,3,74,1564,411
48700,"Williamsport, PA",2021-09-01,19,38,10,2,69,1633,430
48700,"Williamsport, PA",2021-10-01,16,40,10,1,67,1700,446
48700,"Williamsport, PA",2021-11-01,13,33,9,1,56,1756,459
48700,"Williamsport, PA",2021-12-01,31,37,13,2,83,1839,490
48700,"Williamsport, PA",2022-01-01,29,57,9,4,99,1938,519
48700,"Williamsport, PA",2022-02-01,25,33,6,0,64,2002,544
48700,"Williamsport, PA",2022-03-01,23,26,12,1,62,2064,567
48700,"Williamsport, PA",2022-04-01,33,42,7,0,82,2146,600
48700,"Williamsport, PA",2022-05-01,22,28,7,0,57,2203,622
48700,"Williamsport, PA",2022-06-01,28,27,7,0,62,2265,650
48700,"Williamsport, PA",2022-07-01,18,28,9,0,55,2320,668
48700,"Williamsport, PA",2022-08-01,28,23,4,0,55,2375,696
48700,"Williamsport, PA",2022-09-01,29,38,11,1,79,2454,725
48700,"Williamsport, PA",2022-10-01,15,36,5,1,57,2511,740
48700,"Williamsport, PA",2022-11-01,32,32,6,1,71,2582,772
48700,"Williamsport, PA",2022-12-01,49,32,9,0,90,2672,821
48700,"Williamsport, PA",2023-01-01,39,37,12,1,89,2761,860
48700,"Williamsport, PA",2023-02-01,34,38,13,3,88,2849,894
48700,"Williamsport, PA",2023-03-01,43,42,18,1,104,2953,937
48700,"Williamsport, PA",2023-04-01,23,35,11,0,69,3022,960
48700,"Williamsport, PA",2023-05-01,18,14,7,2,41,3063,978
48700,"Williamsport, PA",2023-06-01,18,25,7,0,50,3113,996
48700,"Williamsport, PA",2023-07-01,21,33,3,1,58,3171,1017
48700,"Williamsport, PA",2023-08-01,27,30,6,0,63,3234,1044
48700,"Williamsport, PA",2023-09-01,20,28,12,1,61,3295,1064
48700,"Williamsport, PA",2023-10-01,24,37,15,0,76,3371,1088
48700,"Williamsport, PA",2023-11-01,39,46,14,3,102,3473,1127
48700,"Williamsport, PA",2023-12-01,46,43,18,0,107,3580,1173
48700,"Williamsport, PA",2024-01-01,47,40,20,0,107,3687,1220
48700,"Williamsport, PA",2024-02-01,50,35,11,0,96,3783,1270
48700,"Williamsport, PA",2024-03-01,52,45,5,4,106,3889,1322
48700,"Williamsport, PA",2024-04-01,45,32,18,0,95,3984,1367
48700,"Williamsport, PA",2024-05-01,39,30,7,1,77,4061,1406
48700,"Williamsport, PA",2024-06-01,33,39,15,1,88,4149,1439
48700,"Williamsport, PA",2024-07-01,26,38,8,1,73,4222,1465
48700,"Williamsport, PA",2024-08-01,14,21,5,0,40,4262,1479
48700,"Williamsport, PA",2024-09-01,41,33,9,0,83,4345,1520
48700,"Williamsport, PA",2024-10-01,45,45,16,0,106,4451,1565
48700,"Williamsport, PA",2024-11-01,67,42,17,2,128,4579,1632
48700,"Williamsport, PA",2024-12-01,56,33,10,1,100,4679,1688
48700,"Williamsport, PA",2025-01-01,48,36,18,1,103,4782,1736
48700,"Williamsport, PA",2025-02-01,40,41,10,1,92,4874,1776
48700,"Williamsport, PA",2025-03-01,46,28,7,2,83,4957,1822
48700,"Williamsport, PA",2025-04-01,45,25,12,0,82,5039,1867
48700,"Williamsport, PA",2025-05-01,39,42,11,1,93,5132,1906
48700,"Williamsport, PA",2025-06-01,38,29,12,3,82,5214,1944
48700,"Williamsport, PA",2025-07-01,37,35,12,0,84,5298,1981
48700,"Williamsport, PA",2025-08-01,41,34,13,1,89,5387,2022
18020,"Columbus, IN",2019-01-01,0,7,2,0,9,9,0
18020,"Columbus, IN",2019-02-01,1,9,4,0,14,23,1
18020,"Columbus, IN",2019-03-01,0,14,8,1,23,46,1
18020,"Columbus, IN",2019-04-01,1,29,9,0,39,85,2
18020,"Columbus, IN",2019-05-01,3,39,14,0,56,141,5
18020,"Columbus, IN",2019-06-01,1,28,18,1,48,189,6
18020,"Columbus, IN",2019-07-01,2,18,7,0,27,216,8
18020,"Columbus, IN",2019-08-01,0,12,6,0,18,234,8
18020,"Columbus, IN",2019-09-01,6,26,7,1,40,274,14
18020,"Columbus, IN",2019-10-01,5,31,7,1,44,318,19
18020,"Columbus, IN",2019-11-01,3,35,13,1,52,370,22
18020,"Columbus, IN",2019-12-01,4,26,7,2,39,409,26
18020,"Columbus, IN",2020-01-01,6,32,9,0,47,456,32
18020,"Columbus, IN",2020-02-01,6,21,2,2,31,487,38
18020,"Columbus, IN",2020-03-01,10,41,14,0,65,552,48
18020,"Columbus, IN",2020-04-01,30,62,12,1,105,657,78
18020,"Columbus, IN",2020-05-01,38,76,16,1,131,788,116
18020,"Columbus, IN",2020-06-01,16,46,8,0,70,858,132
18020,"Columbus, IN",2020-07-01,27,82,11,1,121,979,159
18020,"Columbus, IN",2020-08-01,21,76,19,1,117,1096,180
18020,"Columbus, IN",2020-09-01,19,72,12,0,103,1199,199
18020,"Columbus, IN",2020-10-01,14,50,13,0,77,1276,213
18020,"Columbus, IN",2020-11-01,11,51,11,3,76,1352,224
18020,"Columbus, IN",2020-12-01,21,58,16,4,99,1451,245
18020,"Columbus, IN",2021-01-01,52,104,24,2,182,1633,297
18020,"Columbus, IN",2021-02-01,27,94,17,0,138,1771,324
18020,"Columbus, IN",2021-03-01,41,92,28,0,161,1932,365
18020,"Columbus, IN",2021-04-01,34,105,38,2,179,2111,399
18020,"Columbus, IN",2021-05-01,28,107,19,1,155,2266,427
18020,"Columbus, IN",2021-06-01,45,103,21,2,171,2437,472
18020,"Columbus, IN",2021-07-01,26,105,31,4,166,2603,498
18020,"Columbus, IN",2021-08-01,17,118,33,2,170,2773,515
18020,"Columbus, IN",2021-09-01,19,108,34,4,165,2938,534
18020,"Columbus, IN",2021-10-01,29,92,26,4,151,3089,563
18020,"Columbus, IN",2021-11-01,22,89,24,4,139,3228,585
18020,"Columbus, IN",2021-12-01,38,96,25,5,164,3392,623
18020,"Columbus, IN",2022-01-01,44,130,42,2,218,3610,667
18020,"Columbus, IN",2022-02-01,26,66,24,2,118,3728,693
18020,"Columbus, IN",2022-03-01,32,96,33,0,161,3889,725
18020,"Columbus, IN",2022-04-01,25,78,27,1,131,4020,750
18020,"Columbus, IN",2022-05-01,36,83,16,1,136,4156,786
18020,"Columbus, IN",2022-06-01,19,36,19,0,74,4230,805
18020,"Columbus, IN",2022-07-01,26,48,11,2,87,4317,831
18020,"Columbus, IN",2022-08-01,21,39,14,0,74,4391,852
18020,"Columbus, IN",2022-09-01,27,45,19,2,93,4484,879
18020,"Columbus, IN",2022-10-01,23,60,22,1,106,4590,902
18020,"Columbus, IN",2022-11-01,26,60,18,1,105,4695,928
18020,"Columbus, IN",2022-12-01,30,54,14,5,103,4798,958
18020,"Columbus, IN",2023-01-01,42,55,32,4,133,4931,1000
18020,"Columbus, IN",2023-02-01,42,61,22,0,125,5056,1042
18020,"Columbus, IN",2023-03-01,51,75,15,4,145,5201,1093
18020,"Columbus, IN",2023-04-01,51,56,17,2,126,5327,1144
18020,"Columbus, IN",2023-05-01,43,51,10,2,106,5433,1187
18020,"Columbus, IN",2023-06-01,23,33,12,0,68,5501,1210
18020,"Columbus, IN",2023-07-01,31,23,7,2,63,5564,1241
18020,"Columbus, IN",2023-08-01,17,22,9,0,48,5612,1258
18020,"Columbus, IN",2023-09-01,21,36,12,1,70,5682,1279
18020,"Columbus, IN",2023-10-01,40,45,17,4,106,5788,1319
18020,"Columbus, IN",2023-11-01,52,53,20,3,128,5916,1371
18020,"Columbus, IN",2023-12-01,59,53,12,0,124,6040,1430
18020,"Columbus, IN",2024-01-01,53,64,18,1,136,6176,1483
18020,"Columbus, IN",2024-02-01,47,48,23,2,120,6296,1530
18020,"Columbus, IN",2024-03-01,47,49,14,2,112,6408,1577
18020,"Columbus, IN",2024-04-01,33,36,16,4,89,6497,1610
18020,"Columbus, IN",2024-05-01,35,51,14,3,103,6600,1645
18020,"Columbus, IN",2024-06-01,35,45,14,2,96,6696,1680
18020,"Columbus, IN",2024-07-01,26,34,11,3,74,6770,1706
18020,"Columbus, IN",2024-08-01,17,40,13,1,71,6841,1723
18020,"Columbus, IN",2024-09-01,31,35,18,1,85,6926,1754
18020,"Columbus, IN",2024-10-01,39,58,9,3,109,7035,1793
18020,"Columbus, IN",2024-11-01,43,53,13,1,110,7145,1836
18020,"Columbus, IN",2024-12-01,45,56,16,2,119,7264,1881
18020,"Columbus, IN",2025-01-01,59,68,20,2,149,7413,1940
18020,"Columbus, IN",2025-02-01,56,47,20,3,126,7539,1996
18020,"Columbus, IN",2025-03-01,63,57,14,3,137,7676,2059
18020,"Columbus, IN",2025-04-01,56,48,12,1,117,7793,2115
18020,"Columbus, IN",2025-05-01,66,68,17,1,152,7945,2181
18020,"Columbus, IN",2025-06-01,63,53,13,2,131,8076,2244
18020,"Columbus, IN",2025-07-01,54,50,10,0,114,8190,2298
18020,"Columbus, IN",2025-08-01,41,38,11,2,92,8282,2339
18020,"Columbus, IN",2025-09-01,1,0,1,0,2,8284,2340
35440,"Newport, OR",2019-01-01,0,2,0,0,2,2,0
35440,"Newport, OR",2019-02-01,0,1,0,0,1,3,0
35440,"Newport, OR",2019-03-01,0,1,1,0,2,5,0
35440,"Newport, OR",2019-04-01,0,1,0,0,1,6,0
35440,"Newport, OR",2019-05-01,0,3,1,0,4,10,0
35440,"Newport, OR",2019-06-01,0,1,1,0,2,12,0
35440,"Newport, OR",2019-07-01,0,1,0,0,1,13,0
35440,"Newport, OR",2019-08-01,0,2,1,0,3,16,0
35440,"Newport, OR",2019-09-01,1,1,0,0,2,18,1
35440,"Newport, OR",2019-10-01,1,4,2,0,7,25,2
35440,"Newport, OR",2019-11-01,0,2,0,0,2,27,2
35440,"Newport, OR",2019-12-01,0,1,0,0,1,28,2
35440,"Newport, OR",2020-01-01,1,3,1,2,7,35,3
35440,"Newport, OR",2020-02-01,0,1,3,1,5,40,3
35440,"Newport, OR",2020-03-01,0,3,1,0,4,44,3
35440,"Newport, OR",2020-04-01,0,5,1,0,6,50,3
35440,"Newport, OR",2020-05-01,0,0,1,0,1,51,3
35440,"Newport, OR",2020-06-01,1,7,2,0,10,61,4
35440,"Newport, OR",2020-07-01,1,10,1,0,12,73,5
35440,"Newport, OR",2020-08-01,1,8,9,1,19,92,6
35440,"Newport, OR",2020-09-01,4,10,2,0,16,108,10
35440,"Newport, OR",2020-10-01,0,11,1,1,13,121,10
35440,"Newport, OR",2020-11-01,1,8,3,0,12,133,11
35440,"Newport, OR",2020-12-01,0,6,2,0,8,141,11
35440,"Newport, OR",2021-01-01,3,10,2,0,15,156,14
35440,"Newport, OR",2021-02-01,3,7,2,1,13,169,17
35440,"Newport, OR",2021-03-01,4,10,2,0,16,185,21
35440,"Newport, OR",2021-04-01,1,8,2,0,11,196,22
35440,"Newport, OR",2021-05-01,2,12,1,0,15,211,24
35440,"Newport, OR",2021-06-01,2,14,4,0,20,231,26
35440,"Newport, OR",2021-07-01,4,26,6,0,36,267,30
35440,"Newport, OR",2021-08-01,3,10,6,0,19,286,33
35440,"Newport, OR",2021-09-01,5,16,7,1,29,315,38
35440,"Newport, OR",2021-10-01,3,15,7,0,25,340,41
35440,"Newport, OR",2021-11-01,2,18,4,0,24,364,43
35440,"Newport, OR",2021-12-01,6,13,7,0,26,390,49
35440,"Newport, OR",2022-01-01,6,18,7,0,31,421,55
35440,"Newport, OR",2022-02-01,3,17,6,1,27,448,58
35440,"Newport, OR",2022-03-01,2,24,7,0,33,481,60
35440,"Newport, OR",2022-04-01,10,27,5,0,42,523,70
35440,"Newport, OR",2022-05-01,7,14,10,0,31,554,77
35440,"Newport, OR",2022-06-01,7,12,8,0,27,581,84
35440,"Newport, OR",2022-07-01,5,12,7,0,24,605,89
35440,"Newport, OR",2022-08-01,11,13,6,1,31,636,100
35440,"Newport, OR",2022-09-01,7,15,6,0,28,664,107
35440,"Newport, OR",2022-10-01,5,15,7,1,28,692,112
35440,"Newport, OR",2022-11-01,6,16,9,1,32,724,118
35440,"Newport, OR",2022-12-01,6,12,2,0,20,744,124
35440,"Newport, OR",2023-01-01,5,19,10,0,34,778,129
35440,"Newport, OR",2023-02-01,6,13,7,2,28,806,135
35440,"Newport, OR",2023-03-01,6,17,9,0,32,838,141
35440,"Newport, OR",2023-04-01,2,12,9,0,23,861,143
35440,"Newport, OR",2023-05-01,3,8,5,1,17,878,146
35440,"Newport, OR",2023-06-01,3,19,6,0,28,906,149
35440,"Newport, OR",2023-07-01,6,13,2,1,22,928,155
35440,"Newport, OR",2023-08-01,6,15,3,0,24,952,161
35440,"Newport, OR",2023-09-01,5,12,6,0,23,975,166
35440,"Newport, OR",2023-10-01,4,13,5,2,24,999,170
35440,"Newport, OR",2023-11-01,6,12,5,1,24,1023,176
35440,"Newport, OR",2023-12-01,9,17,3,1,30,1053,185
35440,"Newport, OR",2024-01-01,5,15,9,0,29,1082,190
35440,"Newport, OR",2024-02-01,10,13,3,0,26,1108,200
35440,"Newport, OR",2024-03-01,4,12,2,0,18,1126,204
35440,"Newport, OR",2024-04-01,7,10,7,2,26,1152,211
35440,"Newport, OR",2024-05-01,8,16,7,0,31,1183,219
35440,"Newport, OR",2024-06-01,5,10,1,1,17,1200,224
35440,"Newport, OR",2024-07-01,10,9,3,0,22,1222,234
35440,"Newport, OR",2024-08-01,3,20,5,0,28,1250,237
35440,"Newport, OR",2024-09-01,10,10,3,0,23,1273,247
35440,"Newport, OR",2024-10-01,7,17,1,0,25,1298,254
35440,"Newport, OR",2024-11-01,4,13,6,1,24,1322,258
35440,"Newport, OR",2024-12-01,8,5,4,1,18,1340,266
35440,"Newport, OR",2025-01-01,11,16,10,0,37,1377,277
35440,"Newport, OR",2025-02-01,10,10,2,0,22,1399,287
35440,"Newport, OR",2025-03-01,4,9,4,0,17,1416,291
35440,"Newport, OR",2025-04-01,8,5,3,0,16,1432,299
35440,"Newport, OR",2025-05-01,6,10,2,2,20,1452,305
35440,"Newport, OR",2025-06-01,10,6,4,0,20,1472,315
35440,"Newport, OR",2025-07-01,14,11,4,0,29,1501,329
35440,"Newport, OR",2025-08-01,8,11,4,0,23,1524,337
28880,"Kiryas Joel-Poughkeepsie-Newburgh, NY",2019-01-01,6,160,49,3,218,218,6
28880,"Kiryas Joel-Poughkeepsie-Newburgh, NY",2019-02-01,5,155,55,9,224,442,11
28880,"Kiryas Joel-Poughkeepsie-Newburgh, NY",2019-03-01,9,193,60,5,267,709,20
28880,"Kiryas Joel-Poughkeepsie-Newburgh, NY",2019-04-01,11,152,41,7,211,920,31
28880,"Kiryas Joel-Poughkeepsie-Newburgh, NY",2019-05-01,6,175,43,4,228,1148,37
28880,"Kiryas Joel-Poughkeepsie-Newburgh, NY",2019-06-01,11,149,41,4,205,1353,48
28880,"Kiryas Joel-Poughkeepsie-Newburgh, NY",2019-07-01,9,125,31,5,170,1523,57
28880,"Kiryas Joel-Poughkeepsie-Newburgh, NY",2019-08-01,18,136,34,4,192,1715,75
28880,"Kiryas Joel-Poughkeepsie-Newburgh, NY",2019-09-01,14,175,55,3,247,1962,89
28880,"Kiryas Joel-Poughkeepsie-Newburgh, NY",2019-10-01,16,178,47,3,244,2206,105
28880,"Kiryas Joel-Poughkeepsie-Newburgh, NY",2019-11-01,14,152,28,1,195,2401,119
28880,"Kiryas Joel-Poughkeepsie-Newburgh, NY",2019-12-01,18,117,35,2,172,2573,137
28880,"Kiryas Joel-Poughkeepsie-Newburgh, NY",2020-01-01,26,193,52,6,277,2850,163
28880,"Kiryas Joel-Poughkeepsie-Newburgh, NY",2020-02-01,17,122,28,6,173,3023,180
28880,"Kiryas Joel-Poughkeepsie-Newburgh, NY",2020-03-01,23,150,42,6,221,3244,203
28880,"Kiryas Joel-Poughkeepsie-Newburgh, NY",2020-04-01,123,307,100,25,555,3799,326
28880,"Kiryas Joel-Poughkeepsie-Newburgh, NY",2020-05-01,165,359,97,6,627,4426,491
28880,"Kiryas Joel-Poughkeepsie-Newburgh, NY",2020-06-01,144,291,61,1,497,4923,635
28880,"Kiryas Joel-Poughkeepsie-Newburgh, NY",2020-07-01,199,502,127,3,831,5754,834
28880,"Kiryas Joel-Poughkeepsie-Newburgh, NY",2020-08-01,142,571,151,20,884,6638,976
28880,"Kiryas Joel-Poughkeepsie-Newburgh, NY",2020-09-01,86,400,108,12,606,7244,1062
28880,"Kiryas Joel-Poughkeepsie-Newburgh, NY",2020-10-01,91,345,88,6,530,7774,1153
28880,"Kiryas Joel-Poughkeepsie-Newburgh, NY",2020-11-01,54,249,71,10,384,8158,1207
28880,"Kiryas Joel-Poughkeepsie-Newburgh, NY",2020-12-01,74,183,42,6,305,8463,1281
28880,"Kiryas Joel-Poughkeepsie-Newburgh, NY",2021-01-01,182,439,118,12,751,9214,1463
28880,"Kiryas Joel-Poughkeepsie-Newburgh, NY",2021-02-01,146,392,109,18,665,9879,1609
28880,"Kiryas Joel-Poughkeepsie-Newburgh, NY",2021-03-01,157,426,156,11,750,10629,1766
28880,"Kiryas Joel-Poughkeepsie-Newburgh, NY",2021-04-01,149,431,131,17,728,11357,1915
28880,"Kiryas Joel-Poughkeepsie-Newburgh, NY",2021-05-01,240,465,109,19,833,12190,2155
28880,"Kiryas Joel-Poughkeepsie-Newburgh, NY",2021-06-01,192,476,114,7,789,12979,2347
28880,"Kiryas Joel-Poughkeepsie-Newburgh, NY",2021-07-01,158,454,102,15,729,13708,2505
28880,"Kiryas Joel-Poughkeepsie-Newburgh, NY",2021-08-01,124,448,123,13,708,14416,2629
28880,"Kiryas Joel-Poughkeepsie-Newburgh, NY",2021-09-01,111,558,162,22,853,15269,2740
28880,"Kiryas Joel-Poughkeepsie-Newburgh, NY",2021-10-01,43,166,49,7,265,15534,2783
28880,"Kiryas Joel-Poughkeepsie-Newburgh, NY",2021-11-01,29,138,45,2,214,15748,2812
28880,"Kiryas Joel-Poughkeepsie-Newburgh, NY",2021-12-01,138,298,70,9,515,16263,2950
28880,"Kiryas Joel-Poughkeepsie-Newburgh, NY",2022-01-01,215,457,114,16,802,17065,3165
28880,"Kiryas Joel-Poughkeepsie-Newburgh, NY",2022-02-01,85,207,70,7,369,17434,3250
28880,"Kiryas Joel-Poughkeepsie-Newburgh, NY",2022-03-01,67,161,55,6,289,17723,3317
28880,"Kiryas Joel-Poughkeepsie-Newburgh, NY",2022-04-01,76,219,65,4,364,18087,3393
28880,"Kiryas Joel-Poughkeepsie-Newburgh, NY",2022-05-01,105,219,68,7,399,18486,3498
28880,"Kiryas Joel-Poughkeepsie-Newburgh, NY",2022-06-01,58,107,33,1,199,18685,3556
28880,"Kiryas Joel-Poughkeepsie-Newburgh, NY",2022-07-01,84,167,69,6,326,19011,3640
28880,"Kiryas Joel-Poughkeepsie-Newburgh, NY",2022-08-01,86,204,62,3,355,19366,3726
28880,"Kiryas Joel-Poughkeepsie-Newburgh, NY",2022-09-01,88,262,81,11,442,19808,3814
28880,"Kiryas Joel-Poughkeepsie-Newburgh, NY",2022-10-01,99,278,82,10,469,20277,3913
28880,"Kiryas Joel-Poughkeepsie-Newburgh, NY",2022-11-01,141,313,119,14,587,20864,4054
28880,"Kiryas Joel-Poughkeepsie-Newburgh, NY",2022-12-01,223,354,150,18,745,21609,4277
28880,"Kiryas Joel-Poughkeepsie-Newburgh, NY",2023-01-01,156,297,98,7,558,22167,4433
28880,"Kiryas Joel-Poughkeepsie-Newburgh, NY",2023-02-01,78,255,67,9,409,22576,4511
28880,"Kiryas Joel-Poughkeepsie-Newburgh, NY",2023-03-01,155,374,128,21,678,23254,4666
28880,"Kiryas Joel-Poughkeepsie-Newburgh, NY",2023-04-01,111,257,83,17,468,23722,4777
28880,"Kiryas Joel-Poughkeepsie-Newburgh, NY",2023-05-01,65,175,42,3,285,24007,4842
28880,"Kiryas Joel-Poughkeepsie-Newburgh, NY",2023-06-01,54,131,55,2,242,24249,4896
28880,"Kiryas Joel-Poughkeepsie-Newburgh, NY",2023-07-01,40,145,56,2,243,24492,4936
28880,"Kiryas Joel-Poughkeepsie-Newburgh, NY",2023-08-01,44,198,70,4,316,24808,4980
28880,"Kiryas Joel-Poughkeepsie-Newburgh, NY",2023-09-01,60,221,67,6,354,25162,5040
28880,"Kiryas Joel-Poughkeepsie-Newburgh, NY",2023-10-01,133,330,131,11,605,25767,5173
28880,"Kiryas Joel-Poughkeepsie-Newburgh, NY",2023-11-01,153,365,107,9,634,26401,5326
28880,"Kiryas Joel-Poughkeepsie-Newburgh, NY",2023-12-01,230,415,129,7,781,27182,5556
28880,"Kiryas Joel-Poughkeepsie-Newburgh, NY",2024-01-01,221,373,105,14,713,27895,5777
28880,"Kiryas Joel-Poughkeepsie-Newburgh, NY",2024-02-01,137,359,110,8,614,28509,5914
28880,"Kiryas Joel-Poughkeepsie-Newburgh, NY",2024-03-01,192,287,81,8,568,29077,6106
28880,"Kiryas Joel-Poughkeepsie-Newburgh, NY",2024-04-01,103,225,70,3,401,29478,6209
28880,"Kiryas Joel-Poughkeepsie-Newburgh, NY",2024-05-01,122,229,80,6,437,29915,6331
28880,"Kiryas Joel-Poughkeepsie-Newburgh, NY",2024-06-01,124,224,83,4,435,30350,6455
28880,"Kiryas Joel-Poughkeepsie-Newburgh, NY",2024-07-01,139,257,81,9,486,30836,6594
28880,"Kiryas Joel-Poughkeepsie-Newburgh, NY",2024-08-01,88,255,79,11,433,31269,6682
28880,"Kiryas Joel-Poughkeepsie-Newburgh, NY",2024-09-01,128,300,101,6,535,31804,6810
28880,"Kiryas Joel-Poughkeepsie-Newburgh, NY",2024-10-01,170,334,91,3,598,32402,6980
28880,"Kiryas Joel-Poughkeepsie-Newburgh, NY",2024-11-01,202,283,89,8,582,32984,7182
28880,"Kiryas Joel-Poughkeepsie-Newburgh, NY",2024-12-01,242,325,100,9,676,33660,7424
28880,"Kiryas Joel-Poughkeepsie-Newburgh, NY",2025-01-01,300,345,112,7,764,34424,7724
28880,"Kiryas Joel-Poughkeepsie-Newburgh, NY",2025-02-01,186,286,76,8,556,34980,7910
28880,"Kiryas Joel-Poughkeepsie-Newburgh, NY",2025-03-01,168,233,75,11,487,35467,8078
28880,"Kiryas Joel-Poughkeepsie-Newburgh, NY",2025-04-01,166,219,73,4,462,35929,8244
28880,"Kiryas Joel-Poughkeepsie-Newburgh, NY",2025-05-01,287,317,73,6,683,36612,8531
28880,"Kiryas Joel-Poughkeepsie-Newburgh, NY",2025-06-01,277,262,62,7,608,37220,8808
28880,"Kiryas Joel-Poughkeepsie-Newburgh, NY",2025-07-01,238,268,79,6,591,37811,9046
28880,"Kiryas Joel-Poughkeepsie-Newburgh, NY",2025-08-01,134,210,64,9,417,38228,9180
28880,"Kiryas Joel-Poughkeepsie-Newburgh, NY",2025-09-01,2,4,1,0,7,38235,9182
42420,"Scottsbluff, NE",2019-01-01,0,0,1,0,1,1,0
42420,"Scottsbluff, NE",2019-03-01,0,1,2,0,3,4,0
42420,"Scottsbluff, NE",2019-04-01,0,2,0,0,2,6,0
42420,"Scottsbluff, NE",2019-05-01,1,2,0,0,3,9,1
42420,"Scottsbluff, NE",2019-06-01,0,1,1,0,2,11,1
42420,"Scottsbluff, NE",2019-07-01,1,2,0,0,3,14,2
42420,"Scottsbluff, NE",2019-09-01,0,1,0,0,1,15,2
42420,"Scottsbluff, NE",2019-10-01,0,1,0,0,1,16,2
42420,"Scottsbluff, NE",2019-11-01,0,1,3,0,4,20,2
42420,"Scottsbluff, NE",2019-12-01,0,2,0,1,3,23,2
42420,"Scottsbluff, NE",2020-01-01,0,1,0,1,2,25,2
42420,"Scottsbluff, NE",2020-02-01,0,0,1,0,1,26,2
42420,"Scottsbluff, NE",2020-03-01,0,1,2,0,3,29,2
42420,"Scottsbluff, NE",2020-04-01,1,3,2,0,6,35,3
42420,"Scottsbluff, NE",2020-05-01,0,4,3,0,7,42,3
42420,"Scottsbluff, NE",2020-06-01,0,1,3,0,4,46,3
42420,"Scottsbluff, NE",2020-07-01,2,4,0,0,6,52,5
42420,"Scottsbluff, NE",2020-08-01,0,2,2,0,4,56,5
42420,"Scottsbluff, NE",2020-09-01,0,2,1,0,3,59,5
42420,"Scottsbluff, NE",2020-10-01,0,2,3,0,5,64,5
42420,"Scottsbluff, NE",2020-11-01,0,1,2,0,3,67,5
42420,"Scottsbluff, NE",2020-12-01,0,2,0,0,2,69,5
42420,"Scottsbluff, NE",2021-01-01,2,3,1,0,6,75,7
42420,"Scottsbluff, NE",2021-02-01,5,8,3,0,16,91,12
42420,"Scottsbluff, NE",2021-03-01,10,25,4,0,39,130,22
42420,"Scottsbluff, NE",2021-04-01,5,28,6,1,40,170,27
42420,"Scottsbluff, NE",2021-05-01,11,23,1,0,35,205,38
42420,"Scottsbluff, NE",2021-06-01,13,26,8,3,50,255,51
42420,"Scottsbluff, NE",2021-07-01,7,21,1,1,30,285,58
42420,"Scottsbluff, NE",2021-08-01,7,24,8,0,39,324,65
42420,"Scottsbluff, NE",2021-09-01,7,22,6,1,36,360,72
42420,"Scottsbluff, NE",2021-10-01,3,18,4,0,25,385,75
42420,"Scottsbluff, NE",2021-11-01,3,16,6,0,25,410,78
42420,"Scottsbluff, NE",2021-12-01,8,16,6,0,30,440,86
42420,"Scottsbluff, NE",2022-01-01,11,23,7,0,41,481,97
42420,"Scottsbluff, NE",2022-02-01,3,22,5,0,30,511,100
42420,"Scottsbluff, NE",2022-03-01,7,18,4,0,29,540,107
42420,"Scottsbluff, NE",2022-04-01,3,21,6,0,30,570,110
42420,"Scottsbluff, NE",2022-05-01,15,21,6,0,42,612,125
42420,"Scottsbluff, NE",2022-06-01,3,14,3,0,20,632,128
42420,"Scottsbluff, NE",2022-07-01,6,12,4,0,22,654,134
42420,"Scottsbluff, NE",2022-08-01,8,19,7,0,34,688,142
42420,"Scottsbluff, NE",2022-09-01,2,14,3,1,20,708,144
42420,"Scottsbluff, NE",2022-10-01,9,17,3,0,29,737,153
42420,"Scottsbluff, NE",2022-11-01,5,17,3,1,26,763,158
42420,"Scottsbluff, NE",2022-12-01,5,16,8,0,29,792,163
42420,"Scottsbluff, NE",2023-01-01,8,17,3,0,28,820,171
42420,"Scottsbluff, NE",2023-02-01,10,14,7,1,32,852,181
42420,"Scottsbluff, NE",2023-03-01,8,15,5,0,28,880,189
42420,"Scottsbluff, NE",2023-04-01,4,14,5,0,23,903,193
42420,"Scottsbluff, NE",2023-05-01,12,14,3,0,29,932,205
42420,"Scottsbluff, NE",2023-06-01,11,19,6,0,36,968,216
42420,"Scottsbluff, NE",2023-07-01,8,13,4,2,27,995,224
42420,"Scottsbluff, NE",2023-08-01,10,7,0,0,17,1012,234
42420,"Scottsbluff, NE",2023-09-01,4,9,2,1,16,1028,238
42420,"Scottsbluff, NE",2023-10-01,13,18,1,1,33,1061,251
42420,"Scottsbluff, NE",2023-11-01,14,11,4,1,30,1091,265
42420,"Scottsbluff, NE",2023-12-01,9,12,4,2,27,1118,274
42420,"Scottsbluff, NE",2024-01-01,16,21,5,1,43,1161,290
42420,"Scottsbluff, NE",2024-02-01,10,16,5,0,31,1192,300
42420,"Scottsbluff, NE",2024-03-01,12,18,6,1,37,1229,312
42420,"Scottsbluff, NE",2024-04-01,12,10,4,0,26,1255,324
42420,"Scottsbluff, NE",2024-05-01,13,25,6,0,44,1299,337
42420,"Scottsbluff, NE",2024-06-01,5,9,1,0,15,1314,342
42420,"Scottsbluff, NE",2024-07-01,8,9,5,0,22,1336,350
42420,"Scottsbluff, NE",2024-08-01,3,14,2,0,19,1355,353
42420,"Scottsbluff, NE",2024-09-01,3,9,1,0,13,1368,356
42420,"Scottsbluff, NE",2024-10-01,13,13,2,0,28,1396,369
42420,"Scottsbluff, NE",2024-11-01,24,22,8,0,54,1450,393
42420,"Scottsbluff, NE",2024-12-01,25,12,3,2,42,1492,418
42420,"Scottsbluff, NE",2025-01-01,15,21,7,0,43,1535,433
42420,"Scottsbluff, NE",2025-02-01,11,15,6,0,32,1567,444
42420,"Scottsbluff, NE",2025-03-01,11,18,2,0,31,1598,455
42420,"Scottsbluff, NE",2025-04-01,8,11,7,1,27,1625,463
42420,"Scottsbluff, NE",2025-05-01,15,18,5,1,39,1664,478
42420,"Scottsbluff, NE",2025-06-01,16,22,5,1,44,1708,494
42420,"Scottsbluff, NE",2025-07-01,14,15,6,0,35,1743,508
42420,"Scottsbluff, NE",2025-08-01,13,20,3,0,36,1779,521
18620,"Corsicana, TX",2019-01-01,0,0,1,0,1,1,0
18620,"Corsicana, TX",2019-02-01,0,4,1,0,5,6,0
18620,"Corsicana, TX",2019-03-01,0,7,3,1,11,17,0
18620,"Corsicana, TX",2019-04-01,0,5,1,0,6,23,0
18620,"Corsicana, TX",2019-05-01,0,5,1,1,7,30,0
18620,"Corsicana, TX",2019-06-01,0,3,2,0,5,35,0
18620,"Corsicana, TX",2019-07-01,1,16,3,0,20,55,1
18620,"Corsicana, TX",2019-08-01,0,14,7,0,21,76,1
18620,"Corsicana, TX",2019-09-01,1,15,2,0,18,94,2
18620,"Corsicana, TX",2019-10-01,0,11,6,0,17,111,2
18620,"Corsicana, TX",2019-11-01,4,13,4,0,21,132,6
18620,"Corsicana, TX",2019-12-01,1,17,0,0,18,150,7
18620,"Corsicana, TX",2020-01-01,0,20,2,1,23,173,7
18620,"Corsicana, TX",2020-02-01,4,10,0,0,14,187,11
18620,"Corsicana, TX",2020-03-01,6,19,3,0,28,215,17
18620,"Corsicana, TX",2020-04-01,4,32,11,0,47,262,21
18620,"Corsicana, TX",2020-05-01,4,40,4,1,49,311,25
18620,"Corsicana, TX",2020-06-01,3,20,5,0,28,339,28
18620,"Corsicana, TX",2020-07-01,11,26,7,0,44,383,39
18620,"Corsicana, TX",2020-08-01,6,29,6,0,41,424,45
18620,"Corsicana, TX",2020-09-01,10,39,4,2,55,479,55
18620,"Corsicana, TX",2020-10-01,8,17,5,1,31,510,63
18620,"Corsicana, TX",2020-11-01,6,24,2,0,32,542,69
18620,"Corsicana, TX",2020-12-01,11,25,4,0,40,582,80
18620,"Corsicana, TX",2021-01-01,16,43,13,2,74,656,96
18620,"Corsicana, TX",2021-02-01,9,22,3,0,34,690,105
18620,"Corsicana, TX",2021-03-01,18,36,10,1,65,755,123
18620,"Corsicana, TX",2021-04-01,23,48,8,0,79,834,146
18620,"Corsicana, TX",2021-05-01,24,50,4,2,80,914,170
18620,"Corsicana, TX",2021-06-01,11,35,14,1,61,975,181
18620,"Corsicana, TX",2021-07-01,19,41,12,0,72,1047,200
18620,"Corsicana, TX",2021-08-01,11,34,9,1,55,1102,211
18620,"Corsicana, TX",2021-09-01,16,35,13,2,66,1168,227
18620,"Corsicana, TX",2021-10-01,16,35,12,2,65,1233,243
18620,"Corsicana, TX",2021-11-01,16,45,4,0,65,1298,259
18620,"Corsicana, TX",2021-12-01,18,38,7,2,65,1363,277
18620,"Corsicana, TX",2022-01-01,14,48,19,2,83,1446,291
18620,"Corsicana, TX",2022-02-01,12,20,8,0,40,1486,303
18620,"Corsicana, TX",2022-03-01,29,44,15,1,89,1575,332
18620,"Corsicana, TX",2022-04-01,14,40,12,1,67,1642,346
18620,"Corsicana, TX",2022-05-01,11,37,14,1,63,1705,357
18620,"Corsicana, TX",2022-06-01,14,34,14,1,63,1768,371
18620,"Corsicana, TX",2022-07-01,13,33,7,2,55,1823,384
18620,"Corsicana, TX",2022-08-01,14,34,20,4,72,1895,398
18620,"Corsicana, TX",2022-09-01,28,31,13,2,74,1969,426
18620,"Corsicana, TX",2022-10-01,16,26,7,1,50,2019,442
18620,"Corsicana, TX",2022-11-01,22,43,9,0,74,2093,464
18620,"Corsicana, TX",2022-12-01,27,20,11,1,59,2152,491
18620,"Corsicana, TX",2023-01-01,14,26,9,2,51,2203,505
18620,"Corsicana, TX",2023-02-01,21,29,7,0,57,2260,526
18620,"Corsicana, TX",2023-03-01,22,39,12,5,78,2338,548
18620,"Corsicana, TX",2023-04-01,19,28,11,1,59,2397,567
18620,"Corsicana, TX",2023-05-01,12,23,10,0,45,2442,579
18620,"Corsicana, TX",2023-06-01,22,23,9,0,54,2496,601
18620,"Corsicana, TX",2023-07-01,13,32,9,1,55,2551,614
18620,"Corsicana, TX",2023-08-01,11,21,7,3,42,2593,625
18620,"Corsicana, TX",2023-09-01,16,24,2,1,43,2636,641
18620,"Corsicana, TX",2023-10-01,9,24,9,0,42,2678,650
18620,"Corsicana, TX",2023-11-01,29,28,15,3,75,2753,679
18620,"Corsicana, TX",2023-12-01,23,24,12,1,60,2813,702
18620,"Corsicana, TX",2024-01-01,22,31,13,4,70,2883,724
18620,"Corsicana, TX",2024-02-01,16,29,13,3,61,2944,740
18620,"Corsicana, TX",2024-03-01,25,26,10,3,64,3008,765
18620,"Corsicana, TX",2024-04-01,16,18,6,1,41,3049,781
18620,"Corsicana, TX",2024-05-01,20,26,5,0,51,3100,801
18620,"Corsicana, TX",2024-06-01,5,21,6,0,32,3132,806
18620,"Corsicana, TX",2024-07-01,9,15,5,0,29,3161,815
18620,"Corsicana, TX",2024-08-01,12,17,6,0,35,3196,827
18620,"Corsicana, TX",2024-09-01,9,23,6,0,38,3234,836
18620,"Corsicana, TX",2024-10-01,23,19,14,0,56,3290,859
18620,"Corsicana, TX",2024-11-01,17,23,9,4,53,3343,876
18620,"Corsicana, TX",2024-12-01,21,32,12,3,68,3411,897
18620,"Corsicana, TX",2025-01-01,25,31,14,0,70,3481,922
18620,"Corsicana, TX",2025-02-01,12,26,8,0,46,3527,934
18620,"Corsicana, TX",2025-03-01,21,27,16,1,65,3592,955
18620,"Corsicana, TX",2025-04-01,27,24,9,0,60,3652,982
18620,"Corsicana, TX",2025-05-01,13,31,10,0,54,3706,995
18620,"Corsicana, TX",2025-06-01,14,22,5,1,42,3748,1009
18620,"Corsicana, TX",2025-07-01,14,14,7,0,35,3783,1023
18620,"Corsicana, TX",2025-08-01,12,24,8,2,46,3829,1035
24260,"Grand Island, NE",2019-01-01,1,11,3,2,17,17,1
24260,"Grand Island, NE",2019-02-01,0,6,4,1,11,28,1
24260,"Grand Island, NE",2019-03-01,1,11,7,2,21,49,2
24260,"Grand Island, NE",2019-04-01,0,13,3,0,16,65,2
24260,"Grand Island, NE",2019-05-01,0,14,6,0,20,85,2
24260,"Grand Island, NE",2019-06-01,0,10,3,0,13,98,2
24260,"Grand Island, NE",2019-07-01,0,13,2,0,15,113,2
24260,"Grand Island, NE",2019-08-01,0,19,4,0,23,136,2
24260,"Grand Island, NE",2019-09-01,1,10,3,0,14,150,3
24260,"Grand Island, NE",2019-10-01,1,8,2,0,11,161,4
24260,"Grand Island, NE",2019-11-01,2,12,1,1,16,177,6
24260,"Grand Island, NE",2019-12-01,0,8,3,1,12,189,6
24260,"Grand Island, NE",2020-01-01,4,13,7,0,24,213,10
24260,"Grand Island, NE",2020-02-01,3,11,0,1,15,228,13
24260,"Grand Island, NE",2020-03-01,4,17,6,0,27,255,17
24260,"Grand Island, NE",2020-04-01,11,48,11,0,70,325,28
24260,"Grand Island, NE",2020-05-01,19,45,8,2,74,399,47
24260,"Grand Island, NE",2020-06-01,4,18,4,0,26,425,51
24260,"Grand Island, NE",2020-07-01,5,21,3,0,29,454,56
24260,"Grand Island, NE",2020-08-01,9,25,8,1,43,497,65
24260,"Grand Island, NE",2020-09-01,4,18,4,0,26,523,69
24260,"Grand Island, NE",2020-10-01,8,13,6,1,28,551,77
24260,"Grand Island, NE",2020-11-01,5,23,1,0,29,580,82
24260,"Grand Island, NE",2020-12-01,12,27,5,0,44,624,94
24260,"Grand Island, NE",2021-01-01,10,16,6,2,34,658,104
24260,"Grand Island, NE",2021-02-01,15,20,5,0,40,698,119
24260,"Grand Island, NE",2021-03-01,20,34,5,0,59,757,139
24260,"Grand Island, NE",2021-04-01,12,28,7,1,48,805,151
24260,"Grand Island, NE",2021-05-01,8,27,11,2,48,853,159
24260,"Grand Island, NE",2021-06-01,8,30,8,0,46,899,167
24260,"Grand Island, NE",2021-07-01,10,18,8,1,37,936,177
24260,"Grand Island, NE",2021-08-01,9,25,5,0,39,975,186
24260,"Grand Island, NE",2021-09-01,4,29,7,0,40,1015,190
24260,"Grand Island, NE",2021-10-01,7,21,7,0,35,1050,197
24260,"Grand Island, NE",2021-11-01,11,31,5,0,47,1097,208
24260,"Grand Island, NE",2021-12-01,13,35,6,0,54,1151,221
24260,"Grand Island, NE",2022-01-01,14,41,13,1,69,1220,235
24260,"Grand Island, NE",2022-02-01,11,26,9,2,48,1268,246
24260,"Grand Island, NE",2022-03-01,18,38,14,1,71,1339,264
24260,"Grand Island, NE",2022-04-01,8,33,7,0,48,1387,272
24260,"Grand Island, NE",2022-05-01,9,33,5,1,48,1435,281
24260,"Grand Island, NE",2022-06-01,12,19,6,1,38,1473,293
24260,"Grand Island, NE",2022-07-01,11,23,9,0,43,1516,304
24260,"Grand Island, NE",2022-08-01,19,44,12,0,75,1591,323
24260,"Grand Island, NE",2022-09-01,11,36,10,0,57,1648,334
24260,"Grand Island, NE",2022-10-01,18,38,9,2,67,1715,352
24260,"Grand Island, NE",2022-11-01,11,25,10,2,48,1763,363
24260,"Grand Island, NE",2022-12-01,12,41,11,0,64,1827,375
24260,"Grand Island, NE",2023-01-01,6,28,5,0,39,1866,381
24260,"Grand Island, NE",2023-02-01,14,28,13,1,56,1922,395
24260,"Grand Island, NE",2023-03-01,19,40,16,0,75,1997,414
24260,"Grand Island, NE",2023-04-01,12,17,11,0,40,2037,426
24260,"Grand Island, NE",2023-05-01,3,21,9,0,33,2070,429
24260,"Grand Island, NE",2023-06-01,8,21,7,0,36,2106,437
24260,"Grand Island, NE",2023-07-01,11,34,6,1,52,2158,448
24260,"Grand Island, NE",2023-08-01,8,10,2,1,21,2179,456
24260,"Grand Island, NE",2023-09-01,8,32,7,0,47,2226,464
24260,"Grand Island, NE",2023-10-01,24,43,13,1,81,2307,488
24260,"Grand Island, NE",2023-11-01,12,44,16,2,74,2381,500
24260,"Grand Island, NE",2023-12-01,23,49,17,0,89,2470,523
24260,"Grand Island, NE",2024-01-01,25,42,15,1,83,2553,548
24260,"Grand Island, NE",2024-02-01,17,30,12,1,60,2613,565
24260,"Grand Island, NE",2024-03-01,12,26,8,1,47,2660,577
24260,"Grand Island, NE",2024-04-01,12,35,13,1,61,2721,589
24260,"Grand Island, NE",2024-05-01,14,36,7,0,57,2778,603
24260,"Grand Island, NE",2024-06-01,6,9,2,0,17,2795,609
24260,"Grand Island, NE",2024-07-01,2,21,3,0,26,2821,611
24260,"Grand Island, NE",2024-08-01,6,31,4,0,41,2862,617
24260,"Grand Island, NE",2024-09-01,16,43,11,0,70,2932,633
24260,"Grand Island, NE",2024-10-01,38,69,11,1,119,3051,671
24260,"Grand Island, NE",2024-11-01,28,66,11,5,110,3161,699
24260,"Grand Island, NE",2024-12-01,26,57,19,1,103,3264,725
24260,"Grand Island, NE",2025-01-01,32,52,13,1,98,3362,757
24260,"Grand Island, NE",2025-02-01,39,37,15,1,92,3454,796
24260,"Grand Island, NE",2025-03-01,20,44,20,1,85,3539,816
24260,"Grand Island, NE",2025-04-01,30,57,11,1,99,3638,846
24260,"Grand Island, NE",2025-05-01,36,48,13,1,98,3736,882
24260,"Grand Island, NE",2025-06-01,34,40,7,1,82,3818,916
24260,"Grand Island, NE",2025-07-01,25,50,13,1,89,3907,941
24260,"Grand Island, NE",2025-08-01,19,46,13,0,78,3985,960
33420,"Mineral Wells, TX",2019-02-01,0,2,0,0,2,2,0
33420,"Mineral Wells, TX",2019-03-01,0,2,0,0,2,4,0
33420,"Mineral Wells, TX",2019-04-01,0,2,0,0,2,6,0
33420,"Mineral Wells, TX",2019-05-01,0,2,1,0,3,9,0
33420,"Mineral Wells, TX",2019-06-01,0,3,0,0,3,12,0
33420,"Mineral Wells, TX",2019-07-01,0,2,0,3,5,17,0
33420,"Mineral Wells, TX",2019-08-01,0,3,3,0,6,23,0
33420,"Mineral Wells, TX",2019-09-01,0,5,1,0,6,29,0
33420,"Mineral Wells, TX",2019-10-01,0,0,1,0,1,30,0
33420,"Mineral Wells, TX",2019-11-01,1,0,0,0,1,31,1
33420,"Mineral Wells, TX",2019-12-01,0,1,2,0,3,34,1
33420,"Mineral Wells, TX",2020-01-01,0,5,2,0,7,41,1
33420,"Mineral Wells, TX",2020-02-01,0,1,3,0,4,45,1
33420,"Mineral Wells, TX",2020-03-01,2,4,1,1,8,53,3
33420,"Mineral Wells, TX",2020-04-01,1,12,0,1,14,67,4
33420,"Mineral Wells, TX",2020-05-01,4,18,4,0,26,93,8
33420,"Mineral Wells, TX",2020-06-01,0,2,2,0,4,97,8
33420,"Mineral Wells, TX",2020-07-01,2,12,5,0,19,116,10
33420,"Mineral Wells, TX",2020-08-01,3,13,1,0,17,133,13
33420,"Mineral Wells, TX",2020-09-01,2,9,6,0,17,150,15
33420,"Mineral Wells, TX",2020-10-01,6,12,7,0,25,175,21
33420,"Mineral Wells, TX",2020-11-01,3,13,0,0,16,191,24
33420,"Mineral Wells, TX",2020-12-01,2,11,4,0,17,208,26
33420,"Mineral Wells, TX",2021-01-01,12,27,6,1,46,254,38
33420,"Mineral Wells, TX",2021-02-01,6,18,3,1,28,282,44
33420,"Mineral Wells, TX",2021-03-01,5,21,11,0,37,319,49
33420,"Mineral Wells, TX",2021-04-01,6,23,3,0,32,351,55
33420,"Mineral Wells, TX",2021-05-01,8,28,8,0,44,395,63
33420,"Mineral Wells, TX",2021-06-01,5,24,9,0,38,433,68
33420,"Mineral Wells, TX",2021-07-01,6,27,11,1,45,478,74
33420,"Mineral Wells, TX",2021-08-01,3,28,3,2,36,514,77
33420,"Mineral Wells, TX",2021-09-01,7,17,10,0,34,548,84
33420,"Mineral Wells, TX",2021-10-01,3,17,12,0,32,580,87
33420,"Mineral Wells, TX",2021-11-01,5,17,7,0,29,609,92
33420,"Mineral Wells, TX",2021-12-01,15,24,8,0,47,656,107
33420,"Mineral Wells, TX",2022-01-01,11,30,11,5,57,713,118
33420,"Mineral Wells, TX",2022-02-01,4,19,6,0,29,742,122
33420,"Mineral Wells, TX",2022-03-01,13,26,14,1,54,796,135
33420,"Mineral Wells, TX",2022-04-01,8,23,9,1,41,837,143
33420,"Mineral Wells, TX",2022-05-01,6,10,5,0,21,858,149
33420,"Mineral Wells, TX",2022-06-01,5,14,6,0,25,883,154
33420,"Mineral Wells, TX",2022-07-01,12,18,6,1,37,920,166
33420,"Mineral Wells, TX",2022-08-01,7,15,6,1,29,949,173
33420,"Mineral Wells, TX",2022-09-01,4,26,7,1,38,987,177
33420,"Mineral Wells, TX",2022-10-01,5,18,5,1,29,1016,182
33420,"Mineral Wells, TX",2022-11-01,16,20,8,1,45,1061,198
33420,"Mineral Wells, TX",2022-12-01,11,23,7,0,41,1102,209
33420,"Mineral Wells, TX",2023-01-01,6,21,6,0,33,1135,215
33420,"Mineral Wells, TX",2023-02-01,2,23,6,0,31,1166,217
33420,"Mineral Wells, TX",2023-03-01,13,24,6,0,43,1209,230
33420,"Mineral Wells, TX",2023-04-01,9,24,4,2,39,1248,239
33420,"Mineral Wells, TX",2023-05-01,10,16,6,0,32,1280,249
33420,"Mineral Wells, TX",2023-06-01,3,14,7,1,25,1305,252
33420,"Mineral Wells, TX",2023-07-01,2,8,8,1,19,1324,254
33420,"Mineral Wells, TX",2023-08-01,4,8,3,0,15,1339,258
33420,"Mineral Wells, TX",2023-09-01,8,16,4,0,28,1367,266
33420,"Mineral Wells, TX",2023-10-01,2,20,4,3,29,1396,268
33420,"Mineral Wells, TX",2023-11-01,10,17,8,2,37,1433,278
33420,"Mineral Wells, TX",2023-12-01,12,17,9,0,38,1471,290
33420,"Mineral Wells, TX",2024-01-01,11,22,7,2,42,1513,301
33420,"Mineral Wells, TX",2024-02-01,13,16,7,2,38,1551,314
33420,"Mineral Wells, TX",2024-03-01,11,15,7,1,34,1585,325
33420,"Mineral Wells, TX",2024-04-01,10,11,8,0,29,1614,335
33420,"Mineral Wells, TX",2024-05-01,14,16,5,0,35,1649,349
33420,"Mineral Wells, TX",2024-06-01,1,14,4,2,21,1670,350
33420,"Mineral Wells, TX",2024-07-01,0,5,0,0,5,1675,350
33420,"Mineral Wells, TX",2024-08-01,3,4,2,2,11,1686,353
33420,"Mineral Wells, TX",2024-09-01,5,7,2,1,15,1701,358
33420,"Mineral Wells, TX",2024-10-01,10,18,5,2,35,1736,368
33420,"Mineral Wells, TX",2024-11-01,9,27,4,2,42,1778,377
33420,"Mineral Wells, TX",2024-12-01,16,12,6,0,34,1812,393
33420,"Mineral Wells, TX",2025-01-01,9,20,5,1,35,1847,402
33420,"Mineral Wells, TX",2025-02-01,5,13,5,0,23,1870,407
33420,"Mineral Wells, TX",2025-03-01,9,15,8,2,34,1904,416
33420,"Mineral Wells, TX",2025-04-01,7,17,4,0,28,1932,423
33420,"Mineral Wells, TX",2025-05-01,6,18,5,0,29,1961,429
33420,"Mineral Wells, TX",2025-06-01,14,13,4,1,32,1993,443
33420,"Mineral Wells, TX",2025-07-01,5,14,4,0,23,2016,448
33420,"Mineral Wells, TX",2025-08-01,11,6,2,0,19,2035,459
15820,"Campbellsville, KY",2019-02-01,0,0,1,0,1,1,0
15820,"Campbellsville, KY",2019-03-01,1,0,0,0,1,2,1
15820,"Campbellsville, KY",2019-05-01,0,0,2,0,2,4,1
15820,"Campbellsville, KY",2019-06-01,0,1,1,0,2,6,1
15820,"Campbellsville, KY",2019-07-01,0,1,0,0,1,7,1
15820,"Campbellsville, KY",2019-08-01,0,2,0,0,2,9,1
15820,"Campbellsville, KY",2019-09-01,0,2,0,0,2,11,1
15820,"Campbellsville, KY",2019-10-01,0,2,0,0,2,13,1
15820,"Campbellsville, KY",2019-12-01,0,3,0,0,3,16,1
15820,"Campbellsville, KY",2020-01-01,0,0,1,0,1,17,1
15820,"Campbellsville, KY",2020-02-01,0,1,0,0,1,18,1
15820,"Campbellsville, KY",2020-03-01,1,3,1,0,5,23,2
15820,"Campbellsville, KY",2020-04-01,0,3,1,0,4,27,2
15820,"Campbellsville, KY",2020-05-01,0,3,1,0,4,31,2
15820,"Campbellsville, KY",2020-06-01,3,3,0,0,6,37,5
15820,"Campbellsville, KY",2020-07-01,1,1,1,0,3,40,6
15820,"Campbellsville, KY",2020-08-01,0,5,2,0,7,47,6
15820,"Campbellsville, KY",2020-09-01,0,6,3,0,9,56,6
15820,"Campbellsville, KY",2020-10-01,0,4,3,0,7,63,6
15820,"Campbellsville, KY",2020-11-01,0,2,0,0,2,65,6
15820,"Campbellsville, KY",2020-12-01,2,1,2,0,5,70,8
15820,"Campbellsville, KY",2021-01-01,3,7,0,0,10,80,11
15820,"Campbellsville, KY",2021-02-01,0,6,3,0,9,89,11
15820,"Campbellsville, KY",2021-03-01,2,11,1,0,14,103,13
15820,"Campbellsville, KY",2021-04-01,3,9,2,1,15,118,16
15820,"Campbellsville, KY",2021-05-01,5,30,8,2,45,163,21
15820,"Campbellsville, KY",2021-06-01,7,29,7,0,43,206,28
15820,"Campbellsville, KY",2021-07-01,5,20,5,0,30,236,33
15820,"Campbellsville, KY",2021-08-01,7,24,6,1,38,274,40
15820,"Campbellsville, KY",2021-09-01,7,18,11,0,36,310,47
15820,"Campbellsville, KY",2021-10-01,6,29,6,1,42,352,53
15820,"Campbellsville, KY",2021-11-01,10,20,5,0,35,387,63
15820,"Campbellsville, KY",2021-12-01,7,27,7,0,41,428,70
15820,"Campbellsville, KY",2022-01-01,5,34,8,1,48,476,75
15820,"Campbellsville, KY",2022-02-01,8,21,5,0,34,510,83
15820,"Campbellsville, KY",2022-03-01,6,30,6,0,42,552,89
15820,"Campbellsville, KY",2022-04-01,12,28,10,1,51,603,101
15820,"Campbellsville, KY",2022-05-01,6,22,3,2,33,636,107
15820,"Campbellsville, KY",2022-06-01,7,21,6,1,35,671,114
15820,"Campbellsville, KY",2022-07-01,4,17,1,0,22,693,118
15820,"Campbellsville, KY",2022-08-01,8,15,5,1,29,722,126
15820,"Campbellsville, KY",2022-09-01,5,15,2,1,23,745,131
15820,"Campbellsville, KY",2022-10-01,6,8,3,0,17,762,137
15820,"Campbellsville, KY",2022-11-01,3,22,4,2,31,793,140
15820,"Campbellsville, KY",2022-12-01,4,16,6,1,27,820,144
15820,"Campbellsville, KY",2023-01-01,9,24,5,1,39,859,153
15820,"Campbellsville, KY",2023-02-01,6,13,4,0,23,882,159
15820,"Campbellsville, KY",2023-03-01,8,16,4,1,29,911,167
15820,"Campbellsville, KY",2023-04-01,11,23,9,0,43,954,178
15820,"Campbellsville, KY",2023-05-01,9,18,7,0,34,988,187
15820,"Campbellsville, KY",2023-06-01,7,23,8,2,40,1028,194
15820,"Campbellsville, KY",2023-07-01,4,15,6,0,25,1053,198
15820,"Campbellsville, KY",2023-08-01,7,17,6,0,30,1083,205
15820,"Campbellsville, KY",2023-09-01,9,12,9,0,30,1113,214
15820,"Campbellsville, KY",2023-10-01,4,12,3,1,20,1133,218
15820,"Campbellsville, KY",2023-11-01,15,8,5,1,29,1162,233
15820,"Campbellsville, KY",2023-12-01,10,25,2,0,37,1199,243
15820,"Campbellsville, KY",2024-01-01,14,17,6,1,38,1237,257
15820,"Campbellsville, KY",2024-02-01,12,11,7,0,30,1267,269
15820,"Campbellsville, KY",2024-03-01,15,21,10,1,47,1314,284
15820,"Campbellsville, KY",2024-04-01,6,23,6,0,35,1349,290
15820,"Campbellsville, KY",2024-05-01,10,13,4,0,27,1376,300
15820,"Campbellsville, KY",2024-06-01,2,7,4,0,13,1389,302
15820,"Campbellsville, KY",2024-07-01,6,5,4,0,15,1404,308
15820,"Campbellsville, KY",2024-08-01,2,10,1,0,13,1417,310
15820,"Campbellsville, KY",2024-09-01,4,11,5,0,20,1437,314
15820,"Campbellsville, KY",2024-10-01,10,20,6,0,36,1473,324
15820,"Campbellsville, KY",2024-11-01,11,10,4,0,25,1498,335
15820,"Campbellsville, KY",2024-12-01,13,18,7,0,38,1536,348
15820,"Campbellsville, KY",2025-01-01,12,17,6,2,37,1573,360
15820,"Campbellsville, KY",2025-02-01,18,17,6,1,42,1615,378
15820,"Campbellsville, KY",2025-03-01,17,18,6,0,41,1656,395
15820,"Campbellsville, KY",2025-04-01,12,15,2,0,29,1685,407
15820,"Campbellsville, KY",2025-05-01,10,27,5,0,42,1727,417
15820,"Campbellsville, KY",2025-06-01,12,13,8,2,35,1762,429
15820,"Campbellsville, KY",2025-07-01,13,19,10,2,44,1806,442
15820,"Campbellsville, KY",2025-08-01,8,15,6,0,29,1835,450
15820,"Campbellsville, KY",2025-09-01,3,0,0,0,3,1838,453
44660,"Stillwater, OK",2019-01-01,0,11,0,0,11,11,0
44660,"Stillwater, OK",2019-02-01,2,8,1,0,11,22,2
44660,"Stillwater, OK",2019-03-01,3,20,5,2,30,52,5
44660,"Stillwater, OK",2019-04-01,0,46,1,0,47,99,5
44660,"Stillwater, OK",2019-05-01,1,41,1,0,43,142,6
44660,"Stillwater, OK",2019-06-01,3,23,2,1,29,171,9
44660,"Stillwater, OK",2019-07-01,0,33,3,0,36,207,9
44660,"Stillwater, OK",2019-08-01,3,39,5,0,47,254,12
44660,"Stillwater, OK",2019-09-01,8,45,5,0,58,312,20
44660,"Stillwater, OK",2019-10-01,5,20,4,0,29,341,25
44660,"Stillwater, OK",2019-11-01,5,28,3,0,36,377,30
44660,"Stillwater, OK",2019-12-01,6,29,7,1,43,420,36
44660,"Stillwater, OK",2020-01-01,8,29,4,0,41,461,44
44660,"Stillwater, OK",2020-02-01,9,34,5,1,49,510,53
44660,"Stillwater, OK",2020-03-01,16,51,11,2,80,590,69
44660,"Stillwater, OK",2020-04-01,27,86,11,0,124,714,96
44660,"Stillwater, OK",2020-05-01,85,97,11,1,194,908,181
44660,"Stillwater, OK",2020-06-01,38,87,6,0,131,1039,219
44660,"Stillwater, OK",2020-07-01,35,80,14,0,129,1168,254
44660,"Stillwater, OK",2020-08-01,27,67,5,1,100,1268,281
44660,"Stillwater, OK",2020-09-01,54,79,4,1,138,1406,335
44660,"Stillwater, OK",2020-10-01,39,58,5,1,103,1509,374
44660,"Stillwater, OK",2020-11-01,26,49,6,1,82,1591,400
44660,"Stillwater, OK",2020-12-01,24,48,11,2,85,1676,424
44660,"Stillwater, OK",2021-01-01,70,60,12,2,144,1820,494
44660,"Stillwater, OK",2021-02-01,46,58,7,0,111,1931,540
44660,"Stillwater, OK",2021-03-01,66,87,11,1,165,2096,606
44660,"Stillwater, OK",2021-04-01,59,58,8,0,125,2221,665
44660,"Stillwater, OK",2021-05-01,41,77,15,0,133,2354,706
44660,"Stillwater, OK",2021-06-01,26,65,9,0,100,2454,732
44660,"Stillwater, OK",2021-07-01,37,57,4,0,98,2552,769
44660,"Stillwater, OK",2021-08-01,44,62,6,1,113,2665,813
44660,"Stillwater, OK",2021-09-01,57,72,15,1,145,2810,870
44660,"Stillwater, OK",2021-10-01,35,34,7,0,76,2886,905
44660,"Stillwater, OK",2021-11-01,39,44,11,0,94,2980,944
44660,"Stillwater, OK",2021-12-01,88,75,20,1,184,3164,1032
44660,"Stillwater, OK",2022-01-01,126,116,26,1,269,3433,1158
44660,"Stillwater, OK",2022-02-01,75,58,6,1,140,3573,1233
44660,"Stillwater, OK",2022-03-01,93,82,20,0,195,3768,1326
44660,"Stillwater, OK",2022-04-01,52,56,10,2,120,3888,1378
44660,"Stillwater, OK",2022-05-01,44,62,7,0,113,4001,1422
44660,"Stillwater, OK",2022-06-01,38,54,8,1,101,4102,1460
44660,"Stillwater, OK",2022-07-01,38,36,10,0,84,4186,1498
44660,"Stillwater, OK",2022-08-01,50,60,16,0,126,4312,1548
44660,"Stillwater, OK",2022-09-01,64,65,11,1,141,4453,1612
44660,"Stillwater, OK",2022-10-01,83,70,10,2,165,4618,1695
44660,"Stillwater, OK",2022-11-01,91,60,10,1,162,4780,1786
44660,"Stillwater, OK",2022-12-01,84,51,25,2,162,4942,1870
44660,"Stillwater, OK",2023-01-01,84,67,10,0,161,5103,1954
44660,"Stillwater, OK",2023-02-01,125,52,17,0,194,5297,2079
44660,"Stillwater, OK",2023-03-01,150,81,18,0,249,5546,2229
44660,"Stillwater, OK",2023-04-01,78,48,10,0,136,5682,2307
44660,"Stillwater, OK",2023-05-01,57,41,14,0,112,5794,2364
44660,"Stillwater, OK",2023-06-01,46,43,11,0,100,5894,2410
44660,"Stillwater, OK",2023-07-01,33,30,13,2,78,5972,2443
44660,"Stillwater, OK",2023-08-01,51,36,10,2,99,6071,2494
44660,"Stillwater, OK",2023-09-01,77,34,9,1,121,6192,2571
44660,"Stillwater, OK",2023-10-01,101,53,5,1,160,6352,2672
44660,"Stillwater, OK",2023-11-01,119,65,13,1,198,6550,2791
44660,"Stillwater, OK",2023-12-01,115,49,10,3,177,6727,2906
44660,"Stillwater, OK",2024-01-01,159,55,11,1,226,6953,3065
44660,"Stillwater, OK",2024-02-01,161,51,19,2,233,7186,3226
44660,"Stillwater, OK",2024-03-01,124,52,9,0,185,7371,3350
44660,"Stillwater, OK",2024-04-01,95,50,5,0,150,7521,3445
44660,"Stillwater, OK",2024-05-01,69,36,10,0,115,7636,3514
44660,"Stillwater, OK",2024-06-01,37,23,7,0,67,7703,3551
44660,"Stillwater, OK",2024-07-01,42,20,12,0,74,7777,3593
44660,"Stillwater, OK",2024-08-01,56,31,9,1,97,7874,3649
44660,"Stillwater, OK",2024-09-01,98,48,13,3,162,8036,3747
44660,"Stillwater, OK",2024-10-01,161,46,13,1,221,8257,3908
44660,"Stillwater, OK",2024-11-01,158,62,13,1,234,8491,4066
44660,"Stillwater, OK",2024-12-01,139,46,17,2,204,8695,4205
44660,"Stillwater, OK",2025-01-01,139,44,16,2,201,8896,4344
44660,"Stillwater, OK",2025-02-01,169,43,16,2,230,9126,4513
44660,"Stillwater, OK",2025-03-01,138,59,9,0,206,9332,4651
44660,"Stillwater, OK",2025-04-01,164,58,13,0,235,9567,4815
44660,"Stillwater, OK",2025-05-01,98,42,16,1,157,9724,4913
44660,"Stillwater, OK",2025-06-01,87,42,12,0,141,9865,5000
44660,"Stillwater, OK",2025-07-01,65,33,9,2,109,9974,5065
44660,"Stillwater, OK",2025-08-01,104,42,17,3,166,10140,5169
44660,"Stillwater, OK",2025-09-01,8,0,0,0,8,10148,5177
46900,"Vernon, TX",2019-03-01,0,1,0,0,1,1,0
46900,"Vernon, TX",2019-08-01,0,1,1,0,2,3,0
46900,"Vernon, TX",2019-09-01,0,1,0,0,1,4,0
46900,"Vernon, TX",2019-10-01,0,1,0,0,1,5,0
46900,"Vernon, TX",2020-03-01,0,2,1,0,3,8,0
46900,"Vernon, TX",2020-04-01,0,1,1,0,2,10,0
46900,"Vernon, TX",2020-05-01,0,1,1,0,2,12,0
46900,"Vernon, TX",2020-09-01,0,4,0,0,4,16,0
46900,"Vernon, TX",2020-10-01,0,1,2,0,3,19,0
46900,"Vernon, TX",2020-12-01,0,1,1,0,2,21,0
46900,"Vernon, TX",2021-02-01,0,1,0,0,1,22,0
46900,"Vernon, TX",2021-03-01,1,0,0,0,1,23,1
46900,"Vernon, TX",2021-04-01,1,5,0,0,6,29,2
46900,"Vernon, TX",2021-05-01,3,2,0,0,5,34,5
46900,"Vernon, TX",2021-06-01,0,1,0,0,1,35,5
46900,"Vernon, TX",2021-07-01,0,2,0,0,2,37,5
46900,"Vernon, TX",2021-08-01,0,2,1,0,3,40,5
46900,"Vernon, TX",2021-09-01,1,2,2,0,5,45,6
46900,"Vernon, TX",2021-10-01,1,0,0,0,1,46,7
46900,"Vernon, TX",2021-11-01,1,4,3,0,8,54,8
46900,"Vernon, TX",2021-12-01,3,2,3,0,8,62,11
46900,"Vernon, TX",2022-01-01,1,6,2,0,9,71,12
46900,"Vernon, TX",2022-02-01,0,3,2,0,5,76,12
46900,"Vernon, TX",2022-03-01,4,6,2,1,13,89,16
46900,"Vernon, TX",2022-04-01,1,6,4,0,11,100,17
46900,"Vernon, TX",2022-05-01,2,8,2,0,12,112,19
46900,"Vernon, TX",2022-06-01,2,2,2,0,6,118,21
46900,"Vernon, TX",2022-07-01,1,4,2,0,7,125,22
46900,"Vernon, TX",2022-08-01,1,13,1,0,15,140,23
46900,"Vernon, TX",2022-09-01,1,2,0,0,3,143,24
46900,"Vernon, TX",2022-10-01,1,2,2,0,5,148,25
46900,"Vernon, TX",2022-11-01,3,5,1,0,9,157,28
46900,"Vernon, TX",2022-12-01,0,2,2,1,5,162,28
46900,"Vernon, TX",2023-01-01,2,0,0,0,2,164,30
46900,"Vernon, TX",2023-02-01,1,3,0,0,4,168,31
46900,"Vernon, TX",2023-03-01,5,3,4,0,12,180,36
46900,"Vernon, TX",2023-04-01,1,4,1,0,6,186,37
46900,"Vernon, TX",2023-05-01,1,3,2,0,6,192,38
46900,"Vernon, TX",2023-06-01,0,1,3,0,4,196,38
46900,"Vernon, TX",2023-07-01,1,6,2,0,9,205,39
46900,"Vernon, TX",2023-08-01,2,3,1,1,7,212,41
46900,"Vernon, TX",2023-09-01,4,4,1,0,9,221,45
46900,"Vernon, TX",2023-10-01,2,4,2,0,8,229,47
46900,"Vernon, TX",2023-11-01,3,9,2,0,14,243,50
46900,"Vernon, TX",2023-12-01,0,6,1,0,7,250,50
46900,"Vernon, TX",2024-01-01,2,8,3,0,13,263,52
46900,"Vernon, TX",2024-02-01,4,2,5,0,11,274,56
46900,"Vernon, TX",2024-03-01,7,5,0,0,12,286,63
46900,"Vernon, TX",2024-04-01,1,5,2,0,8,294,64
46900,"Vernon, TX",2024-05-01,1,5,1,0,7,301,65
46900,"Vernon, TX",2024-06-01,1,6,0,0,7,308,66
46900,"Vernon, TX",2024-07-01,2,4,0,0,6,314,68
46900,"Vernon, TX",2024-08-01,1,2,1,0,4,318,69
46900,"Vernon, TX",2024-09-01,1,1,1,0,3,321,70
46900,"Vernon, TX",2024-10-01,1,6,1,0,8,329,71
46900,"Vernon, TX",2024-11-01,3,2,1,0,6,335,74
46900,"Vernon, TX",2024-12-01,4,6,0,0,10,345,78
46900,"Vernon, TX",2025-01-01,4,6,3,1,14,359,82
46900,"Vernon, TX",2025-02-01,1,1,1,0,3,362,83
46900,"Vernon, TX",2025-03-01,5,6,1,0,12,374,88
46900,"Vernon, TX",2025-04-01,3,4,3,0,10,384,91
46900,"Vernon, TX",2025-05-01,4,7,1,0,12,396,95
46900,"Vernon, TX",2025-06-01,2,2,0,0,4,400,97
46900,"Vernon, TX",2025-07-01,0,2,2,0,4,404,97
46900,"Vernon, TX",2025-08-01,1,2,2,0,5,409,98
40700,"Roseburg, OR",2019-01-01,0,3,5,0,8,8,0
40700,"Roseburg, OR",2019-02-01,0,1,3,0,4,12,0
40700,"Roseburg, OR",2019-03-01,0,2,3,0,5,17,0
40700,"Roseburg, OR",2019-04-01,0,5,1,0,6,23,0
40700,"Roseburg, OR",2019-05-01,1,9,5,0,15,38,1
40700,"Roseburg, OR",2019-06-01,5,23,4,1,33,71,6
40700,"Roseburg, OR",2019-07-01,0,16,3,1,20,91,6
40700,"Roseburg, OR",2019-08-01,5,15,5,0,25,116,11
40700,"Roseburg, OR",2019-09-01,1,16,2,0,19,135,12
40700,"Roseburg, OR",2019-10-01,2,9,6,0,17,152,14
40700,"Roseburg, OR",2019-11-01,2,5,1,0,8,160,16
40700,"Roseburg, OR",2019-12-01,0,12,3,0,15,175,16
40700,"Roseburg, OR",2020-01-01,0,11,3,1,15,190,16
40700,"Roseburg, OR",2020-02-01,4,21,5,0,30,220,20
40700,"Roseburg, OR",2020-03-01,3,21,6,1,31,251,23
40700,"Roseburg, OR",2020-04-01,9,40,14,2,65,316,32
40700,"Roseburg, OR",2020-05-01,11,40,11,1,63,379,43
40700,"Roseburg, OR",2020-06-01,9,27,6,0,42,421,52
40700,"Roseburg, OR",2020-07-01,8,29,7,0,44,465,60
40700,"Roseburg, OR",2020-08-01,19,37,8,2,66,531,79
40700,"Roseburg, OR",2020-09-01,12,24,11,1,48,579,91
40700,"Roseburg, OR",2020-10-01,4,18,15,1,38,617,95
40700,"Roseburg, OR",2020-11-01,11,15,8,0,34,651,106
40700,"Roseburg, OR",2020-12-01,10,27,14,0,51,702,116
40700,"Roseburg, OR",2021-01-01,16,37,7,1,61,763,132
40700,"Roseburg, OR",2021-02-01,15,31,10,0,56,819,147
40700,"Roseburg, OR",2021-03-01,15,45,17,1,78,897,162
40700,"Roseburg, OR",2021-04-01,15,43,11,2,71,968,177
40700,"Roseburg, OR",2021-05-01,18,40,10,0,68,1036,195
40700,"Roseburg, OR",2021-06-01,13,45,4,2,64,1100,208
40700,"Roseburg, OR",2021-07-01,14,32,8,1,55,1155,222
40700,"Roseburg, OR",2021-08-01,16,37,16,1,70,1225,238
40700,"Roseburg, OR",2021-09-01,9,44,15,0,68,1293,247
40700,"Roseburg, OR",2021-10-01,13,30,15,1,59,1352,260
40700,"Roseburg, OR",2021-11-01,10,27,5,2,44,1396,270
40700,"Roseburg, OR",2021-12-01,17,27,7,2,53,1449,287
40700,"Roseburg, OR",2022-01-01,22,48,10,0,80,1529,309
40700,"Roseburg, OR",2022-02-01,18,28,12,0,58,1587,327
40700,"Roseburg, OR",2022-03-01,12,35,13,2,62,1649,339
40700,"Roseburg, OR",2022-04-01,21,33,8,2,64,1713,360
40700,"Roseburg, OR",2022-05-01,19,25,9,2,55,1768,379
40700,"Roseburg, OR",2022-06-01,14,22,5,0,41,1809,393
40700,"Roseburg, OR",2022-07-01,19,28,5,1,53,1862,412
40700,"Roseburg, OR",2022-08-01,22,24,12,1,59,1921,434
40700,"Roseburg, OR",2022-09-01,7,34,7,2,50,1971,441
40700,"Roseburg, OR",2022-10-01,20,28,7,3,58,2029,461
40700,"Roseburg, OR",2022-11-01,10,24,14,0,48,2077,471
40700,"Roseburg, OR",2022-12-01,16,27,12,0,55,2132,487
40700,"Roseburg, OR",2023-01-01,11,22,10,0,43,2175,498
40700,"Roseburg, OR",2023-02-01,13,31,15,1,60,2235,511
40700,"Roseburg, OR",2023-03-01,18,40,18,3,79,2314,529
40700,"Roseburg, OR",2023-04-01,13,21,12,3,49,2363,542
40700,"Roseburg, OR",2023-05-01,25,20,7,1,53,2416,567
40700,"Roseburg, OR",2023-06-01,11,14,8,0,33,2449,578
40700,"Roseburg, OR",2023-07-01,14,28,14,0,56,2505,592
40700,"Roseburg, OR",2023-08-01,6,14,2,1,23,2528,598
40700,"Roseburg, OR",2023-09-01,13,9,6,0,28,2556,611
40700,"Roseburg, OR",2023-10-01,12,24,5,3,44,2600,623
40700,"Roseburg, OR",2023-11-01,21,33,19,0,73,2673,644
40700,"Roseburg, OR",2023-12-01,19,28,4,2,53,2726,663
40700,"Roseburg, OR",2024-01-01,23,30,12,2,67,2793,686
40700,"Roseburg, OR",2024-02-01,24,24,6,2,56,2849,710
40700,"Roseburg, OR",2024-03-01,31,24,10,2,67,2916,741
40700,"Roseburg, OR",2024-04-01,18,24,12,1,55,2971,759
40700,"Roseburg, OR",2024-05-01,12,23,7,1,43,3014,771
40700,"Roseburg, OR",2024-06-01,11,14,3,1,29,3043,782
40700,"Roseburg, OR",2024-07-01,11,12,5,0,28,3071,793
40700,"Roseburg, OR",2024-08-01,6,16,3,0,25,3096,799
40700,"Roseburg, OR",2024-09-01,17,20,2,1,40,3136,816
40700,"Roseburg, OR",2024-10-01,27,35,6,1,69,3205,843
40700,"Roseburg, OR",2024-11-01,31,34,9,1,75,3280,874
40700,"Roseburg, OR",2024-12-01,26,24,11,3,64,3344,900
40700,"Roseburg, OR",2025-01-01,24,27,13,1,65,3409,924
40700,"Roseburg, OR",2025-02-01,23,22,14,1,60,3469,947
40700,"Roseburg, OR",2025-03-01,34,13,12,1,60,3529,981
40700,"Roseburg, OR",2025-04-01,25,25,8,1,59,3588,1006
40700,"Roseburg, OR",2025-05-01,22,23,6,2,53,3641,1028
40700,"Roseburg, OR",2025-06-01,25,31,9,0,65,3706,1053
40700,"Roseburg, OR",2025-07-01,21,11,4,0,36,3742,1074
40700,"Roseburg, OR",2025-08-01,21,21,8,0,50,3792,1095
40700,"Roseburg, OR",2025-09-01,3,0,0,0,3,3795,1098
34860,"Nacogdoches, TX",2019-01-01,0,3,1,0,4,4,0
34860,"Nacogdoches, TX",2019-02-01,0,1,0,0,1,5,0
34860,"Nacogdoches, TX",2019-03-01,0,5,4,0,9,14,0
34860,"Nacogdoches, TX",2019-04-01,0,41,5,2,48,62,0
34860,"Nacogdoches, TX",2019-05-01,0,35,4,0,39,101,0
34860,"Nacogdoches, TX",2019-06-01,1,31,4,0,36,137,1
34860,"Nacogdoches, TX",2019-07-01,0,25,2,0,27,164,1
34860,"Nacogdoches, TX",2019-08-01,3,30,5,0,38,202,4
34860,"Nacogdoches, TX",2019-09-01,7,35,9,0,51,253,11
34860,"Nacogdoches, TX",2019-10-01,0,22,4,0,26,279,11
34860,"Nacogdoches, TX",2019-11-01,2,27,3,0,32,311,13
34860,"Nacogdoches, TX",2019-12-01,3,21,0,0,24,335,16
34860,"Nacogdoches, TX",2020-01-01,8,30,7,0,45,380,24
34860,"Nacogdoches, TX",2020-02-01,4,37,5,0,46,426,28
34860,"Nacogdoches, TX",2020-03-01,6,43,7,0,56,482,34
34860,"Nacogdoches, TX",2020-04-01,13,47,11,2,73,555,47
34860,"Nacogdoches, TX",2020-05-01,25,76,7,1,109,664,72
34860,"Nacogdoches, TX",2020-06-01,12,38,5,0,55,719,84
34860,"Nacogdoches, TX",2020-07-01,27,66,4,2,99,818,111
34860,"Nacogdoches, TX",2020-08-01,27,68,14,0,109,927,138
34860,"Nacogdoches, TX",2020-09-01,22,53,3,1,79,1006,160
34860,"Nacogdoches, TX",2020-10-01,24,43,5,2,74,1080,184
34860,"Nacogdoches, TX",2020-11-01,17,37,3,2,59,1139,201
34860,"Nacogdoches, TX",2020-12-01,14,41,7,0,62,1201,215
34860,"Nacogdoches, TX",2021-01-01,33,58,11,0,102,1303,248
34860,"Nacogdoches, TX",2021-02-01,17,34,4,0,55,1358,265
34860,"Nacogdoches, TX",2021-03-01,55,80,6,0,141,1499,320
34860,"Nacogdoches, TX",2021-04-01,43,77,9,3,132,1631,363
34860,"Nacogdoches, TX",2021-05-01,33,98,16,2,149,1780,396
34860,"Nacogdoches, TX",2021-06-01,23,70,12,0,105,1885,419
34860,"Nacogdoches, TX",2021-07-01,25,53,9,2,89,1974,444
34860,"Nacogdoches, TX",2021-08-01,28,53,4,1,86,2060,472
34860,"Nacogdoches, TX",2021-09-01,21,28,9,0,58,2118,493
34860,"Nacogdoches, TX",2021-10-01,28,35,13,1,77,2195,521
34860,"Nacogdoches, TX",2021-11-01,20,36,4,0,60,2255,541
34860,"Nacogdoches, TX",2021-12-01,34,56,13,2,105,2360,575
34860,"Nacogdoches, TX",2022-01-01,25,54,16,1,96,2456,600
34860,"Nacogdoches, TX",2022-02-01,41,41,11,1,94,2550,641
34860,"Nacogdoches, TX",2022-03-01,48,65,14,2,129,2679,689
34860,"Nacogdoches, TX",2022-04-01,23,42,7,0,72,2751,712
34860,"Nacogdoches, TX",2022-05-01,23,54,7,0,84,2835,735
34860,"Nacogdoches, TX",2022-06-01,21,33,8,0,62,2897,756
34860,"Nacogdoches, TX",2022-07-01,17,55,7,0,79,2976,773
34860,"Nacogdoches, TX",2022-08-01,29,57,5,1,92,3068,802
34860,"Nacogdoches, TX",2022-09-01,60,59,12,0,131,3199,862
34860,"Nacogdoches, TX",2022-10-01,40,39,12,0,91,3290,902
34860,"Nacogdoches, TX",2022-11-01,49,44,13,0,106,3396,951
34860,"Nacogdoches, TX",2022-12-01,50,43,8,2,103,3499,1001
34860,"Nacogdoches, TX",2023-01-01,30,33,14,0,77,3576,1031
34860,"Nacogdoches, TX",2023-02-01,37,31,13,0,81,3657,1068
34860,"Nacogdoches, TX",2023-03-01,65,50,13,1,129,3786,1133
34860,"Nacogdoches, TX",2023-04-01,36,44,7,0,87,3873,1169
34860,"Nacogdoches, TX",2023-05-01,23,31,5,0,59,3932,1192
34860,"Nacogdoches, TX",2023-06-01,25,32,7,1,65,3997,1217
34860,"Nacogdoches, TX",2023-07-01,17,29,11,3,60,4057,1234
34860,"Nacogdoches, TX",2023-08-01,17,15,5,0,37,4094,1251
34860,"Nacogdoches, TX",2023-09-01,24,25,13,4,66,4160,1275
34860,"Nacogdoches, TX",2023-10-01,53,38,12,5,108,4268,1328
34860,"Nacogdoches, TX",2023-11-01,59,44,6,1,110,4378,1387
34860,"Nacogdoches, TX",2023-12-01,43,39,16,1,99,4477,1430
34860,"Nacogdoches, TX",2024-01-01,46,35,14,2,97,4574,1476
34860,"Nacogdoches, TX",2024-02-01,62,35,16,1,114,4688,1538
34860,"Nacogdoches, TX",2024-03-01,58,45,14,1,118,4806,1596
34860,"Nacogdoches, TX",2024-04-01,38,45,14,2,99,4905,1634
34860,"Nacogdoches, TX",2024-05-01,32,27,13,1,73,4978,1666
34860,"Nacogdoches, TX",2024-06-01,19,30,4,2,55,5033,1685
34860,"Nacogdoches, TX",2024-07-01,21,23,12,0,56,5089,1706
34860,"Nacogdoches, TX",2024-08-01,34,35,14,0,83,5172,1740
34860,"Nacogdoches, TX",2024-09-01,44,44,12,0,100,5272,1784
34860,"Nacogdoches, TX",2024-10-01,52,58,12,4,126,5398,1836
34860,"Nacogdoches, TX",2024-11-01,58,56,13,3,130,5528,1894
34860,"Nacogdoches, TX",2024-12-01,55,32,8,1,96,5624,1949
34860,"Nacogdoches, TX",2025-01-01,62,50,14,1,127,5751,2011
34860,"Nacogdoches, TX",2025-02-01,58,41,17,1,117,5868,2069
34860,"Nacogdoches, TX",2025-03-01,78,61,15,2,156,6024,2147
34860,"Nacogdoches, TX",2025-04-01,55,60,20,1,136,6160,2202
34860,"Nacogdoches, TX",2025-05-01,46,65,16,3,130,6290,2248
34860,"Nacogdoches, TX",2025-06-01,27,30,4,0,61,6351,2275
34860,"Nacogdoches, TX",2025-07-01,22,27,12,0,61,6412,2297
34860,"Nacogdoches, TX",2025-08-01,28,18,6,0,52,6464,2325
34860,"Nacogdoches, TX",2025-09-01,1,0,0,0,1,6465,2326
39900,"Reno, NV",2019-01-01,6,121,26,1,154,154,6
39900,"Reno, NV",2019-02-01,10,114,26,5,155,309,16
39900,"Reno, NV",2019-03-01,7,148,41,3,199,508,23
39900,"Reno, NV",2019-04-01,10,146,34,6,196,704,33
39900,"Reno, NV",2019-05-01,7,134,27,4,172,876,40
39900,"Reno, NV",2019-06-01,7,92,22,2,123,999,47
39900,"Reno, NV",2019-07-01,14,117,30,3,164,1163,61
39900,"Reno, NV",2019-08-01,15,109,26,4,154,1317,76
39900,"Reno, NV",2019-09-01,19,170,35,4,228,1545,95
39900,"Reno, NV",2019-10-01,22,163,29,1,215,1760,117
39900,"Reno, NV",2019-11-01,20,120,33,4,177,1937,137
39900,"Reno, NV",2019-12-01,15,148,30,6,199,2136,152
39900,"Reno, NV",2020-01-01,26,166,48,2,242,2378,178
39900,"Reno, NV",2020-02-01,21,130,27,5,183,2561,199
39900,"Reno, NV",2020-03-01,26,128,45,5,204,2765,225
39900,"Reno, NV",2020-04-01,78,314,78,15,485,3250,303
39900,"Reno, NV",2020-05-01,115,365,76,18,574,3824,418
39900,"Reno, NV",2020-06-01,130,313,55,4,502,4326,548
39900,"Reno, NV",2020-07-01,138,422,99,9,668,4994,686
39900,"Reno, NV",2020-08-01,119,511,76,13,719,5713,805
39900,"Reno, NV",2020-09-01,98,397,82,7,584,6297,903
39900,"Reno, NV",2020-10-01,101,316,73,6,496,6793,1004
39900,"Reno, NV",2020-11-01,124,349,69,6,548,7341,1128
39900,"Reno, NV",2020-12-01,93,332,67,11,503,7844,1221
39900,"Reno, NV",2021-01-01,155,387,96,9,647,8491,1376
39900,"Reno, NV",2021-02-01,107,383,82,16,588,9079,1483
39900,"Reno, NV",2021-03-01,163,373,86,18,640,9719,1646
39900,"Reno, NV",2021-04-01,144,457,119,12,732,10451,1790
39900,"Reno, NV",2021-05-01,180,524,103,12,819,11270,1970
39900,"Reno, NV",2021-06-01,152,529,101,18,800,12070,2122
39900,"Reno, NV",2021-07-01,163,495,95,7,760,12830,2285
39900,"Reno, NV",2021-08-01,152,486,106,18,762,13592,2437
39900,"Reno, NV",2021-09-01,140,485,123,11,759,14351,2577
39900,"Reno, NV",2021-10-01,155,460,133,16,764,15115,2732
39900,"Reno, NV",2021-11-01,145,371,93,17,626,15741,2877
39900,"Reno, NV",2021-12-01,142,345,89,12,588,16329,3019
39900,"Reno, NV",2022-01-01,195,491,122,13,821,17150,3214
39900,"Reno, NV",2022-02-01,117,285,83,12,497,17647,3331
39900,"Reno, NV",2022-03-01,141,319,108,12,580,18227,3472
39900,"Reno, NV",2022-04-01,118,305,75,6,504,18731,3590
39900,"Reno, NV",2022-05-01,141,306,68,6,521,19252,3731
39900,"Reno, NV",2022-06-01,138,298,82,6,524,19776,3869
39900,"Reno, NV",2022-07-01,123,338,69,6,536,20312,3992
39900,"Reno, NV",2022-08-01,155,373,96,10,634,20946,4147
39900,"Reno, NV",2022-09-01,166,346,90,11,613,21559,4313
39900,"Reno, NV",2022-10-01,141,280,78,12,511,22070,4454
39900,"Reno, NV",2022-11-01,160,333,74,12,579,22649,4614
39900,"Reno, NV",2022-12-01,165,300,88,16,569,23218,4779
39900,"Reno, NV",2023-01-01,171,342,88,9,610,23828,4950
39900,"Reno, NV",2023-02-01,132,254,74,9,469,24297,5082
39900,"Reno, NV",2023-03-01,188,340,111,8,647,24944,5270
39900,"Reno, NV",2023-04-01,114,249,71,15,449,25393,5384
39900,"Reno, NV",2023-05-01,94,184,49,3,330,25723,5478
39900,"Reno, NV",2023-06-01,67,144,37,6,254,25977,5545
39900,"Reno, NV",2023-07-01,65,163,40,5,273,26250,5610
39900,"Reno, NV",2023-08-01,95,192,61,3,351,26601,5705
39900,"Reno, NV",2023-09-01,168,249,70,5,492,27093,5873
39900,"Reno, NV",2023-10-01,141,255,86,3,485,27578,6014
39900,"Reno, NV",2023-11-01,185,306,89,13,593,28171,6199
39900,"Reno, NV",2023-12-01,163,234,70,13,480,28651,6362
39900,"Reno, NV",2024-01-01,180,275,86,20,561,29212,6542
39900,"Reno, NV",2024-02-01,175,237,88,8,508,29720,6717
39900,"Reno, NV",2024-03-01,162,272,74,9,517,30237,6879
39900,"Reno, NV",2024-04-01,152,238,68,11,469,30706,7031
39900,"Reno, NV",2024-05-01,162,285,97,18,562,31268,7193
39900,"Reno, NV",2024-06-01,205,341,74,9,629,31897,7398
39900,"Reno, NV",2024-07-01,184,310,73,9,576,32473,7582
39900,"Reno, NV",2024-08-01,171,308,84,9,572,33045,7753
39900,"Reno, NV",2024-09-01,186,247,85,11,529,33574,7939
39900,"Reno, NV",2024-10-01,188,272,72,11,543,34117,8127
39900,"Reno, NV",2024-11-01,194,301,70,8,573,34690,8321
39900,"Reno, NV",2024-12-01,233,292,64,9,598,35288,8554
39900,"Reno, NV",2025-01-01,245,360,87,14,706,35994,8799
39900,"Reno, NV",2025-02-01,211,280,84,12,587,36581,9010
39900,"Reno, NV",2025-03-01,215,319,74,7,615,37196,9225
39900,"Reno, NV",2025-04-01,221,311,78,9,619,37815,9446
39900,"Reno, NV",2025-05-01,204,293,90,4,591,38406,9650
39900,"Reno, NV",2025-06-01,230,284,74,8,596,39002,9880
39900,"Reno, NV",2025-07-01,209,258,65,4,536,39538,10089
39900,"Reno, NV",2025-08-01,177,225,41,5,448,39986,10266
39900,"Reno, NV",2025-09-01,4,4,0,0,8,39994,10270
22900,"Fort Smith, AR-OK",2019-01-01,0,12,1,1,14,14,0
22900,"Fort Smith, AR-OK",2019-02-01,0,26,10,1,37,51,0
22900,"Fort Smith, AR-OK",2019-03-01,1,24,9,0,34,85,1
22900,"Fort Smith, AR-OK",2019-04-01,3,21,14,2,40,125,4
22900,"Fort Smith, AR-OK",2019-05-01,1,24,7,1,33,158,5
22900,"Fort Smith, AR-OK",2019-06-01,0,14,4,1,19,177,5
22900,"Fort Smith, AR-OK",2019-07-01,0,11,6,0,17,194,5
22900,"Fort Smith, AR-OK",2019-08-01,1,17,8,0,26,220,6
22900,"Fort Smith, AR-OK",2019-09-01,4,25,7,2,38,258,10
22900,"Fort Smith, AR-OK",2019-10-01,3,33,7,0,43,301,13
22900,"Fort Smith, AR-OK",2019-11-01,2,23,6,1,32,333,15
22900,"Fort Smith, AR-OK",2019-12-01,3,21,10,1,35,368,18
22900,"Fort Smith, AR-OK",2020-01-01,5,42,7,0,54,422,23
22900,"Fort Smith, AR-OK",2020-02-01,6,17,7,1,31,453,29
22900,"Fort Smith, AR-OK",2020-03-01,3,31,13,0,47,500,32
22900,"Fort Smith, AR-OK",2020-04-01,9,52,11,0,72,572,41
22900,"Fort Smith, AR-OK",2020-05-01,14,66,20,5,105,677,55
22900,"Fort Smith, AR-OK",2020-06-01,17,61,5,1,84,761,72
22900,"Fort Smith, AR-OK",2020-07-01,30,55,13,2,100,861,102
22900,"Fort Smith, AR-OK",2020-08-01,20,79,22,3,124,985,122
22900,"Fort Smith, AR-OK",2020-09-01,15,71,18,3,107,1092,137
22900,"Fort Smith, AR-OK",2020-10-01,15,66,9,0,90,1182,152
22900,"Fort Smith, AR-OK",2020-11-01,16,53,15,0,84,1266,168
22900,"Fort Smith, AR-OK",2020-12-01,11,48,11,2,72,1338,179
22900,"Fort Smith, AR-OK",2021-01-01,46,101,19,0,166,1504,225
22900,"Fort Smith, AR-OK",2021-02-01,33,84,17,1,135,1639,258
22900,"Fort Smith, AR-OK",2021-03-01,42,105,20,2,169,1808,300
22900,"Fort Smith, AR-OK",2021-04-01,33,122,16,4,175,1983,333
22900,"Fort Smith, AR-OK",2021-05-01,30,102,15,3,150,2133,363
22900,"Fort Smith, AR-OK",2021-06-01,23,72,26,1,122,2255,386
22900,"Fort Smith, AR-OK",2021-07-01,27,82,29,2,140,2395,413
22900,"Fort Smith, AR-OK",2021-08-01,19,91,27,2,139,2534,432
22900,"Fort Smith, AR-OK",2021-09-01,37,114,35,2,188,2722,469
22900,"Fort Smith, AR-OK",2021-10-01,16,75,33,2,126,2848,485
22900,"Fort Smith, AR-OK",2021-11-01,23,76,34,3,136,2984,508
22900,"Fort Smith, AR-OK",2021-12-01,28,86,20,2,136,3120,536
22900,"Fort Smith, AR-OK",2022-01-01,34,127,30,5,196,3316,570
22900,"Fort Smith, AR-OK",2022-02-01,27,72,19,2,120,3436,597
22900,"Fort Smith, AR-OK",2022-03-01,60,100,33,3,196,3632,657
22900,"Fort Smith, AR-OK",2022-04-01,25,57,17,2,101,3733,682
22900,"Fort Smith, AR-OK",2022-05-01,56,88,23,3,170,3903,738
22900,"Fort Smith, AR-OK",2022-06-01,33,76,21,0,130,4033,771
22900,"Fort Smith, AR-OK",2022-07-01,31,72,16,3,122,4155,802
22900,"Fort Smith, AR-OK",2022-08-01,46,105,24,2,177,4332,848
22900,"Fort Smith, AR-OK",2022-09-01,48,125,33,5,211,4543,896
22900,"Fort Smith, AR-OK",2022-10-01,62,99,21,2,184,4727,958
22900,"Fort Smith, AR-OK",2022-11-01,48,73,31,1,153,4880,1006
22900,"Fort Smith, AR-OK",2022-12-01,55,83,25,1,164,5044,1061
22900,"Fort Smith, AR-OK",2023-01-01,45,90,21,2,158,5202,1106
22900,"Fort Smith, AR-OK",2023-02-01,48,90,43,0,181,5383,1154
22900,"Fort Smith, AR-OK",2023-03-01,74,163,38,6,281,5664,1228
22900,"Fort Smith, AR-OK",2023-04-01,39,97,26,3,165,5829,1267
22900,"Fort Smith, AR-OK",2023-05-01,32,60,14,2,108,5937,1299
22900,"Fort Smith, AR-OK",2023-06-01,37,68,18,1,124,6061,1336
22900,"Fort Smith, AR-OK",2023-07-01,36,50,28,3,117,6178,1372
22900,"Fort Smith, AR-OK",2023-08-01,22,61,12,2,97,6275,1394
22900,"Fort Smith, AR-OK",2023-09-01,35,51,36,3,125,6400,1429
22900,"Fort Smith, AR-OK",2023-10-01,57,71,27,3,158,6558,1486
22900,"Fort Smith, AR-OK",2023-11-01,59,94,33,4,190,6748,1545
22900,"Fort Smith, AR-OK",2023-12-01,71,94,38,3,206,6954,1616
22900,"Fort Smith, AR-OK",2024-01-01,87,112,36,2,237,7191,1703
22900,"Fort Smith, AR-OK",2024-02-01,89,86,34,3,212,7403,1792
22900,"Fort Smith, AR-OK",2024-03-01,79,110,33,2,224,7627,1871
22900,"Fort Smith, AR-OK",2024-04-01,40,60,23,2,125,7752,1911
22900,"Fort Smith, AR-OK",2024-05-01,47,57,18,3,125,7877,1958
22900,"Fort Smith, AR-OK",2024-06-01,22,45,8,2,77,7954,1980
22900,"Fort Smith, AR-OK",2024-07-01,50,70,22,3,145,8099,2030
22900,"Fort Smith, AR-OK",2024-08-01,26,35,17,1,79,8178,2056
22900,"Fort Smith, AR-OK",2024-09-01,35,40,6,1,82,8260,2091
22900,"Fort Smith, AR-OK",2024-10-01,46,47,14,0,107,8367,2137
22900,"Fort Smith, AR-OK",2024-11-01,45,55,20,1,121,8488,2182
22900,"Fort Smith, AR-OK",2024-12-01,42,37,19,1,99,8587,2224
22900,"Fort Smith, AR-OK",2025-01-01,98,100,36,2,236,8823,2322
22900,"Fort Smith, AR-OK",2025-02-01,97,114,36,2,249,9072,2419
22900,"Fort Smith, AR-OK",2025-03-01,121,89,34,0,244,9316,2540
22900,"Fort Smith, AR-OK",2025-04-01,76,71,15,3,165,9481,2616
22900,"Fort Smith, AR-OK",2025-05-01,111,113,35,3,262,9743,2727
22900,"Fort Smith, AR-OK",2025-06-01,38,46,10,0,94,9837,2765
22900,"Fort Smith, AR-OK",2025-07-01,96,83,31,1,211,10048,2861
22900,"Fort Smith, AR-OK",2025-08-01,86,95,24,1,206,10254,2947
22900,"Fort Smith, AR-OK",2025-09-01,0,1,1,1,3,10257,2947
10820,"Alexandria, MN",2019-02-01,0,1,0,0,1,1,0
10820,"Alexandria, MN",2019-03-01,0,1,0,0,1,2,0
10820,"Alexandria, MN",2019-04-01,0,3,0,0,3,5,0
10820,"Alexandria, MN",2019-06-01,0,1,0,0,1,6,0
10820,"Alexandria, MN",2019-07-01,0,1,0,0,1,7,0
10820,"Alexandria, MN",2019-08-01,0,2,2,0,4,11,0
10820,"Alexandria, MN",2019-09-01,0,2,1,0,3,14,0
10820,"Alexandria, MN",2019-10-01,0,4,0,0,4,18,0
10820,"Alexandria, MN",2019-11-01,1,3,0,0,4,22,1
10820,"Alexandria, MN",2019-12-01,0,1,1,0,2,24,1
10820,"Alexandria, MN",2020-01-01,1,1,0,0,2,26,2
10820,"Alexandria, MN",2020-02-01,1,2,0,0,3,29,3
10820,"Alexandria, MN",2020-03-01,2,2,0,0,4,33,5
10820,"Alexandria, MN",2020-04-01,1,7,4,0,12,45,6
10820,"Alexandria, MN",2020-05-01,4,5,0,1,10,55,10
10820,"Alexandria, MN",2020-06-01,2,3,2,0,7,62,12
10820,"Alexandria, MN",2020-07-01,4,5,0,0,9,71,16
10820,"Alexandria, MN",2020-08-01,2,5,2,0,9,80,18
10820,"Alexandria, MN",2020-09-01,6,9,1,0,16,96,24
10820,"Alexandria, MN",2020-10-01,2,8,3,0,13,109,26
10820,"Alexandria, MN",2020-11-01,6,7,1,0,14,123,32
10820,"Alexandria, MN",2020-12-01,7,8,5,0,20,143,39
10820,"Alexandria, MN",2021-01-01,9,13,7,0,29,172,48
10820,"Alexandria, MN",2021-02-01,7,3,2,0,12,184,55
10820,"Alexandria, MN",2021-03-01,11,9,1,0,21,205,66
10820,"Alexandria, MN",2021-04-01,4,6,2,0,12,217,70
10820,"Alexandria, MN",2021-05-01,13,11,3,0,27,244,83
10820,"Alexandria, MN",2021-06-01,7,16,6,1,30,274,90
10820,"Alexandria, MN",2021-07-01,6,9,2,0,17,291,96
10820,"Alexandria, MN",2021-08-01,5,9,2,0,16,307,101
10820,"Alexandria, MN",2021-09-01,8,16,5,0,29,336,109
10820,"Alexandria, MN",2021-10-01,12,21,4,0,37,373,121
10820,"Alexandria, MN",2021-11-01,12,21,1,0,34,407,133
10820,"Alexandria, MN",2021-12-01,8,17,1,1,27,434,141
10820,"Alexandria, MN",2022-01-01,19,28,4,1,52,486,160
10820,"Alexandria, MN",2022-02-01,16,15,5,1,37,523,176
10820,"Alexandria, MN",2022-03-01,13,21,11,1,46,569,189
10820,"Alexandria, MN",2022-04-01,8,13,3,0,24,593,197
10820,"Alexandria, MN",2022-05-01,17,13,4,2,36,629,214
10820,"Alexandria, MN",2022-06-01,9,15,1,0,25,654,223
10820,"Alexandria, MN",2022-07-01,9,10,2,0,21,675,232
10820,"Alexandria, MN",2022-08-01,16,10,4,0,30,705,248
10820,"Alexandria, MN",2022-09-01,17,13,4,0,34,739,265
10820,"Alexandria, MN",2022-10-01,7,10,3,1,21,760,272
10820,"Alexandria, MN",2022-11-01,14,7,2,1,24,784,286
10820,"Alexandria, MN",2022-12-01,11,17,3,0,31,815,297
10820,"Alexandria, MN",2023-01-01,13,16,1,0,30,845,310
10820,"Alexandria, MN",2023-02-01,9,13,2,0,24,869,319
10820,"Alexandria, MN",2023-03-01,17,15,5,0,37,906,336
10820,"Alexandria, MN",2023-04-01,16,12,4,0,32,938,352
10820,"Alexandria, MN",2023-05-01,11,13,2,0,26,964,363
10820,"Alexandria, MN",2023-06-01,10,12,6,0,28,992,373
10820,"Alexandria, MN",2023-07-01,10,7,2,1,20,1012,383
10820,"Alexandria, MN",2023-08-01,12,12,3,1,28,1040,395
10820,"Alexandria, MN",2023-09-01,11,19,7,0,37,1077,406
10820,"Alexandria, MN",2023-10-01,17,17,5,0,39,1116,423
10820,"Alexandria, MN",2023-11-01,9,10,1,0,20,1136,432
10820,"Alexandria, MN",2023-12-01,15,11,1,0,27,1163,447
10820,"Alexandria, MN",2024-01-01,14,16,8,0,38,1201,461
10820,"Alexandria, MN",2024-02-01,17,15,2,0,34,1235,478
10820,"Alexandria, MN",2024-03-01,12,12,1,1,26,1261,490
10820,"Alexandria, MN",2024-04-01,17,10,3,0,30,1291,507
10820,"Alexandria, MN",2024-05-01,14,20,6,2,42,1333,521
10820,"Alexandria, MN",2024-06-01,9,8,1,0,18,1351,530
10820,"Alexandria, MN",2024-07-01,7,9,1,0,17,1368,537
10820,"Alexandria, MN",2024-08-01,23,22,4,0,49,1417,560
10820,"Alexandria, MN",2024-09-01,17,15,1,0,33,1450,577
10820,"Alexandria, MN",2024-10-01,19,17,3,0,39,1489,596
10820,"Alexandria, MN",2024-11-01,22,9,1,0,32,1521,618
10820,"Alexandria, MN",2024-12-01,14,21,2,2,39,1560,632
10820,"Alexandria, MN",2025-01-01,18,20,7,0,45,1605,650
10820,"Alexandria, MN",2025-02-01,12,16,4,1,33,1638,662
10820,"Alexandria, MN",2025-03-01,21,18,5,0,44,1682,683
10820,"Alexandria, MN",2025-04-01,11,8,5,0,24,1706,694
10820,"Alexandria, MN",2025-05-01,6,13,4,0,23,1729,700
10820,"Alexandria, MN",2025-06-01,20,14,3,1,38,1767,720
10820,"Alexandria, MN",2025-07-01,13,20,2,0,35,1802,733
10820,"Alexandria, MN",2025-08-01,15,12,2,0,29,1831,748
10820,"Alexandria, MN",2025-09-01,0,0,1,0,1,1832,748
19620,"Del Rio, TX",2019-01-01,0,1,0,0,1,1,0
19620,"Del Rio, TX",2019-02-01,0,0,1,0,1,2,0
19620,"Del Rio, TX",2019-04-01,0,1,1,0,2,4,0
19620,"Del Rio, TX",2019-05-01,0,4,0,0,4,8,0
19620,"Del Rio, TX",2019-06-01,0,11,3,0,14,22,0
19620,"Del Rio, TX",2019-07-01,1,7,1,0,9,31,1
19620,"Del Rio, TX",2019-08-01,1,10,4,0,15,46,2
19620,"Del Rio, TX",2019-09-01,0,10,2,0,12,58,2
19620,"Del Rio, TX",2019-10-01,1,8,4,0,13,71,3
19620,"Del Rio, TX",2019-11-01,4,13,2,1,20,91,7
19620,"Del Rio, TX",2019-12-01,0,8,2,0,10,101,7
19620,"Del Rio, TX",2020-01-01,1,4,0,0,5,106,8
19620,"Del Rio, TX",2020-02-01,0,15,0,0,15,121,8
19620,"Del Rio, TX",2020-03-01,2,14,5,0,21,142,10
19620,"Del Rio, TX",2020-04-01,3,24,3,2,32,174,13
19620,"Del Rio, TX",2020-05-01,7,12,0,0,19,193,20
19620,"Del Rio, TX",2020-06-01,7,11,3,0,21,214,27
19620,"Del Rio, TX",2020-07-01,4,17,2,0,23,237,31
19620,"Del Rio, TX",2020-08-01,7,17,2,0,26,263,38
19620,"Del Rio, TX",2020-09-01,2,9,1,0,12,275,40
19620,"Del Rio, TX",2020-10-01,3,8,0,0,11,286,43
19620,"Del Rio, TX",2020-11-01,3,9,1,0,13,299,46
19620,"Del Rio, TX",2020-12-01,6,7,0,0,13,312,52
19620,"Del Rio, TX",2021-01-01,11,11,8,0,30,342,63
19620,"Del Rio, TX",2021-02-01,1,7,1,0,9,351,64
19620,"Del Rio, TX",2021-03-01,4,15,4,0,23,374,68
19620,"Del Rio, TX",2021-04-01,7,10,0,2,19,393,75
19620,"Del Rio, TX",2021-05-01,13,18,3,0,34,427,88
19620,"Del Rio, TX",2021-06-01,7,20,2,0,29,456,95
19620,"Del Rio, TX",2021-07-01,2,15,2,0,19,475,97
19620,"Del Rio, TX",2021-08-01,7,21,4,0,32,507,104
19620,"Del Rio, TX",2021-09-01,3,21,2,0,26,533,107
19620,"Del Rio, TX",2021-10-01,3,18,3,0,24,557,110
19620,"Del Rio, TX",2021-11-01,6,12,3,0,21,578,116
19620,"Del Rio, TX",2021-12-01,7,12,1,1,21,599,123
19620,"Del Rio, TX",2022-01-01,9,34,9,0,52,651,132
19620,"Del Rio, TX",2022-02-01,5,18,2,0,25,676,137
19620,"Del Rio, TX",2022-03-01,13,11,4,0,28,704,150
19620,"Del Rio, TX",2022-04-01,6,16,2,1,25,729,156
19620,"Del Rio, TX",2022-05-01,9,14,3,0,26,755,165
19620,"Del Rio, TX",2022-06-01,3,15,1,0,19,774,168
19620,"Del Rio, TX",2022-07-01,6,17,4,1,28,802,174
19620,"Del Rio, TX",2022-08-01,5,14,2,0,21,823,179
19620,"Del Rio, TX",2022-09-01,2,12,6,0,20,843,181
19620,"Del Rio, TX",2022-10-01,8,11,3,0,22,865,189
19620,"Del Rio, TX",2022-11-01,6,14,0,0,20,885,195
19620,"Del Rio, TX",2022-12-01,7,18,4,1,30,915,202
19620,"Del Rio, TX",2023-01-01,7,14,1,1,23,938,209
19620,"Del Rio, TX",2023-02-01,10,13,2,0,25,963,219
19620,"Del Rio, TX",2023-03-01,14,20,2,0,36,999,233
19620,"Del Rio, TX",2023-04-01,11,13,2,0,26,1025,244
19620,"Del Rio, TX",2023-05-01,6,12,1,0,19,1044,250
19620,"Del Rio, TX",2023-06-01,11,11,4,0,26,1070,261
19620,"Del Rio, TX",2023-07-01,7,23,5,0,35,1105,268
19620,"Del Rio, TX",2023-08-01,5,6,0,1,12,1117,273
19620,"Del Rio, TX",2023-09-01,9,6,2,0,17,1134,282
19620,"Del Rio, TX",2023-10-01,6,6,1,0,13,1147,288
19620,"Del Rio, TX",2023-11-01,5,21,6,1,33,1180,293
19620,"Del Rio, TX",2023-12-01,10,14,2,0,26,1206,303
19620,"Del Rio, TX",2024-01-01,14,13,2,1,30,1236,317
19620,"Del Rio, TX",2024-02-01,10,9,5,0,24,1260,327
19620,"Del Rio, TX",2024-03-01,10,8,7,0,25,1285,337
19620,"Del Rio, TX",2024-04-01,7,6,5,0,18,1303,344
19620,"Del Rio, TX",2024-05-01,6,2,2,0,10,1313,350
19620,"Del Rio, TX",2024-06-01,0,6,0,0,6,1319,350
19620,"Del Rio, TX",2024-07-01,0,5,1,0,6,1325,350
19620,"Del Rio, TX",2024-08-01,1,2,1,0,4,1329,351
19620,"Del Rio, TX",2024-09-01,7,5,1,0,13,1342,358
19620,"Del Rio, TX",2024-10-01,7,1,1,0,9,1351,365
19620,"Del Rio, TX",2024-11-01,2,8,1,0,11,1362,367
19620,"Del Rio, TX",2024-12-01,15,10,4,0,29,1391,382
19620,"Del Rio, TX",2025-01-01,9,10,0,1,20,1411,391
19620,"Del Rio, TX",2025-02-01,17,16,4,0,37,1448,408
19620,"Del Rio, TX",2025-03-01,9,10,2,1,22,1470,417
19620,"Del Rio, TX",2025-04-01,18,16,3,0,37,1507,435
19620,"Del Rio, TX",2025-05-01,18,19,4,0,41,1548,453
19620,"Del Rio, TX",2025-06-01,14,18,7,0,39,1587,467
19620,"Del Rio, TX",2025-07-01,11,14,4,0,29,1616,478
19620,"Del Rio, TX",2025-08-01,11,20,5,0,36,1652,489
19620,"Del Rio, TX",2025-09-01,1,1,0,0,2,1654,490
37950,"Petoskey, MI",2019-01-01,0,1,0,0,1,1,0
37950,"Petoskey, MI",2019-03-01,0,1,0,0,1,2,0
37950,"Petoskey, MI",2019-04-01,0,0,0,1,1,3,0
37950,"Petoskey, MI",2019-05-01,0,1,2,0,3,6,0
37950,"Petoskey, MI",2019-06-01,1,1,0,0,2,8,1
37950,"Petoskey, MI",2019-07-01,1,0,2,0,3,11,2
37950,"Petoskey, MI",2019-09-01,1,1,0,0,2,13,3
37950,"Petoskey, MI",2019-10-01,2,1,0,0,3,16,5
37950,"Petoskey, MI",2019-11-01,0,1,0,0,1,17,5
37950,"Petoskey, MI",2019-12-01,0,4,0,0,4,21,5
37950,"Petoskey, MI",2020-01-01,1,1,1,0,3,24,6
37950,"Petoskey, MI",2020-02-01,0,3,0,0,3,27,6
37950,"Petoskey, MI",2020-03-01,0,1,2,0,3,30,6
37950,"Petoskey, MI",2020-04-01,1,5,1,0,7,37,7
37950,"Petoskey, MI",2020-05-01,1,4,2,0,7,44,8
37950,"Petoskey, MI",2020-06-01,3,4,2,0,9,53,11
37950,"Petoskey, MI",2020-07-01,2,10,2,0,14,67,13
37950,"Petoskey, MI",2020-08-01,1,6,0,0,7,74,14
37950,"Petoskey, MI",2020-09-01,1,5,6,0,12,86,15
37950,"Petoskey, MI",2020-10-01,2,12,1,0,15,101,17
37950,"Petoskey, MI",2020-11-01,5,13,1,0,19,120,22
37950,"Petoskey, MI",2020-12-01,5,18,2,0,25,145,27
37950,"Petoskey, MI",2021-01-01,4,15,1,0,20,165,31
37950,"Petoskey, MI",2021-02-01,4,10,4,0,18,183,35
37950,"Petoskey, MI",2021-03-01,3,9,3,0,15,198,38
37950,"Petoskey, MI",2021-04-01,5,14,2,1,22,220,43
37950,"Petoskey, MI",2021-05-01,9,10,6,0,25,245,52
37950,"Petoskey, MI",2021-06-01,4,17,5,2,28,273,56
37950,"Petoskey, MI",2021-07-01,7,15,6,1,29,302,63
37950,"Petoskey, MI",2021-08-01,6,12,10,0,28,330,69
37950,"Petoskey, MI",2021-09-01,6,22,11,1,40,370,75
37950,"Petoskey, MI",2021-10-01,4,20,8,1,33,403,79
37950,"Petoskey, MI",2021-11-01,5,15,5,0,25,428,84
37950,"Petoskey, MI",2021-12-01,11,15,6,1,33,461,95
37950,"Petoskey, MI",2022-01-01,13,26,3,1,43,504,108
37950,"Petoskey, MI",2022-02-01,8,27,5,0,40,544,116
37950,"Petoskey, MI",2022-03-01,4,16,9,0,29,573,120
37950,"Petoskey, MI",2022-04-01,4,13,5,1,23,596,124
37950,"Petoskey, MI",2022-05-01,11,17,5,1,34,630,135
37950,"Petoskey, MI",2022-06-01,3,11,3,0,17,647,138
37950,"Petoskey, MI",2022-07-01,7,14,5,2,28,675,145
37950,"Petoskey, MI",2022-08-01,6,17,8,1,32,707,151
37950,"Petoskey, MI",2022-09-01,0,22,4,0,26,733,151
37950,"Petoskey, MI",2022-10-01,6,21,5,0,32,765,157
37950,"Petoskey, MI",2022-11-01,7,14,7,0,28,793,164
37950,"Petoskey, MI",2022-12-01,4,13,3,0,20,813,168
37950,"Petoskey, MI",2023-01-01,8,16,7,1,32,845,176
37950,"Petoskey, MI",2023-02-01,4,13,6,2,25,870,180
37950,"Petoskey, MI",2023-03-01,14,19,5,0,38,908,194
37950,"Petoskey, MI",2023-04-01,7,15,5,0,27,935,201
37950,"Petoskey, MI",2023-05-01,5,11,5,0,21,956,206
37950,"Petoskey, MI",2023-06-01,9,13,4,0,26,982,215
37950,"Petoskey, MI",2023-07-01,10,21,5,1,37,1019,225
37950,"Petoskey, MI",2023-08-01,6,17,9,1,33,1052,231
37950,"Petoskey, MI",2023-09-01,9,11,7,0,27,1079,240
37950,"Petoskey, MI",2023-10-01,8,7,5,1,21,1100,248
37950,"Petoskey, MI",2023-11-01,17,11,5,1,34,1134,265
37950,"Petoskey, MI",2023-12-01,5,17,8,0,30,1164,270
37950,"Petoskey, MI",2024-01-01,8,14,8,0,30,1194,278
37950,"Petoskey, MI",2024-02-01,7,8,5,1,21,1215,285
37950,"Petoskey, MI",2024-03-01,13,15,0,0,28,1243,298
37950,"Petoskey, MI",2024-04-01,7,11,5,1,24,1267,305
37950,"Petoskey, MI",2024-05-01,11,14,1,0,26,1293,316
37950,"Petoskey, MI",2024-06-01,6,14,7,0,27,1320,322
37950,"Petoskey, MI",2024-07-01,9,14,4,0,27,1347,331
37950,"Petoskey, MI",2024-08-01,6,15,5,0,26,1373,337
37950,"Petoskey, MI",2024-09-01,13,7,3,1,24,1397,350
37950,"Petoskey, MI",2024-10-01,16,16,3,0,35,1432,366
37950,"Petoskey, MI",2024-11-01,18,24,6,0,48,1480,384
37950,"Petoskey, MI",2024-12-01,12,17,7,1,37,1517,396
37950,"Petoskey, MI",2025-01-01,10,20,1,0,31,1548,406
37950,"Petoskey, MI",2025-02-01,16,16,5,1,38,1586,422
37950,"Petoskey, MI",2025-03-01,24,16,5,2,47,1633,446
37950,"Petoskey, MI",2025-04-01,18,10,5,1,34,1667,464
37950,"Petoskey, MI",2025-05-01,11,10,4,1,26,1693,475
37950,"Petoskey, MI",2025-06-01,15,13,4,0,32,1725,490
37950,"Petoskey, MI",2025-07-01,12,14,2,0,28,1753,502
37950,"Petoskey, MI",2025-08-01,6,13,3,1,23,1776,508
37950,"Petoskey, MI",2025-09-01,0,1,0,0,1,1777,508
16700,"Charleston-North Charleston, SC",2019-01-01,1,141,35,7,184,184,1
16700,"Charleston-North Charleston, SC",2019-02-01,6,115,34,4,159,343,7
16700,"Charleston-North Charleston, SC",2019-03-01,8,141,38,2,189,532,15
16700,"Charleston-North Charleston, SC",2019-04-01,15,218,59,4,296,828,30
16700,"Charleston-North Charleston, SC",2019-05-01,16,242,55,7,320,1148,46
16700,"Charleston-North Charleston, SC",2019-06-01,16,224,48,2,290,1438,62
16700,"Charleston-North Charleston, SC",2019-07-01,24,270,59,8,361,1799,86
16700,"Charleston-North Charleston, SC",2019-08-01,19,238,52,6,315,2114,105
16700,"Charleston-North Charleston, SC",2019-09-01,17,237,39,2,295,2409,122
16700,"Charleston-North Charleston, SC",2019-10-01,26,209,52,4,291,2700,148
16700,"Charleston-North Charleston, SC",2019-11-01,19,203,51,3,276,2976,167
16700,"Charleston-North Charleston, SC",2019-12-01,26,192,34,8,260,3236,193
16700,"Charleston-North Charleston, SC",2020-01-01,20,190,51,5,266,3502,213
16700,"Charleston-North Charleston, SC",2020-02-01,16,179,49,6,250,3752,229
16700,"Charleston-North Charleston, SC",2020-03-01,38,267,68,9,382,4134,267
16700,"Charleston-North Charleston, SC",2020-04-01,96,428,89,11,624,4758,363
16700,"Charleston-North Charleston, SC",2020-05-01,249,782,135,17,1183,5941,612
16700,"Charleston-North Charleston, SC",2020-06-01,175,515,110,14,814,6755,787
16700,"Charleston-North Charleston, SC",2020-07-01,151,604,90,9,854,7609,938
16700,"Charleston-North Charleston, SC",2020-08-01,223,912,157,25,1317,8926,1161
16700,"Charleston-North Charleston, SC",2020-09-01,162,742,156,19,1079,10005,1323
16700,"Charleston-North Charleston, SC",2020-10-01,104,388,90,8,590,10595,1427
16700,"Charleston-North Charleston, SC",2020-11-01,117,379,96,6,598,11193,1544
16700,"Charleston-North Charleston, SC",2020-12-01,123,343,59,7,532,11725,1667
16700,"Charleston-North Charleston, SC",2021-01-01,282,715,164,15,1176,12901,1949
16700,"Charleston-North Charleston, SC",2021-02-01,159,522,129,10,820,13721,2108
16700,"Charleston-North Charleston, SC",2021-03-01,255,640,133,18,1046,14767,2363
16700,"Charleston-North Charleston, SC",2021-04-01,247,736,170,16,1169,15936,2610
16700,"Charleston-North Charleston, SC",2021-05-01,350,886,184,21,1441,17377,2960
16700,"Charleston-North Charleston, SC",2021-06-01,308,955,187,19,1469,18846,3268
16700,"Charleston-North Charleston, SC",2021-07-01,243,805,175,14,1237,20083,3511
16700,"Charleston-North Charleston, SC",2021-08-01,195,858,181,21,1255,21338,3706
16700,"Charleston-North Charleston, SC",2021-09-01,199,715,170,19,1103,22441,3905
16700,"Charleston-North Charleston, SC",2021-10-01,151,521,121,17,810,23251,4056
16700,"Charleston-North Charleston, SC",2021-11-01,178,482,123,13,796,24047,4234
16700,"Charleston-North Charleston, SC",2021-12-01,244,599,148,14,1005,25052,4478
16700,"Charleston-North Charleston, SC",2022-01-01,244,641,173,21,1079,26131,4722
16700,"Charleston-North Charleston, SC",2022-02-01,158,406,114,18,696,26827,4880
16700,"Charleston-North Charleston, SC",2022-03-01,221,493,159,15,888,27715,5101
16700,"Charleston-North Charleston, SC",2022-04-01,161,495,132,10,798,28513,5262
16700,"Charleston-North Charleston, SC",2022-05-01,230,472,112,18,832,29345,5492
16700,"Charleston-North Charleston, SC",2022-06-01,217,477,118,11,823,30168,5709
16700,"Charleston-North Charleston, SC",2022-07-01,200,393,120,10,723,30891,5909
16700,"Charleston-North Charleston, SC",2022-08-01,181,470,119,12,782,31673,6090
16700,"Charleston-North Charleston, SC",2022-09-01,123,325,99,14,561,32234,6213
16700,"Charleston-North Charleston, SC",2022-10-01,175,350,91,7,623,32857,6388
16700,"Charleston-North Charleston, SC",2022-11-01,205,403,100,10,718,33575,6593
16700,"Charleston-North Charleston, SC",2022-12-01,228,364,95,8,695,34270,6821
16700,"Charleston-North Charleston, SC",2023-01-01,234,391,105,12,742,35012,7055
16700,"Charleston-North Charleston, SC",2023-02-01,170,348,112,8,638,35650,7225
16700,"Charleston-North Charleston, SC",2023-03-01,281,424,114,20,839,36489,7506
16700,"Charleston-North Charleston, SC",2023-04-01,193,396,100,9,698,37187,7699
16700,"Charleston-North Charleston, SC",2023-05-01,190,345,101,10,646,37833,7889
16700,"Charleston-North Charleston, SC",2023-06-01,129,223,54,7,413,38246,8018
16700,"Charleston-North Charleston, SC",2023-07-01,95,204,57,3,359,38605,8113
16700,"Charleston-North Charleston, SC",2023-08-01,132,262,85,4,483,39088,8245
16700,"Charleston-North Charleston, SC",2023-09-01,192,434,117,23,766,39854,8437
16700,"Charleston-North Charleston, SC",2023-10-01,182,404,128,11,725,40579,8619
16700,"Charleston-North Charleston, SC",2023-11-01,214,389,138,15,756,41335,8833
16700,"Charleston-North Charleston, SC",2023-12-01,273,376,138,11,798,42133,9106
16700,"Charleston-North Charleston, SC",2024-01-01,254,402,138,18,812,42945,9360
16700,"Charleston-North Charleston, SC",2024-02-01,232,386,125,16,759,43704,9592
16700,"Charleston-North Charleston, SC",2024-03-01,267,377,126,21,791,44495,9859
16700,"Charleston-North Charleston, SC",2024-04-01,245,329,106,12,692,45187,10104
16700,"Charleston-North Charleston, SC",2024-05-01,309,407,124,24,864,46051,10413
16700,"Charleston-North Charleston, SC",2024-06-01,295,449,119,19,882,46933,10708
16700,"Charleston-North Charleston, SC",2024-07-01,326,450,133,16,925,47858,11034
16700,"Charleston-North Charleston, SC",2024-08-01,221,452,117,19,809,48667,11255
16700,"Charleston-North Charleston, SC",2024-09-01,230,376,128,11,745,49412,11485
16700,"Charleston-North Charleston, SC",2024-10-01,245,396,112,14,767,50179,11730
16700,"Charleston-North Charleston, SC",2024-11-01,258,380,94,16,748,50927,11988
16700,"Charleston-North Charleston, SC",2024-12-01,324,378,93,7,802,51729,12312
16700,"Charleston-North Charleston, SC",2025-01-01,256,379,105,13,753,52482,12568
16700,"Charleston-North Charleston, SC",2025-02-01,278,326,83,8,695,53177,12846
16700,"Charleston-North Charleston, SC",2025-03-01,311,342,69,13,735,53912,13157
16700,"Charleston-North Charleston, SC",2025-04-01,277,330,94,8,709,54621,13434
16700,"Charleston-North Charleston, SC",2025-05-01,388,392,110,9,899,55520,13822
16700,"Charleston-North Charleston, SC",2025-06-01,396,417,150,10,973,56493,14218
16700,"Charleston-North Charleston, SC",2025-07-01,343,351,100,15,809,57302,14561
16700,"Charleston-North Charleston, SC",2025-08-01,261,311,89,18,679,57981,14822
16700,"Charleston-North Charleston, SC",2025-09-01,7,4,0,0,11,57992,14829
29820,"Las Vegas-Henderson-North Las Vegas, NV",2019-01-01,17,655,200,16,888,888,17
29820,"Las Vegas-Henderson-North Las Vegas, NV",2019-02-01,7,320,105,15,447,1335,24
29820,"Las Vegas-Henderson-North Las Vegas, NV",2019-03-01,12,298,97,14,421,1756,36
29820,"Las Vegas-Henderson-North Las Vegas, NV",2019-04-01,9,372,96,8,485,2241,45
29820,"Las Vegas-Henderson-North Las Vegas, NV",2019-05-01,14,376,98,12,500,2741,59
29820,"Las Vegas-Henderson-North Las Vegas, NV",2019-06-01,20,431,121,11,583,3324,79
29820,"Las Vegas-Henderson-North Las Vegas, NV",2019-07-01,33,656,199,21,909,4233,112
29820,"Las Vegas-Henderson-North Las Vegas, NV",2019-08-01,44,749,217,33,1043,5276,156
29820,"Las Vegas-Henderson-North Las Vegas, NV",2019-09-01,26,520,144,23,713,5989,182
29820,"Las Vegas-Henderson-North Las Vegas, NV",2019-10-01,32,338,88,10,468,6457,214
29820,"Las Vegas-Henderson-North Las Vegas, NV",2019-11-01,36,411,88,12,547,7004,250
29820,"Las Vegas-Henderson-North Las Vegas, NV",2019-12-01,26,372,126,7,531,7535,276
29820,"Las Vegas-Henderson-North Las Vegas, NV",2020-01-01,38,372,124,12,546,8081,314
29820,"Las Vegas-Henderson-North Las Vegas, NV",2020-02-01,38,329,105,14,486,8567,352
29820,"Las Vegas-Henderson-North Las Vegas, NV",2020-03-01,45,595,216,28,884,9451,397
29820,"Las Vegas-Henderson-North Las Vegas, NV",2020-04-01,125,1088,403,44,1660,11111,522
29820,"Las Vegas-Henderson-North Las Vegas, NV",2020-05-01,171,1055,312,38,1576,12687,693
29820,"Las Vegas-Henderson-North Las Vegas, NV",2020-06-01,158,782,211,18,1169,13856,851
29820,"Las Vegas-Henderson-North Las Vegas, NV",2020-07-01,317,1686,470,57,2530,16386,1168
29820,"Las Vegas-Henderson-North Las Vegas, NV",2020-08-01,324,1904,499,52,2779,19165,1492
29820,"Las Vegas-Henderson-North Las Vegas, NV",2020-09-01,321,1681,462,46,2510,21675,1813
29820,"Las Vegas-Henderson-North Las Vegas, NV",2020-10-01,266,1355,378,38,2037,23712,2079
29820,"Las Vegas-Henderson-North Las Vegas, NV",2020-11-01,152,707,209,26,1094,24806,2231
29820,"Las Vegas-Henderson-North Las Vegas, NV",2020-12-01,124,613,208,34,979,25785,2355
29820,"Las Vegas-Henderson-North Las Vegas, NV",2021-01-01,512,2036,563,79,3190,28975,2867
29820,"Las Vegas-Henderson-North Las Vegas, NV",2021-02-01,251,1177,346,60,1834,30809,3118
29820,"Las Vegas-Henderson-North Las Vegas, NV",2021-03-01,495,1952,634,71,3152,33961,3613
29820,"Las Vegas-Henderson-North Las Vegas, NV",2021-04-01,467,2040,615,73,3195,37156,4080
29820,"Las Vegas-Henderson-North Las Vegas, NV",2021-05-01,574,2369,629,69,3641,40797,4654
29820,"Las Vegas-Henderson-North Las Vegas, NV",2021-06-01,554,2601,634,77,3866,44663,5208
29820,"Las Vegas-Henderson-North Las Vegas, NV",2021-07-01,484,2194,608,77,3363,48026,5692
29820,"Las Vegas-Henderson-North Las Vegas, NV",2021-08-01,470,2349,628,70,3517,51543,6162
29820,"Las Vegas-Henderson-North Las Vegas, NV",2021-09-01,416,2258,733,67,3474,55017,6578
29820,"Las Vegas-Henderson-North Las Vegas, NV",2021-10-01,165,815,256,35,1271,56288,6743
29820,"Las Vegas-Henderson-North Las Vegas, NV",2021-11-01,115,609,164,19,907,57195,6858
29820,"Las Vegas-Henderson-North Las Vegas, NV",2021-12-01,282,920,284,44,1530,58725,7140
29820,"Las Vegas-Henderson-North Las Vegas, NV",2022-01-01,504,1983,623,93,3203,61928,7644
29820,"Las Vegas-Henderson-North Las Vegas, NV",2022-02-01,136,578,175,34,923,62851,7780
29820,"Las Vegas-Henderson-North Las Vegas, NV",2022-03-01,362,1171,406,45,1984,64835,8142
29820,"Las Vegas-Henderson-North Las Vegas, NV",2022-04-01,404,1459,425,37,2325,67160,8546
29820,"Las Vegas-Henderson-North Las Vegas, NV",2022-05-01,500,1483,454,45,2482,69642,9046
29820,"Las Vegas-Henderson-North Las Vegas, NV",2022-06-01,585,1582,468,54,2689,72331,9631
29820,"Las Vegas-Henderson-North Las Vegas, NV",2022-07-01,497,1442,418,47,2404,74735,10128
29820,"Las Vegas-Henderson-North Las Vegas, NV",2022-08-01,396,1289,403,36,2124,76859,10524
29820,"Las Vegas-Henderson-North Las Vegas, NV",2022-09-01,339,1237,360,42,1978,78837,10863
29820,"Las Vegas-Henderson-North Las Vegas, NV",2022-10-01,277,824,260,32,1393,80230,11140
29820,"Las Vegas-Henderson-North Las Vegas, NV",2022-11-01,531,1556,503,54,2644,82874,11671
29820,"Las Vegas-Henderson-North Las Vegas, NV",2022-12-01,526,1573,501,41,2641,85515,12197
29820,"Las Vegas-Henderson-North Las Vegas, NV",2023-01-01,478,1455,473,47,2453,87968,12675
29820,"Las Vegas-Henderson-North Las Vegas, NV",2023-02-01,449,1163,388,54,2054,90022,13124
29820,"Las Vegas-Henderson-North Las Vegas, NV",2023-03-01,600,1604,597,60,2861,92883,13724
29820,"Las Vegas-Henderson-North Las Vegas, NV",2023-04-01,466,1289,365,40,2160,95043,14190
29820,"Las Vegas-Henderson-North Las Vegas, NV",2023-05-01,354,854,247,31,1486,96529,14544
29820,"Las Vegas-Henderson-North Las Vegas, NV",2023-06-01,300,713,226,21,1260,97789,14844
29820,"Las Vegas-Henderson-North Las Vegas, NV",2023-07-01,373,1072,328,29,1802,99591,15217
29820,"Las Vegas-Henderson-North Las Vegas, NV",2023-08-01,581,1480,498,59,2618,102209,15798
29820,"Las Vegas-Henderson-North Las Vegas, NV",2023-09-01,536,1478,457,40,2511,104720,16334
29820,"Las Vegas-Henderson-North Las Vegas, NV",2023-10-01,521,1415,453,48,2437,107157,16855
29820,"Las Vegas-Henderson-North Las Vegas, NV",2023-11-01,620,1402,449,36,2507,109664,17475
29820,"Las Vegas-Henderson-North Las Vegas, NV",2023-12-01,621,1276,431,44,2372,112036,18096
29820,"Las Vegas-Henderson-North Las Vegas, NV",2024-01-01,683,1416,483,56,2638,114674,18779
29820,"Las Vegas-Henderson-North Las Vegas, NV",2024-02-01,575,1156,421,58,2210,116884,19354
29820,"Las Vegas-Henderson-North Las Vegas, NV",2024-03-01,732,1384,409,44,2569,119453,20086
29820,"Las Vegas-Henderson-North Las Vegas, NV",2024-04-01,647,1241,330,32,2250,121703,20733
29820,"Las Vegas-Henderson-North Las Vegas, NV",2024-05-01,737,1510,396,32,2675,124378,21470
29820,"Las Vegas-Henderson-North Las Vegas, NV",2024-06-01,783,1432,438,42,2695,127073,22253
29820,"Las Vegas-Henderson-North Las Vegas, NV",2024-07-01,839,1622,445,41,2947,130020,23092
29820,"Las Vegas-Henderson-North Las Vegas, NV",2024-08-01,594,1289,386,42,2311,132331,23686
29820,"Las Vegas-Henderson-North Las Vegas, NV",2024-09-01,456,1126,299,28,1909,134240,24142
29820,"Las Vegas-Henderson-North Las Vegas, NV",2024-10-01,680,1358,370,43,2451,136691,24822
29820,"Las Vegas-Henderson-North Las Vegas, NV",2024-11-01,749,1320,433,37,2539,139230,25571
29820,"Las Vegas-Henderson-North Las Vegas, NV",2024-12-01,746,1217,388,31,2382,141612,26317
29820,"Las Vegas-Henderson-North Las Vegas, NV",2025-01-01,812,1449,448,73,2782,144394,27129
29820,"Las Vegas-Henderson-North Las Vegas, NV",2025-02-01,698,1223,366,52,2339,146733,27827
29820,"Las Vegas-Henderson-North Las Vegas, NV",2025-03-01,825,1335,354,42,2556,149289,28652
29820,"Las Vegas-Henderson-North Las Vegas, NV",2025-04-01,843,1281,337,47,2508,151797,29495
29820,"Las Vegas-Henderson-North Las Vegas, NV",2025-05-01,905,1324,387,50,2666,154463,30400
29820,"Las Vegas-Henderson-North Las Vegas, NV",2025-06-01,948,1415,393,44,2800,157263,31348
29820,"Las Vegas-Henderson-North Las Vegas, NV",2025-07-01,869,1325,374,38,2606,159869,32217
29820,"Las Vegas-Henderson-North Las Vegas, NV",2025-08-01,738,1194,399,37,2368,162237,32955
29820,"Las Vegas-Henderson-North Las Vegas, NV",2025-09-01,19,15,10,3,47,162284,32974
48200,"Waynesville, NC",2019-01-01,0,6,1,0,7,7,0
48200,"Waynesville, NC",2019-02-01,0,6,3,0,9,16,0
48200,"Waynesville, NC",2019-03-01,0,6,3,0,9,25,0
48200,"Waynesville, NC",2019-04-01,2,5,1,0,8,33,2
48200,"Waynesville, NC",2019-05-01,1,15,3,1,20,53,3
48200,"Waynesville, NC",2019-06-01,0,17,3,1,21,74,3
48200,"Waynesville, NC",2019-07-01,1,9,5,1,16,90,4
48200,"Waynesville, NC",2019-08-01,2,14,4,0,20,110,6
48200,"Waynesville, NC",2019-09-01,1,13,0,0,14,124,7
48200,"Waynesville, NC",2019-10-01,0,5,4,1,10,134,7
48200,"Waynesville, NC",2019-11-01,2,4,1,1,8,142,9
48200,"Waynesville, NC",2019-12-01,0,9,3,0,12,154,9
48200,"Waynesville, NC",2020-01-01,1,11,8,0,20,174,10
48200,"Waynesville, NC",2020-02-01,0,10,4,1,15,189,10
48200,"Waynesville, NC",2020-03-01,3,19,6,0,28,217,13
48200,"Waynesville, NC",2020-04-01,3,22,7,1,33,250,16
48200,"Waynesville, NC",2020-05-01,11,52,11,0,74,324,27
48200,"Waynesville, NC",2020-06-01,10,28,7,1,46,370,37
48200,"Waynesville, NC",2020-07-01,10,36,6,0,52,422,47
48200,"Waynesville, NC",2020-08-01,8,51,10,0,69,491,55
48200,"Waynesville, NC",2020-09-01,10,39,11,0,60,551,65
48200,"Waynesville, NC",2020-10-01,13,34,7,1,55,606,78
48200,"Waynesville, NC",2020-11-01,7,18,5,2,32,638,85
48200,"Waynesville, NC",2020-12-01,8,22,6,0,36,674,93
48200,"Waynesville, NC",2021-01-01,17,34,7,0,58,732,110
48200,"Waynesville, NC",2021-02-01,5,23,6,1,35,767,115
48200,"Waynesville, NC",2021-03-01,12,39,13,3,67,834,127
48200,"Waynesville, NC",2021-04-01,9,52,9,1,71,905,136
48200,"Waynesville, NC",2021-05-01,15,51,13,0,79,984,151
48200,"Waynesville, NC",2021-06-01,13,45,11,0,69,1053,164
48200,"Waynesville, NC",2021-07-01,12,47,13,4,76,1129,176
48200,"Waynesville, NC",2021-08-01,18,44,13,0,75,1204,194
48200,"Waynesville, NC",2021-09-01,9,43,16,2,70,1274,203
48200,"Waynesville, NC",2021-10-01,7,36,11,1,55,1329,210
48200,"Waynesville, NC",2021-11-01,9,34,12,3,58,1387,219
48200,"Waynesville, NC",2021-12-01,15,35,13,0,63,1450,234
48200,"Waynesville, NC",2022-01-01,22,44,12,0,78,1528,256
48200,"Waynesville, NC",2022-02-01,19,33,13,1,66,1594,275
48200,"Waynesville, NC",2022-03-01,21,34,10,0,65,1659,296
48200,"Waynesville, NC",2022-04-01,17,28,18,0,63,1722,313
48200,"Waynesville, NC",2022-05-01,10,35,8,2,55,1777,323
48200,"Waynesville, NC",2022-06-01,18,24,6,1,49,1826,341
48200,"Waynesville, NC",2022-07-01,12,26,5,2,45,1871,353
48200,"Waynesville, NC",2022-08-01,16,29,11,1,57,1928,369
48200,"Waynesville, NC",2022-09-01,15,32,10,1,58,1986,384
48200,"Waynesville, NC",2022-10-01,9,28,6,1,44,2030,393
48200,"Waynesville, NC",2022-11-01,10,28,13,0,51,2081,403
48200,"Waynesville, NC",2022-12-01,19,31,6,1,57,2138,422
48200,"Waynesville, NC",2023-01-01,11,36,6,0,53,2191,433
48200,"Waynesville, NC",2023-02-01,16,22,4,1,43,2234,449
48200,"Waynesville, NC",2023-03-01,18,26,12,2,58,2292,467
48200,"Waynesville, NC",2023-04-01,25,29,13,2,69,2361,492
48200,"Waynesville, NC",2023-05-01,10,25,7,0,42,2403,502
48200,"Waynesville, NC",2023-06-01,12,19,8,2,41,2444,514
48200,"Waynesville, NC",2023-07-01,11,19,8,0,38,2482,525
48200,"Waynesville, NC",2023-08-01,11,20,12,0,43,2525,536
48200,"Waynesville, NC",2023-09-01,12,23,9,0,44,2569,548
48200,"Waynesville, NC",2023-10-01,24,26,5,3,58,2627,572
48200,"Waynesville, NC",2023-11-01,23,22,17,2,64,2691,595
48200,"Waynesville, NC",2023-12-01,30,34,10,0,74,2765,625
48200,"Waynesville, NC",2024-01-01,29,32,9,1,71,2836,654
48200,"Waynesville, NC",2024-02-01,28,32,7,0,67,2903,682
48200,"Waynesville, NC",2024-03-01,26,33,10,2,71,2974,708
48200,"Waynesville, NC",2024-04-01,25,32,10,2,69,3043,733
48200,"Waynesville, NC",2024-05-01,35,31,15,2,83,3126,768
48200,"Waynesville, NC",2024-06-01,14,36,11,0,61,3187,782
48200,"Waynesville, NC",2024-07-01,24,26,10,0,60,3247,806
48200,"Waynesville, NC",2024-08-01,11,27,11,1,50,3297,817
48200,"Waynesville, NC",2024-09-01,18,24,12,1,55,3352,835
48200,"Waynesville, NC",2024-10-01,13,12,3,1,29,3381,848
48200,"Waynesville, NC",2024-11-01,17,24,4,0,45,3426,865
48200,"Waynesville, NC",2024-12-01,22,23,5,1,51,3477,887
48200,"Waynesville, NC",2025-01-01,23,22,13,0,58,3535,910
48200,"Waynesville, NC",2025-02-01,28,14,9,2,53,3588,938
48200,"Waynesville, NC",2025-03-01,15,23,9,1,48,3636,953
48200,"Waynesville, NC",2025-04-01,29,25,10,4,68,3704,982
48200,"Waynesville, NC",2025-05-01,25,27,13,0,65,3769,1007
48200,"Waynesville, NC",2025-06-01,15,31,11,0,57,3826,1022
48200,"Waynesville, NC",2025-07-01,18,24,9,4,55,3881,1040
48200,"Waynesville, NC",2025-08-01,16,18,7,0,41,3922,1056
48200,"Waynesville, NC",2025-09-01,0,0,1,0,1,3923,1056
34100,"Morristown, TN",2019-01-01,0,1,3,0,4,4,0
34100,"Morristown, TN",2019-02-01,0,5,2,0,7,11,0
34100,"Morristown, TN",2019-03-01,0,4,1,0,5,16,0
34100,"Morristown, TN",2019-04-01,0,3,2,0,5,21,0
34100,"Morristown, TN",2019-05-01,0,9,5,0,14,35,0
34100,"Morristown, TN",2019-06-01,1,16,6,1,24,59,1
34100,"Morristown, TN",2019-07-01,2,17,4,0,23,82,3
34100,"Morristown, TN",2019-08-01,0,16,5,1,22,104,3
34100,"Morristown, TN",2019-09-01,5,18,4,0,27,131,8
34100,"Morristown, TN",2019-10-01,2,10,4,0,16,147,10
34100,"Morristown, TN",2019-11-01,2,26,3,0,31,178,12
34100,"Morristown, TN",2019-12-01,3,11,4,1,19,197,15
34100,"Morristown, TN",2020-01-01,1,16,3,1,21,218,16
34100,"Morristown, TN",2020-02-01,2,14,4,0,20,238,18
34100,"Morristown, TN",2020-03-01,2,22,10,0,34,272,20
34100,"Morristown, TN",2020-04-01,5,43,7,1,56,328,25
34100,"Morristown, TN",2020-05-01,14,52,8,3,77,405,39
34100,"Morristown, TN",2020-06-01,10,38,7,0,55,460,49
34100,"Morristown, TN",2020-07-01,14,64,10,0,88,548,63
34100,"Morristown, TN",2020-08-01,21,52,22,2,97,645,84
34100,"Morristown, TN",2020-09-01,20,46,16,1,83,728,104
34100,"Morristown, TN",2020-10-01,7,34,6,1,48,776,111
34100,"Morristown, TN",2020-11-01,12,36,5,0,53,829,123
34100,"Morristown, TN",2020-12-01,11,48,8,1,68,897,134
34100,"Morristown, TN",2021-01-01,31,83,13,0,127,1024,165
34100,"Morristown, TN",2021-02-01,22,61,14,1,98,1122,187
34100,"Morristown, TN",2021-03-01,37,84,18,2,141,1263,224
34100,"Morristown, TN",2021-04-01,31,91,23,1,146,1409,255
34100,"Morristown, TN",2021-05-01,31,81,18,0,130,1539,286
34100,"Morristown, TN",2021-06-01,22,76,28,1,127,1666,308
34100,"Morristown, TN",2021-07-01,21,60,11,2,94,1760,329
34100,"Morristown, TN",2021-08-01,29,78,19,2,128,1888,358
34100,"Morristown, TN",2021-09-01,28,90,19,1,138,2026,386
34100,"Morristown, TN",2021-10-01,20,60,17,1,98,2124,406
34100,"Morristown, TN",2021-11-01,13,73,17,1,104,2228,419
34100,"Morristown, TN",2021-12-01,42,64,25,3,134,2362,461
34100,"Morristown, TN",2022-01-01,28,76,25,1,130,2492,489
34100,"Morristown, TN",2022-02-01,36,72,22,3,133,2625,525
34100,"Morristown, TN",2022-03-01,31,74,28,3,136,2761,556
34100,"Morristown, TN",2022-04-01,25,60,13,3,101,2862,581
34100,"Morristown, TN",2022-05-01,37,63,14,0,114,2976,618
34100,"Morristown, TN",2022-06-01,24,66,18,0,108,3084,642
34100,"Morristown, TN",2022-07-01,29,41,18,2,90,3174,671
34100,"Morristown, TN",2022-08-01,36,93,22,3,154,3328,707
34100,"Morristown, TN",2022-09-01,32,76,26,3,137,3465,739
34100,"Morristown, TN",2022-10-01,30,66,18,3,117,3582,769
34100,"Morristown, TN",2022-11-01,33,76,20,0,129,3711,802
34100,"Morristown, TN",2022-12-01,34,67,29,5,135,3846,836
34100,"Morristown, TN",2023-01-01,29,86,31,3,149,3995,865
34100,"Morristown, TN",2023-02-01,30,47,15,3,95,4090,895
34100,"Morristown, TN",2023-03-01,51,75,21,5,152,4242,946
34100,"Morristown, TN",2023-04-01,38,63,15,4,120,4362,984
34100,"Morristown, TN",2023-05-01,44,45,21,0,110,4472,1028
34100,"Morristown, TN",2023-06-01,24,48,12,3,87,4559,1052
34100,"Morristown, TN",2023-07-01,31,45,16,1,93,4652,1083
34100,"Morristown, TN",2023-08-01,30,48,21,1,100,4752,1113
34100,"Morristown, TN",2023-09-01,35,63,16,2,116,4868,1148
34100,"Morristown, TN",2023-10-01,39,69,23,2,133,5001,1187
34100,"Morristown, TN",2023-11-01,55,77,32,3,167,5168,1242
34100,"Morristown, TN",2023-12-01,52,90,17,2,161,5329,1294
34100,"Morristown, TN",2024-01-01,47,87,43,1,178,5507,1341
34100,"Morristown, TN",2024-02-01,48,79,32,5,164,5671,1389
34100,"Morristown, TN",2024-03-01,63,64,22,4,153,5824,1452
34100,"Morristown, TN",2024-04-01,57,77,18,7,159,5983,1509
34100,"Morristown, TN",2024-05-01,43,76,23,1,143,6126,1552
34100,"Morristown, TN",2024-06-01,39,67,16,2,124,6250,1591
34100,"Morristown, TN",2024-07-01,53,67,13,2,135,6385,1644
34100,"Morristown, TN",2024-08-01,31,55,15,1,102,6487,1675
34100,"Morristown, TN",2024-09-01,38,42,6,2,88,6575,1713
34100,"Morristown, TN",2024-10-01,48,62,15,1,126,6701,1761
34100,"Morristown, TN",2024-11-01,44,62,21,2,129,6830,1805
34100,"Morristown, TN",2024-12-01,78,67,21,4,170,7000,1883
34100,"Morristown, TN",2025-01-01,62,65,25,1,153,7153,1945
34100,"Morristown, TN",2025-02-01,48,50,15,1,114,7267,1993
34100,"Morristown, TN",2025-03-01,54,50,20,3,127,7394,2047
34100,"Morristown, TN",2025-04-01,66,73,18,3,160,7554,2113
34100,"Morristown, TN",2025-05-01,62,71,20,4,157,7711,2175
34100,"Morristown, TN",2025-06-01,50,53,30,4,137,7848,2225
34100,"Morristown, TN",2025-07-01,70,59,20,4,153,8001,2295
34100,"Morristown, TN",2025-08-01,50,48,21,3,122,8123,2345
34100,"Morristown, TN",2025-09-01,1,3,0,0,4,8127,2346
33660,"Mobile, AL",2019-01-01,0,32,8,0,40,40,0
33660,"Mobile, AL",2019-02-01,0,35,13,1,49,89,0
33660,"Mobile, AL",2019-03-01,0,56,6,2,64,153,0
33660,"Mobile, AL",2019-04-01,2,55,12,1,70,223,2
33660,"Mobile, AL",2019-05-01,3,49,16,5,73,296,5
33660,"Mobile, AL",2019-06-01,8,64,16,0,88,384,13
33660,"Mobile, AL",2019-07-01,1,26,8,0,35,419,14
33660,"Mobile, AL",2019-08-01,5,49,17,1,72,491,19
33660,"Mobile, AL",2019-09-01,2,40,16,1,59,550,21
33660,"Mobile, AL",2019-10-01,2,58,9,1,70,620,23
33660,"Mobile, AL",2019-11-01,3,38,8,0,49,669,26
33660,"Mobile, AL",2019-12-01,2,29,8,1,40,709,28
33660,"Mobile, AL",2020-01-01,3,56,12,0,71,780,31
33660,"Mobile, AL",2020-02-01,7,73,21,2,103,883,38
33660,"Mobile, AL",2020-03-01,7,83,16,2,108,991,45
33660,"Mobile, AL",2020-04-01,30,138,30,2,200,1191,75
33660,"Mobile, AL",2020-05-01,82,323,69,4,478,1669,157
33660,"Mobile, AL",2020-06-01,52,238,39,1,330,1999,209
33660,"Mobile, AL",2020-07-01,57,254,36,2,349,2348,266
33660,"Mobile, AL",2020-08-01,89,381,50,6,526,2874,355
33660,"Mobile, AL",2020-09-01,56,251,47,2,356,3230,411
33660,"Mobile, AL",2020-10-01,93,263,53,2,411,3641,504
33660,"Mobile, AL",2020-11-01,42,172,31,6,251,3892,546
33660,"Mobile, AL",2020-12-01,45,129,20,2,196,4088,591
33660,"Mobile, AL",2021-01-01,72,204,40,5,321,4409,663
33660,"Mobile, AL",2021-02-01,59,169,34,3,265,4674,722
33660,"Mobile, AL",2021-03-01,81,245,40,7,373,5047,803
33660,"Mobile, AL",2021-04-01,165,459,80,10,714,5761,968
33660,"Mobile, AL",2021-05-01,117,463,81,10,671,6432,1085
33660,"Mobile, AL",2021-06-01,123,473,110,11,717,7149,1208
33660,"Mobile, AL",2021-07-01,137,438,69,13,657,7806,1345
33660,"Mobile, AL",2021-08-01,109,400,90,10,609,8415,1454
33660,"Mobile, AL",2021-09-01,115,368,84,7,574,8989,1569
33660,"Mobile, AL",2021-10-01,90,266,55,7,418,9407,1659
33660,"Mobile, AL",2021-11-01,63,145,32,1,241,9648,1722
33660,"Mobile, AL",2021-12-01,79,228,45,2,354,10002,1801
33660,"Mobile, AL",2022-01-01,128,366,66,8,568,10570,1929
33660,"Mobile, AL",2022-02-01,113,206,57,5,381,10951,2042
33660,"Mobile, AL",2022-03-01,125,354,84,5,568,11519,2167
33660,"Mobile, AL",2022-04-01,119,320,73,9,521,12040,2286
33660,"Mobile, AL",2022-05-01,113,325,75,5,518,12558,2399
33660,"Mobile, AL",2022-06-01,72,174,42,2,290,12848,2471
33660,"Mobile, AL",2022-07-01,101,224,57,2,384,13232,2572
33660,"Mobile, AL",2022-08-01,104,273,51,5,433,13665,2676
33660,"Mobile, AL",2022-09-01,65,154,40,3,262,13927,2741
33660,"Mobile, AL",2022-10-01,145,326,104,10,585,14512,2886
33660,"Mobile, AL",2022-11-01,130,243,72,7,452,14964,3016
33660,"Mobile, AL",2022-12-01,156,271,79,8,514,15478,3172
33660,"Mobile, AL",2023-01-01,131,258,77,9,475,15953,3303
33660,"Mobile, AL",2023-02-01,115,231,78,8,432,16385,3418
33660,"Mobile, AL",2023-03-01,138,311,82,5,536,16921,3556
33660,"Mobile, AL",2023-04-01,116,243,81,8,448,17369,3672
33660,"Mobile, AL",2023-05-01,70,164,39,3,276,17645,3742
33660,"Mobile, AL",2023-06-01,58,103,31,3,195,17840,3800
33660,"Mobile, AL",2023-07-01,136,206,53,4,399,18239,3936
33660,"Mobile, AL",2023-08-01,59,142,37,1,239,18478,3995
33660,"Mobile, AL",2023-09-01,68,171,36,5,280,18758,4063
33660,"Mobile, AL",2023-10-01,121,234,82,11,448,19206,4184
33660,"Mobile, AL",2023-11-01,160,253,79,7,499,19705,4344
33660,"Mobile, AL",2023-12-01,173,284,73,2,532,20237,4517
33660,"Mobile, AL",2024-01-01,178,274,72,2,526,20763,4695
33660,"Mobile, AL",2024-02-01,177,225,64,9,475,21238,4872
33660,"Mobile, AL",2024-03-01,180,268,55,4,507,21745,5052
33660,"Mobile, AL",2024-04-01,116,207,46,3,372,22117,5168
33660,"Mobile, AL",2024-05-01,97,118,26,5,246,22363,5265
33660,"Mobile, AL",2024-06-01,63,85,28,2,178,22541,5328
33660,"Mobile, AL",2024-07-01,106,162,46,0,314,22855,5434
33660,"Mobile, AL",2024-08-01,86,105,32,0,223,23078,5520
33660,"Mobile, AL",2024-09-01,59,107,27,2,195,23273,5579
33660,"Mobile, AL",2024-10-01,74,80,35,3,192,23465,5653
33660,"Mobile, AL",2024-11-01,199,262,79,6,546,24011,5852
33660,"Mobile, AL",2024-12-01,244,305,84,13,646,24657,6096
33660,"Mobile, AL",2025-01-01,242,280,77,8,607,25264,6338
33660,"Mobile, AL",2025-02-01,212,191,58,6,467,25731,6550
33660,"Mobile, AL",2025-03-01,267,238,89,15,609,26340,6817
33660,"Mobile, AL",2025-04-01,277,314,85,15,691,27031,7094
33660,"Mobile, AL",2025-05-01,225,252,72,11,560,27591,7319
33660,"Mobile, AL",2025-06-01,192,225,63,10,490,28081,7511
33660,"Mobile, AL",2025-07-01,261,313,106,12,692,28773,7772
33660,"Mobile, AL",2025-08-01,75,89,33,3,200,28973,7847
33660,"Mobile, AL",2025-09-01,1,0,1,0,2,28975,7848
48220,"Weatherford, OK",2019-01-01,0,1,1,0,2,2,0
48220,"Weatherford, OK",2019-03-01,0,1,0,0,1,3,0
48220,"Weatherford, OK",2019-04-01,0,3,0,0,3,6,0
48220,"Weatherford, OK",2019-05-01,0,1,0,0,1,7,0
48220,"Weatherford, OK",2019-07-01,0,1,2,0,3,10,0
48220,"Weatherford, OK",2019-08-01,0,1,0,0,1,11,0
48220,"Weatherford, OK",2019-10-01,1,0,0,0,1,12,1
48220,"Weatherford, OK",2019-11-01,0,1,1,0,2,14,1
48220,"Weatherford, OK",2019-12-01,0,1,0,0,1,15,1
48220,"Weatherford, OK",2020-01-01,0,1,0,0,1,16,1
48220,"Weatherford, OK",2020-02-01,0,2,0,0,2,18,1
48220,"Weatherford, OK",2020-03-01,0,5,1,0,6,24,1
48220,"Weatherford, OK",2020-04-01,0,1,0,1,2,26,1
48220,"Weatherford, OK",2020-05-01,0,1,0,0,1,27,1
48220,"Weatherford, OK",2020-06-01,1,0,0,0,1,28,2
48220,"Weatherford, OK",2020-07-01,1,4,0,0,5,33,3
48220,"Weatherford, OK",2020-08-01,0,2,2,0,4,37,3
48220,"Weatherford, OK",2020-09-01,0,2,0,0,2,39,3
48220,"Weatherford, OK",2020-10-01,2,1,2,0,5,44,5
48220,"Weatherford, OK",2020-11-01,1,2,1,0,4,48,6
48220,"Weatherford, OK",2020-12-01,2,0,2,0,4,52,8
48220,"Weatherford, OK",2021-01-01,2,3,3,0,8,60,10
48220,"Weatherford, OK",2021-02-01,2,5,1,0,8,68,12
48220,"Weatherford, OK",2021-03-01,1,11,1,0,13,81,13
48220,"Weatherford, OK",2021-04-01,3,6,0,0,9,90,16
48220,"Weatherford, OK",2021-05-01,3,8,2,0,13,103,19
48220,"Weatherford, OK",2021-06-01,8,9,1,0,18,121,27
48220,"Weatherford, OK",2021-07-01,7,18,3,0,28,149,34
48220,"Weatherford, OK",2021-08-01,13,22,2,0,37,186,47
48220,"Weatherford, OK",2021-09-01,7,11,0,0,18,204,54
48220,"Weatherford, OK",2021-10-01,5,13,2,0,20,224,59
48220,"Weatherford, OK",2021-11-01,10,11,3,0,24,248,69
48220,"Weatherford, OK",2021-12-01,9,21,3,1,34,282,78
48220,"Weatherford, OK",2022-01-01,13,28,6,0,47,329,91
48220,"Weatherford, OK",2022-02-01,3,14,5,1,23,352,94
48220,"Weatherford, OK",2022-03-01,14,20,8,0,42,394,108
48220,"Weatherford, OK",2022-04-01,11,14,5,0,30,424,119
48220,"Weatherford, OK",2022-05-01,9,8,5,0,22,446,128
48220,"Weatherford, OK",2022-06-01,4,12,1,1,18,464,132
48220,"Weatherford, OK",2022-07-01,5,19,2,0,26,490,137
48220,"Weatherford, OK",2022-08-01,14,19,1,0,34,524,151
48220,"Weatherford, OK",2022-09-01,10,14,2,1,27,551,161
48220,"Weatherford, OK",2022-10-01,13,16,4,0,33,584,174
48220,"Weatherford, OK",2022-11-01,4,9,5,0,18,602,178
48220,"Weatherford, OK",2022-12-01,9,12,2,1,24,626,187
48220,"Weatherford, OK",2023-01-01,9,21,4,0,34,660,196
48220,"Weatherford, OK",2023-02-01,9,7,4,0,20,680,205
48220,"Weatherford, OK",2023-03-01,12,22,5,2,41,721,217
48220,"Weatherford, OK",2023-04-01,8,24,2,0,34,755,225
48220,"Weatherford, OK",2023-05-01,7,10,1,0,18,773,232
48220,"Weatherford, OK",2023-06-01,14,7,1,0,22,795,246
48220,"Weatherford, OK",2023-07-01,7,8,3,1,19,814,253
48220,"Weatherford, OK",2023-08-01,10,10,3,0,23,837,263
48220,"Weatherford, OK",2023-09-01,20,8,7,0,35,872,283
48220,"Weatherford, OK",2023-10-01,13,12,1,0,26,898,296
48220,"Weatherford, OK",2023-11-01,17,13,3,0,33,931,313
48220,"Weatherford, OK",2023-12-01,10,10,2,1,23,954,323
48220,"Weatherford, OK",2024-01-01,22,11,3,0,36,990,345
48220,"Weatherford, OK",2024-02-01,9,11,4,0,24,1014,354
48220,"Weatherford, OK",2024-03-01,16,10,6,1,33,1047,370
48220,"Weatherford, OK",2024-04-01,8,21,0,0,29,1076,378
48220,"Weatherford, OK",2024-05-01,16,12,6,0,34,1110,394
48220,"Weatherford, OK",2024-06-01,9,5,1,0,15,1125,403
48220,"Weatherford, OK",2024-07-01,7,9,0,0,16,1141,410
48220,"Weatherford, OK",2024-08-01,9,10,2,0,21,1162,419
48220,"Weatherford, OK",2024-09-01,16,9,3,0,28,1190,435
48220,"Weatherford, OK",2024-10-01,18,15,4,1,38,1228,453
48220,"Weatherford, OK",2024-11-01,15,12,1,1,29,1257,468
48220,"Weatherford, OK",2024-12-01,15,12,4,0,31,1288,483
48220,"Weatherford, OK",2025-01-01,16,8,4,1,29,1317,499
48220,"Weatherford, OK",2025-02-01,19,14,2,1,36,1353,518
48220,"Weatherford, OK",2025-03-01,12,8,3,0,23,1376,530
48220,"Weatherford, OK",2025-04-01,20,6,1,0,27,1403,550
48220,"Weatherford, OK",2025-05-01,21,22,3,0,46,1449,571
48220,"Weatherford, OK",2025-06-01,8,7,2,0,17,1466,579
48220,"Weatherford, OK",2025-07-01,6,5,0,0,11,1477,585
48220,"Weatherford, OK",2025-08-01,11,11,3,0,25,1502,596
33980,"Morehead City, NC",2019-01-01,0,3,1,0,4,4,0
33980,"Morehead City, NC",2019-02-01,0,4,3,0,7,11,0
33980,"Morehead City, NC",2019-03-01,0,10,6,0,16,27,0
33980,"Morehead City, NC",2019-04-01,0,7,4,0,11,38,0
33980,"Morehead City, NC",2019-05-01,1,9,4,0,14,52,1
33980,"Morehead City, NC",2019-06-01,1,27,5,0,33,85,2
33980,"Morehead City, NC",2019-07-01,0,28,7,1,36,121,2
33980,"Morehead City, NC",2019-08-01,2,23,9,1,35,156,4
33980,"Morehead City, NC",2019-09-01,0,10,6,1,17,173,4
33980,"Morehead City, NC",2019-10-01,0,12,3,0,15,188,4
33980,"Morehead City, NC",2019-11-01,1,26,8,0,35,223,5
33980,"Morehead City, NC",2019-12-01,1,15,1,0,17,240,6
33980,"Morehead City, NC",2020-01-01,1,16,2,0,19,259,7
33980,"Morehead City, NC",2020-02-01,1,18,6,3,28,287,8
33980,"Morehead City, NC",2020-03-01,3,29,10,1,43,330,11
33980,"Morehead City, NC",2020-04-01,8,36,9,0,53,383,19
33980,"Morehead City, NC",2020-05-01,14,49,15,2,80,463,33
33980,"Morehead City, NC",2020-06-01,11,31,4,1,47,510,44
33980,"Morehead City, NC",2020-07-01,9,43,8,0,60,570,53
33980,"Morehead City, NC",2020-08-01,17,70,18,0,105,675,70
33980,"Morehead City, NC",2020-09-01,10,39,8,1,58,733,80
33980,"Morehead City, NC",2020-10-01,5,33,6,0,44,777,85
33980,"Morehead City, NC",2020-11-01,3,18,8,2,31,808,88
33980,"Morehead City, NC",2020-12-01,10,35,8,1,54,862,98
33980,"Morehead City, NC",2021-01-01,15,37,14,4,70,932,113
33980,"Morehead City, NC",2021-02-01,12,31,10,1,54,986,125
33980,"Morehead City, NC",2021-03-01,12,29,13,1,55,1041,137
33980,"Morehead City, NC",2021-04-01,19,55,12,2,88,1129,156
33980,"Morehead City, NC",2021-05-01,20,43,12,2,77,1206,176
33980,"Morehead City, NC",2021-06-01,18,53,11,1,83,1289,194
33980,"Morehead City, NC",2021-07-01,17,46,15,2,80,1369,211
33980,"Morehead City, NC",2021-08-01,15,42,11,0,68,1437,226
33980,"Morehead City, NC",2021-09-01,14,43,12,0,69,1506,240
33980,"Morehead City, NC",2021-10-01,16,35,7,0,58,1564,256
33980,"Morehead City, NC",2021-11-01,12,31,12,5,60,1624,268
33980,"Morehead City, NC",2021-12-01,16,50,16,2,84,1708,284
33980,"Morehead City, NC",2022-01-01,21,41,14,0,76,1784,305
33980,"Morehead City, NC",2022-02-01,14,30,3,0,47,1831,319
33980,"Morehead City, NC",2022-03-01,16,31,22,1,70,1901,335
33980,"Morehead City, NC",2022-04-01,19,37,13,1,70,1971,354
33980,"Morehead City, NC",2022-05-01,26,48,9,1,84,2055,380
33980,"Morehead City, NC",2022-06-01,25,35,13,1,74,2129,405
33980,"Morehead City, NC",2022-07-01,11,35,10,1,57,2186,416
33980,"Morehead City, NC",2022-08-01,22,47,10,2,81,2267,438
33980,"Morehead City, NC",2022-09-01,21,39,6,1,67,2334,459
33980,"Morehead City, NC",2022-10-01,19,30,7,0,56,2390,478
33980,"Morehead City, NC",2022-11-01,16,27,10,2,55,2445,494
33980,"Morehead City, NC",2022-12-01,15,30,9,2,56,2501,509
33980,"Morehead City, NC",2023-01-01,19,26,11,1,57,2558,528
33980,"Morehead City, NC",2023-02-01,20,17,7,0,44,2602,548
33980,"Morehead City, NC",2023-03-01,36,24,15,4,79,2681,584
33980,"Morehead City, NC",2023-04-01,20,33,10,2,65,2746,604
33980,"Morehead City, NC",2023-05-01,14,36,10,2,62,2808,618
33980,"Morehead City, NC",2023-06-01,20,28,6,2,56,2864,638
33980,"Morehead City, NC",2023-07-01,22,45,11,2,80,2944,660
33980,"Morehead City, NC",2023-08-01,23,27,8,0,58,3002,683
33980,"Morehead City, NC",2023-09-01,13,27,11,0,51,3053,696
33980,"Morehead City, NC",2023-10-01,30,18,5,0,53,3106,726
33980,"Morehead City, NC",2023-11-01,21,27,13,1,62,3168,747
33980,"Morehead City, NC",2023-12-01,24,37,13,2,76,3244,771
33980,"Morehead City, NC",2024-01-01,35,36,14,2,87,3331,806
33980,"Morehead City, NC",2024-02-01,22,22,15,0,59,3390,828
33980,"Morehead City, NC",2024-03-01,16,22,9,2,49,3439,844
33980,"Morehead City, NC",2024-04-01,24,25,13,1,63,3502,868
33980,"Morehead City, NC",2024-05-01,33,24,10,3,70,3572,901
33980,"Morehead City, NC",2024-06-01,24,35,13,0,72,3644,925
33980,"Morehead City, NC",2024-07-01,33,24,11,2,70,3714,958
33980,"Morehead City, NC",2024-08-01,23,27,11,0,61,3775,981
33980,"Morehead City, NC",2024-09-01,25,26,9,3,63,3838,1006
33980,"Morehead City, NC",2024-10-01,26,29,12,1,68,3906,1032
33980,"Morehead City, NC",2024-11-01,22,27,16,2,67,3973,1054
33980,"Morehead City, NC",2024-12-01,32,36,12,2,82,4055,1086
33980,"Morehead City, NC",2025-01-01,22,26,9,0,57,4112,1108
33980,"Morehead City, NC",2025-02-01,29,21,9,1,60,4172,1137
33980,"Morehead City, NC",2025-03-01,27,24,13,2,66,4238,1164
33980,"Morehead City, NC",2025-04-01,35,25,13,1,74,4312,1199
33980,"Morehead City, NC",2025-05-01,43,25,9,2,79,4391,1242
33980,"Morehead City, NC",2025-06-01,42,28,18,2,90,4481,1284
33980,"Morehead City, NC",2025-07-01,28,37,4,0,69,4550,1312
33980,"Morehead City, NC",2025-08-01,23,33,14,1,71,4621,1335
33980,"Morehead City, NC",2025-09-01,1,0,0,0,1,4622,1336
26300,"Hot Springs, AR",2019-01-01,0,3,3,1,7,7,0
26300,"Hot Springs, AR",2019-02-01,0,2,0,0,2,9,0
26300,"Hot Springs, AR",2019-03-01,0,0,3,1,4,13,0
26300,"Hot Springs, AR",2019-04-01,1,7,3,1,12,25,1
26300,"Hot Springs, AR",2019-05-01,2,19,4,0,25,50,3
26300,"Hot Springs, AR",2019-06-01,1,14,6,0,21,71,4
26300,"Hot Springs, AR",2019-07-01,2,15,7,0,24,95,6
26300,"Hot Springs, AR",2019-08-01,2,14,5,0,21,116,8
26300,"Hot Springs, AR",2019-09-01,1,18,5,1,25,141,9
26300,"Hot Springs, AR",2019-10-01,2,10,6,0,18,159,11
26300,"Hot Springs, AR",2019-11-01,3,15,5,0,23,182,14
26300,"Hot Springs, AR",2019-12-01,0,16,4,3,23,205,14
26300,"Hot Springs, AR",2020-01-01,5,17,10,2,34,239,19
26300,"Hot Springs, AR",2020-02-01,5,19,1,0,25,264,24
26300,"Hot Springs, AR",2020-03-01,8,30,13,1,52,316,32
26300,"Hot Springs, AR",2020-04-01,3,48,10,2,63,379,35
26300,"Hot Springs, AR",2020-05-01,14,50,15,0,79,458,49
26300,"Hot Springs, AR",2020-06-01,11,35,9,1,56,514,60
26300,"Hot Springs, AR",2020-07-01,19,62,8,0,89,603,79
26300,"Hot Springs, AR",2020-08-01,18,76,11,2,107,710,97
26300,"Hot Springs, AR",2020-09-01,15,52,13,2,82,792,112
26300,"Hot Springs, AR",2020-10-01,6,33,7,0,46,838,118
26300,"Hot Springs, AR",2020-11-01,13,24,7,0,44,882,131
26300,"Hot Springs, AR",2020-12-01,15,61,8,0,84,966,146
26300,"Hot Springs, AR",2021-01-01,35,59,15,0,109,1075,181
26300,"Hot Springs, AR",2021-02-01,16,39,10,0,65,1140,197
26300,"Hot Springs, AR",2021-03-01,30,57,17,4,108,1248,227
26300,"Hot Springs, AR",2021-04-01,28,87,24,0,139,1387,255
26300,"Hot Springs, AR",2021-05-01,28,73,11,4,116,1503,283
26300,"Hot Springs, AR",2021-06-01,22,84,20,4,130,1633,305
26300,"Hot Springs, AR",2021-07-01,24,72,13,1,110,1743,329
26300,"Hot Springs, AR",2021-08-01,20,77,11,2,110,1853,349
26300,"Hot Springs, AR",2021-09-01,22,56,20,0,98,1951,371
26300,"Hot Springs, AR",2021-10-01,16,51,15,1,83,2034,387
26300,"Hot Springs, AR",2021-11-01,11,49,16,3,79,2113,398
26300,"Hot Springs, AR",2021-12-01,28,62,12,0,102,2215,426
26300,"Hot Springs, AR",2022-01-01,44,89,21,5,159,2374,470
26300,"Hot Springs, AR",2022-02-01,28,55,14,2,99,2473,498
26300,"Hot Springs, AR",2022-03-01,38,63,33,1,135,2608,536
26300,"Hot Springs, AR",2022-04-01,23,64,8,1,96,2704,559
26300,"Hot Springs, AR",2022-05-01,19,55,21,3,98,2802,578
26300,"Hot Springs, AR",2022-06-01,15,57,21,0,93,2895,593
26300,"Hot Springs, AR",2022-07-01,17,61,17,3,98,2993,610
26300,"Hot Springs, AR",2022-08-01,21,51,25,1,98,3091,631
26300,"Hot Springs, AR",2022-09-01,14,51,22,1,88,3179,645
26300,"Hot Springs, AR",2022-10-01,30,42,20,1,93,3272,675
26300,"Hot Springs, AR",2022-11-01,33,64,22,2,121,3393,708
26300,"Hot Springs, AR",2022-12-01,42,49,21,1,113,3506,750
26300,"Hot Springs, AR",2023-01-01,40,73,18,2,133,3639,790
26300,"Hot Springs, AR",2023-02-01,34,41,16,5,96,3735,824
26300,"Hot Springs, AR",2023-03-01,32,81,30,2,145,3880,856
26300,"Hot Springs, AR",2023-04-01,35,55,27,2,119,3999,891
26300,"Hot Springs, AR",2023-05-01,12,41,17,1,71,4070,903
26300,"Hot Springs, AR",2023-06-01,28,37,17,0,82,4152,931
26300,"Hot Springs, AR",2023-07-01,15,31,8,1,55,4207,946
26300,"Hot Springs, AR",2023-08-01,30,40,21,3,94,4301,976
26300,"Hot Springs, AR",2023-09-01,30,39,9,4,82,4383,1006
26300,"Hot Springs, AR",2023-10-01,29,57,21,2,109,4492,1035
26300,"Hot Springs, AR",2023-11-01,45,60,27,3,135,4627,1080
26300,"Hot Springs, AR",2023-12-01,46,53,18,0,117,4744,1126
26300,"Hot Springs, AR",2024-01-01,51,68,24,2,145,4889,1177
26300,"Hot Springs, AR",2024-02-01,50,60,23,1,134,5023,1227
26300,"Hot Springs, AR",2024-03-01,38,48,13,1,100,5123,1265
26300,"Hot Springs, AR",2024-04-01,32,52,13,4,101,5224,1297
26300,"Hot Springs, AR",2024-05-01,28,51,7,1,87,5311,1325
26300,"Hot Springs, AR",2024-06-01,38,45,16,2,101,5412,1363
26300,"Hot Springs, AR",2024-07-01,29,39,19,1,88,5500,1392
26300,"Hot Springs, AR",2024-08-01,17,27,9,1,54,5554,1409
26300,"Hot Springs, AR",2024-09-01,21,31,10,3,65,5619,1430
26300,"Hot Springs, AR",2024-10-01,21,43,11,1,76,5695,1451
26300,"Hot Springs, AR",2024-11-01,30,29,11,2,72,5767,1481
26300,"Hot Springs, AR",2024-12-01,41,34,17,2,94,5861,1522
26300,"Hot Springs, AR",2025-01-01,52,53,15,2,122,5983,1574
26300,"Hot Springs, AR",2025-02-01,62,49,22,2,135,6118,1636
26300,"Hot Springs, AR",2025-03-01,77,53,24,4,158,6276,1713
26300,"Hot Springs, AR",2025-04-01,58,44,27,2,131,6407,1771
26300,"Hot Springs, AR",2025-05-01,47,54,12,3,116,6523,1818
26300,"Hot Springs, AR",2025-06-01,52,60,27,0,139,6662,1870
26300,"Hot Springs, AR",2025-07-01,57,49,31,2,139,6801,1927
26300,"Hot Springs, AR",2025-08-01,45,45,19,4,113,6914,1972
26300,"Hot Springs, AR",2025-09-01,1,0,0,0,1,6915,1973
41980,"San Juan-Bayamón-Caguas, PR",2019-01-01,0,6,1,0,7,7,0
41980,"San Juan-Bayamón-Caguas, PR",2019-02-01,0,7,0,0,7,14,0
41980,"San Juan-Bayamón-Caguas, PR",2019-03-01,0,9,2,0,11,25,0
41980,"San Juan-Bayamón-Caguas, PR",2019-04-01,2,8,1,0,11,36,2
41980,"San Juan-Bayamón-Caguas, PR",2019-05-01,0,10,3,0,13,49,2
41980,"San Juan-Bayamón-Caguas, PR",2019-06-01,0,5,2,0,7,56,2
41980,"San Juan-Bayamón-Caguas, PR",2019-07-01,0,6,4,0,10,66,2
41980,"San Juan-Bayamón-Caguas, PR",2019-08-01,2,8,2,0,12,78,4
41980,"San Juan-Bayamón-Caguas, PR",2019-09-01,0,8,0,1,9,87,4
41980,"San Juan-Bayamón-Caguas, PR",2019-10-01,0,25,13,0,38,125,4
41980,"San Juan-Bayamón-Caguas, PR",2019-11-01,0,33,12,2,47,172,4
41980,"San Juan-Bayamón-Caguas, PR",2019-12-01,1,22,8,1,32,204,5
41980,"San Juan-Bayamón-Caguas, PR",2020-01-01,0,26,5,0,31,235,5
41980,"San Juan-Bayamón-Caguas, PR",2020-02-01,2,23,10,0,35,270,7
41980,"San Juan-Bayamón-Caguas, PR",2020-03-01,0,17,1,0,18,288,7
41980,"San Juan-Bayamón-Caguas, PR",2020-04-01,2,26,7,0,35,323,9
41980,"San Juan-Bayamón-Caguas, PR",2020-05-01,3,28,14,1,46,369,12
41980,"San Juan-Bayamón-Caguas, PR",2020-06-01,3,31,5,1,40,409,15
41980,"San Juan-Bayamón-Caguas, PR",2020-07-01,1,21,11,0,33,442,16
41980,"San Juan-Bayamón-Caguas, PR",2020-08-01,6,82,10,0,98,540,22
41980,"San Juan-Bayamón-Caguas, PR",2020-09-01,7,90,25,0,122,662,29
41980,"San Juan-Bayamón-Caguas, PR",2020-10-01,4,84,15,2,105,767,33
41980,"San Juan-Bayamón-Caguas, PR",2020-11-01,9,82,11,1,103,870,42
41980,"San Juan-Bayamón-Caguas, PR",2020-12-01,13,138,29,0,180,1050,55
41980,"San Juan-Bayamón-Caguas, PR",2021-01-01,17,108,14,0,139,1189,72
41980,"San Juan-Bayamón-Caguas, PR",2021-02-01,27,143,24,1,195,1384,99
41980,"San Juan-Bayamón-Caguas, PR",2021-03-01,21,120,19,4,164,1548,120
41980,"San Juan-Bayamón-Caguas, PR",2021-04-01,26,179,26,3,234,1782,146
41980,"San Juan-Bayamón-Caguas, PR",2021-05-01,33,150,16,2,201,1983,179
41980,"San Juan-Bayamón-Caguas, PR",2021-06-01,50,146,26,1,223,2206,229
41980,"San Juan-Bayamón-Caguas, PR",2021-07-01,34,151,16,2,203,2409,263
41980,"San Juan-Bayamón-Caguas, PR",2021-08-01,29,185,20,1,235,2644,292
41980,"San Juan-Bayamón-Caguas, PR",2021-09-01,26,162,37,2,227,2871,318
41980,"San Juan-Bayamón-Caguas, PR",2021-10-01,30,145,20,0,195,3066,348
41980,"San Juan-Bayamón-Caguas, PR",2021-11-01,26,151,23,2,202,3268,374
41980,"San Juan-Bayamón-Caguas, PR",2021-12-01,31,122,25,0,178,3446,405
41980,"San Juan-Bayamón-Caguas, PR",2022-01-01,27,186,27,1,241,3687,432
41980,"San Juan-Bayamón-Caguas, PR",2022-02-01,18,149,29,1,197,3884,450
41980,"San Juan-Bayamón-Caguas, PR",2022-03-01,39,188,32,1,260,4144,489
41980,"San Juan-Bayamón-Caguas, PR",2022-04-01,19,138,29,1,187,4331,508
41980,"San Juan-Bayamón-Caguas, PR",2022-05-01,49,260,37,6,352,4683,557
41980,"San Juan-Bayamón-Caguas, PR",2022-06-01,76,265,42,5,388,5071,633
41980,"San Juan-Bayamón-Caguas, PR",2022-07-01,45,291,60,1,397,5468,678
41980,"San Juan-Bayamón-Caguas, PR",2022-08-01,35,190,32,3,260,5728,713
41980,"San Juan-Bayamón-Caguas, PR",2022-09-01,48,229,50,4,331,6059,761
41980,"San Juan-Bayamón-Caguas, PR",2022-10-01,39,187,44,3,273,6332,800
41980,"San Juan-Bayamón-Caguas, PR",2022-11-01,61,236,51,5,353,6685,861
41980,"San Juan-Bayamón-Caguas, PR",2022-12-01,30,140,30,0,200,6885,891
41980,"San Juan-Bayamón-Caguas, PR",2023-01-01,23,112,14,4,153,7038,914
41980,"San Juan-Bayamón-Caguas, PR",2023-02-01,9,61,12,0,82,7120,923
41980,"San Juan-Bayamón-Caguas, PR",2023-03-01,128,378,81,1,588,7708,1051
41980,"San Juan-Bayamón-Caguas, PR",2023-04-01,84,345,56,2,487,8195,1135
41980,"San Juan-Bayamón-Caguas, PR",2023-05-01,135,405,69,4,613,8808,1270
41980,"San Juan-Bayamón-Caguas, PR",2023-06-01,158,397,71,3,629,9437,1428
41980,"San Juan-Bayamón-Caguas, PR",2023-07-01,158,467,89,3,717,10154,1586
41980,"San Juan-Bayamón-Caguas, PR",2023-08-01,61,176,42,3,282,10436,1647
41980,"San Juan-Bayamón-Caguas, PR",2023-09-01,130,416,79,3,628,11064,1777
41980,"San Juan-Bayamón-Caguas, PR",2023-10-01,122,395,73,1,591,11655,1899
41980,"San Juan-Bayamón-Caguas, PR",2023-11-01,164,404,88,6,662,12317,2063
41980,"San Juan-Bayamón-Caguas, PR",2023-12-01,196,424,108,5,733,13050,2259
41980,"San Juan-Bayamón-Caguas, PR",2024-01-01,175,460,87,9,731,13781,2434
41980,"San Juan-Bayamón-Caguas, PR",2024-02-01,151,378,61,5,595,14376,2585
41980,"San Juan-Bayamón-Caguas, PR",2024-03-01,143,226,54,2,425,14801,2728
41980,"San Juan-Bayamón-Caguas, PR",2024-04-01,122,236,55,3,416,15217,2850
41980,"San Juan-Bayamón-Caguas, PR",2024-05-01,147,221,58,4,430,15647,2997
41980,"San Juan-Bayamón-Caguas, PR",2024-06-01,160,256,49,3,468,16115,3157
41980,"San Juan-Bayamón-Caguas, PR",2024-07-01,138,285,70,3,496,16611,3295
41980,"San Juan-Bayamón-Caguas, PR",2024-08-01,99,241,65,2,407,17018,3394
41980,"San Juan-Bayamón-Caguas, PR",2024-09-01,84,267,53,5,409,17427,3478
41980,"San Juan-Bayamón-Caguas, PR",2024-10-01,113,229,44,1,387,17814,3591
41980,"San Juan-Bayamón-Caguas, PR",2024-11-01,130,227,53,7,417,18231,3721
41980,"San Juan-Bayamón-Caguas, PR",2024-12-01,140,226,57,3,426,18657,3861
41980,"San Juan-Bayamón-Caguas, PR",2025-01-01,173,294,68,2,537,19194,4034
41980,"San Juan-Bayamón-Caguas, PR",2025-02-01,139,237,41,1,418,19612,4173
41980,"San Juan-Bayamón-Caguas, PR",2025-03-01,109,224,42,5,380,19992,4282
41980,"San Juan-Bayamón-Caguas, PR",2025-04-01,144,236,56,2,438,20430,4426
41980,"San Juan-Bayamón-Caguas, PR",2025-05-01,187,304,71,8,570,21000,4613
41980,"San Juan-Bayamón-Caguas, PR",2025-06-01,219,413,84,4,720,21720,4832
41980,"San Juan-Bayamón-Caguas, PR",2025-07-01,242,402,81,5,730,22450,5074
41980,"San Juan-Bayamón-Caguas, PR",2025-08-01,251,408,71,4,734,23184,5325
41980,"San Juan-Bayamón-Caguas, PR",2025-09-01,8,15,6,0,29,23213,5333
29540,"Lancaster, PA",2019-01-01,0,52,10,1,63,63,0
29540,"Lancaster, PA",2019-02-01,0,62,17,0,79,142,0
29540,"Lancaster, PA",2019-03-01,3,75,29,3,110,252,3
29540,"Lancaster, PA",2019-04-01,1,72,17,2,92,344,4
29540,"Lancaster, PA",2019-05-01,6,83,16,1,106,450,10
29540,"Lancaster, PA",2019-06-01,8,78,17,2,105,555,18
29540,"Lancaster, PA",2019-07-01,7,47,12,1,67,622,25
29540,"Lancaster, PA",2019-08-01,10,66,19,3,98,720,35
29540,"Lancaster, PA",2019-09-01,12,106,26,6,150,870,47
29540,"Lancaster, PA",2019-10-01,8,83,18,1,110,980,55
29540,"Lancaster, PA",2019-11-01,5,54,4,0,63,1043,60
29540,"Lancaster, PA",2019-12-01,8,77,30,3,118,1161,68
29540,"Lancaster, PA",2020-01-01,14,89,20,3,126,1287,82
29540,"Lancaster, PA",2020-02-01,9,62,13,3,87,1374,91
29540,"Lancaster, PA",2020-03-01,21,86,21,5,133,1507,112
29540,"Lancaster, PA",2020-04-01,82,250,81,7,420,1927,194
29540,"Lancaster, PA",2020-05-01,159,359,71,10,599,2526,353
29540,"Lancaster, PA",2020-06-01,128,305,34,4,471,2997,481
29540,"Lancaster, PA",2020-07-01,131,329,48,5,513,3510,612
29540,"Lancaster, PA",2020-08-01,178,459,93,5,735,4245,790
29540,"Lancaster, PA",2020-09-01,136,380,74,7,597,4842,926
29540,"Lancaster, PA",2020-10-01,94,265,51,2,412,5254,1020
29540,"Lancaster, PA",2020-11-01,71,193,34,2,300,5554,1091
29540,"Lancaster, PA",2020-12-01,87,165,28,1,281,5835,1178
29540,"Lancaster, PA",2021-01-01,106,223,51,3,383,6218,1284
29540,"Lancaster, PA",2021-02-01,150,387,84,4,625,6843,1434
29540,"Lancaster, PA",2021-03-01,188,367,94,5,654,7497,1622
29540,"Lancaster, PA",2021-04-01,170,392,71,3,636,8133,1792
29540,"Lancaster, PA",2021-05-01,112,299,65,6,482,8615,1904
29540,"Lancaster, PA",2021-06-01,118,278,62,7,465,9080,2022
29540,"Lancaster, PA",2021-07-01,66,184,41,3,294,9374,2088
29540,"Lancaster, PA",2021-08-01,72,179,37,4,292,9666,2160
29540,"Lancaster, PA",2021-09-01,86,297,82,6,471,10137,2246
29540,"Lancaster, PA",2021-10-01,32,125,36,2,195,10332,2278
29540,"Lancaster, PA",2021-11-01,39,110,21,1,171,10503,2317
29540,"Lancaster, PA",2021-12-01,119,227,61,2,409,10912,2436
29540,"Lancaster, PA",2022-01-01,95,233,61,7,396,11308,2531
29540,"Lancaster, PA",2022-02-01,57,121,27,3,208,11516,2588
29540,"Lancaster, PA",2022-03-01,85,168,42,3,298,11814,2673
29540,"Lancaster, PA",2022-04-01,61,136,32,1,230,12044,2734
29540,"Lancaster, PA",2022-05-01,145,239,56,3,443,12487,2879
29540,"Lancaster, PA",2022-06-01,64,137,24,2,227,12714,2943
29540,"Lancaster, PA",2022-07-01,36,94,26,2,158,12872,2979
29540,"Lancaster, PA",2022-08-01,69,133,36,2,240,13112,3048
29540,"Lancaster, PA",2022-09-01,142,262,80,5,489,13601,3190
29540,"Lancaster, PA",2022-10-01,68,170,40,5,283,13884,3258
29540,"Lancaster, PA",2022-11-01,137,225,68,3,433,14317,3395
29540,"Lancaster, PA",2022-12-01,179,215,67,5,466,14783,3574
29540,"Lancaster, PA",2023-01-01,145,237,72,1,455,15238,3719
29540,"Lancaster, PA",2023-02-01,107,197,54,5,363,15601,3826
29540,"Lancaster, PA",2023-03-01,162,290,83,4,539,16140,3988
29540,"Lancaster, PA",2023-04-01,131,230,58,3,422,16562,4119
29540,"Lancaster, PA",2023-05-01,54,119,27,3,203,16765,4173
29540,"Lancaster, PA",2023-06-01,47,80,22,2,151,16916,4220
29540,"Lancaster, PA",2023-07-01,45,87,18,2,152,17068,4265
29540,"Lancaster, PA",2023-08-01,56,122,32,3,213,17281,4321
29540,"Lancaster, PA",2023-09-01,84,120,32,3,239,17520,4405
29540,"Lancaster, PA",2023-10-01,105,248,67,7,427,17947,4510
29540,"Lancaster, PA",2023-11-01,107,185,61,2,355,18302,4617
29540,"Lancaster, PA",2023-12-01,166,201,56,5,428,18730,4783
29540,"Lancaster, PA",2024-01-01,182,277,102,8,569,19299,4965
29540,"Lancaster, PA",2024-02-01,195,271,93,8,567,19866,5160
29540,"Lancaster, PA",2024-03-01,199,291,67,7,564,20430,5359
29540,"Lancaster, PA",2024-04-01,101,139,34,6,280,20710,5460
29540,"Lancaster, PA",2024-05-01,81,132,32,2,247,20957,5541
29540,"Lancaster, PA",2024-06-01,76,114,40,3,233,21190,5617
29540,"Lancaster, PA",2024-07-01,178,326,81,7,592,21782,5795
29540,"Lancaster, PA",2024-08-01,156,257,61,1,475,22257,5951
29540,"Lancaster, PA",2024-09-01,82,137,38,4,261,22518,6033
29540,"Lancaster, PA",2024-10-01,212,240,74,10,536,23054,6245
29540,"Lancaster, PA",2024-11-01,188,272,65,4,529,23583,6433
29540,"Lancaster, PA",2024-12-01,247,216,80,3,546,24129,6680
29540,"Lancaster, PA",2025-01-01,210,258,75,10,553,24682,6890
29540,"Lancaster, PA",2025-02-01,184,200,63,4,451,25133,7074
29540,"Lancaster, PA",2025-03-01,220,215,70,1,506,25639,7294
29540,"Lancaster, PA",2025-04-01,197,229,64,9,499,26138,7491
29540,"Lancaster, PA",2025-05-01,264,276,60,10,610,26748,7755
29540,"Lancaster, PA",2025-06-01,209,246,74,1,530,27278,7964
29540,"Lancaster, PA",2025-07-01,179,191,81,1,452,27730,8143
29540,"Lancaster, PA",2025-08-01,149,164,57,5,375,28105,8292
29540,"Lancaster, PA",2025-09-01,4,1,2,0,7,28112,8296
28660,"Killeen-Temple, TX",2019-01-01,1,71,12,0,84,84,1
28660,"Killeen-Temple, TX",2019-02-01,3,77,12,1,93,177,4
28660,"Killeen-Temple, TX",2019-03-01,3,94,18,2,117,294,7
28660,"Killeen-Temple, TX",2019-04-01,5,147,26,1,179,473,12
28660,"Killeen-Temple, TX",2019-05-01,5,145,20,2,172,645,17
28660,"Killeen-Temple, TX",2019-06-01,4,104,20,1,129,774,21
28660,"Killeen-Temple, TX",2019-07-01,5,114,18,0,137,911,26
28660,"Killeen-Temple, TX",2019-08-01,9,173,29,3,214,1125,35
28660,"Killeen-Temple, TX",2019-09-01,14,173,31,2,220,1345,49
28660,"Killeen-Temple, TX",2019-10-01,9,131,29,3,172,1517,58
28660,"Killeen-Temple, TX",2019-11-01,7,115,17,0,139,1656,65
28660,"Killeen-Temple, TX",2019-12-01,11,110,17,2,140,1796,76
28660,"Killeen-Temple, TX",2020-01-01,12,130,27,1,170,1966,88
28660,"Killeen-Temple, TX",2020-02-01,24,171,33,5,233,2199,112
28660,"Killeen-Temple, TX",2020-03-01,19,226,36,3,284,2483,131
28660,"Killeen-Temple, TX",2020-04-01,86,470,84,8,648,3131,217
28660,"Killeen-Temple, TX",2020-05-01,73,424,66,2,565,3696,290
28660,"Killeen-Temple, TX",2020-06-01,60,243,26,1,330,4026,350
28660,"Killeen-Temple, TX",2020-07-01,114,569,65,8,756,4782,464
28660,"Killeen-Temple, TX",2020-08-01,125,606,94,5,830,5612,589
28660,"Killeen-Temple, TX",2020-09-01,124,539,71,7,741,6353,713
28660,"Killeen-Temple, TX",2020-10-01,76,351,50,2,479,6832,789
28660,"Killeen-Temple, TX",2020-11-01,58,219,38,1,316,7148,847
28660,"Killeen-Temple, TX",2020-12-01,40,141,19,1,201,7349,887
28660,"Killeen-Temple, TX",2021-01-01,146,525,73,4,748,8097,1033
28660,"Killeen-Temple, TX",2021-02-01,129,343,61,3,536,8633,1162
28660,"Killeen-Temple, TX",2021-03-01,176,488,75,5,744,9377,1338
28660,"Killeen-Temple, TX",2021-04-01,167,566,77,7,817,10194,1505
28660,"Killeen-Temple, TX",2021-05-01,132,365,66,5,568,10762,1637
28660,"Killeen-Temple, TX",2021-06-01,86,241,42,2,371,11133,1723
28660,"Killeen-Temple, TX",2021-07-01,68,259,35,3,365,11498,1791
28660,"Killeen-Temple, TX",2021-08-01,106,399,49,4,558,12056,1897
28660,"Killeen-Temple, TX",2021-09-01,111,479,57,10,657,12713,2008
28660,"Killeen-Temple, TX",2021-10-01,96,251,40,2,389,13102,2104
28660,"Killeen-Temple, TX",2021-11-01,96,271,35,2,404,13506,2200
28660,"Killeen-Temple, TX",2021-12-01,116,317,45,5,483,13989,2316
28660,"Killeen-Temple, TX",2022-01-01,171,457,79,5,712,14701,2487
28660,"Killeen-Temple, TX",2022-02-01,189,359,95,3,646,15347,2676
28660,"Killeen-Temple, TX",2022-03-01,157,351,85,7,600,15947,2833
28660,"Killeen-Temple, TX",2022-04-01,97,260,62,7,426,16373,2930
28660,"Killeen-Temple, TX",2022-05-01,103,246,42,3,394,16767,3033
28660,"Killeen-Temple, TX",2022-06-01,108,214,36,3,361,17128,3141
28660,"Killeen-Temple, TX",2022-07-01,85,207,35,2,329,17457,3226
28660,"Killeen-Temple, TX",2022-08-01,92,227,30,10,359,17816,3318
28660,"Killeen-Temple, TX",2022-09-01,211,491,133,12,847,18663,3529
28660,"Killeen-Temple, TX",2022-10-01,156,433,78,6,673,19336,3685
28660,"Killeen-Temple, TX",2022-11-01,158,385,86,8,637,19973,3843
28660,"Killeen-Temple, TX",2022-12-01,177,332,67,8,584,20557,4020
28660,"Killeen-Temple, TX",2023-01-01,164,302,67,9,542,21099,4184
28660,"Killeen-Temple, TX",2023-02-01,186,335,99,4,624,21723,4370
28660,"Killeen-Temple, TX",2023-03-01,225,432,90,11,758,22481,4595
28660,"Killeen-Temple, TX",2023-04-01,138,272,65,2,477,22958,4733
28660,"Killeen-Temple, TX",2023-05-01,111,222,43,2,378,23336,4844
28660,"Killeen-Temple, TX",2023-06-01,79,188,47,4,318,23654,4923
28660,"Killeen-Temple, TX",2023-07-01,93,190,35,2,320,23974,5016
28660,"Killeen-Temple, TX",2023-08-01,62,155,30,4,251,24225,5078
28660,"Killeen-Temple, TX",2023-09-01,82,166,36,4,288,24513,5160
28660,"Killeen-Temple, TX",2023-10-01,155,247,75,3,480,24993,5315
28660,"Killeen-Temple, TX",2023-11-01,242,370,85,5,702,25695,5557
28660,"Killeen-Temple, TX",2023-12-01,236,342,99,7,684,26379,5793
28660,"Killeen-Temple, TX",2024-01-01,237,358,76,7,678,27057,6030
28660,"Killeen-Temple, TX",2024-02-01,197,293,75,4,569,27626,6227
28660,"Killeen-Temple, TX",2024-03-01,231,294,80,4,609,28235,6458
28660,"Killeen-Temple, TX",2024-04-01,152,278,62,7,499,28734,6610
28660,"Killeen-Temple, TX",2024-05-01,128,197,41,1,367,29101,6738
28660,"Killeen-Temple, TX",2024-06-01,75,143,24,3,245,29346,6813
28660,"Killeen-Temple, TX",2024-07-01,81,118,32,2,233,29579,6894
28660,"Killeen-Temple, TX",2024-08-01,170,273,63,6,512,30091,7064
28660,"Killeen-Temple, TX",2024-09-01,107,175,49,2,333,30424,7171
28660,"Killeen-Temple, TX",2024-10-01,226,363,74,12,675,31099,7397
28660,"Killeen-Temple, TX",2024-11-01,201,349,69,8,627,31726,7598
28660,"Killeen-Temple, TX",2024-12-01,206,360,97,10,673,32399,7804
28660,"Killeen-Temple, TX",2025-01-01,202,339,76,11,628,33027,8006
28660,"Killeen-Temple, TX",2025-02-01,234,321,67,4,626,33653,8240
28660,"Killeen-Temple, TX",2025-03-01,261,295,73,12,641,34294,8501
28660,"Killeen-Temple, TX",2025-04-01,296,340,105,9,750,35044,8797
28660,"Killeen-Temple, TX",2025-05-01,285,387,95,11,778,35822,9082
28660,"Killeen-Temple, TX",2025-06-01,277,360,111,6,754,36576,9359
28660,"Killeen-Temple, TX",2025-07-01,239,297,75,7,618,37194,9598
28660,"Killeen-Temple, TX",2025-08-01,205,285,94,13,597,37791,9803
28660,"Killeen-Temple, TX",2025-09-01,3,5,2,0,10,37801,9806
35940,"Norwalk, OH",2019-01-01,0,3,1,0,4,4,0
35940,"Norwalk, OH",2019-02-01,0,5,4,1,10,14,0
35940,"Norwalk, OH",2019-03-01,1,5,2,2,10,24,1
35940,"Norwalk, OH",2019-04-01,0,10,3,0,13,37,1
35940,"Norwalk, OH",2019-05-01,2,20,5,3,30,67,3
35940,"Norwalk, OH",2019-06-01,0,18,5,0,23,90,3
35940,"Norwalk, OH",2019-07-01,0,8,3,1,12,102,3
35940,"Norwalk, OH",2019-08-01,2,7,3,1,13,115,5
35940,"Norwalk, OH",2019-09-01,2,11,3,0,16,131,7
35940,"Norwalk, OH",2019-10-01,1,8,0,0,9,140,8
35940,"Norwalk, OH",2019-11-01,1,10,3,0,14,154,9
35940,"Norwalk, OH",2019-12-01,1,15,6,0,22,176,10
35940,"Norwalk, OH",2020-01-01,0,8,6,0,14,190,10
35940,"Norwalk, OH",2020-02-01,1,14,4,0,19,209,11
35940,"Norwalk, OH",2020-03-01,1,17,5,0,23,232,12
35940,"Norwalk, OH",2020-04-01,6,26,6,1,39,271,18
35940,"Norwalk, OH",2020-05-01,12,40,4,1,57,328,30
35940,"Norwalk, OH",2020-06-01,11,20,6,1,38,366,41
35940,"Norwalk, OH",2020-07-01,17,31,5,1,54,420,58
35940,"Norwalk, OH",2020-08-01,9,28,9,0,46,466,67
35940,"Norwalk, OH",2020-09-01,10,27,3,1,41,507,77
35940,"Norwalk, OH",2020-10-01,5,13,7,0,25,532,82
35940,"Norwalk, OH",2020-11-01,4,15,4,0,23,555,86
35940,"Norwalk, OH",2020-12-01,9,21,5,0,35,590,95
35940,"Norwalk, OH",2021-01-01,19,38,6,1,64,654,114
35940,"Norwalk, OH",2021-02-01,12,28,6,0,46,700,126
35940,"Norwalk, OH",2021-03-01,8,34,12,1,55,755,134
35940,"Norwalk, OH",2021-04-01,8,42,8,1,59,814,142
35940,"Norwalk, OH",2021-05-01,21,37,8,1,67,881,163
35940,"Norwalk, OH",2021-06-01,7,37,7,0,51,932,170
35940,"Norwalk, OH",2021-07-01,10,30,8,1,49,981,180
35940,"Norwalk, OH",2021-08-01,13,49,6,3,71,1052,193
35940,"Norwalk, OH",2021-09-01,12,25,8,1,46,1098,205
35940,"Norwalk, OH",2021-10-01,9,27,16,3,55,1153,214
35940,"Norwalk, OH",2021-11-01,8,29,13,2,52,1205,222
35940,"Norwalk, OH",2021-12-01,12,37,11,0,60,1265,234
35940,"Norwalk, OH",2022-01-01,8,43,16,2,69,1334,242
35940,"Norwalk, OH",2022-02-01,9,29,7,1,46,1380,251
35940,"Norwalk, OH",2022-03-01,18,29,12,0,59,1439,269
35940,"Norwalk, OH",2022-04-01,8,35,11,1,55,1494,277
35940,"Norwalk, OH",2022-05-01,11,28,12,1,52,1546,288
35940,"Norwalk, OH",2022-06-01,10,25,5,0,40,1586,298
35940,"Norwalk, OH",2022-07-01,7,29,10,0,46,1632,305
35940,"Norwalk, OH",2022-08-01,8,28,8,1,45,1677,313
35940,"Norwalk, OH",2022-09-01,7,28,4,0,39,1716,320
35940,"Norwalk, OH",2022-10-01,17,27,10,1,55,1771,337
35940,"Norwalk, OH",2022-11-01,11,20,13,0,44,1815,348
35940,"Norwalk, OH",2022-12-01,17,24,6,1,48,1863,365
35940,"Norwalk, OH",2023-01-01,11,24,12,0,47,1910,376
35940,"Norwalk, OH",2023-02-01,8,19,7,1,35,1945,384
35940,"Norwalk, OH",2023-03-01,20,25,10,1,56,2001,404
35940,"Norwalk, OH",2023-04-01,14,23,12,0,49,2050,418
35940,"Norwalk, OH",2023-05-01,17,16,6,1,40,2090,435
35940,"Norwalk, OH",2023-06-01,10,13,8,0,31,2121,445
35940,"Norwalk, OH",2023-07-01,11,34,8,1,54,2175,456
35940,"Norwalk, OH",2023-08-01,11,22,11,0,44,2219,467
35940,"Norwalk, OH",2023-09-01,11,20,7,1,39,2258,478
35940,"Norwalk, OH",2023-10-01,15,25,9,1,50,2308,493
35940,"Norwalk, OH",2023-11-01,20,25,17,0,62,2370,513
35940,"Norwalk, OH",2023-12-01,16,35,8,2,61,2431,529
35940,"Norwalk, OH",2024-01-01,15,29,7,3,54,2485,544
35940,"Norwalk, OH",2024-02-01,21,19,8,0,48,2533,565
35940,"Norwalk, OH",2024-03-01,27,19,10,0,56,2589,592
35940,"Norwalk, OH",2024-04-01,15,32,10,3,60,2649,607
35940,"Norwalk, OH",2024-05-01,19,21,13,0,53,2702,626
35940,"Norwalk, OH",2024-06-01,22,31,14,0,67,2769,648
35940,"Norwalk, OH",2024-07-01,15,25,11,0,51,2820,663
35940,"Norwalk, OH",2024-08-01,27,32,13,1,73,2893,690
35940,"Norwalk, OH",2024-09-01,30,43,9,1,83,2976,720
35940,"Norwalk, OH",2024-10-01,30,34,10,1,75,3051,750
35940,"Norwalk, OH",2024-11-01,28,38,16,0,82,3133,778
35940,"Norwalk, OH",2024-12-01,38,40,10,3,91,3224,816
35940,"Norwalk, OH",2025-01-01,41,42,10,2,95,3319,857
35940,"Norwalk, OH",2025-02-01,35,34,10,0,79,3398,892
35940,"Norwalk, OH",2025-03-01,38,40,17,1,96,3494,930
35940,"Norwalk, OH",2025-04-01,31,28,17,0,76,3570,961
35940,"Norwalk, OH",2025-05-01,30,25,7,0,62,3632,991
35940,"Norwalk, OH",2025-06-01,34,35,11,1,81,3713,1025
35940,"Norwalk, OH",2025-07-01,22,26,12,1,61,3774,1047
35940,"Norwalk, OH",2025-08-01,27,27,16,0,70,3844,1074
35940,"Norwalk, OH",2025-09-01,1,0,1,0,2,3846,1075
40900,"Sacramento-Roseville-Folsom, CA",2019-01-01,27,893,186,18,1124,1124,27
40900,"Sacramento-Roseville-Folsom, CA",2019-02-01,37,692,148,29,906,2030,64
40900,"Sacramento-Roseville-Folsom, CA",2019-03-01,48,820,173,15,1056,3086,112
40900,"Sacramento-Roseville-Folsom, CA",2019-04-01,74,906,157,29,1166,4252,186
40900,"Sacramento-Roseville-Folsom, CA",2019-05-01,81,986,168,15,1250,5502,267
40900,"Sacramento-Roseville-Folsom, CA",2019-06-01,71,804,189,19,1083,6585,338
40900,"Sacramento-Roseville-Folsom, CA",2019-07-01,67,701,163,16,947,7532,405
40900,"Sacramento-Roseville-Folsom, CA",2019-08-01,104,866,185,22,1177,8709,509
40900,"Sacramento-Roseville-Folsom, CA",2019-09-01,98,761,146,22,1027,9736,607
40900,"Sacramento-Roseville-Folsom, CA",2019-10-01,124,697,174,24,1019,10755,731
40900,"Sacramento-Roseville-Folsom, CA",2019-11-01,85,560,124,25,794,11549,816
40900,"Sacramento-Roseville-Folsom, CA",2019-12-01,95,486,111,11,703,12252,911
40900,"Sacramento-Roseville-Folsom, CA",2020-01-01,122,688,178,18,1006,13258,1033
40900,"Sacramento-Roseville-Folsom, CA",2020-02-01,148,671,128,17,964,14222,1181
40900,"Sacramento-Roseville-Folsom, CA",2020-03-01,166,826,208,30,1230,15452,1347
40900,"Sacramento-Roseville-Folsom, CA",2020-04-01,563,1567,421,47,2598,18050,1910
40900,"Sacramento-Roseville-Folsom, CA",2020-05-01,739,1688,420,43,2890,20940,2649
40900,"Sacramento-Roseville-Folsom, CA",2020-06-01,689,1507,331,37,2564,23504,3338
40900,"Sacramento-Roseville-Folsom, CA",2020-07-01,680,1771,405,44,2900,26404,4018
40900,"Sacramento-Roseville-Folsom, CA",2020-08-01,568,1753,382,41,2744,29148,4586
40900,"Sacramento-Roseville-Folsom, CA",2020-09-01,504,1529,363,31,2427,31575,5090
40900,"Sacramento-Roseville-Folsom, CA",2020-10-01,488,1440,347,46,2321,33896,5578
40900,"Sacramento-Roseville-Folsom, CA",2020-11-01,557,1453,330,43,2383,36279,6135
40900,"Sacramento-Roseville-Folsom, CA",2020-12-01,548,1483,332,41,2404,38683,6683
40900,"Sacramento-Roseville-Folsom, CA",2021-01-01,626,1620,400,42,2688,41371,7309
40900,"Sacramento-Roseville-Folsom, CA",2021-02-01,356,944,244,36,1580,42951,7665
40900,"Sacramento-Roseville-Folsom, CA",2021-03-01,731,1615,464,81,2891,45842,8396
40900,"Sacramento-Roseville-Folsom, CA",2021-04-01,580,1640,489,66,2775,48617,8976
40900,"Sacramento-Roseville-Folsom, CA",2021-05-01,596,1541,322,39,2498,51115,9572
40900,"Sacramento-Roseville-Folsom, CA",2021-06-01,559,1536,319,29,2443,53558,10131
40900,"Sacramento-Roseville-Folsom, CA",2021-07-01,627,1548,356,46,2577,56135,10758
40900,"Sacramento-Roseville-Folsom, CA",2021-08-01,488,1403,410,53,2354,58489,11246
40900,"Sacramento-Roseville-Folsom, CA",2021-09-01,398,1483,567,45,2493,60982,11644
40900,"Sacramento-Roseville-Folsom, CA",2021-10-01,126,666,292,20,1104,62086,11770
40900,"Sacramento-Roseville-Folsom, CA",2021-11-01,127,504,137,17,785,62871,11897
40900,"Sacramento-Roseville-Folsom, CA",2021-12-01,366,988,288,47,1689,64560,12263
40900,"Sacramento-Roseville-Folsom, CA",2022-01-01,481,1501,436,69,2487,67047,12744
40900,"Sacramento-Roseville-Folsom, CA",2022-02-01,250,854,255,39,1398,68445,12994
40900,"Sacramento-Roseville-Folsom, CA",2022-03-01,128,491,220,22,861,69306,13122
40900,"Sacramento-Roseville-Folsom, CA",2022-04-01,141,557,217,20,935,70241,13263
40900,"Sacramento-Roseville-Folsom, CA",2022-05-01,129,556,186,27,898,71139,13392
40900,"Sacramento-Roseville-Folsom, CA",2022-06-01,158,496,190,17,861,72000,13550
40900,"Sacramento-Roseville-Folsom, CA",2022-07-01,150,587,195,15,947,72947,13700
40900,"Sacramento-Roseville-Folsom, CA",2022-08-01,230,635,200,11,1076,74023,13930
40900,"Sacramento-Roseville-Folsom, CA",2022-09-01,230,724,187,25,1166,75189,14160
40900,"Sacramento-Roseville-Folsom, CA",2022-10-01,255,825,268,39,1387,76576,14415
40900,"Sacramento-Roseville-Folsom, CA",2022-11-01,593,1521,462,46,2622,79198,15008
40900,"Sacramento-Roseville-Folsom, CA",2022-12-01,788,1557,521,49,2915,82113,15796
40900,"Sacramento-Roseville-Folsom, CA",2023-01-01,422,1166,354,35,1977,84090,16218
40900,"Sacramento-Roseville-Folsom, CA",2023-02-01,333,802,284,36,1455,85545,16551
40900,"Sacramento-Roseville-Folsom, CA",2023-03-01,501,1308,436,57,2302,87847,17052
40900,"Sacramento-Roseville-Folsom, CA",2023-04-01,228,674,190,19,1111,88958,17280
40900,"Sacramento-Roseville-Folsom, CA",2023-05-01,161,572,143,11,887,89845,17441
40900,"Sacramento-Roseville-Folsom, CA",2023-06-01,142,442,119,11,714,90559,17583
40900,"Sacramento-Roseville-Folsom, CA",2023-07-01,133,517,134,12,796,91355,17716
40900,"Sacramento-Roseville-Folsom, CA",2023-08-01,146,640,149,18,953,92308,17862
40900,"Sacramento-Roseville-Folsom, CA",2023-09-01,209,725,164,18,1116,93424,18071
40900,"Sacramento-Roseville-Folsom, CA",2023-10-01,182,731,152,11,1076,94500,18253
40900,"Sacramento-Roseville-Folsom, CA",2023-11-01,206,781,188,20,1195,95695,18459
40900,"Sacramento-Roseville-Folsom, CA",2023-12-01,476,1199,347,24,2046,97741,18935
40900,"Sacramento-Roseville-Folsom, CA",2024-01-01,300,936,200,15,1451,99192,19235
40900,"Sacramento-Roseville-Folsom, CA",2024-02-01,236,684,160,21,1101,100293,19471
40900,"Sacramento-Roseville-Folsom, CA",2024-03-01,209,716,170,23,1118,101411,19680
40900,"Sacramento-Roseville-Folsom, CA",2024-04-01,253,739,164,14,1170,102581,19933
40900,"Sacramento-Roseville-Folsom, CA",2024-05-01,242,794,164,19,1219,103800,20175
40900,"Sacramento-Roseville-Folsom, CA",2024-06-01,201,654,144,11,1010,104810,20376
40900,"Sacramento-Roseville-Folsom, CA",2024-07-01,284,833,169,18,1304,106114,20660
40900,"Sacramento-Roseville-Folsom, CA",2024-08-01,230,767,170,15,1182,107296,20890
40900,"Sacramento-Roseville-Folsom, CA",2024-09-01,250,700,127,12,1089,108385,21140
40900,"Sacramento-Roseville-Folsom, CA",2024-10-01,232,613,97,8,950,109335,21372
40900,"Sacramento-Roseville-Folsom, CA",2024-11-01,209,628,104,9,950,110285,21581
40900,"Sacramento-Roseville-Folsom, CA",2024-12-01,251,549,103,6,909,111194,21832
40900,"Sacramento-Roseville-Folsom, CA",2025-01-01,194,519,93,7,813,112007,22026
40900,"Sacramento-Roseville-Folsom, CA",2025-02-01,193,463,82,6,744,112751,22219
40900,"Sacramento-Roseville-Folsom, CA",2025-03-01,216,454,81,2,753,113504,22435
40900,"Sacramento-Roseville-Folsom, CA",2025-04-01,158,340,64,4,566,114070,22593
40900,"Sacramento-Roseville-Folsom, CA",2025-05-01,239,413,81,4,737,114807,22832
40900,"Sacramento-Roseville-Folsom, CA",2025-06-01,158,282,42,5,487,115294,22990
40900,"Sacramento-Roseville-Folsom, CA",2025-07-01,175,318,63,2,558,115852,23165
40900,"Sacramento-Roseville-Folsom, CA",2025-08-01,152,305,45,0,502,116354,23317
40900,"Sacramento-Roseville-Folsom, CA",2025-09-01,3,6,1,0,10,116364,23320
48980,"Wilson, NC",2019-01-01,0,3,1,0,4,4,0
48980,"Wilson, NC",2019-02-01,0,8,1,0,9,13,0
48980,"Wilson, NC",2019-03-01,0,18,10,0,28,41,0
48980,"Wilson, NC",2019-04-01,1,33,8,0,42,83,1
48980,"Wilson, NC",2019-05-01,2,38,9,1,50,133,3
48980,"Wilson, NC",2019-06-01,0,10,6,0,16,149,3
48980,"Wilson, NC",2019-07-01,1,21,4,1,27,176,4
48980,"Wilson, NC",2019-08-01,0,23,8,0,31,207,4
48980,"Wilson, NC",2019-09-01,0,26,7,0,33,240,4
48980,"Wilson, NC",2019-10-01,1,26,3,0,30,270,5
48980,"Wilson, NC",2019-11-01,3,24,6,1,34,304,8
48980,"Wilson, NC",2019-12-01,1,11,5,0,17,321,9
48980,"Wilson, NC",2020-01-01,1,16,6,0,23,344,10
48980,"Wilson, NC",2020-02-01,3,24,11,2,40,384,13
48980,"Wilson, NC",2020-03-01,4,30,10,1,45,429,17
48980,"Wilson, NC",2020-04-01,5,44,13,3,65,494,22
48980,"Wilson, NC",2020-05-01,21,57,15,1,94,588,43
48980,"Wilson, NC",2020-06-01,13,45,6,1,65,653,56
48980,"Wilson, NC",2020-07-01,15,55,6,3,79,732,71
48980,"Wilson, NC",2020-08-01,24,91,21,3,139,871,95
48980,"Wilson, NC",2020-09-01,13,73,9,1,96,967,108
48980,"Wilson, NC",2020-10-01,9,40,11,0,60,1027,117
48980,"Wilson, NC",2020-11-01,12,37,12,0,61,1088,129
48980,"Wilson, NC",2020-12-01,14,45,11,1,71,1159,143
48980,"Wilson, NC",2021-01-01,24,79,14,0,117,1276,167
48980,"Wilson, NC",2021-02-01,26,76,16,1,119,1395,193
48980,"Wilson, NC",2021-03-01,18,59,20,5,102,1497,211
48980,"Wilson, NC",2021-04-01,39,109,26,0,174,1671,250
48980,"Wilson, NC",2021-05-01,31,89,20,1,141,1812,281
48980,"Wilson, NC",2021-06-01,20,59,12,1,92,1904,301
48980,"Wilson, NC",2021-07-01,21,66,7,2,96,2000,322
48980,"Wilson, NC",2021-08-01,29,75,18,1,123,2123,351
48980,"Wilson, NC",2021-09-01,20,76,18,1,115,2238,371
48980,"Wilson, NC",2021-10-01,11,61,9,2,83,2321,382
48980,"Wilson, NC",2021-11-01,19,45,14,0,78,2399,401
48980,"Wilson, NC",2021-12-01,28,67,14,1,110,2509,429
48980,"Wilson, NC",2022-01-01,35,85,19,3,142,2651,464
48980,"Wilson, NC",2022-02-01,29,71,24,0,124,2775,493
48980,"Wilson, NC",2022-03-01,34,68,16,0,118,2893,527
48980,"Wilson, NC",2022-04-01,30,65,12,2,109,3002,557
48980,"Wilson, NC",2022-05-01,40,69,24,2,135,3137,597
48980,"Wilson, NC",2022-06-01,22,65,25,2,114,3251,619
48980,"Wilson, NC",2022-07-01,11,52,15,2,80,3331,630
48980,"Wilson, NC",2022-08-01,27,76,27,1,131,3462,657
48980,"Wilson, NC",2022-09-01,28,72,21,2,123,3585,685
48980,"Wilson, NC",2022-10-01,31,54,13,3,101,3686,716
48980,"Wilson, NC",2022-11-01,33,74,11,1,119,3805,749
48980,"Wilson, NC",2022-12-01,42,62,19,1,124,3929,791
48980,"Wilson, NC",2023-01-01,31,46,24,1,102,4031,822
48980,"Wilson, NC",2023-02-01,31,45,16,5,97,4128,853
48980,"Wilson, NC",2023-03-01,44,63,23,0,130,4258,897
48980,"Wilson, NC",2023-04-01,40,54,22,3,119,4377,937
48980,"Wilson, NC",2023-05-01,27,39,7,2,75,4452,964
48980,"Wilson, NC",2023-06-01,29,39,11,0,79,4531,993
48980,"Wilson, NC",2023-07-01,33,50,16,3,102,4633,1026
48980,"Wilson, NC",2023-08-01,27,53,27,1,108,4741,1053
48980,"Wilson, NC",2023-09-01,36,70,17,4,127,4868,1089
48980,"Wilson, NC",2023-10-01,36,58,17,1,112,4980,1125
48980,"Wilson, NC",2023-11-01,44,71,22,1,138,5118,1169
48980,"Wilson, NC",2023-12-01,48,59,31,3,141,5259,1217
48980,"Wilson, NC",2024-01-01,46,84,16,4,150,5409,1263
48980,"Wilson, NC",2024-02-01,46,49,25,1,121,5530,1309
48980,"Wilson, NC",2024-03-01,50,44,22,1,117,5647,1359
48980,"Wilson, NC",2024-04-01,39,60,15,5,119,5766,1398
48980,"Wilson, NC",2024-05-01,48,67,27,3,145,5911,1446
48980,"Wilson, NC",2024-06-01,26,41,15,0,82,5993,1472
48980,"Wilson, NC",2024-07-01,17,48,13,1,79,6072,1489
48980,"Wilson, NC",2024-08-01,22,58,19,1,100,6172,1511
48980,"Wilson, NC",2024-09-01,41,52,29,3,125,6297,1552
48980,"Wilson, NC",2024-10-01,55,82,27,1,165,6462,1607
48980,"Wilson, NC",2024-11-01,38,68,29,2,137,6599,1645
48980,"Wilson, NC",2024-12-01,65,82,21,3,171,6770,1710
48980,"Wilson, NC",2025-01-01,47,57,23,4,131,6901,1757
48980,"Wilson, NC",2025-02-01,43,58,20,3,124,7025,1800
48980,"Wilson, NC",2025-03-01,43,61,23,3,130,7155,1843
48980,"Wilson, NC",2025-04-01,49,69,35,3,156,7311,1892
48980,"Wilson, NC",2025-05-01,79,79,35,3,196,7507,1971
48980,"Wilson, NC",2025-06-01,49,80,44,3,176,7683,2020
48980,"Wilson, NC",2025-07-01,56,66,29,4,155,7838,2076
48980,"Wilson, NC",2025-08-01,45,62,17,2,126,7964,2121
48980,"Wilson, NC",2025-09-01,0,2,0,0,2,7966,2121
41660,"San Angelo, TX",2019-01-01,1,1,0,1,3,3,1
41660,"San Angelo, TX",2019-02-01,0,3,1,0,4,7,1
41660,"San Angelo, TX",2019-03-01,1,10,5,0,16,23,2
41660,"San Angelo, TX",2019-04-01,3,8,3,0,14,37,5
41660,"San Angelo, TX",2019-05-01,0,22,3,1,26,63,5
41660,"San Angelo, TX",2019-06-01,0,16,3,1,20,83,5
41660,"San Angelo, TX",2019-07-01,2,9,6,0,17,100,7
41660,"San Angelo, TX",2019-08-01,1,15,3,0,19,119,8
41660,"San Angelo, TX",2019-09-01,1,26,4,0,31,150,9
41660,"San Angelo, TX",2019-10-01,4,20,6,0,30,180,13
41660,"San Angelo, TX",2019-11-01,2,11,2,1,16,196,15
41660,"San Angelo, TX",2019-12-01,2,17,5,2,26,222,17
41660,"San Angelo, TX",2020-01-01,3,24,4,0,31,253,20
41660,"San Angelo, TX",2020-02-01,3,28,3,0,34,287,23
41660,"San Angelo, TX",2020-03-01,9,30,5,0,44,331,32
41660,"San Angelo, TX",2020-04-01,19,78,28,3,128,459,51
41660,"San Angelo, TX",2020-05-01,24,67,15,4,110,569,75
41660,"San Angelo, TX",2020-06-01,17,46,6,0,69,638,92
41660,"San Angelo, TX",2020-07-01,20,84,15,0,119,757,112
41660,"San Angelo, TX",2020-08-01,21,83,18,2,124,881,133
41660,"San Angelo, TX",2020-09-01,26,63,13,1,103,984,159
41660,"San Angelo, TX",2020-10-01,20,53,6,2,81,1065,179
41660,"San Angelo, TX",2020-11-01,16,60,7,1,84,1149,195
41660,"San Angelo, TX",2020-12-01,11,36,9,0,56,1205,206
41660,"San Angelo, TX",2021-01-01,42,50,6,3,101,1306,248
41660,"San Angelo, TX",2021-02-01,13,38,5,0,56,1362,261
41660,"San Angelo, TX",2021-03-01,49,57,10,0,116,1478,310
41660,"San Angelo, TX",2021-04-01,36,67,15,0,118,1596,346
41660,"San Angelo, TX",2021-05-01,40,91,15,1,147,1743,386
41660,"San Angelo, TX",2021-06-01,18,39,7,4,68,1811,404
41660,"San Angelo, TX",2021-07-01,18,56,10,1,85,1896,422
41660,"San Angelo, TX",2021-08-01,16,72,13,0,101,1997,438
41660,"San Angelo, TX",2021-09-01,24,70,21,3,118,2115,462
41660,"San Angelo, TX",2021-10-01,20,34,9,1,64,2179,482
41660,"San Angelo, TX",2021-11-01,21,53,7,0,81,2260,503
41660,"San Angelo, TX",2021-12-01,21,52,19,0,92,2352,524
41660,"San Angelo, TX",2022-01-01,34,64,18,3,119,2471,558
41660,"San Angelo, TX",2022-02-01,38,63,14,2,117,2588,596
41660,"San Angelo, TX",2022-03-01,48,75,19,3,145,2733,644
41660,"San Angelo, TX",2022-04-01,23,65,16,1,105,2838,667
41660,"San Angelo, TX",2022-05-01,27,61,15,1,104,2942,694
41660,"San Angelo, TX",2022-06-01,29,43,10,1,83,3025,723
41660,"San Angelo, TX",2022-07-01,21,44,6,1,72,3097,744
41660,"San Angelo, TX",2022-08-01,28,68,13,0,109,3206,772
41660,"San Angelo, TX",2022-09-01,34,86,22,2,144,3350,806
41660,"San Angelo, TX",2022-10-01,43,86,22,2,153,3503,849
41660,"San Angelo, TX",2022-11-01,52,72,20,1,145,3648,901
41660,"San Angelo, TX",2022-12-01,46,69,24,2,141,3789,947
41660,"San Angelo, TX",2023-01-01,52,79,15,2,148,3937,999
41660,"San Angelo, TX",2023-02-01,54,63,21,1,139,4076,1053
41660,"San Angelo, TX",2023-03-01,90,106,27,2,225,4301,1143
41660,"San Angelo, TX",2023-04-01,50,62,21,2,135,4436,1193
41660,"San Angelo, TX",2023-05-01,23,34,7,0,64,4500,1216
41660,"San Angelo, TX",2023-06-01,28,37,18,0,83,4583,1244
41660,"San Angelo, TX",2023-07-01,37,57,9,1,104,4687,1281
41660,"San Angelo, TX",2023-08-01,28,34,11,1,74,4761,1309
41660,"San Angelo, TX",2023-09-01,42,49,9,0,100,4861,1351
41660,"San Angelo, TX",2023-10-01,58,63,15,1,137,4998,1409
41660,"San Angelo, TX",2023-11-01,68,67,16,5,156,5154,1477
41660,"San Angelo, TX",2023-12-01,86,58,12,2,158,5312,1563
41660,"San Angelo, TX",2024-01-01,81,63,23,0,167,5479,1644
41660,"San Angelo, TX",2024-02-01,71,64,21,2,158,5637,1715
41660,"San Angelo, TX",2024-03-01,67,73,24,6,170,5807,1782
41660,"San Angelo, TX",2024-04-01,49,47,14,2,112,5919,1831
41660,"San Angelo, TX",2024-05-01,31,43,14,3,91,6010,1862
41660,"San Angelo, TX",2024-06-01,34,54,10,0,98,6108,1896
41660,"San Angelo, TX",2024-07-01,21,32,3,1,57,6165,1917
41660,"San Angelo, TX",2024-08-01,8,16,2,0,26,6191,1925
41660,"San Angelo, TX",2024-09-01,38,44,15,1,98,6289,1963
41660,"San Angelo, TX",2024-10-01,66,75,19,2,162,6451,2029
41660,"San Angelo, TX",2024-11-01,53,56,14,0,123,6574,2082
41660,"San Angelo, TX",2024-12-01,49,55,7,1,112,6686,2131
41660,"San Angelo, TX",2025-01-01,53,61,9,2,125,6811,2184
41660,"San Angelo, TX",2025-02-01,50,52,17,1,120,6931,2234
41660,"San Angelo, TX",2025-03-01,67,47,19,1,134,7065,2301
41660,"San Angelo, TX",2025-04-01,54,62,32,2,150,7215,2355
41660,"San Angelo, TX",2025-05-01,61,61,16,0,138,7353,2416
41660,"San Angelo, TX",2025-06-01,57,90,25,2,174,7527,2473
41660,"San Angelo, TX",2025-07-01,40,56,7,2,105,7632,2513
41660,"San Angelo, TX",2025-08-01,53,44,10,2,109,7741,2566
41660,"San Angelo, TX",2025-09-01,1,3,1,0,5,7746,2567
15620,"Cadillac, MI",2019-01-01,0,0,1,0,1,1,0
15620,"Cadillac, MI",2019-03-01,0,2,0,0,2,3,0
15620,"Cadillac, MI",2019-05-01,0,3,1,0,4,7,0
15620,"Cadillac, MI",2019-06-01,0,0,2,0,2,9,0
15620,"Cadillac, MI",2019-08-01,0,1,1,0,2,11,0
15620,"Cadillac, MI",2019-09-01,0,0,1,0,1,12,0
15620,"Cadillac, MI",2019-11-01,0,1,1,0,2,14,0
15620,"Cadillac, MI",2019-12-01,0,1,1,0,2,16,0
15620,"Cadillac, MI",2020-01-01,0,1,0,0,1,17,0
15620,"Cadillac, MI",2020-02-01,0,1,1,0,2,19,0
15620,"Cadillac, MI",2020-03-01,0,1,0,0,1,20,0
15620,"Cadillac, MI",2020-04-01,0,1,1,0,2,22,0
15620,"Cadillac, MI",2020-05-01,0,2,0,0,2,24,0
15620,"Cadillac, MI",2020-06-01,0,3,0,0,3,27,0
15620,"Cadillac, MI",2020-07-01,0,3,0,0,3,30,0
15620,"Cadillac, MI",2020-08-01,1,9,1,0,11,41,1
15620,"Cadillac, MI",2020-09-01,2,3,3,1,9,50,3
15620,"Cadillac, MI",2020-10-01,1,3,3,0,7,57,4
15620,"Cadillac, MI",2020-11-01,1,4,1,0,6,63,5
15620,"Cadillac, MI",2020-12-01,0,2,1,0,3,66,5
15620,"Cadillac, MI",2021-01-01,2,2,1,0,5,71,7
15620,"Cadillac, MI",2021-02-01,1,3,2,0,6,77,8
15620,"Cadillac, MI",2021-03-01,2,4,0,0,6,83,10
15620,"Cadillac, MI",2021-04-01,1,9,3,0,13,96,11
15620,"Cadillac, MI",2021-05-01,2,14,10,0,26,122,13
15620,"Cadillac, MI",2021-06-01,8,24,11,2,45,167,21
15620,"Cadillac, MI",2021-07-01,9,25,13,0,47,214,30
15620,"Cadillac, MI",2021-08-01,8,38,7,1,54,268,38
15620,"Cadillac, MI",2021-09-01,9,28,6,0,43,311,47
15620,"Cadillac, MI",2021-10-01,8,23,6,1,38,349,55
15620,"Cadillac, MI",2021-11-01,8,30,13,0,51,400,63
15620,"Cadillac, MI",2021-12-01,10,24,5,1,40,440,73
15620,"Cadillac, MI",2022-01-01,7,39,12,0,58,498,80
15620,"Cadillac, MI",2022-02-01,8,20,8,0,36,534,88
15620,"Cadillac, MI",2022-03-01,5,20,12,0,37,571,93
15620,"Cadillac, MI",2022-04-01,6,26,7,0,39,610,99
15620,"Cadillac, MI",2022-05-01,8,17,3,0,28,638,107
15620,"Cadillac, MI",2022-06-01,5,19,15,0,39,677,112
15620,"Cadillac, MI",2022-07-01,11,20,7,1,39,716,123
15620,"Cadillac, MI",2022-08-01,10,24,8,2,44,760,133
15620,"Cadillac, MI",2022-09-01,6,21,8,1,36,796,139
15620,"Cadillac, MI",2022-10-01,8,22,4,1,35,831,147
15620,"Cadillac, MI",2022-11-01,12,21,7,1,41,872,159
15620,"Cadillac, MI",2022-12-01,7,24,7,0,38,910,166
15620,"Cadillac, MI",2023-01-01,11,21,2,0,34,944,177
15620,"Cadillac, MI",2023-02-01,6,23,9,1,39,983,183
15620,"Cadillac, MI",2023-03-01,15,33,8,1,57,1040,198
15620,"Cadillac, MI",2023-04-01,12,25,8,0,45,1085,210
15620,"Cadillac, MI",2023-05-01,7,10,3,0,20,1105,217
15620,"Cadillac, MI",2023-06-01,10,12,6,0,28,1133,227
15620,"Cadillac, MI",2023-07-01,11,19,9,0,39,1172,238
15620,"Cadillac, MI",2023-08-01,3,8,2,0,13,1185,241
15620,"Cadillac, MI",2023-09-01,10,15,2,0,27,1212,251
15620,"Cadillac, MI",2023-10-01,10,14,4,1,29,1241,261
15620,"Cadillac, MI",2023-11-01,7,20,8,1,36,1277,268
15620,"Cadillac, MI",2023-12-01,13,15,2,1,31,1308,281
15620,"Cadillac, MI",2024-01-01,10,14,7,1,32,1340,291
15620,"Cadillac, MI",2024-02-01,6,16,3,1,26,1366,297
15620,"Cadillac, MI",2024-03-01,10,22,9,2,43,1409,307
15620,"Cadillac, MI",2024-04-01,7,6,3,0,16,1425,314
15620,"Cadillac, MI",2024-05-01,4,12,2,1,19,1444,318
15620,"Cadillac, MI",2024-06-01,6,20,5,1,32,1476,324
15620,"Cadillac, MI",2024-07-01,6,7,3,1,17,1493,330
15620,"Cadillac, MI",2024-08-01,6,11,6,1,24,1517,336
15620,"Cadillac, MI",2024-09-01,7,12,8,0,27,1544,343
15620,"Cadillac, MI",2024-10-01,12,16,6,0,34,1578,355
15620,"Cadillac, MI",2024-11-01,16,16,5,2,39,1617,371
15620,"Cadillac, MI",2024-12-01,12,20,4,0,36,1653,383
15620,"Cadillac, MI",2025-01-01,13,15,9,0,37,1690,396
15620,"Cadillac, MI",2025-02-01,13,22,1,0,36,1726,409
15620,"Cadillac, MI",2025-03-01,20,17,10,0,47,1773,429
15620,"Cadillac, MI",2025-04-01,10,8,3,0,21,1794,439
15620,"Cadillac, MI",2025-05-01,14,19,6,1,40,1834,453
15620,"Cadillac, MI",2025-06-01,18,17,5,1,41,1875,471
15620,"Cadillac, MI",2025-07-01,14,16,5,0,35,1910,485
15620,"Cadillac, MI",2025-08-01,16,16,5,3,40,1950,501
15620,"Cadillac, MI",2025-09-01,0,2,0,0,2,1952,501
31020,"Longview-Kelso, WA",2019-01-01,1,5,4,1,11,11,1
31020,"Longview-Kelso, WA",2019-02-01,1,2,4,0,7,18,2
31020,"Longview-Kelso, WA",2019-03-01,0,5,4,1,10,28,2
31020,"Longview-Kelso, WA",2019-04-01,1,8,0,0,9,37,3
31020,"Longview-Kelso, WA",2019-05-01,0,7,2,1,10,47,3
31020,"Longview-Kelso, WA",2019-06-01,1,13,4,0,18,65,4
31020,"Longview-Kelso, WA",2019-07-01,0,13,7,0,20,85,4
31020,"Longview-Kelso, WA",2019-08-01,2,15,4,1,22,107,6
31020,"Longview-Kelso, WA",2019-09-01,0,17,1,1,19,126,6
31020,"Longview-Kelso, WA",2019-10-01,3,18,3,1,25,151,9
31020,"Longview-Kelso, WA",2019-11-01,1,25,5,0,31,182,10
31020,"Longview-Kelso, WA",2019-12-01,4,20,3,0,27,209,14
31020,"Longview-Kelso, WA",2020-01-01,5,14,5,0,24,233,19
31020,"Longview-Kelso, WA",2020-02-01,4,21,4,0,29,262,23
31020,"Longview-Kelso, WA",2020-03-01,5,20,17,1,43,305,28
31020,"Longview-Kelso, WA",2020-04-01,11,48,7,2,68,373,39
31020,"Longview-Kelso, WA",2020-05-01,30,41,10,3,84,457,69
31020,"Longview-Kelso, WA",2020-06-01,17,40,8,0,65,522,86
31020,"Longview-Kelso, WA",2020-07-01,16,42,14,2,74,596,102
31020,"Longview-Kelso, WA",2020-08-01,15,66,20,1,102,698,117
31020,"Longview-Kelso, WA",2020-09-01,16,53,11,1,81,779,133
31020,"Longview-Kelso, WA",2020-10-01,17,47,16,3,83,862,150
31020,"Longview-Kelso, WA",2020-11-01,15,36,11,1,63,925,165
31020,"Longview-Kelso, WA",2020-12-01,10,46,10,0,66,991,175
31020,"Longview-Kelso, WA",2021-01-01,25,52,14,4,95,1086,200
31020,"Longview-Kelso, WA",2021-02-01,14,45,5,1,65,1151,214
31020,"Longview-Kelso, WA",2021-03-01,23,55,19,2,99,1250,237
31020,"Longview-Kelso, WA",2021-04-01,15,59,15,1,90,1340,252
31020,"Longview-Kelso, WA",2021-05-01,21,47,9,0,77,1417,273
31020,"Longview-Kelso, WA",2021-06-01,17,50,17,3,87,1504,290
31020,"Longview-Kelso, WA",2021-07-01,17,54,17,2,90,1594,307
31020,"Longview-Kelso, WA",2021-08-01,17,45,16,1,79,1673,324
31020,"Longview-Kelso, WA",2021-09-01,16,67,20,2,105,1778,340
31020,"Longview-Kelso, WA",2021-10-01,21,69,25,1,116,1894,361
31020,"Longview-Kelso, WA",2021-11-01,19,47,20,1,87,1981,380
31020,"Longview-Kelso, WA",2021-12-01,21,61,24,0,106,2087,401
31020,"Longview-Kelso, WA",2022-01-01,25,79,31,3,138,2225,426
31020,"Longview-Kelso, WA",2022-02-01,20,68,22,3,113,2338,446
31020,"Longview-Kelso, WA",2022-03-01,25,76,25,5,131,2469,471
31020,"Longview-Kelso, WA",2022-04-01,19,69,19,2,109,2578,490
31020,"Longview-Kelso, WA",2022-05-01,21,45,19,1,86,2664,511
31020,"Longview-Kelso, WA",2022-06-01,34,54,15,1,104,2768,545
31020,"Longview-Kelso, WA",2022-07-01,29,44,15,0,88,2856,574
31020,"Longview-Kelso, WA",2022-08-01,22,59,21,2,104,2960,596
31020,"Longview-Kelso, WA",2022-09-01,18,52,20,0,90,3050,614
31020,"Longview-Kelso, WA",2022-10-01,19,65,22,3,109,3159,633
31020,"Longview-Kelso, WA",2022-11-01,16,48,21,1,86,3245,649
31020,"Longview-Kelso, WA",2022-12-01,36,64,31,2,133,3378,685
31020,"Longview-Kelso, WA",2023-01-01,16,45,23,3,87,3465,701
31020,"Longview-Kelso, WA",2023-02-01,23,32,20,2,77,3542,724
31020,"Longview-Kelso, WA",2023-03-01,29,63,24,0,116,3658,753
31020,"Longview-Kelso, WA",2023-04-01,18,37,15,2,72,3730,771
31020,"Longview-Kelso, WA",2023-05-01,29,50,8,4,91,3821,800
31020,"Longview-Kelso, WA",2023-06-01,42,51,26,3,122,3943,842
31020,"Longview-Kelso, WA",2023-07-01,26,43,10,2,81,4024,868
31020,"Longview-Kelso, WA",2023-08-01,22,26,13,2,63,4087,890
31020,"Longview-Kelso, WA",2023-09-01,21,34,14,1,70,4157,911
31020,"Longview-Kelso, WA",2023-10-01,20,35,13,2,70,4227,931
31020,"Longview-Kelso, WA",2023-11-01,24,33,25,1,83,4310,955
31020,"Longview-Kelso, WA",2023-12-01,34,29,16,1,80,4390,989
31020,"Longview-Kelso, WA",2024-01-01,25,45,14,1,85,4475,1014
31020,"Longview-Kelso, WA",2024-02-01,27,44,13,1,85,4560,1041
31020,"Longview-Kelso, WA",2024-03-01,41,31,16,2,90,4650,1082
31020,"Longview-Kelso, WA",2024-04-01,28,26,9,1,64,4714,1110
31020,"Longview-Kelso, WA",2024-05-01,19,38,13,1,71,4785,1129
31020,"Longview-Kelso, WA",2024-06-01,23,32,10,0,65,4850,1152
31020,"Longview-Kelso, WA",2024-07-01,24,30,4,3,61,4911,1176
31020,"Longview-Kelso, WA",2024-08-01,25,40,11,1,77,4988,1201
31020,"Longview-Kelso, WA",2024-09-01,35,45,17,4,101,5089,1236
31020,"Longview-Kelso, WA",2024-10-01,39,47,19,1,106,5195,1275
31020,"Longview-Kelso, WA",2024-11-01,36,51,23,0,110,5305,1311
31020,"Longview-Kelso, WA",2024-12-01,31,33,19,1,84,5389,1342
31020,"Longview-Kelso, WA",2025-01-01,39,56,18,1,114,5503,1381
31020,"Longview-Kelso, WA",2025-02-01,41,39,18,2,100,5603,1422
31020,"Longview-Kelso, WA",2025-03-01,44,48,23,1,116,5719,1466
31020,"Longview-Kelso, WA",2025-04-01,44,31,8,0,83,5802,1510
31020,"Longview-Kelso, WA",2025-05-01,39,45,17,5,106,5908,1549
31020,"Longview-Kelso, WA",2025-06-01,44,47,13,2,106,6014,1593
31020,"Longview-Kelso, WA",2025-07-01,46,47,10,1,104,6118,1639
31020,"Longview-Kelso, WA",2025-08-01,27,37,6,1,71,6189,1666
40820,"Ruston, LA",2019-01-01,0,4,1,0,5,5,0
40820,"Ruston, LA",2019-03-01,0,7,3,0,10,15,0
40820,"Ruston, LA",2019-04-01,1,4,0,0,5,20,1
40820,"Ruston, LA",2019-05-01,1,33,7,0,41,61,2
40820,"Ruston, LA",2019-06-01,3,36,3,0,42,103,5
40820,"Ruston, LA",2019-07-01,2,26,5,0,33,136,7
40820,"Ruston, LA",2019-08-01,2,19,8,0,29,165,9
40820,"Ruston, LA",2019-09-01,3,39,3,0,45,210,12
40820,"Ruston, LA",2019-10-01,0,20,4,0,24,234,12
40820,"Ruston, LA",2019-11-01,9,24,7,0,40,274,21
40820,"Ruston, LA",2019-12-01,5,21,4,1,31,305,26
40820,"Ruston, LA",2020-01-01,2,18,3,0,23,328,28
40820,"Ruston, LA",2020-02-01,4,20,3,0,27,355,32
40820,"Ruston, LA",2020-03-01,8,37,5,0,50,405,40
40820,"Ruston, LA",2020-04-01,12,44,6,0,62,467,52
40820,"Ruston, LA",2020-05-01,25,50,11,0,86,553,77
40820,"Ruston, LA",2020-06-01,21,52,4,0,77,630,98
40820,"Ruston, LA",2020-07-01,18,66,6,1,91,721,116
40820,"Ruston, LA",2020-08-01,21,75,7,1,104,825,137
40820,"Ruston, LA",2020-09-01,35,74,7,1,117,942,172
40820,"Ruston, LA",2020-10-01,32,55,11,0,98,1040,204
40820,"Ruston, LA",2020-11-01,13,35,5,0,53,1093,217
40820,"Ruston, LA",2020-12-01,25,31,5,0,61,1154,242
40820,"Ruston, LA",2021-01-01,50,66,7,0,123,1277,292
40820,"Ruston, LA",2021-02-01,30,35,3,0,68,1345,322
40820,"Ruston, LA",2021-03-01,37,47,5,1,90,1435,359
40820,"Ruston, LA",2021-04-01,37,51,6,0,94,1529,396
40820,"Ruston, LA",2021-05-01,47,89,10,2,148,1677,443
40820,"Ruston, LA",2021-06-01,36,44,5,0,85,1762,479
40820,"Ruston, LA",2021-07-01,39,71,5,1,116,1878,518
40820,"Ruston, LA",2021-08-01,33,51,9,0,93,1971,551
40820,"Ruston, LA",2021-09-01,41,43,12,1,97,2068,592
40820,"Ruston, LA",2021-10-01,47,52,12,1,112,2180,639
40820,"Ruston, LA",2021-11-01,44,65,6,1,116,2296,683
40820,"Ruston, LA",2021-12-01,48,52,8,1,109,2405,731
40820,"Ruston, LA",2022-01-01,44,51,8,2,105,2510,775
40820,"Ruston, LA",2022-02-01,32,45,11,4,92,2602,807
40820,"Ruston, LA",2022-03-01,44,48,10,0,102,2704,851
40820,"Ruston, LA",2022-04-01,47,44,14,3,108,2812,898
40820,"Ruston, LA",2022-05-01,43,48,9,0,100,2912,941
40820,"Ruston, LA",2022-06-01,40,34,8,0,82,2994,981
40820,"Ruston, LA",2022-07-01,32,22,5,0,59,3053,1013
40820,"Ruston, LA",2022-08-01,44,37,6,0,87,3140,1057
40820,"Ruston, LA",2022-09-01,35,35,11,1,82,3222,1092
40820,"Ruston, LA",2022-10-01,35,34,8,1,78,3300,1127
40820,"Ruston, LA",2022-11-01,35,37,12,0,84,3384,1162
40820,"Ruston, LA",2022-12-01,49,51,8,1,109,3493,1211
40820,"Ruston, LA",2023-01-01,54,43,6,1,104,3597,1265
40820,"Ruston, LA",2023-02-01,52,38,10,0,100,3697,1317
40820,"Ruston, LA",2023-03-01,70,55,16,0,141,3838,1387
40820,"Ruston, LA",2023-04-01,28,40,10,1,79,3917,1415
40820,"Ruston, LA",2023-05-01,42,35,11,0,88,4005,1457
40820,"Ruston, LA",2023-06-01,31,28,5,1,65,4070,1488
40820,"Ruston, LA",2023-07-01,28,22,7,0,57,4127,1516
40820,"Ruston, LA",2023-08-01,40,29,8,1,78,4205,1556
40820,"Ruston, LA",2023-09-01,69,33,9,3,114,4319,1625
40820,"Ruston, LA",2023-10-01,52,39,9,2,102,4421,1677
40820,"Ruston, LA",2023-11-01,78,55,10,1,144,4565,1755
40820,"Ruston, LA",2023-12-01,77,39,6,0,122,4687,1832
40820,"Ruston, LA",2024-01-01,79,39,15,0,133,4820,1911
40820,"Ruston, LA",2024-02-01,88,39,8,3,138,4958,1999
40820,"Ruston, LA",2024-03-01,97,40,7,0,144,5102,2096
40820,"Ruston, LA",2024-04-01,71,42,17,2,132,5234,2167
40820,"Ruston, LA",2024-05-01,86,50,11,1,148,5382,2253
40820,"Ruston, LA",2024-06-01,41,41,11,0,93,5475,2294
40820,"Ruston, LA",2024-07-01,42,28,5,1,76,5551,2336
40820,"Ruston, LA",2024-08-01,51,25,6,1,83,5634,2387
40820,"Ruston, LA",2024-09-01,87,46,12,4,149,5783,2474
40820,"Ruston, LA",2024-10-01,80,44,19,1,144,5927,2554
40820,"Ruston, LA",2024-11-01,83,40,14,0,137,6064,2637
40820,"Ruston, LA",2024-12-01,78,46,9,4,137,6201,2715
40820,"Ruston, LA",2025-01-01,69,47,10,1,127,6328,2784
40820,"Ruston, LA",2025-02-01,82,37,10,3,132,6460,2866
40820,"Ruston, LA",2025-03-01,100,44,14,0,158,6618,2966
40820,"Ruston, LA",2025-04-01,87,40,10,3,140,6758,3053
40820,"Ruston, LA",2025-05-01,83,45,12,0,140,6898,3136
40820,"Ruston, LA",2025-06-01,67,33,9,2,111,7009,3203
40820,"Ruston, LA",2025-07-01,43,42,7,3,95,7104,3246
40820,"Ruston, LA",2025-08-01,63,30,11,1,105,7209,3309
40820,"Ruston, LA",2025-09-01,3,0,0,0,3,7212,3312
22100,"Farmington, MO",2019-01-01,1,4,1,0,6,6,1
22100,"Farmington, MO",2019-02-01,0,9,2,0,11,17,1
22100,"Farmington, MO",2019-03-01,0,10,8,1,19,36,1
22100,"Farmington, MO",2019-04-01,1,9,6,1,17,53,2
22100,"Farmington, MO",2019-05-01,1,16,3,0,20,73,3
22100,"Farmington, MO",2019-06-01,1,16,2,0,19,92,4
22100,"Farmington, MO",2019-07-01,2,25,9,0,36,128,6
22100,"Farmington, MO",2019-08-01,1,14,3,0,18,146,7
22100,"Farmington, MO",2019-09-01,1,28,4,0,33,179,8
22100,"Farmington, MO",2019-10-01,0,19,7,0,26,205,8
22100,"Farmington, MO",2019-11-01,4,23,6,2,35,240,12
22100,"Farmington, MO",2019-12-01,3,13,3,0,19,259,15
22100,"Farmington, MO",2020-01-01,1,18,6,1,26,285,16
22100,"Farmington, MO",2020-02-01,2,21,3,0,26,311,18
22100,"Farmington, MO",2020-03-01,4,22,3,1,30,341,22
22100,"Farmington, MO",2020-04-01,9,32,6,2,49,390,31
22100,"Farmington, MO",2020-05-01,13,26,13,1,53,443,44
22100,"Farmington, MO",2020-06-01,7,33,7,2,49,492,51
22100,"Farmington, MO",2020-07-01,8,34,7,0,49,541,59
22100,"Farmington, MO",2020-08-01,7,26,6,1,40,581,66
22100,"Farmington, MO",2020-09-01,12,33,8,1,54,635,78
22100,"Farmington, MO",2020-10-01,9,25,5,1,40,675,87
22100,"Farmington, MO",2020-11-01,7,18,7,2,34,709,94
22100,"Farmington, MO",2020-12-01,9,26,8,0,43,752,103
22100,"Farmington, MO",2021-01-01,16,44,6,2,68,820,119
22100,"Farmington, MO",2021-02-01,14,35,11,1,61,881,133
22100,"Farmington, MO",2021-03-01,32,24,12,0,68,949,165
22100,"Farmington, MO",2021-04-01,19,52,16,0,87,1036,184
22100,"Farmington, MO",2021-05-01,18,47,12,2,79,1115,202
22100,"Farmington, MO",2021-06-01,10,40,8,0,58,1173,212
22100,"Farmington, MO",2021-07-01,14,38,7,0,59,1232,226
22100,"Farmington, MO",2021-08-01,15,31,9,0,55,1287,241
22100,"Farmington, MO",2021-09-01,14,51,10,0,75,1362,255
22100,"Farmington, MO",2021-10-01,8,34,8,1,51,1413,263
22100,"Farmington, MO",2021-11-01,15,25,16,1,57,1470,278
22100,"Farmington, MO",2021-12-01,11,32,22,1,66,1536,289
22100,"Farmington, MO",2022-01-01,27,40,18,0,85,1621,316
22100,"Farmington, MO",2022-02-01,11,32,10,0,53,1674,327
22100,"Farmington, MO",2022-03-01,17,41,7,0,65,1739,344
22100,"Farmington, MO",2022-04-01,20,23,9,3,55,1794,364
22100,"Farmington, MO",2022-05-01,12,35,6,0,53,1847,376
22100,"Farmington, MO",2022-06-01,11,34,15,2,62,1909,387
22100,"Farmington, MO",2022-07-01,16,37,5,0,58,1967,403
22100,"Farmington, MO",2022-08-01,10,44,19,2,75,2042,413
22100,"Farmington, MO",2022-09-01,15,38,11,1,65,2107,428
22100,"Farmington, MO",2022-10-01,16,35,16,1,68,2175,444
22100,"Farmington, MO",2022-11-01,20,25,11,1,57,2232,464
22100,"Farmington, MO",2022-12-01,18,35,9,1,63,2295,482
22100,"Farmington, MO",2023-01-01,16,19,8,1,44,2339,498
22100,"Farmington, MO",2023-02-01,23,40,13,0,76,2415,521
22100,"Farmington, MO",2023-03-01,27,47,11,3,88,2503,548
22100,"Farmington, MO",2023-04-01,24,19,11,1,55,2558,572
22100,"Farmington, MO",2023-05-01,12,24,3,1,40,2598,584
22100,"Farmington, MO",2023-06-01,17,19,9,0,45,2643,601
22100,"Farmington, MO",2023-07-01,14,26,8,3,51,2694,615
22100,"Farmington, MO",2023-08-01,12,15,2,0,29,2723,627
22100,"Farmington, MO",2023-09-01,11,22,5,2,40,2763,638
22100,"Farmington, MO",2023-10-01,10,27,13,0,50,2813,648
22100,"Farmington, MO",2023-11-01,23,32,11,0,66,2879,671
22100,"Farmington, MO",2023-12-01,27,36,8,2,73,2952,698
22100,"Farmington, MO",2024-01-01,27,33,11,3,74,3026,725
22100,"Farmington, MO",2024-02-01,29,32,18,1,80,3106,754
22100,"Farmington, MO",2024-03-01,26,28,12,1,67,3173,780
22100,"Farmington, MO",2024-04-01,11,21,6,0,38,3211,791
22100,"Farmington, MO",2024-05-01,11,25,4,0,40,3251,802
22100,"Farmington, MO",2024-06-01,7,14,7,0,28,3279,809
22100,"Farmington, MO",2024-07-01,10,13,6,1,30,3309,819
22100,"Farmington, MO",2024-08-01,11,18,2,0,31,3340,830
22100,"Farmington, MO",2024-09-01,20,16,7,0,43,3383,850
22100,"Farmington, MO",2024-10-01,27,33,7,0,67,3450,877
22100,"Farmington, MO",2024-11-01,20,21,6,1,48,3498,897
22100,"Farmington, MO",2024-12-01,40,33,8,3,84,3582,937
22100,"Farmington, MO",2025-01-01,30,33,13,0,76,3658,967
22100,"Farmington, MO",2025-02-01,38,31,16,0,85,3743,1005
22100,"Farmington, MO",2025-03-01,34,28,12,0,74,3817,1039
22100,"Farmington, MO",2025-04-01,31,39,11,4,85,3902,1070
22100,"Farmington, MO",2025-05-01,41,38,6,0,85,3987,1111
22100,"Farmington, MO",2025-06-01,44,34,12,1,91,4078,1155
22100,"Farmington, MO",2025-07-01,36,31,9,1,77,4155,1191
22100,"Farmington, MO",2025-08-01,30,32,7,2,71,4226,1221
22100,"Farmington, MO",2025-09-01,1,1,0,0,2,4228,1222
10300,"Adrian, MI",2019-01-01,0,3,1,0,4,4,0
10300,"Adrian, MI",2019-02-01,0,4,3,0,7,11,0
10300,"Adrian, MI",2019-03-01,1,5,0,0,6,17,1
10300,"Adrian, MI",2019-04-01,0,9,1,0,10,27,1
10300,"Adrian, MI",2019-05-01,0,11,2,0,13,40,1
10300,"Adrian, MI",2019-06-01,4,33,11,1,49,89,5
10300,"Adrian, MI",2019-07-01,1,17,0,0,18,107,6
10300,"Adrian, MI",2019-08-01,3,11,1,1,16,123,9
10300,"Adrian, MI",2019-09-01,5,15,3,0,23,146,14
10300,"Adrian, MI",2019-10-01,0,8,1,0,9,155,14
10300,"Adrian, MI",2019-11-01,1,13,2,0,16,171,15
10300,"Adrian, MI",2019-12-01,2,13,3,0,18,189,17
10300,"Adrian, MI",2020-01-01,3,20,2,0,25,214,20
10300,"Adrian, MI",2020-02-01,2,13,3,0,18,232,22
10300,"Adrian, MI",2020-03-01,8,13,4,1,26,258,30
10300,"Adrian, MI",2020-04-01,8,22,4,0,34,292,38
10300,"Adrian, MI",2020-05-01,16,46,6,0,68,360,54
10300,"Adrian, MI",2020-06-01,20,42,9,0,71,431,74
10300,"Adrian, MI",2020-07-01,18,52,7,1,78,509,92
10300,"Adrian, MI",2020-08-01,9,58,7,2,76,585,101
10300,"Adrian, MI",2020-09-01,12,30,9,1,52,637,113
10300,"Adrian, MI",2020-10-01,20,23,10,0,53,690,133
10300,"Adrian, MI",2020-11-01,13,26,6,0,45,735,146
10300,"Adrian, MI",2020-12-01,13,35,7,1,56,791,159
10300,"Adrian, MI",2021-01-01,24,29,6,1,60,851,183
10300,"Adrian, MI",2021-02-01,20,25,5,0,50,901,203
10300,"Adrian, MI",2021-03-01,32,43,7,2,84,985,235
10300,"Adrian, MI",2021-04-01,18,35,14,0,67,1052,253
10300,"Adrian, MI",2021-05-01,23,51,5,3,82,1134,276
10300,"Adrian, MI",2021-06-01,14,49,13,0,76,1210,290
10300,"Adrian, MI",2021-07-01,12,37,7,0,56,1266,302
10300,"Adrian, MI",2021-08-01,9,20,7,1,37,1303,311
10300,"Adrian, MI",2021-09-01,6,38,6,3,53,1356,317
10300,"Adrian, MI",2021-10-01,18,28,7,1,54,1410,335
10300,"Adrian, MI",2021-11-01,14,29,7,0,50,1460,349
10300,"Adrian, MI",2021-12-01,23,32,6,1,62,1522,372
10300,"Adrian, MI",2022-01-01,16,43,16,1,76,1598,388
10300,"Adrian, MI",2022-02-01,11,30,10,0,51,1649,399
10300,"Adrian, MI",2022-03-01,16,25,10,1,52,1701,415
10300,"Adrian, MI",2022-04-01,22,32,4,0,58,1759,437
10300,"Adrian, MI",2022-05-01,12,33,3,0,48,1807,449
10300,"Adrian, MI",2022-06-01,10,26,5,1,42,1849,459
10300,"Adrian, MI",2022-07-01,11,18,9,0,38,1887,470
10300,"Adrian, MI",2022-08-01,20,21,7,2,50,1937,490
10300,"Adrian, MI",2022-09-01,15,19,8,1,43,1980,505
10300,"Adrian, MI",2022-10-01,17,26,11,1,55,2035,522
10300,"Adrian, MI",2022-11-01,11,19,9,1,40,2075,533
10300,"Adrian, MI",2022-12-01,22,25,6,1,54,2129,555
10300,"Adrian, MI",2023-01-01,13,32,4,1,50,2179,568
10300,"Adrian, MI",2023-02-01,16,27,10,0,53,2232,584
10300,"Adrian, MI",2023-03-01,32,44,12,1,89,2321,616
10300,"Adrian, MI",2023-04-01,18,29,8,1,56,2377,634
10300,"Adrian, MI",2023-05-01,17,27,5,1,50,2427,651
10300,"Adrian, MI",2023-06-01,14,15,12,2,43,2470,665
10300,"Adrian, MI",2023-07-01,14,26,8,0,48,2518,679
10300,"Adrian, MI",2023-08-01,13,20,9,2,44,2562,692
10300,"Adrian, MI",2023-09-01,16,20,9,0,45,2607,708
10300,"Adrian, MI",2023-10-01,19,38,10,0,67,2674,727
10300,"Adrian, MI",2023-11-01,28,28,10,0,66,2740,755
10300,"Adrian, MI",2023-12-01,20,15,11,0,46,2786,775
10300,"Adrian, MI",2024-01-01,25,13,6,1,45,2831,800
10300,"Adrian, MI",2024-02-01,28,30,14,3,75,2906,828
10300,"Adrian, MI",2024-03-01,20,29,6,1,56,2962,848
10300,"Adrian, MI",2024-04-01,20,31,6,2,59,3021,868
10300,"Adrian, MI",2024-05-01,26,22,4,2,54,3075,894
10300,"Adrian, MI",2024-06-01,13,12,8,2,35,3110,907
10300,"Adrian, MI",2024-07-01,10,16,8,0,34,3144,917
10300,"Adrian, MI",2024-08-01,9,6,3,0,18,3162,926
10300,"Adrian, MI",2024-09-01,21,24,6,0,51,3213,947
10300,"Adrian, MI",2024-10-01,33,21,17,3,74,3287,980
10300,"Adrian, MI",2024-11-01,33,27,9,1,70,3357,1013
10300,"Adrian, MI",2024-12-01,37,38,7,1,83,3440,1050
10300,"Adrian, MI",2025-01-01,24,23,3,1,51,3491,1074
10300,"Adrian, MI",2025-02-01,34,27,8,0,69,3560,1108
10300,"Adrian, MI",2025-03-01,24,28,9,4,65,3625,1132
10300,"Adrian, MI",2025-04-01,44,18,10,1,73,3698,1176
10300,"Adrian, MI",2025-05-01,19,18,5,0,42,3740,1195
10300,"Adrian, MI",2025-06-01,26,21,9,0,56,3796,1221
10300,"Adrian, MI",2025-07-01,16,14,10,1,41,3837,1237
10300,"Adrian, MI",2025-08-01,20,22,8,0,50,3887,1257
10300,"Adrian, MI",2025-09-01,1,1,0,0,2,3889,1258
32700,"McPherson, KS",2019-01-01,0,0,1,0,1,1,0
32700,"McPherson, KS",2019-02-01,0,1,0,0,1,2,0
32700,"McPherson, KS",2019-03-01,0,2,1,0,3,5,0
32700,"McPherson, KS",2019-04-01,1,1,0,0,2,7,1
32700,"McPherson, KS",2019-05-01,0,1,1,0,2,9,1
32700,"McPherson, KS",2019-06-01,0,2,1,0,3,12,1
32700,"McPherson, KS",2019-07-01,0,2,1,0,3,15,1
32700,"McPherson, KS",2019-08-01,0,0,3,0,3,18,1
32700,"McPherson, KS",2019-09-01,0,4,0,0,4,22,1
32700,"McPherson, KS",2019-10-01,0,1,2,0,3,25,1
32700,"McPherson, KS",2019-11-01,1,2,0,0,3,28,2
32700,"McPherson, KS",2019-12-01,0,0,1,0,1,29,2
32700,"McPherson, KS",2020-01-01,0,3,1,0,4,33,2
32700,"McPherson, KS",2020-02-01,0,2,0,0,2,35,2
32700,"McPherson, KS",2020-03-01,1,0,1,0,2,37,3
32700,"McPherson, KS",2020-04-01,4,11,1,1,17,54,7
32700,"McPherson, KS",2020-05-01,6,5,4,0,15,69,13
32700,"McPherson, KS",2020-06-01,2,2,0,1,5,74,15
32700,"McPherson, KS",2020-07-01,6,2,0,0,8,82,21
32700,"McPherson, KS",2020-08-01,1,7,4,0,12,94,22
32700,"McPherson, KS",2020-09-01,4,9,1,0,14,108,26
32700,"McPherson, KS",2020-10-01,5,9,0,0,14,122,31
32700,"McPherson, KS",2020-11-01,2,16,0,0,18,140,33
32700,"McPherson, KS",2020-12-01,5,20,2,0,27,167,38
32700,"McPherson, KS",2021-01-01,14,23,1,0,38,205,52
32700,"McPherson, KS",2021-02-01,16,26,4,0,46,251,68
32700,"McPherson, KS",2021-03-01,16,20,4,0,40,291,84
32700,"McPherson, KS",2021-04-01,12,20,3,1,36,327,96
32700,"McPherson, KS",2021-05-01,16,16,7,1,40,367,112
32700,"McPherson, KS",2021-06-01,9,21,4,0,34,401,121
32700,"McPherson, KS",2021-07-01,14,20,6,0,40,441,135
32700,"McPherson, KS",2021-08-01,13,12,6,1,32,473,148
32700,"McPherson, KS",2021-09-01,10,7,2,0,19,492,158
32700,"McPherson, KS",2021-10-01,8,16,1,0,25,517,166
32700,"McPherson, KS",2021-11-01,9,13,2,0,24,541,175
32700,"McPherson, KS",2021-12-01,5,12,4,0,21,562,180
32700,"McPherson, KS",2022-01-01,9,16,5,2,32,594,189
32700,"McPherson, KS",2022-02-01,8,11,5,1,25,619,197
32700,"McPherson, KS",2022-03-01,9,15,3,1,28,647,206
32700,"McPherson, KS",2022-04-01,3,16,2,0,21,668,209
32700,"McPherson, KS",2022-05-01,3,13,6,0,22,690,212
32700,"McPherson, KS",2022-06-01,12,11,7,1,31,721,224
32700,"McPherson, KS",2022-07-01,5,15,2,1,23,744,229
32700,"McPherson, KS",2022-08-01,6,16,7,0,29,773,235
32700,"McPherson, KS",2022-09-01,11,7,4,0,22,795,246
32700,"McPherson, KS",2022-10-01,7,10,1,0,18,813,253
32700,"McPherson, KS",2022-11-01,3,9,5,1,18,831,256
32700,"McPherson, KS",2022-12-01,5,10,4,0,19,850,261
32700,"McPherson, KS",2023-01-01,4,15,4,0,23,873,265
32700,"McPherson, KS",2023-02-01,6,9,1,0,16,889,271
32700,"McPherson, KS",2023-03-01,13,14,5,0,32,921,284
32700,"McPherson, KS",2023-04-01,4,8,2,0,14,935,288
32700,"McPherson, KS",2023-05-01,9,10,2,0,21,956,297
32700,"McPherson, KS",2023-06-01,7,11,3,0,21,977,304
32700,"McPherson, KS",2023-07-01,3,8,2,0,13,990,307
32700,"McPherson, KS",2023-08-01,11,13,4,0,28,1018,318
32700,"McPherson, KS",2023-09-01,16,5,4,2,27,1045,334
32700,"McPherson, KS",2023-10-01,12,14,1,0,27,1072,346
32700,"McPherson, KS",2023-11-01,14,10,4,1,29,1101,360
32700,"McPherson, KS",2023-12-01,13,9,4,1,27,1128,373
32700,"McPherson, KS",2024-01-01,9,12,6,0,27,1155,382
32700,"McPherson, KS",2024-02-01,11,16,5,0,32,1187,393
32700,"McPherson, KS",2024-03-01,13,18,7,0,38,1225,406
32700,"McPherson, KS",2024-04-01,13,10,2,0,25,1250,419
32700,"McPherson, KS",2024-05-01,12,8,1,0,21,1271,431
32700,"McPherson, KS",2024-06-01,8,9,1,0,18,1289,439
32700,"McPherson, KS",2024-07-01,5,5,1,0,11,1300,444
32700,"McPherson, KS",2024-08-01,3,9,1,0,13,1313,447
32700,"McPherson, KS",2024-09-01,9,8,4,0,21,1334,456
32700,"McPherson, KS",2024-10-01,16,7,5,0,28,1362,472
32700,"McPherson, KS",2024-11-01,13,10,4,0,27,1389,485
32700,"McPherson, KS",2024-12-01,15,13,5,0,33,1422,500
32700,"McPherson, KS",2025-01-01,10,20,7,0,37,1459,510
32700,"McPherson, KS",2025-02-01,22,12,1,0,35,1494,532
32700,"McPherson, KS",2025-03-01,16,9,2,0,27,1521,548
32700,"McPherson, KS",2025-04-01,25,7,6,1,39,1560,573
32700,"McPherson, KS",2025-05-01,10,10,1,0,21,1581,583
32700,"McPherson, KS",2025-06-01,13,9,1,1,24,1605,596
32700,"McPherson, KS",2025-07-01,7,6,2,1,16,1621,603
32700,"McPherson, KS",2025-08-01,14,9,2,1,26,1647,617
32700,"McPherson, KS",2025-09-01,0,1,0,0,1,1648,617
33060,"Miami, OK",2019-01-01,0,3,0,0,3,3,0
33060,"Miami, OK",2019-02-01,0,1,1,0,2,5,0
33060,"Miami, OK",2019-03-01,0,2,1,0,3,8,0
33060,"Miami, OK",2019-04-01,0,2,0,1,3,11,0
33060,"Miami, OK",2019-05-01,0,1,0,0,1,12,0
33060,"Miami, OK",2019-06-01,0,4,0,0,4,16,0
33060,"Miami, OK",2019-08-01,0,5,1,0,6,22,0
33060,"Miami, OK",2019-09-01,0,3,0,0,3,25,0
33060,"Miami, OK",2019-10-01,0,2,0,0,2,27,0
33060,"Miami, OK",2019-11-01,1,2,1,0,4,31,1
33060,"Miami, OK",2019-12-01,0,2,0,0,2,33,1
33060,"Miami, OK",2020-01-01,0,5,0,0,5,38,1
33060,"Miami, OK",2020-02-01,0,3,1,1,5,43,1
33060,"Miami, OK",2020-03-01,0,1,3,0,4,47,1
33060,"Miami, OK",2020-04-01,2,8,3,0,13,60,3
33060,"Miami, OK",2020-05-01,5,10,3,0,18,78,8
33060,"Miami, OK",2020-06-01,2,4,4,0,10,88,10
33060,"Miami, OK",2020-07-01,2,9,1,0,12,100,12
33060,"Miami, OK",2020-08-01,0,7,1,0,8,108,12
33060,"Miami, OK",2020-09-01,2,9,2,0,13,121,14
33060,"Miami, OK",2020-10-01,1,10,2,1,14,135,15
33060,"Miami, OK",2020-11-01,1,9,1,0,11,146,16
33060,"Miami, OK",2020-12-01,0,4,2,0,6,152,16
33060,"Miami, OK",2021-01-01,1,11,2,1,15,167,17
33060,"Miami, OK",2021-02-01,1,8,5,0,14,181,18
33060,"Miami, OK",2021-03-01,5,16,7,0,28,209,23
33060,"Miami, OK",2021-04-01,5,19,6,1,31,240,28
33060,"Miami, OK",2021-05-01,3,17,10,1,31,271,31
33060,"Miami, OK",2021-06-01,0,23,7,0,30,301,31
33060,"Miami, OK",2021-07-01,2,15,3,0,20,321,33
33060,"Miami, OK",2021-08-01,2,26,13,1,42,363,35
33060,"Miami, OK",2021-09-01,5,23,16,0,44,407,40
33060,"Miami, OK",2021-10-01,4,16,11,0,31,438,44
33060,"Miami, OK",2021-11-01,8,25,7,0,40,478,52
33060,"Miami, OK",2021-12-01,13,27,6,0,46,524,65
33060,"Miami, OK",2022-01-01,12,18,5,3,38,562,77
33060,"Miami, OK",2022-02-01,6,22,6,1,35,597,83
33060,"Miami, OK",2022-03-01,13,25,8,0,46,643,96
33060,"Miami, OK",2022-04-01,8,26,5,0,39,682,104
33060,"Miami, OK",2022-05-01,4,18,5,1,28,710,108
33060,"Miami, OK",2022-06-01,2,19,6,1,28,738,110
33060,"Miami, OK",2022-07-01,2,15,6,0,23,761,112
33060,"Miami, OK",2022-08-01,10,10,4,2,26,787,122
33060,"Miami, OK",2022-09-01,5,5,6,0,16,803,127
33060,"Miami, OK",2022-10-01,10,17,7,0,34,837,137
33060,"Miami, OK",2022-11-01,12,25,14,2,53,890,149
33060,"Miami, OK",2022-12-01,12,19,7,0,38,928,161
33060,"Miami, OK",2023-01-01,14,20,4,4,42,970,175
33060,"Miami, OK",2023-02-01,8,29,8,0,45,1015,183
33060,"Miami, OK",2023-03-01,12,42,16,3,73,1088,195
33060,"Miami, OK",2023-04-01,15,31,14,0,60,1148,210
33060,"Miami, OK",2023-05-01,9,12,9,0,30,1178,219
33060,"Miami, OK",2023-06-01,7,18,6,1,32,1210,226
33060,"Miami, OK",2023-07-01,8,16,6,0,30,1240,234
33060,"Miami, OK",2023-08-01,11,32,4,0,47,1287,245
33060,"Miami, OK",2023-09-01,7,23,6,1,37,1324,252
33060,"Miami, OK",2023-10-01,20,32,7,0,59,1383,272
33060,"Miami, OK",2023-11-01,19,20,10,3,52,1435,291
33060,"Miami, OK",2023-12-01,12,14,7,0,33,1468,303
33060,"Miami, OK",2024-01-01,10,22,4,1,37,1505,313
33060,"Miami, OK",2024-02-01,13,19,10,0,42,1547,326
33060,"Miami, OK",2024-03-01,11,24,12,4,51,1598,337
33060,"Miami, OK",2024-04-01,15,32,3,1,51,1649,352
33060,"Miami, OK",2024-05-01,9,24,7,1,41,1690,361
33060,"Miami, OK",2024-06-01,11,27,5,2,45,1735,372
33060,"Miami, OK",2024-07-01,6,15,11,0,32,1767,378
33060,"Miami, OK",2024-08-01,12,13,1,0,26,1793,390
33060,"Miami, OK",2024-09-01,8,7,1,1,17,1810,398
33060,"Miami, OK",2024-10-01,19,16,3,0,38,1848,417
33060,"Miami, OK",2024-11-01,4,13,6,0,23,1871,421
33060,"Miami, OK",2024-12-01,13,18,4,1,36,1907,434
33060,"Miami, OK",2025-01-01,17,20,2,2,41,1948,451
33060,"Miami, OK",2025-02-01,7,9,1,0,17,1965,458
33060,"Miami, OK",2025-03-01,13,9,5,0,27,1992,471
33060,"Miami, OK",2025-04-01,21,10,5,1,37,2029,492
33060,"Miami, OK",2025-05-01,11,14,1,1,27,2056,503
33060,"Miami, OK",2025-06-01,9,23,3,1,36,2092,512
33060,"Miami, OK",2025-07-01,13,11,2,1,27,2119,525
33060,"Miami, OK",2025-08-01,12,16,4,0,32,2151,537
33060,"Miami, OK",2025-09-01,1,0,0,0,1,2152,538
49660,"Youngstown-Warren, OH",2019-01-01,1,62,20,4,87,87,1
49660,"Youngstown-Warren, OH",2019-02-01,1,75,19,2,97,184,2
49660,"Youngstown-Warren, OH",2019-03-01,3,112,23,1,139,323,5
49660,"Youngstown-Warren, OH",2019-04-01,12,91,26,4,133,456,17
49660,"Youngstown-Warren, OH",2019-05-01,9,88,21,4,122,578,26
49660,"Youngstown-Warren, OH",2019-06-01,4,55,16,1,76,654,30
49660,"Youngstown-Warren, OH",2019-07-01,12,87,19,2,120,774,42
49660,"Youngstown-Warren, OH",2019-08-01,7,71,23,0,101,875,49
49660,"Youngstown-Warren, OH",2019-09-01,7,83,22,4,116,991,56
49660,"Youngstown-Warren, OH",2019-10-01,10,77,10,5,102,1093,66
49660,"Youngstown-Warren, OH",2019-11-01,13,66,13,1,93,1186,79
49660,"Youngstown-Warren, OH",2019-12-01,13,105,21,4,143,1329,92
49660,"Youngstown-Warren, OH",2020-01-01,13,90,10,3,116,1445,105
49660,"Youngstown-Warren, OH",2020-02-01,14,80,25,4,123,1568,119
49660,"Youngstown-Warren, OH",2020-03-01,21,99,22,1,143,1711,140
49660,"Youngstown-Warren, OH",2020-04-01,64,224,67,8,363,2074,204
49660,"Youngstown-Warren, OH",2020-05-01,128,312,66,5,511,2585,332
49660,"Youngstown-Warren, OH",2020-06-01,73,278,34,7,392,2977,405
49660,"Youngstown-Warren, OH",2020-07-01,132,356,71,3,562,3539,537
49660,"Youngstown-Warren, OH",2020-08-01,97,302,60,11,470,4009,634
49660,"Youngstown-Warren, OH",2020-09-01,93,300,68,9,470,4479,727
49660,"Youngstown-Warren, OH",2020-10-01,69,182,43,4,298,4777,796
49660,"Youngstown-Warren, OH",2020-11-01,71,196,35,4,306,5083,867
49660,"Youngstown-Warren, OH",2020-12-01,57,141,33,6,237,5320,924
49660,"Youngstown-Warren, OH",2021-01-01,236,373,92,10,711,6031,1160
49660,"Youngstown-Warren, OH",2021-02-01,97,210,56,5,368,6399,1257
49660,"Youngstown-Warren, OH",2021-03-01,146,321,100,8,575,6974,1403
49660,"Youngstown-Warren, OH",2021-04-01,160,346,94,10,610,7584,1563
49660,"Youngstown-Warren, OH",2021-05-01,127,263,69,8,467,8051,1690
49660,"Youngstown-Warren, OH",2021-06-01,77,205,33,9,324,8375,1767
49660,"Youngstown-Warren, OH",2021-07-01,43,141,24,2,210,8585,1810
49660,"Youngstown-Warren, OH",2021-08-01,40,185,32,6,263,8848,1850
49660,"Youngstown-Warren, OH",2021-09-01,89,253,78,10,430,9278,1939
49660,"Youngstown-Warren, OH",2021-10-01,36,114,33,3,186,9464,1975
49660,"Youngstown-Warren, OH",2021-11-01,69,170,71,3,313,9777,2044
49660,"Youngstown-Warren, OH",2021-12-01,135,253,79,4,471,10248,2179
49660,"Youngstown-Warren, OH",2022-01-01,108,236,71,3,418,10666,2287
49660,"Youngstown-Warren, OH",2022-02-01,101,183,79,6,369,11035,2388
49660,"Youngstown-Warren, OH",2022-03-01,122,219,63,4,408,11443,2510
49660,"Youngstown-Warren, OH",2022-04-01,53,191,31,8,283,11726,2563
49660,"Youngstown-Warren, OH",2022-05-01,75,157,36,2,270,11996,2638
49660,"Youngstown-Warren, OH",2022-06-01,60,111,38,2,211,12207,2698
49660,"Youngstown-Warren, OH",2022-07-01,31,77,21,2,131,12338,2729
49660,"Youngstown-Warren, OH",2022-08-01,55,101,43,3,202,12540,2784
49660,"Youngstown-Warren, OH",2022-09-01,130,259,81,9,479,13019,2914
49660,"Youngstown-Warren, OH",2022-10-01,55,142,36,5,238,13257,2969
49660,"Youngstown-Warren, OH",2022-11-01,105,196,54,3,358,13615,3074
49660,"Youngstown-Warren, OH",2022-12-01,161,195,61,6,423,14038,3235
49660,"Youngstown-Warren, OH",2023-01-01,130,214,68,6,418,14456,3365
49660,"Youngstown-Warren, OH",2023-02-01,122,193,79,8,402,14858,3487
49660,"Youngstown-Warren, OH",2023-03-01,170,238,95,13,516,15374,3657
49660,"Youngstown-Warren, OH",2023-04-01,116,172,61,9,358,15732,3773
49660,"Youngstown-Warren, OH",2023-05-01,77,107,33,2,219,15951,3850
49660,"Youngstown-Warren, OH",2023-06-01,39,60,12,4,115,16066,3889
49660,"Youngstown-Warren, OH",2023-07-01,32,63,16,2,113,16179,3921
49660,"Youngstown-Warren, OH",2023-08-01,53,79,24,0,156,16335,3974
49660,"Youngstown-Warren, OH",2023-09-01,74,123,43,3,243,16578,4048
49660,"Youngstown-Warren, OH",2023-10-01,102,196,57,5,360,16938,4150
49660,"Youngstown-Warren, OH",2023-11-01,159,232,84,12,487,17425,4309
49660,"Youngstown-Warren, OH",2023-12-01,185,237,73,11,506,17931,4494
49660,"Youngstown-Warren, OH",2024-01-01,202,218,85,7,512,18443,4696
49660,"Youngstown-Warren, OH",2024-02-01,157,196,77,4,434,18877,4853
49660,"Youngstown-Warren, OH",2024-03-01,210,180,65,11,466,19343,5063
49660,"Youngstown-Warren, OH",2024-04-01,158,217,72,9,456,19799,5221
49660,"Youngstown-Warren, OH",2024-05-01,176,190,60,7,433,20232,5397
49660,"Youngstown-Warren, OH",2024-06-01,157,210,52,4,423,20655,5554
49660,"Youngstown-Warren, OH",2024-07-01,160,213,54,14,441,21096,5714
49660,"Youngstown-Warren, OH",2024-08-01,153,228,81,16,478,21574,5867
49660,"Youngstown-Warren, OH",2024-09-01,104,142,48,5,299,21873,5971
49660,"Youngstown-Warren, OH",2024-10-01,163,170,62,9,404,22277,6134
49660,"Youngstown-Warren, OH",2024-11-01,185,205,70,10,470,22747,6319
49660,"Youngstown-Warren, OH",2024-12-01,201,199,78,10,488,23235,6520
49660,"Youngstown-Warren, OH",2025-01-01,207,244,84,7,542,23777,6727
49660,"Youngstown-Warren, OH",2025-02-01,189,159,69,17,434,24211,6916
49660,"Youngstown-Warren, OH",2025-03-01,214,222,66,4,506,24717,7130
49660,"Youngstown-Warren, OH",2025-04-01,211,195,65,10,481,25198,7341
49660,"Youngstown-Warren, OH",2025-05-01,245,236,87,12,580,25778,7586
49660,"Youngstown-Warren, OH",2025-06-01,203,230,83,15,531,26309,7789
49660,"Youngstown-Warren, OH",2025-07-01,233,242,76,9,560,26869,8022
49660,"Youngstown-Warren, OH",2025-08-01,139,173,57,10,379,27248,8161
49660,"Youngstown-Warren, OH",2025-09-01,4,8,1,0,13,27261,8165
48900,"Wilmington, NC",2019-01-01,1,78,18,0,97,97,1
48900,"Wilmington, NC",2019-02-01,2,74,16,1,93,190,3
48900,"Wilmington, NC",2019-03-01,6,80,26,1,113,303,9
48900,"Wilmington, NC",2019-04-01,7,101,18,4,130,433,16
48900,"Wilmington, NC",2019-05-01,5,98,19,2,124,557,21
48900,"Wilmington, NC",2019-06-01,6,102,10,0,118,675,27
48900,"Wilmington, NC",2019-07-01,14,72,19,4,109,784,41
48900,"Wilmington, NC",2019-08-01,7,89,24,1,121,905,48
48900,"Wilmington, NC",2019-09-01,12,98,21,4,135,1040,60
48900,"Wilmington, NC",2019-10-01,10,69,20,2,101,1141,70
48900,"Wilmington, NC",2019-11-01,15,72,15,2,104,1245,85
48900,"Wilmington, NC",2019-12-01,2,52,11,2,67,1312,87
48900,"Wilmington, NC",2020-01-01,10,81,23,2,116,1428,97
48900,"Wilmington, NC",2020-02-01,12,75,16,2,105,1533,109
48900,"Wilmington, NC",2020-03-01,22,106,26,4,158,1691,131
48900,"Wilmington, NC",2020-04-01,66,250,54,5,375,2066,197
48900,"Wilmington, NC",2020-05-01,148,330,44,9,531,2597,345
48900,"Wilmington, NC",2020-06-01,103,269,37,4,413,3010,448
48900,"Wilmington, NC",2020-07-01,100,253,36,6,395,3405,548
48900,"Wilmington, NC",2020-08-01,154,483,74,8,719,4124,702
48900,"Wilmington, NC",2020-09-01,167,366,53,5,591,4715,869
48900,"Wilmington, NC",2020-10-01,55,173,26,0,254,4969,924
48900,"Wilmington, NC",2020-11-01,58,142,14,5,219,5188,982
48900,"Wilmington, NC",2020-12-01,61,115,16,1,193,5381,1043
48900,"Wilmington, NC",2021-01-01,167,286,43,2,498,5879,1210
48900,"Wilmington, NC",2021-02-01,153,287,55,4,499,6378,1363
48900,"Wilmington, NC",2021-03-01,239,369,61,9,678,7056,1602
48900,"Wilmington, NC",2021-04-01,193,324,62,8,587,7643,1795
48900,"Wilmington, NC",2021-05-01,185,367,83,4,639,8282,1980
48900,"Wilmington, NC",2021-06-01,144,351,51,13,559,8841,2124
48900,"Wilmington, NC",2021-07-01,101,196,43,5,345,9186,2225
48900,"Wilmington, NC",2021-08-01,106,298,65,3,472,9658,2331
48900,"Wilmington, NC",2021-09-01,103,286,79,1,469,10127,2434
48900,"Wilmington, NC",2021-10-01,50,146,29,2,227,10354,2484
48900,"Wilmington, NC",2021-11-01,80,153,24,4,261,10615,2564
48900,"Wilmington, NC",2021-12-01,109,175,35,2,321,10936,2673
48900,"Wilmington, NC",2022-01-01,174,248,67,7,496,11432,2847
48900,"Wilmington, NC",2022-02-01,151,243,50,4,448,11880,2998
48900,"Wilmington, NC",2022-03-01,146,257,57,4,464,12344,3144
48900,"Wilmington, NC",2022-04-01,132,229,42,6,409,12753,3276
48900,"Wilmington, NC",2022-05-01,174,250,63,9,496,13249,3450
48900,"Wilmington, NC",2022-06-01,159,203,55,7,424,13673,3609
48900,"Wilmington, NC",2022-07-01,134,219,43,2,398,14071,3743
48900,"Wilmington, NC",2022-08-01,187,288,83,9,567,14638,3930
48900,"Wilmington, NC",2022-09-01,164,262,64,5,495,15133,4094
48900,"Wilmington, NC",2022-10-01,131,206,69,2,408,15541,4225
48900,"Wilmington, NC",2022-11-01,156,209,59,8,432,15973,4381
48900,"Wilmington, NC",2022-12-01,177,227,64,6,474,16447,4558
48900,"Wilmington, NC",2023-01-01,177,226,66,10,479,16926,4735
48900,"Wilmington, NC",2023-02-01,157,165,62,7,391,17317,4892
48900,"Wilmington, NC",2023-03-01,245,240,72,11,568,17885,5137
48900,"Wilmington, NC",2023-04-01,143,195,64,8,410,18295,5280
48900,"Wilmington, NC",2023-05-01,117,152,50,4,323,18618,5397
48900,"Wilmington, NC",2023-06-01,92,94,25,5,216,18834,5489
48900,"Wilmington, NC",2023-07-01,81,129,39,5,254,19088,5570
48900,"Wilmington, NC",2023-08-01,88,116,30,3,237,19325,5658
48900,"Wilmington, NC",2023-09-01,100,134,41,1,276,19601,5758
48900,"Wilmington, NC",2023-10-01,112,115,44,5,276,19877,5870
48900,"Wilmington, NC",2023-11-01,120,118,34,2,274,20151,5990
48900,"Wilmington, NC",2023-12-01,130,132,46,3,311,20462,6120
48900,"Wilmington, NC",2024-01-01,220,213,61,6,500,20962,6340
48900,"Wilmington, NC",2024-02-01,201,161,53,6,421,21383,6541
48900,"Wilmington, NC",2024-03-01,239,167,66,9,481,21864,6780
48900,"Wilmington, NC",2024-04-01,197,150,43,5,395,22259,6977
48900,"Wilmington, NC",2024-05-01,210,176,62,2,450,22709,7187
48900,"Wilmington, NC",2024-06-01,159,148,64,0,371,23080,7346
48900,"Wilmington, NC",2024-07-01,186,199,68,5,458,23538,7532
48900,"Wilmington, NC",2024-08-01,144,194,67,6,411,23949,7676
48900,"Wilmington, NC",2024-09-01,183,184,62,12,441,24390,7859
48900,"Wilmington, NC",2024-10-01,229,194,55,8,486,24876,8088
48900,"Wilmington, NC",2024-11-01,242,177,65,3,487,25363,8330
48900,"Wilmington, NC",2024-12-01,231,184,63,4,482,25845,8561
48900,"Wilmington, NC",2025-01-01,235,204,68,7,514,26359,8796
48900,"Wilmington, NC",2025-02-01,254,148,61,10,473,26832,9050
48900,"Wilmington, NC",2025-03-01,226,159,50,7,442,27274,9276
48900,"Wilmington, NC",2025-04-01,229,160,53,3,445,27719,9505
48900,"Wilmington, NC",2025-05-01,251,159,63,6,479,28198,9756
48900,"Wilmington, NC",2025-06-01,258,201,67,5,531,28729,10014
48900,"Wilmington, NC",2025-07-01,184,179,53,11,427,29156,10198
48900,"Wilmington, NC",2025-08-01,147,180,55,8,390,29546,10345
48900,"Wilmington, NC",2025-09-01,2,4,0,0,6,29552,10347
13900,"Bismarck, ND",2019-01-01,1,3,1,0,5,5,1
13900,"Bismarck, ND",2019-02-01,0,2,0,0,2,7,1
13900,"Bismarck, ND",2019-03-01,0,12,2,0,14,21,1
13900,"Bismarck, ND",2019-04-01,1,21,6,0,28,49,2
13900,"Bismarck, ND",2019-05-01,1,13,3,0,17,66,3
13900,"Bismarck, ND",2019-06-01,1,21,4,0,26,92,4
13900,"Bismarck, ND",2019-07-01,3,13,1,0,17,109,7
13900,"Bismarck, ND",2019-08-01,0,12,2,0,14,123,7
13900,"Bismarck, ND",2019-09-01,0,16,2,1,19,142,7
13900,"Bismarck, ND",2019-10-01,4,22,3,0,29,171,11
13900,"Bismarck, ND",2019-11-01,1,22,7,0,30,201,12
13900,"Bismarck, ND",2019-12-01,3,18,2,1,24,225,15
13900,"Bismarck, ND",2020-01-01,5,19,3,0,27,252,20
13900,"Bismarck, ND",2020-02-01,3,18,2,0,23,275,23
13900,"Bismarck, ND",2020-03-01,4,41,7,1,53,328,27
13900,"Bismarck, ND",2020-04-01,24,45,11,1,81,409,51
13900,"Bismarck, ND",2020-05-01,13,49,8,2,72,481,64
13900,"Bismarck, ND",2020-06-01,20,48,8,0,76,557,84
13900,"Bismarck, ND",2020-07-01,15,39,11,0,65,622,99
13900,"Bismarck, ND",2020-08-01,19,50,13,1,83,705,118
13900,"Bismarck, ND",2020-09-01,16,46,12,1,75,780,134
13900,"Bismarck, ND",2020-10-01,18,62,11,1,92,872,152
13900,"Bismarck, ND",2020-11-01,19,51,10,0,80,952,171
13900,"Bismarck, ND",2020-12-01,15,34,6,0,55,1007,186
13900,"Bismarck, ND",2021-01-01,21,52,12,0,85,1092,207
13900,"Bismarck, ND",2021-02-01,15,26,7,0,48,1140,222
13900,"Bismarck, ND",2021-03-01,31,56,7,2,96,1236,253
13900,"Bismarck, ND",2021-04-01,32,59,16,0,107,1343,285
13900,"Bismarck, ND",2021-05-01,20,61,10,1,92,1435,305
13900,"Bismarck, ND",2021-06-01,21,39,13,1,74,1509,326
13900,"Bismarck, ND",2021-07-01,20,59,11,1,91,1600,346
13900,"Bismarck, ND",2021-08-01,30,41,6,1,78,1678,376
13900,"Bismarck, ND",2021-09-01,23,34,7,0,64,1742,399
13900,"Bismarck, ND",2021-10-01,21,39,13,2,75,1817,420
13900,"Bismarck, ND",2021-11-01,28,45,7,0,80,1897,448
13900,"Bismarck, ND",2021-12-01,20,52,7,1,80,1977,468
13900,"Bismarck, ND",2022-01-01,29,46,18,1,94,2071,497
13900,"Bismarck, ND",2022-02-01,25,53,10,1,89,2160,522
13900,"Bismarck, ND",2022-03-01,24,59,10,0,93,2253,546
13900,"Bismarck, ND",2022-04-01,23,41,12,0,76,2329,569
13900,"Bismarck, ND",2022-05-01,34,51,11,0,96,2425,603
13900,"Bismarck, ND",2022-06-01,26,39,15,2,82,2507,629
13900,"Bismarck, ND",2022-07-01,39,47,11,2,99,2606,668
13900,"Bismarck, ND",2022-08-01,29,34,6,1,70,2676,697
13900,"Bismarck, ND",2022-09-01,39,62,10,1,112,2788,736
13900,"Bismarck, ND",2022-10-01,32,53,12,1,98,2886,768
13900,"Bismarck, ND",2022-11-01,25,39,9,0,73,2959,793
13900,"Bismarck, ND",2022-12-01,36,37,8,0,81,3040,829
13900,"Bismarck, ND",2023-01-01,42,53,18,2,115,3155,871
13900,"Bismarck, ND",2023-02-01,41,49,16,3,109,3264,912
13900,"Bismarck, ND",2023-03-01,62,64,16,5,147,3411,974
13900,"Bismarck, ND",2023-04-01,39,54,20,1,114,3525,1013
13900,"Bismarck, ND",2023-05-01,32,35,10,0,77,3602,1045
13900,"Bismarck, ND",2023-06-01,42,24,4,1,71,3673,1087
13900,"Bismarck, ND",2023-07-01,29,38,4,1,72,3745,1116
13900,"Bismarck, ND",2023-08-01,39,49,6,0,94,3839,1155
13900,"Bismarck, ND",2023-09-01,48,55,11,0,114,3953,1203
13900,"Bismarck, ND",2023-10-01,44,50,8,0,102,4055,1247
13900,"Bismarck, ND",2023-11-01,47,60,11,0,118,4173,1294
13900,"Bismarck, ND",2023-12-01,39,52,7,1,99,4272,1333
13900,"Bismarck, ND",2024-01-01,36,58,21,2,117,4389,1369
13900,"Bismarck, ND",2024-02-01,44,45,15,2,106,4495,1413
13900,"Bismarck, ND",2024-03-01,44,44,12,0,100,4595,1457
13900,"Bismarck, ND",2024-04-01,27,38,8,2,75,4670,1484
13900,"Bismarck, ND",2024-05-01,38,63,12,0,113,4783,1522
13900,"Bismarck, ND",2024-06-01,57,50,14,0,121,4904,1579
13900,"Bismarck, ND",2024-07-01,37,57,8,0,102,5006,1616
13900,"Bismarck, ND",2024-08-01,40,51,21,1,113,5119,1656
13900,"Bismarck, ND",2024-09-01,50,56,17,0,123,5242,1706
13900,"Bismarck, ND",2024-10-01,47,60,15,2,124,5366,1753
13900,"Bismarck, ND",2024-11-01,51,37,11,0,99,5465,1804
13900,"Bismarck, ND",2024-12-01,61,51,8,0,120,5585,1865
13900,"Bismarck, ND",2025-01-01,54,49,10,0,113,5698,1919
13900,"Bismarck, ND",2025-02-01,48,40,10,1,99,5797,1967
13900,"Bismarck, ND",2025-03-01,41,44,6,0,91,5888,2008
13900,"Bismarck, ND",2025-04-01,44,39,8,1,92,5980,2052
13900,"Bismarck, ND",2025-05-01,51,49,11,1,112,6092,2103
13900,"Bismarck, ND",2025-06-01,59,51,18,0,128,6220,2162
13900,"Bismarck, ND",2025-07-01,51,38,17,0,106,6326,2213
13900,"Bismarck, ND",2025-08-01,52,29,7,0,88,6414,2265
13900,"Bismarck, ND",2025-09-01,0,1,0,0,1,6415,2265
37940,"Peru, IN",2019-01-01,0,1,0,0,1,1,0
37940,"Peru, IN",2019-03-01,0,0,1,0,1,2,0
37940,"Peru, IN",2019-04-01,0,3,1,0,4,6,0
37940,"Peru, IN",2019-06-01,0,4,0,0,4,10,0
37940,"Peru, IN",2019-07-01,0,0,1,0,1,11,0
37940,"Peru, IN",2019-08-01,0,2,1,0,3,14,0
37940,"Peru, IN",2019-10-01,0,0,2,0,2,16,0
37940,"Peru, IN",2019-11-01,0,0,1,0,1,17,0
37940,"Peru, IN",2019-12-01,0,1,0,0,1,18,0
37940,"Peru, IN",2020-01-01,0,0,4,0,4,22,0
37940,"Peru, IN",2020-02-01,0,3,0,0,3,25,0
37940,"Peru, IN",2020-03-01,1,1,0,0,2,27,1
37940,"Peru, IN",2020-04-01,0,6,0,0,6,33,1
37940,"Peru, IN",2020-05-01,3,7,0,0,10,43,4
37940,"Peru, IN",2020-06-01,1,12,2,0,15,58,5
37940,"Peru, IN",2020-07-01,2,10,4,1,17,75,7
37940,"Peru, IN",2020-08-01,3,11,0,1,15,90,10
37940,"Peru, IN",2020-09-01,2,9,1,0,12,102,12
37940,"Peru, IN",2020-10-01,2,8,5,0,15,117,14
37940,"Peru, IN",2020-11-01,4,12,2,1,19,136,18
37940,"Peru, IN",2020-12-01,12,9,5,0,26,162,30
37940,"Peru, IN",2021-01-01,8,22,6,0,36,198,38
37940,"Peru, IN",2021-02-01,9,10,3,1,23,221,47
37940,"Peru, IN",2021-03-01,6,18,4,1,29,250,53
37940,"Peru, IN",2021-04-01,2,27,7,2,38,288,55
37940,"Peru, IN",2021-05-01,5,29,5,1,40,328,60
37940,"Peru, IN",2021-06-01,8,20,12,1,41,369,68
37940,"Peru, IN",2021-07-01,4,17,9,0,30,399,72
37940,"Peru, IN",2021-08-01,11,20,9,0,40,439,83
37940,"Peru, IN",2021-09-01,5,19,11,0,35,474,88
37940,"Peru, IN",2021-10-01,6,14,5,0,25,499,94
37940,"Peru, IN",2021-11-01,4,27,4,0,35,534,98
37940,"Peru, IN",2021-12-01,10,32,3,1,46,580,108
37940,"Peru, IN",2022-01-01,9,31,5,1,46,626,117
37940,"Peru, IN",2022-02-01,8,18,8,2,36,662,125
37940,"Peru, IN",2022-03-01,8,23,1,1,33,695,133
37940,"Peru, IN",2022-04-01,9,21,6,0,36,731,142
37940,"Peru, IN",2022-05-01,6,18,6,1,31,762,148
37940,"Peru, IN",2022-06-01,4,19,11,0,34,796,152
37940,"Peru, IN",2022-07-01,7,15,8,0,30,826,159
37940,"Peru, IN",2022-08-01,9,19,4,1,33,859,168
37940,"Peru, IN",2022-09-01,8,23,8,0,39,898,176
37940,"Peru, IN",2022-10-01,9,22,3,0,34,932,185
37940,"Peru, IN",2022-11-01,5,17,4,0,26,958,190
37940,"Peru, IN",2022-12-01,16,8,6,2,32,990,206
37940,"Peru, IN",2023-01-01,11,18,10,2,41,1031,217
37940,"Peru, IN",2023-02-01,9,15,6,1,31,1062,226
37940,"Peru, IN",2023-03-01,9,28,7,0,44,1106,235
37940,"Peru, IN",2023-04-01,8,20,2,1,31,1137,243
37940,"Peru, IN",2023-05-01,11,14,6,2,33,1170,254
37940,"Peru, IN",2023-06-01,7,14,5,0,26,1196,261
37940,"Peru, IN",2023-07-01,7,20,7,0,34,1230,268
37940,"Peru, IN",2023-08-01,13,13,5,1,32,1262,281
37940,"Peru, IN",2023-09-01,6,13,4,0,23,1285,287
37940,"Peru, IN",2023-10-01,11,16,1,2,30,1315,298
37940,"Peru, IN",2023-11-01,16,23,8,0,47,1362,314
37940,"Peru, IN",2023-12-01,11,18,7,0,36,1398,325
37940,"Peru, IN",2024-01-01,10,30,11,1,52,1450,335
37940,"Peru, IN",2024-02-01,11,15,7,1,34,1484,346
37940,"Peru, IN",2024-03-01,14,13,5,0,32,1516,360
37940,"Peru, IN",2024-04-01,11,16,9,0,36,1552,371
37940,"Peru, IN",2024-05-01,13,15,7,1,36,1588,384
37940,"Peru, IN",2024-06-01,5,12,6,0,23,1611,389
37940,"Peru, IN",2024-07-01,11,8,2,1,22,1633,400
37940,"Peru, IN",2024-08-01,2,8,5,0,15,1648,402
37940,"Peru, IN",2024-09-01,6,20,2,0,28,1676,408
37940,"Peru, IN",2024-10-01,12,16,7,1,36,1712,420
37940,"Peru, IN",2024-11-01,9,18,6,0,33,1745,429
37940,"Peru, IN",2024-12-01,20,22,9,1,52,1797,449
37940,"Peru, IN",2025-01-01,20,18,8,1,47,1844,469
37940,"Peru, IN",2025-02-01,17,9,5,0,31,1875,486
37940,"Peru, IN",2025-03-01,15,19,7,1,42,1917,501
37940,"Peru, IN",2025-04-01,15,17,6,1,39,1956,516
37940,"Peru, IN",2025-05-01,12,22,2,0,36,1992,528
37940,"Peru, IN",2025-06-01,15,17,5,1,38,2030,543
37940,"Peru, IN",2025-07-01,14,16,7,0,37,2067,557
37940,"Peru, IN",2025-08-01,8,8,7,0,23,2090,565
19820,"Detroit-Warren-Dearborn, MI",2019-01-01,21,753,218,14,1006,1006,21
19820,"Detroit-Warren-Dearborn, MI",2019-02-01,31,750,231,22,1034,2040,52
19820,"Detroit-Warren-Dearborn, MI",2019-03-01,55,1117,245,22,1439,3479,107
19820,"Detroit-Warren-Dearborn, MI",2019-04-01,52,1195,288,21,1556,5035,159
19820,"Detroit-Warren-Dearborn, MI",2019-05-01,49,1063,212,14,1338,6373,208
19820,"Detroit-Warren-Dearborn, MI",2019-06-01,46,559,143,9,757,7130,254
19820,"Detroit-Warren-Dearborn, MI",2019-07-01,94,1058,283,24,1459,8589,348
19820,"Detroit-Warren-Dearborn, MI",2019-08-01,106,1119,259,27,1511,10100,454
19820,"Detroit-Warren-Dearborn, MI",2019-09-01,87,877,202,17,1183,11283,541
19820,"Detroit-Warren-Dearborn, MI",2019-10-01,73,699,162,20,954,12237,614
19820,"Detroit-Warren-Dearborn, MI",2019-11-01,95,737,155,25,1012,13249,709
19820,"Detroit-Warren-Dearborn, MI",2019-12-01,139,820,163,25,1147,14396,848
19820,"Detroit-Warren-Dearborn, MI",2020-01-01,156,879,201,30,1266,15662,1004
19820,"Detroit-Warren-Dearborn, MI",2020-02-01,165,770,173,26,1134,16796,1169
19820,"Detroit-Warren-Dearborn, MI",2020-03-01,162,925,231,25,1343,18139,1331
19820,"Detroit-Warren-Dearborn, MI",2020-04-01,465,1553,344,41,2403,20542,1796
19820,"Detroit-Warren-Dearborn, MI",2020-05-01,1142,2529,650,171,4492,25034,2938
19820,"Detroit-Warren-Dearborn, MI",2020-06-01,794,2134,638,186,3752,28786,3732
19820,"Detroit-Warren-Dearborn, MI",2020-07-01,790,2755,782,153,4480,33266,4522
19820,"Detroit-Warren-Dearborn, MI",2020-08-01,715,2762,673,77,4227,37493,5237
19820,"Detroit-Warren-Dearborn, MI",2020-09-01,588,2272,511,89,3460,40953,5825
19820,"Detroit-Warren-Dearborn, MI",2020-10-01,672,2256,517,100,3545,44498,6497
19820,"Detroit-Warren-Dearborn, MI",2020-11-01,746,2410,591,77,3824,48322,7243
19820,"Detroit-Warren-Dearborn, MI",2020-12-01,912,2510,567,87,4076,52398,8155
19820,"Detroit-Warren-Dearborn, MI",2021-01-01,894,2633,617,93,4237,56635,9049
19820,"Detroit-Warren-Dearborn, MI",2021-02-01,670,1901,510,80,3161,59796,9719
19820,"Detroit-Warren-Dearborn, MI",2021-03-01,667,1864,499,82,3112,62908,10386
19820,"Detroit-Warren-Dearborn, MI",2021-04-01,751,2221,511,121,3604,66512,11137
19820,"Detroit-Warren-Dearborn, MI",2021-05-01,996,2764,660,97,4517,71029,12133
19820,"Detroit-Warren-Dearborn, MI",2021-06-01,894,2890,672,115,4571,75600,13027
19820,"Detroit-Warren-Dearborn, MI",2021-07-01,886,2771,714,103,4474,80074,13913
19820,"Detroit-Warren-Dearborn, MI",2021-08-01,712,2689,732,104,4237,84311,14625
19820,"Detroit-Warren-Dearborn, MI",2021-09-01,656,2912,829,138,4535,88846,15281
19820,"Detroit-Warren-Dearborn, MI",2021-10-01,669,2503,733,97,4002,92848,15950
19820,"Detroit-Warren-Dearborn, MI",2021-11-01,744,2422,664,75,3905,96753,16694
19820,"Detroit-Warren-Dearborn, MI",2021-12-01,999,2524,729,75,4327,101080,17693
19820,"Detroit-Warren-Dearborn, MI",2022-01-01,995,2976,873,90,4934,106014,18688
19820,"Detroit-Warren-Dearborn, MI",2022-02-01,751,2086,595,51,3483,109497,19439
19820,"Detroit-Warren-Dearborn, MI",2022-03-01,823,2286,669,99,3877,113374,20262
19820,"Detroit-Warren-Dearborn, MI",2022-04-01,755,2068,652,71,3546,116920,21017
19820,"Detroit-Warren-Dearborn, MI",2022-05-01,887,2052,584,48,3571,120491,21904
19820,"Detroit-Warren-Dearborn, MI",2022-06-01,597,1380,409,38,2424,122915,22501
19820,"Detroit-Warren-Dearborn, MI",2022-07-01,448,1137,361,35,1981,124896,22949
19820,"Detroit-Warren-Dearborn, MI",2022-08-01,603,1457,467,52,2579,127475,23552
19820,"Detroit-Warren-Dearborn, MI",2022-09-01,575,1571,461,42,2649,130124,24127
19820,"Detroit-Warren-Dearborn, MI",2022-10-01,417,1059,316,43,1835,131959,24544
19820,"Detroit-Warren-Dearborn, MI",2022-11-01,799,1697,519,66,3081,135040,25343
19820,"Detroit-Warren-Dearborn, MI",2022-12-01,862,1546,457,45,2910,137950,26205
19820,"Detroit-Warren-Dearborn, MI",2023-01-01,772,1677,532,51,3032,140982,26977
19820,"Detroit-Warren-Dearborn, MI",2023-02-01,772,1409,455,44,2680,143662,27749
19820,"Detroit-Warren-Dearborn, MI",2023-03-01,922,1840,538,51,3351,147013,28671
19820,"Detroit-Warren-Dearborn, MI",2023-04-01,706,1321,401,42,2470,149483,29377
19820,"Detroit-Warren-Dearborn, MI",2023-05-01,591,833,207,21,1652,151135,29968
19820,"Detroit-Warren-Dearborn, MI",2023-06-01,728,1143,362,33,2266,153401,30696
19820,"Detroit-Warren-Dearborn, MI",2023-07-01,716,1379,426,49,2570,155971,31412
19820,"Detroit-Warren-Dearborn, MI",2023-08-01,860,1621,516,62,3059,159030,32272
19820,"Detroit-Warren-Dearborn, MI",2023-09-01,852,1678,535,58,3123,162153,33124
19820,"Detroit-Warren-Dearborn, MI",2023-10-01,857,1792,619,71,3339,165492,33981
19820,"Detroit-Warren-Dearborn, MI",2023-11-01,984,1834,554,61,3433,168925,34965
19820,"Detroit-Warren-Dearborn, MI",2023-12-01,1137,1800,601,83,3621,172546,36102
19820,"Detroit-Warren-Dearborn, MI",2024-01-01,1099,1926,587,66,3678,176224,37201
19820,"Detroit-Warren-Dearborn, MI",2024-02-01,1068,1670,566,72,3376,179600,38269
19820,"Detroit-Warren-Dearborn, MI",2024-03-01,1129,1784,544,65,3522,183122,39398
19820,"Detroit-Warren-Dearborn, MI",2024-04-01,1073,1666,474,54,3267,186389,40471
19820,"Detroit-Warren-Dearborn, MI",2024-05-01,1332,1892,490,49,3763,190152,41803
19820,"Detroit-Warren-Dearborn, MI",2024-06-01,1218,1960,535,62,3775,193927,43021
19820,"Detroit-Warren-Dearborn, MI",2024-07-01,1283,2105,602,65,4055,197982,44304
19820,"Detroit-Warren-Dearborn, MI",2024-08-01,1119,2203,698,92,4112,202094,45423
19820,"Detroit-Warren-Dearborn, MI",2024-09-01,1014,1891,619,89,3613,205707,46437
19820,"Detroit-Warren-Dearborn, MI",2024-10-01,1084,1881,535,56,3556,209263,47521
19820,"Detroit-Warren-Dearborn, MI",2024-11-01,1193,1824,538,73,3628,212891,48714
19820,"Detroit-Warren-Dearborn, MI",2024-12-01,1331,1778,498,58,3665,216556,50045
19820,"Detroit-Warren-Dearborn, MI",2025-01-01,1207,1772,514,52,3545,220101,51252
19820,"Detroit-Warren-Dearborn, MI",2025-02-01,1027,1383,403,50,2863,222964,52279
19820,"Detroit-Warren-Dearborn, MI",2025-03-01,1284,1553,431,62,3330,226294,53563
19820,"Detroit-Warren-Dearborn, MI",2025-04-01,1372,1734,602,86,3794,230088,54935
19820,"Detroit-Warren-Dearborn, MI",2025-05-01,1564,1604,591,73,3832,233920,56499
19820,"Detroit-Warren-Dearborn, MI",2025-06-01,1371,1423,491,73,3358,237278,57870
19820,"Detroit-Warren-Dearborn, MI",2025-07-01,1269,1475,452,71,3267,240545,59139
19820,"Detroit-Warren-Dearborn, MI",2025-08-01,1020,1314,393,66,2793,243338,60159
19820,"Detroit-Warren-Dearborn, MI",2025-09-01,12,25,6,1,44,243382,60171
25740,"Helena, MT",2019-01-01,0,2,1,0,3,3,0
25740,"Helena, MT",2019-02-01,1,0,0,0,1,4,1
25740,"Helena, MT",2019-03-01,0,8,4,1,13,17,1
25740,"Helena, MT",2019-04-01,0,9,2,0,11,28,1
25740,"Helena, MT",2019-05-01,2,15,4,0,21,49,3
25740,"Helena, MT",2019-06-01,3,7,2,0,12,61,6
25740,"Helena, MT",2019-07-01,1,13,2,0,16,77,7
25740,"Helena, MT",2019-08-01,1,14,3,0,18,95,8
25740,"Helena, MT",2019-09-01,1,14,1,0,16,111,9
25740,"Helena, MT",2019-10-01,1,9,4,0,14,125,10
25740,"Helena, MT",2019-11-01,3,13,5,2,23,148,13
25740,"Helena, MT",2019-12-01,1,11,1,0,13,161,14
25740,"Helena, MT",2020-01-01,1,19,4,1,25,186,15
25740,"Helena, MT",2020-02-01,3,5,3,0,11,197,18
25740,"Helena, MT",2020-03-01,4,22,5,0,31,228,22
25740,"Helena, MT",2020-04-01,9,27,6,2,44,272,31
25740,"Helena, MT",2020-05-01,16,28,4,1,49,321,47
25740,"Helena, MT",2020-06-01,9,20,5,0,34,355,56
25740,"Helena, MT",2020-07-01,12,34,6,0,52,407,68
25740,"Helena, MT",2020-08-01,18,29,10,1,58,465,86
25740,"Helena, MT",2020-09-01,10,29,12,0,51,516,96
25740,"Helena, MT",2020-10-01,15,30,10,0,55,571,111
25740,"Helena, MT",2020-11-01,7,13,5,2,27,598,118
25740,"Helena, MT",2020-12-01,22,31,9,1,63,661,140
25740,"Helena, MT",2021-01-01,14,39,14,0,67,728,154
25740,"Helena, MT",2021-02-01,15,23,9,1,48,776,169
25740,"Helena, MT",2021-03-01,22,38,10,2,72,848,191
25740,"Helena, MT",2021-04-01,15,29,15,2,61,909,206
25740,"Helena, MT",2021-05-01,17,43,5,0,65,974,223
25740,"Helena, MT",2021-06-01,21,40,10,0,71,1045,244
25740,"Helena, MT",2021-07-01,13,34,7,0,54,1099,257
25740,"Helena, MT",2021-08-01,17,34,14,1,66,1165,274
25740,"Helena, MT",2021-09-01,8,32,11,0,51,1216,282
25740,"Helena, MT",2021-10-01,14,33,14,1,62,1278,296
25740,"Helena, MT",2021-11-01,11,32,12,0,55,1333,307
25740,"Helena, MT",2021-12-01,18,33,11,1,63,1396,325
25740,"Helena, MT",2022-01-01,25,60,12,1,98,1494,350
25740,"Helena, MT",2022-02-01,16,31,11,1,59,1553,366
25740,"Helena, MT",2022-03-01,18,48,13,0,79,1632,384
25740,"Helena, MT",2022-04-01,15,21,7,0,43,1675,399
25740,"Helena, MT",2022-05-01,19,30,13,2,64,1739,418
25740,"Helena, MT",2022-06-01,23,25,6,2,56,1795,441
25740,"Helena, MT",2022-07-01,16,28,13,1,58,1853,457
25740,"Helena, MT",2022-08-01,25,51,14,2,92,1945,482
25740,"Helena, MT",2022-09-01,25,44,15,2,86,2031,507
25740,"Helena, MT",2022-10-01,25,48,17,0,90,2121,532
25740,"Helena, MT",2022-11-01,21,46,17,4,88,2209,553
25740,"Helena, MT",2022-12-01,32,41,17,2,92,2301,585
25740,"Helena, MT",2023-01-01,30,62,12,3,107,2408,615
25740,"Helena, MT",2023-02-01,33,46,19,1,99,2507,648
25740,"Helena, MT",2023-03-01,40,65,21,3,129,2636,688
25740,"Helena, MT",2023-04-01,30,42,8,2,82,2718,718
25740,"Helena, MT",2023-05-01,21,27,6,0,54,2772,739
25740,"Helena, MT",2023-06-01,24,30,12,0,66,2838,763
25740,"Helena, MT",2023-07-01,24,31,8,0,63,2901,787
25740,"Helena, MT",2023-08-01,14,31,8,1,54,2955,801
25740,"Helena, MT",2023-09-01,28,41,9,0,78,3033,829
25740,"Helena, MT",2023-10-01,21,40,15,3,79,3112,850
25740,"Helena, MT",2023-11-01,31,42,8,4,85,3197,881
25740,"Helena, MT",2023-12-01,27,43,10,0,80,3277,908
25740,"Helena, MT",2024-01-01,33,39,17,3,92,3369,941
25740,"Helena, MT",2024-02-01,38,44,13,1,96,3465,979
25740,"Helena, MT",2024-03-01,19,41,13,2,75,3540,998
25740,"Helena, MT",2024-04-01,26,42,18,2,88,3628,1024
25740,"Helena, MT",2024-05-01,28,32,13,0,73,3701,1052
25740,"Helena, MT",2024-06-01,19,26,14,0,59,3760,1071
25740,"Helena, MT",2024-07-01,31,53,17,2,103,3863,1102
25740,"Helena, MT",2024-08-01,18,34,19,2,73,3936,1120
25740,"Helena, MT",2024-09-01,21,49,13,0,83,4019,1141
25740,"Helena, MT",2024-10-01,15,32,11,2,60,4079,1156
25740,"Helena, MT",2024-11-01,19,28,18,0,65,4144,1175
25740,"Helena, MT",2024-12-01,14,28,10,3,55,4199,1189
25740,"Helena, MT",2025-01-01,24,34,11,2,71,4270,1213
25740,"Helena, MT",2025-02-01,24,25,7,0,56,4326,1237
25740,"Helena, MT",2025-03-01,20,33,12,2,67,4393,1257
25740,"Helena, MT",2025-04-01,22,25,6,1,54,4447,1279
25740,"Helena, MT",2025-05-01,24,18,9,3,54,4501,1303
25740,"Helena, MT",2025-06-01,25,37,9,0,71,4572,1328
25740,"Helena, MT",2025-07-01,21,18,3,1,43,4615,1349
25740,"Helena, MT",2025-08-01,16,30,6,1,53,4668,1365
46660,"Valdosta, GA",2019-01-01,1,16,0,0,17,17,1
46660,"Valdosta, GA",2019-02-01,1,22,6,0,29,46,2
46660,"Valdosta, GA",2019-03-01,0,25,6,1,32,78,2
46660,"Valdosta, GA",2019-04-01,2,33,4,0,39,117,4
46660,"Valdosta, GA",2019-05-01,2,33,16,0,51,168,6
46660,"Valdosta, GA",2019-06-01,0,29,8,2,39,207,6
46660,"Valdosta, GA",2019-07-01,3,44,4,0,51,258,9
46660,"Valdosta, GA",2019-08-01,1,30,10,0,41,299,10
46660,"Valdosta, GA",2019-09-01,6,42,5,1,54,353,16
46660,"Valdosta, GA",2019-10-01,3,37,6,2,48,401,19
46660,"Valdosta, GA",2019-11-01,7,23,6,1,37,438,26
46660,"Valdosta, GA",2019-12-01,1,24,4,2,31,469,27
46660,"Valdosta, GA",2020-01-01,5,35,9,1,50,519,32
46660,"Valdosta, GA",2020-02-01,5,35,6,3,49,568,37
46660,"Valdosta, GA",2020-03-01,2,49,11,0,62,630,39
46660,"Valdosta, GA",2020-04-01,15,74,24,2,115,745,54
46660,"Valdosta, GA",2020-05-01,37,133,33,1,204,949,91
46660,"Valdosta, GA",2020-06-01,21,65,9,0,95,1044,112
46660,"Valdosta, GA",2020-07-01,55,118,18,1,192,1236,167
46660,"Valdosta, GA",2020-08-01,54,153,21,1,229,1465,221
46660,"Valdosta, GA",2020-09-01,52,106,23,3,184,1649,273
46660,"Valdosta, GA",2020-10-01,21,93,6,4,124,1773,294
46660,"Valdosta, GA",2020-11-01,20,72,8,2,102,1875,314
46660,"Valdosta, GA",2020-12-01,38,90,12,5,145,2020,352
46660,"Valdosta, GA",2021-01-01,68,194,32,6,300,2320,420
46660,"Valdosta, GA",2021-02-01,54,129,30,3,216,2536,474
46660,"Valdosta, GA",2021-03-01,92,183,37,3,315,2851,566
46660,"Valdosta, GA",2021-04-01,90,258,32,6,386,3237,656
46660,"Valdosta, GA",2021-05-01,82,270,44,3,399,3636,738
46660,"Valdosta, GA",2021-06-01,41,125,21,4,191,3827,779
46660,"Valdosta, GA",2021-07-01,47,147,34,1,229,4056,826
46660,"Valdosta, GA",2021-08-01,59,167,27,2,255,4311,885
46660,"Valdosta, GA",2021-09-01,36,163,34,3,236,4547,921
46660,"Valdosta, GA",2021-10-01,36,119,25,2,182,4729,957
46660,"Valdosta, GA",2021-11-01,35,78,25,3,141,4870,992
46660,"Valdosta, GA",2021-12-01,66,146,28,2,242,5112,1058
46660,"Valdosta, GA",2022-01-01,60,123,33,4,220,5332,1118
46660,"Valdosta, GA",2022-02-01,51,120,26,2,199,5531,1169
46660,"Valdosta, GA",2022-03-01,58,117,30,3,208,5739,1227
46660,"Valdosta, GA",2022-04-01,47,96,32,4,179,5918,1274
46660,"Valdosta, GA",2022-05-01,52,107,28,3,190,6108,1326
46660,"Valdosta, GA",2022-06-01,57,114,20,1,192,6300,1383
46660,"Valdosta, GA",2022-07-01,44,79,15,1,139,6439,1427
46660,"Valdosta, GA",2022-08-01,48,103,29,2,182,6621,1475
46660,"Valdosta, GA",2022-09-01,40,94,28,4,166,6787,1515
46660,"Valdosta, GA",2022-10-01,59,131,26,0,216,7003,1574
46660,"Valdosta, GA",2022-11-01,57,122,28,2,209,7212,1631
46660,"Valdosta, GA",2022-12-01,81,100,30,3,214,7426,1712
46660,"Valdosta, GA",2023-01-01,53,100,32,3,188,7614,1765
46660,"Valdosta, GA",2023-02-01,60,102,35,0,197,7811,1825
46660,"Valdosta, GA",2023-03-01,112,123,39,4,278,8089,1937
46660,"Valdosta, GA",2023-04-01,63,91,23,3,180,8269,2000
46660,"Valdosta, GA",2023-05-01,40,53,15,1,109,8378,2040
46660,"Valdosta, GA",2023-06-01,25,74,15,1,115,8493,2065
46660,"Valdosta, GA",2023-07-01,28,76,17,0,121,8614,2093
46660,"Valdosta, GA",2023-08-01,35,67,23,2,127,8741,2128
46660,"Valdosta, GA",2023-09-01,69,91,33,3,196,8937,2197
46660,"Valdosta, GA",2023-10-01,55,89,23,1,168,9105,2252
46660,"Valdosta, GA",2023-11-01,56,110,27,1,194,9299,2308
46660,"Valdosta, GA",2023-12-01,72,89,26,5,192,9491,2380
46660,"Valdosta, GA",2024-01-01,53,102,31,2,188,9679,2433
46660,"Valdosta, GA",2024-02-01,71,101,32,2,206,9885,2504
46660,"Valdosta, GA",2024-03-01,115,110,24,4,253,10138,2619
46660,"Valdosta, GA",2024-04-01,68,98,26,3,195,10333,2687
46660,"Valdosta, GA",2024-05-01,57,58,15,1,131,10464,2744
46660,"Valdosta, GA",2024-06-01,23,60,19,0,102,10566,2767
46660,"Valdosta, GA",2024-07-01,29,49,14,1,93,10659,2796
46660,"Valdosta, GA",2024-08-01,46,99,26,5,176,10835,2842
46660,"Valdosta, GA",2024-09-01,73,92,20,3,188,11023,2915
46660,"Valdosta, GA",2024-10-01,99,102,28,0,229,11252,3014
46660,"Valdosta, GA",2024-11-01,84,94,25,4,207,11459,3098
46660,"Valdosta, GA",2024-12-01,75,96,29,1,201,11660,3173
46660,"Valdosta, GA",2025-01-01,85,100,26,3,214,11874,3258
46660,"Valdosta, GA",2025-02-01,69,80,34,1,184,12058,3327
46660,"Valdosta, GA",2025-03-01,109,106,28,2,245,12303,3436
46660,"Valdosta, GA",2025-04-01,98,134,35,2,269,12572,3534
46660,"Valdosta, GA",2025-05-01,108,146,30,4,288,12860,3642
46660,"Valdosta, GA",2025-06-01,92,140,48,2,282,13142,3734
46660,"Valdosta, GA",2025-07-01,85,109,30,4,228,13370,3819
46660,"Valdosta, GA",2025-08-01,72,92,24,3,191,13561,3891
46660,"Valdosta, GA",2025-09-01,1,2,1,0,4,13565,3892
42680,"Sebastian-Vero Beach-West Vero Corridor, FL",2019-01-01,0,34,6,4,44,44,0
42680,"Sebastian-Vero Beach-West Vero Corridor, FL",2019-02-01,1,19,11,4,35,79,1
42680,"Sebastian-Vero Beach-West Vero Corridor, FL",2019-03-01,0,30,12,2,44,123,1
42680,"Sebastian-Vero Beach-West Vero Corridor, FL",2019-04-01,3,32,8,3,46,169,4
42680,"Sebastian-Vero Beach-West Vero Corridor, FL",2019-05-01,1,41,16,1,59,228,5
42680,"Sebastian-Vero Beach-West Vero Corridor, FL",2019-06-01,0,25,9,2,36,264,5
42680,"Sebastian-Vero Beach-West Vero Corridor, FL",2019-07-01,1,29,12,1,43,307,6
42680,"Sebastian-Vero Beach-West Vero Corridor, FL",2019-08-01,2,36,14,2,54,361,8
42680,"Sebastian-Vero Beach-West Vero Corridor, FL",2019-09-01,1,26,12,2,41,402,9
42680,"Sebastian-Vero Beach-West Vero Corridor, FL",2019-10-01,7,35,11,2,55,457,16
42680,"Sebastian-Vero Beach-West Vero Corridor, FL",2019-11-01,6,36,4,4,50,507,22
42680,"Sebastian-Vero Beach-West Vero Corridor, FL",2019-12-01,5,22,5,1,33,540,27
42680,"Sebastian-Vero Beach-West Vero Corridor, FL",2020-01-01,1,28,13,2,44,584,28
42680,"Sebastian-Vero Beach-West Vero Corridor, FL",2020-02-01,7,30,16,2,55,639,35
42680,"Sebastian-Vero Beach-West Vero Corridor, FL",2020-03-01,7,50,23,3,83,722,42
42680,"Sebastian-Vero Beach-West Vero Corridor, FL",2020-04-01,17,72,25,11,125,847,59
42680,"Sebastian-Vero Beach-West Vero Corridor, FL",2020-05-01,26,106,47,9,188,1035,85
42680,"Sebastian-Vero Beach-West Vero Corridor, FL",2020-06-01,18,69,20,4,111,1146,103
42680,"Sebastian-Vero Beach-West Vero Corridor, FL",2020-07-01,23,74,24,3,124,1270,126
42680,"Sebastian-Vero Beach-West Vero Corridor, FL",2020-08-01,34,119,26,5,184,1454,160
42680,"Sebastian-Vero Beach-West Vero Corridor, FL",2020-09-01,27,120,22,5,174,1628,187
42680,"Sebastian-Vero Beach-West Vero Corridor, FL",2020-10-01,13,85,18,6,122,1750,200
42680,"Sebastian-Vero Beach-West Vero Corridor, FL",2020-11-01,14,62,23,2,101,1851,214
42680,"Sebastian-Vero Beach-West Vero Corridor, FL",2020-12-01,23,47,19,3,92,1943,237
42680,"Sebastian-Vero Beach-West Vero Corridor, FL",2021-01-01,52,153,49,3,257,2200,289
42680,"Sebastian-Vero Beach-West Vero Corridor, FL",2021-02-01,27,87,35,3,152,2352,316
42680,"Sebastian-Vero Beach-West Vero Corridor, FL",2021-03-01,57,142,58,13,270,2622,373
42680,"Sebastian-Vero Beach-West Vero Corridor, FL",2021-04-01,54,146,49,11,260,2882,427
42680,"Sebastian-Vero Beach-West Vero Corridor, FL",2021-05-01,47,144,63,8,262,3144,474
42680,"Sebastian-Vero Beach-West Vero Corridor, FL",2021-06-01,46,144,49,7,246,3390,520
42680,"Sebastian-Vero Beach-West Vero Corridor, FL",2021-07-01,18,77,27,14,136,3526,538
42680,"Sebastian-Vero Beach-West Vero Corridor, FL",2021-08-01,40,84,32,8,164,3690,578
42680,"Sebastian-Vero Beach-West Vero Corridor, FL",2021-09-01,22,88,24,4,138,3828,600
42680,"Sebastian-Vero Beach-West Vero Corridor, FL",2021-10-01,23,59,15,4,101,3929,623
42680,"Sebastian-Vero Beach-West Vero Corridor, FL",2021-11-01,34,72,29,5,140,4069,657
42680,"Sebastian-Vero Beach-West Vero Corridor, FL",2021-12-01,49,112,35,9,205,4274,706
42680,"Sebastian-Vero Beach-West Vero Corridor, FL",2022-01-01,58,127,50,8,243,4517,764
42680,"Sebastian-Vero Beach-West Vero Corridor, FL",2022-02-01,42,97,31,8,178,4695,806
42680,"Sebastian-Vero Beach-West Vero Corridor, FL",2022-03-01,50,133,48,7,238,4933,856
42680,"Sebastian-Vero Beach-West Vero Corridor, FL",2022-04-01,59,126,48,10,243,5176,915
42680,"Sebastian-Vero Beach-West Vero Corridor, FL",2022-05-01,46,131,43,6,226,5402,961
42680,"Sebastian-Vero Beach-West Vero Corridor, FL",2022-06-01,41,104,40,7,192,5594,1002
42680,"Sebastian-Vero Beach-West Vero Corridor, FL",2022-07-01,25,65,21,6,117,5711,1027
42680,"Sebastian-Vero Beach-West Vero Corridor, FL",2022-08-01,33,79,27,3,142,5853,1060
42680,"Sebastian-Vero Beach-West Vero Corridor, FL",2022-09-01,56,126,33,10,225,6078,1116
42680,"Sebastian-Vero Beach-West Vero Corridor, FL",2022-10-01,52,119,71,7,249,6327,1168
42680,"Sebastian-Vero Beach-West Vero Corridor, FL",2022-11-01,51,124,44,8,227,6554,1219
42680,"Sebastian-Vero Beach-West Vero Corridor, FL",2022-12-01,48,100,44,7,199,6753,1267
42680,"Sebastian-Vero Beach-West Vero Corridor, FL",2023-01-01,39,119,41,9,208,6961,1306
42680,"Sebastian-Vero Beach-West Vero Corridor, FL",2023-02-01,41,91,40,6,178,7139,1347
42680,"Sebastian-Vero Beach-West Vero Corridor, FL",2023-03-01,74,104,41,5,224,7363,1421
42680,"Sebastian-Vero Beach-West Vero Corridor, FL",2023-04-01,49,94,35,8,186,7549,1470
42680,"Sebastian-Vero Beach-West Vero Corridor, FL",2023-05-01,27,45,14,1,87,7636,1497
42680,"Sebastian-Vero Beach-West Vero Corridor, FL",2023-06-01,16,48,19,3,86,7722,1513
42680,"Sebastian-Vero Beach-West Vero Corridor, FL",2023-07-01,19,40,23,2,84,7806,1532
42680,"Sebastian-Vero Beach-West Vero Corridor, FL",2023-08-01,24,50,14,2,90,7896,1556
42680,"Sebastian-Vero Beach-West Vero Corridor, FL",2023-09-01,21,37,17,2,77,7973,1577
42680,"Sebastian-Vero Beach-West Vero Corridor, FL",2023-10-01,31,69,28,5,133,8106,1608
42680,"Sebastian-Vero Beach-West Vero Corridor, FL",2023-11-01,33,92,42,3,170,8276,1641
42680,"Sebastian-Vero Beach-West Vero Corridor, FL",2023-12-01,32,77,42,11,162,8438,1673
42680,"Sebastian-Vero Beach-West Vero Corridor, FL",2024-01-01,47,96,42,3,188,8626,1720
42680,"Sebastian-Vero Beach-West Vero Corridor, FL",2024-02-01,61,87,38,5,191,8817,1781
42680,"Sebastian-Vero Beach-West Vero Corridor, FL",2024-03-01,60,127,53,9,249,9066,1841
42680,"Sebastian-Vero Beach-West Vero Corridor, FL",2024-04-01,59,128,41,4,232,9298,1900
42680,"Sebastian-Vero Beach-West Vero Corridor, FL",2024-05-01,47,90,32,7,176,9474,1947
42680,"Sebastian-Vero Beach-West Vero Corridor, FL",2024-06-01,23,67,25,3,118,9592,1970
42680,"Sebastian-Vero Beach-West Vero Corridor, FL",2024-07-01,16,41,10,0,67,9659,1986
42680,"Sebastian-Vero Beach-West Vero Corridor, FL",2024-08-01,12,32,7,3,54,9713,1998
42680,"Sebastian-Vero Beach-West Vero Corridor, FL",2024-09-01,29,60,24,1,114,9827,2027
42680,"Sebastian-Vero Beach-West Vero Corridor, FL",2024-10-01,48,129,49,4,230,10057,2075
42680,"Sebastian-Vero Beach-West Vero Corridor, FL",2024-11-01,53,101,31,4,189,10246,2128
42680,"Sebastian-Vero Beach-West Vero Corridor, FL",2024-12-01,65,124,53,7,249,10495,2193
42680,"Sebastian-Vero Beach-West Vero Corridor, FL",2025-01-01,54,95,40,7,196,10691,2247
42680,"Sebastian-Vero Beach-West Vero Corridor, FL",2025-02-01,39,58,21,2,120,10811,2286
42680,"Sebastian-Vero Beach-West Vero Corridor, FL",2025-03-01,62,102,28,2,194,11005,2348
42680,"Sebastian-Vero Beach-West Vero Corridor, FL",2025-04-01,61,83,41,3,188,11193,2409
42680,"Sebastian-Vero Beach-West Vero Corridor, FL",2025-05-01,33,52,20,1,106,11299,2442
42680,"Sebastian-Vero Beach-West Vero Corridor, FL",2025-06-01,26,48,19,2,95,11394,2468
42680,"Sebastian-Vero Beach-West Vero Corridor, FL",2025-07-01,20,39,22,2,83,11477,2488
42680,"Sebastian-Vero Beach-West Vero Corridor, FL",2025-08-01,14,37,6,0,57,11534,2502
10740,"Albuquerque, NM",2019-01-01,8,186,48,4,246,246,8
10740,"Albuquerque, NM",2019-02-01,7,156,44,6,213,459,15
10740,"Albuquerque, NM",2019-03-01,6,165,44,5,220,679,21
10740,"Albuquerque, NM",2019-04-01,15,183,39,4,241,920,36
10740,"Albuquerque, NM",2019-05-01,9,161,37,1,208,1128,45
10740,"Albuquerque, NM",2019-06-01,3,99,27,2,131,1259,48
10740,"Albuquerque, NM",2019-07-01,15,137,36,4,192,1451,63
10740,"Albuquerque, NM",2019-08-01,14,154,47,3,218,1669,77
10740,"Albuquerque, NM",2019-09-01,11,165,30,3,209,1878,88
10740,"Albuquerque, NM",2019-10-01,11,98,25,2,136,2014,99
10740,"Albuquerque, NM",2019-11-01,10,85,21,1,117,2131,109
10740,"Albuquerque, NM",2019-12-01,11,99,31,2,143,2274,120
10740,"Albuquerque, NM",2020-01-01,30,147,30,2,209,2483,150
10740,"Albuquerque, NM",2020-02-01,27,120,32,3,182,2665,177
10740,"Albuquerque, NM",2020-03-01,31,228,67,10,336,3001,208
10740,"Albuquerque, NM",2020-04-01,101,534,143,17,795,3796,309
10740,"Albuquerque, NM",2020-05-01,209,495,111,18,833,4629,518
10740,"Albuquerque, NM",2020-06-01,176,520,105,15,816,5445,694
10740,"Albuquerque, NM",2020-07-01,211,630,115,9,965,6410,905
10740,"Albuquerque, NM",2020-08-01,180,631,123,14,948,7358,1085
10740,"Albuquerque, NM",2020-09-01,144,532,92,16,784,8142,1229
10740,"Albuquerque, NM",2020-10-01,93,402,72,12,579,8721,1322
10740,"Albuquerque, NM",2020-11-01,68,251,36,2,357,9078,1390
10740,"Albuquerque, NM",2020-12-01,208,559,120,10,897,9975,1598
10740,"Albuquerque, NM",2021-01-01,302,806,161,22,1291,11266,1900
10740,"Albuquerque, NM",2021-02-01,133,428,83,12,656,11922,2033
10740,"Albuquerque, NM",2021-03-01,259,670,137,13,1079,13001,2292
10740,"Albuquerque, NM",2021-04-01,259,685,147,12,1103,14104,2551
10740,"Albuquerque, NM",2021-05-01,79,318,69,6,472,14576,2630
10740,"Albuquerque, NM",2021-06-01,173,503,99,9,784,15360,2803
10740,"Albuquerque, NM",2021-07-01,149,490,86,4,729,16089,2952
10740,"Albuquerque, NM",2021-08-01,176,502,115,13,806,16895,3128
10740,"Albuquerque, NM",2021-09-01,135,503,129,9,776,17671,3263
10740,"Albuquerque, NM",2021-10-01,43,195,51,1,290,17961,3306
10740,"Albuquerque, NM",2021-11-01,37,167,33,5,242,18203,3343
10740,"Albuquerque, NM",2021-12-01,245,549,141,15,950,19153,3588
10740,"Albuquerque, NM",2022-01-01,253,654,166,14,1087,20240,3841
10740,"Albuquerque, NM",2022-02-01,150,340,106,9,605,20845,3991
10740,"Albuquerque, NM",2022-03-01,135,320,69,13,537,21382,4126
10740,"Albuquerque, NM",2022-04-01,179,424,93,7,703,22085,4305
10740,"Albuquerque, NM",2022-05-01,164,358,63,8,593,22678,4469
10740,"Albuquerque, NM",2022-06-01,202,400,65,5,672,23350,4671
10740,"Albuquerque, NM",2022-07-01,107,212,59,4,382,23732,4778
10740,"Albuquerque, NM",2022-08-01,214,422,97,6,739,24471,4992
10740,"Albuquerque, NM",2022-09-01,112,316,73,5,506,24977,5104
10740,"Albuquerque, NM",2022-10-01,143,328,86,10,567,25544,5247
10740,"Albuquerque, NM",2022-11-01,278,629,158,11,1076,26620,5525
10740,"Albuquerque, NM",2022-12-01,255,479,119,11,864,27484,5780
10740,"Albuquerque, NM",2023-01-01,225,484,84,3,796,28280,6005
10740,"Albuquerque, NM",2023-02-01,215,365,90,8,678,28958,6220
10740,"Albuquerque, NM",2023-03-01,308,539,126,12,985,29943,6528
10740,"Albuquerque, NM",2023-04-01,179,356,92,12,639,30582,6707
10740,"Albuquerque, NM",2023-05-01,78,168,41,2,289,30871,6785
10740,"Albuquerque, NM",2023-06-01,64,141,31,3,239,31110,6849
10740,"Albuquerque, NM",2023-07-01,136,212,59,5,412,31522,6985
10740,"Albuquerque, NM",2023-08-01,74,143,31,4,252,31774,7059
10740,"Albuquerque, NM",2023-09-01,132,261,66,10,469,32243,7191
10740,"Albuquerque, NM",2023-10-01,258,431,106,8,803,33046,7449
10740,"Albuquerque, NM",2023-11-01,282,454,117,5,858,33904,7731
10740,"Albuquerque, NM",2023-12-01,271,418,114,12,815,34719,8002
10740,"Albuquerque, NM",2024-01-01,335,485,119,13,952,35671,8337
10740,"Albuquerque, NM",2024-02-01,292,370,125,10,797,36468,8629
10740,"Albuquerque, NM",2024-03-01,292,430,99,9,830,37298,8921
10740,"Albuquerque, NM",2024-04-01,258,450,95,7,810,38108,9179
10740,"Albuquerque, NM",2024-05-01,274,508,109,11,902,39010,9453
10740,"Albuquerque, NM",2024-06-01,215,380,78,10,683,39693,9668
10740,"Albuquerque, NM",2024-07-01,81,201,41,5,328,40021,9749
10740,"Albuquerque, NM",2024-08-01,81,168,30,2,281,40302,9830
10740,"Albuquerque, NM",2024-09-01,126,258,62,5,451,40753,9956
10740,"Albuquerque, NM",2024-10-01,262,527,117,11,917,41670,10218
10740,"Albuquerque, NM",2024-11-01,271,467,112,8,858,42528,10489
10740,"Albuquerque, NM",2024-12-01,260,360,92,14,726,43254,10749
10740,"Albuquerque, NM",2025-01-01,273,402,91,11,777,44031,11022
10740,"Albuquerque, NM",2025-02-01,256,372,92,10,730,44761,11278
10740,"Albuquerque, NM",2025-03-01,274,383,98,7,762,45523,11552
10740,"Albuquerque, NM",2025-04-01,125,214,49,7,395,45918,11677
10740,"Albuquerque, NM",2025-05-01,272,408,91,6,777,46695,11949
10740,"Albuquerque, NM",2025-06-01,254,361,85,12,712,47407,12203
10740,"Albuquerque, NM",2025-07-01,178,253,61,10,502,47909,12381
10740,"Albuquerque, NM",2025-08-01,233,363,102,7,705,48614,12614
10740,"Albuquerque, NM",2025-09-01,5,8,2,0,15,48629,12619
21500,"Erie, PA",2019-01-01,1,28,5,0,34,34,1
21500,"Erie, PA",2019-02-01,0,37,10,0,47,81,1
21500,"Erie, PA",2019-03-01,2,42,8,0,52,133,3
21500,"Erie, PA",2019-04-01,0,29,6,0,35,168,3
21500,"Erie, PA",2019-05-01,2,32,10,0,44,212,5
21500,"Erie, PA",2019-06-01,1,22,6,0,29,241,6
21500,"Erie, PA",2019-07-01,0,19,1,0,20,261,6
21500,"Erie, PA",2019-08-01,3,22,5,0,30,291,9
21500,"Erie, PA",2019-09-01,4,43,3,0,50,341,13
21500,"Erie, PA",2019-10-01,4,46,5,1,56,397,17
21500,"Erie, PA",2019-11-01,5,34,3,0,42,439,22
21500,"Erie, PA",2019-12-01,9,41,8,0,58,497,31
21500,"Erie, PA",2020-01-01,6,32,6,0,44,541,37
21500,"Erie, PA",2020-02-01,7,41,10,2,60,601,44
21500,"Erie, PA",2020-03-01,9,61,16,1,87,688,53
21500,"Erie, PA",2020-04-01,24,68,25,2,119,807,77
21500,"Erie, PA",2020-05-01,53,138,27,1,219,1026,130
21500,"Erie, PA",2020-06-01,47,140,23,1,211,1237,177
21500,"Erie, PA",2020-07-01,47,120,20,1,188,1425,224
21500,"Erie, PA",2020-08-01,55,163,17,3,238,1663,279
21500,"Erie, PA",2020-09-01,50,105,27,1,183,1846,329
21500,"Erie, PA",2020-10-01,45,116,23,3,187,2033,374
21500,"Erie, PA",2020-11-01,34,80,8,2,124,2157,408
21500,"Erie, PA",2020-12-01,29,55,6,0,90,2247,437
21500,"Erie, PA",2021-01-01,72,117,28,2,219,2466,509
21500,"Erie, PA",2021-02-01,38,115,24,2,179,2645,547
21500,"Erie, PA",2021-03-01,71,107,25,2,205,2850,618
21500,"Erie, PA",2021-04-01,79,131,44,2,256,3106,697
21500,"Erie, PA",2021-05-01,53,154,29,3,239,3345,750
21500,"Erie, PA",2021-06-01,44,121,17,2,184,3529,794
21500,"Erie, PA",2021-07-01,35,87,20,2,144,3673,829
21500,"Erie, PA",2021-08-01,35,98,21,1,155,3828,864
21500,"Erie, PA",2021-09-01,40,90,18,1,149,3977,904
21500,"Erie, PA",2021-10-01,26,62,15,2,105,4082,930
21500,"Erie, PA",2021-11-01,32,73,23,0,128,4210,962
21500,"Erie, PA",2021-12-01,39,70,22,1,132,4342,1001
21500,"Erie, PA",2022-01-01,66,110,30,2,208,4550,1067
21500,"Erie, PA",2022-02-01,46,75,34,0,155,4705,1113
21500,"Erie, PA",2022-03-01,62,86,22,3,173,4878,1175
21500,"Erie, PA",2022-04-01,33,73,17,1,124,5002,1208
21500,"Erie, PA",2022-05-01,58,98,25,0,181,5183,1266
21500,"Erie, PA",2022-06-01,25,73,15,1,114,5297,1291
21500,"Erie, PA",2022-07-01,37,78,16,2,133,5430,1328
21500,"Erie, PA",2022-08-01,35,73,26,1,135,5565,1363
21500,"Erie, PA",2022-09-01,39,83,16,1,139,5704,1402
21500,"Erie, PA",2022-10-01,61,87,21,0,169,5873,1463
21500,"Erie, PA",2022-11-01,55,66,19,1,141,6014,1518
21500,"Erie, PA",2022-12-01,73,79,33,2,187,6201,1591
21500,"Erie, PA",2023-01-01,62,82,44,3,191,6392,1653
21500,"Erie, PA",2023-02-01,56,76,19,5,156,6548,1709
21500,"Erie, PA",2023-03-01,83,99,54,3,239,6787,1792
21500,"Erie, PA",2023-04-01,52,92,25,2,171,6958,1844
21500,"Erie, PA",2023-05-01,46,52,9,2,109,7067,1890
21500,"Erie, PA",2023-06-01,39,39,12,0,90,7157,1929
21500,"Erie, PA",2023-07-01,34,62,11,0,107,7264,1963
21500,"Erie, PA",2023-08-01,33,64,17,2,116,7380,1996
21500,"Erie, PA",2023-09-01,50,71,23,2,146,7526,2046
21500,"Erie, PA",2023-10-01,62,82,28,8,180,7706,2108
21500,"Erie, PA",2023-11-01,61,95,24,3,183,7889,2169
21500,"Erie, PA",2023-12-01,81,74,22,5,182,8071,2250
21500,"Erie, PA",2024-01-01,80,93,31,4,208,8279,2330
21500,"Erie, PA",2024-02-01,72,91,37,3,203,8482,2402
21500,"Erie, PA",2024-03-01,81,65,28,3,177,8659,2483
21500,"Erie, PA",2024-04-01,59,79,31,3,172,8831,2542
21500,"Erie, PA",2024-05-01,60,84,29,1,174,9005,2602
21500,"Erie, PA",2024-06-01,70,88,34,5,197,9202,2672
21500,"Erie, PA",2024-07-01,58,88,32,7,185,9387,2730
21500,"Erie, PA",2024-08-01,87,114,40,13,254,9641,2817
21500,"Erie, PA",2024-09-01,49,51,24,4,128,9769,2866
21500,"Erie, PA",2024-10-01,78,98,30,1,207,9976,2944
21500,"Erie, PA",2024-11-01,80,86,24,4,194,10170,3024
21500,"Erie, PA",2024-12-01,83,70,18,2,173,10343,3107
21500,"Erie, PA",2025-01-01,95,95,31,3,224,10567,3202
21500,"Erie, PA",2025-02-01,102,72,22,3,199,10766,3304
21500,"Erie, PA",2025-03-01,128,95,26,2,251,11017,3432
21500,"Erie, PA",2025-04-01,105,91,18,1,215,11232,3537
21500,"Erie, PA",2025-05-01,119,95,28,1,243,11475,3656
21500,"Erie, PA",2025-06-01,135,90,22,2,249,11724,3791
21500,"Erie, PA",2025-07-01,103,88,15,1,207,11931,3894
21500,"Erie, PA",2025-08-01,86,84,25,1,196,12127,3980
21500,"Erie, PA",2025-09-01,0,0,0,1,1,12128,3980
49180,"Winston-Salem, NC",2019-01-01,2,94,26,4,126,126,2
49180,"Winston-Salem, NC",2019-02-01,2,125,25,2,154,280,4
49180,"Winston-Salem, NC",2019-03-01,7,131,41,3,182,462,11
49180,"Winston-Salem, NC",2019-04-01,8,154,38,3,203,665,19
49180,"Winston-Salem, NC",2019-05-01,11,176,38,2,227,892,30
49180,"Winston-Salem, NC",2019-06-01,2,66,19,2,89,981,32
49180,"Winston-Salem, NC",2019-07-01,5,89,17,5,116,1097,37
49180,"Winston-Salem, NC",2019-08-01,8,69,30,1,108,1205,45
49180,"Winston-Salem, NC",2019-09-01,6,110,26,5,147,1352,51
49180,"Winston-Salem, NC",2019-10-01,8,148,23,1,180,1532,59
49180,"Winston-Salem, NC",2019-11-01,11,113,23,2,149,1681,70
49180,"Winston-Salem, NC",2019-12-01,17,102,22,2,143,1824,87
49180,"Winston-Salem, NC",2020-01-01,22,120,31,5,178,2002,109
49180,"Winston-Salem, NC",2020-02-01,17,114,25,3,159,2161,126
49180,"Winston-Salem, NC",2020-03-01,30,141,44,4,219,2380,156
49180,"Winston-Salem, NC",2020-04-01,92,373,74,4,543,2923,248
49180,"Winston-Salem, NC",2020-05-01,142,388,81,9,620,3543,390
49180,"Winston-Salem, NC",2020-06-01,60,190,35,6,291,3834,450
49180,"Winston-Salem, NC",2020-07-01,117,399,74,6,596,4430,567
49180,"Winston-Salem, NC",2020-08-01,147,509,89,10,755,5185,714
49180,"Winston-Salem, NC",2020-09-01,110,396,82,6,594,5779,824
49180,"Winston-Salem, NC",2020-10-01,73,280,55,4,412,6191,897
49180,"Winston-Salem, NC",2020-11-01,42,136,35,7,220,6411,939
49180,"Winston-Salem, NC",2020-12-01,45,126,34,1,206,6617,984
49180,"Winston-Salem, NC",2021-01-01,232,587,91,4,914,7531,1216
49180,"Winston-Salem, NC",2021-02-01,186,503,116,12,817,8348,1402
49180,"Winston-Salem, NC",2021-03-01,194,460,111,17,782,9130,1596
49180,"Winston-Salem, NC",2021-04-01,180,453,93,11,737,9867,1776
49180,"Winston-Salem, NC",2021-05-01,124,277,73,4,478,10345,1900
49180,"Winston-Salem, NC",2021-06-01,80,206,52,4,342,10687,1980
49180,"Winston-Salem, NC",2021-07-01,131,413,82,4,630,11317,2111
49180,"Winston-Salem, NC",2021-08-01,197,614,147,13,971,12288,2308
49180,"Winston-Salem, NC",2021-09-01,179,626,126,13,944,13232,2487
49180,"Winston-Salem, NC",2021-10-01,80,243,67,7,397,13629,2567
49180,"Winston-Salem, NC",2021-11-01,123,284,78,8,493,14122,2690
49180,"Winston-Salem, NC",2021-12-01,184,363,89,6,642,14764,2874
49180,"Winston-Salem, NC",2022-01-01,229,520,122,19,890,15654,3103
49180,"Winston-Salem, NC",2022-02-01,196,422,102,18,738,16392,3299
49180,"Winston-Salem, NC",2022-03-01,213,376,115,16,720,17112,3512
49180,"Winston-Salem, NC",2022-04-01,166,366,112,14,658,17770,3678
49180,"Winston-Salem, NC",2022-05-01,171,365,94,6,636,18406,3849
49180,"Winston-Salem, NC",2022-06-01,64,135,34,3,236,18642,3913
49180,"Winston-Salem, NC",2022-07-01,92,125,34,2,253,18895,4005
49180,"Winston-Salem, NC",2022-08-01,109,218,79,6,412,19307,4114
49180,"Winston-Salem, NC",2022-09-01,106,196,65,5,372,19679,4220
49180,"Winston-Salem, NC",2022-10-01,173,312,102,8,595,20274,4393
49180,"Winston-Salem, NC",2022-11-01,186,329,118,9,642,20916,4579
49180,"Winston-Salem, NC",2022-12-01,224,306,86,14,630,21546,4803
49180,"Winston-Salem, NC",2023-01-01,170,272,95,7,544,22090,4973
49180,"Winston-Salem, NC",2023-02-01,165,287,95,6,553,22643,5138
49180,"Winston-Salem, NC",2023-03-01,246,327,89,7,669,23312,5384
49180,"Winston-Salem, NC",2023-04-01,185,307,83,9,584,23896,5569
49180,"Winston-Salem, NC",2023-05-01,110,178,47,5,340,24236,5679
49180,"Winston-Salem, NC",2023-06-01,74,102,29,4,209,24445,5753
49180,"Winston-Salem, NC",2023-07-01,84,135,38,6,263,24708,5837
49180,"Winston-Salem, NC",2023-08-01,121,189,57,5,372,25080,5958
49180,"Winston-Salem, NC",2023-09-01,166,272,97,6,541,25621,6124
49180,"Winston-Salem, NC",2023-10-01,106,184,51,4,345,25966,6230
49180,"Winston-Salem, NC",2023-11-01,190,263,89,5,547,26513,6420
49180,"Winston-Salem, NC",2023-12-01,248,329,113,6,696,27209,6668
49180,"Winston-Salem, NC",2024-01-01,213,303,100,10,626,27835,6881
49180,"Winston-Salem, NC",2024-02-01,235,257,103,5,600,28435,7116
49180,"Winston-Salem, NC",2024-03-01,248,274,92,11,625,29060,7364
49180,"Winston-Salem, NC",2024-04-01,164,222,77,5,468,29528,7528
49180,"Winston-Salem, NC",2024-05-01,158,187,58,9,412,29940,7686
49180,"Winston-Salem, NC",2024-06-01,161,229,80,12,482,30422,7847
49180,"Winston-Salem, NC",2024-07-01,185,251,84,13,533,30955,8032
49180,"Winston-Salem, NC",2024-08-01,131,208,68,5,412,31367,8163
49180,"Winston-Salem, NC",2024-09-01,213,304,103,16,636,32003,8376
49180,"Winston-Salem, NC",2024-10-01,250,310,90,21,671,32674,8626
49180,"Winston-Salem, NC",2024-11-01,233,300,117,19,669,33343,8859
49180,"Winston-Salem, NC",2024-12-01,315,286,101,11,713,34056,9174
49180,"Winston-Salem, NC",2025-01-01,226,327,105,9,667,34723,9400
49180,"Winston-Salem, NC",2025-02-01,225,222,84,9,540,35263,9625
49180,"Winston-Salem, NC",2025-03-01,270,276,105,12,663,35926,9895
49180,"Winston-Salem, NC",2025-04-01,279,284,94,13,670,36596,10174
49180,"Winston-Salem, NC",2025-05-01,311,336,88,9,744,37340,10485
49180,"Winston-Salem, NC",2025-06-01,273,327,122,8,730,38070,10758
49180,"Winston-Salem, NC",2025-07-01,244,251,95,12,602,38672,11002
49180,"Winston-Salem, NC",2025-08-01,190,213,97,17,517,39189,11192
49180,"Winston-Salem, NC",2025-09-01,5,1,5,0,11,39200,11197
41540,"Salisbury, MD",2019-01-01,0,5,1,0,6,6,0
41540,"Salisbury, MD",2019-02-01,0,8,4,1,13,19,0
41540,"Salisbury, MD",2019-03-01,2,28,4,1,35,54,2
41540,"Salisbury, MD",2019-04-01,2,21,6,1,30,84,4
41540,"Salisbury, MD",2019-05-01,2,26,5,2,35,119,6
41540,"Salisbury, MD",2019-06-01,1,36,5,1,43,162,7
41540,"Salisbury, MD",2019-07-01,6,30,5,2,43,205,13
41540,"Salisbury, MD",2019-08-01,1,38,7,2,48,253,14
41540,"Salisbury, MD",2019-09-01,4,41,6,0,51,304,18
41540,"Salisbury, MD",2019-10-01,4,43,7,1,55,359,22
41540,"Salisbury, MD",2019-11-01,1,26,2,2,31,390,23
41540,"Salisbury, MD",2019-12-01,3,20,3,0,26,416,26
41540,"Salisbury, MD",2020-01-01,5,29,5,0,39,455,31
41540,"Salisbury, MD",2020-02-01,5,35,9,1,50,505,36
41540,"Salisbury, MD",2020-03-01,8,37,7,1,53,558,44
41540,"Salisbury, MD",2020-04-01,20,71,20,1,112,670,64
41540,"Salisbury, MD",2020-05-01,40,96,28,0,164,834,104
41540,"Salisbury, MD",2020-06-01,24,90,7,0,121,955,128
41540,"Salisbury, MD",2020-07-01,33,103,12,0,148,1103,161
41540,"Salisbury, MD",2020-08-01,43,132,24,1,200,1303,204
41540,"Salisbury, MD",2020-09-01,38,114,27,1,180,1483,242
41540,"Salisbury, MD",2020-10-01,21,70,9,1,101,1584,263
41540,"Salisbury, MD",2020-11-01,21,58,6,0,85,1669,284
41540,"Salisbury, MD",2020-12-01,25,59,15,3,102,1771,309
41540,"Salisbury, MD",2021-01-01,65,113,18,3,199,1970,374
41540,"Salisbury, MD",2021-02-01,34,68,12,2,116,2086,408
41540,"Salisbury, MD",2021-03-01,62,140,27,2,231,2317,470
41540,"Salisbury, MD",2021-04-01,36,140,44,1,221,2538,506
41540,"Salisbury, MD",2021-05-01,36,71,26,1,134,2672,542
41540,"Salisbury, MD",2021-06-01,34,118,26,1,179,2851,576
41540,"Salisbury, MD",2021-07-01,35,85,25,5,150,3001,611
41540,"Salisbury, MD",2021-08-01,20,75,16,1,112,3113,631
41540,"Salisbury, MD",2021-09-01,30,117,23,1,171,3284,661
41540,"Salisbury, MD",2021-10-01,25,68,27,1,121,3405,686
41540,"Salisbury, MD",2021-11-01,22,57,14,1,94,3499,708
41540,"Salisbury, MD",2021-12-01,34,80,18,3,135,3634,742
41540,"Salisbury, MD",2022-01-01,28,109,27,4,168,3802,770
41540,"Salisbury, MD",2022-02-01,15,54,15,0,84,3886,785
41540,"Salisbury, MD",2022-03-01,27,72,21,0,120,4006,812
41540,"Salisbury, MD",2022-04-01,25,59,10,1,95,4101,837
41540,"Salisbury, MD",2022-05-01,29,87,28,4,148,4249,866
41540,"Salisbury, MD",2022-06-01,26,52,16,0,94,4343,892
41540,"Salisbury, MD",2022-07-01,28,62,21,0,111,4454,920
41540,"Salisbury, MD",2022-08-01,22,88,30,2,142,4596,942
41540,"Salisbury, MD",2022-09-01,29,79,24,3,135,4731,971
41540,"Salisbury, MD",2022-10-01,26,73,21,1,121,4852,997
41540,"Salisbury, MD",2022-11-01,38,60,28,3,129,4981,1035
41540,"Salisbury, MD",2022-12-01,39,78,31,2,150,5131,1074
41540,"Salisbury, MD",2023-01-01,52,89,22,3,166,5297,1126
41540,"Salisbury, MD",2023-02-01,55,57,25,2,139,5436,1181
41540,"Salisbury, MD",2023-03-01,68,97,27,4,196,5632,1249
41540,"Salisbury, MD",2023-04-01,21,67,20,1,109,5741,1270
41540,"Salisbury, MD",2023-05-01,32,56,11,1,100,5841,1302
41540,"Salisbury, MD",2023-06-01,28,57,13,0,98,5939,1330
41540,"Salisbury, MD",2023-07-01,24,62,17,2,105,6044,1354
41540,"Salisbury, MD",2023-08-01,35,53,9,1,98,6142,1389
41540,"Salisbury, MD",2023-09-01,39,86,29,4,158,6300,1428
41540,"Salisbury, MD",2023-10-01,39,80,21,2,142,6442,1467
41540,"Salisbury, MD",2023-11-01,63,131,26,4,224,6666,1530
41540,"Salisbury, MD",2023-12-01,59,92,40,2,193,6859,1589
41540,"Salisbury, MD",2024-01-01,76,92,34,3,205,7064,1665
41540,"Salisbury, MD",2024-02-01,57,86,30,1,174,7238,1722
41540,"Salisbury, MD",2024-03-01,66,94,31,1,192,7430,1788
41540,"Salisbury, MD",2024-04-01,37,69,13,0,119,7549,1825
41540,"Salisbury, MD",2024-05-01,39,54,10,1,104,7653,1864
41540,"Salisbury, MD",2024-06-01,33,49,5,0,87,7740,1897
41540,"Salisbury, MD",2024-07-01,20,58,16,0,94,7834,1917
41540,"Salisbury, MD",2024-08-01,23,57,13,4,97,7931,1940
41540,"Salisbury, MD",2024-09-01,30,57,14,3,104,8035,1970
41540,"Salisbury, MD",2024-10-01,32,74,13,5,124,8159,2002
41540,"Salisbury, MD",2024-11-01,39,88,15,3,145,8304,2041
41540,"Salisbury, MD",2024-12-01,48,79,23,2,152,8456,2089
41540,"Salisbury, MD",2025-01-01,41,79,8,1,129,8585,2130
41540,"Salisbury, MD",2025-02-01,35,41,12,1,89,8674,2165
41540,"Salisbury, MD",2025-03-01,71,143,20,2,236,8910,2236
41540,"Salisbury, MD",2025-04-01,56,86,19,4,165,9075,2292
41540,"Salisbury, MD",2025-05-01,53,98,23,4,178,9253,2345
41540,"Salisbury, MD",2025-06-01,56,123,19,5,203,9456,2401
41540,"Salisbury, MD",2025-07-01,43,87,15,6,151,9607,2444
41540,"Salisbury, MD",2025-08-01,73,100,24,1,198,9805,2517
41540,"Salisbury, MD",2025-09-01,0,3,0,0,3,9808,2517
27100,"Jackson, MI",2019-01-01,0,3,3,0,6,6,0
27100,"Jackson, MI",2019-02-01,0,6,7,0,13,19,0
27100,"Jackson, MI",2019-03-01,1,34,9,1,45,64,1
27100,"Jackson, MI",2019-04-01,0,33,11,0,44,108,1
27100,"Jackson, MI",2019-05-01,3,19,7,1,30,138,4
27100,"Jackson, MI",2019-06-01,1,26,5,0,32,170,5
27100,"Jackson, MI",2019-07-01,2,19,5,1,27,197,7
27100,"Jackson, MI",2019-08-01,3,15,3,2,23,220,10
27100,"Jackson, MI",2019-09-01,2,15,3,1,21,241,12
27100,"Jackson, MI",2019-10-01,1,16,5,1,23,264,13
27100,"Jackson, MI",2019-11-01,2,17,5,0,24,288,15
27100,"Jackson, MI",2019-12-01,5,23,7,0,35,323,20
27100,"Jackson, MI",2020-01-01,6,33,13,0,52,375,26
27100,"Jackson, MI",2020-02-01,6,15,9,2,32,407,32
27100,"Jackson, MI",2020-03-01,11,28,8,1,48,455,43
27100,"Jackson, MI",2020-04-01,18,56,16,0,90,545,61
27100,"Jackson, MI",2020-05-01,30,89,23,1,143,688,91
27100,"Jackson, MI",2020-06-01,34,78,16,0,128,816,125
27100,"Jackson, MI",2020-07-01,24,82,18,1,125,941,149
27100,"Jackson, MI",2020-08-01,28,90,21,1,140,1081,177
27100,"Jackson, MI",2020-09-01,28,62,28,2,120,1201,205
27100,"Jackson, MI",2020-10-01,26,70,17,3,116,1317,231
27100,"Jackson, MI",2020-11-01,30,61,15,1,107,1424,261
27100,"Jackson, MI",2020-12-01,19,53,5,0,77,1501,280
27100,"Jackson, MI",2021-01-01,47,75,18,2,142,1643,327
27100,"Jackson, MI",2021-02-01,21,82,17,2,122,1765,348
27100,"Jackson, MI",2021-03-01,46,78,24,3,151,1916,394
27100,"Jackson, MI",2021-04-01,46,114,24,3,187,2103,440
27100,"Jackson, MI",2021-05-01,44,111,26,1,182,2285,484
27100,"Jackson, MI",2021-06-01,53,112,19,0,184,2469,537
27100,"Jackson, MI",2021-07-01,24,81,16,1,122,2591,561
27100,"Jackson, MI",2021-08-01,34,75,15,3,127,2718,595
27100,"Jackson, MI",2021-09-01,23,100,24,3,150,2868,618
27100,"Jackson, MI",2021-10-01,21,52,29,1,103,2971,639
27100,"Jackson, MI",2021-11-01,18,70,22,2,112,3083,657
27100,"Jackson, MI",2021-12-01,38,88,15,1,142,3225,695
27100,"Jackson, MI",2022-01-01,31,82,22,4,139,3364,726
27100,"Jackson, MI",2022-02-01,26,91,27,5,149,3513,752
27100,"Jackson, MI",2022-03-01,36,94,29,1,160,3673,788
27100,"Jackson, MI",2022-04-01,27,68,10,2,107,3780,815
27100,"Jackson, MI",2022-05-01,28,69,21,3,121,3901,843
27100,"Jackson, MI",2022-06-01,15,57,17,1,90,3991,858
27100,"Jackson, MI",2022-07-01,22,56,19,5,102,4093,880
27100,"Jackson, MI",2022-08-01,24,60,19,1,104,4197,904
27100,"Jackson, MI",2022-09-01,31,66,19,2,118,4315,935
27100,"Jackson, MI",2022-10-01,37,52,26,1,116,4431,972
27100,"Jackson, MI",2022-11-01,34,68,18,1,121,4552,1006
27100,"Jackson, MI",2022-12-01,53,61,26,4,144,4696,1059
27100,"Jackson, MI",2023-01-01,35,58,18,1,112,4808,1094
27100,"Jackson, MI",2023-02-01,44,60,17,2,123,4931,1138
27100,"Jackson, MI",2023-03-01,53,85,29,2,169,5100,1191
27100,"Jackson, MI",2023-04-01,42,63,23,3,131,5231,1233
27100,"Jackson, MI",2023-05-01,30,49,12,1,92,5323,1263
27100,"Jackson, MI",2023-06-01,28,44,13,0,85,5408,1291
27100,"Jackson, MI",2023-07-01,22,41,16,2,81,5489,1313
27100,"Jackson, MI",2023-08-01,26,41,8,0,75,5564,1339
27100,"Jackson, MI",2023-09-01,37,41,22,1,101,5665,1376
27100,"Jackson, MI",2023-10-01,41,61,20,0,122,5787,1417
27100,"Jackson, MI",2023-11-01,57,64,24,5,150,5937,1474
27100,"Jackson, MI",2023-12-01,67,67,26,1,161,6098,1541
27100,"Jackson, MI",2024-01-01,55,66,22,1,144,6242,1596
27100,"Jackson, MI",2024-02-01,46,73,16,5,140,6382,1642
27100,"Jackson, MI",2024-03-01,72,68,26,4,170,6552,1714
27100,"Jackson, MI",2024-04-01,41,73,22,4,140,6692,1755
27100,"Jackson, MI",2024-05-01,42,51,18,3,114,6806,1797
27100,"Jackson, MI",2024-06-01,45,84,17,4,150,6956,1842
27100,"Jackson, MI",2024-07-01,44,67,20,1,132,7088,1886
27100,"Jackson, MI",2024-08-01,26,34,9,2,71,7159,1912
27100,"Jackson, MI",2024-09-01,44,48,13,2,107,7266,1956
27100,"Jackson, MI",2024-10-01,64,72,20,3,159,7425,2020
27100,"Jackson, MI",2024-11-01,52,80,23,3,158,7583,2072
27100,"Jackson, MI",2024-12-01,81,66,30,2,179,7762,2153
27100,"Jackson, MI",2025-01-01,62,69,20,3,154,7916,2215
27100,"Jackson, MI",2025-02-01,54,48,22,2,126,8042,2269
27100,"Jackson, MI",2025-03-01,67,63,21,3,154,8196,2336
27100,"Jackson, MI",2025-04-01,71,68,16,3,158,8354,2407
27100,"Jackson, MI",2025-05-01,59,69,20,2,150,8504,2466
27100,"Jackson, MI",2025-06-01,58,54,24,3,139,8643,2524
27100,"Jackson, MI",2025-07-01,58,52,16,3,129,8772,2582
27100,"Jackson, MI",2025-08-01,51,46,17,3,117,8889,2633
27100,"Jackson, MI",2025-09-01,0,1,0,0,1,8890,2633
35460,"Newport, TN",2019-01-01,0,0,1,0,1,1,0
35460,"Newport, TN",2019-02-01,0,1,1,0,2,3,0
35460,"Newport, TN",2019-04-01,1,2,2,0,5,8,1
35460,"Newport, TN",2019-05-01,0,0,2,0,2,10,1
35460,"Newport, TN",2019-06-01,0,2,0,0,2,12,1
35460,"Newport, TN",2019-07-01,0,5,0,0,5,17,1
35460,"Newport, TN",2019-08-01,0,4,3,0,7,24,1
35460,"Newport, TN",2019-09-01,0,4,0,0,4,28,1
35460,"Newport, TN",2019-10-01,2,1,0,0,3,31,3
35460,"Newport, TN",2019-11-01,0,8,0,0,8,39,3
35460,"Newport, TN",2019-12-01,0,3,2,1,6,45,3
35460,"Newport, TN",2020-01-01,0,3,2,0,5,50,3
35460,"Newport, TN",2020-02-01,0,2,1,0,3,53,3
35460,"Newport, TN",2020-03-01,0,5,1,0,6,59,3
35460,"Newport, TN",2020-04-01,1,6,1,1,9,68,4
35460,"Newport, TN",2020-05-01,3,7,1,0,11,79,7
35460,"Newport, TN",2020-06-01,2,8,2,0,12,91,9
35460,"Newport, TN",2020-07-01,1,10,2,0,13,104,10
35460,"Newport, TN",2020-08-01,1,12,8,2,23,127,11
35460,"Newport, TN",2020-09-01,5,13,6,0,24,151,16
35460,"Newport, TN",2020-10-01,1,16,6,0,23,174,17
35460,"Newport, TN",2020-11-01,5,16,5,0,26,200,22
35460,"Newport, TN",2020-12-01,8,18,5,1,32,232,30
35460,"Newport, TN",2021-01-01,6,21,9,0,36,268,36
35460,"Newport, TN",2021-02-01,7,21,6,0,34,302,43
35460,"Newport, TN",2021-03-01,7,26,8,0,41,343,50
35460,"Newport, TN",2021-04-01,7,31,9,1,48,391,57
35460,"Newport, TN",2021-05-01,10,32,5,0,47,438,67
35460,"Newport, TN",2021-06-01,8,38,15,0,61,499,75
35460,"Newport, TN",2021-07-01,8,35,6,1,50,549,83
35460,"Newport, TN",2021-08-01,9,28,12,4,53,602,92
35460,"Newport, TN",2021-09-01,9,31,15,2,57,659,101
35460,"Newport, TN",2021-10-01,9,32,15,2,58,717,110
35460,"Newport, TN",2021-11-01,6,22,9,1,38,755,116
35460,"Newport, TN",2021-12-01,14,34,20,0,68,823,130
35460,"Newport, TN",2022-01-01,8,31,14,1,54,877,138
35460,"Newport, TN",2022-02-01,8,27,7,3,45,922,146
35460,"Newport, TN",2022-03-01,10,33,14,1,58,980,156
35460,"Newport, TN",2022-04-01,8,31,4,1,44,1024,164
35460,"Newport, TN",2022-05-01,14,32,8,0,54,1078,178
35460,"Newport, TN",2022-06-01,10,24,4,0,38,1116,188
35460,"Newport, TN",2022-07-01,12,16,6,1,35,1151,200
35460,"Newport, TN",2022-08-01,11,40,11,3,65,1216,211
35460,"Newport, TN",2022-09-01,9,25,10,1,45,1261,220
35460,"Newport, TN",2022-10-01,12,24,5,2,43,1304,232
35460,"Newport, TN",2022-11-01,9,29,12,1,51,1355,241
35460,"Newport, TN",2022-12-01,11,30,19,2,62,1417,252
35460,"Newport, TN",2023-01-01,8,38,8,0,54,1471,260
35460,"Newport, TN",2023-02-01,12,26,5,2,45,1516,272
35460,"Newport, TN",2023-03-01,14,27,11,1,53,1569,286
35460,"Newport, TN",2023-04-01,10,27,10,2,49,1618,296
35460,"Newport, TN",2023-05-01,11,19,5,0,35,1653,307
35460,"Newport, TN",2023-06-01,5,15,5,3,28,1681,312
35460,"Newport, TN",2023-07-01,11,23,8,2,44,1725,323
35460,"Newport, TN",2023-08-01,8,16,6,0,30,1755,331
35460,"Newport, TN",2023-09-01,14,17,4,1,36,1791,345
35460,"Newport, TN",2023-10-01,13,21,9,0,43,1834,358
35460,"Newport, TN",2023-11-01,18,24,14,0,56,1890,376
35460,"Newport, TN",2023-12-01,22,19,8,2,51,1941,398
35460,"Newport, TN",2024-01-01,10,43,17,1,71,2012,408
35460,"Newport, TN",2024-02-01,12,21,14,1,48,2060,420
35460,"Newport, TN",2024-03-01,22,27,14,1,64,2124,442
35460,"Newport, TN",2024-04-01,11,27,9,2,49,2173,453
35460,"Newport, TN",2024-05-01,16,29,15,1,61,2234,469
35460,"Newport, TN",2024-06-01,12,27,6,1,46,2280,481
35460,"Newport, TN",2024-07-01,13,19,11,2,45,2325,494
35460,"Newport, TN",2024-08-01,18,21,6,2,47,2372,512
35460,"Newport, TN",2024-09-01,11,17,6,1,35,2407,523
35460,"Newport, TN",2024-10-01,14,24,8,2,48,2455,537
35460,"Newport, TN",2024-11-01,17,23,4,1,45,2500,554
35460,"Newport, TN",2024-12-01,14,21,13,1,49,2549,568
35460,"Newport, TN",2025-01-01,18,30,10,0,58,2607,586
35460,"Newport, TN",2025-02-01,21,25,11,2,59,2666,607
35460,"Newport, TN",2025-03-01,22,22,7,0,51,2717,629
35460,"Newport, TN",2025-04-01,23,26,6,0,55,2772,652
35460,"Newport, TN",2025-05-01,24,25,8,3,60,2832,676
35460,"Newport, TN",2025-06-01,11,25,11,0,47,2879,687
35460,"Newport, TN",2025-07-01,19,31,8,0,58,2937,706
35460,"Newport, TN",2025-08-01,18,21,6,1,46,2983,724
35460,"Newport, TN",2025-09-01,1,1,0,0,2,2985,725
34020,"Morgan City, LA",2019-01-01,0,2,0,0,2,2,0
34020,"Morgan City, LA",2019-05-01,0,1,1,0,2,4,0
34020,"Morgan City, LA",2019-06-01,0,1,0,0,1,5,0
34020,"Morgan City, LA",2019-07-01,0,1,0,0,1,6,0
34020,"Morgan City, LA",2019-08-01,0,2,1,0,3,9,0
34020,"Morgan City, LA",2019-09-01,1,0,0,0,1,10,1
34020,"Morgan City, LA",2019-11-01,0,1,0,1,2,12,1
34020,"Morgan City, LA",2020-01-01,0,2,0,0,2,14,1
34020,"Morgan City, LA",2020-02-01,0,1,0,0,1,15,1
34020,"Morgan City, LA",2020-04-01,0,3,1,0,4,19,1
34020,"Morgan City, LA",2020-05-01,0,3,1,0,4,23,1
34020,"Morgan City, LA",2020-06-01,1,1,0,0,2,25,2
34020,"Morgan City, LA",2020-07-01,0,4,1,0,5,30,2
34020,"Morgan City, LA",2020-08-01,1,6,0,0,7,37,3
34020,"Morgan City, LA",2020-09-01,1,7,7,0,15,52,4
34020,"Morgan City, LA",2020-10-01,2,5,1,0,8,60,6
34020,"Morgan City, LA",2020-11-01,2,11,2,0,15,75,8
34020,"Morgan City, LA",2020-12-01,1,7,2,0,10,85,9
34020,"Morgan City, LA",2021-01-01,1,3,5,0,9,94,10
34020,"Morgan City, LA",2021-02-01,4,4,4,0,12,106,14
34020,"Morgan City, LA",2021-03-01,5,13,3,1,22,128,19
34020,"Morgan City, LA",2021-04-01,4,16,5,0,25,153,23
34020,"Morgan City, LA",2021-05-01,2,15,1,0,18,171,25
34020,"Morgan City, LA",2021-06-01,4,15,3,0,22,193,29
34020,"Morgan City, LA",2021-07-01,3,12,6,0,21,214,32
34020,"Morgan City, LA",2021-08-01,4,11,4,0,19,233,36
34020,"Morgan City, LA",2021-09-01,2,16,3,1,22,255,38
34020,"Morgan City, LA",2021-10-01,4,5,3,1,13,268,42
34020,"Morgan City, LA",2021-11-01,8,12,3,0,23,291,50
34020,"Morgan City, LA",2021-12-01,7,12,5,0,24,315,57
34020,"Morgan City, LA",2022-01-01,6,14,5,0,25,340,63
34020,"Morgan City, LA",2022-02-01,3,12,5,1,21,361,66
34020,"Morgan City, LA",2022-03-01,6,7,8,1,22,383,72
34020,"Morgan City, LA",2022-04-01,4,13,5,1,23,406,76
34020,"Morgan City, LA",2022-05-01,4,14,6,0,24,430,80
34020,"Morgan City, LA",2022-06-01,1,10,4,0,15,445,81
34020,"Morgan City, LA",2022-07-01,3,16,5,0,24,469,84
34020,"Morgan City, LA",2022-08-01,8,17,2,0,27,496,92
34020,"Morgan City, LA",2022-09-01,3,7,4,0,14,510,95
34020,"Morgan City, LA",2022-10-01,4,9,5,0,18,528,99
34020,"Morgan City, LA",2022-11-01,6,15,5,0,26,554,105
34020,"Morgan City, LA",2022-12-01,4,8,5,0,17,571,109
34020,"Morgan City, LA",2023-01-01,4,10,3,0,17,588,113
34020,"Morgan City, LA",2023-02-01,10,12,3,0,25,613,123
34020,"Morgan City, LA",2023-03-01,11,19,4,0,34,647,134
34020,"Morgan City, LA",2023-04-01,12,14,5,0,31,678,146
34020,"Morgan City, LA",2023-05-01,9,13,9,0,31,709,155
34020,"Morgan City, LA",2023-06-01,4,11,8,0,23,732,159
34020,"Morgan City, LA",2023-07-01,7,9,4,0,20,752,166
34020,"Morgan City, LA",2023-08-01,8,11,8,1,28,780,174
34020,"Morgan City, LA",2023-09-01,6,17,4,0,27,807,180
34020,"Morgan City, LA",2023-10-01,7,17,7,1,32,839,187
34020,"Morgan City, LA",2023-11-01,10,14,3,1,28,867,197
34020,"Morgan City, LA",2023-12-01,10,18,10,1,39,906,207
34020,"Morgan City, LA",2024-01-01,16,13,6,3,38,944,223
34020,"Morgan City, LA",2024-02-01,11,17,3,1,32,976,234
34020,"Morgan City, LA",2024-03-01,23,24,11,0,58,1034,257
34020,"Morgan City, LA",2024-04-01,10,17,5,0,32,1066,267
34020,"Morgan City, LA",2024-05-01,15,15,7,1,38,1104,282
34020,"Morgan City, LA",2024-06-01,14,20,10,1,45,1149,296
34020,"Morgan City, LA",2024-07-01,9,15,7,0,31,1180,305
34020,"Morgan City, LA",2024-08-01,12,16,3,0,31,1211,317
34020,"Morgan City, LA",2024-09-01,13,17,2,2,34,1245,330
34020,"Morgan City, LA",2024-10-01,12,20,5,1,38,1283,342
34020,"Morgan City, LA",2024-11-01,15,22,10,0,47,1330,357
34020,"Morgan City, LA",2024-12-01,15,21,5,0,41,1371,372
34020,"Morgan City, LA",2025-01-01,8,18,4,0,30,1401,380
34020,"Morgan City, LA",2025-02-01,11,11,9,0,31,1432,391
34020,"Morgan City, LA",2025-03-01,16,19,7,2,44,1476,407
34020,"Morgan City, LA",2025-04-01,13,12,9,1,35,1511,420
34020,"Morgan City, LA",2025-05-01,23,17,9,1,50,1561,443
34020,"Morgan City, LA",2025-06-01,14,24,3,2,43,1604,457
34020,"Morgan City, LA",2025-07-01,19,16,10,0,45,1649,476
34020,"Morgan City, LA",2025-08-01,9,20,6,0,35,1684,485
34020,"Morgan City, LA",2025-09-01,0,0,1,0,1,1685,485
22780,"Fort Leonard Wood, MO",2019-01-01,0,0,1,0,1,1,0
22780,"Fort Leonard Wood, MO",2019-02-01,1,0,0,0,1,2,1
22780,"Fort Leonard Wood, MO",2019-04-01,0,3,0,0,3,5,1
22780,"Fort Leonard Wood, MO",2019-05-01,1,1,0,0,2,7,2
22780,"Fort Leonard Wood, MO",2019-06-01,0,2,0,0,2,9,2
22780,"Fort Leonard Wood, MO",2019-07-01,0,3,2,0,5,14,2
22780,"Fort Leonard Wood, MO",2019-08-01,1,0,0,0,1,15,3
22780,"Fort Leonard Wood, MO",2019-09-01,0,3,0,0,3,18,3
22780,"Fort Leonard Wood, MO",2019-10-01,1,0,0,0,1,19,4
22780,"Fort Leonard Wood, MO",2019-11-01,0,1,0,0,1,20,4
22780,"Fort Leonard Wood, MO",2019-12-01,1,3,0,0,4,24,5
22780,"Fort Leonard Wood, MO",2020-02-01,0,1,0,0,1,25,5
22780,"Fort Leonard Wood, MO",2020-03-01,0,1,0,0,1,26,5
22780,"Fort Leonard Wood, MO",2020-04-01,1,3,1,0,5,31,6
22780,"Fort Leonard Wood, MO",2020-05-01,0,3,1,0,4,35,6
22780,"Fort Leonard Wood, MO",2020-06-01,0,5,0,0,5,40,6
22780,"Fort Leonard Wood, MO",2020-07-01,2,7,0,0,9,49,8
22780,"Fort Leonard Wood, MO",2020-08-01,1,3,0,0,4,53,9
22780,"Fort Leonard Wood, MO",2020-09-01,0,6,3,0,9,62,9
22780,"Fort Leonard Wood, MO",2020-10-01,1,1,0,0,2,64,10
22780,"Fort Leonard Wood, MO",2020-11-01,0,3,0,0,3,67,10
22780,"Fort Leonard Wood, MO",2020-12-01,0,2,1,0,3,70,10
22780,"Fort Leonard Wood, MO",2021-01-01,4,1,1,0,6,76,14
22780,"Fort Leonard Wood, MO",2021-02-01,0,2,0,0,2,78,14
22780,"Fort Leonard Wood, MO",2021-03-01,0,4,0,0,4,82,14
22780,"Fort Leonard Wood, MO",2021-04-01,3,9,1,0,13,95,17
22780,"Fort Leonard Wood, MO",2021-05-01,0,4,0,0,4,99,17
22780,"Fort Leonard Wood, MO",2021-06-01,1,5,0,0,6,105,18
22780,"Fort Leonard Wood, MO",2021-07-01,2,5,2,1,10,115,20
22780,"Fort Leonard Wood, MO",2021-08-01,2,7,5,1,15,130,22
22780,"Fort Leonard Wood, MO",2021-09-01,4,16,1,0,21,151,26
22780,"Fort Leonard Wood, MO",2021-10-01,2,17,6,0,25,176,28
22780,"Fort Leonard Wood, MO",2021-11-01,3,22,1,0,26,202,31
22780,"Fort Leonard Wood, MO",2021-12-01,5,15,3,0,23,225,36
22780,"Fort Leonard Wood, MO",2022-01-01,3,29,4,0,36,261,39
22780,"Fort Leonard Wood, MO",2022-02-01,4,16,2,0,22,283,43
22780,"Fort Leonard Wood, MO",2022-03-01,5,17,7,0,29,312,48
22780,"Fort Leonard Wood, MO",2022-04-01,1,15,4,0,20,332,49
22780,"Fort Leonard Wood, MO",2022-05-01,5,17,5,0,27,359,54
22780,"Fort Leonard Wood, MO",2022-06-01,6,11,5,0,22,381,60
22780,"Fort Leonard Wood, MO",2022-07-01,3,9,2,0,14,395,63
22780,"Fort Leonard Wood, MO",2022-08-01,8,17,3,0,28,423,71
22780,"Fort Leonard Wood, MO",2022-09-01,5,21,2,0,28,451,76
22780,"Fort Leonard Wood, MO",2022-10-01,0,11,1,0,12,463,76
22780,"Fort Leonard Wood, MO",2022-11-01,8,13,1,0,22,485,84
22780,"Fort Leonard Wood, MO",2022-12-01,4,12,4,0,20,505,88
22780,"Fort Leonard Wood, MO",2023-01-01,1,9,2,1,13,518,89
22780,"Fort Leonard Wood, MO",2023-02-01,1,16,2,0,19,537,90
22780,"Fort Leonard Wood, MO",2023-03-01,2,13,3,0,18,555,92
22780,"Fort Leonard Wood, MO",2023-04-01,6,7,1,0,14,569,98
22780,"Fort Leonard Wood, MO",2023-05-01,2,11,1,1,15,584,100
22780,"Fort Leonard Wood, MO",2023-06-01,6,10,6,0,22,606,106
22780,"Fort Leonard Wood, MO",2023-07-01,1,15,4,0,20,626,107
22780,"Fort Leonard Wood, MO",2023-08-01,4,4,2,0,10,636,111
22780,"Fort Leonard Wood, MO",2023-09-01,9,9,2,0,20,656,120
22780,"Fort Leonard Wood, MO",2023-10-01,6,12,4,0,22,678,126
22780,"Fort Leonard Wood, MO",2023-11-01,4,11,2,0,17,695,130
22780,"Fort Leonard Wood, MO",2023-12-01,6,12,3,0,21,716,136
22780,"Fort Leonard Wood, MO",2024-01-01,6,11,1,0,18,734,142
22780,"Fort Leonard Wood, MO",2024-02-01,9,9,2,0,20,754,151
22780,"Fort Leonard Wood, MO",2024-03-01,7,15,2,0,24,778,158
22780,"Fort Leonard Wood, MO",2024-04-01,6,8,0,0,14,792,164
22780,"Fort Leonard Wood, MO",2024-05-01,4,5,1,0,10,802,168
22780,"Fort Leonard Wood, MO",2024-06-01,10,8,1,0,19,821,178
22780,"Fort Leonard Wood, MO",2024-07-01,3,6,0,0,9,830,181
22780,"Fort Leonard Wood, MO",2024-08-01,1,5,1,0,7,837,182
22780,"Fort Leonard Wood, MO",2024-09-01,5,8,0,0,13,850,187
22780,"Fort Leonard Wood, MO",2024-10-01,9,10,0,0,19,869,196
22780,"Fort Leonard Wood, MO",2024-11-01,7,18,1,0,26,895,203
22780,"Fort Leonard Wood, MO",2024-12-01,15,15,4,1,35,930,218
22780,"Fort Leonard Wood, MO",2025-01-01,6,17,7,0,30,960,224
22780,"Fort Leonard Wood, MO",2025-02-01,9,9,1,0,19,979,233
22780,"Fort Leonard Wood, MO",2025-03-01,8,10,2,0,20,999,241
22780,"Fort Leonard Wood, MO",2025-04-01,9,13,4,0,26,1025,250
22780,"Fort Leonard Wood, MO",2025-05-01,8,17,3,0,28,1053,258
22780,"Fort Leonard Wood, MO",2025-06-01,7,15,2,0,24,1077,265
22780,"Fort Leonard Wood, MO",2025-07-01,6,9,3,1,19,1096,271
22780,"Fort Leonard Wood, MO",2025-08-01,6,6,3,0,15,1111,277
18140,"Columbus, OH",2019-01-01,14,605,203,20,842,842,14
18140,"Columbus, OH",2019-02-01,23,595,175,20,813,1655,37
18140,"Columbus, OH",2019-03-01,31,692,242,33,998,2653,68
18140,"Columbus, OH",2019-04-01,32,845,258,23,1158,3811,100
18140,"Columbus, OH",2019-05-01,41,831,196,20,1088,4899,141
18140,"Columbus, OH",2019-06-01,22,544,124,14,704,5603,163
18140,"Columbus, OH",2019-07-01,54,536,154,18,762,6365,217
18140,"Columbus, OH",2019-08-01,18,365,77,10,470,6835,235
18140,"Columbus, OH",2019-09-01,60,687,135,21,903,7738,295
18140,"Columbus, OH",2019-10-01,84,674,136,11,905,8643,379
18140,"Columbus, OH",2019-11-01,69,455,95,4,623,9266,448
18140,"Columbus, OH",2019-12-01,66,368,68,6,508,9774,514
18140,"Columbus, OH",2020-01-01,151,716,176,13,1056,10830,665
18140,"Columbus, OH",2020-02-01,113,590,138,8,849,11679,778
18140,"Columbus, OH",2020-03-01,146,676,145,11,978,12657,924
18140,"Columbus, OH",2020-04-01,587,1552,322,36,2497,15154,1511
18140,"Columbus, OH",2020-05-01,940,2051,308,27,3326,18480,2451
18140,"Columbus, OH",2020-06-01,567,1475,214,21,2277,20757,3018
18140,"Columbus, OH",2020-07-01,635,1774,314,25,2748,23505,3653
18140,"Columbus, OH",2020-08-01,506,1920,338,45,2809,26314,4159
18140,"Columbus, OH",2020-09-01,471,1612,328,31,2442,28756,4630
18140,"Columbus, OH",2020-10-01,471,1632,323,27,2453,31209,5101
18140,"Columbus, OH",2020-11-01,439,1369,265,29,2102,33311,5540
18140,"Columbus, OH",2020-12-01,678,1484,311,31,2504,35815,6218
18140,"Columbus, OH",2021-01-01,860,1884,426,38,3208,39023,7078
18140,"Columbus, OH",2021-02-01,589,1517,344,29,2479,41502,7667
18140,"Columbus, OH",2021-03-01,584,1534,360,36,2514,44016,8251
18140,"Columbus, OH",2021-04-01,656,1672,393,40,2761,46777,8907
18140,"Columbus, OH",2021-05-01,704,1622,376,40,2742,49519,9611
18140,"Columbus, OH",2021-06-01,556,1402,316,35,2309,51828,10167
18140,"Columbus, OH",2021-07-01,491,1422,299,35,2247,54075,10658
18140,"Columbus, OH",2021-08-01,544,1750,399,51,2744,56819,11202
18140,"Columbus, OH",2021-09-01,520,1797,520,56,2893,59712,11722
18140,"Columbus, OH",2021-10-01,478,1554,448,54,2534,62246,12200
18140,"Columbus, OH",2021-11-01,536,1468,379,34,2417,64663,12736
18140,"Columbus, OH",2021-12-01,812,1479,397,35,2723,67386,13548
18140,"Columbus, OH",2022-01-01,700,1757,467,45,2969,70355,14248
18140,"Columbus, OH",2022-02-01,583,1172,323,37,2115,72470,14831
18140,"Columbus, OH",2022-03-01,655,1385,402,43,2485,74955,15486
18140,"Columbus, OH",2022-04-01,563,1438,410,39,2450,77405,16049
18140,"Columbus, OH",2022-05-01,665,1339,365,25,2394,79799,16714
18140,"Columbus, OH",2022-06-01,429,864,244,20,1557,81356,17143
18140,"Columbus, OH",2022-07-01,534,955,298,26,1813,83169,17677
18140,"Columbus, OH",2022-08-01,488,1068,305,31,1892,85061,18165
18140,"Columbus, OH",2022-09-01,454,1086,340,40,1920,86981,18619
18140,"Columbus, OH",2022-10-01,462,990,303,29,1784,88765,19081
18140,"Columbus, OH",2022-11-01,534,1052,351,34,1971,90736,19615
18140,"Columbus, OH",2022-12-01,686,1006,308,40,2040,92776,20301
18140,"Columbus, OH",2023-01-01,641,1193,391,45,2270,95046,20942
18140,"Columbus, OH",2023-02-01,554,922,333,32,1841,96887,21496
18140,"Columbus, OH",2023-03-01,711,1169,351,44,2275,99162,22207
18140,"Columbus, OH",2023-04-01,500,996,314,26,1836,100998,22707
18140,"Columbus, OH",2023-05-01,345,603,168,13,1129,102127,23052
18140,"Columbus, OH",2023-06-01,247,399,112,13,771,102898,23299
18140,"Columbus, OH",2023-07-01,230,470,104,10,814,103712,23529
18140,"Columbus, OH",2023-08-01,191,468,127,11,797,104509,23720
18140,"Columbus, OH",2023-09-01,347,745,224,12,1328,105837,24067
18140,"Columbus, OH",2023-10-01,585,1178,349,35,2147,107984,24652
18140,"Columbus, OH",2023-11-01,628,1076,375,41,2120,110104,25280
18140,"Columbus, OH",2023-12-01,783,1111,350,31,2275,112379,26063
18140,"Columbus, OH",2024-01-01,683,1224,337,35,2279,114658,26746
18140,"Columbus, OH",2024-02-01,580,1075,336,48,2039,116697,27326
18140,"Columbus, OH",2024-03-01,613,914,279,35,1841,118538,27939
18140,"Columbus, OH",2024-04-01,521,864,251,28,1664,120202,28460
18140,"Columbus, OH",2024-05-01,517,891,261,26,1695,121897,28977
18140,"Columbus, OH",2024-06-01,458,867,237,21,1583,123480,29435
18140,"Columbus, OH",2024-07-01,397,827,238,32,1494,124974,29832
18140,"Columbus, OH",2024-08-01,229,612,130,38,1009,125983,30061
18140,"Columbus, OH",2024-09-01,386,872,197,33,1488,127471,30447
18140,"Columbus, OH",2024-10-01,682,1113,277,25,2097,129568,31129
18140,"Columbus, OH",2024-11-01,684,1074,256,26,2040,131608,31813
18140,"Columbus, OH",2024-12-01,866,1013,225,31,2135,133743,32679
18140,"Columbus, OH",2025-01-01,648,971,242,21,1882,135625,33327
18140,"Columbus, OH",2025-02-01,645,945,222,27,1839,137464,33972
18140,"Columbus, OH",2025-03-01,718,976,263,48,2005,139469,34690
18140,"Columbus, OH",2025-04-01,739,928,215,22,1904,141373,35429
18140,"Columbus, OH",2025-05-01,807,866,211,18,1902,143275,36236
18140,"Columbus, OH",2025-06-01,582,619,142,12,1355,144630,36818
18140,"Columbus, OH",2025-07-01,575,627,151,14,1367,145997,37393
18140,"Columbus, OH",2025-08-01,595,673,166,20,1454,147451,37988
18140,"Columbus, OH",2025-09-01,19,24,6,0,49,147500,38007
28100,"Kankakee, IL",2019-01-01,0,7,0,0,7,7,0
28100,"Kankakee, IL",2019-02-01,0,13,3,0,16,23,0
28100,"Kankakee, IL",2019-03-01,2,24,12,0,38,61,2
28100,"Kankakee, IL",2019-04-01,1,21,5,0,27,88,3
28100,"Kankakee, IL",2019-05-01,2,18,5,2,27,115,5
28100,"Kankakee, IL",2019-06-01,0,13,6,0,19,134,5
28100,"Kankakee, IL",2019-07-01,0,12,3,1,16,150,5
28100,"Kankakee, IL",2019-08-01,2,10,8,0,20,170,7
28100,"Kankakee, IL",2019-09-01,2,16,6,1,25,195,9
28100,"Kankakee, IL",2019-10-01,2,12,3,0,17,212,11
28100,"Kankakee, IL",2019-11-01,1,18,7,0,26,238,12
28100,"Kankakee, IL",2019-12-01,4,15,2,0,21,259,16
28100,"Kankakee, IL",2020-01-01,4,18,4,0,26,285,20
28100,"Kankakee, IL",2020-02-01,3,12,6,1,22,307,23
28100,"Kankakee, IL",2020-03-01,8,31,9,1,49,356,31
28100,"Kankakee, IL",2020-04-01,11,50,7,0,68,424,42
28100,"Kankakee, IL",2020-05-01,16,42,7,1,66,490,58
28100,"Kankakee, IL",2020-06-01,12,37,7,1,57,547,70
28100,"Kankakee, IL",2020-07-01,19,54,7,1,81,628,89
28100,"Kankakee, IL",2020-08-01,10,41,9,1,61,689,99
28100,"Kankakee, IL",2020-09-01,16,29,8,0,53,742,115
28100,"Kankakee, IL",2020-10-01,20,24,3,1,48,790,135
28100,"Kankakee, IL",2020-11-01,7,26,8,0,41,831,142
28100,"Kankakee, IL",2020-12-01,18,29,5,0,52,883,160
28100,"Kankakee, IL",2021-01-01,25,61,7,0,93,976,185
28100,"Kankakee, IL",2021-02-01,28,54,10,0,92,1068,213
28100,"Kankakee, IL",2021-03-01,31,71,9,2,113,1181,244
28100,"Kankakee, IL",2021-04-01,26,43,12,1,82,1263,270
28100,"Kankakee, IL",2021-05-01,25,52,10,2,89,1352,295
28100,"Kankakee, IL",2021-06-01,19,60,4,1,84,1436,314
28100,"Kankakee, IL",2021-07-01,14,43,7,1,65,1501,328
28100,"Kankakee, IL",2021-08-01,19,43,6,1,69,1570,347
28100,"Kankakee, IL",2021-09-01,11,50,9,1,71,1641,358
28100,"Kankakee, IL",2021-10-01,15,36,11,1,63,1704,373
28100,"Kankakee, IL",2021-11-01,10,43,13,2,68,1772,383
28100,"Kankakee, IL",2021-12-01,22,45,10,1,78,1850,405
28100,"Kankakee, IL",2022-01-01,32,63,9,2,106,1956,437
28100,"Kankakee, IL",2022-02-01,26,32,7,0,65,2021,463
28100,"Kankakee, IL",2022-03-01,12,42,14,2,70,2091,475
28100,"Kankakee, IL",2022-04-01,11,33,12,0,56,2147,486
28100,"Kankakee, IL",2022-05-01,30,36,12,1,79,2226,516
28100,"Kankakee, IL",2022-06-01,14,36,7,0,57,2283,530
28100,"Kankakee, IL",2022-07-01,20,30,7,0,57,2340,550
28100,"Kankakee, IL",2022-08-01,14,42,11,3,70,2410,564
28100,"Kankakee, IL",2022-09-01,26,27,12,1,66,2476,590
28100,"Kankakee, IL",2022-10-01,24,23,8,1,56,2532,614
28100,"Kankakee, IL",2022-11-01,32,44,8,2,86,2618,646
28100,"Kankakee, IL",2022-12-01,30,32,8,0,70,2688,676
28100,"Kankakee, IL",2023-01-01,22,35,13,1,71,2759,698
28100,"Kankakee, IL",2023-02-01,17,25,10,1,53,2812,715
28100,"Kankakee, IL",2023-03-01,33,37,13,0,83,2895,748
28100,"Kankakee, IL",2023-04-01,21,35,11,0,67,2962,769
28100,"Kankakee, IL",2023-05-01,16,18,8,0,42,3004,785
28100,"Kankakee, IL",2023-06-01,7,16,7,0,30,3034,792
28100,"Kankakee, IL",2023-07-01,12,18,6,1,37,3071,804
28100,"Kankakee, IL",2023-08-01,16,22,10,0,48,3119,820
28100,"Kankakee, IL",2023-09-01,21,36,9,1,67,3186,841
28100,"Kankakee, IL",2023-10-01,40,43,10,0,93,3279,881
28100,"Kankakee, IL",2023-11-01,42,55,12,2,111,3390,923
28100,"Kankakee, IL",2023-12-01,38,31,13,1,83,3473,961
28100,"Kankakee, IL",2024-01-01,39,39,9,2,89,3562,1000
28100,"Kankakee, IL",2024-02-01,36,36,17,0,89,3651,1036
28100,"Kankakee, IL",2024-03-01,45,53,13,0,111,3762,1081
28100,"Kankakee, IL",2024-04-01,33,56,12,0,101,3863,1114
28100,"Kankakee, IL",2024-05-01,31,32,10,1,74,3937,1145
28100,"Kankakee, IL",2024-06-01,26,27,11,0,64,4001,1171
28100,"Kankakee, IL",2024-07-01,22,23,6,0,51,4052,1193
28100,"Kankakee, IL",2024-08-01,5,23,5,0,33,4085,1198
28100,"Kankakee, IL",2024-09-01,26,29,7,0,62,4147,1224
28100,"Kankakee, IL",2024-10-01,33,47,9,1,90,4237,1257
28100,"Kankakee, IL",2024-11-01,42,46,14,0,102,4339,1299
28100,"Kankakee, IL",2024-12-01,31,32,9,0,72,4411,1330
28100,"Kankakee, IL",2025-01-01,28,41,12,0,81,4492,1358
28100,"Kankakee, IL",2025-02-01,27,40,10,0,77,4569,1385
28100,"Kankakee, IL",2025-03-01,34,33,12,0,79,4648,1419
28100,"Kankakee, IL",2025-04-01,20,30,7,1,58,4706,1439
28100,"Kankakee, IL",2025-05-01,17,27,4,1,49,4755,1456
28100,"Kankakee, IL",2025-06-01,35,35,10,1,81,4836,1491
28100,"Kankakee, IL",2025-07-01,24,25,9,0,58,4894,1515
28100,"Kankakee, IL",2025-08-01,22,28,6,1,57,4951,1537
28100,"Kankakee, IL",2025-09-01,0,0,1,0,1,4952,1537
46780,"Van Wert, OH",2019-01-01,0,0,1,0,1,1,0
46780,"Van Wert, OH",2019-03-01,0,0,1,0,1,2,0
46780,"Van Wert, OH",2019-04-01,0,1,0,0,1,3,0
46780,"Van Wert, OH",2019-05-01,0,1,0,0,1,4,0
46780,"Van Wert, OH",2019-06-01,0,1,3,0,4,8,0
46780,"Van Wert, OH",2019-08-01,1,1,0,0,2,10,1
46780,"Van Wert, OH",2019-09-01,0,1,2,0,3,13,1
46780,"Van Wert, OH",2019-11-01,1,2,0,0,3,16,2
46780,"Van Wert, OH",2020-01-01,1,2,0,0,3,19,3
46780,"Van Wert, OH",2020-02-01,0,2,1,0,3,22,3
46780,"Van Wert, OH",2020-03-01,1,2,3,0,6,28,4
46780,"Van Wert, OH",2020-04-01,0,3,0,0,3,31,4
46780,"Van Wert, OH",2020-05-01,4,5,2,0,11,42,8
46780,"Van Wert, OH",2020-06-01,0,7,1,0,8,50,8
46780,"Van Wert, OH",2020-07-01,0,2,0,0,2,52,8
46780,"Van Wert, OH",2020-08-01,1,2,4,0,7,59,9
46780,"Van Wert, OH",2020-09-01,2,3,1,1,7,66,11
46780,"Van Wert, OH",2020-10-01,3,3,2,0,8,74,14
46780,"Van Wert, OH",2020-11-01,1,1,2,0,4,78,15
46780,"Van Wert, OH",2020-12-01,0,5,1,0,6,84,15
46780,"Van Wert, OH",2021-01-01,3,7,1,0,11,95,18
46780,"Van Wert, OH",2021-02-01,3,5,2,0,10,105,21
46780,"Van Wert, OH",2021-03-01,0,5,0,0,5,110,21
46780,"Van Wert, OH",2021-04-01,2,8,4,0,14,124,23
46780,"Van Wert, OH",2021-05-01,2,4,4,0,10,134,25
46780,"Van Wert, OH",2021-06-01,6,22,2,0,30,164,31
46780,"Van Wert, OH",2021-07-01,9,24,8,0,41,205,40
46780,"Van Wert, OH",2021-08-01,4,15,3,2,24,229,44
46780,"Van Wert, OH",2021-09-01,7,20,7,0,34,263,51
46780,"Van Wert, OH",2021-10-01,7,13,5,1,26,289,58
46780,"Van Wert, OH",2021-11-01,5,15,4,0,24,313,63
46780,"Van Wert, OH",2021-12-01,7,18,2,0,27,340,70
46780,"Van Wert, OH",2022-01-01,9,19,8,0,36,376,79
46780,"Van Wert, OH",2022-02-01,5,12,2,1,20,396,84
46780,"Van Wert, OH",2022-03-01,10,9,4,0,23,419,94
46780,"Van Wert, OH",2022-04-01,10,14,5,0,29,448,104
46780,"Van Wert, OH",2022-05-01,9,11,6,0,26,474,113
46780,"Van Wert, OH",2022-06-01,4,8,3,1,16,490,117
46780,"Van Wert, OH",2022-07-01,4,7,6,1,18,508,121
46780,"Van Wert, OH",2022-08-01,8,8,3,0,19,527,129
46780,"Van Wert, OH",2022-09-01,4,12,2,0,18,545,133
46780,"Van Wert, OH",2022-10-01,4,10,0,0,14,559,137
46780,"Van Wert, OH",2022-11-01,6,7,6,0,19,578,143
46780,"Van Wert, OH",2022-12-01,6,6,3,0,15,593,149
46780,"Van Wert, OH",2023-01-01,7,14,3,0,24,617,156
46780,"Van Wert, OH",2023-02-01,6,11,3,0,20,637,162
46780,"Van Wert, OH",2023-03-01,9,11,3,1,24,661,171
46780,"Van Wert, OH",2023-04-01,5,11,7,0,23,684,176
46780,"Van Wert, OH",2023-05-01,5,8,5,0,18,702,181
46780,"Van Wert, OH",2023-06-01,8,5,2,1,16,718,189
46780,"Van Wert, OH",2023-07-01,7,12,6,1,26,744,196
46780,"Van Wert, OH",2023-08-01,5,10,1,1,17,761,201
46780,"Van Wert, OH",2023-09-01,9,11,2,0,22,783,210
46780,"Van Wert, OH",2023-10-01,10,11,8,1,30,813,220
46780,"Van Wert, OH",2023-11-01,6,13,3,0,22,835,226
46780,"Van Wert, OH",2023-12-01,10,9,9,0,28,863,236
46780,"Van Wert, OH",2024-01-01,10,15,7,0,32,895,246
46780,"Van Wert, OH",2024-02-01,19,12,5,1,37,932,265
46780,"Van Wert, OH",2024-03-01,8,13,9,1,31,963,273
46780,"Van Wert, OH",2024-04-01,4,10,1,0,15,978,277
46780,"Van Wert, OH",2024-05-01,13,7,7,1,28,1006,290
46780,"Van Wert, OH",2024-06-01,5,13,4,0,22,1028,295
46780,"Van Wert, OH",2024-07-01,7,13,3,0,23,1051,302
46780,"Van Wert, OH",2024-08-01,6,14,3,0,23,1074,308
46780,"Van Wert, OH",2024-09-01,12,16,2,0,30,1104,320
46780,"Van Wert, OH",2024-10-01,11,15,2,0,28,1132,331
46780,"Van Wert, OH",2024-11-01,13,8,2,0,23,1155,344
46780,"Van Wert, OH",2024-12-01,14,12,7,1,34,1189,358
46780,"Van Wert, OH",2025-01-01,6,10,4,0,20,1209,364
46780,"Van Wert, OH",2025-02-01,8,15,2,0,25,1234,372
46780,"Van Wert, OH",2025-03-01,8,9,3,0,20,1254,380
46780,"Van Wert, OH",2025-04-01,9,11,1,0,21,1275,389
46780,"Van Wert, OH",2025-05-01,10,10,3,0,23,1298,399
46780,"Van Wert, OH",2025-06-01,16,13,4,0,33,1331,415
46780,"Van Wert, OH",2025-07-01,14,14,3,1,32,1363,429
46780,"Van Wert, OH",2025-08-01,7,10,2,0,19,1382,436
48260,"Weirton-Steubenville, WV-OH",2019-01-01,0,2,1,0,3,3,0
48260,"Weirton-Steubenville, WV-OH",2019-02-01,0,8,3,2,13,16,0
48260,"Weirton-Steubenville, WV-OH",2019-03-01,1,9,2,0,12,28,1
48260,"Weirton-Steubenville, WV-OH",2019-04-01,0,17,8,0,25,53,1
48260,"Weirton-Steubenville, WV-OH",2019-05-01,1,23,8,0,32,85,2
48260,"Weirton-Steubenville, WV-OH",2019-06-01,0,26,4,0,30,115,2
48260,"Weirton-Steubenville, WV-OH",2019-07-01,6,25,3,0,34,149,8
48260,"Weirton-Steubenville, WV-OH",2019-08-01,1,20,5,0,26,175,9
48260,"Weirton-Steubenville, WV-OH",2019-09-01,0,21,5,0,26,201,9
48260,"Weirton-Steubenville, WV-OH",2019-10-01,2,19,2,0,23,224,11
48260,"Weirton-Steubenville, WV-OH",2019-11-01,2,13,2,0,17,241,13
48260,"Weirton-Steubenville, WV-OH",2019-12-01,0,15,2,0,17,258,13
48260,"Weirton-Steubenville, WV-OH",2020-01-01,0,14,7,0,21,279,13
48260,"Weirton-Steubenville, WV-OH",2020-02-01,4,10,4,2,20,299,17
48260,"Weirton-Steubenville, WV-OH",2020-03-01,6,13,8,0,27,326,23
48260,"Weirton-Steubenville, WV-OH",2020-04-01,8,41,14,1,64,390,31
48260,"Weirton-Steubenville, WV-OH",2020-05-01,21,71,13,1,106,496,52
48260,"Weirton-Steubenville, WV-OH",2020-06-01,14,60,6,1,81,577,66
48260,"Weirton-Steubenville, WV-OH",2020-07-01,14,47,9,1,71,648,80
48260,"Weirton-Steubenville, WV-OH",2020-08-01,18,75,12,0,105,753,98
48260,"Weirton-Steubenville, WV-OH",2020-09-01,13,56,13,1,83,836,111
48260,"Weirton-Steubenville, WV-OH",2020-10-01,7,40,7,0,54,890,118
48260,"Weirton-Steubenville, WV-OH",2020-11-01,6,29,9,1,45,935,124
48260,"Weirton-Steubenville, WV-OH",2020-12-01,9,21,8,1,39,974,133
48260,"Weirton-Steubenville, WV-OH",2021-01-01,35,55,15,0,105,1079,168
48260,"Weirton-Steubenville, WV-OH",2021-02-01,16,65,16,3,100,1179,184
48260,"Weirton-Steubenville, WV-OH",2021-03-01,17,40,13,2,72,1251,201
48260,"Weirton-Steubenville, WV-OH",2021-04-01,16,51,10,0,77,1328,217
48260,"Weirton-Steubenville, WV-OH",2021-05-01,35,76,17,1,129,1457,252
48260,"Weirton-Steubenville, WV-OH",2021-06-01,14,68,20,0,102,1559,266
48260,"Weirton-Steubenville, WV-OH",2021-07-01,7,30,6,0,43,1602,273
48260,"Weirton-Steubenville, WV-OH",2021-08-01,10,37,6,3,56,1658,283
48260,"Weirton-Steubenville, WV-OH",2021-09-01,11,40,8,2,61,1719,294
48260,"Weirton-Steubenville, WV-OH",2021-10-01,9,31,6,0,46,1765,303
48260,"Weirton-Steubenville, WV-OH",2021-11-01,10,22,7,0,39,1804,313
48260,"Weirton-Steubenville, WV-OH",2021-12-01,9,31,11,0,51,1855,322
48260,"Weirton-Steubenville, WV-OH",2022-01-01,24,62,11,0,97,1952,346
48260,"Weirton-Steubenville, WV-OH",2022-02-01,17,36,12,0,65,2017,363
48260,"Weirton-Steubenville, WV-OH",2022-03-01,19,49,19,2,89,2106,382
48260,"Weirton-Steubenville, WV-OH",2022-04-01,8,43,9,2,62,2168,390
48260,"Weirton-Steubenville, WV-OH",2022-05-01,12,48,10,0,70,2238,402
48260,"Weirton-Steubenville, WV-OH",2022-06-01,12,22,12,0,46,2284,414
48260,"Weirton-Steubenville, WV-OH",2022-07-01,14,28,13,0,55,2339,428
48260,"Weirton-Steubenville, WV-OH",2022-08-01,20,39,12,1,72,2411,448
48260,"Weirton-Steubenville, WV-OH",2022-09-01,12,35,12,0,59,2470,460
48260,"Weirton-Steubenville, WV-OH",2022-10-01,17,33,11,0,61,2531,477
48260,"Weirton-Steubenville, WV-OH",2022-11-01,19,39,10,1,69,2600,496
48260,"Weirton-Steubenville, WV-OH",2022-12-01,19,33,13,2,67,2667,515
48260,"Weirton-Steubenville, WV-OH",2023-01-01,23,36,10,1,70,2737,538
48260,"Weirton-Steubenville, WV-OH",2023-02-01,20,30,10,1,61,2798,558
48260,"Weirton-Steubenville, WV-OH",2023-03-01,25,46,18,1,90,2888,583
48260,"Weirton-Steubenville, WV-OH",2023-04-01,20,41,14,1,76,2964,603
48260,"Weirton-Steubenville, WV-OH",2023-05-01,21,31,11,2,65,3029,624
48260,"Weirton-Steubenville, WV-OH",2023-06-01,8,21,8,2,39,3068,632
48260,"Weirton-Steubenville, WV-OH",2023-07-01,20,21,8,1,50,3118,652
48260,"Weirton-Steubenville, WV-OH",2023-08-01,14,25,5,1,45,3163,666
48260,"Weirton-Steubenville, WV-OH",2023-09-01,11,16,11,1,39,3202,677
48260,"Weirton-Steubenville, WV-OH",2023-10-01,22,42,12,3,79,3281,699
48260,"Weirton-Steubenville, WV-OH",2023-11-01,33,36,10,2,81,3362,732
48260,"Weirton-Steubenville, WV-OH",2023-12-01,38,45,13,1,97,3459,770
48260,"Weirton-Steubenville, WV-OH",2024-01-01,46,55,25,1,127,3586,816
48260,"Weirton-Steubenville, WV-OH",2024-02-01,37,40,14,2,93,3679,853
48260,"Weirton-Steubenville, WV-OH",2024-03-01,37,39,16,2,94,3773,890
48260,"Weirton-Steubenville, WV-OH",2024-04-01,33,27,19,1,80,3853,923
48260,"Weirton-Steubenville, WV-OH",2024-05-01,35,45,18,0,98,3951,958
48260,"Weirton-Steubenville, WV-OH",2024-06-01,40,49,13,0,102,4053,998
48260,"Weirton-Steubenville, WV-OH",2024-07-01,22,42,19,3,86,4139,1020
48260,"Weirton-Steubenville, WV-OH",2024-08-01,36,50,13,0,99,4238,1056
48260,"Weirton-Steubenville, WV-OH",2024-09-01,28,50,17,1,96,4334,1084
48260,"Weirton-Steubenville, WV-OH",2024-10-01,40,43,24,3,110,4444,1124
48260,"Weirton-Steubenville, WV-OH",2024-11-01,27,42,23,1,93,4537,1151
48260,"Weirton-Steubenville, WV-OH",2024-12-01,34,44,11,3,92,4629,1185
48260,"Weirton-Steubenville, WV-OH",2025-01-01,39,45,11,1,96,4725,1224
48260,"Weirton-Steubenville, WV-OH",2025-02-01,27,25,11,3,66,4791,1251
48260,"Weirton-Steubenville, WV-OH",2025-03-01,37,36,10,2,85,4876,1288
48260,"Weirton-Steubenville, WV-OH",2025-04-01,30,42,15,0,87,4963,1318
48260,"Weirton-Steubenville, WV-OH",2025-05-01,46,44,19,3,112,5075,1364
48260,"Weirton-Steubenville, WV-OH",2025-06-01,34,43,12,1,90,5165,1398
48260,"Weirton-Steubenville, WV-OH",2025-07-01,30,39,24,1,94,5259,1428
48260,"Weirton-Steubenville, WV-OH",2025-08-01,27,42,13,1,83,5342,1455
48260,"Weirton-Steubenville, WV-OH",2025-09-01,0,1,1,0,2,5344,1455
47900,"Washington-Arlington-Alexandria, DC-VA-MD-WV",2019-01-01,16,845,231,18,1110,1110,16
47900,"Washington-Arlington-Alexandria, DC-VA-MD-WV",2019-02-01,24,809,236,26,1095,2205,40
47900,"Washington-Arlington-Alexandria, DC-VA-MD-WV",2019-03-01,33,1088,259,33,1413,3618,73
47900,"Washington-Arlington-Alexandria, DC-VA-MD-WV",2019-04-01,33,1210,222,31,1496,5114,106
47900,"Washington-Arlington-Alexandria, DC-VA-MD-WV",2019-05-01,65,1216,231,18,1530,6644,171
47900,"Washington-Arlington-Alexandria, DC-VA-MD-WV",2019-06-01,51,970,190,18,1229,7873,222
47900,"Washington-Arlington-Alexandria, DC-VA-MD-WV",2019-07-01,77,1055,208,16,1356,9229,299
47900,"Washington-Arlington-Alexandria, DC-VA-MD-WV",2019-08-01,71,1249,284,26,1630,10859,370
47900,"Washington-Arlington-Alexandria, DC-VA-MD-WV",2019-09-01,83,1140,260,17,1500,12359,453
47900,"Washington-Arlington-Alexandria, DC-VA-MD-WV",2019-10-01,60,1067,215,25,1367,13726,513
47900,"Washington-Arlington-Alexandria, DC-VA-MD-WV",2019-11-01,88,981,241,28,1338,15064,601
47900,"Washington-Arlington-Alexandria, DC-VA-MD-WV",2019-12-01,109,1062,221,24,1416,16480,710
47900,"Washington-Arlington-Alexandria, DC-VA-MD-WV",2020-01-01,138,1308,307,35,1788,18268,848
47900,"Washington-Arlington-Alexandria, DC-VA-MD-WV",2020-02-01,113,1050,237,38,1438,19706,961
47900,"Washington-Arlington-Alexandria, DC-VA-MD-WV",2020-03-01,152,1235,373,46,1806,21512,1113
47900,"Washington-Arlington-Alexandria, DC-VA-MD-WV",2020-04-01,414,2411,707,98,3630,25142,1527
47900,"Washington-Arlington-Alexandria, DC-VA-MD-WV",2020-05-01,1131,3211,760,128,5230,30372,2658
47900,"Washington-Arlington-Alexandria, DC-VA-MD-WV",2020-06-01,741,2137,401,45,3324,33696,3399
47900,"Washington-Arlington-Alexandria, DC-VA-MD-WV",2020-07-01,825,2744,549,66,4184,37880,4224
47900,"Washington-Arlington-Alexandria, DC-VA-MD-WV",2020-08-01,652,3215,678,86,4631,42511,4876
47900,"Washington-Arlington-Alexandria, DC-VA-MD-WV",2020-09-01,477,2742,603,87,3909,46420,5353
47900,"Washington-Arlington-Alexandria, DC-VA-MD-WV",2020-10-01,394,2161,465,64,3084,49504,5747
47900,"Washington-Arlington-Alexandria, DC-VA-MD-WV",2020-11-01,216,1200,294,29,1739,51243,5963
47900,"Washington-Arlington-Alexandria, DC-VA-MD-WV",2020-12-01,269,982,213,22,1486,52729,6232
47900,"Washington-Arlington-Alexandria, DC-VA-MD-WV",2021-01-01,711,2464,583,83,3841,56570,6943
47900,"Washington-Arlington-Alexandria, DC-VA-MD-WV",2021-02-01,579,2197,525,69,3370,59940,7522
47900,"Washington-Arlington-Alexandria, DC-VA-MD-WV",2021-03-01,802,2670,669,84,4225,64165,8324
47900,"Washington-Arlington-Alexandria, DC-VA-MD-WV",2021-04-01,757,2600,643,87,4087,68252,9081
47900,"Washington-Arlington-Alexandria, DC-VA-MD-WV",2021-05-01,1153,3167,636,76,5032,73284,10234
47900,"Washington-Arlington-Alexandria, DC-VA-MD-WV",2021-06-01,846,2899,569,68,4382,77666,11080
47900,"Washington-Arlington-Alexandria, DC-VA-MD-WV",2021-07-01,833,2736,552,70,4191,81857,11913
47900,"Washington-Arlington-Alexandria, DC-VA-MD-WV",2021-08-01,618,2536,573,58,3785,85642,12531
47900,"Washington-Arlington-Alexandria, DC-VA-MD-WV",2021-09-01,620,2735,724,95,4174,89816,13151
47900,"Washington-Arlington-Alexandria, DC-VA-MD-WV",2021-10-01,503,2133,570,71,3277,93093,13654
47900,"Washington-Arlington-Alexandria, DC-VA-MD-WV",2021-11-01,619,2353,538,57,3567,96660,14273
47900,"Washington-Arlington-Alexandria, DC-VA-MD-WV",2021-12-01,1062,2438,620,66,4186,100846,15335
47900,"Washington-Arlington-Alexandria, DC-VA-MD-WV",2022-01-01,902,2836,766,87,4591,105437,16237
47900,"Washington-Arlington-Alexandria, DC-VA-MD-WV",2022-02-01,416,1652,489,69,2626,108063,16653
47900,"Washington-Arlington-Alexandria, DC-VA-MD-WV",2022-03-01,406,1750,516,48,2720,110783,17059
47900,"Washington-Arlington-Alexandria, DC-VA-MD-WV",2022-04-01,466,1829,499,61,2855,113638,17525
47900,"Washington-Arlington-Alexandria, DC-VA-MD-WV",2022-05-01,809,2276,596,87,3768,117406,18334
47900,"Washington-Arlington-Alexandria, DC-VA-MD-WV",2022-06-01,482,1477,365,40,2364,119770,18816
47900,"Washington-Arlington-Alexandria, DC-VA-MD-WV",2022-07-01,409,1525,379,41,2354,122124,19225
47900,"Washington-Arlington-Alexandria, DC-VA-MD-WV",2022-08-01,350,1601,454,67,2472,124596,19575
47900,"Washington-Arlington-Alexandria, DC-VA-MD-WV",2022-09-01,351,1644,463,40,2498,127094,19926
47900,"Washington-Arlington-Alexandria, DC-VA-MD-WV",2022-10-01,408,1606,486,68,2568,129662,20334
47900,"Washington-Arlington-Alexandria, DC-VA-MD-WV",2022-11-01,625,1953,575,57,3210,132872,20959
47900,"Washington-Arlington-Alexandria, DC-VA-MD-WV",2022-12-01,823,1746,566,53,3188,136060,21782
47900,"Washington-Arlington-Alexandria, DC-VA-MD-WV",2023-01-01,715,1813,570,68,3166,139226,22497
47900,"Washington-Arlington-Alexandria, DC-VA-MD-WV",2023-02-01,600,1523,515,89,2727,141953,23097
47900,"Washington-Arlington-Alexandria, DC-VA-MD-WV",2023-03-01,849,2015,809,83,3756,145709,23946
47900,"Washington-Arlington-Alexandria, DC-VA-MD-WV",2023-04-01,657,1624,438,66,2785,148494,24603
47900,"Washington-Arlington-Alexandria, DC-VA-MD-WV",2023-05-01,907,1512,401,44,2864,151358,25510
47900,"Washington-Arlington-Alexandria, DC-VA-MD-WV",2023-06-01,451,833,210,23,1517,152875,25961
47900,"Washington-Arlington-Alexandria, DC-VA-MD-WV",2023-07-01,409,855,208,19,1491,154366,26370
47900,"Washington-Arlington-Alexandria, DC-VA-MD-WV",2023-08-01,520,1371,343,30,2264,156630,26890
47900,"Washington-Arlington-Alexandria, DC-VA-MD-WV",2023-09-01,898,2160,617,57,3732,160362,27788
47900,"Washington-Arlington-Alexandria, DC-VA-MD-WV",2023-10-01,848,2262,611,52,3773,164135,28636
47900,"Washington-Arlington-Alexandria, DC-VA-MD-WV",2023-11-01,809,2074,616,60,3559,167694,29445
47900,"Washington-Arlington-Alexandria, DC-VA-MD-WV",2023-12-01,1262,2093,587,53,3995,171689,30707
47900,"Washington-Arlington-Alexandria, DC-VA-MD-WV",2024-01-01,1152,2295,602,62,4111,175800,31859
47900,"Washington-Arlington-Alexandria, DC-VA-MD-WV",2024-02-01,892,1919,529,70,3410,179210,32751
47900,"Washington-Arlington-Alexandria, DC-VA-MD-WV",2024-03-01,922,1809,549,60,3340,182550,33673
47900,"Washington-Arlington-Alexandria, DC-VA-MD-WV",2024-04-01,689,1389,382,54,2514,185064,34362
47900,"Washington-Arlington-Alexandria, DC-VA-MD-WV",2024-05-01,1234,2104,535,73,3946,189010,35596
47900,"Washington-Arlington-Alexandria, DC-VA-MD-WV",2024-06-01,1223,2039,537,61,3860,192870,36819
47900,"Washington-Arlington-Alexandria, DC-VA-MD-WV",2024-07-01,1245,2324,592,82,4243,197113,38064
47900,"Washington-Arlington-Alexandria, DC-VA-MD-WV",2024-08-01,765,2046,540,86,3437,200550,38829
47900,"Washington-Arlington-Alexandria, DC-VA-MD-WV",2024-09-01,729,1818,573,77,3197,203747,39558
47900,"Washington-Arlington-Alexandria, DC-VA-MD-WV",2024-10-01,1055,2189,536,58,3838,207585,40613
47900,"Washington-Arlington-Alexandria, DC-VA-MD-WV",2024-11-01,1060,2140,506,45,3751,211336,41673
47900,"Washington-Arlington-Alexandria, DC-VA-MD-WV",2024-12-01,1332,1968,454,48,3802,215138,43005
47900,"Washington-Arlington-Alexandria, DC-VA-MD-WV",2025-01-01,1266,1980,497,41,3784,218922,44271
47900,"Washington-Arlington-Alexandria, DC-VA-MD-WV",2025-02-01,1114,1699,475,61,3349,222271,45385
47900,"Washington-Arlington-Alexandria, DC-VA-MD-WV",2025-03-01,1149,1954,649,115,3867,226138,46534
47900,"Washington-Arlington-Alexandria, DC-VA-MD-WV",2025-04-01,1208,1636,505,78,3427,229565,47742
47900,"Washington-Arlington-Alexandria, DC-VA-MD-WV",2025-05-01,1612,1618,503,63,3796,233361,49354
47900,"Washington-Arlington-Alexandria, DC-VA-MD-WV",2025-06-01,1619,1583,445,48,3695,237056,50973
47900,"Washington-Arlington-Alexandria, DC-VA-MD-WV",2025-07-01,1265,1584,422,53,3324,240380,52238
47900,"Washington-Arlington-Alexandria, DC-VA-MD-WV",2025-08-01,1070,1444,391,33,2938,243318,53308
47900,"Washington-Arlington-Alexandria, DC-VA-MD-WV",2025-09-01,24,31,6,0,61,243379,53332
13780,"Binghamton, NY",2019-01-01,1,10,3,1,15,15,1
13780,"Binghamton, NY",2019-02-01,0,18,8,0,26,41,1
13780,"Binghamton, NY",2019-03-01,0,23,2,0,25,66,1
13780,"Binghamton, NY",2019-04-01,3,38,6,1,48,114,4
13780,"Binghamton, NY",2019-05-01,0,42,10,1,53,167,4
13780,"Binghamton, NY",2019-06-01,1,21,7,0,29,196,5
13780,"Binghamton, NY",2019-07-01,2,24,7,0,33,229,7
13780,"Binghamton, NY",2019-08-01,1,23,7,0,31,260,8
13780,"Binghamton, NY",2019-09-01,3,43,10,4,60,320,11
13780,"Binghamton, NY",2019-10-01,1,48,4,0,53,373,12
13780,"Binghamton, NY",2019-11-01,7,55,18,1,81,454,19
13780,"Binghamton, NY",2019-12-01,6,31,7,1,45,499,25
13780,"Binghamton, NY",2020-01-01,5,42,4,0,51,550,30
13780,"Binghamton, NY",2020-02-01,12,48,10,4,74,624,42
13780,"Binghamton, NY",2020-03-01,15,61,17,1,94,718,57
13780,"Binghamton, NY",2020-04-01,58,112,14,4,188,906,115
13780,"Binghamton, NY",2020-05-01,82,140,26,3,251,1157,197
13780,"Binghamton, NY",2020-06-01,50,92,12,0,154,1311,247
13780,"Binghamton, NY",2020-07-01,57,136,24,4,221,1532,304
13780,"Binghamton, NY",2020-08-01,42,154,22,3,221,1753,346
13780,"Binghamton, NY",2020-09-01,36,119,28,3,186,1939,382
13780,"Binghamton, NY",2020-10-01,32,135,26,2,195,2134,414
13780,"Binghamton, NY",2020-11-01,24,68,12,0,104,2238,438
13780,"Binghamton, NY",2020-12-01,36,76,13,1,126,2364,474
13780,"Binghamton, NY",2021-01-01,61,89,16,1,167,2531,535
13780,"Binghamton, NY",2021-02-01,50,108,37,2,197,2728,585
13780,"Binghamton, NY",2021-03-01,81,126,44,1,252,2980,666
13780,"Binghamton, NY",2021-04-01,52,134,25,4,215,3195,718
13780,"Binghamton, NY",2021-05-01,58,146,26,3,233,3428,776
13780,"Binghamton, NY",2021-06-01,59,105,23,0,187,3615,835
13780,"Binghamton, NY",2021-07-01,36,110,19,3,168,3783,871
13780,"Binghamton, NY",2021-08-01,37,89,17,3,146,3929,908
13780,"Binghamton, NY",2021-09-01,56,181,49,3,289,4218,964
13780,"Binghamton, NY",2021-10-01,14,52,17,2,85,4303,978
13780,"Binghamton, NY",2021-11-01,25,64,16,3,108,4411,1003
13780,"Binghamton, NY",2021-12-01,45,77,30,1,153,4564,1048
13780,"Binghamton, NY",2022-01-01,43,117,29,0,189,4753,1091
13780,"Binghamton, NY",2022-02-01,54,93,25,3,175,4928,1145
13780,"Binghamton, NY",2022-03-01,54,126,16,3,199,5127,1199
13780,"Binghamton, NY",2022-04-01,54,110,16,3,183,5310,1253
13780,"Binghamton, NY",2022-05-01,35,89,24,4,152,5462,1288
13780,"Binghamton, NY",2022-06-01,36,75,17,0,128,5590,1324
13780,"Binghamton, NY",2022-07-01,46,83,22,1,152,5742,1370
13780,"Binghamton, NY",2022-08-01,47,62,25,0,134,5876,1417
13780,"Binghamton, NY",2022-09-01,42,91,12,1,146,6022,1459
13780,"Binghamton, NY",2022-10-01,56,98,35,6,195,6217,1515
13780,"Binghamton, NY",2022-11-01,45,96,29,5,175,6392,1560
13780,"Binghamton, NY",2022-12-01,66,93,31,5,195,6587,1626
13780,"Binghamton, NY",2023-01-01,55,75,32,1,163,6750,1681
13780,"Binghamton, NY",2023-02-01,52,71,17,1,141,6891,1733
13780,"Binghamton, NY",2023-03-01,74,84,30,3,191,7082,1807
13780,"Binghamton, NY",2023-04-01,55,75,13,3,146,7228,1862
13780,"Binghamton, NY",2023-05-01,48,82,23,4,157,7385,1910
13780,"Binghamton, NY",2023-06-01,31,44,16,0,91,7476,1941
13780,"Binghamton, NY",2023-07-01,41,58,23,2,124,7600,1982
13780,"Binghamton, NY",2023-08-01,39,67,25,1,132,7732,2021
13780,"Binghamton, NY",2023-09-01,37,66,19,3,125,7857,2058
13780,"Binghamton, NY",2023-10-01,55,95,34,2,186,8043,2113
13780,"Binghamton, NY",2023-11-01,57,73,26,1,157,8200,2170
13780,"Binghamton, NY",2023-12-01,73,94,31,2,200,8400,2243
13780,"Binghamton, NY",2024-01-01,63,83,19,4,169,8569,2306
13780,"Binghamton, NY",2024-02-01,69,71,19,3,162,8731,2375
13780,"Binghamton, NY",2024-03-01,59,77,25,3,164,8895,2434
13780,"Binghamton, NY",2024-04-01,62,81,27,2,172,9067,2496
13780,"Binghamton, NY",2024-05-01,61,78,25,1,165,9232,2557
13780,"Binghamton, NY",2024-06-01,55,60,18,1,134,9366,2612
13780,"Binghamton, NY",2024-07-01,47,77,24,3,151,9517,2659
13780,"Binghamton, NY",2024-08-01,52,60,20,4,136,9653,2711
13780,"Binghamton, NY",2024-09-01,59,70,35,7,171,9824,2770
13780,"Binghamton, NY",2024-10-01,67,68,26,3,164,9988,2837
13780,"Binghamton, NY",2024-11-01,58,68,21,4,151,10139,2895
13780,"Binghamton, NY",2024-12-01,73,57,21,2,153,10292,2968
13780,"Binghamton, NY",2025-01-01,76,82,28,4,190,10482,3044
13780,"Binghamton, NY",2025-02-01,82,68,15,2,167,10649,3126
13780,"Binghamton, NY",2025-03-01,71,75,23,5,174,10823,3197
13780,"Binghamton, NY",2025-04-01,74,83,19,1,177,11000,3271
13780,"Binghamton, NY",2025-05-01,98,87,18,5,208,11208,3369
13780,"Binghamton, NY",2025-06-01,63,72,19,3,157,11365,3432
13780,"Binghamton, NY",2025-07-01,68,87,27,0,182,11547,3500
13780,"Binghamton, NY",2025-08-01,61,55,20,3,139,11686,3561
13780,"Binghamton, NY",2025-09-01,1,1,0,0,2,11688,3562
40220,"Roanoke, VA",2019-01-01,0,21,8,2,31,31,0
40220,"Roanoke, VA",2019-02-01,3,35,19,1,58,89,3
40220,"Roanoke, VA",2019-03-01,1,67,18,1,87,176,4
40220,"Roanoke, VA",2019-04-01,0,93,14,1,108,284,4
40220,"Roanoke, VA",2019-05-01,3,84,24,2,113,397,7
40220,"Roanoke, VA",2019-06-01,0,46,8,1,55,452,7
40220,"Roanoke, VA",2019-07-01,1,57,11,2,71,523,8
40220,"Roanoke, VA",2019-08-01,4,57,13,1,75,598,12
40220,"Roanoke, VA",2019-09-01,2,62,18,3,85,683,14
40220,"Roanoke, VA",2019-10-01,4,55,16,1,76,759,18
40220,"Roanoke, VA",2019-11-01,13,59,12,1,85,844,31
40220,"Roanoke, VA",2019-12-01,5,51,15,0,71,915,36
40220,"Roanoke, VA",2020-01-01,7,71,15,1,94,1009,43
40220,"Roanoke, VA",2020-02-01,11,63,22,3,99,1108,54
40220,"Roanoke, VA",2020-03-01,32,104,29,1,166,1274,86
40220,"Roanoke, VA",2020-04-01,63,188,42,4,297,1571,149
40220,"Roanoke, VA",2020-05-01,92,246,60,3,401,1972,241
40220,"Roanoke, VA",2020-06-01,68,175,42,3,288,2260,309
40220,"Roanoke, VA",2020-07-01,54,167,37,10,268,2528,363
40220,"Roanoke, VA",2020-08-01,81,274,75,6,436,2964,444
40220,"Roanoke, VA",2020-09-01,46,187,48,3,284,3248,490
40220,"Roanoke, VA",2020-10-01,35,123,24,7,189,3437,525
40220,"Roanoke, VA",2020-11-01,41,139,19,5,204,3641,566
40220,"Roanoke, VA",2020-12-01,42,71,14,1,128,3769,608
40220,"Roanoke, VA",2021-01-01,84,177,43,5,309,4078,692
40220,"Roanoke, VA",2021-02-01,35,92,18,1,146,4224,727
40220,"Roanoke, VA",2021-03-01,105,247,62,10,424,4648,832
40220,"Roanoke, VA",2021-04-01,82,244,53,3,382,5030,914
40220,"Roanoke, VA",2021-05-01,94,232,43,9,378,5408,1008
40220,"Roanoke, VA",2021-06-01,51,148,44,4,247,5655,1059
40220,"Roanoke, VA",2021-07-01,32,113,25,4,174,5829,1091
40220,"Roanoke, VA",2021-08-01,55,186,44,4,289,6118,1146
40220,"Roanoke, VA",2021-09-01,82,216,80,2,380,6498,1228
40220,"Roanoke, VA",2021-10-01,34,93,28,1,156,6654,1262
40220,"Roanoke, VA",2021-11-01,28,89,22,3,142,6796,1290
40220,"Roanoke, VA",2021-12-01,88,185,59,6,338,7134,1378
40220,"Roanoke, VA",2022-01-01,120,271,56,9,456,7590,1498
40220,"Roanoke, VA",2022-02-01,96,187,54,6,343,7933,1594
40220,"Roanoke, VA",2022-03-01,102,208,59,11,380,8313,1696
40220,"Roanoke, VA",2022-04-01,97,173,40,13,323,8636,1793
40220,"Roanoke, VA",2022-05-01,81,170,44,5,300,8936,1874
40220,"Roanoke, VA",2022-06-01,48,79,21,1,149,9085,1922
40220,"Roanoke, VA",2022-07-01,51,71,21,0,143,9228,1973
40220,"Roanoke, VA",2022-08-01,74,158,48,3,283,9511,2047
40220,"Roanoke, VA",2022-09-01,56,147,45,3,251,9762,2103
40220,"Roanoke, VA",2022-10-01,55,116,33,1,205,9967,2158
40220,"Roanoke, VA",2022-11-01,74,148,55,2,279,10246,2232
40220,"Roanoke, VA",2022-12-01,97,138,39,6,280,10526,2329
40220,"Roanoke, VA",2023-01-01,83,140,51,6,280,10806,2412
40220,"Roanoke, VA",2023-02-01,61,119,38,4,222,11028,2473
40220,"Roanoke, VA",2023-03-01,112,162,57,5,336,11364,2585
40220,"Roanoke, VA",2023-04-01,96,134,55,4,289,11653,2681
40220,"Roanoke, VA",2023-05-01,48,68,30,2,148,11801,2729
40220,"Roanoke, VA",2023-06-01,39,71,20,3,133,11934,2768
40220,"Roanoke, VA",2023-07-01,39,75,21,3,138,12072,2807
40220,"Roanoke, VA",2023-08-01,81,130,43,6,260,12332,2888
40220,"Roanoke, VA",2023-09-01,72,130,53,6,261,12593,2960
40220,"Roanoke, VA",2023-10-01,66,106,40,6,218,12811,3026
40220,"Roanoke, VA",2023-11-01,75,144,44,8,271,13082,3101
40220,"Roanoke, VA",2023-12-01,102,116,46,5,269,13351,3203
40220,"Roanoke, VA",2024-01-01,78,131,34,8,251,13602,3281
40220,"Roanoke, VA",2024-02-01,99,129,37,2,267,13869,3380
40220,"Roanoke, VA",2024-03-01,101,134,44,2,281,14150,3481
40220,"Roanoke, VA",2024-04-01,69,102,35,4,210,14360,3550
40220,"Roanoke, VA",2024-05-01,88,115,32,9,244,14604,3638
40220,"Roanoke, VA",2024-06-01,91,124,35,11,261,14865,3729
40220,"Roanoke, VA",2024-07-01,85,98,33,5,221,15086,3814
40220,"Roanoke, VA",2024-08-01,46,99,24,9,178,15264,3860
40220,"Roanoke, VA",2024-09-01,64,104,36,3,207,15471,3924
40220,"Roanoke, VA",2024-10-01,97,161,38,1,297,15768,4021
40220,"Roanoke, VA",2024-11-01,89,124,30,2,245,16013,4110
40220,"Roanoke, VA",2024-12-01,120,122,49,3,294,16307,4230
40220,"Roanoke, VA",2025-01-01,114,127,47,2,290,16597,4344
40220,"Roanoke, VA",2025-02-01,94,130,31,4,259,16856,4438
40220,"Roanoke, VA",2025-03-01,132,112,36,2,282,17138,4570
40220,"Roanoke, VA",2025-04-01,123,131,33,2,289,17427,4693
40220,"Roanoke, VA",2025-05-01,136,154,49,5,344,17771,4829
40220,"Roanoke, VA",2025-06-01,152,149,60,4,365,18136,4981
40220,"Roanoke, VA",2025-07-01,129,118,43,5,295,18431,5110
40220,"Roanoke, VA",2025-08-01,89,104,42,2,237,18668,5199
40220,"Roanoke, VA",2025-09-01,5,1,1,0,7,18675,5204
11700,"Asheville, NC",2019-01-01,0,32,8,3,43,43,0
11700,"Asheville, NC",2019-02-01,1,43,12,0,56,99,1
11700,"Asheville, NC",2019-03-01,2,51,10,2,65,164,3
11700,"Asheville, NC",2019-04-01,5,47,14,1,67,231,8
11700,"Asheville, NC",2019-05-01,5,82,19,1,107,338,13
11700,"Asheville, NC",2019-06-01,7,65,14,1,87,425,20
11700,"Asheville, NC",2019-07-01,6,76,19,1,102,527,26
11700,"Asheville, NC",2019-08-01,7,82,20,2,111,638,33
11700,"Asheville, NC",2019-09-01,6,87,10,0,103,741,39
11700,"Asheville, NC",2019-10-01,5,36,10,0,51,792,44
11700,"Asheville, NC",2019-11-01,4,38,14,1,57,849,48
11700,"Asheville, NC",2019-12-01,6,50,13,3,72,921,54
11700,"Asheville, NC",2020-01-01,6,81,23,0,110,1031,60
11700,"Asheville, NC",2020-02-01,7,68,18,3,96,1127,67
11700,"Asheville, NC",2020-03-01,13,88,26,3,130,1257,80
11700,"Asheville, NC",2020-04-01,39,165,46,5,255,1512,119
11700,"Asheville, NC",2020-05-01,104,286,53,9,452,1964,223
11700,"Asheville, NC",2020-06-01,71,184,32,2,289,2253,294
11700,"Asheville, NC",2020-07-01,56,197,24,2,279,2532,350
11700,"Asheville, NC",2020-08-01,91,327,62,9,489,3021,441
11700,"Asheville, NC",2020-09-01,74,247,60,2,383,3404,515
11700,"Asheville, NC",2020-10-01,53,206,41,6,306,3710,568
11700,"Asheville, NC",2020-11-01,49,140,28,3,220,3930,617
11700,"Asheville, NC",2020-12-01,43,137,25,2,207,4137,660
11700,"Asheville, NC",2021-01-01,108,263,49,11,431,4568,768
11700,"Asheville, NC",2021-02-01,58,149,38,2,247,4815,826
11700,"Asheville, NC",2021-03-01,104,235,72,6,417,5232,930
11700,"Asheville, NC",2021-04-01,97,303,58,7,465,5697,1027
11700,"Asheville, NC",2021-05-01,97,298,64,3,462,6159,1124
11700,"Asheville, NC",2021-06-01,70,189,41,4,304,6463,1194
11700,"Asheville, NC",2021-07-01,52,206,66,8,332,6795,1246
11700,"Asheville, NC",2021-08-01,76,291,62,6,435,7230,1322
11700,"Asheville, NC",2021-09-01,66,241,72,5,384,7614,1388
11700,"Asheville, NC",2021-10-01,55,156,38,6,255,7869,1443
11700,"Asheville, NC",2021-11-01,60,194,53,4,311,8180,1503
11700,"Asheville, NC",2021-12-01,91,220,57,3,371,8551,1594
11700,"Asheville, NC",2022-01-01,122,297,67,5,491,9042,1716
11700,"Asheville, NC",2022-02-01,71,191,52,5,319,9361,1787
11700,"Asheville, NC",2022-03-01,92,230,37,3,362,9723,1879
11700,"Asheville, NC",2022-04-01,91,210,54,6,361,10084,1970
11700,"Asheville, NC",2022-05-01,108,222,52,5,387,10471,2078
11700,"Asheville, NC",2022-06-01,85,172,49,1,307,10778,2163
11700,"Asheville, NC",2022-07-01,56,140,41,6,243,11021,2219
11700,"Asheville, NC",2022-08-01,93,181,60,7,341,11362,2312
11700,"Asheville, NC",2022-09-01,82,188,56,5,331,11693,2394
11700,"Asheville, NC",2022-10-01,75,165,50,4,294,11987,2469
11700,"Asheville, NC",2022-11-01,101,171,47,4,323,12310,2570
11700,"Asheville, NC",2022-12-01,105,197,39,5,346,12656,2675
11700,"Asheville, NC",2023-01-01,104,219,40,4,367,13023,2779
11700,"Asheville, NC",2023-02-01,90,175,56,8,329,13352,2869
11700,"Asheville, NC",2023-03-01,102,212,61,14,389,13741,2971
11700,"Asheville, NC",2023-04-01,86,177,61,6,330,14071,3057
11700,"Asheville, NC",2023-05-01,71,127,22,2,222,14293,3128
11700,"Asheville, NC",2023-06-01,72,102,30,2,206,14499,3200
11700,"Asheville, NC",2023-07-01,59,126,37,3,225,14724,3259
11700,"Asheville, NC",2023-08-01,86,139,56,1,282,15006,3345
11700,"Asheville, NC",2023-09-01,98,160,45,3,306,15312,3443
11700,"Asheville, NC",2023-10-01,103,153,46,8,310,15622,3546
11700,"Asheville, NC",2023-11-01,96,152,55,8,311,15933,3642
11700,"Asheville, NC",2023-12-01,117,202,56,3,378,16311,3759
11700,"Asheville, NC",2024-01-01,145,180,70,4,399,16710,3904
11700,"Asheville, NC",2024-02-01,113,143,43,12,311,17021,4017
11700,"Asheville, NC",2024-03-01,120,181,49,8,358,17379,4137
11700,"Asheville, NC",2024-04-01,109,141,37,6,293,17672,4246
11700,"Asheville, NC",2024-05-01,147,151,62,5,365,18037,4393
11700,"Asheville, NC",2024-06-01,107,160,60,4,331,18368,4500
11700,"Asheville, NC",2024-07-01,104,155,57,8,324,18692,4604
11700,"Asheville, NC",2024-08-01,98,166,52,11,327,19019,4702
11700,"Asheville, NC",2024-09-01,89,133,54,8,284,19303,4791
11700,"Asheville, NC",2024-10-01,56,78,17,2,153,19456,4847
11700,"Asheville, NC",2024-11-01,82,124,26,4,236,19692,4929
11700,"Asheville, NC",2024-12-01,118,125,44,5,292,19984,5047
11700,"Asheville, NC",2025-01-01,97,126,36,2,261,20245,5144
11700,"Asheville, NC",2025-02-01,108,145,39,1,293,20538,5252
11700,"Asheville, NC",2025-03-01,120,117,43,6,286,20824,5372
11700,"Asheville, NC",2025-04-01,137,128,43,4,312,21136,5509
11700,"Asheville, NC",2025-05-01,131,146,39,5,321,21457,5640
11700,"Asheville, NC",2025-06-01,142,141,52,3,338,21795,5782
11700,"Asheville, NC",2025-07-01,110,122,37,4,273,22068,5892
11700,"Asheville, NC",2025-08-01,106,112,38,2,258,22326,5998
11700,"Asheville, NC",2025-09-01,1,4,1,0,6,22332,5999
38460,"Plattsburgh, NY",2019-01-01,1,2,0,0,3,3,1
38460,"Plattsburgh, NY",2019-02-01,1,4,0,0,5,8,2
38460,"Plattsburgh, NY",2019-03-01,0,1,0,0,1,9,2
38460,"Plattsburgh, NY",2019-04-01,0,0,1,0,1,10,2
38460,"Plattsburgh, NY",2019-05-01,0,10,1,0,11,21,2
38460,"Plattsburgh, NY",2019-06-01,0,11,3,0,14,35,2
38460,"Plattsburgh, NY",2019-07-01,4,18,2,0,24,59,6
38460,"Plattsburgh, NY",2019-08-01,3,20,5,0,28,87,9
38460,"Plattsburgh, NY",2019-09-01,0,6,4,0,10,97,9
38460,"Plattsburgh, NY",2019-10-01,5,14,4,0,23,120,14
38460,"Plattsburgh, NY",2019-11-01,6,13,4,0,23,143,20
38460,"Plattsburgh, NY",2019-12-01,2,21,2,1,26,169,22
38460,"Plattsburgh, NY",2020-01-01,4,11,2,0,17,186,26
38460,"Plattsburgh, NY",2020-02-01,2,18,1,0,21,207,28
38460,"Plattsburgh, NY",2020-03-01,3,19,5,1,28,235,31
38460,"Plattsburgh, NY",2020-04-01,7,33,8,0,48,283,38
38460,"Plattsburgh, NY",2020-05-01,6,28,3,1,38,321,44
38460,"Plattsburgh, NY",2020-06-01,8,29,3,0,40,361,52
38460,"Plattsburgh, NY",2020-07-01,12,33,7,0,52,413,64
38460,"Plattsburgh, NY",2020-08-01,4,36,7,0,47,460,68
38460,"Plattsburgh, NY",2020-09-01,21,38,6,0,65,525,89
38460,"Plattsburgh, NY",2020-10-01,17,31,3,0,51,576,106
38460,"Plattsburgh, NY",2020-11-01,9,23,1,0,33,609,115
38460,"Plattsburgh, NY",2020-12-01,12,9,3,0,24,633,127
38460,"Plattsburgh, NY",2021-01-01,21,30,4,1,56,689,148
38460,"Plattsburgh, NY",2021-02-01,16,21,5,0,42,731,164
38460,"Plattsburgh, NY",2021-03-01,19,33,9,2,63,794,183
38460,"Plattsburgh, NY",2021-04-01,8,19,5,0,32,826,191
38460,"Plattsburgh, NY",2021-05-01,16,43,8,1,68,894,207
38460,"Plattsburgh, NY",2021-06-01,15,30,7,1,53,947,222
38460,"Plattsburgh, NY",2021-07-01,15,29,10,1,55,1002,237
38460,"Plattsburgh, NY",2021-08-01,13,31,4,1,49,1051,250
38460,"Plattsburgh, NY",2021-09-01,5,34,7,0,46,1097,255
38460,"Plattsburgh, NY",2021-10-01,11,24,6,2,43,1140,266
38460,"Plattsburgh, NY",2021-11-01,19,39,5,0,63,1203,285
38460,"Plattsburgh, NY",2021-12-01,23,27,8,0,58,1261,308
38460,"Plattsburgh, NY",2022-01-01,23,48,11,0,82,1343,331
38460,"Plattsburgh, NY",2022-02-01,20,21,9,0,50,1393,351
38460,"Plattsburgh, NY",2022-03-01,8,37,7,1,53,1446,359
38460,"Plattsburgh, NY",2022-04-01,14,28,10,1,53,1499,373
38460,"Plattsburgh, NY",2022-05-01,18,36,10,1,65,1564,391
38460,"Plattsburgh, NY",2022-06-01,12,21,5,0,38,1602,403
38460,"Plattsburgh, NY",2022-07-01,10,24,3,2,39,1641,413
38460,"Plattsburgh, NY",2022-08-01,12,27,6,1,46,1687,425
38460,"Plattsburgh, NY",2022-09-01,15,29,4,1,49,1736,440
38460,"Plattsburgh, NY",2022-10-01,11,17,9,1,38,1774,451
38460,"Plattsburgh, NY",2022-11-01,27,17,4,0,48,1822,478
38460,"Plattsburgh, NY",2022-12-01,32,29,10,0,71,1893,510
38460,"Plattsburgh, NY",2023-01-01,22,22,8,0,52,1945,532
38460,"Plattsburgh, NY",2023-02-01,16,10,5,0,31,1976,548
38460,"Plattsburgh, NY",2023-03-01,23,18,6,0,47,2023,571
38460,"Plattsburgh, NY",2023-04-01,18,28,5,0,51,2074,589
38460,"Plattsburgh, NY",2023-05-01,10,21,6,0,37,2111,599
38460,"Plattsburgh, NY",2023-06-01,10,16,4,1,31,2142,609
38460,"Plattsburgh, NY",2023-07-01,15,24,4,0,43,2185,624
38460,"Plattsburgh, NY",2023-08-01,9,14,0,1,24,2209,633
38460,"Plattsburgh, NY",2023-09-01,14,24,7,0,45,2254,647
38460,"Plattsburgh, NY",2023-10-01,25,14,6,0,45,2299,672
38460,"Plattsburgh, NY",2023-11-01,19,18,8,0,45,2344,691
38460,"Plattsburgh, NY",2023-12-01,23,18,7,2,50,2394,714
38460,"Plattsburgh, NY",2024-01-01,27,30,7,0,64,2458,741
38460,"Plattsburgh, NY",2024-02-01,20,27,4,0,51,2509,761
38460,"Plattsburgh, NY",2024-03-01,31,23,5,0,59,2568,792
38460,"Plattsburgh, NY",2024-04-01,11,24,8,0,43,2611,803
38460,"Plattsburgh, NY",2024-05-01,25,18,11,1,55,2666,828
38460,"Plattsburgh, NY",2024-06-01,9,13,3,0,25,2691,837
38460,"Plattsburgh, NY",2024-07-01,21,20,5,0,46,2737,858
38460,"Plattsburgh, NY",2024-08-01,27,24,6,3,60,2797,885
38460,"Plattsburgh, NY",2024-09-01,18,31,3,0,52,2849,903
38460,"Plattsburgh, NY",2024-10-01,18,19,11,0,48,2897,921
38460,"Plattsburgh, NY",2024-11-01,23,19,9,1,52,2949,944
38460,"Plattsburgh, NY",2024-12-01,30,26,3,2,61,3010,974
38460,"Plattsburgh, NY",2025-01-01,35,33,6,2,76,3086,1009
38460,"Plattsburgh, NY",2025-02-01,38,20,10,2,70,3156,1047
38460,"Plattsburgh, NY",2025-03-01,36,27,11,2,76,3232,1083
38460,"Plattsburgh, NY",2025-04-01,55,24,8,1,88,3320,1138
38460,"Plattsburgh, NY",2025-05-01,34,28,13,1,76,3396,1172
38460,"Plattsburgh, NY",2025-06-01,34,31,6,2,73,3469,1206
38460,"Plattsburgh, NY",2025-07-01,39,31,7,2,79,3548,1245
38460,"Plattsburgh, NY",2025-08-01,17,14,6,1,38,3586,1262
38460,"Plattsburgh, NY",2025-09-01,1,2,0,0,3,3589,1263
47540,"Wapakoneta, OH",2019-01-01,0,1,1,0,2,2,0
47540,"Wapakoneta, OH",2019-02-01,0,2,0,0,2,4,0
47540,"Wapakoneta, OH",2019-03-01,0,4,1,0,5,9,0
47540,"Wapakoneta, OH",2019-04-01,0,4,1,0,5,14,0
47540,"Wapakoneta, OH",2019-05-01,0,3,0,0,3,17,0
47540,"Wapakoneta, OH",2019-06-01,0,5,4,0,9,26,0
47540,"Wapakoneta, OH",2019-07-01,0,6,2,0,8,34,0
47540,"Wapakoneta, OH",2019-08-01,0,0,2,0,2,36,0
47540,"Wapakoneta, OH",2019-09-01,0,6,1,0,7,43,0
47540,"Wapakoneta, OH",2019-10-01,0,4,1,1,6,49,0
47540,"Wapakoneta, OH",2019-11-01,0,4,2,0,6,55,0
47540,"Wapakoneta, OH",2019-12-01,0,3,0,0,3,58,0
47540,"Wapakoneta, OH",2020-01-01,0,3,0,0,3,61,0
47540,"Wapakoneta, OH",2020-02-01,1,3,3,0,7,68,1
47540,"Wapakoneta, OH",2020-03-01,1,4,5,0,10,78,2
47540,"Wapakoneta, OH",2020-04-01,2,8,4,0,14,92,4
47540,"Wapakoneta, OH",2020-05-01,6,11,0,1,18,110,10
47540,"Wapakoneta, OH",2020-06-01,1,13,2,0,16,126,11
47540,"Wapakoneta, OH",2020-07-01,4,8,1,0,13,139,15
47540,"Wapakoneta, OH",2020-08-01,1,14,3,0,18,157,16
47540,"Wapakoneta, OH",2020-09-01,4,13,3,0,20,177,20
47540,"Wapakoneta, OH",2020-10-01,6,13,8,0,27,204,26
47540,"Wapakoneta, OH",2020-11-01,4,9,4,0,17,221,30
47540,"Wapakoneta, OH",2020-12-01,5,10,2,0,17,238,35
47540,"Wapakoneta, OH",2021-01-01,9,32,8,1,50,288,44
47540,"Wapakoneta, OH",2021-02-01,5,15,6,0,26,314,49
47540,"Wapakoneta, OH",2021-03-01,3,20,8,1,32,346,52
47540,"Wapakoneta, OH",2021-04-01,9,25,8,1,43,389,61
47540,"Wapakoneta, OH",2021-05-01,11,27,8,1,47,436,72
47540,"Wapakoneta, OH",2021-06-01,9,27,6,0,42,478,81
47540,"Wapakoneta, OH",2021-07-01,10,26,6,0,42,520,91
47540,"Wapakoneta, OH",2021-08-01,8,29,6,1,44,564,99
47540,"Wapakoneta, OH",2021-09-01,3,30,4,0,37,601,102
47540,"Wapakoneta, OH",2021-10-01,13,21,8,0,42,643,115
47540,"Wapakoneta, OH",2021-11-01,8,12,5,1,26,669,123
47540,"Wapakoneta, OH",2021-12-01,6,26,6,0,38,707,129
47540,"Wapakoneta, OH",2022-01-01,12,24,9,2,47,754,141
47540,"Wapakoneta, OH",2022-02-01,10,16,4,0,30,784,151
47540,"Wapakoneta, OH",2022-03-01,4,12,6,0,22,806,155
47540,"Wapakoneta, OH",2022-04-01,3,27,7,0,37,843,158
47540,"Wapakoneta, OH",2022-05-01,9,16,4,0,29,872,167
47540,"Wapakoneta, OH",2022-06-01,7,16,3,1,27,899,174
47540,"Wapakoneta, OH",2022-07-01,8,14,7,0,29,928,182
47540,"Wapakoneta, OH",2022-08-01,8,16,11,0,35,963,190
47540,"Wapakoneta, OH",2022-09-01,8,16,8,0,32,995,198
47540,"Wapakoneta, OH",2022-10-01,4,9,7,1,21,1016,202
47540,"Wapakoneta, OH",2022-11-01,6,19,6,0,31,1047,208
47540,"Wapakoneta, OH",2022-12-01,8,18,7,0,33,1080,216
47540,"Wapakoneta, OH",2023-01-01,11,18,10,0,39,1119,227
47540,"Wapakoneta, OH",2023-02-01,8,14,3,1,26,1145,235
47540,"Wapakoneta, OH",2023-03-01,8,26,10,0,44,1189,243
47540,"Wapakoneta, OH",2023-04-01,10,20,11,0,41,1230,253
47540,"Wapakoneta, OH",2023-05-01,11,12,8,0,31,1261,264
47540,"Wapakoneta, OH",2023-06-01,10,15,7,1,33,1294,274
47540,"Wapakoneta, OH",2023-07-01,11,19,5,0,35,1329,285
47540,"Wapakoneta, OH",2023-08-01,8,10,4,0,22,1351,293
47540,"Wapakoneta, OH",2023-09-01,10,21,5,1,37,1388,303
47540,"Wapakoneta, OH",2023-10-01,14,16,6,0,36,1424,317
47540,"Wapakoneta, OH",2023-11-01,12,28,8,3,51,1475,329
47540,"Wapakoneta, OH",2023-12-01,14,25,6,0,45,1520,343
47540,"Wapakoneta, OH",2024-01-01,14,19,14,0,47,1567,357
47540,"Wapakoneta, OH",2024-02-01,14,18,15,2,49,1616,371
47540,"Wapakoneta, OH",2024-03-01,10,16,8,1,35,1651,381
47540,"Wapakoneta, OH",2024-04-01,10,21,13,0,44,1695,391
47540,"Wapakoneta, OH",2024-05-01,18,12,8,1,39,1734,409
47540,"Wapakoneta, OH",2024-06-01,12,21,4,0,37,1771,421
47540,"Wapakoneta, OH",2024-07-01,9,16,7,0,32,1803,430
47540,"Wapakoneta, OH",2024-08-01,13,14,4,1,32,1835,443
47540,"Wapakoneta, OH",2024-09-01,17,34,6,0,57,1892,460
47540,"Wapakoneta, OH",2024-10-01,21,19,6,0,46,1938,481
47540,"Wapakoneta, OH",2024-11-01,21,13,6,1,41,1979,502
47540,"Wapakoneta, OH",2024-12-01,13,19,5,2,39,2018,515
47540,"Wapakoneta, OH",2025-01-01,21,28,11,0,60,2078,536
47540,"Wapakoneta, OH",2025-02-01,13,12,3,0,28,2106,549
47540,"Wapakoneta, OH",2025-03-01,31,26,6,0,63,2169,580
47540,"Wapakoneta, OH",2025-04-01,21,21,4,1,47,2216,601
47540,"Wapakoneta, OH",2025-05-01,17,21,7,0,45,2261,618
47540,"Wapakoneta, OH",2025-06-01,14,13,6,2,35,2296,632
47540,"Wapakoneta, OH",2025-07-01,9,16,5,1,31,2327,641
47540,"Wapakoneta, OH",2025-08-01,11,14,0,0,25,2352,652
44740,"Storm Lake, IA",2019-02-01,0,0,0,1,1,1,0
44740,"Storm Lake, IA",2019-06-01,0,1,0,0,1,2,0
44740,"Storm Lake, IA",2019-08-01,1,0,0,0,1,3,1
44740,"Storm Lake, IA",2019-09-01,0,1,0,0,1,4,1
44740,"Storm Lake, IA",2019-11-01,0,1,1,0,2,6,1
44740,"Storm Lake, IA",2020-01-01,0,4,0,0,4,10,1
44740,"Storm Lake, IA",2020-03-01,1,1,0,0,2,12,2
44740,"Storm Lake, IA",2020-04-01,2,2,1,0,5,17,4
44740,"Storm Lake, IA",2020-05-01,2,2,0,0,4,21,6
44740,"Storm Lake, IA",2020-06-01,1,0,1,0,2,23,7
44740,"Storm Lake, IA",2020-07-01,0,1,0,0,1,24,7
44740,"Storm Lake, IA",2020-08-01,0,1,0,0,1,25,7
44740,"Storm Lake, IA",2020-09-01,0,2,0,0,2,27,7
44740,"Storm Lake, IA",2020-10-01,0,0,2,0,2,29,7
44740,"Storm Lake, IA",2020-12-01,1,2,1,0,4,33,8
44740,"Storm Lake, IA",2021-01-01,5,3,3,0,11,44,13
44740,"Storm Lake, IA",2021-02-01,4,7,2,1,14,58,17
44740,"Storm Lake, IA",2021-03-01,0,8,1,0,9,67,17
44740,"Storm Lake, IA",2021-04-01,2,9,1,0,12,79,19
44740,"Storm Lake, IA",2021-05-01,2,5,2,0,9,88,21
44740,"Storm Lake, IA",2021-06-01,4,5,0,0,9,97,25
44740,"Storm Lake, IA",2021-07-01,1,1,0,0,2,99,26
44740,"Storm Lake, IA",2021-08-01,0,3,1,0,4,103,26
44740,"Storm Lake, IA",2021-09-01,5,0,0,0,5,108,31
44740,"Storm Lake, IA",2021-10-01,7,5,2,1,15,123,38
44740,"Storm Lake, IA",2021-11-01,2,8,3,0,13,136,40
44740,"Storm Lake, IA",2021-12-01,4,7,1,0,12,148,44
44740,"Storm Lake, IA",2022-01-01,7,9,1,0,17,165,51
44740,"Storm Lake, IA",2022-02-01,1,6,1,1,9,174,52
44740,"Storm Lake, IA",2022-03-01,2,4,0,0,6,180,54
44740,"Storm Lake, IA",2022-04-01,3,13,2,0,18,198,57
44740,"Storm Lake, IA",2022-05-01,2,3,1,0,6,204,59
44740,"Storm Lake, IA",2022-06-01,1,11,2,0,14,218,60
44740,"Storm Lake, IA",2022-07-01,2,1,0,0,3,221,62
44740,"Storm Lake, IA",2022-08-01,1,4,1,0,6,227,63
44740,"Storm Lake, IA",2022-09-01,2,1,2,0,5,232,65
44740,"Storm Lake, IA",2022-10-01,1,6,4,0,11,243,66
44740,"Storm Lake, IA",2022-11-01,1,9,2,0,12,255,67
44740,"Storm Lake, IA",2022-12-01,0,8,3,0,11,266,67
44740,"Storm Lake, IA",2023-01-01,2,12,2,0,16,282,69
44740,"Storm Lake, IA",2023-02-01,6,3,4,1,14,296,75
44740,"Storm Lake, IA",2023-03-01,5,3,1,0,9,305,80
44740,"Storm Lake, IA",2023-04-01,2,4,3,0,9,314,82
44740,"Storm Lake, IA",2023-05-01,4,3,2,0,9,323,86
44740,"Storm Lake, IA",2023-06-01,2,3,0,0,5,328,88
44740,"Storm Lake, IA",2023-07-01,1,4,1,0,6,334,89
44740,"Storm Lake, IA",2023-08-01,4,2,3,0,9,343,93
44740,"Storm Lake, IA",2023-09-01,4,9,1,0,14,357,97
44740,"Storm Lake, IA",2023-10-01,2,6,0,0,8,365,99
44740,"Storm Lake, IA",2023-11-01,3,9,1,1,14,379,102
44740,"Storm Lake, IA",2023-12-01,5,13,1,0,19,398,107
44740,"Storm Lake, IA",2024-01-01,6,10,3,0,19,417,113
44740,"Storm Lake, IA",2024-02-01,3,10,5,1,19,436,116
44740,"Storm Lake, IA",2024-03-01,4,13,2,1,20,456,120
44740,"Storm Lake, IA",2024-04-01,4,9,5,0,18,474,124
44740,"Storm Lake, IA",2024-05-01,3,7,2,0,12,486,127
44740,"Storm Lake, IA",2024-06-01,6,10,2,1,19,505,133
44740,"Storm Lake, IA",2024-07-01,3,9,1,0,13,518,136
44740,"Storm Lake, IA",2024-08-01,1,3,0,0,4,522,137
44740,"Storm Lake, IA",2024-09-01,2,12,6,0,20,542,139
44740,"Storm Lake, IA",2024-10-01,6,8,5,0,19,561,145
44740,"Storm Lake, IA",2024-11-01,3,15,3,0,21,582,148
44740,"Storm Lake, IA",2024-12-01,0,2,1,0,3,585,148
44740,"Storm Lake, IA",2025-01-01,6,8,1,0,15,600,154
44740,"Storm Lake, IA",2025-02-01,3,10,2,0,15,615,157
44740,"Storm Lake, IA",2025-03-01,6,10,1,0,17,632,163
44740,"Storm Lake, IA",2025-04-01,4,6,3,1,14,646,167
44740,"Storm Lake, IA",2025-05-01,2,9,2,0,13,659,169
44740,"Storm Lake, IA",2025-06-01,4,7,1,0,12,671,173
44740,"Storm Lake, IA",2025-07-01,3,10,4,0,17,688,176
44740,"Storm Lake, IA",2025-08-01,1,3,3,0,7,695,177
24820,"Greenville, OH",2019-01-01,0,1,0,0,1,1,0
24820,"Greenville, OH",2019-02-01,0,1,1,0,2,3,0
24820,"Greenville, OH",2019-03-01,0,2,3,0,5,8,0
24820,"Greenville, OH",2019-04-01,0,5,1,0,6,14,0
24820,"Greenville, OH",2019-05-01,0,2,0,0,2,16,0
24820,"Greenville, OH",2019-06-01,0,1,1,0,2,18,0
24820,"Greenville, OH",2019-07-01,0,3,1,0,4,22,0
24820,"Greenville, OH",2019-08-01,0,1,3,0,4,26,0
24820,"Greenville, OH",2019-09-01,0,5,1,0,6,32,0
24820,"Greenville, OH",2019-10-01,0,1,1,0,2,34,0
24820,"Greenville, OH",2019-11-01,1,3,0,0,4,38,1
24820,"Greenville, OH",2019-12-01,0,2,0,0,2,40,1
24820,"Greenville, OH",2020-01-01,1,7,0,0,8,48,2
24820,"Greenville, OH",2020-02-01,0,9,3,0,12,60,2
24820,"Greenville, OH",2020-03-01,0,4,1,0,5,65,2
24820,"Greenville, OH",2020-04-01,3,11,3,0,17,82,5
24820,"Greenville, OH",2020-05-01,2,16,3,1,22,104,7
24820,"Greenville, OH",2020-06-01,3,12,4,1,20,124,10
24820,"Greenville, OH",2020-07-01,3,10,5,0,18,142,13
24820,"Greenville, OH",2020-08-01,1,12,2,0,15,157,14
24820,"Greenville, OH",2020-09-01,3,11,3,0,17,174,17
24820,"Greenville, OH",2020-10-01,6,18,3,2,29,203,23
24820,"Greenville, OH",2020-11-01,3,19,4,0,26,229,26
24820,"Greenville, OH",2020-12-01,6,16,2,0,24,253,32
24820,"Greenville, OH",2021-01-01,16,31,8,1,56,309,48
24820,"Greenville, OH",2021-02-01,16,23,8,0,47,356,64
24820,"Greenville, OH",2021-03-01,13,26,7,0,46,402,77
24820,"Greenville, OH",2021-04-01,8,34,8,0,50,452,85
24820,"Greenville, OH",2021-05-01,14,39,11,0,64,516,99
24820,"Greenville, OH",2021-06-01,2,30,12,1,45,561,101
24820,"Greenville, OH",2021-07-01,9,31,9,1,50,611,110
24820,"Greenville, OH",2021-08-01,12,32,5,2,51,662,122
24820,"Greenville, OH",2021-09-01,7,33,8,0,48,710,129
24820,"Greenville, OH",2021-10-01,10,23,11,1,45,755,139
24820,"Greenville, OH",2021-11-01,5,32,8,1,46,801,144
24820,"Greenville, OH",2021-12-01,13,36,9,0,58,859,157
24820,"Greenville, OH",2022-01-01,9,40,16,1,66,925,166
24820,"Greenville, OH",2022-02-01,6,24,12,1,43,968,172
24820,"Greenville, OH",2022-03-01,9,23,10,1,43,1011,181
24820,"Greenville, OH",2022-04-01,16,27,11,0,54,1065,197
24820,"Greenville, OH",2022-05-01,13,21,6,0,40,1105,210
24820,"Greenville, OH",2022-06-01,4,12,5,2,23,1128,214
24820,"Greenville, OH",2022-07-01,8,23,5,0,36,1164,222
24820,"Greenville, OH",2022-08-01,9,17,6,1,33,1197,231
24820,"Greenville, OH",2022-09-01,4,24,7,1,36,1233,235
24820,"Greenville, OH",2022-10-01,7,12,6,0,25,1258,242
24820,"Greenville, OH",2022-11-01,8,17,10,3,38,1296,250
24820,"Greenville, OH",2022-12-01,9,18,11,2,40,1336,259
24820,"Greenville, OH",2023-01-01,17,22,8,0,47,1383,276
24820,"Greenville, OH",2023-02-01,8,20,4,1,33,1416,284
24820,"Greenville, OH",2023-03-01,17,22,8,0,47,1463,301
24820,"Greenville, OH",2023-04-01,15,10,6,2,33,1496,316
24820,"Greenville, OH",2023-05-01,8,14,6,0,28,1524,324
24820,"Greenville, OH",2023-06-01,6,15,8,1,30,1554,330
24820,"Greenville, OH",2023-07-01,7,18,6,0,31,1585,337
24820,"Greenville, OH",2023-08-01,2,14,2,0,18,1603,339
24820,"Greenville, OH",2023-09-01,7,11,6,0,24,1627,346
24820,"Greenville, OH",2023-10-01,7,21,5,0,33,1660,353
24820,"Greenville, OH",2023-11-01,15,19,3,3,40,1700,368
24820,"Greenville, OH",2023-12-01,11,23,4,1,39,1739,379
24820,"Greenville, OH",2024-01-01,10,18,6,0,34,1773,389
24820,"Greenville, OH",2024-02-01,11,15,8,1,35,1808,400
24820,"Greenville, OH",2024-03-01,14,20,6,1,41,1849,414
24820,"Greenville, OH",2024-04-01,16,17,5,0,38,1887,430
24820,"Greenville, OH",2024-05-01,10,16,12,0,38,1925,440
24820,"Greenville, OH",2024-06-01,5,13,5,1,24,1949,445
24820,"Greenville, OH",2024-07-01,2,7,7,0,16,1965,447
24820,"Greenville, OH",2024-08-01,1,8,2,0,11,1976,448
24820,"Greenville, OH",2024-09-01,15,12,6,0,33,2009,463
24820,"Greenville, OH",2024-10-01,21,11,3,2,37,2046,484
24820,"Greenville, OH",2024-11-01,19,19,3,0,41,2087,503
24820,"Greenville, OH",2024-12-01,14,15,10,2,41,2128,517
24820,"Greenville, OH",2025-01-01,9,17,2,1,29,2157,526
24820,"Greenville, OH",2025-02-01,16,24,4,1,45,2202,542
24820,"Greenville, OH",2025-03-01,14,12,3,2,31,2233,556
24820,"Greenville, OH",2025-04-01,14,17,2,3,36,2269,570
24820,"Greenville, OH",2025-05-01,15,9,7,1,32,2301,585
24820,"Greenville, OH",2025-06-01,12,17,5,3,37,2338,597
24820,"Greenville, OH",2025-07-01,13,15,8,0,36,2374,610
24820,"Greenville, OH",2025-08-01,10,16,3,0,29,2403,620
44460,"Steamboat Springs, CO",2019-01-01,0,1,0,0,1,1,0
44460,"Steamboat Springs, CO",2019-02-01,0,1,0,0,1,2,0
44460,"Steamboat Springs, CO",2019-03-01,0,3,1,0,4,6,0
44460,"Steamboat Springs, CO",2019-05-01,0,1,2,0,3,9,0
44460,"Steamboat Springs, CO",2019-06-01,0,0,2,0,2,11,0
44460,"Steamboat Springs, CO",2019-07-01,1,1,0,0,2,13,1
44460,"Steamboat Springs, CO",2019-09-01,1,3,1,0,5,18,2
44460,"Steamboat Springs, CO",2019-10-01,1,2,0,0,3,21,3
44460,"Steamboat Springs, CO",2019-11-01,1,1,0,0,2,23,4
44460,"Steamboat Springs, CO",2020-01-01,0,1,1,0,2,25,4
44460,"Steamboat Springs, CO",2020-02-01,1,2,0,1,4,29,5
44460,"Steamboat Springs, CO",2020-03-01,0,4,1,0,5,34,5
44460,"Steamboat Springs, CO",2020-04-01,1,7,2,0,10,44,6
44460,"Steamboat Springs, CO",2020-05-01,3,10,1,0,14,58,9
44460,"Steamboat Springs, CO",2020-06-01,1,1,2,0,4,62,10
44460,"Steamboat Springs, CO",2020-07-01,1,5,0,0,6,68,11
44460,"Steamboat Springs, CO",2020-08-01,2,5,0,0,7,75,13
44460,"Steamboat Springs, CO",2020-09-01,1,3,1,0,5,80,14
44460,"Steamboat Springs, CO",2020-10-01,0,3,0,0,3,83,14
44460,"Steamboat Springs, CO",2020-11-01,0,3,1,0,4,87,14
44460,"Steamboat Springs, CO",2020-12-01,3,3,0,0,6,93,17
44460,"Steamboat Springs, CO",2021-01-01,4,5,0,0,9,102,21
44460,"Steamboat Springs, CO",2021-02-01,3,3,4,0,10,112,24
44460,"Steamboat Springs, CO",2021-03-01,3,11,0,0,14,126,27
44460,"Steamboat Springs, CO",2021-04-01,3,11,2,1,17,143,30
44460,"Steamboat Springs, CO",2021-05-01,6,7,0,0,13,156,36
44460,"Steamboat Springs, CO",2021-06-01,4,5,0,0,9,165,40
44460,"Steamboat Springs, CO",2021-07-01,1,5,2,0,8,173,41
44460,"Steamboat Springs, CO",2021-08-01,3,6,2,0,11,184,44
44460,"Steamboat Springs, CO",2021-09-01,3,3,0,1,7,191,47
44460,"Steamboat Springs, CO",2021-10-01,2,6,4,0,12,203,49
44460,"Steamboat Springs, CO",2021-11-01,1,13,1,1,16,219,50
44460,"Steamboat Springs, CO",2021-12-01,10,9,2,1,22,241,60
44460,"Steamboat Springs, CO",2022-01-01,7,11,2,0,20,261,67
44460,"Steamboat Springs, CO",2022-02-01,7,6,5,0,18,279,74
44460,"Steamboat Springs, CO",2022-03-01,4,12,3,0,19,298,78
44460,"Steamboat Springs, CO",2022-04-01,3,11,4,0,18,316,81
44460,"Steamboat Springs, CO",2022-05-01,5,10,2,1,18,334,86
44460,"Steamboat Springs, CO",2022-06-01,3,10,1,0,14,348,89
44460,"Steamboat Springs, CO",2022-07-01,4,5,3,0,12,360,93
44460,"Steamboat Springs, CO",2022-08-01,5,8,4,1,18,378,98
44460,"Steamboat Springs, CO",2022-09-01,4,8,5,1,18,396,102
44460,"Steamboat Springs, CO",2022-10-01,5,9,2,0,16,412,107
44460,"Steamboat Springs, CO",2022-11-01,3,12,0,0,15,427,110
44460,"Steamboat Springs, CO",2022-12-01,5,7,6,1,19,446,115
44460,"Steamboat Springs, CO",2023-01-01,8,14,1,0,23,469,123
44460,"Steamboat Springs, CO",2023-02-01,4,13,2,0,19,488,127
44460,"Steamboat Springs, CO",2023-03-01,6,11,1,0,18,506,133
44460,"Steamboat Springs, CO",2023-04-01,4,7,2,0,13,519,137
44460,"Steamboat Springs, CO",2023-05-01,4,6,1,1,12,531,141
44460,"Steamboat Springs, CO",2023-06-01,2,5,3,0,10,541,143
44460,"Steamboat Springs, CO",2023-07-01,4,7,3,0,14,555,147
44460,"Steamboat Springs, CO",2023-08-01,2,6,0,0,8,563,149
44460,"Steamboat Springs, CO",2023-09-01,3,9,4,0,16,579,152
44460,"Steamboat Springs, CO",2023-10-01,4,10,4,0,18,597,156
44460,"Steamboat Springs, CO",2023-11-01,10,14,2,0,26,623,166
44460,"Steamboat Springs, CO",2023-12-01,7,11,1,0,19,642,173
44460,"Steamboat Springs, CO",2024-01-01,4,6,2,1,13,655,177
44460,"Steamboat Springs, CO",2024-02-01,8,16,2,0,26,681,185
44460,"Steamboat Springs, CO",2024-03-01,12,16,1,1,30,711,197
44460,"Steamboat Springs, CO",2024-04-01,11,7,2,0,20,731,208
44460,"Steamboat Springs, CO",2024-05-01,9,15,3,0,27,758,217
44460,"Steamboat Springs, CO",2024-06-01,6,8,2,0,16,774,223
44460,"Steamboat Springs, CO",2024-07-01,3,6,2,0,11,785,226
44460,"Steamboat Springs, CO",2024-08-01,2,7,2,2,13,798,228
44460,"Steamboat Springs, CO",2024-09-01,1,14,0,1,16,814,229
44460,"Steamboat Springs, CO",2024-10-01,5,13,5,0,23,837,234
44460,"Steamboat Springs, CO",2024-11-01,4,15,1,0,20,857,238
44460,"Steamboat Springs, CO",2024-12-01,2,14,2,0,18,875,240
44460,"Steamboat Springs, CO",2025-01-01,9,10,4,0,23,898,249
44460,"Steamboat Springs, CO",2025-02-01,7,13,1,0,21,919,256
44460,"Steamboat Springs, CO",2025-03-01,8,9,4,1,22,941,264
44460,"Steamboat Springs, CO",2025-04-01,7,10,3,0,20,961,271
44460,"Steamboat Springs, CO",2025-05-01,6,6,3,0,15,976,277
44460,"Steamboat Springs, CO",2025-06-01,7,5,1,2,15,991,284
44460,"Steamboat Springs, CO",2025-07-01,2,10,2,0,14,1005,286
44460,"Steamboat Springs, CO",2025-08-01,4,8,2,0,14,1019,290
14860,"Bridgeport-Stamford-Danbury, CT",2019-01-01,6,122,35,3,166,166,6
14860,"Bridgeport-Stamford-Danbury, CT",2019-02-01,7,99,43,2,151,317,13
14860,"Bridgeport-Stamford-Danbury, CT",2019-03-01,5,159,35,7,206,523,18
14860,"Bridgeport-Stamford-Danbury, CT",2019-04-01,8,149,34,2,193,716,26
14860,"Bridgeport-Stamford-Danbury, CT",2019-05-01,3,158,28,0,189,905,29
14860,"Bridgeport-Stamford-Danbury, CT",2019-06-01,6,79,23,2,110,1015,35
14860,"Bridgeport-Stamford-Danbury, CT",2019-07-01,7,132,34,1,174,1189,42
14860,"Bridgeport-Stamford-Danbury, CT",2019-08-01,16,168,42,2,228,1417,58
14860,"Bridgeport-Stamford-Danbury, CT",2019-09-01,15,145,50,5,215,1632,73
14860,"Bridgeport-Stamford-Danbury, CT",2019-10-01,9,111,32,5,157,1789,82
14860,"Bridgeport-Stamford-Danbury, CT",2019-11-01,8,99,23,2,132,1921,90
14860,"Bridgeport-Stamford-Danbury, CT",2019-12-01,19,140,30,5,194,2115,109
14860,"Bridgeport-Stamford-Danbury, CT",2020-01-01,27,159,47,5,238,2353,136
14860,"Bridgeport-Stamford-Danbury, CT",2020-02-01,13,70,13,1,97,2450,149
14860,"Bridgeport-Stamford-Danbury, CT",2020-03-01,22,123,54,3,202,2652,171
14860,"Bridgeport-Stamford-Danbury, CT",2020-04-01,57,276,75,12,420,3072,228
14860,"Bridgeport-Stamford-Danbury, CT",2020-05-01,135,338,92,9,574,3646,363
14860,"Bridgeport-Stamford-Danbury, CT",2020-06-01,69,226,49,4,348,3994,432
14860,"Bridgeport-Stamford-Danbury, CT",2020-07-01,123,404,94,11,632,4626,555
14860,"Bridgeport-Stamford-Danbury, CT",2020-08-01,150,610,144,14,918,5544,705
14860,"Bridgeport-Stamford-Danbury, CT",2020-09-01,109,484,138,20,751,6295,814
14860,"Bridgeport-Stamford-Danbury, CT",2020-10-01,45,237,60,11,353,6648,859
14860,"Bridgeport-Stamford-Danbury, CT",2020-11-01,54,220,53,10,337,6985,913
14860,"Bridgeport-Stamford-Danbury, CT",2020-12-01,135,266,52,8,461,7446,1048
14860,"Bridgeport-Stamford-Danbury, CT",2021-01-01,192,405,109,10,716,8162,1240
14860,"Bridgeport-Stamford-Danbury, CT",2021-02-01,183,543,181,18,925,9087,1423
14860,"Bridgeport-Stamford-Danbury, CT",2021-03-01,218,582,167,18,985,10072,1641
14860,"Bridgeport-Stamford-Danbury, CT",2021-04-01,230,556,152,21,959,11031,1871
14860,"Bridgeport-Stamford-Danbury, CT",2021-05-01,284,577,137,15,1013,12044,2155
14860,"Bridgeport-Stamford-Danbury, CT",2021-06-01,290,632,139,8,1069,13113,2445
14860,"Bridgeport-Stamford-Danbury, CT",2021-07-01,220,698,154,19,1091,14204,2665
14860,"Bridgeport-Stamford-Danbury, CT",2021-08-01,171,643,151,14,979,15183,2836
14860,"Bridgeport-Stamford-Danbury, CT",2021-09-01,136,652,204,16,1008,16191,2972
14860,"Bridgeport-Stamford-Danbury, CT",2021-10-01,91,347,111,7,556,16747,3063
14860,"Bridgeport-Stamford-Danbury, CT",2021-11-01,108,385,104,16,613,17360,3171
14860,"Bridgeport-Stamford-Danbury, CT",2021-12-01,266,514,140,15,935,18295,3437
14860,"Bridgeport-Stamford-Danbury, CT",2022-01-01,228,576,126,16,946,19241,3665
14860,"Bridgeport-Stamford-Danbury, CT",2022-02-01,109,291,82,14,496,19737,3774
14860,"Bridgeport-Stamford-Danbury, CT",2022-03-01,89,252,80,10,431,20168,3863
14860,"Bridgeport-Stamford-Danbury, CT",2022-04-01,113,299,95,7,514,20682,3976
14860,"Bridgeport-Stamford-Danbury, CT",2022-05-01,216,395,99,15,725,21407,4192
14860,"Bridgeport-Stamford-Danbury, CT",2022-06-01,182,248,77,7,514,21921,4374
14860,"Bridgeport-Stamford-Danbury, CT",2022-07-01,169,288,82,10,549,22470,4543
14860,"Bridgeport-Stamford-Danbury, CT",2022-08-01,90,219,76,8,393,22863,4633
14860,"Bridgeport-Stamford-Danbury, CT",2022-09-01,124,341,112,11,588,23451,4757
14860,"Bridgeport-Stamford-Danbury, CT",2022-10-01,108,291,105,6,510,23961,4865
14860,"Bridgeport-Stamford-Danbury, CT",2022-11-01,171,353,92,11,627,24588,5036
14860,"Bridgeport-Stamford-Danbury, CT",2022-12-01,246,347,89,7,689,25277,5282
14860,"Bridgeport-Stamford-Danbury, CT",2023-01-01,213,367,132,11,723,26000,5495
14860,"Bridgeport-Stamford-Danbury, CT",2023-02-01,153,256,97,19,525,26525,5648
14860,"Bridgeport-Stamford-Danbury, CT",2023-03-01,168,360,130,11,669,27194,5816
14860,"Bridgeport-Stamford-Danbury, CT",2023-04-01,148,269,68,8,493,27687,5964
14860,"Bridgeport-Stamford-Danbury, CT",2023-05-01,169,225,50,8,452,28139,6133
14860,"Bridgeport-Stamford-Danbury, CT",2023-06-01,99,172,47,4,322,28461,6232
14860,"Bridgeport-Stamford-Danbury, CT",2023-07-01,110,175,53,1,339,28800,6342
14860,"Bridgeport-Stamford-Danbury, CT",2023-08-01,55,131,27,2,215,29015,6397
14860,"Bridgeport-Stamford-Danbury, CT",2023-09-01,122,313,91,4,530,29545,6519
14860,"Bridgeport-Stamford-Danbury, CT",2023-10-01,182,389,132,11,714,30259,6701
14860,"Bridgeport-Stamford-Danbury, CT",2023-11-01,162,410,135,9,716,30975,6863
14860,"Bridgeport-Stamford-Danbury, CT",2023-12-01,278,327,146,13,764,31739,7141
14860,"Bridgeport-Stamford-Danbury, CT",2024-01-01,250,472,142,15,879,32618,7391
14860,"Bridgeport-Stamford-Danbury, CT",2024-02-01,201,387,143,11,742,33360,7592
14860,"Bridgeport-Stamford-Danbury, CT",2024-03-01,224,391,127,14,756,34116,7816
14860,"Bridgeport-Stamford-Danbury, CT",2024-04-01,131,245,74,8,458,34574,7947
14860,"Bridgeport-Stamford-Danbury, CT",2024-05-01,241,340,111,16,708,35282,8188
14860,"Bridgeport-Stamford-Danbury, CT",2024-06-01,219,306,100,13,638,35920,8407
14860,"Bridgeport-Stamford-Danbury, CT",2024-07-01,112,230,71,11,424,36344,8519
14860,"Bridgeport-Stamford-Danbury, CT",2024-08-01,132,348,100,21,601,36945,8651
14860,"Bridgeport-Stamford-Danbury, CT",2024-09-01,146,373,139,21,679,37624,8797
14860,"Bridgeport-Stamford-Danbury, CT",2024-10-01,252,471,134,11,868,38492,9049
14860,"Bridgeport-Stamford-Danbury, CT",2024-11-01,269,464,126,9,868,39360,9318
14860,"Bridgeport-Stamford-Danbury, CT",2024-12-01,350,386,117,2,855,40215,9668
14860,"Bridgeport-Stamford-Danbury, CT",2025-01-01,308,495,133,16,952,41167,9976
14860,"Bridgeport-Stamford-Danbury, CT",2025-02-01,257,360,92,6,715,41882,10233
14860,"Bridgeport-Stamford-Danbury, CT",2025-03-01,283,390,107,5,785,42667,10516
14860,"Bridgeport-Stamford-Danbury, CT",2025-04-01,268,378,124,9,779,43446,10784
14860,"Bridgeport-Stamford-Danbury, CT",2025-05-01,386,366,107,12,871,44317,11170
14860,"Bridgeport-Stamford-Danbury, CT",2025-06-01,374,365,112,10,861,45178,11544
14860,"Bridgeport-Stamford-Danbury, CT",2025-07-01,312,332,91,9,744,45922,11856
14860,"Bridgeport-Stamford-Danbury, CT",2025-08-01,207,317,85,9,618,46540,12063
14860,"Bridgeport-Stamford-Danbury, CT",2025-09-01,7,3,1,0,11,46551,12070
20980,"El Dorado, AR",2019-01-01,0,1,1,0,2,2,0
20980,"El Dorado, AR",2019-02-01,0,1,0,0,1,3,0
20980,"El Dorado, AR",2019-03-01,0,1,0,0,1,4,0
20980,"El Dorado, AR",2019-04-01,0,2,0,0,2,6,0
20980,"El Dorado, AR",2019-05-01,0,2,2,0,4,10,0
20980,"El Dorado, AR",2019-06-01,0,3,0,0,3,13,0
20980,"El Dorado, AR",2019-07-01,3,4,3,0,10,23,3
20980,"El Dorado, AR",2019-08-01,0,5,4,0,9,32,3
20980,"El Dorado, AR",2019-09-01,1,6,4,0,11,43,4
20980,"El Dorado, AR",2019-10-01,0,8,2,0,10,53,4
20980,"El Dorado, AR",2019-11-01,1,5,3,0,9,62,5
20980,"El Dorado, AR",2019-12-01,0,7,0,0,7,69,5
20980,"El Dorado, AR",2020-01-01,0,5,0,0,5,74,5
20980,"El Dorado, AR",2020-02-01,0,6,0,0,6,80,5
20980,"El Dorado, AR",2020-03-01,1,8,2,0,11,91,6
20980,"El Dorado, AR",2020-04-01,4,10,3,1,18,109,10
20980,"El Dorado, AR",2020-05-01,4,8,3,1,16,125,14
20980,"El Dorado, AR",2020-06-01,5,9,3,0,17,142,19
20980,"El Dorado, AR",2020-07-01,6,12,7,0,25,167,25
20980,"El Dorado, AR",2020-08-01,1,22,1,2,26,193,26
20980,"El Dorado, AR",2020-09-01,3,15,0,0,18,211,29
20980,"El Dorado, AR",2020-10-01,4,15,4,1,24,235,33
20980,"El Dorado, AR",2020-11-01,2,5,2,0,9,244,35
20980,"El Dorado, AR",2020-12-01,6,20,1,0,27,271,41
20980,"El Dorado, AR",2021-01-01,7,23,5,1,36,307,48
20980,"El Dorado, AR",2021-02-01,2,17,2,0,21,328,50
20980,"El Dorado, AR",2021-03-01,4,9,5,2,20,348,54
20980,"El Dorado, AR",2021-04-01,2,20,2,1,25,373,56
20980,"El Dorado, AR",2021-05-01,18,17,8,1,44,417,74
20980,"El Dorado, AR",2021-06-01,9,14,6,0,29,446,83
20980,"El Dorado, AR",2021-07-01,7,14,3,3,27,473,90
20980,"El Dorado, AR",2021-08-01,5,12,0,0,17,490,95
20980,"El Dorado, AR",2021-09-01,5,7,3,0,15,505,100
20980,"El Dorado, AR",2021-10-01,3,14,2,0,19,524,103
20980,"El Dorado, AR",2021-11-01,3,16,2,0,21,545,106
20980,"El Dorado, AR",2021-12-01,6,16,2,0,24,569,112
20980,"El Dorado, AR",2022-01-01,4,17,5,0,26,595,116
20980,"El Dorado, AR",2022-02-01,0,12,3,1,16,611,116
20980,"El Dorado, AR",2022-03-01,9,9,3,0,21,632,125
20980,"El Dorado, AR",2022-04-01,3,11,2,0,16,648,128
20980,"El Dorado, AR",2022-05-01,5,9,2,0,16,664,133
20980,"El Dorado, AR",2022-06-01,6,5,2,0,13,677,139
20980,"El Dorado, AR",2022-07-01,5,11,1,0,17,694,144
20980,"El Dorado, AR",2022-08-01,6,12,5,0,23,717,150
20980,"El Dorado, AR",2022-09-01,1,7,2,0,10,727,151
20980,"El Dorado, AR",2022-10-01,2,4,7,2,15,742,153
20980,"El Dorado, AR",2022-11-01,6,13,4,0,23,765,159
20980,"El Dorado, AR",2022-12-01,5,12,1,0,18,783,164
20980,"El Dorado, AR",2023-01-01,2,9,3,0,14,797,166
20980,"El Dorado, AR",2023-02-01,4,9,1,0,14,811,170
20980,"El Dorado, AR",2023-03-01,10,15,5,0,30,841,180
20980,"El Dorado, AR",2023-04-01,15,6,4,0,25,866,195
20980,"El Dorado, AR",2023-05-01,8,16,3,1,28,894,203
20980,"El Dorado, AR",2023-06-01,3,11,3,0,17,911,206
20980,"El Dorado, AR",2023-07-01,8,13,2,0,23,934,214
20980,"El Dorado, AR",2023-08-01,7,16,5,0,28,962,221
20980,"El Dorado, AR",2023-09-01,11,12,2,1,26,988,232
20980,"El Dorado, AR",2023-10-01,5,11,3,1,20,1008,237
20980,"El Dorado, AR",2023-11-01,12,12,4,0,28,1036,249
20980,"El Dorado, AR",2023-12-01,7,11,3,0,21,1057,256
20980,"El Dorado, AR",2024-01-01,8,16,2,0,26,1083,264
20980,"El Dorado, AR",2024-02-01,11,12,5,0,28,1111,275
20980,"El Dorado, AR",2024-03-01,14,19,3,1,37,1148,289
20980,"El Dorado, AR",2024-04-01,10,7,3,2,22,1170,299
20980,"El Dorado, AR",2024-05-01,11,12,5,1,29,1199,310
20980,"El Dorado, AR",2024-06-01,8,14,5,0,27,1226,318
20980,"El Dorado, AR",2024-07-01,4,8,4,0,16,1242,322
20980,"El Dorado, AR",2024-08-01,5,10,4,0,19,1261,327
20980,"El Dorado, AR",2024-09-01,11,12,3,0,26,1287,338
20980,"El Dorado, AR",2024-10-01,8,11,6,1,26,1313,346
20980,"El Dorado, AR",2024-11-01,6,11,3,1,21,1334,352
20980,"El Dorado, AR",2024-12-01,16,14,4,0,34,1368,368
20980,"El Dorado, AR",2025-01-01,13,10,2,2,27,1395,381
20980,"El Dorado, AR",2025-02-01,14,7,1,1,23,1418,395
20980,"El Dorado, AR",2025-03-01,19,8,2,0,29,1447,414
20980,"El Dorado, AR",2025-04-01,12,17,2,0,31,1478,426
20980,"El Dorado, AR",2025-05-01,31,12,2,0,45,1523,457
20980,"El Dorado, AR",2025-06-01,23,18,7,2,50,1573,480
20980,"El Dorado, AR",2025-07-01,25,10,7,1,43,1616,505
20980,"El Dorado, AR",2025-08-01,14,12,0,0,26,1642,519
22060,"Faribault-Northfield, MN",2019-01-01,0,0,2,0,2,2,0
22060,"Faribault-Northfield, MN",2019-02-01,1,3,0,0,4,6,1
22060,"Faribault-Northfield, MN",2019-03-01,0,5,3,0,8,14,1
22060,"Faribault-Northfield, MN",2019-04-01,0,1,0,0,1,15,1
22060,"Faribault-Northfield, MN",2019-05-01,0,3,2,0,5,20,1
22060,"Faribault-Northfield, MN",2019-06-01,1,4,0,1,6,26,2
22060,"Faribault-Northfield, MN",2019-07-01,1,2,1,0,4,30,3
22060,"Faribault-Northfield, MN",2019-08-01,0,4,3,0,7,37,3
22060,"Faribault-Northfield, MN",2019-09-01,0,7,1,1,9,46,3
22060,"Faribault-Northfield, MN",2019-10-01,0,7,2,0,9,55,3
22060,"Faribault-Northfield, MN",2019-11-01,0,3,0,1,4,59,3
22060,"Faribault-Northfield, MN",2019-12-01,1,4,1,0,6,65,4
22060,"Faribault-Northfield, MN",2020-01-01,0,3,2,0,5,70,4
22060,"Faribault-Northfield, MN",2020-02-01,0,7,2,1,10,80,4
22060,"Faribault-Northfield, MN",2020-03-01,0,7,4,0,11,91,4
22060,"Faribault-Northfield, MN",2020-04-01,3,8,5,1,17,108,7
22060,"Faribault-Northfield, MN",2020-05-01,6,18,3,0,27,135,13
22060,"Faribault-Northfield, MN",2020-06-01,10,16,8,0,34,169,23
22060,"Faribault-Northfield, MN",2020-07-01,7,16,5,1,29,198,30
22060,"Faribault-Northfield, MN",2020-08-01,6,28,3,0,37,235,36
22060,"Faribault-Northfield, MN",2020-09-01,10,24,8,0,42,277,46
22060,"Faribault-Northfield, MN",2020-10-01,10,36,2,0,48,325,56
22060,"Faribault-Northfield, MN",2020-11-01,12,41,10,0,63,388,68
22060,"Faribault-Northfield, MN",2020-12-01,16,44,8,0,68,456,84
22060,"Faribault-Northfield, MN",2021-01-01,23,35,14,0,72,528,107
22060,"Faribault-Northfield, MN",2021-02-01,15,26,5,0,46,574,122
22060,"Faribault-Northfield, MN",2021-03-01,18,27,10,0,55,629,140
22060,"Faribault-Northfield, MN",2021-04-01,15,21,11,0,47,676,155
22060,"Faribault-Northfield, MN",2021-05-01,19,52,7,2,80,756,174
22060,"Faribault-Northfield, MN",2021-06-01,15,21,7,0,43,799,189
22060,"Faribault-Northfield, MN",2021-07-01,15,37,10,0,62,861,204
22060,"Faribault-Northfield, MN",2021-08-01,10,29,10,0,49,910,214
22060,"Faribault-Northfield, MN",2021-09-01,16,38,14,0,68,978,230
22060,"Faribault-Northfield, MN",2021-10-01,10,32,13,0,55,1033,240
22060,"Faribault-Northfield, MN",2021-11-01,18,29,11,2,60,1093,258
22060,"Faribault-Northfield, MN",2021-12-01,20,29,12,2,63,1156,278
22060,"Faribault-Northfield, MN",2022-01-01,17,33,5,1,56,1212,295
22060,"Faribault-Northfield, MN",2022-02-01,20,31,12,2,65,1277,315
22060,"Faribault-Northfield, MN",2022-03-01,18,35,15,1,69,1346,333
22060,"Faribault-Northfield, MN",2022-04-01,11,35,11,0,57,1403,344
22060,"Faribault-Northfield, MN",2022-05-01,12,18,3,0,33,1436,356
22060,"Faribault-Northfield, MN",2022-06-01,21,26,5,0,52,1488,377
22060,"Faribault-Northfield, MN",2022-07-01,16,31,11,0,58,1546,393
22060,"Faribault-Northfield, MN",2022-08-01,14,35,11,1,61,1607,407
22060,"Faribault-Northfield, MN",2022-09-01,18,31,7,0,56,1663,425
22060,"Faribault-Northfield, MN",2022-10-01,20,17,13,1,51,1714,445
22060,"Faribault-Northfield, MN",2022-11-01,22,30,9,2,63,1777,467
22060,"Faribault-Northfield, MN",2022-12-01,19,27,8,1,55,1832,486
22060,"Faribault-Northfield, MN",2023-01-01,23,25,12,0,60,1892,509
22060,"Faribault-Northfield, MN",2023-02-01,20,37,12,3,72,1964,529
22060,"Faribault-Northfield, MN",2023-03-01,25,34,13,1,73,2037,554
22060,"Faribault-Northfield, MN",2023-04-01,20,28,15,0,63,2100,574
22060,"Faribault-Northfield, MN",2023-05-01,17,27,6,0,50,2150,591
22060,"Faribault-Northfield, MN",2023-06-01,18,20,8,1,47,2197,609
22060,"Faribault-Northfield, MN",2023-07-01,18,31,6,0,55,2252,627
22060,"Faribault-Northfield, MN",2023-08-01,15,14,5,3,37,2289,642
22060,"Faribault-Northfield, MN",2023-09-01,17,30,8,1,56,2345,659
22060,"Faribault-Northfield, MN",2023-10-01,23,34,4,2,63,2408,682
22060,"Faribault-Northfield, MN",2023-11-01,15,34,10,0,59,2467,697
22060,"Faribault-Northfield, MN",2023-12-01,26,29,7,3,65,2532,723
22060,"Faribault-Northfield, MN",2024-01-01,38,43,9,0,90,2622,761
22060,"Faribault-Northfield, MN",2024-02-01,18,39,8,3,68,2690,779
22060,"Faribault-Northfield, MN",2024-03-01,30,30,10,3,73,2763,809
22060,"Faribault-Northfield, MN",2024-04-01,22,24,8,1,55,2818,831
22060,"Faribault-Northfield, MN",2024-05-01,27,37,11,1,76,2894,858
22060,"Faribault-Northfield, MN",2024-06-01,20,22,2,0,44,2938,878
22060,"Faribault-Northfield, MN",2024-07-01,11,12,7,2,32,2970,889
22060,"Faribault-Northfield, MN",2024-08-01,20,38,9,0,67,3037,909
22060,"Faribault-Northfield, MN",2024-09-01,16,26,8,0,50,3087,925
22060,"Faribault-Northfield, MN",2024-10-01,26,37,7,2,72,3159,951
22060,"Faribault-Northfield, MN",2024-11-01,13,32,11,4,60,3219,964
22060,"Faribault-Northfield, MN",2024-12-01,27,37,14,1,79,3298,991
22060,"Faribault-Northfield, MN",2025-01-01,26,34,13,0,73,3371,1017
22060,"Faribault-Northfield, MN",2025-02-01,21,21,5,1,48,3419,1038
22060,"Faribault-Northfield, MN",2025-03-01,22,39,8,1,70,3489,1060
22060,"Faribault-Northfield, MN",2025-04-01,15,18,6,0,39,3528,1075
22060,"Faribault-Northfield, MN",2025-05-01,33,25,5,1,64,3592,1108
22060,"Faribault-Northfield, MN",2025-06-01,17,23,6,0,46,3638,1125
22060,"Faribault-Northfield, MN",2025-07-01,17,19,6,0,42,3680,1142
22060,"Faribault-Northfield, MN",2025-08-01,6,10,2,0,18,3698,1148
14740,"Bremerton-Silverdale-Port Orchard, WA",2019-01-01,3,60,17,0,80,80,3
14740,"Bremerton-Silverdale-Port Orchard, WA",2019-02-01,2,52,14,1,69,149,5
14740,"Bremerton-Silverdale-Port Orchard, WA",2019-03-01,1,68,13,1,83,232,6
14740,"Bremerton-Silverdale-Port Orchard, WA",2019-04-01,2,73,12,3,90,322,8
14740,"Bremerton-Silverdale-Port Orchard, WA",2019-05-01,2,72,12,4,90,412,10
14740,"Bremerton-Silverdale-Port Orchard, WA",2019-06-01,5,45,10,0,60,472,15
14740,"Bremerton-Silverdale-Port Orchard, WA",2019-07-01,4,59,12,0,75,547,19
14740,"Bremerton-Silverdale-Port Orchard, WA",2019-08-01,5,78,11,0,94,641,24
14740,"Bremerton-Silverdale-Port Orchard, WA",2019-09-01,7,64,13,1,85,726,31
14740,"Bremerton-Silverdale-Port Orchard, WA",2019-10-01,8,94,11,3,116,842,39
14740,"Bremerton-Silverdale-Port Orchard, WA",2019-11-01,6,72,11,1,90,932,45
14740,"Bremerton-Silverdale-Port Orchard, WA",2019-12-01,8,58,9,2,77,1009,53
14740,"Bremerton-Silverdale-Port Orchard, WA",2020-01-01,9,84,6,1,100,1109,62
14740,"Bremerton-Silverdale-Port Orchard, WA",2020-02-01,6,67,10,2,85,1194,68
14740,"Bremerton-Silverdale-Port Orchard, WA",2020-03-01,16,66,14,3,99,1293,84
14740,"Bremerton-Silverdale-Port Orchard, WA",2020-04-01,36,148,33,4,221,1514,120
14740,"Bremerton-Silverdale-Port Orchard, WA",2020-05-01,71,180,30,0,281,1795,191
14740,"Bremerton-Silverdale-Port Orchard, WA",2020-06-01,48,121,26,2,197,1992,239
14740,"Bremerton-Silverdale-Port Orchard, WA",2020-07-01,69,162,32,2,265,2257,308
14740,"Bremerton-Silverdale-Port Orchard, WA",2020-08-01,76,214,28,4,322,2579,384
14740,"Bremerton-Silverdale-Port Orchard, WA",2020-09-01,48,159,28,2,237,2816,432
14740,"Bremerton-Silverdale-Port Orchard, WA",2020-10-01,36,110,17,4,167,2983,468
14740,"Bremerton-Silverdale-Port Orchard, WA",2020-11-01,30,97,17,1,145,3128,498
14740,"Bremerton-Silverdale-Port Orchard, WA",2020-12-01,52,136,24,1,213,3341,550
14740,"Bremerton-Silverdale-Port Orchard, WA",2021-01-01,77,189,45,5,316,3657,627
14740,"Bremerton-Silverdale-Port Orchard, WA",2021-02-01,35,99,16,3,153,3810,662
14740,"Bremerton-Silverdale-Port Orchard, WA",2021-03-01,59,150,32,3,244,4054,721
14740,"Bremerton-Silverdale-Port Orchard, WA",2021-04-01,72,152,27,3,254,4308,793
14740,"Bremerton-Silverdale-Port Orchard, WA",2021-05-01,54,159,30,7,250,4558,847
14740,"Bremerton-Silverdale-Port Orchard, WA",2021-06-01,89,233,45,8,375,4933,936
14740,"Bremerton-Silverdale-Port Orchard, WA",2021-07-01,103,255,44,7,409,5342,1039
14740,"Bremerton-Silverdale-Port Orchard, WA",2021-08-01,98,264,34,5,401,5743,1137
14740,"Bremerton-Silverdale-Port Orchard, WA",2021-09-01,66,217,44,4,331,6074,1203
14740,"Bremerton-Silverdale-Port Orchard, WA",2021-10-01,40,118,19,1,178,6252,1243
14740,"Bremerton-Silverdale-Port Orchard, WA",2021-11-01,56,131,31,3,221,6473,1299
14740,"Bremerton-Silverdale-Port Orchard, WA",2021-12-01,74,189,35,5,303,6776,1373
14740,"Bremerton-Silverdale-Port Orchard, WA",2022-01-01,119,270,47,2,438,7214,1492
14740,"Bremerton-Silverdale-Port Orchard, WA",2022-02-01,43,92,30,3,168,7382,1535
14740,"Bremerton-Silverdale-Port Orchard, WA",2022-03-01,64,145,44,5,258,7640,1599
14740,"Bremerton-Silverdale-Port Orchard, WA",2022-04-01,37,102,20,1,160,7800,1636
14740,"Bremerton-Silverdale-Port Orchard, WA",2022-05-01,64,109,25,2,200,8000,1700
14740,"Bremerton-Silverdale-Port Orchard, WA",2022-06-01,35,82,19,4,140,8140,1735
14740,"Bremerton-Silverdale-Port Orchard, WA",2022-07-01,59,124,27,0,210,8350,1794
14740,"Bremerton-Silverdale-Port Orchard, WA",2022-08-01,85,214,34,4,337,8687,1879
14740,"Bremerton-Silverdale-Port Orchard, WA",2022-09-01,66,196,34,4,300,8987,1945
14740,"Bremerton-Silverdale-Port Orchard, WA",2022-10-01,40,122,33,1,196,9183,1985
14740,"Bremerton-Silverdale-Port Orchard, WA",2022-11-01,64,138,31,3,236,9419,2049
14740,"Bremerton-Silverdale-Port Orchard, WA",2022-12-01,68,116,35,1,220,9639,2117
14740,"Bremerton-Silverdale-Port Orchard, WA",2023-01-01,80,128,33,2,243,9882,2197
14740,"Bremerton-Silverdale-Port Orchard, WA",2023-02-01,57,108,26,3,194,10076,2254
14740,"Bremerton-Silverdale-Port Orchard, WA",2023-03-01,66,112,28,5,211,10287,2320
14740,"Bremerton-Silverdale-Port Orchard, WA",2023-04-01,55,87,21,3,166,10453,2375
14740,"Bremerton-Silverdale-Port Orchard, WA",2023-05-01,31,72,21,1,125,10578,2406
14740,"Bremerton-Silverdale-Port Orchard, WA",2023-06-01,34,42,13,1,90,10668,2440
14740,"Bremerton-Silverdale-Port Orchard, WA",2023-07-01,26,75,12,1,114,10782,2466
14740,"Bremerton-Silverdale-Port Orchard, WA",2023-08-01,44,87,22,0,153,10935,2510
14740,"Bremerton-Silverdale-Port Orchard, WA",2023-09-01,52,81,26,3,162,11097,2562
14740,"Bremerton-Silverdale-Port Orchard, WA",2023-10-01,102,124,30,3,259,11356,2664
14740,"Bremerton-Silverdale-Port Orchard, WA",2023-11-01,80,117,26,1,224,11580,2744
14740,"Bremerton-Silverdale-Port Orchard, WA",2023-12-01,70,98,24,3,195,11775,2814
14740,"Bremerton-Silverdale-Port Orchard, WA",2024-01-01,75,129,26,5,235,12010,2889
14740,"Bremerton-Silverdale-Port Orchard, WA",2024-02-01,87,97,25,1,210,12220,2976
14740,"Bremerton-Silverdale-Port Orchard, WA",2024-03-01,81,94,32,2,209,12429,3057
14740,"Bremerton-Silverdale-Port Orchard, WA",2024-04-01,82,92,27,1,202,12631,3139
14740,"Bremerton-Silverdale-Port Orchard, WA",2024-05-01,56,85,22,3,166,12797,3195
14740,"Bremerton-Silverdale-Port Orchard, WA",2024-06-01,44,50,15,0,109,12906,3239
14740,"Bremerton-Silverdale-Port Orchard, WA",2024-07-01,67,91,18,2,178,13084,3306
14740,"Bremerton-Silverdale-Port Orchard, WA",2024-08-01,63,63,20,2,148,13232,3369
14740,"Bremerton-Silverdale-Port Orchard, WA",2024-09-01,98,97,25,2,222,13454,3467
14740,"Bremerton-Silverdale-Port Orchard, WA",2024-10-01,101,118,25,3,247,13701,3568
14740,"Bremerton-Silverdale-Port Orchard, WA",2024-11-01,94,126,27,2,249,13950,3662
14740,"Bremerton-Silverdale-Port Orchard, WA",2024-12-01,92,112,34,2,240,14190,3754
14740,"Bremerton-Silverdale-Port Orchard, WA",2025-01-01,117,110,53,13,293,14483,3871
14740,"Bremerton-Silverdale-Port Orchard, WA",2025-02-01,92,92,29,6,219,14702,3963
14740,"Bremerton-Silverdale-Port Orchard, WA",2025-03-01,109,102,25,6,242,14944,4072
14740,"Bremerton-Silverdale-Port Orchard, WA",2025-04-01,103,75,15,0,193,15137,4175
14740,"Bremerton-Silverdale-Port Orchard, WA",2025-05-01,96,104,30,2,232,15369,4271
14740,"Bremerton-Silverdale-Port Orchard, WA",2025-06-01,110,84,27,2,223,15592,4381
14740,"Bremerton-Silverdale-Port Orchard, WA",2025-07-01,85,83,26,4,198,15790,4466
14740,"Bremerton-Silverdale-Port Orchard, WA",2025-08-01,92,72,17,22,203,15993,4558
14740,"Bremerton-Silverdale-Port Orchard, WA",2025-09-01,3,3,0,0,6,15999,4561
26540,"Huntington, IN",2019-01-01,0,4,1,0,5,5,0
26540,"Huntington, IN",2019-02-01,0,5,3,0,8,13,0
26540,"Huntington, IN",2019-03-01,0,3,2,0,5,18,0
26540,"Huntington, IN",2019-04-01,0,8,1,0,9,27,0
26540,"Huntington, IN",2019-05-01,2,7,2,0,11,38,2
26540,"Huntington, IN",2019-06-01,1,6,2,0,9,47,3
26540,"Huntington, IN",2019-07-01,1,7,5,0,13,60,4
26540,"Huntington, IN",2019-08-01,1,27,5,0,33,93,5
26540,"Huntington, IN",2019-09-01,4,18,4,0,26,119,9
26540,"Huntington, IN",2019-10-01,1,13,2,0,16,135,10
26540,"Huntington, IN",2019-11-01,1,13,2,1,17,152,11
26540,"Huntington, IN",2019-12-01,0,13,2,2,17,169,11
26540,"Huntington, IN",2020-01-01,2,16,6,0,24,193,13
26540,"Huntington, IN",2020-02-01,2,16,3,0,21,214,15
26540,"Huntington, IN",2020-03-01,2,13,5,1,21,235,17
26540,"Huntington, IN",2020-04-01,19,45,14,0,78,313,36
26540,"Huntington, IN",2020-05-01,17,39,9,0,65,378,53
26540,"Huntington, IN",2020-06-01,8,28,5,1,42,420,61
26540,"Huntington, IN",2020-07-01,7,33,11,0,51,471,68
26540,"Huntington, IN",2020-08-01,7,32,7,0,46,517,75
26540,"Huntington, IN",2020-09-01,5,25,1,0,31,548,80
26540,"Huntington, IN",2020-10-01,8,23,7,0,38,586,88
26540,"Huntington, IN",2020-11-01,10,19,5,1,35,621,98
26540,"Huntington, IN",2020-12-01,4,13,1,1,19,640,102
26540,"Huntington, IN",2021-01-01,7,23,9,1,40,680,109
26540,"Huntington, IN",2021-02-01,11,20,6,0,37,717,120
26540,"Huntington, IN",2021-03-01,11,31,11,0,53,770,131
26540,"Huntington, IN",2021-04-01,9,36,5,0,50,820,140
26540,"Huntington, IN",2021-05-01,4,22,5,0,31,851,144
26540,"Huntington, IN",2021-06-01,6,22,5,0,33,884,150
26540,"Huntington, IN",2021-07-01,5,11,2,1,19,903,155
26540,"Huntington, IN",2021-08-01,8,25,6,0,39,942,163
26540,"Huntington, IN",2021-09-01,7,35,11,0,53,995,170
26540,"Huntington, IN",2021-10-01,8,27,12,0,47,1042,178
26540,"Huntington, IN",2021-11-01,4,30,7,1,42,1084,182
26540,"Huntington, IN",2021-12-01,16,37,5,0,58,1142,198
26540,"Huntington, IN",2022-01-01,7,14,7,1,29,1171,205
26540,"Huntington, IN",2022-02-01,12,27,5,2,46,1217,217
26540,"Huntington, IN",2022-03-01,9,30,8,1,48,1265,226
26540,"Huntington, IN",2022-04-01,6,19,11,2,38,1303,232
26540,"Huntington, IN",2022-05-01,12,20,7,1,40,1343,244
26540,"Huntington, IN",2022-06-01,1,13,4,1,19,1362,245
26540,"Huntington, IN",2022-07-01,5,10,3,0,18,1380,250
26540,"Huntington, IN",2022-08-01,6,19,5,0,30,1410,256
26540,"Huntington, IN",2022-09-01,10,16,8,1,35,1445,266
26540,"Huntington, IN",2022-10-01,5,26,7,0,38,1483,271
26540,"Huntington, IN",2022-11-01,11,28,5,0,44,1527,282
26540,"Huntington, IN",2022-12-01,12,25,7,2,46,1573,294
26540,"Huntington, IN",2023-01-01,20,19,7,0,46,1619,314
26540,"Huntington, IN",2023-02-01,16,23,12,2,53,1672,330
26540,"Huntington, IN",2023-03-01,24,31,7,0,62,1734,354
26540,"Huntington, IN",2023-04-01,14,16,8,0,38,1772,368
26540,"Huntington, IN",2023-05-01,8,9,0,0,17,1789,376
26540,"Huntington, IN",2023-06-01,7,9,3,0,19,1808,383
26540,"Huntington, IN",2023-07-01,11,11,1,0,23,1831,394
26540,"Huntington, IN",2023-08-01,12,19,7,0,38,1869,406
26540,"Huntington, IN",2023-09-01,12,16,8,0,36,1905,418
26540,"Huntington, IN",2023-10-01,18,25,9,1,53,1958,436
26540,"Huntington, IN",2023-11-01,18,25,12,2,57,2015,454
26540,"Huntington, IN",2023-12-01,10,15,4,0,29,2044,464
26540,"Huntington, IN",2024-01-01,17,24,10,0,51,2095,481
26540,"Huntington, IN",2024-02-01,9,22,6,1,38,2133,490
26540,"Huntington, IN",2024-03-01,13,19,4,2,38,2171,503
26540,"Huntington, IN",2024-04-01,24,24,6,0,54,2225,527
26540,"Huntington, IN",2024-05-01,15,10,5,0,30,2255,542
26540,"Huntington, IN",2024-06-01,11,13,9,0,33,2288,553
26540,"Huntington, IN",2024-07-01,10,20,7,2,39,2327,563
26540,"Huntington, IN",2024-08-01,6,12,6,3,27,2354,569
26540,"Huntington, IN",2024-09-01,16,20,5,3,44,2398,585
26540,"Huntington, IN",2024-10-01,11,24,7,0,42,2440,596
26540,"Huntington, IN",2024-11-01,13,18,7,0,38,2478,609
26540,"Huntington, IN",2024-12-01,20,31,10,0,61,2539,629
26540,"Huntington, IN",2025-01-01,25,24,8,0,57,2596,654
26540,"Huntington, IN",2025-02-01,13,19,8,0,40,2636,667
26540,"Huntington, IN",2025-03-01,21,22,11,0,54,2690,688
26540,"Huntington, IN",2025-04-01,28,22,6,1,57,2747,716
26540,"Huntington, IN",2025-05-01,18,22,13,1,54,2801,734
26540,"Huntington, IN",2025-06-01,19,19,12,0,50,2851,753
26540,"Huntington, IN",2025-07-01,16,18,8,0,42,2893,769
26540,"Huntington, IN",2025-08-01,17,14,3,1,35,2928,786
12540,"Bakersfield-Delano, CA",2019-01-01,0,117,31,3,151,151,0
12540,"Bakersfield-Delano, CA",2019-02-01,0,48,17,2,67,218,0
12540,"Bakersfield-Delano, CA",2019-03-01,1,56,12,1,70,288,1
12540,"Bakersfield-Delano, CA",2019-04-01,1,52,12,2,67,355,2
12540,"Bakersfield-Delano, CA",2019-05-01,2,65,7,1,75,430,4
12540,"Bakersfield-Delano, CA",2019-06-01,4,77,21,4,106,536,8
12540,"Bakersfield-Delano, CA",2019-07-01,3,88,14,2,107,643,11
12540,"Bakersfield-Delano, CA",2019-08-01,8,119,31,1,159,802,19
12540,"Bakersfield-Delano, CA",2019-09-01,14,110,28,3,155,957,33
12540,"Bakersfield-Delano, CA",2019-10-01,8,80,16,3,107,1064,41
12540,"Bakersfield-Delano, CA",2019-11-01,8,111,23,1,143,1207,49
12540,"Bakersfield-Delano, CA",2019-12-01,17,88,15,0,120,1327,66
12540,"Bakersfield-Delano, CA",2020-01-01,17,108,24,3,152,1479,83
12540,"Bakersfield-Delano, CA",2020-02-01,20,116,26,5,167,1646,103
12540,"Bakersfield-Delano, CA",2020-03-01,18,161,27,1,207,1853,121
12540,"Bakersfield-Delano, CA",2020-04-01,95,393,83,6,577,2430,216
12540,"Bakersfield-Delano, CA",2020-05-01,86,279,71,3,439,2869,302
12540,"Bakersfield-Delano, CA",2020-06-01,106,285,64,1,456,3325,408
12540,"Bakersfield-Delano, CA",2020-07-01,142,490,109,10,751,4076,550
12540,"Bakersfield-Delano, CA",2020-08-01,160,456,104,9,729,4805,710
12540,"Bakersfield-Delano, CA",2020-09-01,121,476,68,8,673,5478,831
12540,"Bakersfield-Delano, CA",2020-10-01,130,371,86,13,600,6078,961
12540,"Bakersfield-Delano, CA",2020-11-01,83,320,44,7,454,6532,1044
12540,"Bakersfield-Delano, CA",2020-12-01,80,218,41,5,344,6876,1124
12540,"Bakersfield-Delano, CA",2021-01-01,90,285,59,10,444,7320,1214
12540,"Bakersfield-Delano, CA",2021-02-01,53,161,52,3,269,7589,1267
12540,"Bakersfield-Delano, CA",2021-03-01,127,368,85,9,589,8178,1394
12540,"Bakersfield-Delano, CA",2021-04-01,101,312,65,5,483,8661,1495
12540,"Bakersfield-Delano, CA",2021-05-01,108,257,69,6,440,9101,1603
12540,"Bakersfield-Delano, CA",2021-06-01,75,254,56,8,393,9494,1678
12540,"Bakersfield-Delano, CA",2021-07-01,74,196,33,3,306,9800,1752
12540,"Bakersfield-Delano, CA",2021-08-01,96,293,59,4,452,10252,1848
12540,"Bakersfield-Delano, CA",2021-09-01,119,354,98,6,577,10829,1967
12540,"Bakersfield-Delano, CA",2021-10-01,45,156,39,8,248,11077,2012
12540,"Bakersfield-Delano, CA",2021-11-01,44,165,37,2,248,11325,2056
12540,"Bakersfield-Delano, CA",2021-12-01,46,175,37,6,264,11589,2102
12540,"Bakersfield-Delano, CA",2022-01-01,121,338,91,11,561,12150,2223
12540,"Bakersfield-Delano, CA",2022-02-01,75,198,48,6,327,12477,2298
12540,"Bakersfield-Delano, CA",2022-03-01,96,220,70,9,395,12872,2394
12540,"Bakersfield-Delano, CA",2022-04-01,52,151,27,7,237,13109,2446
12540,"Bakersfield-Delano, CA",2022-05-01,58,159,60,5,282,13391,2504
12540,"Bakersfield-Delano, CA",2022-06-01,98,224,47,6,375,13766,2602
12540,"Bakersfield-Delano, CA",2022-07-01,48,144,26,3,221,13987,2650
12540,"Bakersfield-Delano, CA",2022-08-01,78,202,59,5,344,14331,2728
12540,"Bakersfield-Delano, CA",2022-09-01,45,131,19,2,197,14528,2773
12540,"Bakersfield-Delano, CA",2022-10-01,61,135,40,6,242,14770,2834
12540,"Bakersfield-Delano, CA",2022-11-01,124,218,67,3,412,15182,2958
12540,"Bakersfield-Delano, CA",2022-12-01,151,328,86,4,569,15751,3109
12540,"Bakersfield-Delano, CA",2023-01-01,112,216,50,6,384,16135,3221
12540,"Bakersfield-Delano, CA",2023-02-01,79,154,57,7,297,16432,3300
12540,"Bakersfield-Delano, CA",2023-03-01,175,316,96,8,595,17027,3475
12540,"Bakersfield-Delano, CA",2023-04-01,56,113,35,3,207,17234,3531
12540,"Bakersfield-Delano, CA",2023-05-01,65,111,42,2,220,17454,3596
12540,"Bakersfield-Delano, CA",2023-06-01,75,114,16,3,208,17662,3671
12540,"Bakersfield-Delano, CA",2023-07-01,58,128,21,1,208,17870,3729
12540,"Bakersfield-Delano, CA",2023-08-01,41,74,26,6,147,18017,3770
12540,"Bakersfield-Delano, CA",2023-09-01,70,170,48,6,294,18311,3840
12540,"Bakersfield-Delano, CA",2023-10-01,60,161,27,3,251,18562,3900
12540,"Bakersfield-Delano, CA",2023-11-01,155,332,91,5,583,19145,4055
12540,"Bakersfield-Delano, CA",2023-12-01,259,392,126,7,784,19929,4314
12540,"Bakersfield-Delano, CA",2024-01-01,100,231,48,6,385,20314,4414
12540,"Bakersfield-Delano, CA",2024-02-01,94,150,46,6,296,20610,4508
12540,"Bakersfield-Delano, CA",2024-03-01,60,121,37,3,221,20831,4568
12540,"Bakersfield-Delano, CA",2024-04-01,57,131,20,5,213,21044,4625
12540,"Bakersfield-Delano, CA",2024-05-01,54,153,37,5,249,21293,4679
12540,"Bakersfield-Delano, CA",2024-06-01,47,133,34,2,216,21509,4726
12540,"Bakersfield-Delano, CA",2024-07-01,56,171,26,3,256,21765,4782
12540,"Bakersfield-Delano, CA",2024-08-01,49,162,27,7,245,22010,4831
12540,"Bakersfield-Delano, CA",2024-09-01,39,121,22,2,184,22194,4870
12540,"Bakersfield-Delano, CA",2024-10-01,42,126,10,1,179,22373,4912
12540,"Bakersfield-Delano, CA",2024-11-01,52,158,24,1,235,22608,4964
12540,"Bakersfield-Delano, CA",2024-12-01,78,142,31,2,253,22861,5042
12540,"Bakersfield-Delano, CA",2025-01-01,64,135,17,2,218,23079,5106
12540,"Bakersfield-Delano, CA",2025-02-01,65,116,20,4,205,23284,5171
12540,"Bakersfield-Delano, CA",2025-03-01,75,137,21,2,235,23519,5246
12540,"Bakersfield-Delano, CA",2025-04-01,73,120,21,1,215,23734,5319
12540,"Bakersfield-Delano, CA",2025-05-01,94,190,37,1,322,24056,5413
12540,"Bakersfield-Delano, CA",2025-06-01,58,98,17,0,173,24229,5471
12540,"Bakersfield-Delano, CA",2025-07-01,58,93,15,0,166,24395,5529
12540,"Bakersfield-Delano, CA",2025-08-01,39,85,13,1,138,24533,5568
12540,"Bakersfield-Delano, CA",2025-09-01,1,1,0,0,2,24535,5569
35340,"New Iberia, LA",2019-01-01,0,5,0,0,5,5,0
35340,"New Iberia, LA",2019-02-01,0,4,1,0,5,10,0
35340,"New Iberia, LA",2019-03-01,0,7,1,0,8,18,0
35340,"New Iberia, LA",2019-04-01,1,8,2,0,11,29,1
35340,"New Iberia, LA",2019-05-01,0,11,8,1,20,49,1
35340,"New Iberia, LA",2019-06-01,0,8,3,0,11,60,1
35340,"New Iberia, LA",2019-07-01,0,9,6,1,16,76,1
35340,"New Iberia, LA",2019-08-01,1,9,4,2,16,92,2
35340,"New Iberia, LA",2019-09-01,2,15,2,0,19,111,4
35340,"New Iberia, LA",2019-10-01,1,6,0,0,7,118,5
35340,"New Iberia, LA",2019-11-01,0,7,3,0,10,128,5
35340,"New Iberia, LA",2019-12-01,0,7,3,1,11,139,5
35340,"New Iberia, LA",2020-01-01,2,11,1,0,14,153,7
35340,"New Iberia, LA",2020-02-01,2,11,2,0,15,168,9
35340,"New Iberia, LA",2020-03-01,4,17,3,0,24,192,13
35340,"New Iberia, LA",2020-04-01,4,24,5,0,33,225,17
35340,"New Iberia, LA",2020-05-01,3,38,1,0,42,267,20
35340,"New Iberia, LA",2020-06-01,9,33,14,0,56,323,29
35340,"New Iberia, LA",2020-07-01,18,45,13,1,77,400,47
35340,"New Iberia, LA",2020-08-01,11,41,16,1,69,469,58
35340,"New Iberia, LA",2020-09-01,8,30,13,0,51,520,66
35340,"New Iberia, LA",2020-10-01,13,38,8,0,59,579,79
35340,"New Iberia, LA",2020-11-01,6,34,11,0,51,630,85
35340,"New Iberia, LA",2020-12-01,11,35,7,1,54,684,96
35340,"New Iberia, LA",2021-01-01,10,38,10,1,59,743,106
35340,"New Iberia, LA",2021-02-01,9,36,9,0,54,797,115
35340,"New Iberia, LA",2021-03-01,23,37,11,2,73,870,138
35340,"New Iberia, LA",2021-04-01,12,56,6,2,76,946,150
35340,"New Iberia, LA",2021-05-01,19,76,14,0,109,1055,169
35340,"New Iberia, LA",2021-06-01,12,40,6,0,58,1113,181
35340,"New Iberia, LA",2021-07-01,18,52,8,2,80,1193,199
35340,"New Iberia, LA",2021-08-01,17,51,17,2,87,1280,216
35340,"New Iberia, LA",2021-09-01,15,65,7,0,87,1367,231
35340,"New Iberia, LA",2021-10-01,13,49,8,0,70,1437,244
35340,"New Iberia, LA",2021-11-01,4,17,7,0,28,1465,248
35340,"New Iberia, LA",2021-12-01,30,53,12,1,96,1561,278
35340,"New Iberia, LA",2022-01-01,10,36,9,1,56,1617,288
35340,"New Iberia, LA",2022-02-01,12,27,2,2,43,1660,300
35340,"New Iberia, LA",2022-03-01,25,62,17,1,105,1765,325
35340,"New Iberia, LA",2022-04-01,29,66,15,0,110,1875,354
35340,"New Iberia, LA",2022-05-01,21,45,12,0,78,1953,375
35340,"New Iberia, LA",2022-06-01,16,27,9,1,53,2006,391
35340,"New Iberia, LA",2022-07-01,7,34,3,1,45,2051,398
35340,"New Iberia, LA",2022-08-01,10,30,8,1,49,2100,408
35340,"New Iberia, LA",2022-09-01,17,34,14,3,68,2168,425
35340,"New Iberia, LA",2022-10-01,18,24,10,1,53,2221,443
35340,"New Iberia, LA",2022-11-01,21,43,10,0,74,2295,464
35340,"New Iberia, LA",2022-12-01,35,49,11,0,95,2390,499
35340,"New Iberia, LA",2023-01-01,29,37,8,1,75,2465,528
35340,"New Iberia, LA",2023-02-01,25,42,12,0,79,2544,553
35340,"New Iberia, LA",2023-03-01,43,52,21,1,117,2661,596
35340,"New Iberia, LA",2023-04-01,22,48,12,1,83,2744,618
35340,"New Iberia, LA",2023-05-01,15,31,6,0,52,2796,633
35340,"New Iberia, LA",2023-06-01,6,24,11,1,42,2838,639
35340,"New Iberia, LA",2023-07-01,12,15,11,0,38,2876,651
35340,"New Iberia, LA",2023-08-01,19,31,20,2,72,2948,670
35340,"New Iberia, LA",2023-09-01,26,56,19,1,102,3050,696
35340,"New Iberia, LA",2023-10-01,20,44,9,0,73,3123,716
35340,"New Iberia, LA",2023-11-01,44,50,15,0,109,3232,760
35340,"New Iberia, LA",2023-12-01,36,59,12,4,111,3343,796
35340,"New Iberia, LA",2024-01-01,45,65,18,1,129,3472,841
35340,"New Iberia, LA",2024-02-01,32,47,21,5,105,3577,873
35340,"New Iberia, LA",2024-03-01,43,56,19,1,119,3696,916
35340,"New Iberia, LA",2024-04-01,35,72,20,2,129,3825,951
35340,"New Iberia, LA",2024-05-01,52,89,28,0,169,3994,1003
35340,"New Iberia, LA",2024-06-01,54,91,29,6,180,4174,1057
35340,"New Iberia, LA",2024-07-01,20,44,19,0,83,4257,1077
35340,"New Iberia, LA",2024-08-01,25,45,12,0,82,4339,1102
35340,"New Iberia, LA",2024-09-01,25,37,18,1,81,4420,1127
35340,"New Iberia, LA",2024-10-01,37,65,18,3,123,4543,1164
35340,"New Iberia, LA",2024-11-01,41,83,20,0,144,4687,1205
35340,"New Iberia, LA",2024-12-01,43,74,18,3,138,4825,1248
35340,"New Iberia, LA",2025-01-01,38,67,18,1,124,4949,1286
35340,"New Iberia, LA",2025-02-01,37,40,15,2,94,5043,1323
35340,"New Iberia, LA",2025-03-01,66,66,22,4,158,5201,1389
35340,"New Iberia, LA",2025-04-01,54,57,13,5,129,5330,1443
35340,"New Iberia, LA",2025-05-01,49,51,27,0,127,5457,1492
35340,"New Iberia, LA",2025-06-01,52,68,14,6,140,5597,1544
35340,"New Iberia, LA",2025-07-01,52,57,17,1,127,5724,1596
35340,"New Iberia, LA",2025-08-01,39,37,17,0,93,5817,1635
35340,"New Iberia, LA",2025-09-01,1,2,1,0,4,5821,1636
11140,"Americus, GA",2019-01-01,0,1,0,0,1,1,0
11140,"Americus, GA",2019-03-01,0,0,1,0,1,2,0
11140,"Americus, GA",2019-04-01,0,0,1,0,1,3,0
11140,"Americus, GA",2019-05-01,0,1,0,0,1,4,0
11140,"Americus, GA",2019-08-01,0,2,1,1,4,8,0
11140,"Americus, GA",2019-09-01,0,5,0,0,5,13,0
11140,"Americus, GA",2019-10-01,0,1,2,0,3,16,0
11140,"Americus, GA",2019-11-01,1,0,0,0,1,17,1
11140,"Americus, GA",2020-01-01,1,2,0,0,3,20,2
11140,"Americus, GA",2020-02-01,0,2,0,0,2,22,2
11140,"Americus, GA",2020-03-01,1,4,2,0,7,29,3
11140,"Americus, GA",2020-04-01,0,1,0,0,1,30,3
11140,"Americus, GA",2020-05-01,0,6,1,0,7,37,3
11140,"Americus, GA",2020-06-01,1,1,1,0,3,40,4
11140,"Americus, GA",2020-07-01,2,4,1,0,7,47,6
11140,"Americus, GA",2020-08-01,2,13,1,0,16,63,8
11140,"Americus, GA",2020-09-01,2,2,3,0,7,70,10
11140,"Americus, GA",2020-10-01,2,5,0,0,7,77,12
11140,"Americus, GA",2020-11-01,5,11,3,0,19,96,17
11140,"Americus, GA",2020-12-01,5,25,10,0,40,136,22
11140,"Americus, GA",2021-01-01,7,16,5,0,28,164,29
11140,"Americus, GA",2021-02-01,16,11,4,1,32,196,45
11140,"Americus, GA",2021-03-01,9,21,2,0,32,228,54
11140,"Americus, GA",2021-04-01,2,29,4,0,35,263,56
11140,"Americus, GA",2021-05-01,13,40,7,0,60,323,69
11140,"Americus, GA",2021-06-01,6,28,8,0,42,365,75
11140,"Americus, GA",2021-07-01,11,34,8,0,53,418,86
11140,"Americus, GA",2021-08-01,10,25,12,0,47,465,96
11140,"Americus, GA",2021-09-01,5,31,5,1,42,507,101
11140,"Americus, GA",2021-10-01,6,21,6,0,33,540,107
11140,"Americus, GA",2021-11-01,9,16,3,0,28,568,116
11140,"Americus, GA",2021-12-01,8,13,8,0,29,597,124
11140,"Americus, GA",2022-01-01,7,16,9,0,32,629,131
11140,"Americus, GA",2022-02-01,10,10,3,0,23,652,141
11140,"Americus, GA",2022-03-01,15,23,5,0,43,695,156
11140,"Americus, GA",2022-04-01,7,22,3,1,33,728,163
11140,"Americus, GA",2022-05-01,8,15,2,0,25,753,171
11140,"Americus, GA",2022-06-01,8,13,4,0,25,778,179
11140,"Americus, GA",2022-07-01,2,14,4,0,20,798,181
11140,"Americus, GA",2022-08-01,11,22,3,0,36,834,192
11140,"Americus, GA",2022-09-01,9,11,4,1,25,859,201
11140,"Americus, GA",2022-10-01,15,11,3,1,30,889,216
11140,"Americus, GA",2022-11-01,9,14,10,1,34,923,225
11140,"Americus, GA",2022-12-01,10,16,3,0,29,952,235
11140,"Americus, GA",2023-01-01,9,16,4,0,29,981,244
11140,"Americus, GA",2023-02-01,10,10,1,0,21,1002,254
11140,"Americus, GA",2023-03-01,15,22,3,1,41,1043,269
11140,"Americus, GA",2023-04-01,11,15,4,1,31,1074,280
11140,"Americus, GA",2023-05-01,7,9,5,0,21,1095,287
11140,"Americus, GA",2023-06-01,4,9,4,0,17,1112,291
11140,"Americus, GA",2023-07-01,6,11,4,0,21,1133,297
11140,"Americus, GA",2023-08-01,8,13,7,0,28,1161,305
11140,"Americus, GA",2023-09-01,7,14,2,0,23,1184,312
11140,"Americus, GA",2023-10-01,7,12,7,0,26,1210,319
11140,"Americus, GA",2023-11-01,10,17,1,1,29,1239,329
11140,"Americus, GA",2023-12-01,9,15,5,0,29,1268,338
11140,"Americus, GA",2024-01-01,14,10,4,0,28,1296,352
11140,"Americus, GA",2024-02-01,10,11,3,1,25,1321,362
11140,"Americus, GA",2024-03-01,20,26,3,2,51,1372,382
11140,"Americus, GA",2024-04-01,13,13,1,1,28,1400,395
11140,"Americus, GA",2024-05-01,13,21,5,0,39,1439,408
11140,"Americus, GA",2024-06-01,9,14,2,0,25,1464,417
11140,"Americus, GA",2024-07-01,4,7,5,0,16,1480,421
11140,"Americus, GA",2024-08-01,5,13,2,1,21,1501,426
11140,"Americus, GA",2024-09-01,15,10,4,0,29,1530,441
11140,"Americus, GA",2024-10-01,15,19,5,1,40,1570,456
11140,"Americus, GA",2024-11-01,11,18,2,0,31,1601,467
11140,"Americus, GA",2024-12-01,14,18,4,1,37,1638,481
11140,"Americus, GA",2025-01-01,19,12,5,1,37,1675,500
11140,"Americus, GA",2025-02-01,6,14,2,0,22,1697,506
11140,"Americus, GA",2025-03-01,15,12,3,1,31,1728,521
11140,"Americus, GA",2025-04-01,15,15,10,1,41,1769,536
11140,"Americus, GA",2025-05-01,18,19,4,0,41,1810,554
11140,"Americus, GA",2025-06-01,11,13,9,0,33,1843,565
11140,"Americus, GA",2025-07-01,14,10,5,1,30,1873,579
11140,"Americus, GA",2025-08-01,10,10,6,1,27,1900,589
32540,"McAlester, OK",2019-01-01,0,1,0,0,1,1,0
32540,"McAlester, OK",2019-02-01,0,1,1,1,3,4,0
32540,"McAlester, OK",2019-03-01,0,1,0,0,1,5,0
32540,"McAlester, OK",2019-04-01,0,1,1,0,2,7,0
32540,"McAlester, OK",2019-06-01,0,1,0,0,1,8,0
32540,"McAlester, OK",2019-07-01,0,0,1,0,1,9,0
32540,"McAlester, OK",2019-08-01,0,0,1,0,1,10,0
32540,"McAlester, OK",2019-10-01,0,2,0,0,2,12,0
32540,"McAlester, OK",2019-11-01,1,0,2,0,3,15,1
32540,"McAlester, OK",2019-12-01,0,1,0,0,1,16,1
32540,"McAlester, OK",2020-01-01,0,2,0,0,2,18,1
32540,"McAlester, OK",2020-02-01,0,1,0,0,1,19,1
32540,"McAlester, OK",2020-03-01,1,1,1,0,3,22,2
32540,"McAlester, OK",2020-04-01,0,5,1,0,6,28,2
32540,"McAlester, OK",2020-05-01,1,3,0,0,4,32,3
32540,"McAlester, OK",2020-06-01,0,1,0,0,1,33,3
32540,"McAlester, OK",2020-07-01,1,4,2,0,7,40,4
32540,"McAlester, OK",2020-08-01,0,5,1,0,6,46,4
32540,"McAlester, OK",2020-09-01,2,2,1,0,5,51,6
32540,"McAlester, OK",2020-10-01,2,3,1,0,6,57,8
32540,"McAlester, OK",2020-12-01,1,3,0,0,4,61,9
32540,"McAlester, OK",2021-01-01,0,7,0,1,8,69,9
32540,"McAlester, OK",2021-02-01,1,4,1,0,6,75,10
32540,"McAlester, OK",2021-03-01,1,6,0,0,7,82,11
32540,"McAlester, OK",2021-04-01,1,7,0,0,8,90,12
32540,"McAlester, OK",2021-05-01,5,9,1,0,15,105,17
32540,"McAlester, OK",2021-06-01,2,17,4,0,23,128,19
32540,"McAlester, OK",2021-07-01,0,15,4,0,19,147,19
32540,"McAlester, OK",2021-08-01,2,14,6,0,22,169,21
32540,"McAlester, OK",2021-09-01,2,10,5,1,18,187,23
32540,"McAlester, OK",2021-10-01,6,10,7,0,23,210,29
32540,"McAlester, OK",2021-11-01,3,11,3,1,18,228,32
32540,"McAlester, OK",2021-12-01,3,16,5,1,25,253,35
32540,"McAlester, OK",2022-01-01,6,10,6,0,22,275,41
32540,"McAlester, OK",2022-02-01,7,14,3,0,24,299,48
32540,"McAlester, OK",2022-03-01,7,19,6,0,32,331,55
32540,"McAlester, OK",2022-04-01,4,15,3,0,22,353,59
32540,"McAlester, OK",2022-05-01,4,11,7,1,23,376,63
32540,"McAlester, OK",2022-06-01,6,23,10,0,39,415,69
32540,"McAlester, OK",2022-07-01,7,23,2,0,32,447,76
32540,"McAlester, OK",2022-08-01,4,11,8,0,23,470,80
32540,"McAlester, OK",2022-09-01,2,6,7,0,15,485,82
32540,"McAlester, OK",2022-10-01,4,11,4,1,20,505,86
32540,"McAlester, OK",2022-11-01,3,14,3,0,20,525,89
32540,"McAlester, OK",2022-12-01,3,14,8,0,25,550,92
32540,"McAlester, OK",2023-01-01,5,10,2,0,17,567,97
32540,"McAlester, OK",2023-02-01,8,21,6,0,35,602,105
32540,"McAlester, OK",2023-03-01,19,35,5,0,59,661,124
32540,"McAlester, OK",2023-04-01,9,21,5,1,36,697,133
32540,"McAlester, OK",2023-05-01,2,13,9,0,24,721,135
32540,"McAlester, OK",2023-06-01,8,18,4,2,32,753,143
32540,"McAlester, OK",2023-07-01,7,15,8,0,30,783,150
32540,"McAlester, OK",2023-08-01,11,13,8,0,32,815,161
32540,"McAlester, OK",2023-09-01,8,26,7,0,41,856,169
32540,"McAlester, OK",2023-10-01,3,15,11,1,30,886,172
32540,"McAlester, OK",2023-11-01,8,19,8,0,35,921,180
32540,"McAlester, OK",2023-12-01,11,18,7,0,36,957,191
32540,"McAlester, OK",2024-01-01,10,19,5,0,34,991,201
32540,"McAlester, OK",2024-02-01,14,16,2,1,33,1024,215
32540,"McAlester, OK",2024-03-01,10,24,4,3,41,1065,225
32540,"McAlester, OK",2024-04-01,10,12,9,0,31,1096,235
32540,"McAlester, OK",2024-05-01,5,26,6,0,37,1133,240
32540,"McAlester, OK",2024-06-01,18,20,4,0,42,1175,258
32540,"McAlester, OK",2024-07-01,6,13,9,1,29,1204,264
32540,"McAlester, OK",2024-08-01,19,22,8,0,49,1253,283
32540,"McAlester, OK",2024-09-01,7,12,7,0,26,1279,290
32540,"McAlester, OK",2024-10-01,14,20,7,0,41,1320,304
32540,"McAlester, OK",2024-11-01,19,11,3,1,34,1354,323
32540,"McAlester, OK",2024-12-01,9,21,8,0,38,1392,332
32540,"McAlester, OK",2025-01-01,18,13,4,0,35,1427,350
32540,"McAlester, OK",2025-02-01,12,15,6,0,33,1460,362
32540,"McAlester, OK",2025-03-01,20,20,8,1,49,1509,382
32540,"McAlester, OK",2025-04-01,18,24,8,0,50,1559,400
32540,"McAlester, OK",2025-05-01,24,26,12,0,62,1621,424
32540,"McAlester, OK",2025-06-01,22,27,7,0,56,1677,446
32540,"McAlester, OK",2025-07-01,16,15,8,1,40,1717,462
32540,"McAlester, OK",2025-08-01,9,12,3,0,24,1741,471
32540,"McAlester, OK",2025-09-01,1,0,0,0,1,1742,472
25880,"Hillsdale, MI",2019-02-01,0,1,0,0,1,1,0
25880,"Hillsdale, MI",2019-04-01,0,2,0,0,2,3,0
25880,"Hillsdale, MI",2019-06-01,0,1,0,0,1,4,0
25880,"Hillsdale, MI",2019-08-01,0,1,1,0,2,6,0
25880,"Hillsdale, MI",2019-10-01,0,2,1,0,3,9,0
25880,"Hillsdale, MI",2019-12-01,1,2,1,0,4,13,1
25880,"Hillsdale, MI",2020-01-01,0,2,1,0,3,16,1
25880,"Hillsdale, MI",2020-02-01,0,0,1,0,1,17,1
25880,"Hillsdale, MI",2020-03-01,1,2,1,0,4,21,2
25880,"Hillsdale, MI",2020-04-01,0,3,0,0,3,24,2
25880,"Hillsdale, MI",2020-05-01,1,1,1,0,3,27,3
25880,"Hillsdale, MI",2020-06-01,1,0,0,0,1,28,4
25880,"Hillsdale, MI",2020-07-01,1,5,1,0,7,35,5
25880,"Hillsdale, MI",2020-08-01,2,4,3,0,9,44,7
25880,"Hillsdale, MI",2020-09-01,1,4,0,0,5,49,8
25880,"Hillsdale, MI",2020-10-01,3,4,4,0,11,60,11
25880,"Hillsdale, MI",2020-11-01,0,2,2,1,5,65,11
25880,"Hillsdale, MI",2020-12-01,1,5,0,0,6,71,12
25880,"Hillsdale, MI",2021-01-01,1,7,1,0,9,80,13
25880,"Hillsdale, MI",2021-02-01,1,6,2,0,9,89,14
25880,"Hillsdale, MI",2021-03-01,0,8,0,0,8,97,14
25880,"Hillsdale, MI",2021-04-01,0,9,2,0,11,108,14
25880,"Hillsdale, MI",2021-05-01,3,9,3,0,15,123,17
25880,"Hillsdale, MI",2021-06-01,1,7,2,0,10,133,18
25880,"Hillsdale, MI",2021-07-01,3,9,1,1,14,147,21
25880,"Hillsdale, MI",2021-08-01,6,14,0,1,21,168,27
25880,"Hillsdale, MI",2021-09-01,3,15,4,1,23,191,30
25880,"Hillsdale, MI",2021-10-01,5,12,6,0,23,214,35
25880,"Hillsdale, MI",2021-11-01,5,17,2,0,24,238,40
25880,"Hillsdale, MI",2021-12-01,1,21,4,0,26,264,41
25880,"Hillsdale, MI",2022-01-01,3,20,3,0,26,290,44
25880,"Hillsdale, MI",2022-02-01,3,18,5,0,26,316,47
25880,"Hillsdale, MI",2022-03-01,5,19,4,0,28,344,52
25880,"Hillsdale, MI",2022-04-01,3,24,2,1,30,374,55
25880,"Hillsdale, MI",2022-05-01,10,19,6,0,35,409,65
25880,"Hillsdale, MI",2022-06-01,7,13,4,0,24,433,72
25880,"Hillsdale, MI",2022-07-01,8,13,8,0,29,462,80
25880,"Hillsdale, MI",2022-08-01,4,8,2,1,15,477,84
25880,"Hillsdale, MI",2022-09-01,7,13,4,0,24,501,91
25880,"Hillsdale, MI",2022-10-01,5,8,6,0,19,520,96
25880,"Hillsdale, MI",2022-11-01,2,13,4,0,19,539,98
25880,"Hillsdale, MI",2022-12-01,10,13,4,1,28,567,108
25880,"Hillsdale, MI",2023-01-01,6,14,3,1,24,591,114
25880,"Hillsdale, MI",2023-02-01,8,8,7,0,23,614,122
25880,"Hillsdale, MI",2023-03-01,10,15,10,0,35,649,132
25880,"Hillsdale, MI",2023-04-01,9,15,3,0,27,676,141
25880,"Hillsdale, MI",2023-05-01,4,10,0,0,14,690,145
25880,"Hillsdale, MI",2023-06-01,7,7,2,0,16,706,152
25880,"Hillsdale, MI",2023-07-01,7,11,4,0,22,728,159
25880,"Hillsdale, MI",2023-08-01,3,10,0,1,14,742,162
25880,"Hillsdale, MI",2023-09-01,6,10,7,0,23,765,168
25880,"Hillsdale, MI",2023-10-01,8,9,3,1,21,786,176
25880,"Hillsdale, MI",2023-11-01,3,17,8,0,28,814,179
25880,"Hillsdale, MI",2023-12-01,7,11,6,0,24,838,186
25880,"Hillsdale, MI",2024-01-01,8,14,5,0,27,865,194
25880,"Hillsdale, MI",2024-02-01,9,5,5,1,20,885,203
25880,"Hillsdale, MI",2024-03-01,6,8,6,1,21,906,209
25880,"Hillsdale, MI",2024-04-01,8,10,6,0,24,930,217
25880,"Hillsdale, MI",2024-05-01,8,11,3,1,23,953,225
25880,"Hillsdale, MI",2024-06-01,4,9,4,1,18,971,229
25880,"Hillsdale, MI",2024-07-01,3,12,3,0,18,989,232
25880,"Hillsdale, MI",2024-08-01,3,6,0,0,9,998,235
25880,"Hillsdale, MI",2024-09-01,3,7,1,0,11,1009,238
25880,"Hillsdale, MI",2024-10-01,9,9,6,0,24,1033,247
25880,"Hillsdale, MI",2024-11-01,6,14,4,1,25,1058,253
25880,"Hillsdale, MI",2024-12-01,7,14,2,0,23,1081,260
25880,"Hillsdale, MI",2025-01-01,4,13,5,0,22,1103,264
25880,"Hillsdale, MI",2025-02-01,12,6,8,0,26,1129,276
25880,"Hillsdale, MI",2025-03-01,8,9,2,3,22,1151,284
25880,"Hillsdale, MI",2025-04-01,8,17,0,2,27,1178,292
25880,"Hillsdale, MI",2025-05-01,10,7,4,1,22,1200,302
25880,"Hillsdale, MI",2025-06-01,4,7,3,0,14,1214,306
25880,"Hillsdale, MI",2025-07-01,14,8,5,1,28,1242,320
25880,"Hillsdale, MI",2025-08-01,11,6,3,0,20,1262,331
25880,"Hillsdale, MI",2025-09-01,2,0,0,0,2,1264,333
19580,"Defiance, OH",2019-02-01,0,0,1,0,1,1,0
19580,"Defiance, OH",2019-03-01,1,1,1,0,3,4,1
19580,"Defiance, OH",2019-04-01,0,3,1,0,4,8,1
19580,"Defiance, OH",2019-05-01,0,3,0,1,4,12,1
19580,"Defiance, OH",2019-06-01,2,16,3,0,21,33,3
19580,"Defiance, OH",2019-07-01,1,11,8,2,22,55,4
19580,"Defiance, OH",2019-08-01,2,10,0,0,12,67,6
19580,"Defiance, OH",2019-09-01,1,8,1,1,11,78,7
19580,"Defiance, OH",2019-10-01,1,9,0,0,10,88,8
19580,"Defiance, OH",2019-11-01,0,10,1,1,12,100,8
19580,"Defiance, OH",2019-12-01,1,6,2,0,9,109,9
19580,"Defiance, OH",2020-01-01,1,19,2,1,23,132,10
19580,"Defiance, OH",2020-02-01,5,14,2,0,21,153,15
19580,"Defiance, OH",2020-03-01,3,11,6,0,20,173,18
19580,"Defiance, OH",2020-04-01,4,23,5,0,32,205,22
19580,"Defiance, OH",2020-05-01,4,9,2,0,15,220,26
19580,"Defiance, OH",2020-06-01,12,14,2,0,28,248,38
19580,"Defiance, OH",2020-07-01,5,17,1,2,25,273,43
19580,"Defiance, OH",2020-08-01,10,21,2,0,33,306,53
19580,"Defiance, OH",2020-09-01,10,16,2,0,28,334,63
19580,"Defiance, OH",2020-10-01,4,15,4,1,24,358,67
19580,"Defiance, OH",2020-11-01,5,8,4,0,17,375,72
19580,"Defiance, OH",2020-12-01,3,14,4,0,21,396,75
19580,"Defiance, OH",2021-01-01,6,17,5,0,28,424,81
19580,"Defiance, OH",2021-02-01,12,12,4,0,28,452,93
19580,"Defiance, OH",2021-03-01,13,19,4,1,37,489,106
19580,"Defiance, OH",2021-04-01,13,26,1,1,41,530,119
19580,"Defiance, OH",2021-05-01,6,15,6,1,28,558,125
19580,"Defiance, OH",2021-06-01,12,26,2,2,42,600,137
19580,"Defiance, OH",2021-07-01,9,20,8,1,38,638,146
19580,"Defiance, OH",2021-08-01,9,20,7,0,36,674,155
19580,"Defiance, OH",2021-09-01,13,15,5,0,33,707,168
19580,"Defiance, OH",2021-10-01,3,24,7,1,35,742,171
19580,"Defiance, OH",2021-11-01,12,18,9,2,41,783,183
19580,"Defiance, OH",2021-12-01,15,18,3,1,37,820,198
19580,"Defiance, OH",2022-01-01,15,29,9,0,53,873,213
19580,"Defiance, OH",2022-02-01,14,23,6,0,43,916,227
19580,"Defiance, OH",2022-03-01,19,21,10,1,51,967,246
19580,"Defiance, OH",2022-04-01,8,24,9,1,42,1009,254
19580,"Defiance, OH",2022-05-01,7,24,3,0,34,1043,261
19580,"Defiance, OH",2022-06-01,9,16,5,1,31,1074,270
19580,"Defiance, OH",2022-07-01,9,12,4,0,25,1099,279
19580,"Defiance, OH",2022-08-01,12,16,5,1,34,1133,291
19580,"Defiance, OH",2022-09-01,9,13,6,2,30,1163,300
19580,"Defiance, OH",2022-10-01,6,15,5,0,26,1189,306
19580,"Defiance, OH",2022-11-01,11,24,6,0,41,1230,317
19580,"Defiance, OH",2022-12-01,16,21,6,0,43,1273,333
19580,"Defiance, OH",2023-01-01,17,23,5,0,45,1318,350
19580,"Defiance, OH",2023-02-01,17,17,5,0,39,1357,367
19580,"Defiance, OH",2023-03-01,16,20,10,2,48,1405,383
19580,"Defiance, OH",2023-04-01,15,22,12,0,49,1454,398
19580,"Defiance, OH",2023-05-01,18,11,7,0,36,1490,416
19580,"Defiance, OH",2023-06-01,13,13,7,0,33,1523,429
19580,"Defiance, OH",2023-07-01,10,24,6,0,40,1563,439
19580,"Defiance, OH",2023-08-01,7,23,3,0,33,1596,446
19580,"Defiance, OH",2023-09-01,18,21,5,1,45,1641,464
19580,"Defiance, OH",2023-10-01,9,10,5,0,24,1665,473
19580,"Defiance, OH",2023-11-01,14,17,7,1,39,1704,487
19580,"Defiance, OH",2023-12-01,18,17,7,0,42,1746,505
19580,"Defiance, OH",2024-01-01,18,16,9,0,43,1789,523
19580,"Defiance, OH",2024-02-01,12,16,4,0,32,1821,535
19580,"Defiance, OH",2024-03-01,13,18,8,2,41,1862,548
19580,"Defiance, OH",2024-04-01,11,13,4,1,29,1891,559
19580,"Defiance, OH",2024-05-01,21,13,4,0,38,1929,580
19580,"Defiance, OH",2024-06-01,12,13,0,0,25,1954,592
19580,"Defiance, OH",2024-07-01,7,11,2,0,20,1974,599
19580,"Defiance, OH",2024-08-01,5,15,2,0,22,1996,604
19580,"Defiance, OH",2024-09-01,12,12,8,0,32,2028,616
19580,"Defiance, OH",2024-10-01,17,20,4,1,42,2070,633
19580,"Defiance, OH",2024-11-01,15,8,3,1,27,2097,648
19580,"Defiance, OH",2024-12-01,26,13,4,2,45,2142,674
19580,"Defiance, OH",2025-01-01,17,12,8,0,37,2179,691
19580,"Defiance, OH",2025-02-01,16,25,5,1,47,2226,707
19580,"Defiance, OH",2025-03-01,25,10,6,1,42,2268,732
19580,"Defiance, OH",2025-04-01,24,17,4,1,46,2314,756
19580,"Defiance, OH",2025-05-01,14,20,9,2,45,2359,770
19580,"Defiance, OH",2025-06-01,19,21,3,0,43,2402,789
19580,"Defiance, OH",2025-07-01,28,21,4,1,54,2456,817
19580,"Defiance, OH",2025-08-01,17,10,1,0,28,2484,834
19580,"Defiance, OH",2025-09-01,1,1,1,0,3,2487,835
29180,"Lafayette, LA",2019-01-01,1,20,3,2,26,26,1
29180,"Lafayette, LA",2019-02-01,0,23,5,0,28,54,1
29180,"Lafayette, LA",2019-03-01,0,32,5,1,38,92,1
29180,"Lafayette, LA",2019-04-01,2,31,9,0,42,134,3
29180,"Lafayette, LA",2019-05-01,0,27,9,1,37,171,3
29180,"Lafayette, LA",2019-06-01,0,16,7,0,23,194,3
29180,"Lafayette, LA",2019-07-01,2,44,17,1,64,258,5
29180,"Lafayette, LA",2019-08-01,7,43,12,3,65,323,12
29180,"Lafayette, LA",2019-09-01,8,60,11,1,80,403,20
29180,"Lafayette, LA",2019-10-01,3,33,7,0,43,446,23
29180,"Lafayette, LA",2019-11-01,3,36,10,0,49,495,26
29180,"Lafayette, LA",2019-12-01,6,34,7,1,48,543,32
29180,"Lafayette, LA",2020-01-01,8,48,13,0,69,612,40
29180,"Lafayette, LA",2020-02-01,7,48,8,0,63,675,47
29180,"Lafayette, LA",2020-03-01,12,57,17,0,86,761,59
29180,"Lafayette, LA",2020-04-01,23,98,15,1,137,898,82
29180,"Lafayette, LA",2020-05-01,44,154,22,3,223,1121,126
29180,"Lafayette, LA",2020-06-01,54,147,37,2,240,1361,180
29180,"Lafayette, LA",2020-07-01,53,185,38,2,278,1639,233
29180,"Lafayette, LA",2020-08-01,71,235,40,7,353,1992,304
29180,"Lafayette, LA",2020-09-01,78,226,40,1,345,2337,382
29180,"Lafayette, LA",2020-10-01,59,148,36,0,243,2580,441
29180,"Lafayette, LA",2020-11-01,44,154,28,1,227,2807,485
29180,"Lafayette, LA",2020-12-01,47,169,17,4,237,3044,532
29180,"Lafayette, LA",2021-01-01,81,208,36,2,327,3371,613
29180,"Lafayette, LA",2021-02-01,46,165,21,2,234,3605,659
29180,"Lafayette, LA",2021-03-01,99,182,38,5,324,3929,758
29180,"Lafayette, LA",2021-04-01,78,236,39,7,360,4289,836
29180,"Lafayette, LA",2021-05-01,120,345,46,4,515,4804,956
29180,"Lafayette, LA",2021-06-01,108,227,25,3,363,5167,1064
29180,"Lafayette, LA",2021-07-01,79,175,29,3,286,5453,1143
29180,"Lafayette, LA",2021-08-01,99,237,61,2,399,5852,1242
29180,"Lafayette, LA",2021-09-01,88,277,52,6,423,6275,1330
29180,"Lafayette, LA",2021-10-01,77,172,29,4,282,6557,1407
29180,"Lafayette, LA",2021-11-01,59,95,19,2,175,6732,1466
29180,"Lafayette, LA",2021-12-01,144,234,54,2,434,7166,1610
29180,"Lafayette, LA",2022-01-01,91,186,39,3,319,7485,1701
29180,"Lafayette, LA",2022-02-01,65,119,16,5,205,7690,1766
29180,"Lafayette, LA",2022-03-01,131,215,46,4,396,8086,1897
29180,"Lafayette, LA",2022-04-01,114,220,41,4,379,8465,2011
29180,"Lafayette, LA",2022-05-01,132,224,46,3,405,8870,2143
29180,"Lafayette, LA",2022-06-01,78,131,27,1,237,9107,2221
29180,"Lafayette, LA",2022-07-01,56,127,21,2,206,9313,2277
29180,"Lafayette, LA",2022-08-01,58,128,28,3,217,9530,2335
29180,"Lafayette, LA",2022-09-01,85,160,33,7,285,9815,2420
29180,"Lafayette, LA",2022-10-01,87,116,31,8,242,10057,2507
29180,"Lafayette, LA",2022-11-01,108,177,38,1,324,10381,2615
29180,"Lafayette, LA",2022-12-01,157,214,37,5,413,10794,2772
29180,"Lafayette, LA",2023-01-01,139,204,40,5,388,11182,2911
29180,"Lafayette, LA",2023-02-01,119,165,53,3,340,11522,3030
29180,"Lafayette, LA",2023-03-01,203,269,63,4,539,12061,3233
29180,"Lafayette, LA",2023-04-01,131,193,50,4,378,12439,3364
29180,"Lafayette, LA",2023-05-01,91,116,24,2,233,12672,3455
29180,"Lafayette, LA",2023-06-01,62,111,27,4,204,12876,3517
29180,"Lafayette, LA",2023-07-01,63,82,30,1,176,13052,3580
29180,"Lafayette, LA",2023-08-01,83,139,41,4,267,13319,3663
29180,"Lafayette, LA",2023-09-01,169,224,58,9,460,13779,3832
29180,"Lafayette, LA",2023-10-01,128,169,41,6,344,14123,3960
29180,"Lafayette, LA",2023-11-01,189,216,39,5,449,14572,4149
29180,"Lafayette, LA",2023-12-01,199,240,54,8,501,15073,4348
29180,"Lafayette, LA",2024-01-01,218,250,62,7,537,15610,4566
29180,"Lafayette, LA",2024-02-01,209,202,64,10,485,16095,4775
29180,"Lafayette, LA",2024-03-01,244,255,65,8,572,16667,5019
29180,"Lafayette, LA",2024-04-01,201,276,59,4,540,17207,5220
29180,"Lafayette, LA",2024-05-01,270,305,70,5,650,17857,5490
29180,"Lafayette, LA",2024-06-01,257,279,88,13,637,18494,5747
29180,"Lafayette, LA",2024-07-01,110,165,50,2,327,18821,5857
29180,"Lafayette, LA",2024-08-01,153,179,61,2,395,19216,6010
29180,"Lafayette, LA",2024-09-01,176,174,57,6,413,19629,6186
29180,"Lafayette, LA",2024-10-01,250,252,65,5,572,20201,6436
29180,"Lafayette, LA",2024-11-01,219,281,58,4,562,20763,6655
29180,"Lafayette, LA",2024-12-01,251,218,64,7,540,21303,6906
29180,"Lafayette, LA",2025-01-01,216,234,61,5,516,21819,7122
29180,"Lafayette, LA",2025-02-01,197,197,49,5,448,22267,7319
29180,"Lafayette, LA",2025-03-01,247,234,62,11,554,22821,7566
29180,"Lafayette, LA",2025-04-01,264,298,83,13,658,23479,7830
29180,"Lafayette, LA",2025-05-01,282,251,89,6,628,24107,8112
29180,"Lafayette, LA",2025-06-01,293,317,82,8,700,24807,8405
29180,"Lafayette, LA",2025-07-01,222,248,66,2,538,25345,8627
29180,"Lafayette, LA",2025-08-01,247,262,59,7,575,25920,8874
29180,"Lafayette, LA",2025-09-01,3,6,1,2,12,25932,8877
26020,"Hobbs, NM",2019-01-01,0,2,0,0,2,2,0
26020,"Hobbs, NM",2019-02-01,0,2,0,0,2,4,0
26020,"Hobbs, NM",2019-03-01,0,0,1,0,1,5,0
26020,"Hobbs, NM",2019-04-01,0,2,0,0,2,7,0
26020,"Hobbs, NM",2019-05-01,0,6,4,0,10,17,0
26020,"Hobbs, NM",2019-06-01,0,10,1,0,11,28,0
26020,"Hobbs, NM",2019-07-01,0,9,2,0,11,39,0
26020,"Hobbs, NM",2019-08-01,1,8,1,0,10,49,1
26020,"Hobbs, NM",2019-09-01,0,14,1,0,15,64,1
26020,"Hobbs, NM",2019-10-01,2,10,1,0,13,77,3
26020,"Hobbs, NM",2019-11-01,0,12,4,0,16,93,3
26020,"Hobbs, NM",2019-12-01,1,10,1,0,12,105,4
26020,"Hobbs, NM",2020-01-01,2,14,6,0,22,127,6
26020,"Hobbs, NM",2020-02-01,4,7,4,0,15,142,10
26020,"Hobbs, NM",2020-03-01,2,24,5,0,31,173,12
26020,"Hobbs, NM",2020-04-01,1,26,4,0,31,204,13
26020,"Hobbs, NM",2020-05-01,4,34,5,0,43,247,17
26020,"Hobbs, NM",2020-06-01,4,28,3,0,35,282,21
26020,"Hobbs, NM",2020-07-01,8,29,6,0,43,325,29
26020,"Hobbs, NM",2020-08-01,4,27,8,1,40,365,33
26020,"Hobbs, NM",2020-09-01,7,23,8,0,38,403,40
26020,"Hobbs, NM",2020-10-01,10,32,3,0,45,448,50
26020,"Hobbs, NM",2020-11-01,4,14,1,1,20,468,54
26020,"Hobbs, NM",2020-12-01,5,26,2,0,33,501,59
26020,"Hobbs, NM",2021-01-01,8,29,8,0,45,546,67
26020,"Hobbs, NM",2021-02-01,8,22,7,0,37,583,75
26020,"Hobbs, NM",2021-03-01,9,25,7,0,41,624,84
26020,"Hobbs, NM",2021-04-01,7,26,7,0,40,664,91
26020,"Hobbs, NM",2021-05-01,15,33,8,1,57,721,106
26020,"Hobbs, NM",2021-06-01,6,29,3,1,39,760,112
26020,"Hobbs, NM",2021-07-01,10,39,3,2,54,814,122
26020,"Hobbs, NM",2021-08-01,9,40,6,0,55,869,131
26020,"Hobbs, NM",2021-09-01,7,39,5,1,52,921,138
26020,"Hobbs, NM",2021-10-01,8,25,9,0,42,963,146
26020,"Hobbs, NM",2021-11-01,15,20,9,0,44,1007,161
26020,"Hobbs, NM",2021-12-01,7,32,8,2,49,1056,168
26020,"Hobbs, NM",2022-01-01,15,47,14,3,79,1135,183
26020,"Hobbs, NM",2022-02-01,9,26,7,0,42,1177,192
26020,"Hobbs, NM",2022-03-01,14,27,8,0,49,1226,206
26020,"Hobbs, NM",2022-04-01,10,24,12,2,48,1274,216
26020,"Hobbs, NM",2022-05-01,9,33,4,0,46,1320,225
26020,"Hobbs, NM",2022-06-01,22,28,8,1,59,1379,247
26020,"Hobbs, NM",2022-07-01,15,15,6,1,37,1416,262
26020,"Hobbs, NM",2022-08-01,11,45,6,0,62,1478,273
26020,"Hobbs, NM",2022-09-01,13,41,8,2,64,1542,286
26020,"Hobbs, NM",2022-10-01,16,40,11,2,69,1611,302
26020,"Hobbs, NM",2022-11-01,12,35,8,0,55,1666,314
26020,"Hobbs, NM",2022-12-01,15,24,5,0,44,1710,329
26020,"Hobbs, NM",2023-01-01,16,35,7,0,58,1768,345
26020,"Hobbs, NM",2023-02-01,23,26,5,1,55,1823,368
26020,"Hobbs, NM",2023-03-01,15,41,6,0,62,1885,383
26020,"Hobbs, NM",2023-04-01,28,35,10,0,73,1958,411
26020,"Hobbs, NM",2023-05-01,13,28,7,0,48,2006,424
26020,"Hobbs, NM",2023-06-01,16,22,4,0,42,2048,440
26020,"Hobbs, NM",2023-07-01,12,25,7,0,44,2092,452
26020,"Hobbs, NM",2023-08-01,7,30,4,0,41,2133,459
26020,"Hobbs, NM",2023-09-01,22,27,8,1,58,2191,481
26020,"Hobbs, NM",2023-10-01,24,27,11,1,63,2254,505
26020,"Hobbs, NM",2023-11-01,27,51,10,2,90,2344,532
26020,"Hobbs, NM",2023-12-01,22,36,9,0,67,2411,554
26020,"Hobbs, NM",2024-01-01,32,51,15,0,98,2509,586
26020,"Hobbs, NM",2024-02-01,24,50,6,0,80,2589,610
26020,"Hobbs, NM",2024-03-01,20,37,8,1,66,2655,630
26020,"Hobbs, NM",2024-04-01,23,34,11,1,69,2724,653
26020,"Hobbs, NM",2024-05-01,19,43,11,0,73,2797,672
26020,"Hobbs, NM",2024-06-01,21,30,1,1,53,2850,693
26020,"Hobbs, NM",2024-07-01,5,15,3,0,23,2873,698
26020,"Hobbs, NM",2024-08-01,7,15,2,0,24,2897,705
26020,"Hobbs, NM",2024-09-01,13,27,6,2,48,2945,718
26020,"Hobbs, NM",2024-10-01,27,33,12,1,73,3018,745
26020,"Hobbs, NM",2024-11-01,11,39,3,1,54,3072,756
26020,"Hobbs, NM",2024-12-01,22,34,9,0,65,3137,778
26020,"Hobbs, NM",2025-01-01,31,50,8,3,92,3229,809
26020,"Hobbs, NM",2025-02-01,23,53,14,2,92,3321,832
26020,"Hobbs, NM",2025-03-01,30,40,9,1,80,3401,862
26020,"Hobbs, NM",2025-04-01,28,35,15,3,81,3482,890
26020,"Hobbs, NM",2025-05-01,31,27,6,0,64,3546,921
26020,"Hobbs, NM",2025-06-01,27,33,15,1,76,3622,948
26020,"Hobbs, NM",2025-07-01,20,29,6,1,56,3678,968
26020,"Hobbs, NM",2025-08-01,18,33,6,1,58,3736,986
26020,"Hobbs, NM",2025-09-01,3,0,1,0,4,3740,989
49620,"York-Hanover, PA",2019-01-01,1,43,11,0,55,55,1
49620,"York-Hanover, PA",2019-02-01,1,63,16,0,80,135,2
49620,"York-Hanover, PA",2019-03-01,0,79,19,2,100,235,2
49620,"York-Hanover, PA",2019-04-01,5,88,35,3,131,366,7
49620,"York-Hanover, PA",2019-05-01,3,117,15,0,135,501,10
49620,"York-Hanover, PA",2019-06-01,4,76,18,1,99,600,14
49620,"York-Hanover, PA",2019-07-01,4,55,14,1,74,674,18
49620,"York-Hanover, PA",2019-08-01,5,91,28,3,127,801,23
49620,"York-Hanover, PA",2019-09-01,6,117,35,1,159,960,29
49620,"York-Hanover, PA",2019-10-01,7,82,10,1,100,1060,36
49620,"York-Hanover, PA",2019-11-01,7,67,17,2,93,1153,43
49620,"York-Hanover, PA",2019-12-01,7,78,19,5,109,1262,50
49620,"York-Hanover, PA",2020-01-01,10,75,21,2,108,1370,60
49620,"York-Hanover, PA",2020-02-01,14,77,20,2,113,1483,74
49620,"York-Hanover, PA",2020-03-01,13,87,26,2,128,1611,87
49620,"York-Hanover, PA",2020-04-01,78,210,49,4,341,1952,165
49620,"York-Hanover, PA",2020-05-01,171,315,64,6,556,2508,336
49620,"York-Hanover, PA",2020-06-01,85,281,45,2,413,2921,421
49620,"York-Hanover, PA",2020-07-01,164,411,80,7,662,3583,585
49620,"York-Hanover, PA",2020-08-01,152,442,85,8,687,4270,737
49620,"York-Hanover, PA",2020-09-01,118,365,76,5,564,4834,855
49620,"York-Hanover, PA",2020-10-01,100,295,73,3,471,5305,955
49620,"York-Hanover, PA",2020-11-01,53,151,31,2,237,5542,1008
49620,"York-Hanover, PA",2020-12-01,68,172,35,3,278,5820,1076
49620,"York-Hanover, PA",2021-01-01,133,323,73,4,533,6353,1209
49620,"York-Hanover, PA",2021-02-01,129,402,85,8,624,6977,1338
49620,"York-Hanover, PA",2021-03-01,179,338,99,9,625,7602,1517
49620,"York-Hanover, PA",2021-04-01,165,381,109,14,669,8271,1682
49620,"York-Hanover, PA",2021-05-01,108,286,55,4,453,8724,1790
49620,"York-Hanover, PA",2021-06-01,64,165,54,8,291,9015,1854
49620,"York-Hanover, PA",2021-07-01,44,166,31,1,242,9257,1898
49620,"York-Hanover, PA",2021-08-01,49,163,42,0,254,9511,1947
49620,"York-Hanover, PA",2021-09-01,75,255,69,6,405,9916,2022
49620,"York-Hanover, PA",2021-10-01,25,98,32,3,158,10074,2047
49620,"York-Hanover, PA",2021-11-01,49,134,29,2,214,10288,2096
49620,"York-Hanover, PA",2021-12-01,85,179,53,5,322,10610,2181
49620,"York-Hanover, PA",2022-01-01,83,199,50,3,335,10945,2264
49620,"York-Hanover, PA",2022-02-01,55,141,37,6,239,11184,2319
49620,"York-Hanover, PA",2022-03-01,49,159,47,4,259,11443,2368
49620,"York-Hanover, PA",2022-04-01,71,131,30,2,234,11677,2439
49620,"York-Hanover, PA",2022-05-01,87,174,52,4,317,11994,2526
49620,"York-Hanover, PA",2022-06-01,65,121,25,1,212,12206,2591
49620,"York-Hanover, PA",2022-07-01,34,94,24,5,157,12363,2625
49620,"York-Hanover, PA",2022-08-01,89,197,59,6,351,12714,2714
49620,"York-Hanover, PA",2022-09-01,63,155,33,1,252,12966,2777
49620,"York-Hanover, PA",2022-10-01,54,142,40,4,240,13206,2831
49620,"York-Hanover, PA",2022-11-01,88,217,76,4,385,13591,2919
49620,"York-Hanover, PA",2022-12-01,161,221,83,9,474,14065,3080
49620,"York-Hanover, PA",2023-01-01,135,254,67,2,458,14523,3215
49620,"York-Hanover, PA",2023-02-01,130,212,63,4,409,14932,3345
49620,"York-Hanover, PA",2023-03-01,171,321,97,5,594,15526,3516
49620,"York-Hanover, PA",2023-04-01,125,219,63,9,416,15942,3641
49620,"York-Hanover, PA",2023-05-01,66,119,38,1,224,16166,3707
49620,"York-Hanover, PA",2023-06-01,41,79,18,0,138,16304,3748
49620,"York-Hanover, PA",2023-07-01,36,81,19,3,139,16443,3784
49620,"York-Hanover, PA",2023-08-01,54,109,37,2,202,16645,3838
49620,"York-Hanover, PA",2023-09-01,95,143,50,7,295,16940,3933
49620,"York-Hanover, PA",2023-10-01,109,257,68,5,439,17379,4042
49620,"York-Hanover, PA",2023-11-01,161,306,90,7,564,17943,4203
49620,"York-Hanover, PA",2023-12-01,230,242,73,5,550,18493,4433
49620,"York-Hanover, PA",2024-01-01,206,316,92,11,625,19118,4639
49620,"York-Hanover, PA",2024-02-01,198,245,81,5,529,19647,4837
49620,"York-Hanover, PA",2024-03-01,197,281,89,8,575,20222,5034
49620,"York-Hanover, PA",2024-04-01,156,273,65,6,500,20722,5190
49620,"York-Hanover, PA",2024-05-01,170,238,61,3,472,21194,5360
49620,"York-Hanover, PA",2024-06-01,175,274,82,5,536,21730,5535
49620,"York-Hanover, PA",2024-07-01,157,226,54,4,441,22171,5692
49620,"York-Hanover, PA",2024-08-01,72,152,22,5,251,22422,5764
49620,"York-Hanover, PA",2024-09-01,77,140,43,6,266,22688,5841
49620,"York-Hanover, PA",2024-10-01,188,302,97,8,595,23283,6029
49620,"York-Hanover, PA",2024-11-01,203,250,75,9,537,23820,6232
49620,"York-Hanover, PA",2024-12-01,213,290,86,7,596,24416,6445
49620,"York-Hanover, PA",2025-01-01,220,288,87,8,603,25019,6665
49620,"York-Hanover, PA",2025-02-01,215,232,60,4,511,25530,6880
49620,"York-Hanover, PA",2025-03-01,243,242,88,3,576,26106,7123
49620,"York-Hanover, PA",2025-04-01,215,246,76,12,549,26655,7338
49620,"York-Hanover, PA",2025-05-01,273,282,83,9,647,27302,7611
49620,"York-Hanover, PA",2025-06-01,207,237,78,4,526,27828,7818
49620,"York-Hanover, PA",2025-07-01,190,249,61,6,506,28334,8008
49620,"York-Hanover, PA",2025-08-01,160,194,58,7,419,28753,8168
49620,"York-Hanover, PA",2025-09-01,5,8,0,0,13,28766,8173
14540,"Bowling Green, KY",2019-01-01,0,7,5,0,12,12,0
14540,"Bowling Green, KY",2019-02-01,0,10,2,2,14,26,0
14540,"Bowling Green, KY",2019-03-01,3,42,8,2,55,81,3
14540,"Bowling Green, KY",2019-04-01,0,43,5,0,48,129,3
14540,"Bowling Green, KY",2019-05-01,2,39,11,1,53,182,5
14540,"Bowling Green, KY",2019-06-01,1,26,6,0,33,215,6
14540,"Bowling Green, KY",2019-07-01,0,29,3,0,32,247,6
14540,"Bowling Green, KY",2019-08-01,5,31,5,1,42,289,11
14540,"Bowling Green, KY",2019-09-01,1,26,8,0,35,324,12
14540,"Bowling Green, KY",2019-10-01,4,37,12,0,53,377,16
14540,"Bowling Green, KY",2019-11-01,1,41,12,3,57,434,17
14540,"Bowling Green, KY",2019-12-01,4,33,6,0,43,477,21
14540,"Bowling Green, KY",2020-01-01,3,35,13,1,52,529,24
14540,"Bowling Green, KY",2020-02-01,4,28,7,0,39,568,28
14540,"Bowling Green, KY",2020-03-01,9,74,10,0,93,661,37
14540,"Bowling Green, KY",2020-04-01,28,92,20,0,140,801,65
14540,"Bowling Green, KY",2020-05-01,53,157,26,0,236,1037,118
14540,"Bowling Green, KY",2020-06-01,29,83,14,1,127,1164,147
14540,"Bowling Green, KY",2020-07-01,21,98,13,4,136,1300,168
14540,"Bowling Green, KY",2020-08-01,45,175,43,4,267,1567,213
14540,"Bowling Green, KY",2020-09-01,42,125,30,2,199,1766,255
14540,"Bowling Green, KY",2020-10-01,25,94,24,0,143,1909,280
14540,"Bowling Green, KY",2020-11-01,31,85,15,1,132,2041,311
14540,"Bowling Green, KY",2020-12-01,36,82,18,0,136,2177,347
14540,"Bowling Green, KY",2021-01-01,55,147,29,0,231,2408,402
14540,"Bowling Green, KY",2021-02-01,41,94,24,0,159,2567,443
14540,"Bowling Green, KY",2021-03-01,63,197,28,3,291,2858,506
14540,"Bowling Green, KY",2021-04-01,73,187,34,0,294,3152,579
14540,"Bowling Green, KY",2021-05-01,67,173,42,2,284,3436,646
14540,"Bowling Green, KY",2021-06-01,39,154,25,0,218,3654,685
14540,"Bowling Green, KY",2021-07-01,22,119,21,1,163,3817,707
14540,"Bowling Green, KY",2021-08-01,38,140,40,1,219,4036,745
14540,"Bowling Green, KY",2021-09-01,45,149,46,4,244,4280,790
14540,"Bowling Green, KY",2021-10-01,49,144,40,5,238,4518,839
14540,"Bowling Green, KY",2021-11-01,48,141,42,1,232,4750,887
14540,"Bowling Green, KY",2021-12-01,74,170,41,2,287,5037,961
14540,"Bowling Green, KY",2022-01-01,85,239,45,6,375,5412,1046
14540,"Bowling Green, KY",2022-02-01,53,148,43,3,247,5659,1099
14540,"Bowling Green, KY",2022-03-01,52,175,37,2,266,5925,1151
14540,"Bowling Green, KY",2022-04-01,46,132,26,1,205,6130,1197
14540,"Bowling Green, KY",2022-05-01,56,167,30,1,254,6384,1253
14540,"Bowling Green, KY",2022-06-01,44,120,44,1,209,6593,1297
14540,"Bowling Green, KY",2022-07-01,40,99,33,2,174,6767,1337
14540,"Bowling Green, KY",2022-08-01,45,119,35,4,203,6970,1382
14540,"Bowling Green, KY",2022-09-01,52,127,35,4,218,7188,1434
14540,"Bowling Green, KY",2022-10-01,49,139,34,3,225,7413,1483
14540,"Bowling Green, KY",2022-11-01,54,134,35,6,229,7642,1537
14540,"Bowling Green, KY",2022-12-01,72,120,31,3,226,7868,1609
14540,"Bowling Green, KY",2023-01-01,57,123,46,0,226,8094,1666
14540,"Bowling Green, KY",2023-02-01,70,115,49,1,235,8329,1736
14540,"Bowling Green, KY",2023-03-01,92,158,48,2,300,8629,1828
14540,"Bowling Green, KY",2023-04-01,64,108,34,3,209,8838,1892
14540,"Bowling Green, KY",2023-05-01,56,101,21,0,178,9016,1948
14540,"Bowling Green, KY",2023-06-01,57,100,23,5,185,9201,2005
14540,"Bowling Green, KY",2023-07-01,37,91,21,1,150,9351,2042
14540,"Bowling Green, KY",2023-08-01,44,88,29,2,163,9514,2086
14540,"Bowling Green, KY",2023-09-01,71,89,23,3,186,9700,2157
14540,"Bowling Green, KY",2023-10-01,68,113,29,7,217,9917,2225
14540,"Bowling Green, KY",2023-11-01,94,138,32,5,269,10186,2319
14540,"Bowling Green, KY",2023-12-01,102,143,40,0,285,10471,2421
14540,"Bowling Green, KY",2024-01-01,105,152,43,2,302,10773,2526
14540,"Bowling Green, KY",2024-02-01,107,129,39,2,277,11050,2633
14540,"Bowling Green, KY",2024-03-01,117,143,50,5,315,11365,2750
14540,"Bowling Green, KY",2024-04-01,67,133,25,0,225,11590,2817
14540,"Bowling Green, KY",2024-05-01,102,119,44,2,267,11857,2919
14540,"Bowling Green, KY",2024-06-01,57,85,28,2,172,12029,2976
14540,"Bowling Green, KY",2024-07-01,57,93,17,3,170,12199,3033
14540,"Bowling Green, KY",2024-08-01,33,55,13,2,103,12302,3066
14540,"Bowling Green, KY",2024-09-01,31,52,23,3,109,12411,3097
14540,"Bowling Green, KY",2024-10-01,53,101,23,4,181,12592,3150
14540,"Bowling Green, KY",2024-11-01,66,95,32,2,195,12787,3216
14540,"Bowling Green, KY",2024-12-01,65,95,25,3,188,12975,3281
14540,"Bowling Green, KY",2025-01-01,53,84,23,0,160,13135,3334
14540,"Bowling Green, KY",2025-02-01,87,117,31,4,239,13374,3421
14540,"Bowling Green, KY",2025-03-01,87,106,35,2,230,13604,3508
14540,"Bowling Green, KY",2025-04-01,89,114,31,2,236,13840,3597
14540,"Bowling Green, KY",2025-05-01,85,123,28,0,236,14076,3682
14540,"Bowling Green, KY",2025-06-01,36,57,16,4,113,14189,3718
14540,"Bowling Green, KY",2025-07-01,28,48,16,0,92,14281,3746
14540,"Bowling Green, KY",2025-08-01,34,35,12,2,83,14364,3780
14540,"Bowling Green, KY",2025-09-01,2,0,1,0,3,14367,3782
22620,"Forrest City, AR",2019-01-01,0,1,0,0,1,1,0
22620,"Forrest City, AR",2019-02-01,0,1,0,0,1,2,0
22620,"Forrest City, AR",2019-03-01,0,2,0,0,2,4,0
22620,"Forrest City, AR",2019-04-01,0,1,0,0,1,5,0
22620,"Forrest City, AR",2019-07-01,0,2,0,1,3,8,0
22620,"Forrest City, AR",2019-08-01,0,0,1,0,1,9,0
22620,"Forrest City, AR",2019-09-01,0,0,1,0,1,10,0
22620,"Forrest City, AR",2019-11-01,0,1,0,0,1,11,0
22620,"Forrest City, AR",2019-12-01,0,1,0,0,1,12,0
22620,"Forrest City, AR",2020-01-01,1,0,1,0,2,14,1
22620,"Forrest City, AR",2020-03-01,0,2,0,0,2,16,1
22620,"Forrest City, AR",2020-04-01,0,2,1,0,3,19,1
22620,"Forrest City, AR",2020-05-01,0,1,2,0,3,22,1
22620,"Forrest City, AR",2020-06-01,1,1,0,0,2,24,2
22620,"Forrest City, AR",2020-07-01,2,6,0,0,8,32,4
22620,"Forrest City, AR",2020-08-01,2,3,1,0,6,38,6
22620,"Forrest City, AR",2020-09-01,1,2,0,0,3,41,7
22620,"Forrest City, AR",2020-10-01,0,3,2,0,5,46,7
22620,"Forrest City, AR",2020-11-01,1,1,0,0,2,48,8
22620,"Forrest City, AR",2020-12-01,0,8,1,0,9,57,8
22620,"Forrest City, AR",2021-01-01,2,9,2,0,13,70,10
22620,"Forrest City, AR",2021-02-01,1,3,0,0,4,74,11
22620,"Forrest City, AR",2021-03-01,0,7,4,0,11,85,11
22620,"Forrest City, AR",2021-04-01,2,18,3,1,24,109,13
22620,"Forrest City, AR",2021-05-01,2,13,1,0,16,125,15
22620,"Forrest City, AR",2021-06-01,1,11,5,1,18,143,16
22620,"Forrest City, AR",2021-07-01,4,8,5,1,18,161,20
22620,"Forrest City, AR",2021-08-01,4,11,2,0,17,178,24
22620,"Forrest City, AR",2021-09-01,1,7,5,0,13,191,25
22620,"Forrest City, AR",2021-10-01,2,12,1,1,16,207,27
22620,"Forrest City, AR",2021-11-01,4,11,2,0,17,224,31
22620,"Forrest City, AR",2021-12-01,7,16,2,0,25,249,38
22620,"Forrest City, AR",2022-01-01,2,17,8,1,28,277,40
22620,"Forrest City, AR",2022-02-01,3,7,0,0,10,287,43
22620,"Forrest City, AR",2022-03-01,5,18,7,0,30,317,48
22620,"Forrest City, AR",2022-04-01,7,10,3,0,20,337,55
22620,"Forrest City, AR",2022-05-01,5,15,4,0,24,361,60
22620,"Forrest City, AR",2022-06-01,5,16,3,0,24,385,65
22620,"Forrest City, AR",2022-07-01,3,9,0,0,12,397,68
22620,"Forrest City, AR",2022-08-01,7,10,2,0,19,416,75
22620,"Forrest City, AR",2022-09-01,2,9,2,0,13,429,77
22620,"Forrest City, AR",2022-10-01,6,12,1,0,19,448,83
22620,"Forrest City, AR",2022-11-01,3,10,5,1,19,467,86
22620,"Forrest City, AR",2022-12-01,3,8,4,0,15,482,89
22620,"Forrest City, AR",2023-01-01,7,12,3,1,23,505,96
22620,"Forrest City, AR",2023-02-01,5,8,4,0,17,522,101
22620,"Forrest City, AR",2023-03-01,5,11,5,1,22,544,106
22620,"Forrest City, AR",2023-04-01,7,8,2,0,17,561,113
22620,"Forrest City, AR",2023-05-01,5,11,2,0,18,579,118
22620,"Forrest City, AR",2023-06-01,5,10,8,0,23,602,123
22620,"Forrest City, AR",2023-07-01,3,11,2,0,16,618,126
22620,"Forrest City, AR",2023-08-01,4,23,4,0,31,649,130
22620,"Forrest City, AR",2023-09-01,2,1,4,0,7,656,132
22620,"Forrest City, AR",2023-10-01,3,9,3,0,15,671,135
22620,"Forrest City, AR",2023-11-01,14,12,6,0,32,703,149
22620,"Forrest City, AR",2023-12-01,4,8,4,1,17,720,153
22620,"Forrest City, AR",2024-01-01,5,12,7,0,24,744,158
22620,"Forrest City, AR",2024-02-01,6,7,6,1,20,764,164
22620,"Forrest City, AR",2024-03-01,5,8,1,1,15,779,169
22620,"Forrest City, AR",2024-04-01,7,16,3,0,26,805,176
22620,"Forrest City, AR",2024-05-01,4,9,2,0,15,820,180
22620,"Forrest City, AR",2024-06-01,4,9,3,0,16,836,184
22620,"Forrest City, AR",2024-07-01,6,6,4,0,16,852,190
22620,"Forrest City, AR",2024-08-01,9,6,3,0,18,870,199
22620,"Forrest City, AR",2024-09-01,3,8,5,2,18,888,202
22620,"Forrest City, AR",2024-10-01,3,6,3,1,13,901,205
22620,"Forrest City, AR",2024-11-01,8,9,2,0,19,920,213
22620,"Forrest City, AR",2024-12-01,7,14,5,2,28,948,220
22620,"Forrest City, AR",2025-01-01,5,6,3,0,14,962,225
22620,"Forrest City, AR",2025-02-01,7,5,4,1,17,979,232
22620,"Forrest City, AR",2025-03-01,11,12,0,2,25,1004,243
22620,"Forrest City, AR",2025-04-01,9,5,4,3,21,1025,252
22620,"Forrest City, AR",2025-05-01,8,5,3,0,16,1041,260
22620,"Forrest City, AR",2025-06-01,14,17,4,0,35,1076,274
22620,"Forrest City, AR",2025-07-01,7,22,3,1,33,1109,281
22620,"Forrest City, AR",2025-08-01,2,6,1,1,10,1119,283
20580,"Eagle Pass, TX",2019-05-01,0,3,1,0,4,4,0
20580,"Eagle Pass, TX",2019-06-01,0,6,0,0,6,10,0
20580,"Eagle Pass, TX",2019-07-01,1,8,1,0,10,20,1
20580,"Eagle Pass, TX",2019-08-01,2,6,2,0,10,30,3
20580,"Eagle Pass, TX",2019-09-01,0,7,3,0,10,40,3
20580,"Eagle Pass, TX",2019-10-01,1,9,3,0,13,53,4
20580,"Eagle Pass, TX",2019-11-01,1,4,1,0,6,59,5
20580,"Eagle Pass, TX",2019-12-01,0,9,0,0,9,68,5
20580,"Eagle Pass, TX",2020-01-01,1,7,0,0,8,76,6
20580,"Eagle Pass, TX",2020-02-01,3,8,2,0,13,89,9
20580,"Eagle Pass, TX",2020-03-01,3,10,5,0,18,107,12
20580,"Eagle Pass, TX",2020-04-01,3,28,2,0,33,140,15
20580,"Eagle Pass, TX",2020-05-01,5,21,3,0,29,169,20
20580,"Eagle Pass, TX",2020-06-01,9,12,3,0,24,193,29
20580,"Eagle Pass, TX",2020-07-01,13,24,2,0,39,232,42
20580,"Eagle Pass, TX",2020-08-01,7,19,7,0,33,265,49
20580,"Eagle Pass, TX",2020-09-01,4,21,2,0,27,292,53
20580,"Eagle Pass, TX",2020-10-01,3,13,3,1,20,312,56
20580,"Eagle Pass, TX",2020-11-01,5,13,3,0,21,333,61
20580,"Eagle Pass, TX",2020-12-01,6,23,0,0,29,362,67
20580,"Eagle Pass, TX",2021-01-01,18,30,2,1,51,413,85
20580,"Eagle Pass, TX",2021-02-01,6,18,0,0,24,437,91
20580,"Eagle Pass, TX",2021-03-01,9,23,5,0,37,474,100
20580,"Eagle Pass, TX",2021-04-01,12,23,2,2,39,513,112
20580,"Eagle Pass, TX",2021-05-01,24,23,6,1,54,567,136
20580,"Eagle Pass, TX",2021-06-01,9,41,5,0,55,622,145
20580,"Eagle Pass, TX",2021-07-01,7,31,3,0,41,663,152
20580,"Eagle Pass, TX",2021-08-01,6,21,3,0,30,693,158
20580,"Eagle Pass, TX",2021-09-01,4,25,5,1,35,728,162
20580,"Eagle Pass, TX",2021-10-01,6,21,2,0,29,757,168
20580,"Eagle Pass, TX",2021-11-01,10,19,0,0,29,786,178
20580,"Eagle Pass, TX",2021-12-01,11,16,3,0,30,816,189
20580,"Eagle Pass, TX",2022-01-01,16,26,8,2,52,868,205
20580,"Eagle Pass, TX",2022-02-01,6,22,7,0,35,903,211
20580,"Eagle Pass, TX",2022-03-01,14,22,5,0,41,944,225
20580,"Eagle Pass, TX",2022-04-01,10,27,4,0,41,985,235
20580,"Eagle Pass, TX",2022-05-01,8,17,4,1,30,1015,243
20580,"Eagle Pass, TX",2022-06-01,9,12,6,0,27,1042,252
20580,"Eagle Pass, TX",2022-07-01,11,11,5,1,28,1070,263
20580,"Eagle Pass, TX",2022-08-01,13,22,5,1,41,1111,276
20580,"Eagle Pass, TX",2022-09-01,12,20,1,0,33,1144,288
20580,"Eagle Pass, TX",2022-10-01,14,16,5,0,35,1179,302
20580,"Eagle Pass, TX",2022-11-01,10,11,1,0,22,1201,312
20580,"Eagle Pass, TX",2022-12-01,12,10,5,0,27,1228,324
20580,"Eagle Pass, TX",2023-01-01,11,17,3,1,32,1260,335
20580,"Eagle Pass, TX",2023-02-01,14,13,3,0,30,1290,349
20580,"Eagle Pass, TX",2023-03-01,13,12,5,0,30,1320,362
20580,"Eagle Pass, TX",2023-04-01,10,14,4,1,29,1349,372
20580,"Eagle Pass, TX",2023-05-01,10,17,4,1,32,1381,382
20580,"Eagle Pass, TX",2023-06-01,11,14,3,0,28,1409,393
20580,"Eagle Pass, TX",2023-07-01,5,10,4,0,19,1428,398
20580,"Eagle Pass, TX",2023-08-01,13,18,0,1,32,1460,411
20580,"Eagle Pass, TX",2023-09-01,11,23,2,0,36,1496,422
20580,"Eagle Pass, TX",2023-10-01,9,17,4,0,30,1526,431
20580,"Eagle Pass, TX",2023-11-01,14,24,6,2,46,1572,445
20580,"Eagle Pass, TX",2023-12-01,18,26,4,0,48,1620,463
20580,"Eagle Pass, TX",2024-01-01,24,21,7,2,54,1674,487
20580,"Eagle Pass, TX",2024-02-01,12,10,5,0,27,1701,499
20580,"Eagle Pass, TX",2024-03-01,13,16,1,0,30,1731,512
20580,"Eagle Pass, TX",2024-04-01,20,18,2,0,40,1771,532
20580,"Eagle Pass, TX",2024-05-01,15,22,6,0,43,1814,547
20580,"Eagle Pass, TX",2024-06-01,7,10,0,0,17,1831,554
20580,"Eagle Pass, TX",2024-07-01,6,9,1,0,16,1847,560
20580,"Eagle Pass, TX",2024-08-01,7,14,3,1,25,1872,567
20580,"Eagle Pass, TX",2024-09-01,11,23,6,0,40,1912,578
20580,"Eagle Pass, TX",2024-10-01,7,20,5,0,32,1944,585
20580,"Eagle Pass, TX",2024-11-01,17,20,6,0,43,1987,602
20580,"Eagle Pass, TX",2024-12-01,20,18,0,0,38,2025,622
20580,"Eagle Pass, TX",2025-01-01,10,14,5,1,30,2055,632
20580,"Eagle Pass, TX",2025-02-01,21,21,5,0,47,2102,653
20580,"Eagle Pass, TX",2025-03-01,24,19,3,0,46,2148,677
20580,"Eagle Pass, TX",2025-04-01,23,25,7,1,56,2204,700
20580,"Eagle Pass, TX",2025-05-01,27,38,7,2,74,2278,727
20580,"Eagle Pass, TX",2025-06-01,25,32,9,0,66,2344,752
20580,"Eagle Pass, TX",2025-07-01,21,28,7,0,56,2400,773
20580,"Eagle Pass, TX",2025-08-01,15,16,9,1,41,2441,788
20580,"Eagle Pass, TX",2025-09-01,0,1,1,0,2,2443,788
25940,"Hilton Head Island-Bluffton-Port Royal, SC",2019-01-01,0,15,4,0,19,19,0
25940,"Hilton Head Island-Bluffton-Port Royal, SC",2019-02-01,1,21,2,0,24,43,1
25940,"Hilton Head Island-Bluffton-Port Royal, SC",2019-03-01,1,16,9,0,26,69,2
25940,"Hilton Head Island-Bluffton-Port Royal, SC",2019-04-01,2,26,14,0,42,111,4
25940,"Hilton Head Island-Bluffton-Port Royal, SC",2019-05-01,1,54,16,3,74,185,5
25940,"Hilton Head Island-Bluffton-Port Royal, SC",2019-06-01,6,58,16,1,81,266,11
25940,"Hilton Head Island-Bluffton-Port Royal, SC",2019-07-01,6,66,13,3,88,354,17
25940,"Hilton Head Island-Bluffton-Port Royal, SC",2019-08-01,7,58,11,0,76,430,24
25940,"Hilton Head Island-Bluffton-Port Royal, SC",2019-09-01,3,77,11,3,94,524,27
25940,"Hilton Head Island-Bluffton-Port Royal, SC",2019-10-01,3,57,18,1,79,603,30
25940,"Hilton Head Island-Bluffton-Port Royal, SC",2019-11-01,5,60,14,1,80,683,35
25940,"Hilton Head Island-Bluffton-Port Royal, SC",2019-12-01,4,52,13,0,69,752,39
25940,"Hilton Head Island-Bluffton-Port Royal, SC",2020-01-01,5,55,12,1,73,825,44
25940,"Hilton Head Island-Bluffton-Port Royal, SC",2020-02-01,4,45,13,1,63,888,48
25940,"Hilton Head Island-Bluffton-Port Royal, SC",2020-03-01,17,97,25,5,144,1032,65
25940,"Hilton Head Island-Bluffton-Port Royal, SC",2020-04-01,56,149,43,10,258,1290,121
25940,"Hilton Head Island-Bluffton-Port Royal, SC",2020-05-01,92,238,31,8,369,1659,213
25940,"Hilton Head Island-Bluffton-Port Royal, SC",2020-06-01,55,158,30,7,250,1909,268
25940,"Hilton Head Island-Bluffton-Port Royal, SC",2020-07-01,66,168,33,8,275,2184,334
25940,"Hilton Head Island-Bluffton-Port Royal, SC",2020-08-01,73,258,60,9,400,2584,407
25940,"Hilton Head Island-Bluffton-Port Royal, SC",2020-09-01,43,202,43,3,291,2875,450
25940,"Hilton Head Island-Bluffton-Port Royal, SC",2020-10-01,35,110,28,1,174,3049,485
25940,"Hilton Head Island-Bluffton-Port Royal, SC",2020-11-01,39,104,19,1,163,3212,524
25940,"Hilton Head Island-Bluffton-Port Royal, SC",2020-12-01,47,134,22,2,205,3417,571
25940,"Hilton Head Island-Bluffton-Port Royal, SC",2021-01-01,85,201,46,5,337,3754,656
25940,"Hilton Head Island-Bluffton-Port Royal, SC",2021-02-01,56,164,48,5,273,4027,712
25940,"Hilton Head Island-Bluffton-Port Royal, SC",2021-03-01,75,164,47,6,292,4319,787
25940,"Hilton Head Island-Bluffton-Port Royal, SC",2021-04-01,72,194,42,5,313,4632,859
25940,"Hilton Head Island-Bluffton-Port Royal, SC",2021-05-01,75,228,57,7,367,4999,934
25940,"Hilton Head Island-Bluffton-Port Royal, SC",2021-06-01,79,238,46,5,368,5367,1013
25940,"Hilton Head Island-Bluffton-Port Royal, SC",2021-07-01,75,208,52,9,344,5711,1088
25940,"Hilton Head Island-Bluffton-Port Royal, SC",2021-08-01,60,220,41,3,324,6035,1148
25940,"Hilton Head Island-Bluffton-Port Royal, SC",2021-09-01,63,178,47,10,298,6333,1211
25940,"Hilton Head Island-Bluffton-Port Royal, SC",2021-10-01,47,137,43,3,230,6563,1258
25940,"Hilton Head Island-Bluffton-Port Royal, SC",2021-11-01,71,129,26,5,231,6794,1329
25940,"Hilton Head Island-Bluffton-Port Royal, SC",2021-12-01,60,159,35,5,259,7053,1389
25940,"Hilton Head Island-Bluffton-Port Royal, SC",2022-01-01,57,161,45,8,271,7324,1446
25940,"Hilton Head Island-Bluffton-Port Royal, SC",2022-02-01,50,101,25,7,183,7507,1496
25940,"Hilton Head Island-Bluffton-Port Royal, SC",2022-03-01,49,129,27,4,209,7716,1545
25940,"Hilton Head Island-Bluffton-Port Royal, SC",2022-04-01,48,124,40,5,217,7933,1593
25940,"Hilton Head Island-Bluffton-Port Royal, SC",2022-05-01,90,121,44,7,262,8195,1683
25940,"Hilton Head Island-Bluffton-Port Royal, SC",2022-06-01,78,159,32,4,273,8468,1761
25940,"Hilton Head Island-Bluffton-Port Royal, SC",2022-07-01,59,116,30,7,212,8680,1820
25940,"Hilton Head Island-Bluffton-Port Royal, SC",2022-08-01,60,115,35,2,212,8892,1880
25940,"Hilton Head Island-Bluffton-Port Royal, SC",2022-09-01,48,101,24,1,174,9066,1928
25940,"Hilton Head Island-Bluffton-Port Royal, SC",2022-10-01,44,97,29,5,175,9241,1972
25940,"Hilton Head Island-Bluffton-Port Royal, SC",2022-11-01,69,109,31,2,211,9452,2041
25940,"Hilton Head Island-Bluffton-Port Royal, SC",2022-12-01,64,95,22,2,183,9635,2105
25940,"Hilton Head Island-Bluffton-Port Royal, SC",2023-01-01,60,94,30,6,190,9825,2165
25940,"Hilton Head Island-Bluffton-Port Royal, SC",2023-02-01,43,88,23,5,159,9984,2208
25940,"Hilton Head Island-Bluffton-Port Royal, SC",2023-03-01,82,115,36,10,243,10227,2290
25940,"Hilton Head Island-Bluffton-Port Royal, SC",2023-04-01,58,86,32,8,184,10411,2348
25940,"Hilton Head Island-Bluffton-Port Royal, SC",2023-05-01,70,103,30,1,204,10615,2418
25940,"Hilton Head Island-Bluffton-Port Royal, SC",2023-06-01,67,110,25,5,207,10822,2485
25940,"Hilton Head Island-Bluffton-Port Royal, SC",2023-07-01,67,101,21,4,193,11015,2552
25940,"Hilton Head Island-Bluffton-Port Royal, SC",2023-08-01,49,93,19,0,161,11176,2601
25940,"Hilton Head Island-Bluffton-Port Royal, SC",2023-09-01,54,84,23,7,168,11344,2655
25940,"Hilton Head Island-Bluffton-Port Royal, SC",2023-10-01,69,98,35,4,206,11550,2724
25940,"Hilton Head Island-Bluffton-Port Royal, SC",2023-11-01,67,108,29,3,207,11757,2791
25940,"Hilton Head Island-Bluffton-Port Royal, SC",2023-12-01,86,108,28,7,229,11986,2877
25940,"Hilton Head Island-Bluffton-Port Royal, SC",2024-01-01,67,101,40,5,213,12199,2944
25940,"Hilton Head Island-Bluffton-Port Royal, SC",2024-02-01,60,84,31,4,179,12378,3004
25940,"Hilton Head Island-Bluffton-Port Royal, SC",2024-03-01,85,100,34,4,223,12601,3089
25940,"Hilton Head Island-Bluffton-Port Royal, SC",2024-04-01,65,89,30,3,187,12788,3154
25940,"Hilton Head Island-Bluffton-Port Royal, SC",2024-05-01,96,120,35,4,255,13043,3250
25940,"Hilton Head Island-Bluffton-Port Royal, SC",2024-06-01,85,104,31,4,224,13267,3335
25940,"Hilton Head Island-Bluffton-Port Royal, SC",2024-07-01,88,119,43,1,251,13518,3423
25940,"Hilton Head Island-Bluffton-Port Royal, SC",2024-08-01,87,103,39,6,235,13753,3510
25940,"Hilton Head Island-Bluffton-Port Royal, SC",2024-09-01,71,94,25,3,193,13946,3581
25940,"Hilton Head Island-Bluffton-Port Royal, SC",2024-10-01,90,95,24,3,212,14158,3671
25940,"Hilton Head Island-Bluffton-Port Royal, SC",2024-11-01,78,93,26,1,198,14356,3749
25940,"Hilton Head Island-Bluffton-Port Royal, SC",2024-12-01,101,83,29,2,215,14571,3850
25940,"Hilton Head Island-Bluffton-Port Royal, SC",2025-01-01,78,91,31,4,204,14775,3928
25940,"Hilton Head Island-Bluffton-Port Royal, SC",2025-02-01,63,64,27,0,154,14929,3991
25940,"Hilton Head Island-Bluffton-Port Royal, SC",2025-03-01,83,70,29,2,184,15113,4074
25940,"Hilton Head Island-Bluffton-Port Royal, SC",2025-04-01,75,76,33,4,188,15301,4149
25940,"Hilton Head Island-Bluffton-Port Royal, SC",2025-05-01,92,87,28,4,211,15512,4241
25940,"Hilton Head Island-Bluffton-Port Royal, SC",2025-06-01,95,91,33,5,224,15736,4336
25940,"Hilton Head Island-Bluffton-Port Royal, SC",2025-07-01,77,77,22,2,178,15914,4413
25940,"Hilton Head Island-Bluffton-Port Royal, SC",2025-08-01,65,92,27,4,188,16102,4478
25940,"Hilton Head Island-Bluffton-Port Royal, SC",2025-09-01,1,1,0,0,2,16104,4479
21860,"Fairmont, MN",2019-03-01,0,0,1,0,1,1,0
21860,"Fairmont, MN",2019-04-01,0,1,0,0,1,2,0
21860,"Fairmont, MN",2019-06-01,0,1,0,0,1,3,0
21860,"Fairmont, MN",2019-08-01,0,0,1,0,1,4,0
21860,"Fairmont, MN",2019-09-01,0,1,1,0,2,6,0
21860,"Fairmont, MN",2019-11-01,0,1,0,0,1,7,0
21860,"Fairmont, MN",2019-12-01,0,0,1,0,1,8,0
21860,"Fairmont, MN",2020-01-01,0,3,0,0,3,11,0
21860,"Fairmont, MN",2020-03-01,1,0,0,0,1,12,1
21860,"Fairmont, MN",2020-04-01,1,0,0,0,1,13,2
21860,"Fairmont, MN",2020-05-01,1,0,0,0,1,14,3
21860,"Fairmont, MN",2020-06-01,0,2,1,0,3,17,3
21860,"Fairmont, MN",2020-07-01,0,1,0,0,1,18,3
21860,"Fairmont, MN",2020-08-01,0,4,0,0,4,22,3
21860,"Fairmont, MN",2020-09-01,0,2,0,0,2,24,3
21860,"Fairmont, MN",2020-10-01,0,2,0,0,2,26,3
21860,"Fairmont, MN",2020-11-01,1,4,1,0,6,32,4
21860,"Fairmont, MN",2020-12-01,0,1,1,0,2,34,4
21860,"Fairmont, MN",2021-01-01,4,4,1,0,9,43,8
21860,"Fairmont, MN",2021-02-01,1,10,2,0,13,56,9
21860,"Fairmont, MN",2021-03-01,8,9,0,0,17,73,17
21860,"Fairmont, MN",2021-04-01,5,7,5,0,17,90,22
21860,"Fairmont, MN",2021-05-01,2,8,1,0,11,101,24
21860,"Fairmont, MN",2021-06-01,0,5,2,1,8,109,24
21860,"Fairmont, MN",2021-07-01,3,1,0,0,4,113,27
21860,"Fairmont, MN",2021-08-01,1,5,1,0,7,120,28
21860,"Fairmont, MN",2021-09-01,4,7,3,1,15,135,32
21860,"Fairmont, MN",2021-10-01,3,4,1,0,8,143,35
21860,"Fairmont, MN",2021-11-01,2,5,1,0,8,151,37
21860,"Fairmont, MN",2021-12-01,2,6,3,0,11,162,39
21860,"Fairmont, MN",2022-01-01,5,6,1,0,12,174,44
21860,"Fairmont, MN",2022-02-01,2,4,3,0,9,183,46
21860,"Fairmont, MN",2022-03-01,1,7,3,0,11,194,47
21860,"Fairmont, MN",2022-04-01,0,3,0,1,4,198,47
21860,"Fairmont, MN",2022-05-01,0,10,1,0,11,209,47
21860,"Fairmont, MN",2022-06-01,2,8,1,0,11,220,49
21860,"Fairmont, MN",2022-07-01,1,4,2,0,7,227,50
21860,"Fairmont, MN",2022-08-01,0,3,0,0,3,230,50
21860,"Fairmont, MN",2022-09-01,3,5,2,0,10,240,53
21860,"Fairmont, MN",2022-10-01,2,6,1,1,10,250,55
21860,"Fairmont, MN",2022-11-01,3,2,0,0,5,255,58
21860,"Fairmont, MN",2022-12-01,2,2,0,0,4,259,60
21860,"Fairmont, MN",2023-01-01,3,2,3,0,8,267,63
21860,"Fairmont, MN",2023-02-01,2,2,3,0,7,274,65
21860,"Fairmont, MN",2023-03-01,6,4,1,0,11,285,71
21860,"Fairmont, MN",2023-04-01,2,5,6,0,13,298,73
21860,"Fairmont, MN",2023-05-01,2,6,1,0,9,307,75
21860,"Fairmont, MN",2023-06-01,0,1,4,0,5,312,75
21860,"Fairmont, MN",2023-07-01,2,4,1,1,8,320,77
21860,"Fairmont, MN",2023-08-01,2,1,0,0,3,323,79
21860,"Fairmont, MN",2023-09-01,5,0,1,0,6,329,84
21860,"Fairmont, MN",2023-10-01,3,3,1,0,7,336,87
21860,"Fairmont, MN",2023-11-01,3,6,1,0,10,346,90
21860,"Fairmont, MN",2023-12-01,2,5,1,1,9,355,92
21860,"Fairmont, MN",2024-01-01,3,5,2,0,10,365,95
21860,"Fairmont, MN",2024-02-01,5,6,1,0,12,377,100
21860,"Fairmont, MN",2024-03-01,2,4,3,0,9,386,102
21860,"Fairmont, MN",2024-04-01,5,5,1,0,11,397,107
21860,"Fairmont, MN",2024-05-01,5,4,1,0,10,407,112
21860,"Fairmont, MN",2024-06-01,4,4,2,0,10,417,116
21860,"Fairmont, MN",2024-07-01,3,1,0,0,4,421,119
21860,"Fairmont, MN",2024-08-01,4,1,2,0,7,428,123
21860,"Fairmont, MN",2024-09-01,4,3,1,0,8,436,127
21860,"Fairmont, MN",2024-10-01,0,11,1,0,12,448,127
21860,"Fairmont, MN",2024-11-01,4,1,1,1,7,455,131
21860,"Fairmont, MN",2024-12-01,6,3,0,0,9,464,137
21860,"Fairmont, MN",2025-01-01,3,3,2,0,8,472,140
21860,"Fairmont, MN",2025-02-01,6,8,1,0,15,487,146
21860,"Fairmont, MN",2025-03-01,6,5,0,0,11,498,152
21860,"Fairmont, MN",2025-04-01,3,5,0,0,8,506,155
21860,"Fairmont, MN",2025-05-01,10,8,4,1,23,529,165
21860,"Fairmont, MN",2025-06-01,7,9,0,0,16,545,172
21860,"Fairmont, MN",2025-07-01,1,4,1,0,6,551,173
21860,"Fairmont, MN",2025-08-01,2,4,1,0,7,558,175
14220,"Bogalusa, LA",2019-01-01,0,2,1,0,3,3,0
14220,"Bogalusa, LA",2019-02-01,0,1,0,0,1,4,0
14220,"Bogalusa, LA",2019-03-01,0,1,1,0,2,6,0
14220,"Bogalusa, LA",2019-04-01,0,1,0,0,1,7,0
14220,"Bogalusa, LA",2019-05-01,0,1,1,0,2,9,0
14220,"Bogalusa, LA",2019-09-01,0,0,1,0,1,10,0
14220,"Bogalusa, LA",2019-10-01,0,1,0,0,1,11,0
14220,"Bogalusa, LA",2019-12-01,0,1,0,0,1,12,0
14220,"Bogalusa, LA",2020-01-01,1,4,0,0,5,17,1
14220,"Bogalusa, LA",2020-02-01,0,1,0,0,1,18,1
14220,"Bogalusa, LA",2020-03-01,0,2,1,0,3,21,1
14220,"Bogalusa, LA",2020-04-01,0,1,0,0,1,22,1
14220,"Bogalusa, LA",2020-05-01,1,5,2,0,8,30,2
14220,"Bogalusa, LA",2020-06-01,1,2,2,0,5,35,3
14220,"Bogalusa, LA",2020-07-01,2,2,1,0,5,40,5
14220,"Bogalusa, LA",2020-08-01,1,6,3,1,11,51,6
14220,"Bogalusa, LA",2020-09-01,0,1,4,0,5,56,6
14220,"Bogalusa, LA",2020-10-01,1,6,0,1,8,64,7
14220,"Bogalusa, LA",2020-11-01,0,8,0,1,9,73,7
14220,"Bogalusa, LA",2020-12-01,0,7,3,0,10,83,7
14220,"Bogalusa, LA",2021-01-01,3,14,2,0,19,102,10
14220,"Bogalusa, LA",2021-02-01,1,6,3,0,10,112,11
14220,"Bogalusa, LA",2021-03-01,3,11,2,0,16,128,14
14220,"Bogalusa, LA",2021-04-01,0,16,4,1,21,149,14
14220,"Bogalusa, LA",2021-05-01,1,23,6,1,31,180,15
14220,"Bogalusa, LA",2021-06-01,2,16,1,0,19,199,17
14220,"Bogalusa, LA",2021-07-01,3,18,5,1,27,226,20
14220,"Bogalusa, LA",2021-08-01,2,18,6,0,26,252,22
14220,"Bogalusa, LA",2021-09-01,3,9,2,0,14,266,25
14220,"Bogalusa, LA",2021-10-01,1,14,0,0,15,281,26
14220,"Bogalusa, LA",2021-11-01,1,7,0,0,8,289,27
14220,"Bogalusa, LA",2021-12-01,8,13,2,0,23,312,35
14220,"Bogalusa, LA",2022-01-01,8,7,5,0,20,332,43
14220,"Bogalusa, LA",2022-02-01,2,13,5,1,21,353,45
14220,"Bogalusa, LA",2022-03-01,5,18,3,3,29,382,50
14220,"Bogalusa, LA",2022-04-01,5,19,5,0,29,411,55
14220,"Bogalusa, LA",2022-05-01,3,23,4,0,30,441,58
14220,"Bogalusa, LA",2022-06-01,5,14,3,0,22,463,63
14220,"Bogalusa, LA",2022-07-01,4,9,3,1,17,480,67
14220,"Bogalusa, LA",2022-08-01,3,9,1,0,13,493,70
14220,"Bogalusa, LA",2022-09-01,2,8,3,0,13,506,72
14220,"Bogalusa, LA",2022-10-01,5,6,4,0,15,521,77
14220,"Bogalusa, LA",2022-11-01,8,14,7,0,29,550,85
14220,"Bogalusa, LA",2022-12-01,5,18,7,0,30,580,90
14220,"Bogalusa, LA",2023-01-01,7,10,5,0,22,602,97
14220,"Bogalusa, LA",2023-02-01,8,4,2,0,14,616,105
14220,"Bogalusa, LA",2023-03-01,7,17,2,1,27,643,112
14220,"Bogalusa, LA",2023-04-01,11,12,3,0,26,669,123
14220,"Bogalusa, LA",2023-05-01,4,13,2,0,19,688,127
14220,"Bogalusa, LA",2023-06-01,6,5,4,0,15,703,133
14220,"Bogalusa, LA",2023-07-01,5,6,1,0,12,715,138
14220,"Bogalusa, LA",2023-08-01,5,7,4,1,17,732,143
14220,"Bogalusa, LA",2023-09-01,7,18,3,1,29,761,150
14220,"Bogalusa, LA",2023-10-01,5,6,4,0,15,776,155
14220,"Bogalusa, LA",2023-11-01,12,9,5,2,28,804,167
14220,"Bogalusa, LA",2023-12-01,6,14,6,0,26,830,173
14220,"Bogalusa, LA",2024-01-01,10,11,4,0,25,855,183
14220,"Bogalusa, LA",2024-02-01,6,11,4,1,22,877,189
14220,"Bogalusa, LA",2024-03-01,6,14,8,1,29,906,195
14220,"Bogalusa, LA",2024-04-01,8,15,5,2,30,936,203
14220,"Bogalusa, LA",2024-05-01,8,12,3,0,23,959,211
14220,"Bogalusa, LA",2024-06-01,4,11,4,0,19,978,215
14220,"Bogalusa, LA",2024-07-01,5,20,4,0,29,1007,220
14220,"Bogalusa, LA",2024-08-01,11,10,3,1,25,1032,231
14220,"Bogalusa, LA",2024-09-01,6,11,1,1,19,1051,237
14220,"Bogalusa, LA",2024-10-01,3,9,2,1,15,1066,240
14220,"Bogalusa, LA",2024-11-01,8,11,4,0,23,1089,248
14220,"Bogalusa, LA",2024-12-01,13,13,5,0,31,1120,261
14220,"Bogalusa, LA",2025-01-01,4,8,8,1,21,1141,265
14220,"Bogalusa, LA",2025-02-01,5,7,3,1,16,1157,270
14220,"Bogalusa, LA",2025-03-01,7,13,4,1,25,1182,277
14220,"Bogalusa, LA",2025-04-01,9,17,3,1,30,1212,286
14220,"Bogalusa, LA",2025-05-01,11,10,6,0,27,1239,297
14220,"Bogalusa, LA",2025-06-01,16,18,7,2,43,1282,313
14220,"Bogalusa, LA",2025-07-01,5,11,9,0,25,1307,318
14220,"Bogalusa, LA",2025-08-01,4,9,2,1,16,1323,322
14220,"Bogalusa, LA",2025-09-01,1,0,0,0,1,1324,323
16140,"Carroll, IA",2019-01-01,0,2,1,0,3,3,0
16140,"Carroll, IA",2019-02-01,0,4,4,0,8,11,0
16140,"Carroll, IA",2019-03-01,0,9,4,0,13,24,0
16140,"Carroll, IA",2019-04-01,0,16,2,1,19,43,0
16140,"Carroll, IA",2019-05-01,1,8,6,0,15,58,1
16140,"Carroll, IA",2019-06-01,0,7,3,0,10,68,1
16140,"Carroll, IA",2019-07-01,0,6,1,1,8,76,1
16140,"Carroll, IA",2019-08-01,0,9,2,0,11,87,1
16140,"Carroll, IA",2019-09-01,1,8,5,0,14,101,2
16140,"Carroll, IA",2019-10-01,0,6,1,0,7,108,2
16140,"Carroll, IA",2019-11-01,2,9,5,0,16,124,4
16140,"Carroll, IA",2019-12-01,0,6,5,0,11,135,4
16140,"Carroll, IA",2020-01-01,1,6,5,1,13,148,5
16140,"Carroll, IA",2020-02-01,0,13,2,0,15,163,5
16140,"Carroll, IA",2020-03-01,1,12,8,1,22,185,6
16140,"Carroll, IA",2020-04-01,5,34,9,1,49,234,11
16140,"Carroll, IA",2020-05-01,8,25,7,0,40,274,19
16140,"Carroll, IA",2020-06-01,6,24,9,2,41,315,25
16140,"Carroll, IA",2020-07-01,10,39,8,1,58,373,35
16140,"Carroll, IA",2020-08-01,8,42,16,1,67,440,43
16140,"Carroll, IA",2020-09-01,13,50,14,0,77,517,56
16140,"Carroll, IA",2020-10-01,13,53,16,2,84,601,69
16140,"Carroll, IA",2020-11-01,14,32,13,0,59,660,83
16140,"Carroll, IA",2020-12-01,11,26,7,1,45,705,94
16140,"Carroll, IA",2021-01-01,29,65,27,1,122,827,123
16140,"Carroll, IA",2021-02-01,18,64,20,2,104,931,141
16140,"Carroll, IA",2021-03-01,30,57,7,2,96,1027,171
16140,"Carroll, IA",2021-04-01,17,55,15,1,88,1115,188
16140,"Carroll, IA",2021-05-01,15,33,5,0,53,1168,203
16140,"Carroll, IA",2021-06-01,19,57,9,1,86,1254,222
16140,"Carroll, IA",2021-07-01,7,30,6,1,44,1298,229
16140,"Carroll, IA",2021-08-01,20,75,16,1,112,1410,249
16140,"Carroll, IA",2021-09-01,12,62,24,2,100,1510,261
16140,"Carroll, IA",2021-10-01,8,46,17,2,73,1583,269
16140,"Carroll, IA",2021-11-01,16,36,11,0,63,1646,285
16140,"Carroll, IA",2021-12-01,16,64,23,4,107,1753,301
16140,"Carroll, IA",2022-01-01,31,69,21,1,122,1875,332
16140,"Carroll, IA",2022-02-01,13,31,15,0,59,1934,345
16140,"Carroll, IA",2022-03-01,15,56,21,3,95,2029,360
16140,"Carroll, IA",2022-04-01,19,42,17,1,79,2108,379
16140,"Carroll, IA",2022-05-01,22,50,19,3,94,2202,401
16140,"Carroll, IA",2022-06-01,14,29,13,0,56,2258,415
16140,"Carroll, IA",2022-07-01,21,41,16,0,78,2336,436
16140,"Carroll, IA",2022-08-01,15,48,13,3,79,2415,451
16140,"Carroll, IA",2022-09-01,12,50,15,1,78,2493,463
16140,"Carroll, IA",2022-10-01,16,48,16,1,81,2574,479
16140,"Carroll, IA",2022-11-01,12,40,5,2,59,2633,491
16140,"Carroll, IA",2022-12-01,14,38,11,2,65,2698,505
16140,"Carroll, IA",2023-01-01,18,47,10,1,76,2774,523
16140,"Carroll, IA",2023-02-01,23,36,12,1,72,2846,546
16140,"Carroll, IA",2023-03-01,25,42,13,1,81,2927,571
16140,"Carroll, IA",2023-04-01,17,25,11,2,55,2982,588
16140,"Carroll, IA",2023-05-01,12,16,5,1,34,3016,600
16140,"Carroll, IA",2023-06-01,7,10,3,0,20,3036,607
16140,"Carroll, IA",2023-07-01,9,18,9,0,36,3072,616
16140,"Carroll, IA",2023-08-01,16,38,13,1,68,3140,632
16140,"Carroll, IA",2023-09-01,7,21,9,1,38,3178,639
16140,"Carroll, IA",2023-10-01,4,14,5,0,23,3201,643
16140,"Carroll, IA",2023-11-01,9,2,1,1,13,3214,652
16140,"Carroll, IA",2023-12-01,3,7,1,0,11,3225,655
16140,"Carroll, IA",2024-01-01,3,10,2,1,16,3241,658
16140,"Carroll, IA",2024-02-01,6,5,3,1,15,3256,664
16140,"Carroll, IA",2024-03-01,3,6,0,0,9,3265,667
16140,"Carroll, IA",2024-04-01,2,5,3,0,10,3275,669
16140,"Carroll, IA",2024-05-01,1,6,0,0,7,3282,670
16140,"Carroll, IA",2024-06-01,4,1,3,0,8,3290,674
16140,"Carroll, IA",2024-07-01,4,4,4,0,12,3302,678
16140,"Carroll, IA",2024-08-01,3,6,2,0,11,3313,681
16140,"Carroll, IA",2024-09-01,0,6,2,0,8,3321,681
16140,"Carroll, IA",2024-10-01,3,6,0,0,9,3330,684
16140,"Carroll, IA",2024-11-01,3,11,3,0,17,3347,687
16140,"Carroll, IA",2024-12-01,4,5,1,0,10,3357,691
16140,"Carroll, IA",2025-01-01,6,15,3,0,24,3381,697
16140,"Carroll, IA",2025-02-01,11,5,2,0,18,3399,708
16140,"Carroll, IA",2025-03-01,5,7,1,0,13,3412,713
16140,"Carroll, IA",2025-04-01,7,3,1,0,11,3423,720
16140,"Carroll, IA",2025-05-01,6,6,2,0,14,3437,726
16140,"Carroll, IA",2025-06-01,7,8,4,0,19,3456,733
16140,"Carroll, IA",2025-07-01,8,9,2,0,19,3475,741
16140,"Carroll, IA",2025-08-01,6,8,1,0,15,3490,747
20900,"El Campo, TX",2019-01-01,0,1,0,0,1,1,0
20900,"El Campo, TX",2019-02-01,0,0,1,0,1,2,0
20900,"El Campo, TX",2019-03-01,0,1,1,0,2,4,0
20900,"El Campo, TX",2019-04-01,0,1,0,0,1,5,0
20900,"El Campo, TX",2019-06-01,0,1,0,0,1,6,0
20900,"El Campo, TX",2019-07-01,0,2,0,0,2,8,0
20900,"El Campo, TX",2019-09-01,0,1,1,0,2,10,0
20900,"El Campo, TX",2019-10-01,0,1,0,0,1,11,0
20900,"El Campo, TX",2019-11-01,0,3,0,0,3,14,0
20900,"El Campo, TX",2019-12-01,0,1,0,0,1,15,0
20900,"El Campo, TX",2020-01-01,0,2,2,0,4,19,0
20900,"El Campo, TX",2020-02-01,0,1,1,0,2,21,0
20900,"El Campo, TX",2020-04-01,0,2,0,0,2,23,0
20900,"El Campo, TX",2020-05-01,0,0,0,0,0,23,0
20900,"El Campo, TX",2020-06-01,1,0,0,0,1,24,1
20900,"El Campo, TX",2020-07-01,1,4,1,0,6,30,2
20900,"El Campo, TX",2020-08-01,1,3,0,0,4,34,3
20900,"El Campo, TX",2020-09-01,0,1,2,0,3,37,3
20900,"El Campo, TX",2020-10-01,0,9,2,0,11,48,3
20900,"El Campo, TX",2020-11-01,2,2,0,0,4,52,5
20900,"El Campo, TX",2020-12-01,4,6,3,1,14,66,9
20900,"El Campo, TX",2021-01-01,3,10,3,0,16,82,12
20900,"El Campo, TX",2021-02-01,2,4,2,0,8,90,14
20900,"El Campo, TX",2021-03-01,3,6,3,0,12,102,17
20900,"El Campo, TX",2021-04-01,1,12,2,1,16,118,18
20900,"El Campo, TX",2021-05-01,3,16,3,0,22,140,21
20900,"El Campo, TX",2021-06-01,1,7,4,0,12,152,22
20900,"El Campo, TX",2021-07-01,1,7,1,0,9,161,23
20900,"El Campo, TX",2021-08-01,2,10,2,0,14,175,25
20900,"El Campo, TX",2021-09-01,3,7,2,1,13,188,28
20900,"El Campo, TX",2021-10-01,1,5,0,0,6,194,29
20900,"El Campo, TX",2021-11-01,0,9,2,0,11,205,29
20900,"El Campo, TX",2021-12-01,0,8,2,0,10,215,29
20900,"El Campo, TX",2022-01-01,4,8,0,0,12,227,33
20900,"El Campo, TX",2022-02-01,1,10,2,0,13,240,34
20900,"El Campo, TX",2022-03-01,4,6,2,0,12,252,38
20900,"El Campo, TX",2022-04-01,4,4,1,1,10,262,42
20900,"El Campo, TX",2022-05-01,0,8,2,0,10,272,42
20900,"El Campo, TX",2022-06-01,4,6,2,0,12,284,46
20900,"El Campo, TX",2022-07-01,3,10,2,0,15,299,49
20900,"El Campo, TX",2022-08-01,4,10,5,0,19,318,53
20900,"El Campo, TX",2022-09-01,1,6,0,0,7,325,54
20900,"El Campo, TX",2022-10-01,0,5,1,0,6,331,54
20900,"El Campo, TX",2022-11-01,5,6,1,0,12,343,59
20900,"El Campo, TX",2022-12-01,2,4,1,0,7,350,61
20900,"El Campo, TX",2023-01-01,1,0,3,0,4,354,62
20900,"El Campo, TX",2023-02-01,4,5,3,0,12,366,66
20900,"El Campo, TX",2023-03-01,8,11,5,0,24,390,74
20900,"El Campo, TX",2023-04-01,1,8,0,1,10,400,75
20900,"El Campo, TX",2023-05-01,3,7,4,0,14,414,78
20900,"El Campo, TX",2023-06-01,3,7,0,0,10,424,81
20900,"El Campo, TX",2023-07-01,7,10,3,0,20,444,88
20900,"El Campo, TX",2023-08-01,3,3,2,1,9,453,91
20900,"El Campo, TX",2023-09-01,2,8,4,0,14,467,93
20900,"El Campo, TX",2023-10-01,4,8,3,0,15,482,97
20900,"El Campo, TX",2023-11-01,1,8,3,0,12,494,98
20900,"El Campo, TX",2023-12-01,8,6,4,0,18,512,106
20900,"El Campo, TX",2024-01-01,6,10,3,0,19,531,112
20900,"El Campo, TX",2024-02-01,7,5,3,0,15,546,119
20900,"El Campo, TX",2024-03-01,5,13,1,3,22,568,124
20900,"El Campo, TX",2024-04-01,4,10,3,0,17,585,128
20900,"El Campo, TX",2024-05-01,6,9,2,1,18,603,134
20900,"El Campo, TX",2024-06-01,7,9,1,1,18,621,141
20900,"El Campo, TX",2024-07-01,1,7,0,0,8,629,142
20900,"El Campo, TX",2024-08-01,3,14,5,0,22,651,145
20900,"El Campo, TX",2024-09-01,4,10,1,0,15,666,149
20900,"El Campo, TX",2024-10-01,8,7,0,0,15,681,157
20900,"El Campo, TX",2024-11-01,1,6,4,1,12,693,158
20900,"El Campo, TX",2024-12-01,4,5,1,1,11,704,162
20900,"El Campo, TX",2025-01-01,6,10,3,1,20,724,168
20900,"El Campo, TX",2025-02-01,3,6,1,0,10,734,171
20900,"El Campo, TX",2025-03-01,1,3,6,0,10,744,172
20900,"El Campo, TX",2025-04-01,5,8,3,1,17,761,177
20900,"El Campo, TX",2025-05-01,4,9,4,1,18,779,181
20900,"El Campo, TX",2025-06-01,7,8,2,0,17,796,188
20900,"El Campo, TX",2025-07-01,5,13,3,0,21,817,193
20900,"El Campo, TX",2025-08-01,2,8,3,1,14,831,195
30140,"Lebanon, PA",2019-01-01,0,20,6,0,26,26,0
30140,"Lebanon, PA",2019-02-01,1,32,15,0,48,74,1
30140,"Lebanon, PA",2019-03-01,0,43,5,2,50,124,1
30140,"Lebanon, PA",2019-04-01,2,30,8,1,41,165,3
30140,"Lebanon, PA",2019-05-01,1,27,6,0,34,199,4
30140,"Lebanon, PA",2019-06-01,3,35,4,0,42,241,7
30140,"Lebanon, PA",2019-07-01,0,22,7,0,29,270,7
30140,"Lebanon, PA",2019-08-01,6,27,7,1,41,311,13
30140,"Lebanon, PA",2019-09-01,0,24,10,3,37,348,13
30140,"Lebanon, PA",2019-10-01,2,26,2,1,31,379,15
30140,"Lebanon, PA",2019-11-01,3,24,3,0,30,409,18
30140,"Lebanon, PA",2019-12-01,4,30,6,1,41,450,22
30140,"Lebanon, PA",2020-01-01,5,28,7,1,41,491,27
30140,"Lebanon, PA",2020-02-01,2,31,8,2,43,534,29
30140,"Lebanon, PA",2020-03-01,11,35,9,1,56,590,40
30140,"Lebanon, PA",2020-04-01,18,66,26,2,112,702,58
30140,"Lebanon, PA",2020-05-01,42,88,19,0,149,851,100
30140,"Lebanon, PA",2020-06-01,30,81,20,1,132,983,130
30140,"Lebanon, PA",2020-07-01,42,114,25,2,183,1166,172
30140,"Lebanon, PA",2020-08-01,29,109,23,4,165,1331,201
30140,"Lebanon, PA",2020-09-01,27,85,27,1,140,1471,228
30140,"Lebanon, PA",2020-10-01,26,73,22,1,122,1593,254
30140,"Lebanon, PA",2020-11-01,13,44,9,0,66,1659,267
30140,"Lebanon, PA",2020-12-01,19,24,8,1,52,1711,286
30140,"Lebanon, PA",2021-01-01,46,76,16,2,140,1851,332
30140,"Lebanon, PA",2021-02-01,38,102,20,2,162,2013,370
30140,"Lebanon, PA",2021-03-01,37,95,31,3,166,2179,407
30140,"Lebanon, PA",2021-04-01,48,109,18,3,178,2357,455
30140,"Lebanon, PA",2021-05-01,37,108,27,2,174,2531,492
30140,"Lebanon, PA",2021-06-01,27,82,22,0,131,2662,519
30140,"Lebanon, PA",2021-07-01,35,80,16,2,133,2795,554
30140,"Lebanon, PA",2021-08-01,34,69,15,3,121,2916,588
30140,"Lebanon, PA",2021-09-01,28,93,18,3,142,3058,616
30140,"Lebanon, PA",2021-10-01,5,28,10,0,43,3101,621
30140,"Lebanon, PA",2021-11-01,24,41,8,0,73,3174,645
30140,"Lebanon, PA",2021-12-01,35,80,24,1,140,3314,680
30140,"Lebanon, PA",2022-01-01,47,118,23,1,189,3503,727
30140,"Lebanon, PA",2022-02-01,20,36,11,2,69,3572,747
30140,"Lebanon, PA",2022-03-01,33,67,18,1,119,3691,780
30140,"Lebanon, PA",2022-04-01,11,35,12,0,58,3749,791
30140,"Lebanon, PA",2022-05-01,24,64,24,2,114,3863,815
30140,"Lebanon, PA",2022-06-01,18,38,4,1,61,3924,833
30140,"Lebanon, PA",2022-07-01,16,46,13,0,75,3999,849
30140,"Lebanon, PA",2022-08-01,13,34,8,0,55,4054,862
30140,"Lebanon, PA",2022-09-01,27,88,23,0,138,4192,889
30140,"Lebanon, PA",2022-10-01,27,52,16,2,97,4289,916
30140,"Lebanon, PA",2022-11-01,48,70,14,1,133,4422,964
30140,"Lebanon, PA",2022-12-01,43,85,21,1,150,4572,1007
30140,"Lebanon, PA",2023-01-01,42,103,28,0,173,4745,1049
30140,"Lebanon, PA",2023-02-01,40,84,36,3,163,4908,1089
30140,"Lebanon, PA",2023-03-01,47,91,29,1,168,5076,1136
30140,"Lebanon, PA",2023-04-01,33,68,23,1,125,5201,1169
30140,"Lebanon, PA",2023-05-01,16,42,6,1,65,5266,1185
30140,"Lebanon, PA",2023-06-01,16,29,7,0,52,5318,1201
30140,"Lebanon, PA",2023-07-01,11,22,5,0,38,5356,1212
30140,"Lebanon, PA",2023-08-01,18,36,16,1,71,5427,1230
30140,"Lebanon, PA",2023-09-01,40,80,20,1,141,5568,1270
30140,"Lebanon, PA",2023-10-01,42,89,31,1,163,5731,1312
30140,"Lebanon, PA",2023-11-01,47,77,23,0,147,5878,1359
30140,"Lebanon, PA",2023-12-01,70,78,29,1,178,6056,1429
30140,"Lebanon, PA",2024-01-01,62,96,41,3,202,6258,1491
30140,"Lebanon, PA",2024-02-01,58,75,22,3,158,6416,1549
30140,"Lebanon, PA",2024-03-01,41,78,28,2,149,6565,1590
30140,"Lebanon, PA",2024-04-01,30,51,12,2,95,6660,1620
30140,"Lebanon, PA",2024-05-01,21,43,6,0,70,6730,1641
30140,"Lebanon, PA",2024-06-01,14,32,9,0,55,6785,1655
30140,"Lebanon, PA",2024-07-01,49,85,19,2,155,6940,1704
30140,"Lebanon, PA",2024-08-01,54,105,26,1,186,7126,1758
30140,"Lebanon, PA",2024-09-01,40,63,20,3,126,7252,1798
30140,"Lebanon, PA",2024-10-01,49,66,22,3,140,7392,1847
30140,"Lebanon, PA",2024-11-01,47,65,29,3,144,7536,1894
30140,"Lebanon, PA",2024-12-01,76,66,25,0,167,7703,1970
30140,"Lebanon, PA",2025-01-01,71,78,33,4,186,7889,2041
30140,"Lebanon, PA",2025-02-01,64,69,22,3,158,8047,2105
30140,"Lebanon, PA",2025-03-01,55,72,31,3,161,8208,2160
30140,"Lebanon, PA",2025-04-01,50,73,20,3,146,8354,2210
30140,"Lebanon, PA",2025-05-01,70,71,28,4,173,8527,2280
30140,"Lebanon, PA",2025-06-01,63,62,28,2,155,8682,2343
30140,"Lebanon, PA",2025-07-01,41,81,14,0,136,8818,2384
30140,"Lebanon, PA",2025-08-01,48,60,17,4,129,8947,2432
30140,"Lebanon, PA",2025-09-01,1,1,0,0,2,8949,2433
21700,"Eureka-Arcata, CA",2019-01-01,0,10,1,0,11,11,0
21700,"Eureka-Arcata, CA",2019-02-01,1,34,1,0,36,47,1
21700,"Eureka-Arcata, CA",2019-03-01,6,66,5,1,78,125,7
21700,"Eureka-Arcata, CA",2019-04-01,0,40,5,0,45,170,7
21700,"Eureka-Arcata, CA",2019-05-01,2,32,4,1,39,209,9
21700,"Eureka-Arcata, CA",2019-06-01,0,27,5,0,32,241,9
21700,"Eureka-Arcata, CA",2019-07-01,1,21,5,0,27,268,10
21700,"Eureka-Arcata, CA",2019-08-01,2,27,2,0,31,299,12
21700,"Eureka-Arcata, CA",2019-09-01,3,40,5,0,48,347,15
21700,"Eureka-Arcata, CA",2019-10-01,4,24,6,1,35,382,19
21700,"Eureka-Arcata, CA",2019-11-01,1,26,4,0,31,413,20
21700,"Eureka-Arcata, CA",2019-12-01,3,23,1,0,27,440,23
21700,"Eureka-Arcata, CA",2020-01-01,4,24,9,0,37,477,27
21700,"Eureka-Arcata, CA",2020-02-01,4,30,7,1,42,519,31
21700,"Eureka-Arcata, CA",2020-03-01,7,20,3,5,35,554,38
21700,"Eureka-Arcata, CA",2020-04-01,14,58,17,2,91,645,52
21700,"Eureka-Arcata, CA",2020-05-01,27,79,21,2,129,774,79
21700,"Eureka-Arcata, CA",2020-06-01,30,90,12,0,132,906,109
21700,"Eureka-Arcata, CA",2020-07-01,23,94,19,1,137,1043,132
21700,"Eureka-Arcata, CA",2020-08-01,20,91,12,3,126,1169,152
21700,"Eureka-Arcata, CA",2020-09-01,31,94,12,0,137,1306,183
21700,"Eureka-Arcata, CA",2020-10-01,19,75,11,1,106,1412,202
21700,"Eureka-Arcata, CA",2020-11-01,30,76,10,1,117,1529,232
21700,"Eureka-Arcata, CA",2020-12-01,22,79,16,4,121,1650,254
21700,"Eureka-Arcata, CA",2021-01-01,22,75,12,2,111,1761,276
21700,"Eureka-Arcata, CA",2021-02-01,16,46,5,0,67,1828,292
21700,"Eureka-Arcata, CA",2021-03-01,35,65,24,0,124,1952,327
21700,"Eureka-Arcata, CA",2021-04-01,29,71,12,2,114,2066,356
21700,"Eureka-Arcata, CA",2021-05-01,22,32,8,3,65,2131,378
21700,"Eureka-Arcata, CA",2021-06-01,26,53,7,0,86,2217,404
21700,"Eureka-Arcata, CA",2021-07-01,26,59,19,2,106,2323,430
21700,"Eureka-Arcata, CA",2021-08-01,25,59,15,0,99,2422,455
21700,"Eureka-Arcata, CA",2021-09-01,16,61,13,2,92,2514,471
21700,"Eureka-Arcata, CA",2021-10-01,11,46,10,1,68,2582,482
21700,"Eureka-Arcata, CA",2021-11-01,13,42,6,1,62,2644,495
21700,"Eureka-Arcata, CA",2021-12-01,9,63,10,1,83,2727,504
21700,"Eureka-Arcata, CA",2022-01-01,27,60,17,1,105,2832,531
21700,"Eureka-Arcata, CA",2022-02-01,11,39,9,1,60,2892,542
21700,"Eureka-Arcata, CA",2022-03-01,10,41,9,3,63,2955,552
21700,"Eureka-Arcata, CA",2022-04-01,17,41,9,0,67,3022,569
21700,"Eureka-Arcata, CA",2022-05-01,12,39,14,1,66,3088,581
21700,"Eureka-Arcata, CA",2022-06-01,13,30,2,1,46,3134,594
21700,"Eureka-Arcata, CA",2022-07-01,18,28,5,0,51,3185,612
21700,"Eureka-Arcata, CA",2022-08-01,14,33,11,3,61,3246,626
21700,"Eureka-Arcata, CA",2022-09-01,17,24,9,0,50,3296,643
21700,"Eureka-Arcata, CA",2022-10-01,19,27,11,0,57,3353,662
21700,"Eureka-Arcata, CA",2022-11-01,20,40,7,0,67,3420,682
21700,"Eureka-Arcata, CA",2022-12-01,25,40,9,3,77,3497,707
21700,"Eureka-Arcata, CA",2023-01-01,19,31,9,1,60,3557,726
21700,"Eureka-Arcata, CA",2023-02-01,17,37,5,1,60,3617,743
21700,"Eureka-Arcata, CA",2023-03-01,41,70,17,2,130,3747,784
21700,"Eureka-Arcata, CA",2023-04-01,14,22,7,2,45,3792,798
21700,"Eureka-Arcata, CA",2023-05-01,8,21,9,0,38,3830,806
21700,"Eureka-Arcata, CA",2023-06-01,8,19,9,1,37,3867,814
21700,"Eureka-Arcata, CA",2023-07-01,7,30,7,2,46,3913,821
21700,"Eureka-Arcata, CA",2023-08-01,3,12,5,0,20,3933,824
21700,"Eureka-Arcata, CA",2023-09-01,6,21,3,0,30,3963,830
21700,"Eureka-Arcata, CA",2023-10-01,13,31,10,1,55,4018,843
21700,"Eureka-Arcata, CA",2023-11-01,16,38,21,1,76,4094,859
21700,"Eureka-Arcata, CA",2023-12-01,16,45,15,1,77,4171,875
21700,"Eureka-Arcata, CA",2024-01-01,17,46,13,1,77,4248,892
21700,"Eureka-Arcata, CA",2024-02-01,36,36,11,0,83,4331,928
21700,"Eureka-Arcata, CA",2024-03-01,16,27,10,0,53,4384,944
21700,"Eureka-Arcata, CA",2024-04-01,7,12,7,0,26,4410,951
21700,"Eureka-Arcata, CA",2024-05-01,6,18,6,0,30,4440,957
21700,"Eureka-Arcata, CA",2024-06-01,9,19,7,2,37,4477,966
21700,"Eureka-Arcata, CA",2024-07-01,4,16,6,1,27,4504,970
21700,"Eureka-Arcata, CA",2024-08-01,2,24,5,2,33,4537,972
21700,"Eureka-Arcata, CA",2024-09-01,5,15,5,5,30,4567,977
21700,"Eureka-Arcata, CA",2024-10-01,4,11,6,0,21,4588,981
21700,"Eureka-Arcata, CA",2024-11-01,20,20,8,1,49,4637,1001
21700,"Eureka-Arcata, CA",2024-12-01,3,10,2,1,16,4653,1004
21700,"Eureka-Arcata, CA",2025-01-01,12,27,8,1,48,4701,1016
21700,"Eureka-Arcata, CA",2025-02-01,10,7,10,1,28,4729,1026
21700,"Eureka-Arcata, CA",2025-03-01,5,18,2,0,25,4754,1031
21700,"Eureka-Arcata, CA",2025-04-01,8,16,5,0,29,4783,1039
21700,"Eureka-Arcata, CA",2025-05-01,10,11,3,0,24,4807,1049
21700,"Eureka-Arcata, CA",2025-06-01,8,8,2,1,19,4826,1057
21700,"Eureka-Arcata, CA",2025-07-01,2,7,3,0,12,4838,1059
21700,"Eureka-Arcata, CA",2025-08-01,12,20,4,0,36,4874,1071
17860,"Columbia, MO",2019-01-01,3,24,6,0,33,33,3
17860,"Columbia, MO",2019-02-01,3,34,6,0,43,76,6
17860,"Columbia, MO",2019-03-01,4,52,8,0,64,140,10
17860,"Columbia, MO",2019-04-01,1,62,7,1,71,211,11
17860,"Columbia, MO",2019-05-01,7,50,13,0,70,281,18
17860,"Columbia, MO",2019-06-01,7,74,10,1,92,373,25
17860,"Columbia, MO",2019-07-01,8,48,8,0,64,437,33
17860,"Columbia, MO",2019-08-01,2,61,11,0,74,511,35
17860,"Columbia, MO",2019-09-01,7,51,10,2,70,581,42
17860,"Columbia, MO",2019-10-01,8,34,10,0,52,633,50
17860,"Columbia, MO",2019-11-01,9,57,8,1,75,708,59
17860,"Columbia, MO",2019-12-01,17,68,12,0,97,805,76
17860,"Columbia, MO",2020-01-01,18,67,14,0,99,904,94
17860,"Columbia, MO",2020-02-01,11,44,14,3,72,976,105
17860,"Columbia, MO",2020-03-01,25,104,19,3,151,1127,130
17860,"Columbia, MO",2020-04-01,86,226,26,4,342,1469,216
17860,"Columbia, MO",2020-05-01,170,215,24,2,411,1880,386
17860,"Columbia, MO",2020-06-01,92,133,8,1,234,2114,478
17860,"Columbia, MO",2020-07-01,104,191,23,0,318,2432,582
17860,"Columbia, MO",2020-08-01,89,229,31,6,355,2787,671
17860,"Columbia, MO",2020-09-01,132,206,20,6,364,3151,803
17860,"Columbia, MO",2020-10-01,86,169,21,3,279,3430,889
17860,"Columbia, MO",2020-11-01,66,85,11,2,164,3594,955
17860,"Columbia, MO",2020-12-01,72,97,19,2,190,3784,1027
17860,"Columbia, MO",2021-01-01,132,153,24,1,310,4094,1159
17860,"Columbia, MO",2021-02-01,173,174,31,0,378,4472,1332
17860,"Columbia, MO",2021-03-01,188,219,28,4,439,4911,1520
17860,"Columbia, MO",2021-04-01,149,185,26,1,361,5272,1669
17860,"Columbia, MO",2021-05-01,113,149,25,2,289,5561,1782
17860,"Columbia, MO",2021-06-01,80,174,20,3,277,5838,1862
17860,"Columbia, MO",2021-07-01,79,119,19,2,219,6057,1941
17860,"Columbia, MO",2021-08-01,98,180,42,3,323,6380,2039
17860,"Columbia, MO",2021-09-01,96,178,32,2,308,6688,2135
17860,"Columbia, MO",2021-10-01,90,156,36,8,290,6978,2225
17860,"Columbia, MO",2021-11-01,90,118,23,0,231,7209,2315
17860,"Columbia, MO",2021-12-01,132,152,39,1,324,7533,2447
17860,"Columbia, MO",2022-01-01,212,238,39,6,495,8028,2659
17860,"Columbia, MO",2022-02-01,174,217,37,1,429,8457,2833
17860,"Columbia, MO",2022-03-01,147,215,41,1,404,8861,2980
17860,"Columbia, MO",2022-04-01,85,135,23,8,251,9112,3065
17860,"Columbia, MO",2022-05-01,94,152,32,2,280,9392,3159
17860,"Columbia, MO",2022-06-01,69,107,23,1,200,9592,3228
17860,"Columbia, MO",2022-07-01,85,109,29,2,225,9817,3313
17860,"Columbia, MO",2022-08-01,122,170,43,6,341,10158,3435
17860,"Columbia, MO",2022-09-01,122,183,31,3,339,10497,3557
17860,"Columbia, MO",2022-10-01,97,131,29,3,260,10757,3654
17860,"Columbia, MO",2022-11-01,128,155,38,4,325,11082,3782
17860,"Columbia, MO",2022-12-01,146,141,27,3,317,11399,3928
17860,"Columbia, MO",2023-01-01,173,147,38,4,362,11761,4101
17860,"Columbia, MO",2023-02-01,159,131,29,2,321,12082,4260
17860,"Columbia, MO",2023-03-01,183,160,37,3,383,12465,4443
17860,"Columbia, MO",2023-04-01,131,101,23,5,260,12725,4574
17860,"Columbia, MO",2023-05-01,100,83,20,2,205,12930,4674
17860,"Columbia, MO",2023-06-01,71,70,21,3,165,13095,4745
17860,"Columbia, MO",2023-07-01,69,71,17,2,159,13254,4814
17860,"Columbia, MO",2023-08-01,89,104,34,1,228,13482,4903
17860,"Columbia, MO",2023-09-01,143,122,30,1,296,13778,5046
17860,"Columbia, MO",2023-10-01,151,104,32,4,291,14069,5197
17860,"Columbia, MO",2023-11-01,157,110,33,1,301,14370,5354
17860,"Columbia, MO",2023-12-01,164,111,22,1,298,14668,5518
17860,"Columbia, MO",2024-01-01,164,136,42,2,344,15012,5682
17860,"Columbia, MO",2024-02-01,198,105,35,4,342,15354,5880
17860,"Columbia, MO",2024-03-01,156,107,34,3,300,15654,6036
17860,"Columbia, MO",2024-04-01,142,101,35,1,279,15933,6178
17860,"Columbia, MO",2024-05-01,208,109,37,3,357,16290,6386
17860,"Columbia, MO",2024-06-01,129,100,22,2,253,16543,6515
17860,"Columbia, MO",2024-07-01,111,99,27,2,239,16782,6626
17860,"Columbia, MO",2024-08-01,117,118,25,2,262,17044,6743
17860,"Columbia, MO",2024-09-01,147,104,19,2,272,17316,6890
17860,"Columbia, MO",2024-10-01,190,147,37,1,375,17691,7080
17860,"Columbia, MO",2024-11-01,177,87,26,5,295,17986,7257
17860,"Columbia, MO",2024-12-01,206,125,32,3,366,18352,7463
17860,"Columbia, MO",2025-01-01,193,106,30,2,331,18683,7656
17860,"Columbia, MO",2025-02-01,186,92,28,2,308,18991,7842
17860,"Columbia, MO",2025-03-01,207,95,22,2,326,19317,8049
17860,"Columbia, MO",2025-04-01,184,128,38,13,363,19680,8233
17860,"Columbia, MO",2025-05-01,161,118,41,13,333,20013,8394
17860,"Columbia, MO",2025-06-01,160,125,37,2,324,20337,8554
17860,"Columbia, MO",2025-07-01,129,100,37,3,269,20606,8683
17860,"Columbia, MO",2025-08-01,143,75,32,2,252,20858,8826
17860,"Columbia, MO",2025-09-01,6,1,1,0,8,20866,8832
22660,"Fort Collins-Loveland, CO",2019-01-01,6,180,22,0,208,208,6
22660,"Fort Collins-Loveland, CO",2019-02-01,12,172,21,3,208,416,18
22660,"Fort Collins-Loveland, CO",2019-03-01,6,149,35,2,192,608,24
22660,"Fort Collins-Loveland, CO",2019-04-01,21,203,29,3,256,864,45
22660,"Fort Collins-Loveland, CO",2019-05-01,24,232,29,5,290,1154,69
22660,"Fort Collins-Loveland, CO",2019-06-01,20,255,36,4,315,1469,89
22660,"Fort Collins-Loveland, CO",2019-07-01,26,197,23,5,251,1720,115
22660,"Fort Collins-Loveland, CO",2019-08-01,25,204,32,2,263,1983,140
22660,"Fort Collins-Loveland, CO",2019-09-01,37,192,27,3,259,2242,177
22660,"Fort Collins-Loveland, CO",2019-10-01,17,214,37,1,269,2511,194
22660,"Fort Collins-Loveland, CO",2019-11-01,31,175,26,4,236,2747,225
22660,"Fort Collins-Loveland, CO",2019-12-01,30,154,40,4,228,2975,255
22660,"Fort Collins-Loveland, CO",2020-01-01,32,176,39,4,251,3226,287
22660,"Fort Collins-Loveland, CO",2020-02-01,43,209,36,2,290,3516,330
22660,"Fort Collins-Loveland, CO",2020-03-01,66,266,70,6,408,3924,396
22660,"Fort Collins-Loveland, CO",2020-04-01,212,506,92,9,819,4743,608
22660,"Fort Collins-Loveland, CO",2020-05-01,333,651,83,12,1079,5822,941
22660,"Fort Collins-Loveland, CO",2020-06-01,265,528,43,4,840,6662,1206
22660,"Fort Collins-Loveland, CO",2020-07-01,220,542,61,7,830,7492,1426
22660,"Fort Collins-Loveland, CO",2020-08-01,164,564,82,8,818,8310,1590
22660,"Fort Collins-Loveland, CO",2020-09-01,168,531,80,11,790,9100,1758
22660,"Fort Collins-Loveland, CO",2020-10-01,193,483,83,12,771,9871,1951
22660,"Fort Collins-Loveland, CO",2020-11-01,71,210,30,2,313,10184,2022
22660,"Fort Collins-Loveland, CO",2020-12-01,55,137,22,4,218,10402,2077
22660,"Fort Collins-Loveland, CO",2021-01-01,169,336,51,5,561,10963,2246
22660,"Fort Collins-Loveland, CO",2021-02-01,71,167,41,2,281,11244,2317
22660,"Fort Collins-Loveland, CO",2021-03-01,235,414,78,9,736,11980,2552
22660,"Fort Collins-Loveland, CO",2021-04-01,234,476,108,8,826,12806,2786
22660,"Fort Collins-Loveland, CO",2021-05-01,224,495,88,7,814,13620,3010
22660,"Fort Collins-Loveland, CO",2021-06-01,242,517,91,7,857,14477,3252
22660,"Fort Collins-Loveland, CO",2021-07-01,200,454,74,10,738,15215,3452
22660,"Fort Collins-Loveland, CO",2021-08-01,153,368,64,6,591,15806,3605
22660,"Fort Collins-Loveland, CO",2021-09-01,166,431,93,11,701,16507,3771
22660,"Fort Collins-Loveland, CO",2021-10-01,106,288,62,11,467,16974,3877
22660,"Fort Collins-Loveland, CO",2021-11-01,91,204,43,3,341,17315,3968
22660,"Fort Collins-Loveland, CO",2021-12-01,184,325,55,9,573,17888,4152
22660,"Fort Collins-Loveland, CO",2022-01-01,290,452,124,8,874,18762,4442
22660,"Fort Collins-Loveland, CO",2022-02-01,234,379,97,4,714,19476,4676
22660,"Fort Collins-Loveland, CO",2022-03-01,198,359,74,7,638,20114,4874
22660,"Fort Collins-Loveland, CO",2022-04-01,106,187,51,3,347,20461,4980
22660,"Fort Collins-Loveland, CO",2022-05-01,150,226,62,8,446,20907,5130
22660,"Fort Collins-Loveland, CO",2022-06-01,130,165,32,4,331,21238,5260
22660,"Fort Collins-Loveland, CO",2022-07-01,115,137,38,5,295,21533,5375
22660,"Fort Collins-Loveland, CO",2022-08-01,220,314,83,6,623,22156,5595
22660,"Fort Collins-Loveland, CO",2022-09-01,178,285,62,7,532,22688,5773
22660,"Fort Collins-Loveland, CO",2022-10-01,142,211,50,6,409,23097,5915
22660,"Fort Collins-Loveland, CO",2022-11-01,183,268,66,6,523,23620,6098
22660,"Fort Collins-Loveland, CO",2022-12-01,239,228,54,6,527,24147,6337
22660,"Fort Collins-Loveland, CO",2023-01-01,220,248,59,9,536,24683,6557
22660,"Fort Collins-Loveland, CO",2023-02-01,201,203,73,7,484,25167,6758
22660,"Fort Collins-Loveland, CO",2023-03-01,242,300,67,3,612,25779,7000
22660,"Fort Collins-Loveland, CO",2023-04-01,174,201,43,5,423,26202,7174
22660,"Fort Collins-Loveland, CO",2023-05-01,125,138,35,4,302,26504,7299
22660,"Fort Collins-Loveland, CO",2023-06-01,79,103,18,8,208,26712,7378
22660,"Fort Collins-Loveland, CO",2023-07-01,62,102,13,2,179,26891,7440
22660,"Fort Collins-Loveland, CO",2023-08-01,85,155,20,2,262,27153,7525
22660,"Fort Collins-Loveland, CO",2023-09-01,159,222,70,6,457,27610,7684
22660,"Fort Collins-Loveland, CO",2023-10-01,258,293,81,8,640,28250,7942
22660,"Fort Collins-Loveland, CO",2023-11-01,232,320,94,9,655,28905,8174
22660,"Fort Collins-Loveland, CO",2023-12-01,292,297,82,16,687,29592,8466
22660,"Fort Collins-Loveland, CO",2024-01-01,267,309,74,11,661,30253,8733
22660,"Fort Collins-Loveland, CO",2024-02-01,232,224,56,6,518,30771,8965
22660,"Fort Collins-Loveland, CO",2024-03-01,234,222,65,6,527,31298,9199
22660,"Fort Collins-Loveland, CO",2024-04-01,175,182,67,9,433,31731,9374
22660,"Fort Collins-Loveland, CO",2024-05-01,187,297,64,10,558,32289,9561
22660,"Fort Collins-Loveland, CO",2024-06-01,72,146,25,9,252,32541,9633
22660,"Fort Collins-Loveland, CO",2024-07-01,60,161,43,7,271,32812,9693
22660,"Fort Collins-Loveland, CO",2024-08-01,68,183,56,11,318,33130,9761
22660,"Fort Collins-Loveland, CO",2024-09-01,66,217,56,13,352,33482,9827
22660,"Fort Collins-Loveland, CO",2024-10-01,65,230,65,2,362,33844,9892
22660,"Fort Collins-Loveland, CO",2024-11-01,59,182,58,5,304,34148,9951
22660,"Fort Collins-Loveland, CO",2024-12-01,54,165,44,4,267,34415,10005
22660,"Fort Collins-Loveland, CO",2025-01-01,115,252,41,4,412,34827,10120
22660,"Fort Collins-Loveland, CO",2025-02-01,222,319,57,9,607,35434,10342
22660,"Fort Collins-Loveland, CO",2025-03-01,139,219,59,5,422,35856,10481
22660,"Fort Collins-Loveland, CO",2025-04-01,68,155,28,2,253,36109,10549
22660,"Fort Collins-Loveland, CO",2025-05-01,189,182,47,5,423,36532,10738
22660,"Fort Collins-Loveland, CO",2025-06-01,203,223,56,7,489,37021,10941
22660,"Fort Collins-Loveland, CO",2025-07-01,150,158,52,4,364,37385,11091
22660,"Fort Collins-Loveland, CO",2025-08-01,109,145,47,3,304,37689,11200
22660,"Fort Collins-Loveland, CO",2025-09-01,3,4,0,0,7,37696,11203
18100,"Columbus, NE",2019-01-01,1,0,0,1,2,2,1
18100,"Columbus, NE",2019-02-01,0,1,0,0,1,3,1
18100,"Columbus, NE",2019-03-01,1,12,2,0,15,18,2
18100,"Columbus, NE",2019-04-01,0,22,4,0,26,44,2
18100,"Columbus, NE",2019-05-01,0,24,0,0,24,68,2
18100,"Columbus, NE",2019-06-01,0,16,2,0,18,86,2
18100,"Columbus, NE",2019-07-01,0,16,2,0,18,104,2
18100,"Columbus, NE",2019-08-01,2,9,6,0,17,121,4
18100,"Columbus, NE",2019-09-01,1,17,3,0,21,142,5
18100,"Columbus, NE",2019-10-01,2,16,1,0,19,161,7
18100,"Columbus, NE",2019-11-01,1,16,2,1,20,181,8
18100,"Columbus, NE",2019-12-01,2,10,2,0,14,195,10
18100,"Columbus, NE",2020-01-01,2,20,0,0,22,217,12
18100,"Columbus, NE",2020-02-01,2,18,1,0,21,238,14
18100,"Columbus, NE",2020-03-01,4,30,7,3,44,282,18
18100,"Columbus, NE",2020-04-01,21,52,8,0,81,363,39
18100,"Columbus, NE",2020-05-01,32,36,6,1,75,438,71
18100,"Columbus, NE",2020-06-01,9,26,3,1,39,477,80
18100,"Columbus, NE",2020-07-01,8,31,3,0,42,519,88
18100,"Columbus, NE",2020-08-01,10,55,3,2,70,589,98
18100,"Columbus, NE",2020-09-01,8,31,5,0,44,633,106
18100,"Columbus, NE",2020-10-01,19,47,8,0,74,707,125
18100,"Columbus, NE",2020-11-01,10,25,9,0,44,751,135
18100,"Columbus, NE",2020-12-01,10,32,6,1,49,800,145
18100,"Columbus, NE",2021-01-01,25,37,12,0,74,874,170
18100,"Columbus, NE",2021-02-01,20,40,10,0,70,944,190
18100,"Columbus, NE",2021-03-01,24,53,7,0,84,1028,214
18100,"Columbus, NE",2021-04-01,16,38,7,1,62,1090,230
18100,"Columbus, NE",2021-05-01,16,34,10,0,60,1150,246
18100,"Columbus, NE",2021-06-01,13,28,9,1,51,1201,259
18100,"Columbus, NE",2021-07-01,13,36,6,1,56,1257,272
18100,"Columbus, NE",2021-08-01,10,23,9,0,42,1299,282
18100,"Columbus, NE",2021-09-01,11,39,8,0,58,1357,293
18100,"Columbus, NE",2021-10-01,10,15,4,1,30,1387,303
18100,"Columbus, NE",2021-11-01,6,22,7,0,35,1422,309
18100,"Columbus, NE",2021-12-01,17,29,8,1,55,1477,326
18100,"Columbus, NE",2022-01-01,16,46,12,0,74,1551,342
18100,"Columbus, NE",2022-02-01,10,24,6,1,41,1592,352
18100,"Columbus, NE",2022-03-01,17,24,10,0,51,1643,369
18100,"Columbus, NE",2022-04-01,5,17,4,0,26,1669,374
18100,"Columbus, NE",2022-05-01,5,9,6,0,20,1689,379
18100,"Columbus, NE",2022-06-01,5,6,6,1,18,1707,384
18100,"Columbus, NE",2022-07-01,8,5,3,0,16,1723,392
18100,"Columbus, NE",2022-08-01,3,11,4,0,18,1741,395
18100,"Columbus, NE",2022-09-01,4,12,1,0,17,1758,399
18100,"Columbus, NE",2022-10-01,3,11,4,1,19,1777,402
18100,"Columbus, NE",2022-11-01,6,5,8,0,19,1796,408
18100,"Columbus, NE",2022-12-01,4,17,2,0,23,1819,412
18100,"Columbus, NE",2023-01-01,16,9,3,0,28,1847,428
18100,"Columbus, NE",2023-02-01,9,10,5,0,24,1871,437
18100,"Columbus, NE",2023-03-01,8,21,5,0,34,1905,445
18100,"Columbus, NE",2023-04-01,3,11,6,1,21,1926,448
18100,"Columbus, NE",2023-05-01,7,9,5,0,21,1947,455
18100,"Columbus, NE",2023-06-01,4,9,2,1,16,1963,459
18100,"Columbus, NE",2023-07-01,9,10,4,1,24,1987,468
18100,"Columbus, NE",2023-08-01,2,6,2,0,10,1997,470
18100,"Columbus, NE",2023-09-01,4,9,3,0,16,2013,474
18100,"Columbus, NE",2023-10-01,9,14,9,0,32,2045,483
18100,"Columbus, NE",2023-11-01,7,13,6,0,26,2071,490
18100,"Columbus, NE",2023-12-01,6,13,4,0,23,2094,496
18100,"Columbus, NE",2024-01-01,8,19,3,0,30,2124,504
18100,"Columbus, NE",2024-02-01,5,17,2,1,25,2149,509
18100,"Columbus, NE",2024-03-01,12,24,5,0,41,2190,521
18100,"Columbus, NE",2024-04-01,5,12,3,0,20,2210,526
18100,"Columbus, NE",2024-05-01,7,15,6,0,28,2238,533
18100,"Columbus, NE",2024-06-01,1,5,1,0,7,2245,534
18100,"Columbus, NE",2024-07-01,3,7,1,0,11,2256,537
18100,"Columbus, NE",2024-08-01,1,12,1,0,14,2270,538
18100,"Columbus, NE",2024-09-01,2,7,2,0,11,2281,540
18100,"Columbus, NE",2024-10-01,5,9,7,1,22,2303,545
18100,"Columbus, NE",2024-11-01,4,14,4,0,22,2325,549
18100,"Columbus, NE",2024-12-01,8,9,3,0,20,2345,557
18100,"Columbus, NE",2025-01-01,13,27,2,1,43,2388,570
18100,"Columbus, NE",2025-02-01,13,20,2,0,35,2423,583
18100,"Columbus, NE",2025-03-01,16,17,6,0,39,2462,599
18100,"Columbus, NE",2025-04-01,16,15,4,0,35,2497,615
18100,"Columbus, NE",2025-05-01,13,15,7,0,35,2532,628
18100,"Columbus, NE",2025-06-01,22,28,6,1,57,2589,650
18100,"Columbus, NE",2025-07-01,5,22,9,0,36,2625,655
18100,"Columbus, NE",2025-08-01,6,18,6,0,30,2655,661
18100,"Columbus, NE",2025-09-01,0,1,1,0,2,2657,661
20340,"Duncan, OK",2019-03-01,0,3,1,0,4,4,0
20340,"Duncan, OK",2019-04-01,0,1,0,0,1,5,0
20340,"Duncan, OK",2019-05-01,0,3,1,1,5,10,0
20340,"Duncan, OK",2019-06-01,0,1,0,0,1,11,0
20340,"Duncan, OK",2019-07-01,0,3,2,0,5,16,0
20340,"Duncan, OK",2019-08-01,0,4,0,0,4,20,0
20340,"Duncan, OK",2019-09-01,0,4,1,0,5,25,0
20340,"Duncan, OK",2019-10-01,1,3,1,0,5,30,1
20340,"Duncan, OK",2019-11-01,0,4,1,0,5,35,1
20340,"Duncan, OK",2019-12-01,0,2,3,0,5,40,1
20340,"Duncan, OK",2020-01-01,0,4,0,0,4,44,1
20340,"Duncan, OK",2020-02-01,0,0,1,0,1,45,1
20340,"Duncan, OK",2020-03-01,0,2,0,0,2,47,1
20340,"Duncan, OK",2020-04-01,0,4,2,0,6,53,1
20340,"Duncan, OK",2020-05-01,2,5,1,2,10,63,3
20340,"Duncan, OK",2020-06-01,0,6,1,0,7,70,3
20340,"Duncan, OK",2020-07-01,2,6,2,0,10,80,5
20340,"Duncan, OK",2020-08-01,0,12,0,1,13,93,5
20340,"Duncan, OK",2020-09-01,1,6,4,0,11,104,6
20340,"Duncan, OK",2020-10-01,0,5,3,0,8,112,6
20340,"Duncan, OK",2020-11-01,0,6,0,0,6,118,6
20340,"Duncan, OK",2020-12-01,1,6,2,0,9,127,7
20340,"Duncan, OK",2021-01-01,1,13,3,0,17,144,8
20340,"Duncan, OK",2021-02-01,2,9,9,1,21,165,10
20340,"Duncan, OK",2021-03-01,6,25,9,0,40,205,16
20340,"Duncan, OK",2021-04-01,13,19,3,0,35,240,29
20340,"Duncan, OK",2021-05-01,3,26,8,1,38,278,32
20340,"Duncan, OK",2021-06-01,7,23,8,0,38,316,39
20340,"Duncan, OK",2021-07-01,1,19,4,1,25,341,40
20340,"Duncan, OK",2021-08-01,6,28,3,0,37,378,46
20340,"Duncan, OK",2021-09-01,4,24,9,2,39,417,50
20340,"Duncan, OK",2021-10-01,8,17,6,3,34,451,58
20340,"Duncan, OK",2021-11-01,9,18,4,0,31,482,67
20340,"Duncan, OK",2021-12-01,15,21,8,1,45,527,82
20340,"Duncan, OK",2022-01-01,22,22,11,0,55,582,104
20340,"Duncan, OK",2022-02-01,9,21,6,1,37,619,113
20340,"Duncan, OK",2022-03-01,10,26,6,1,43,662,123
20340,"Duncan, OK",2022-04-01,7,14,9,0,30,692,130
20340,"Duncan, OK",2022-05-01,6,15,7,1,29,721,136
20340,"Duncan, OK",2022-06-01,5,26,3,0,34,755,141
20340,"Duncan, OK",2022-07-01,5,16,8,0,29,784,146
20340,"Duncan, OK",2022-08-01,6,28,5,0,39,823,152
20340,"Duncan, OK",2022-09-01,10,12,6,3,31,854,162
20340,"Duncan, OK",2022-10-01,5,18,8,4,35,889,167
20340,"Duncan, OK",2022-11-01,8,15,4,0,27,916,175
20340,"Duncan, OK",2022-12-01,10,15,6,1,32,948,185
20340,"Duncan, OK",2023-01-01,7,19,4,2,32,980,192
20340,"Duncan, OK",2023-02-01,9,15,12,1,37,1017,201
20340,"Duncan, OK",2023-03-01,11,25,9,2,47,1064,212
20340,"Duncan, OK",2023-04-01,10,24,9,2,45,1109,222
20340,"Duncan, OK",2023-05-01,3,25,9,2,39,1148,225
20340,"Duncan, OK",2023-06-01,5,10,5,0,20,1168,230
20340,"Duncan, OK",2023-07-01,10,18,5,0,33,1201,240
20340,"Duncan, OK",2023-08-01,7,6,4,2,19,1220,247
20340,"Duncan, OK",2023-09-01,7,6,1,1,15,1235,254
20340,"Duncan, OK",2023-10-01,14,10,5,1,30,1265,268
20340,"Duncan, OK",2023-11-01,26,22,9,0,57,1322,294
20340,"Duncan, OK",2023-12-01,17,23,10,0,50,1372,311
20340,"Duncan, OK",2024-01-01,8,26,7,0,41,1413,319
20340,"Duncan, OK",2024-02-01,21,17,11,1,50,1463,340
20340,"Duncan, OK",2024-03-01,15,19,11,0,45,1508,355
20340,"Duncan, OK",2024-04-01,13,16,3,0,32,1540,368
20340,"Duncan, OK",2024-05-01,9,9,5,0,23,1563,377
20340,"Duncan, OK",2024-06-01,5,7,3,0,15,1578,382
20340,"Duncan, OK",2024-07-01,8,6,2,0,16,1594,390
20340,"Duncan, OK",2024-08-01,5,6,2,0,13,1607,395
20340,"Duncan, OK",2024-09-01,6,15,7,2,30,1637,401
20340,"Duncan, OK",2024-10-01,20,24,7,1,52,1689,421
20340,"Duncan, OK",2024-11-01,18,28,5,3,54,1743,439
20340,"Duncan, OK",2024-12-01,14,26,9,0,49,1792,453
20340,"Duncan, OK",2025-01-01,14,25,7,0,46,1838,467
20340,"Duncan, OK",2025-02-01,15,22,10,1,48,1886,482
20340,"Duncan, OK",2025-03-01,25,26,7,1,59,1945,507
20340,"Duncan, OK",2025-04-01,13,22,4,0,39,1984,520
20340,"Duncan, OK",2025-05-01,18,16,6,0,40,2024,538
20340,"Duncan, OK",2025-06-01,18,24,8,0,50,2074,556
20340,"Duncan, OK",2025-07-01,20,24,6,0,50,2124,576
20340,"Duncan, OK",2025-08-01,19,20,8,1,48,2172,595
37060,"Oxford, MS",2019-01-01,1,14,2,1,18,18,1
37060,"Oxford, MS",2019-02-01,0,18,1,0,19,37,1
37060,"Oxford, MS",2019-03-01,0,17,3,0,20,57,1
37060,"Oxford, MS",2019-04-01,3,21,4,0,28,85,4
37060,"Oxford, MS",2019-05-01,1,22,7,1,31,116,5
37060,"Oxford, MS",2019-06-01,0,26,5,0,31,147,5
37060,"Oxford, MS",2019-07-01,2,21,5,0,28,175,7
37060,"Oxford, MS",2019-08-01,3,25,3,0,31,206,10
37060,"Oxford, MS",2019-09-01,4,43,9,1,57,263,14
37060,"Oxford, MS",2019-10-01,1,18,0,0,19,282,15
37060,"Oxford, MS",2019-11-01,1,17,6,0,24,306,16
37060,"Oxford, MS",2019-12-01,5,32,3,0,40,346,21
37060,"Oxford, MS",2020-01-01,5,22,6,1,34,380,26
37060,"Oxford, MS",2020-02-01,10,24,4,0,38,418,36
37060,"Oxford, MS",2020-03-01,7,37,9,1,54,472,43
37060,"Oxford, MS",2020-04-01,18,61,10,1,90,562,61
37060,"Oxford, MS",2020-05-01,41,95,6,1,143,705,102
37060,"Oxford, MS",2020-06-01,31,80,5,0,116,821,133
37060,"Oxford, MS",2020-07-01,31,74,4,1,110,931,164
37060,"Oxford, MS",2020-08-01,37,141,6,0,184,1115,201
37060,"Oxford, MS",2020-09-01,53,114,11,2,180,1295,254
37060,"Oxford, MS",2020-10-01,32,76,4,0,112,1407,286
37060,"Oxford, MS",2020-11-01,38,100,8,0,146,1553,324
37060,"Oxford, MS",2020-12-01,39,63,8,0,110,1663,363
37060,"Oxford, MS",2021-01-01,64,79,5,0,148,1811,427
37060,"Oxford, MS",2021-02-01,63,81,6,0,150,1961,490
37060,"Oxford, MS",2021-03-01,64,114,10,0,188,2149,554
37060,"Oxford, MS",2021-04-01,78,131,10,0,219,2368,632
37060,"Oxford, MS",2021-05-01,70,135,12,0,217,2585,702
37060,"Oxford, MS",2021-06-01,58,119,22,3,202,2787,760
37060,"Oxford, MS",2021-07-01,35,71,12,0,118,2905,795
37060,"Oxford, MS",2021-08-01,54,108,18,0,180,3085,849
37060,"Oxford, MS",2021-09-01,73,112,18,3,206,3291,922
37060,"Oxford, MS",2021-10-01,56,82,16,0,154,3445,978
37060,"Oxford, MS",2021-11-01,74,90,7,1,172,3617,1052
37060,"Oxford, MS",2021-12-01,58,86,12,1,157,3774,1110
37060,"Oxford, MS",2022-01-01,81,112,25,1,219,3993,1191
37060,"Oxford, MS",2022-02-01,65,72,12,2,151,4144,1256
37060,"Oxford, MS",2022-03-01,69,80,9,3,161,4305,1325
37060,"Oxford, MS",2022-04-01,46,79,5,0,130,4435,1371
37060,"Oxford, MS",2022-05-01,60,75,17,1,153,4588,1431
37060,"Oxford, MS",2022-06-01,37,58,9,1,105,4693,1468
37060,"Oxford, MS",2022-07-01,35,50,19,2,106,4799,1503
37060,"Oxford, MS",2022-08-01,72,81,16,0,169,4968,1575
37060,"Oxford, MS",2022-09-01,77,75,20,1,173,5141,1652
37060,"Oxford, MS",2022-10-01,81,68,14,2,165,5306,1733
37060,"Oxford, MS",2022-11-01,67,64,11,1,143,5449,1800
37060,"Oxford, MS",2022-12-01,99,80,17,1,197,5646,1899
37060,"Oxford, MS",2023-01-01,83,73,19,0,175,5821,1982
37060,"Oxford, MS",2023-02-01,107,64,22,4,197,6018,2089
37060,"Oxford, MS",2023-03-01,121,92,20,3,236,6254,2210
37060,"Oxford, MS",2023-04-01,87,95,22,0,204,6458,2297
37060,"Oxford, MS",2023-05-01,56,53,10,1,120,6578,2353
37060,"Oxford, MS",2023-06-01,50,76,14,1,141,6719,2403
37060,"Oxford, MS",2023-07-01,26,43,16,0,85,6804,2429
37060,"Oxford, MS",2023-08-01,57,59,14,1,131,6935,2486
37060,"Oxford, MS",2023-09-01,60,62,17,2,141,7076,2546
37060,"Oxford, MS",2023-10-01,79,59,20,2,160,7236,2625
37060,"Oxford, MS",2023-11-01,99,97,24,1,221,7457,2724
37060,"Oxford, MS",2023-12-01,107,60,14,1,182,7639,2831
37060,"Oxford, MS",2024-01-01,107,76,8,1,192,7831,2938
37060,"Oxford, MS",2024-02-01,158,67,18,2,245,8076,3096
37060,"Oxford, MS",2024-03-01,134,68,22,1,225,8301,3230
37060,"Oxford, MS",2024-04-01,89,49,12,0,150,8451,3319
37060,"Oxford, MS",2024-05-01,108,72,18,2,200,8651,3427
37060,"Oxford, MS",2024-06-01,73,47,9,0,129,8780,3500
37060,"Oxford, MS",2024-07-01,59,61,8,4,132,8912,3559
37060,"Oxford, MS",2024-08-01,45,49,13,1,108,9020,3604
37060,"Oxford, MS",2024-09-01,115,94,12,0,221,9241,3719
37060,"Oxford, MS",2024-10-01,113,72,26,4,215,9456,3832
37060,"Oxford, MS",2024-11-01,120,71,25,6,222,9678,3952
37060,"Oxford, MS",2024-12-01,94,78,13,0,185,9863,4046
37060,"Oxford, MS",2025-01-01,94,50,13,0,157,10020,4140
37060,"Oxford, MS",2025-02-01,168,48,10,3,229,10249,4308
37060,"Oxford, MS",2025-03-01,146,60,14,6,226,10475,4454
37060,"Oxford, MS",2025-04-01,124,68,22,2,216,10691,4578
37060,"Oxford, MS",2025-05-01,97,67,21,4,189,10880,4675
37060,"Oxford, MS",2025-06-01,82,49,15,0,146,11026,4757
37060,"Oxford, MS",2025-07-01,70,40,14,1,125,11151,4827
37060,"Oxford, MS",2025-08-01,84,55,20,0,159,11310,4911
37060,"Oxford, MS",2025-09-01,5,0,0,0,5,11315,4916
24300,"Grand Junction, CO",2019-01-01,0,7,4,0,11,11,0
24300,"Grand Junction, CO",2019-02-01,2,5,2,0,9,20,2
24300,"Grand Junction, CO",2019-03-01,2,28,6,0,36,56,4
24300,"Grand Junction, CO",2019-04-01,0,27,5,2,34,90,4
24300,"Grand Junction, CO",2019-05-01,1,30,3,0,34,124,5
24300,"Grand Junction, CO",2019-06-01,0,26,7,1,34,158,5
24300,"Grand Junction, CO",2019-07-01,2,27,5,1,35,193,7
24300,"Grand Junction, CO",2019-08-01,7,29,9,2,47,240,14
24300,"Grand Junction, CO",2019-09-01,3,29,8,1,41,281,17
24300,"Grand Junction, CO",2019-10-01,8,29,10,0,47,328,25
24300,"Grand Junction, CO",2019-11-01,3,30,7,0,40,368,28
24300,"Grand Junction, CO",2019-12-01,3,22,3,1,29,397,31
24300,"Grand Junction, CO",2020-01-01,0,16,8,1,25,422,31
24300,"Grand Junction, CO",2020-02-01,9,29,4,2,44,466,40
24300,"Grand Junction, CO",2020-03-01,10,53,16,6,85,551,50
24300,"Grand Junction, CO",2020-04-01,32,96,24,1,153,704,82
24300,"Grand Junction, CO",2020-05-01,33,91,10,3,137,841,115
24300,"Grand Junction, CO",2020-06-01,22,55,4,2,83,924,137
24300,"Grand Junction, CO",2020-07-01,19,75,16,2,112,1036,156
24300,"Grand Junction, CO",2020-08-01,30,85,20,2,137,1173,186
24300,"Grand Junction, CO",2020-09-01,21,63,7,0,91,1264,207
24300,"Grand Junction, CO",2020-10-01,34,56,14,0,104,1368,241
24300,"Grand Junction, CO",2020-11-01,11,42,12,1,66,1434,252
24300,"Grand Junction, CO",2020-12-01,14,35,7,2,58,1492,266
24300,"Grand Junction, CO",2021-01-01,24,69,5,0,98,1590,290
24300,"Grand Junction, CO",2021-02-01,21,36,9,1,67,1657,311
24300,"Grand Junction, CO",2021-03-01,40,65,20,1,126,1783,351
24300,"Grand Junction, CO",2021-04-01,39,75,22,0,136,1919,390
24300,"Grand Junction, CO",2021-05-01,34,57,11,0,102,2021,424
24300,"Grand Junction, CO",2021-06-01,26,73,9,2,110,2131,450
24300,"Grand Junction, CO",2021-07-01,30,54,8,0,92,2223,480
24300,"Grand Junction, CO",2021-08-01,34,68,13,1,116,2339,514
24300,"Grand Junction, CO",2021-09-01,28,58,22,6,114,2453,542
24300,"Grand Junction, CO",2021-10-01,24,39,12,2,77,2530,566
24300,"Grand Junction, CO",2021-11-01,26,49,14,3,92,2622,592
24300,"Grand Junction, CO",2021-12-01,36,64,12,1,113,2735,628
24300,"Grand Junction, CO",2022-01-01,50,112,22,4,188,2923,678
24300,"Grand Junction, CO",2022-02-01,48,46,13,4,111,3034,726
24300,"Grand Junction, CO",2022-03-01,39,51,13,0,103,3137,765
24300,"Grand Junction, CO",2022-04-01,28,60,15,1,104,3241,793
24300,"Grand Junction, CO",2022-05-01,27,54,12,2,95,3336,820
24300,"Grand Junction, CO",2022-06-01,40,50,10,1,101,3437,860
24300,"Grand Junction, CO",2022-07-01,31,41,8,1,81,3518,891
24300,"Grand Junction, CO",2022-08-01,71,105,29,6,211,3729,962
24300,"Grand Junction, CO",2022-09-01,42,83,15,1,141,3870,1004
24300,"Grand Junction, CO",2022-10-01,49,57,17,2,125,3995,1053
24300,"Grand Junction, CO",2022-11-01,62,72,14,0,148,4143,1115
24300,"Grand Junction, CO",2022-12-01,48,70,20,0,138,4281,1163
24300,"Grand Junction, CO",2023-01-01,63,80,27,0,170,4451,1226
24300,"Grand Junction, CO",2023-02-01,52,56,25,2,135,4586,1278
24300,"Grand Junction, CO",2023-03-01,65,92,25,4,186,4772,1343
24300,"Grand Junction, CO",2023-04-01,38,31,10,0,79,4851,1381
24300,"Grand Junction, CO",2023-05-01,21,44,13,2,80,4931,1402
24300,"Grand Junction, CO",2023-06-01,30,31,6,0,67,4998,1432
24300,"Grand Junction, CO",2023-07-01,15,23,13,2,53,5051,1447
24300,"Grand Junction, CO",2023-08-01,17,36,9,0,62,5113,1464
24300,"Grand Junction, CO",2023-09-01,25,41,9,1,76,5189,1489
24300,"Grand Junction, CO",2023-10-01,45,47,15,1,108,5297,1534
24300,"Grand Junction, CO",2023-11-01,53,67,27,1,148,5445,1587
24300,"Grand Junction, CO",2023-12-01,61,61,17,2,141,5586,1648
24300,"Grand Junction, CO",2024-01-01,63,60,21,1,145,5731,1711
24300,"Grand Junction, CO",2024-02-01,71,48,20,0,139,5870,1782
24300,"Grand Junction, CO",2024-03-01,66,52,19,3,140,6010,1848
24300,"Grand Junction, CO",2024-04-01,28,52,8,2,90,6100,1876
24300,"Grand Junction, CO",2024-05-01,34,53,16,0,103,6203,1910
24300,"Grand Junction, CO",2024-06-01,23,40,13,0,76,6279,1933
24300,"Grand Junction, CO",2024-07-01,28,43,15,1,87,6366,1961
24300,"Grand Junction, CO",2024-08-01,13,32,12,1,58,6424,1974
24300,"Grand Junction, CO",2024-09-01,28,26,9,2,65,6489,2002
24300,"Grand Junction, CO",2024-10-01,61,69,16,2,148,6637,2063
24300,"Grand Junction, CO",2024-11-01,40,59,18,4,121,6758,2103
24300,"Grand Junction, CO",2024-12-01,50,77,12,1,140,6898,2153
24300,"Grand Junction, CO",2025-01-01,50,64,10,1,125,7023,2203
24300,"Grand Junction, CO",2025-02-01,18,23,4,0,45,7068,2221
24300,"Grand Junction, CO",2025-03-01,37,50,16,1,104,7172,2258
24300,"Grand Junction, CO",2025-04-01,52,68,14,2,136,7308,2310
24300,"Grand Junction, CO",2025-05-01,49,42,10,3,104,7412,2359
24300,"Grand Junction, CO",2025-06-01,57,54,15,1,127,7539,2416
24300,"Grand Junction, CO",2025-07-01,66,69,18,1,154,7693,2482
24300,"Grand Junction, CO",2025-08-01,58,56,11,1,126,7819,2540
24300,"Grand Junction, CO",2025-09-01,1,0,0,0,1,7820,2541
45340,"Taos, NM",2019-01-01,0,1,0,0,1,1,0
45340,"Taos, NM",2019-03-01,0,1,2,0,3,4,0
45340,"Taos, NM",2019-08-01,0,2,0,0,2,6,0
45340,"Taos, NM",2019-09-01,0,1,1,0,2,8,0
45340,"Taos, NM",2019-10-01,0,0,2,0,2,10,0
45340,"Taos, NM",2019-11-01,0,1,0,0,1,11,0
45340,"Taos, NM",2019-12-01,0,1,1,0,2,13,0
45340,"Taos, NM",2020-01-01,0,1,0,0,1,14,0
45340,"Taos, NM",2020-03-01,0,0,1,0,1,15,0
45340,"Taos, NM",2020-04-01,0,2,0,0,2,17,0
45340,"Taos, NM",2020-05-01,0,0,1,0,1,18,0
45340,"Taos, NM",2020-06-01,0,2,0,0,2,20,0
45340,"Taos, NM",2020-07-01,0,2,1,0,3,23,0
45340,"Taos, NM",2020-08-01,0,2,1,0,3,26,0
45340,"Taos, NM",2020-09-01,2,1,0,0,3,29,2
45340,"Taos, NM",2020-10-01,1,3,2,0,6,35,3
45340,"Taos, NM",2020-11-01,2,1,0,0,3,38,5
45340,"Taos, NM",2020-12-01,0,1,0,0,1,39,5
45340,"Taos, NM",2021-01-01,2,3,0,0,5,44,7
45340,"Taos, NM",2021-02-01,1,0,1,0,2,46,8
45340,"Taos, NM",2021-03-01,1,7,0,0,8,54,9
45340,"Taos, NM",2021-04-01,0,2,0,1,3,57,9
45340,"Taos, NM",2021-05-01,0,5,0,0,5,62,9
45340,"Taos, NM",2021-06-01,1,4,0,1,6,68,10
45340,"Taos, NM",2021-07-01,4,2,1,0,7,75,14
45340,"Taos, NM",2021-08-01,0,3,1,0,4,79,14
45340,"Taos, NM",2021-09-01,0,4,4,0,8,87,14
45340,"Taos, NM",2021-10-01,1,1,1,0,3,90,15
45340,"Taos, NM",2021-11-01,0,4,0,0,4,94,15
45340,"Taos, NM",2021-12-01,2,7,2,0,11,105,17
45340,"Taos, NM",2022-01-01,1,4,5,0,10,115,18
45340,"Taos, NM",2022-02-01,2,4,1,0,7,122,20
45340,"Taos, NM",2022-03-01,1,8,0,0,9,131,21
45340,"Taos, NM",2022-04-01,4,7,0,0,11,142,25
45340,"Taos, NM",2022-05-01,2,6,0,0,8,150,27
45340,"Taos, NM",2022-06-01,3,6,2,0,11,161,30
45340,"Taos, NM",2022-07-01,0,2,2,0,4,165,30
45340,"Taos, NM",2022-08-01,1,4,0,2,7,172,31
45340,"Taos, NM",2022-09-01,0,5,0,0,5,177,31
45340,"Taos, NM",2022-10-01,1,1,0,0,2,179,32
45340,"Taos, NM",2022-11-01,0,3,3,0,6,185,32
45340,"Taos, NM",2022-12-01,1,3,2,0,6,191,33
45340,"Taos, NM",2023-01-01,8,8,3,0,19,210,41
45340,"Taos, NM",2023-02-01,2,4,3,0,9,219,43
45340,"Taos, NM",2023-03-01,1,11,0,1,13,232,44
45340,"Taos, NM",2023-04-01,1,5,0,0,6,238,45
45340,"Taos, NM",2023-05-01,0,5,0,0,5,243,45
45340,"Taos, NM",2023-06-01,0,7,2,0,9,252,45
45340,"Taos, NM",2023-07-01,2,2,1,0,5,257,47
45340,"Taos, NM",2023-08-01,2,3,2,0,7,264,49
45340,"Taos, NM",2023-09-01,5,2,1,0,8,272,54
45340,"Taos, NM",2023-10-01,2,2,1,0,5,277,56
45340,"Taos, NM",2023-11-01,5,3,0,0,8,285,61
45340,"Taos, NM",2023-12-01,2,6,1,0,9,294,63
45340,"Taos, NM",2024-01-01,1,6,3,0,10,304,64
45340,"Taos, NM",2024-02-01,3,5,2,0,10,314,67
45340,"Taos, NM",2024-03-01,3,8,3,0,14,328,70
45340,"Taos, NM",2024-04-01,1,7,1,0,9,337,71
45340,"Taos, NM",2024-05-01,2,6,1,1,10,347,73
45340,"Taos, NM",2024-06-01,4,6,2,0,12,359,77
45340,"Taos, NM",2024-07-01,4,5,1,0,10,369,81
45340,"Taos, NM",2024-08-01,0,3,0,0,3,372,81
45340,"Taos, NM",2024-09-01,3,4,1,0,8,380,84
45340,"Taos, NM",2024-10-01,1,8,1,0,10,390,85
45340,"Taos, NM",2024-11-01,3,5,2,0,10,400,88
45340,"Taos, NM",2024-12-01,1,5,0,1,7,407,89
45340,"Taos, NM",2025-01-01,2,5,4,0,11,418,91
45340,"Taos, NM",2025-02-01,4,4,6,0,14,432,95
45340,"Taos, NM",2025-03-01,4,2,2,1,9,441,99
45340,"Taos, NM",2025-04-01,1,5,0,0,6,447,100
45340,"Taos, NM",2025-05-01,2,5,1,1,9,456,102
45340,"Taos, NM",2025-06-01,5,5,0,0,10,466,107
45340,"Taos, NM",2025-07-01,5,3,0,0,8,474,112
45340,"Taos, NM",2025-08-01,2,2,0,1,5,479,114
35580,"New Ulm, MN",2019-04-01,0,1,2,0,3,3,0
35580,"New Ulm, MN",2019-05-01,0,0,1,0,1,4,0
35580,"New Ulm, MN",2019-07-01,0,1,0,0,1,5,0
35580,"New Ulm, MN",2019-08-01,0,2,2,0,4,9,0
35580,"New Ulm, MN",2019-09-01,0,1,1,0,2,11,0
35580,"New Ulm, MN",2019-10-01,1,0,1,0,2,13,1
35580,"New Ulm, MN",2019-11-01,0,2,0,0,2,15,1
35580,"New Ulm, MN",2019-12-01,0,2,0,0,2,17,1
35580,"New Ulm, MN",2020-01-01,0,0,1,0,1,18,1
35580,"New Ulm, MN",2020-02-01,0,1,0,0,1,19,1
35580,"New Ulm, MN",2020-03-01,0,5,1,0,6,25,1
35580,"New Ulm, MN",2020-04-01,1,5,1,0,7,32,2
35580,"New Ulm, MN",2020-05-01,2,5,4,0,11,43,4
35580,"New Ulm, MN",2020-06-01,1,2,0,0,3,46,5
35580,"New Ulm, MN",2020-07-01,3,3,1,0,7,53,8
35580,"New Ulm, MN",2020-08-01,0,7,2,0,9,62,8
35580,"New Ulm, MN",2020-09-01,2,6,3,0,11,73,10
35580,"New Ulm, MN",2020-10-01,4,3,2,0,9,82,14
35580,"New Ulm, MN",2020-11-01,6,8,3,0,17,99,20
35580,"New Ulm, MN",2020-12-01,4,10,4,0,18,117,24
35580,"New Ulm, MN",2021-01-01,9,11,4,0,24,141,33
35580,"New Ulm, MN",2021-02-01,2,11,2,0,15,156,35
35580,"New Ulm, MN",2021-03-01,6,17,3,0,26,182,41
35580,"New Ulm, MN",2021-04-01,7,9,1,1,18,200,48
35580,"New Ulm, MN",2021-05-01,1,5,0,1,7,207,49
35580,"New Ulm, MN",2021-06-01,5,6,1,0,12,219,54
35580,"New Ulm, MN",2021-07-01,3,6,2,0,11,230,57
35580,"New Ulm, MN",2021-08-01,5,12,1,0,18,248,62
35580,"New Ulm, MN",2021-09-01,3,9,1,0,13,261,65
35580,"New Ulm, MN",2021-10-01,3,3,2,0,8,269,68
35580,"New Ulm, MN",2021-11-01,2,4,0,0,6,275,70
35580,"New Ulm, MN",2021-12-01,4,4,2,0,10,285,74
35580,"New Ulm, MN",2022-01-01,3,12,3,0,18,303,77
35580,"New Ulm, MN",2022-02-01,6,3,2,0,11,314,83
35580,"New Ulm, MN",2022-03-01,2,8,2,0,12,326,85
35580,"New Ulm, MN",2022-04-01,3,2,1,0,6,332,88
35580,"New Ulm, MN",2022-05-01,9,11,2,0,22,354,97
35580,"New Ulm, MN",2022-06-01,3,5,0,1,9,363,100
35580,"New Ulm, MN",2022-07-01,2,9,3,0,14,377,102
35580,"New Ulm, MN",2022-08-01,3,6,2,0,11,388,105
35580,"New Ulm, MN",2022-09-01,1,5,1,0,7,395,106
35580,"New Ulm, MN",2022-10-01,4,7,1,1,13,408,110
35580,"New Ulm, MN",2022-11-01,2,4,1,0,7,415,112
35580,"New Ulm, MN",2022-12-01,2,2,2,0,6,421,114
35580,"New Ulm, MN",2023-01-01,5,5,6,0,16,437,119
35580,"New Ulm, MN",2023-02-01,1,1,0,0,2,439,120
35580,"New Ulm, MN",2023-03-01,5,9,1,0,15,454,125
35580,"New Ulm, MN",2023-04-01,3,3,3,0,9,463,128
35580,"New Ulm, MN",2023-05-01,6,4,0,0,10,473,134
35580,"New Ulm, MN",2023-06-01,3,2,1,0,6,479,137
35580,"New Ulm, MN",2023-07-01,4,6,2,2,14,493,141
35580,"New Ulm, MN",2023-08-01,3,1,0,0,4,497,144
35580,"New Ulm, MN",2023-09-01,1,4,0,0,5,502,145
35580,"New Ulm, MN",2023-10-01,0,4,0,0,4,506,145
35580,"New Ulm, MN",2023-11-01,4,8,2,0,14,520,149
35580,"New Ulm, MN",2023-12-01,3,4,1,0,8,528,152
35580,"New Ulm, MN",2024-01-01,9,4,2,0,15,543,161
35580,"New Ulm, MN",2024-02-01,13,8,2,0,23,566,174
35580,"New Ulm, MN",2024-03-01,7,5,2,0,14,580,181
35580,"New Ulm, MN",2024-04-01,7,3,0,0,10,590,188
35580,"New Ulm, MN",2024-05-01,3,2,1,0,6,596,191
35580,"New Ulm, MN",2024-06-01,3,7,0,0,10,606,194
35580,"New Ulm, MN",2024-07-01,5,2,0,0,7,613,199
35580,"New Ulm, MN",2024-08-01,2,2,1,0,5,618,201
35580,"New Ulm, MN",2024-09-01,7,3,1,0,11,629,208
35580,"New Ulm, MN",2024-10-01,5,8,1,0,14,643,213
35580,"New Ulm, MN",2024-11-01,4,6,2,0,12,655,217
35580,"New Ulm, MN",2024-12-01,5,6,1,0,12,667,222
35580,"New Ulm, MN",2025-01-01,5,10,1,0,16,683,227
35580,"New Ulm, MN",2025-02-01,4,5,0,0,9,692,231
35580,"New Ulm, MN",2025-03-01,4,1,2,0,7,699,235
35580,"New Ulm, MN",2025-04-01,5,6,1,0,12,711,240
35580,"New Ulm, MN",2025-05-01,7,2,0,2,11,722,247
35580,"New Ulm, MN",2025-06-01,2,9,0,0,11,733,249
35580,"New Ulm, MN",2025-07-01,3,7,0,0,10,743,252
35580,"New Ulm, MN",2025-08-01,2,2,1,0,5,748,254
45460,"Terre Haute, IN",2019-01-01,0,8,2,0,10,10,0
45460,"Terre Haute, IN",2019-02-01,0,8,1,1,10,20,0
45460,"Terre Haute, IN",2019-03-01,1,51,10,0,62,82,1
45460,"Terre Haute, IN",2019-04-01,0,47,11,1,59,141,1
45460,"Terre Haute, IN",2019-05-01,1,46,0,0,47,188,2
45460,"Terre Haute, IN",2019-06-01,2,24,7,0,33,221,4
45460,"Terre Haute, IN",2019-07-01,1,21,7,1,30,251,5
45460,"Terre Haute, IN",2019-08-01,2,27,7,0,36,287,7
45460,"Terre Haute, IN",2019-09-01,3,41,7,0,51,338,10
45460,"Terre Haute, IN",2019-10-01,3,26,3,1,33,371,13
45460,"Terre Haute, IN",2019-11-01,5,36,6,0,47,418,18
45460,"Terre Haute, IN",2019-12-01,7,25,9,2,43,461,25
45460,"Terre Haute, IN",2020-01-01,9,36,10,1,56,517,34
45460,"Terre Haute, IN",2020-02-01,11,47,3,0,61,578,45
45460,"Terre Haute, IN",2020-03-01,21,52,12,1,86,664,66
45460,"Terre Haute, IN",2020-04-01,26,87,16,1,130,794,92
45460,"Terre Haute, IN",2020-05-01,55,106,19,3,183,977,147
45460,"Terre Haute, IN",2020-06-01,21,81,12,1,115,1092,168
45460,"Terre Haute, IN",2020-07-01,39,89,10,2,140,1232,207
45460,"Terre Haute, IN",2020-08-01,38,108,24,5,175,1407,245
45460,"Terre Haute, IN",2020-09-01,44,88,13,1,146,1553,289
45460,"Terre Haute, IN",2020-10-01,30,87,9,2,128,1681,319
45460,"Terre Haute, IN",2020-11-01,13,45,9,0,67,1748,332
45460,"Terre Haute, IN",2020-12-01,31,60,13,0,104,1852,363
45460,"Terre Haute, IN",2021-01-01,56,86,14,3,159,2011,419
45460,"Terre Haute, IN",2021-02-01,74,102,15,2,193,2204,493
45460,"Terre Haute, IN",2021-03-01,67,121,25,3,216,2420,560
45460,"Terre Haute, IN",2021-04-01,56,127,31,1,215,2635,616
45460,"Terre Haute, IN",2021-05-01,46,74,25,1,146,2781,662
45460,"Terre Haute, IN",2021-06-01,33,58,16,0,107,2888,695
45460,"Terre Haute, IN",2021-07-01,35,82,17,1,135,3023,730
45460,"Terre Haute, IN",2021-08-01,41,99,28,2,170,3193,771
45460,"Terre Haute, IN",2021-09-01,47,110,35,2,194,3387,818
45460,"Terre Haute, IN",2021-10-01,35,66,24,1,126,3513,853
45460,"Terre Haute, IN",2021-11-01,38,71,19,3,131,3644,891
45460,"Terre Haute, IN",2021-12-01,50,81,21,3,155,3799,941
45460,"Terre Haute, IN",2022-01-01,86,161,36,3,286,4085,1027
45460,"Terre Haute, IN",2022-02-01,49,79,32,7,167,4252,1076
45460,"Terre Haute, IN",2022-03-01,52,91,28,3,174,4426,1128
45460,"Terre Haute, IN",2022-04-01,36,80,20,2,138,4564,1164
45460,"Terre Haute, IN",2022-05-01,57,88,18,3,166,4730,1221
45460,"Terre Haute, IN",2022-06-01,33,72,37,4,146,4876,1254
45460,"Terre Haute, IN",2022-07-01,34,51,15,3,103,4979,1288
45460,"Terre Haute, IN",2022-08-01,43,82,26,1,152,5131,1331
45460,"Terre Haute, IN",2022-09-01,68,79,16,2,165,5296,1399
45460,"Terre Haute, IN",2022-10-01,61,84,30,2,177,5473,1460
45460,"Terre Haute, IN",2022-11-01,66,94,24,1,185,5658,1526
45460,"Terre Haute, IN",2022-12-01,64,87,20,3,174,5832,1590
45460,"Terre Haute, IN",2023-01-01,78,85,34,2,199,6031,1668
45460,"Terre Haute, IN",2023-02-01,53,73,25,2,153,6184,1721
45460,"Terre Haute, IN",2023-03-01,81,93,33,1,208,6392,1802
45460,"Terre Haute, IN",2023-04-01,48,77,22,6,153,6545,1850
45460,"Terre Haute, IN",2023-05-01,52,49,22,0,123,6668,1902
45460,"Terre Haute, IN",2023-06-01,28,33,16,2,79,6747,1930
45460,"Terre Haute, IN",2023-07-01,44,66,15,3,128,6875,1974
45460,"Terre Haute, IN",2023-08-01,42,30,10,1,83,6958,2016
45460,"Terre Haute, IN",2023-09-01,53,56,18,2,129,7087,2069
45460,"Terre Haute, IN",2023-10-01,78,71,23,1,173,7260,2147
45460,"Terre Haute, IN",2023-11-01,99,92,26,1,218,7478,2246
45460,"Terre Haute, IN",2023-12-01,66,63,25,6,160,7638,2312
45460,"Terre Haute, IN",2024-01-01,73,83,23,0,179,7817,2385
45460,"Terre Haute, IN",2024-02-01,86,68,21,2,177,7994,2471
45460,"Terre Haute, IN",2024-03-01,90,78,22,0,190,8184,2561
45460,"Terre Haute, IN",2024-04-01,77,65,25,2,169,8353,2638
45460,"Terre Haute, IN",2024-05-01,63,69,24,4,160,8513,2701
45460,"Terre Haute, IN",2024-06-01,67,51,25,0,143,8656,2768
45460,"Terre Haute, IN",2024-07-01,55,45,12,1,113,8769,2823
45460,"Terre Haute, IN",2024-08-01,30,46,10,2,88,8857,2853
45460,"Terre Haute, IN",2024-09-01,66,51,21,1,139,8996,2919
45460,"Terre Haute, IN",2024-10-01,99,66,20,2,187,9183,3018
45460,"Terre Haute, IN",2024-11-01,111,77,29,0,217,9400,3129
45460,"Terre Haute, IN",2024-12-01,98,71,27,2,198,9598,3227
45460,"Terre Haute, IN",2025-01-01,101,79,27,3,210,9808,3328
45460,"Terre Haute, IN",2025-02-01,103,67,20,1,191,9999,3431
45460,"Terre Haute, IN",2025-03-01,127,92,38,3,260,10259,3558
45460,"Terre Haute, IN",2025-04-01,116,79,16,2,213,10472,3674
45460,"Terre Haute, IN",2025-05-01,85,97,18,0,200,10672,3759
45460,"Terre Haute, IN",2025-06-01,46,43,22,1,112,10784,3805
45460,"Terre Haute, IN",2025-07-01,40,31,11,4,86,10870,3845
45460,"Terre Haute, IN",2025-08-01,30,23,12,0,65,10935,3875
30340,"Lewiston-Auburn, ME",2019-01-01,0,3,1,0,4,4,0
30340,"Lewiston-Auburn, ME",2019-02-01,0,4,0,0,4,8,0
30340,"Lewiston-Auburn, ME",2019-03-01,0,10,3,0,13,21,0
30340,"Lewiston-Auburn, ME",2019-04-01,1,9,3,1,14,35,1
30340,"Lewiston-Auburn, ME",2019-05-01,0,19,1,1,21,56,1
30340,"Lewiston-Auburn, ME",2019-06-01,3,14,3,0,20,76,4
30340,"Lewiston-Auburn, ME",2019-07-01,1,9,2,0,12,88,5
30340,"Lewiston-Auburn, ME",2019-08-01,1,22,2,0,25,113,6
30340,"Lewiston-Auburn, ME",2019-09-01,2,15,4,0,21,134,8
30340,"Lewiston-Auburn, ME",2019-10-01,2,12,3,1,18,152,10
30340,"Lewiston-Auburn, ME",2019-11-01,0,11,2,1,14,166,10
30340,"Lewiston-Auburn, ME",2019-12-01,3,14,2,0,19,185,13
30340,"Lewiston-Auburn, ME",2020-01-01,2,22,2,0,26,211,15
30340,"Lewiston-Auburn, ME",2020-02-01,3,18,5,0,26,237,18
30340,"Lewiston-Auburn, ME",2020-03-01,4,10,6,0,20,257,22
30340,"Lewiston-Auburn, ME",2020-04-01,11,38,12,0,61,318,33
30340,"Lewiston-Auburn, ME",2020-05-01,17,41,9,2,69,387,50
30340,"Lewiston-Auburn, ME",2020-06-01,7,31,5,0,43,430,57
30340,"Lewiston-Auburn, ME",2020-07-01,12,45,19,0,76,506,69
30340,"Lewiston-Auburn, ME",2020-08-01,11,45,8,3,67,573,80
30340,"Lewiston-Auburn, ME",2020-09-01,8,34,9,1,52,625,88
30340,"Lewiston-Auburn, ME",2020-10-01,4,35,6,0,45,670,92
30340,"Lewiston-Auburn, ME",2020-11-01,11,46,8,0,65,735,103
30340,"Lewiston-Auburn, ME",2020-12-01,12,40,11,0,63,798,115
30340,"Lewiston-Auburn, ME",2021-01-01,19,41,10,2,72,870,134
30340,"Lewiston-Auburn, ME",2021-02-01,15,42,10,1,68,938,149
30340,"Lewiston-Auburn, ME",2021-03-01,19,51,16,3,89,1027,168
30340,"Lewiston-Auburn, ME",2021-04-01,20,49,12,1,82,1109,188
30340,"Lewiston-Auburn, ME",2021-05-01,16,49,10,0,75,1184,204
30340,"Lewiston-Auburn, ME",2021-06-01,21,52,11,1,85,1269,225
30340,"Lewiston-Auburn, ME",2021-07-01,18,51,13,0,82,1351,243
30340,"Lewiston-Auburn, ME",2021-08-01,12,49,13,0,74,1425,255
30340,"Lewiston-Auburn, ME",2021-09-01,15,52,7,0,74,1499,270
30340,"Lewiston-Auburn, ME",2021-10-01,19,52,6,1,78,1577,289
30340,"Lewiston-Auburn, ME",2021-11-01,19,46,8,0,73,1650,308
30340,"Lewiston-Auburn, ME",2021-12-01,36,43,13,1,93,1743,344
30340,"Lewiston-Auburn, ME",2022-01-01,26,69,18,1,114,1857,370
30340,"Lewiston-Auburn, ME",2022-02-01,20,59,13,1,93,1950,390
30340,"Lewiston-Auburn, ME",2022-03-01,23,65,18,2,108,2058,413
30340,"Lewiston-Auburn, ME",2022-04-01,18,42,10,2,72,2130,431
30340,"Lewiston-Auburn, ME",2022-05-01,20,64,14,2,100,2230,451
30340,"Lewiston-Auburn, ME",2022-06-01,11,42,13,2,68,2298,462
30340,"Lewiston-Auburn, ME",2022-07-01,26,49,16,0,91,2389,488
30340,"Lewiston-Auburn, ME",2022-08-01,22,69,21,2,114,2503,510
30340,"Lewiston-Auburn, ME",2022-09-01,21,63,19,0,103,2606,531
30340,"Lewiston-Auburn, ME",2022-10-01,24,70,16,0,110,2716,555
30340,"Lewiston-Auburn, ME",2022-11-01,15,51,19,0,85,2801,570
30340,"Lewiston-Auburn, ME",2022-12-01,26,50,20,0,96,2897,596
30340,"Lewiston-Auburn, ME",2023-01-01,30,57,16,0,103,3000,626
30340,"Lewiston-Auburn, ME",2023-02-01,29,56,11,2,98,3098,655
30340,"Lewiston-Auburn, ME",2023-03-01,47,89,32,1,169,3267,702
30340,"Lewiston-Auburn, ME",2023-04-01,23,52,9,2,86,3353,725
30340,"Lewiston-Auburn, ME",2023-05-01,19,28,11,0,58,3411,744
30340,"Lewiston-Auburn, ME",2023-06-01,17,22,7,2,48,3459,761
30340,"Lewiston-Auburn, ME",2023-07-01,25,49,9,0,83,3542,786
30340,"Lewiston-Auburn, ME",2023-08-01,11,36,5,2,54,3596,797
30340,"Lewiston-Auburn, ME",2023-09-01,28,40,14,0,82,3678,825
30340,"Lewiston-Auburn, ME",2023-10-01,28,59,16,2,105,3783,853
30340,"Lewiston-Auburn, ME",2023-11-01,30,43,19,2,94,3877,883
30340,"Lewiston-Auburn, ME",2023-12-01,32,56,13,0,101,3978,915
30340,"Lewiston-Auburn, ME",2024-01-01,28,57,22,1,108,4086,943
30340,"Lewiston-Auburn, ME",2024-02-01,38,42,18,1,99,4185,981
30340,"Lewiston-Auburn, ME",2024-03-01,36,51,18,2,107,4292,1017
30340,"Lewiston-Auburn, ME",2024-04-01,33,39,17,1,90,4382,1050
30340,"Lewiston-Auburn, ME",2024-05-01,20,34,8,1,63,4445,1070
30340,"Lewiston-Auburn, ME",2024-06-01,16,40,8,3,67,4512,1086
30340,"Lewiston-Auburn, ME",2024-07-01,26,46,14,2,88,4600,1112
30340,"Lewiston-Auburn, ME",2024-08-01,17,35,8,0,60,4660,1129
30340,"Lewiston-Auburn, ME",2024-09-01,36,54,9,0,99,4759,1165
30340,"Lewiston-Auburn, ME",2024-10-01,36,59,12,1,108,4867,1201
30340,"Lewiston-Auburn, ME",2024-11-01,39,55,19,2,115,4982,1240
30340,"Lewiston-Auburn, ME",2024-12-01,52,51,13,1,117,5099,1292
30340,"Lewiston-Auburn, ME",2025-01-01,38,66,19,3,126,5225,1330
30340,"Lewiston-Auburn, ME",2025-02-01,38,56,20,1,115,5340,1368
30340,"Lewiston-Auburn, ME",2025-03-01,37,72,16,2,127,5467,1405
30340,"Lewiston-Auburn, ME",2025-04-01,25,48,6,1,80,5547,1430
30340,"Lewiston-Auburn, ME",2025-05-01,42,38,10,1,91,5638,1472
30340,"Lewiston-Auburn, ME",2025-06-01,43,68,13,1,125,5763,1515
30340,"Lewiston-Auburn, ME",2025-07-01,24,47,7,1,79,5842,1539
30340,"Lewiston-Auburn, ME",2025-08-01,27,49,12,1,89,5931,1566
11500,"Anniston-Oxford, AL",2019-01-01,0,0,2,0,2,2,0
11500,"Anniston-Oxford, AL",2019-02-01,0,5,3,0,8,10,0
11500,"Anniston-Oxford, AL",2019-03-01,0,7,4,0,11,21,0
11500,"Anniston-Oxford, AL",2019-04-01,0,5,3,0,8,29,0
11500,"Anniston-Oxford, AL",2019-05-01,1,21,10,0,32,61,1
11500,"Anniston-Oxford, AL",2019-06-01,2,34,4,0,40,101,3
11500,"Anniston-Oxford, AL",2019-07-01,1,15,6,1,23,124,4
11500,"Anniston-Oxford, AL",2019-08-01,0,22,5,1,28,152,4
11500,"Anniston-Oxford, AL",2019-09-01,3,15,4,0,22,174,7
11500,"Anniston-Oxford, AL",2019-10-01,3,20,5,0,28,202,10
11500,"Anniston-Oxford, AL",2019-11-01,1,20,7,0,28,230,11
11500,"Anniston-Oxford, AL",2019-12-01,0,17,4,0,21,251,11
11500,"Anniston-Oxford, AL",2020-01-01,2,24,8,0,34,285,13
11500,"Anniston-Oxford, AL",2020-02-01,2,23,8,0,33,318,15
11500,"Anniston-Oxford, AL",2020-03-01,6,27,8,0,41,359,21
11500,"Anniston-Oxford, AL",2020-04-01,18,69,17,2,106,465,39
11500,"Anniston-Oxford, AL",2020-05-01,25,89,15,3,132,597,64
11500,"Anniston-Oxford, AL",2020-06-01,10,38,11,1,60,657,74
11500,"Anniston-Oxford, AL",2020-07-01,14,72,11,1,98,755,88
11500,"Anniston-Oxford, AL",2020-08-01,43,126,17,2,188,943,131
11500,"Anniston-Oxford, AL",2020-09-01,33,86,18,2,139,1082,164
11500,"Anniston-Oxford, AL",2020-10-01,10,40,5,3,58,1140,174
11500,"Anniston-Oxford, AL",2020-11-01,5,33,8,0,46,1186,179
11500,"Anniston-Oxford, AL",2020-12-01,11,32,5,1,49,1235,190
11500,"Anniston-Oxford, AL",2021-01-01,14,61,8,0,83,1318,204
11500,"Anniston-Oxford, AL",2021-02-01,12,42,5,0,59,1377,216
11500,"Anniston-Oxford, AL",2021-03-01,43,110,17,1,171,1548,259
11500,"Anniston-Oxford, AL",2021-04-01,83,202,37,1,323,1871,342
11500,"Anniston-Oxford, AL",2021-05-01,51,129,23,2,205,2076,393
11500,"Anniston-Oxford, AL",2021-06-01,35,105,23,1,164,2240,428
11500,"Anniston-Oxford, AL",2021-07-01,20,73,15,1,109,2349,448
11500,"Anniston-Oxford, AL",2021-08-01,25,70,18,2,115,2464,473
11500,"Anniston-Oxford, AL",2021-09-01,34,78,22,0,134,2598,507
11500,"Anniston-Oxford, AL",2021-10-01,17,64,15,0,96,2694,524
11500,"Anniston-Oxford, AL",2021-11-01,16,60,11,0,87,2781,540
11500,"Anniston-Oxford, AL",2021-12-01,34,80,22,1,137,2918,574
11500,"Anniston-Oxford, AL",2022-01-01,43,121,27,3,194,3112,617
11500,"Anniston-Oxford, AL",2022-02-01,43,82,17,4,146,3258,660
11500,"Anniston-Oxford, AL",2022-03-01,56,112,25,2,195,3453,716
11500,"Anniston-Oxford, AL",2022-04-01,30,48,11,0,89,3542,746
11500,"Anniston-Oxford, AL",2022-05-01,38,78,11,1,128,3670,784
11500,"Anniston-Oxford, AL",2022-06-01,33,85,10,1,129,3799,817
11500,"Anniston-Oxford, AL",2022-07-01,40,72,18,1,131,3930,857
11500,"Anniston-Oxford, AL",2022-08-01,34,92,15,1,142,4072,891
11500,"Anniston-Oxford, AL",2022-09-01,43,62,20,1,126,4198,934
11500,"Anniston-Oxford, AL",2022-10-01,33,65,24,1,123,4321,967
11500,"Anniston-Oxford, AL",2022-11-01,51,97,19,4,171,4492,1018
11500,"Anniston-Oxford, AL",2022-12-01,67,90,20,1,178,4670,1085
11500,"Anniston-Oxford, AL",2023-01-01,54,84,28,1,167,4837,1139
11500,"Anniston-Oxford, AL",2023-02-01,65,84,26,4,179,5016,1204
11500,"Anniston-Oxford, AL",2023-03-01,63,123,29,4,219,5235,1267
11500,"Anniston-Oxford, AL",2023-04-01,33,80,18,2,133,5368,1300
11500,"Anniston-Oxford, AL",2023-05-01,29,51,9,1,90,5458,1329
11500,"Anniston-Oxford, AL",2023-06-01,19,33,10,1,63,5521,1348
11500,"Anniston-Oxford, AL",2023-07-01,32,44,13,0,89,5610,1380
11500,"Anniston-Oxford, AL",2023-08-01,25,35,13,1,74,5684,1405
11500,"Anniston-Oxford, AL",2023-09-01,41,49,23,2,115,5799,1446
11500,"Anniston-Oxford, AL",2023-10-01,35,54,13,3,105,5904,1481
11500,"Anniston-Oxford, AL",2023-11-01,37,51,13,1,102,6006,1518
11500,"Anniston-Oxford, AL",2023-12-01,41,59,18,1,119,6125,1559
11500,"Anniston-Oxford, AL",2024-01-01,45,65,18,2,130,6255,1604
11500,"Anniston-Oxford, AL",2024-02-01,75,88,26,2,191,6446,1679
11500,"Anniston-Oxford, AL",2024-03-01,85,96,28,2,211,6657,1764
11500,"Anniston-Oxford, AL",2024-04-01,37,49,19,3,108,6765,1801
11500,"Anniston-Oxford, AL",2024-05-01,41,28,13,0,82,6847,1842
11500,"Anniston-Oxford, AL",2024-06-01,35,47,10,1,93,6940,1877
11500,"Anniston-Oxford, AL",2024-07-01,25,43,15,5,88,7028,1902
11500,"Anniston-Oxford, AL",2024-08-01,47,61,15,2,125,7153,1949
11500,"Anniston-Oxford, AL",2024-09-01,57,75,21,1,154,7307,2006
11500,"Anniston-Oxford, AL",2024-10-01,90,115,41,4,250,7557,2096
11500,"Anniston-Oxford, AL",2024-11-01,94,93,26,6,219,7776,2190
11500,"Anniston-Oxford, AL",2024-12-01,97,102,33,1,233,8009,2287
11500,"Anniston-Oxford, AL",2025-01-01,87,97,28,2,214,8223,2374
11500,"Anniston-Oxford, AL",2025-02-01,81,71,35,4,191,8414,2455
11500,"Anniston-Oxford, AL",2025-03-01,108,96,27,4,235,8649,2563
11500,"Anniston-Oxford, AL",2025-04-01,84,95,30,1,210,8859,2647
11500,"Anniston-Oxford, AL",2025-05-01,61,85,23,3,172,9031,2708
11500,"Anniston-Oxford, AL",2025-06-01,79,83,17,2,181,9212,2787
11500,"Anniston-Oxford, AL",2025-07-01,41,51,15,1,108,9320,2828
11500,"Anniston-Oxford, AL",2025-08-01,58,61,26,1,146,9466,2886
11500,"Anniston-Oxford, AL",2025-09-01,0,0,1,0,1,9467,2886
35840,"North Port-Bradenton-Sarasota, FL",2019-01-01,2,103,58,8,171,171,2
35840,"North Port-Bradenton-Sarasota, FL",2019-02-01,2,124,44,7,177,348,4
35840,"North Port-Bradenton-Sarasota, FL",2019-03-01,8,132,63,9,212,560,12
35840,"North Port-Bradenton-Sarasota, FL",2019-04-01,10,187,59,6,262,822,22
35840,"North Port-Bradenton-Sarasota, FL",2019-05-01,14,174,72,9,269,1091,36
35840,"North Port-Bradenton-Sarasota, FL",2019-06-01,7,121,21,6,155,1246,43
35840,"North Port-Bradenton-Sarasota, FL",2019-07-01,11,143,46,6,206,1452,54
35840,"North Port-Bradenton-Sarasota, FL",2019-08-01,14,167,63,3,247,1699,68
35840,"North Port-Bradenton-Sarasota, FL",2019-09-01,14,115,65,7,201,1900,82
35840,"North Port-Bradenton-Sarasota, FL",2019-10-01,9,80,30,3,122,2022,91
35840,"North Port-Bradenton-Sarasota, FL",2019-11-01,15,107,33,10,165,2187,106
35840,"North Port-Bradenton-Sarasota, FL",2019-12-01,19,116,40,5,180,2367,125
35840,"North Port-Bradenton-Sarasota, FL",2020-01-01,24,149,47,10,230,2597,149
35840,"North Port-Bradenton-Sarasota, FL",2020-02-01,8,102,32,9,151,2748,157
35840,"North Port-Bradenton-Sarasota, FL",2020-03-01,18,124,62,10,214,2962,175
35840,"North Port-Bradenton-Sarasota, FL",2020-04-01,75,319,111,12,517,3479,250
35840,"North Port-Bradenton-Sarasota, FL",2020-05-01,152,405,129,25,711,4190,402
35840,"North Port-Bradenton-Sarasota, FL",2020-06-01,116,316,100,14,546,4736,518
35840,"North Port-Bradenton-Sarasota, FL",2020-07-01,148,416,149,15,728,5464,666
35840,"North Port-Bradenton-Sarasota, FL",2020-08-01,166,550,171,19,906,6370,832
35840,"North Port-Bradenton-Sarasota, FL",2020-09-01,120,461,153,22,756,7126,952
35840,"North Port-Bradenton-Sarasota, FL",2020-10-01,65,292,112,14,483,7609,1017
35840,"North Port-Bradenton-Sarasota, FL",2020-11-01,79,303,104,10,496,8105,1096
35840,"North Port-Bradenton-Sarasota, FL",2020-12-01,76,236,82,15,409,8514,1172
35840,"North Port-Bradenton-Sarasota, FL",2021-01-01,200,548,187,29,964,9478,1372
35840,"North Port-Bradenton-Sarasota, FL",2021-02-01,113,347,117,23,600,10078,1485
35840,"North Port-Bradenton-Sarasota, FL",2021-03-01,268,511,195,26,1000,11078,1753
35840,"North Port-Bradenton-Sarasota, FL",2021-04-01,259,601,226,41,1127,12205,2012
35840,"North Port-Bradenton-Sarasota, FL",2021-05-01,244,645,222,31,1142,13347,2256
35840,"North Port-Bradenton-Sarasota, FL",2021-06-01,107,301,76,6,490,13837,2363
35840,"North Port-Bradenton-Sarasota, FL",2021-07-01,137,427,146,23,733,14570,2500
35840,"North Port-Bradenton-Sarasota, FL",2021-08-01,145,474,165,22,806,15376,2645
35840,"North Port-Bradenton-Sarasota, FL",2021-09-01,123,332,136,10,601,15977,2768
35840,"North Port-Bradenton-Sarasota, FL",2021-10-01,51,184,76,7,318,16295,2819
35840,"North Port-Bradenton-Sarasota, FL",2021-11-01,107,304,110,17,538,16833,2926
35840,"North Port-Bradenton-Sarasota, FL",2021-12-01,186,402,163,31,782,17615,3112
35840,"North Port-Bradenton-Sarasota, FL",2022-01-01,300,709,271,29,1309,18924,3412
35840,"North Port-Bradenton-Sarasota, FL",2022-02-01,173,413,172,27,785,19709,3585
35840,"North Port-Bradenton-Sarasota, FL",2022-03-01,215,518,202,29,964,20673,3800
35840,"North Port-Bradenton-Sarasota, FL",2022-04-01,213,511,177,32,933,21606,4013
35840,"North Port-Bradenton-Sarasota, FL",2022-05-01,254,497,164,26,941,22547,4267
35840,"North Port-Bradenton-Sarasota, FL",2022-06-01,85,195,75,6,361,22908,4352
35840,"North Port-Bradenton-Sarasota, FL",2022-07-01,99,203,87,9,398,23306,4451
35840,"North Port-Bradenton-Sarasota, FL",2022-08-01,72,207,81,8,368,23674,4523
35840,"North Port-Bradenton-Sarasota, FL",2022-09-01,123,266,119,18,526,24200,4646
35840,"North Port-Bradenton-Sarasota, FL",2022-10-01,273,578,230,46,1127,25327,4919
35840,"North Port-Bradenton-Sarasota, FL",2022-11-01,216,426,158,29,829,26156,5135
35840,"North Port-Bradenton-Sarasota, FL",2022-12-01,197,391,154,19,761,26917,5332
35840,"North Port-Bradenton-Sarasota, FL",2023-01-01,210,461,164,26,861,27778,5542
35840,"North Port-Bradenton-Sarasota, FL",2023-02-01,161,360,145,10,676,28454,5703
35840,"North Port-Bradenton-Sarasota, FL",2023-03-01,223,450,200,15,888,29342,5926
35840,"North Port-Bradenton-Sarasota, FL",2023-04-01,174,392,153,19,738,30080,6100
35840,"North Port-Bradenton-Sarasota, FL",2023-05-01,102,189,51,14,356,30436,6202
35840,"North Port-Bradenton-Sarasota, FL",2023-06-01,81,178,64,2,325,30761,6283
35840,"North Port-Bradenton-Sarasota, FL",2023-07-01,64,144,45,2,255,31016,6347
35840,"North Port-Bradenton-Sarasota, FL",2023-08-01,58,148,42,5,253,31269,6405
35840,"North Port-Bradenton-Sarasota, FL",2023-09-01,72,223,83,9,387,31656,6477
35840,"North Port-Bradenton-Sarasota, FL",2023-10-01,142,354,157,23,676,32332,6619
35840,"North Port-Bradenton-Sarasota, FL",2023-11-01,236,552,195,28,1011,33343,6855
35840,"North Port-Bradenton-Sarasota, FL",2023-12-01,295,507,205,29,1036,34379,7150
35840,"North Port-Bradenton-Sarasota, FL",2024-01-01,266,549,218,31,1064,35443,7416
35840,"North Port-Bradenton-Sarasota, FL",2024-02-01,225,507,180,17,929,36372,7641
35840,"North Port-Bradenton-Sarasota, FL",2024-03-01,306,497,156,23,982,37354,7947
35840,"North Port-Bradenton-Sarasota, FL",2024-04-01,226,449,125,16,816,38170,8173
35840,"North Port-Bradenton-Sarasota, FL",2024-05-01,223,422,114,9,768,38938,8396
35840,"North Port-Bradenton-Sarasota, FL",2024-06-01,159,365,134,8,666,39604,8555
35840,"North Port-Bradenton-Sarasota, FL",2024-07-01,74,177,61,3,315,39919,8629
35840,"North Port-Bradenton-Sarasota, FL",2024-08-01,56,153,55,8,272,40191,8685
35840,"North Port-Bradenton-Sarasota, FL",2024-09-01,98,256,80,15,449,40640,8783
35840,"North Port-Bradenton-Sarasota, FL",2024-10-01,202,510,170,17,899,41539,8985
35840,"North Port-Bradenton-Sarasota, FL",2024-11-01,212,506,172,12,902,42441,9197
35840,"North Port-Bradenton-Sarasota, FL",2024-12-01,202,408,155,17,782,43223,9399
35840,"North Port-Bradenton-Sarasota, FL",2025-01-01,230,469,163,19,881,44104,9629
35840,"North Port-Bradenton-Sarasota, FL",2025-02-01,219,357,125,13,714,44818,9848
35840,"North Port-Bradenton-Sarasota, FL",2025-03-01,227,387,138,15,767,45585,10075
35840,"North Port-Bradenton-Sarasota, FL",2025-04-01,237,450,139,17,843,46428,10312
35840,"North Port-Bradenton-Sarasota, FL",2025-05-01,338,463,163,23,987,47415,10650
35840,"North Port-Bradenton-Sarasota, FL",2025-06-01,339,530,160,16,1045,48460,10989
35840,"North Port-Bradenton-Sarasota, FL",2025-07-01,255,468,170,18,911,49371,11244
35840,"North Port-Bradenton-Sarasota, FL",2025-08-01,239,431,151,16,837,50208,11483
35840,"North Port-Bradenton-Sarasota, FL",2025-09-01,4,7,5,1,17,50225,11487
20780,"Edwards, CO",2019-01-01,0,1,0,0,1,1,0
20780,"Edwards, CO",2019-02-01,0,2,1,0,3,4,0
20780,"Edwards, CO",2019-03-01,0,1,2,0,3,7,0
20780,"Edwards, CO",2019-04-01,0,1,0,0,1,8,0
20780,"Edwards, CO",2019-05-01,0,1,0,0,1,9,0
20780,"Edwards, CO",2019-07-01,0,3,0,0,3,12,0
20780,"Edwards, CO",2019-08-01,0,1,3,0,4,16,0
20780,"Edwards, CO",2019-09-01,0,2,0,0,2,18,0
20780,"Edwards, CO",2019-10-01,0,3,0,0,3,21,0
20780,"Edwards, CO",2019-12-01,0,0,1,0,1,22,0
20780,"Edwards, CO",2020-01-01,1,0,0,0,1,23,1
20780,"Edwards, CO",2020-02-01,0,1,0,0,1,24,1
20780,"Edwards, CO",2020-03-01,0,1,0,0,1,25,1
20780,"Edwards, CO",2020-04-01,2,5,0,0,7,32,3
20780,"Edwards, CO",2020-05-01,0,2,1,0,3,35,3
20780,"Edwards, CO",2020-06-01,0,1,1,0,2,37,3
20780,"Edwards, CO",2020-07-01,0,6,1,0,7,44,3
20780,"Edwards, CO",2020-08-01,0,4,2,0,6,50,3
20780,"Edwards, CO",2020-09-01,2,5,0,0,7,57,5
20780,"Edwards, CO",2020-10-01,2,3,1,0,6,63,7
20780,"Edwards, CO",2020-11-01,1,0,2,0,3,66,8
20780,"Edwards, CO",2020-12-01,0,2,2,0,4,70,8
20780,"Edwards, CO",2021-01-01,1,2,0,0,3,73,9
20780,"Edwards, CO",2021-02-01,0,2,0,0,2,75,9
20780,"Edwards, CO",2021-03-01,2,8,0,0,10,85,11
20780,"Edwards, CO",2021-04-01,0,4,0,0,4,89,11
20780,"Edwards, CO",2021-05-01,1,2,1,1,5,94,12
20780,"Edwards, CO",2021-06-01,1,7,2,0,10,104,13
20780,"Edwards, CO",2021-07-01,0,2,2,0,4,108,13
20780,"Edwards, CO",2021-08-01,1,8,1,1,11,119,14
20780,"Edwards, CO",2021-09-01,0,4,1,0,5,124,14
20780,"Edwards, CO",2021-10-01,1,2,2,0,5,129,15
20780,"Edwards, CO",2021-11-01,0,3,2,0,5,134,15
20780,"Edwards, CO",2021-12-01,2,7,0,0,9,143,17
20780,"Edwards, CO",2022-01-01,4,10,0,0,14,157,21
20780,"Edwards, CO",2022-02-01,4,11,1,0,16,173,25
20780,"Edwards, CO",2022-03-01,4,8,1,0,13,186,29
20780,"Edwards, CO",2022-04-01,0,6,1,0,7,193,29
20780,"Edwards, CO",2022-05-01,3,12,1,0,16,209,32
20780,"Edwards, CO",2022-06-01,3,10,1,0,14,223,35
20780,"Edwards, CO",2022-07-01,2,5,2,0,9,232,37
20780,"Edwards, CO",2022-08-01,2,4,2,0,8,240,39
20780,"Edwards, CO",2022-09-01,1,3,1,1,6,246,40
20780,"Edwards, CO",2022-10-01,4,8,1,0,13,259,44
20780,"Edwards, CO",2022-11-01,1,6,1,0,8,267,45
20780,"Edwards, CO",2022-12-01,2,8,1,0,11,278,47
20780,"Edwards, CO",2023-01-01,3,10,0,1,14,292,50
20780,"Edwards, CO",2023-02-01,7,10,3,1,21,313,57
20780,"Edwards, CO",2023-03-01,2,6,1,0,9,322,59
20780,"Edwards, CO",2023-04-01,2,3,0,0,5,327,61
20780,"Edwards, CO",2023-05-01,3,4,0,0,7,334,64
20780,"Edwards, CO",2023-06-01,1,1,0,0,2,336,65
20780,"Edwards, CO",2023-07-01,3,3,0,0,6,342,68
20780,"Edwards, CO",2023-08-01,3,4,1,0,8,350,71
20780,"Edwards, CO",2023-09-01,5,6,2,0,13,363,76
20780,"Edwards, CO",2023-10-01,2,15,2,0,19,382,78
20780,"Edwards, CO",2023-11-01,1,4,3,0,8,390,79
20780,"Edwards, CO",2023-12-01,4,7,0,0,11,401,83
20780,"Edwards, CO",2024-01-01,10,11,1,1,23,424,93
20780,"Edwards, CO",2024-02-01,0,8,1,0,9,433,93
20780,"Edwards, CO",2024-03-01,1,9,4,0,14,447,94
20780,"Edwards, CO",2024-04-01,2,7,2,0,11,458,96
20780,"Edwards, CO",2024-05-01,3,6,4,0,13,471,99
20780,"Edwards, CO",2024-06-01,3,5,1,0,9,480,102
20780,"Edwards, CO",2024-07-01,3,11,2,0,16,496,105
20780,"Edwards, CO",2024-08-01,4,11,2,0,17,513,109
20780,"Edwards, CO",2024-09-01,4,6,3,0,13,526,113
20780,"Edwards, CO",2024-10-01,5,9,2,0,16,542,118
20780,"Edwards, CO",2024-11-01,3,15,0,0,18,560,121
20780,"Edwards, CO",2024-12-01,5,14,3,0,22,582,126
20780,"Edwards, CO",2025-01-01,7,6,5,0,18,600,133
20780,"Edwards, CO",2025-02-01,1,12,2,0,15,615,134
20780,"Edwards, CO",2025-03-01,3,12,1,1,17,632,137
20780,"Edwards, CO",2025-04-01,0,5,2,0,7,639,137
20780,"Edwards, CO",2025-05-01,4,10,2,0,16,655,141
20780,"Edwards, CO",2025-06-01,3,6,0,0,9,664,144
20780,"Edwards, CO",2025-07-01,5,11,0,0,16,680,149
20780,"Edwards, CO",2025-08-01,2,7,1,0,10,690,151
42900,"Seneca Falls, NY",2019-01-01,0,0,1,0,1,1,0
42900,"Seneca Falls, NY",2019-05-01,0,1,0,0,1,2,0
42900,"Seneca Falls, NY",2019-07-01,0,2,1,0,3,5,0
42900,"Seneca Falls, NY",2019-08-01,0,8,2,0,10,15,0
42900,"Seneca Falls, NY",2019-09-01,0,2,1,0,3,18,0
42900,"Seneca Falls, NY",2019-10-01,1,1,2,0,4,22,1
42900,"Seneca Falls, NY",2019-11-01,1,5,2,0,8,30,2
42900,"Seneca Falls, NY",2019-12-01,3,8,0,0,11,41,5
42900,"Seneca Falls, NY",2020-01-01,0,3,1,1,5,46,5
42900,"Seneca Falls, NY",2020-02-01,0,0,4,0,4,50,5
42900,"Seneca Falls, NY",2020-03-01,1,6,1,0,8,58,6
42900,"Seneca Falls, NY",2020-04-01,3,1,1,0,5,63,9
42900,"Seneca Falls, NY",2020-05-01,1,3,1,0,5,68,10
42900,"Seneca Falls, NY",2020-06-01,2,10,4,0,16,84,12
42900,"Seneca Falls, NY",2020-07-01,1,2,0,0,3,87,13
42900,"Seneca Falls, NY",2020-08-01,2,11,0,1,14,101,15
42900,"Seneca Falls, NY",2020-09-01,3,11,2,1,17,118,18
42900,"Seneca Falls, NY",2020-10-01,3,12,6,0,21,139,21
42900,"Seneca Falls, NY",2020-11-01,1,9,6,0,16,155,22
42900,"Seneca Falls, NY",2020-12-01,2,9,1,0,12,167,24
42900,"Seneca Falls, NY",2021-01-01,6,12,7,0,25,192,30
42900,"Seneca Falls, NY",2021-02-01,3,10,2,0,15,207,33
42900,"Seneca Falls, NY",2021-03-01,4,20,3,0,27,234,37
42900,"Seneca Falls, NY",2021-04-01,6,17,5,2,30,264,43
42900,"Seneca Falls, NY",2021-05-01,6,17,5,1,29,293,49
42900,"Seneca Falls, NY",2021-06-01,3,12,3,1,19,312,52
42900,"Seneca Falls, NY",2021-07-01,3,13,4,1,21,333,55
42900,"Seneca Falls, NY",2021-08-01,1,15,2,0,18,351,56
42900,"Seneca Falls, NY",2021-09-01,4,10,3,0,17,368,60
42900,"Seneca Falls, NY",2021-10-01,0,17,5,4,26,394,60
42900,"Seneca Falls, NY",2021-11-01,2,8,4,0,14,408,62
42900,"Seneca Falls, NY",2021-12-01,3,11,3,0,17,425,65
42900,"Seneca Falls, NY",2022-01-01,6,13,2,0,21,446,71
42900,"Seneca Falls, NY",2022-02-01,5,15,5,1,26,472,76
42900,"Seneca Falls, NY",2022-03-01,6,19,4,0,29,501,82
42900,"Seneca Falls, NY",2022-04-01,5,9,7,1,22,523,87
42900,"Seneca Falls, NY",2022-05-01,6,9,5,0,20,543,93
42900,"Seneca Falls, NY",2022-06-01,4,7,3,0,14,557,97
42900,"Seneca Falls, NY",2022-07-01,2,13,4,0,19,576,99
42900,"Seneca Falls, NY",2022-08-01,4,12,4,1,21,597,103
42900,"Seneca Falls, NY",2022-09-01,4,20,4,1,29,626,107
42900,"Seneca Falls, NY",2022-10-01,3,10,5,0,18,644,110
42900,"Seneca Falls, NY",2022-11-01,1,18,2,0,21,665,111
42900,"Seneca Falls, NY",2022-12-01,7,10,6,0,23,688,118
42900,"Seneca Falls, NY",2023-01-01,6,6,4,0,16,704,124
42900,"Seneca Falls, NY",2023-02-01,4,11,6,0,21,725,128
42900,"Seneca Falls, NY",2023-03-01,6,18,0,1,25,750,134
42900,"Seneca Falls, NY",2023-04-01,8,10,2,0,20,770,142
42900,"Seneca Falls, NY",2023-05-01,2,8,1,0,11,781,144
42900,"Seneca Falls, NY",2023-06-01,2,4,5,1,12,793,146
42900,"Seneca Falls, NY",2023-07-01,4,11,3,0,18,811,150
42900,"Seneca Falls, NY",2023-08-01,4,10,7,0,21,832,154
42900,"Seneca Falls, NY",2023-09-01,5,9,4,3,21,853,159
42900,"Seneca Falls, NY",2023-10-01,6,11,8,0,25,878,165
42900,"Seneca Falls, NY",2023-11-01,5,19,7,0,31,909,170
42900,"Seneca Falls, NY",2023-12-01,8,12,4,2,26,935,178
42900,"Seneca Falls, NY",2024-01-01,5,14,3,1,23,958,183
42900,"Seneca Falls, NY",2024-02-01,8,11,5,2,26,984,191
42900,"Seneca Falls, NY",2024-03-01,7,15,1,1,24,1008,198
42900,"Seneca Falls, NY",2024-04-01,6,9,5,0,20,1028,204
42900,"Seneca Falls, NY",2024-05-01,5,7,2,0,14,1042,209
42900,"Seneca Falls, NY",2024-06-01,3,7,3,0,13,1055,212
42900,"Seneca Falls, NY",2024-07-01,5,14,1,1,21,1076,217
42900,"Seneca Falls, NY",2024-08-01,7,14,4,1,26,1102,224
42900,"Seneca Falls, NY",2024-09-01,12,10,13,1,36,1138,236
42900,"Seneca Falls, NY",2024-10-01,10,12,8,0,30,1168,246
42900,"Seneca Falls, NY",2024-11-01,13,20,2,2,37,1205,259
42900,"Seneca Falls, NY",2024-12-01,15,14,8,0,37,1242,274
42900,"Seneca Falls, NY",2025-01-01,12,14,9,0,35,1277,286
42900,"Seneca Falls, NY",2025-02-01,7,10,8,0,25,1302,293
42900,"Seneca Falls, NY",2025-03-01,7,19,4,2,32,1334,300
42900,"Seneca Falls, NY",2025-04-01,13,14,2,0,29,1363,313
42900,"Seneca Falls, NY",2025-05-01,17,12,7,1,37,1400,330
42900,"Seneca Falls, NY",2025-06-01,6,21,5,1,33,1433,336
42900,"Seneca Falls, NY",2025-07-01,12,12,4,0,28,1461,348
42900,"Seneca Falls, NY",2025-08-01,3,6,2,1,12,1473,351
42900,"Seneca Falls, NY",2025-09-01,1,0,0,0,1,1474,352
22580,"Forest City, NC",2019-02-01,0,3,1,0,4,4,0
22580,"Forest City, NC",2019-03-01,0,7,0,0,7,11,0
22580,"Forest City, NC",2019-04-01,0,2,0,0,2,13,0
22580,"Forest City, NC",2019-05-01,0,13,2,1,16,29,0
22580,"Forest City, NC",2019-06-01,0,15,6,0,21,50,0
22580,"Forest City, NC",2019-07-01,1,16,3,1,21,71,1
22580,"Forest City, NC",2019-08-01,1,12,4,0,17,88,2
22580,"Forest City, NC",2019-09-01,0,11,1,0,12,100,2
22580,"Forest City, NC",2019-10-01,0,11,6,0,17,117,2
22580,"Forest City, NC",2019-11-01,1,6,2,0,9,126,3
22580,"Forest City, NC",2019-12-01,1,6,1,0,8,134,4
22580,"Forest City, NC",2020-01-01,2,4,1,1,8,142,6
22580,"Forest City, NC",2020-02-01,2,9,1,0,12,154,8
22580,"Forest City, NC",2020-03-01,4,12,7,2,25,179,12
22580,"Forest City, NC",2020-04-01,4,16,6,1,27,206,16
22580,"Forest City, NC",2020-05-01,8,31,8,0,47,253,24
22580,"Forest City, NC",2020-06-01,3,22,2,0,27,280,27
22580,"Forest City, NC",2020-07-01,3,26,2,1,32,312,30
22580,"Forest City, NC",2020-08-01,8,37,5,1,51,363,38
22580,"Forest City, NC",2020-09-01,5,28,3,2,38,401,43
22580,"Forest City, NC",2020-10-01,7,22,4,1,34,435,50
22580,"Forest City, NC",2020-11-01,6,27,3,0,36,471,56
22580,"Forest City, NC",2020-12-01,3,26,5,1,35,506,59
22580,"Forest City, NC",2021-01-01,16,52,9,2,79,585,75
22580,"Forest City, NC",2021-02-01,8,34,9,0,51,636,83
22580,"Forest City, NC",2021-03-01,15,32,17,2,66,702,98
22580,"Forest City, NC",2021-04-01,18,45,11,2,76,778,116
22580,"Forest City, NC",2021-05-01,13,36,16,1,66,844,129
22580,"Forest City, NC",2021-06-01,10,38,11,2,61,905,139
22580,"Forest City, NC",2021-07-01,7,34,8,3,52,957,146
22580,"Forest City, NC",2021-08-01,11,25,14,1,51,1008,157
22580,"Forest City, NC",2021-09-01,10,27,13,1,51,1059,167
22580,"Forest City, NC",2021-10-01,8,25,6,1,40,1099,175
22580,"Forest City, NC",2021-11-01,8,28,14,2,52,1151,183
22580,"Forest City, NC",2021-12-01,17,28,13,0,58,1209,200
22580,"Forest City, NC",2022-01-01,22,37,8,0,67,1276,222
22580,"Forest City, NC",2022-02-01,11,25,7,1,44,1320,233
22580,"Forest City, NC",2022-03-01,21,30,10,0,61,1381,254
22580,"Forest City, NC",2022-04-01,8,29,19,2,58,1439,262
22580,"Forest City, NC",2022-05-01,14,35,9,0,58,1497,276
22580,"Forest City, NC",2022-06-01,16,32,7,2,57,1554,292
22580,"Forest City, NC",2022-07-01,15,23,10,2,50,1604,307
22580,"Forest City, NC",2022-08-01,15,26,11,0,52,1656,322
22580,"Forest City, NC",2022-09-01,10,27,8,1,46,1702,332
22580,"Forest City, NC",2022-10-01,19,22,6,0,47,1749,351
22580,"Forest City, NC",2022-11-01,14,21,12,3,50,1799,365
22580,"Forest City, NC",2022-12-01,11,17,12,1,41,1840,376
22580,"Forest City, NC",2023-01-01,8,24,7,0,39,1879,384
22580,"Forest City, NC",2023-02-01,15,15,9,0,39,1918,399
22580,"Forest City, NC",2023-03-01,16,43,9,3,71,1989,415
22580,"Forest City, NC",2023-04-01,9,29,9,1,48,2037,424
22580,"Forest City, NC",2023-05-01,6,23,8,1,38,2075,430
22580,"Forest City, NC",2023-06-01,11,13,9,0,33,2108,441
22580,"Forest City, NC",2023-07-01,9,19,4,1,33,2141,450
22580,"Forest City, NC",2023-08-01,5,16,8,0,29,2170,455
22580,"Forest City, NC",2023-09-01,14,24,15,1,54,2224,469
22580,"Forest City, NC",2023-10-01,8,28,12,0,48,2272,477
22580,"Forest City, NC",2023-11-01,12,30,10,0,52,2324,489
22580,"Forest City, NC",2023-12-01,25,40,6,5,76,2400,514
22580,"Forest City, NC",2024-01-01,22,39,11,1,73,2473,536
22580,"Forest City, NC",2024-02-01,16,25,10,5,56,2529,552
22580,"Forest City, NC",2024-03-01,17,33,10,1,61,2590,569
22580,"Forest City, NC",2024-04-01,20,18,4,4,46,2636,589
22580,"Forest City, NC",2024-05-01,15,26,12,2,55,2691,604
22580,"Forest City, NC",2024-06-01,19,28,12,2,61,2752,623
22580,"Forest City, NC",2024-07-01,17,23,9,2,51,2803,640
22580,"Forest City, NC",2024-08-01,21,33,9,0,63,2866,661
22580,"Forest City, NC",2024-09-01,16,36,16,2,70,2936,677
22580,"Forest City, NC",2024-10-01,19,19,9,2,49,2985,696
22580,"Forest City, NC",2024-11-01,24,21,6,3,54,3039,720
22580,"Forest City, NC",2024-12-01,30,21,21,0,72,3111,750
22580,"Forest City, NC",2025-01-01,23,20,16,4,63,3174,773
22580,"Forest City, NC",2025-02-01,14,17,8,1,40,3214,787
22580,"Forest City, NC",2025-03-01,30,12,12,1,55,3269,817
22580,"Forest City, NC",2025-04-01,30,16,8,0,54,3323,847
22580,"Forest City, NC",2025-05-01,19,31,8,1,59,3382,866
22580,"Forest City, NC",2025-06-01,39,27,16,2,84,3466,905
22580,"Forest City, NC",2025-07-01,21,19,10,1,51,3517,926
22580,"Forest City, NC",2025-08-01,18,16,10,1,45,3562,944
22580,"Forest City, NC",2025-09-01,0,2,0,0,2,3564,944
38300,"Pittsburgh, PA",2019-01-01,4,191,44,3,242,242,4
38300,"Pittsburgh, PA",2019-02-01,7,178,54,4,243,485,11
38300,"Pittsburgh, PA",2019-03-01,11,216,49,7,283,768,22
38300,"Pittsburgh, PA",2019-04-01,11,246,44,4,305,1073,33
38300,"Pittsburgh, PA",2019-05-01,16,284,68,2,370,1443,49
38300,"Pittsburgh, PA",2019-06-01,18,276,55,7,356,1799,67
38300,"Pittsburgh, PA",2019-07-01,31,284,59,9,383,2182,98
38300,"Pittsburgh, PA",2019-08-01,23,300,64,10,397,2579,121
38300,"Pittsburgh, PA",2019-09-01,17,304,60,3,384,2963,138
38300,"Pittsburgh, PA",2019-10-01,25,271,37,5,338,3301,163
38300,"Pittsburgh, PA",2019-11-01,46,233,43,3,325,3626,209
38300,"Pittsburgh, PA",2019-12-01,50,294,44,5,393,4019,259
38300,"Pittsburgh, PA",2020-01-01,42,323,63,12,440,4459,301
38300,"Pittsburgh, PA",2020-02-01,32,215,51,9,307,4766,333
38300,"Pittsburgh, PA",2020-03-01,60,323,82,14,479,5245,393
38300,"Pittsburgh, PA",2020-04-01,211,683,141,21,1056,6301,604
38300,"Pittsburgh, PA",2020-05-01,523,1162,185,22,1892,8193,1127
38300,"Pittsburgh, PA",2020-06-01,374,940,117,10,1441,9634,1501
38300,"Pittsburgh, PA",2020-07-01,276,845,128,26,1275,10909,1777
38300,"Pittsburgh, PA",2020-08-01,244,902,211,52,1409,12318,2021
38300,"Pittsburgh, PA",2020-09-01,227,833,237,71,1368,13686,2248
38300,"Pittsburgh, PA",2020-10-01,208,746,227,82,1263,14949,2456
38300,"Pittsburgh, PA",2020-11-01,295,684,153,56,1188,16137,2751
38300,"Pittsburgh, PA",2020-12-01,312,732,164,46,1254,17391,3063
38300,"Pittsburgh, PA",2021-01-01,400,790,239,79,1508,18899,3463
38300,"Pittsburgh, PA",2021-02-01,251,580,175,70,1076,19975,3714
38300,"Pittsburgh, PA",2021-03-01,301,613,189,44,1147,21122,4015
38300,"Pittsburgh, PA",2021-04-01,246,681,211,61,1199,22321,4261
38300,"Pittsburgh, PA",2021-05-01,399,893,229,44,1565,23886,4660
38300,"Pittsburgh, PA",2021-06-01,355,1002,194,34,1585,25471,5015
38300,"Pittsburgh, PA",2021-07-01,281,772,166,26,1245,26716,5296
38300,"Pittsburgh, PA",2021-08-01,214,713,147,15,1089,27805,5510
38300,"Pittsburgh, PA",2021-09-01,188,762,228,33,1211,29016,5698
38300,"Pittsburgh, PA",2021-10-01,215,687,173,21,1096,30112,5913
38300,"Pittsburgh, PA",2021-11-01,236,778,175,23,1212,31324,6149
38300,"Pittsburgh, PA",2021-12-01,355,710,176,18,1259,32583,6504
38300,"Pittsburgh, PA",2022-01-01,330,857,206,11,1404,33987,6834
38300,"Pittsburgh, PA",2022-02-01,249,536,147,13,945,34932,7083
38300,"Pittsburgh, PA",2022-03-01,275,536,174,12,997,35929,7358
38300,"Pittsburgh, PA",2022-04-01,222,540,152,16,930,36859,7580
38300,"Pittsburgh, PA",2022-05-01,343,601,149,19,1112,37971,7923
38300,"Pittsburgh, PA",2022-06-01,198,431,102,8,739,38710,8121
38300,"Pittsburgh, PA",2022-07-01,215,507,135,15,872,39582,8336
38300,"Pittsburgh, PA",2022-08-01,209,534,145,11,899,40481,8545
38300,"Pittsburgh, PA",2022-09-01,198,527,161,17,903,41384,8743
38300,"Pittsburgh, PA",2022-10-01,235,584,143,20,982,42366,8978
38300,"Pittsburgh, PA",2022-11-01,283,547,146,8,984,43350,9261
38300,"Pittsburgh, PA",2022-12-01,357,514,157,16,1044,44394,9618
38300,"Pittsburgh, PA",2023-01-01,303,572,180,20,1075,45469,9921
38300,"Pittsburgh, PA",2023-02-01,243,544,137,18,942,46411,10164
38300,"Pittsburgh, PA",2023-03-01,344,548,162,23,1077,47488,10508
38300,"Pittsburgh, PA",2023-04-01,300,601,140,17,1058,48546,10808
38300,"Pittsburgh, PA",2023-05-01,293,475,103,8,879,49425,11101
38300,"Pittsburgh, PA",2023-06-01,159,312,80,10,561,49986,11260
38300,"Pittsburgh, PA",2023-07-01,132,313,90,9,544,50530,11392
38300,"Pittsburgh, PA",2023-08-01,194,484,121,11,810,51340,11586
38300,"Pittsburgh, PA",2023-09-01,242,550,157,12,961,52301,11828
38300,"Pittsburgh, PA",2023-10-01,273,566,119,18,976,53277,12101
38300,"Pittsburgh, PA",2023-11-01,307,568,108,17,1000,54277,12408
38300,"Pittsburgh, PA",2023-12-01,364,503,122,11,1000,55277,12772
38300,"Pittsburgh, PA",2024-01-01,308,530,130,5,973,56250,13080
38300,"Pittsburgh, PA",2024-02-01,266,468,117,14,865,57115,13346
38300,"Pittsburgh, PA",2024-03-01,303,448,109,18,878,57993,13649
38300,"Pittsburgh, PA",2024-04-01,262,436,97,8,803,58796,13911
38300,"Pittsburgh, PA",2024-05-01,390,494,115,11,1010,59806,14301
38300,"Pittsburgh, PA",2024-06-01,355,548,129,17,1049,60855,14656
38300,"Pittsburgh, PA",2024-07-01,319,593,140,17,1069,61924,14975
38300,"Pittsburgh, PA",2024-08-01,314,616,160,14,1104,63028,15289
38300,"Pittsburgh, PA",2024-09-01,336,523,144,23,1026,64054,15625
38300,"Pittsburgh, PA",2024-10-01,306,526,166,11,1009,65063,15931
38300,"Pittsburgh, PA",2024-11-01,356,552,148,14,1070,66133,16287
38300,"Pittsburgh, PA",2024-12-01,473,488,129,12,1102,67235,16760
38300,"Pittsburgh, PA",2025-01-01,388,470,122,8,988,68223,17148
38300,"Pittsburgh, PA",2025-02-01,289,397,108,14,808,69031,17437
38300,"Pittsburgh, PA",2025-03-01,346,420,118,9,893,69924,17783
38300,"Pittsburgh, PA",2025-04-01,340,505,158,13,1016,70940,18123
38300,"Pittsburgh, PA",2025-05-01,512,476,212,39,1239,72179,18635
38300,"Pittsburgh, PA",2025-06-01,398,468,214,36,1116,73295,19033
38300,"Pittsburgh, PA",2025-07-01,425,426,237,67,1155,74450,19458
38300,"Pittsburgh, PA",2025-08-01,307,455,179,28,969,75419,19765
38300,"Pittsburgh, PA",2025-09-01,3,10,0,1,14,75433,19768
43340,"Shreveport-Bossier City, LA",2019-01-01,0,24,6,2,32,32,0
43340,"Shreveport-Bossier City, LA",2019-02-01,0,26,5,0,31,63,0
43340,"Shreveport-Bossier City, LA",2019-03-01,0,51,11,0,62,125,0
43340,"Shreveport-Bossier City, LA",2019-04-01,4,43,8,2,57,182,4
43340,"Shreveport-Bossier City, LA",2019-05-01,3,46,21,2,72,254,7
43340,"Shreveport-Bossier City, LA",2019-06-01,2,45,9,1,57,311,9
43340,"Shreveport-Bossier City, LA",2019-07-01,3,52,13,0,68,379,12
43340,"Shreveport-Bossier City, LA",2019-08-01,0,70,14,2,86,465,12
43340,"Shreveport-Bossier City, LA",2019-09-01,6,67,17,1,91,556,18
43340,"Shreveport-Bossier City, LA",2019-10-01,4,64,15,0,83,639,22
43340,"Shreveport-Bossier City, LA",2019-11-01,6,53,15,3,77,716,28
43340,"Shreveport-Bossier City, LA",2019-12-01,3,55,7,2,67,783,31
43340,"Shreveport-Bossier City, LA",2020-01-01,6,69,11,4,90,873,37
43340,"Shreveport-Bossier City, LA",2020-02-01,7,51,13,3,74,947,44
43340,"Shreveport-Bossier City, LA",2020-03-01,10,85,17,1,113,1060,54
43340,"Shreveport-Bossier City, LA",2020-04-01,19,124,29,2,174,1234,73
43340,"Shreveport-Bossier City, LA",2020-05-01,76,236,47,3,362,1596,149
43340,"Shreveport-Bossier City, LA",2020-06-01,47,241,49,3,340,1936,196
43340,"Shreveport-Bossier City, LA",2020-07-01,58,233,37,2,330,2266,254
43340,"Shreveport-Bossier City, LA",2020-08-01,77,357,66,7,507,2773,331
43340,"Shreveport-Bossier City, LA",2020-09-01,84,278,45,5,412,3185,415
43340,"Shreveport-Bossier City, LA",2020-10-01,56,184,40,10,290,3475,471
43340,"Shreveport-Bossier City, LA",2020-11-01,25,95,18,1,139,3614,496
43340,"Shreveport-Bossier City, LA",2020-12-01,38,133,20,0,191,3805,534
43340,"Shreveport-Bossier City, LA",2021-01-01,100,371,70,8,549,4354,634
43340,"Shreveport-Bossier City, LA",2021-02-01,60,180,49,5,294,4648,694
43340,"Shreveport-Bossier City, LA",2021-03-01,89,284,54,4,431,5079,783
43340,"Shreveport-Bossier City, LA",2021-04-01,104,320,53,13,490,5569,887
43340,"Shreveport-Bossier City, LA",2021-05-01,119,383,61,8,571,6140,1006
43340,"Shreveport-Bossier City, LA",2021-06-01,114,338,73,5,530,6670,1120
43340,"Shreveport-Bossier City, LA",2021-07-01,116,357,63,6,542,7212,1236
43340,"Shreveport-Bossier City, LA",2021-08-01,78,295,68,9,450,7662,1314
43340,"Shreveport-Bossier City, LA",2021-09-01,64,215,57,3,339,8001,1378
43340,"Shreveport-Bossier City, LA",2021-10-01,39,126,27,0,192,8193,1417
43340,"Shreveport-Bossier City, LA",2021-11-01,47,146,32,4,229,8422,1464
43340,"Shreveport-Bossier City, LA",2021-12-01,114,321,70,9,514,8936,1578
43340,"Shreveport-Bossier City, LA",2022-01-01,96,236,54,5,391,9327,1674
43340,"Shreveport-Bossier City, LA",2022-02-01,90,211,46,3,350,9677,1764
43340,"Shreveport-Bossier City, LA",2022-03-01,136,288,54,9,487,10164,1900
43340,"Shreveport-Bossier City, LA",2022-04-01,101,315,49,8,473,10637,2001
43340,"Shreveport-Bossier City, LA",2022-05-01,91,243,45,1,380,11017,2092
43340,"Shreveport-Bossier City, LA",2022-06-01,74,150,27,4,255,11272,2166
43340,"Shreveport-Bossier City, LA",2022-07-01,63,131,43,3,240,11512,2229
43340,"Shreveport-Bossier City, LA",2022-08-01,56,138,30,3,227,11739,2285
43340,"Shreveport-Bossier City, LA",2022-09-01,77,187,57,6,327,12066,2362
43340,"Shreveport-Bossier City, LA",2022-10-01,40,124,44,5,213,12279,2402
43340,"Shreveport-Bossier City, LA",2022-11-01,95,215,57,5,372,12651,2497
43340,"Shreveport-Bossier City, LA",2022-12-01,107,247,63,11,428,13079,2604
43340,"Shreveport-Bossier City, LA",2023-01-01,113,204,59,2,378,13457,2717
43340,"Shreveport-Bossier City, LA",2023-02-01,97,170,46,6,319,13776,2814
43340,"Shreveport-Bossier City, LA",2023-03-01,168,262,80,10,520,14296,2982
43340,"Shreveport-Bossier City, LA",2023-04-01,103,217,68,6,394,14690,3085
43340,"Shreveport-Bossier City, LA",2023-05-01,111,190,49,1,351,15041,3196
43340,"Shreveport-Bossier City, LA",2023-06-01,72,130,27,6,235,15276,3268
43340,"Shreveport-Bossier City, LA",2023-07-01,69,103,28,4,204,15480,3337
43340,"Shreveport-Bossier City, LA",2023-08-01,82,155,53,3,293,15773,3419
43340,"Shreveport-Bossier City, LA",2023-09-01,118,186,63,5,372,16145,3537
43340,"Shreveport-Bossier City, LA",2023-10-01,101,149,42,1,293,16438,3638
43340,"Shreveport-Bossier City, LA",2023-11-01,159,257,69,10,495,16933,3797
43340,"Shreveport-Bossier City, LA",2023-12-01,183,214,61,3,461,17394,3980
43340,"Shreveport-Bossier City, LA",2024-01-01,193,208,64,5,470,17864,4173
43340,"Shreveport-Bossier City, LA",2024-02-01,173,171,45,8,397,18261,4346
43340,"Shreveport-Bossier City, LA",2024-03-01,208,240,58,7,513,18774,4554
43340,"Shreveport-Bossier City, LA",2024-04-01,158,233,63,6,460,19234,4712
43340,"Shreveport-Bossier City, LA",2024-05-01,192,275,54,6,527,19761,4904
43340,"Shreveport-Bossier City, LA",2024-06-01,184,260,93,9,546,20307,5088
43340,"Shreveport-Bossier City, LA",2024-07-01,108,171,59,3,341,20648,5196
43340,"Shreveport-Bossier City, LA",2024-08-01,113,190,50,5,358,21006,5309
43340,"Shreveport-Bossier City, LA",2024-09-01,139,149,60,5,353,21359,5448
43340,"Shreveport-Bossier City, LA",2024-10-01,152,238,78,17,485,21844,5600
43340,"Shreveport-Bossier City, LA",2024-11-01,151,211,64,5,431,22275,5751
43340,"Shreveport-Bossier City, LA",2024-12-01,171,189,50,10,420,22695,5922
43340,"Shreveport-Bossier City, LA",2025-01-01,152,192,59,8,411,23106,6074
43340,"Shreveport-Bossier City, LA",2025-02-01,185,183,46,10,424,23530,6259
43340,"Shreveport-Bossier City, LA",2025-03-01,187,210,60,17,474,24004,6446
43340,"Shreveport-Bossier City, LA",2025-04-01,198,280,62,10,550,24554,6644
43340,"Shreveport-Bossier City, LA",2025-05-01,217,278,94,13,602,25156,6861
43340,"Shreveport-Bossier City, LA",2025-06-01,243,238,69,12,562,25718,7104
43340,"Shreveport-Bossier City, LA",2025-07-01,207,233,69,2,511,26229,7311
43340,"Shreveport-Bossier City, LA",2025-08-01,162,226,64,8,460,26689,7473
43340,"Shreveport-Bossier City, LA",2025-09-01,4,6,0,0,10,26699,7477
39820,"Redding, CA",2019-01-01,2,51,9,2,64,64,2
39820,"Redding, CA",2019-02-01,2,44,6,0,52,116,4
39820,"Redding, CA",2019-03-01,1,62,13,3,79,195,5
39820,"Redding, CA",2019-04-01,5,40,11,1,57,252,10
39820,"Redding, CA",2019-05-01,1,37,6,0,44,296,11
39820,"Redding, CA",2019-06-01,2,43,6,3,54,350,13
39820,"Redding, CA",2019-07-01,4,36,7,1,48,398,17
39820,"Redding, CA",2019-08-01,6,43,5,1,55,453,23
39820,"Redding, CA",2019-09-01,12,58,11,2,83,536,35
39820,"Redding, CA",2019-10-01,7,40,11,0,58,594,42
39820,"Redding, CA",2019-11-01,8,30,3,0,41,635,50
39820,"Redding, CA",2019-12-01,3,25,5,0,33,668,53
39820,"Redding, CA",2020-01-01,4,46,7,3,60,728,57
39820,"Redding, CA",2020-02-01,7,30,8,0,45,773,64
39820,"Redding, CA",2020-03-01,8,46,15,0,69,842,72
39820,"Redding, CA",2020-04-01,30,81,25,3,139,981,102
39820,"Redding, CA",2020-05-01,30,107,21,3,161,1142,132
39820,"Redding, CA",2020-06-01,36,110,19,2,167,1309,168
39820,"Redding, CA",2020-07-01,47,121,30,5,203,1512,215
39820,"Redding, CA",2020-08-01,40,141,21,3,205,1717,255
39820,"Redding, CA",2020-09-01,53,115,30,2,200,1917,308
39820,"Redding, CA",2020-10-01,43,132,29,1,205,2122,351
39820,"Redding, CA",2020-11-01,54,116,32,3,205,2327,405
39820,"Redding, CA",2020-12-01,27,52,18,0,97,2424,432
39820,"Redding, CA",2021-01-01,37,98,24,3,162,2586,469
39820,"Redding, CA",2021-02-01,23,59,8,2,92,2678,492
39820,"Redding, CA",2021-03-01,41,75,31,5,152,2830,533
39820,"Redding, CA",2021-04-01,34,86,17,5,142,2972,567
39820,"Redding, CA",2021-05-01,34,60,11,2,107,3079,601
39820,"Redding, CA",2021-06-01,22,63,11,2,98,3177,623
39820,"Redding, CA",2021-07-01,22,62,14,1,99,3276,645
39820,"Redding, CA",2021-08-01,28,83,27,2,140,3416,673
39820,"Redding, CA",2021-09-01,36,139,43,8,226,3642,709
39820,"Redding, CA",2021-10-01,15,64,21,4,104,3746,724
39820,"Redding, CA",2021-11-01,12,54,20,1,87,3833,736
39820,"Redding, CA",2021-12-01,23,58,26,0,107,3940,759
39820,"Redding, CA",2022-01-01,63,116,30,7,216,4156,822
39820,"Redding, CA",2022-02-01,28,47,16,3,94,4250,850
39820,"Redding, CA",2022-03-01,12,45,9,1,67,4317,862
39820,"Redding, CA",2022-04-01,8,37,10,2,57,4374,870
39820,"Redding, CA",2022-05-01,12,42,11,2,67,4441,882
39820,"Redding, CA",2022-06-01,24,38,5,1,68,4509,906
39820,"Redding, CA",2022-07-01,10,35,9,2,56,4565,916
39820,"Redding, CA",2022-08-01,88,140,46,5,279,4844,1004
39820,"Redding, CA",2022-09-01,56,100,41,11,208,5052,1060
39820,"Redding, CA",2022-10-01,22,60,26,1,109,5161,1082
39820,"Redding, CA",2022-11-01,47,81,26,2,156,5317,1129
39820,"Redding, CA",2022-12-01,30,77,21,4,132,5449,1159
39820,"Redding, CA",2023-01-01,34,65,15,2,116,5565,1193
39820,"Redding, CA",2023-02-01,25,50,20,0,95,5660,1218
39820,"Redding, CA",2023-03-01,37,81,23,2,143,5803,1255
39820,"Redding, CA",2023-04-01,16,43,8,1,68,5871,1271
39820,"Redding, CA",2023-05-01,14,48,14,1,77,5948,1285
39820,"Redding, CA",2023-06-01,14,26,5,3,48,5996,1299
39820,"Redding, CA",2023-07-01,13,28,16,1,58,6054,1312
39820,"Redding, CA",2023-08-01,12,44,10,2,68,6122,1324
39820,"Redding, CA",2023-09-01,12,35,11,5,63,6185,1336
39820,"Redding, CA",2023-10-01,8,39,9,4,60,6245,1344
39820,"Redding, CA",2023-11-01,20,35,11,2,68,6313,1364
39820,"Redding, CA",2023-12-01,22,58,20,1,101,6414,1386
39820,"Redding, CA",2024-01-01,24,57,22,2,105,6519,1410
39820,"Redding, CA",2024-02-01,21,37,18,5,81,6600,1431
39820,"Redding, CA",2024-03-01,19,40,16,1,76,6676,1450
39820,"Redding, CA",2024-04-01,14,30,17,1,62,6738,1464
39820,"Redding, CA",2024-05-01,12,52,16,3,83,6821,1476
39820,"Redding, CA",2024-06-01,6,44,10,3,63,6884,1482
39820,"Redding, CA",2024-07-01,10,49,22,4,85,6969,1492
39820,"Redding, CA",2024-08-01,14,50,13,3,80,7049,1506
39820,"Redding, CA",2024-09-01,10,47,19,4,80,7129,1516
39820,"Redding, CA",2024-10-01,11,41,10,1,63,7192,1527
39820,"Redding, CA",2024-11-01,18,32,9,3,62,7254,1545
39820,"Redding, CA",2024-12-01,11,36,19,0,66,7320,1556
39820,"Redding, CA",2025-01-01,11,29,4,0,44,7364,1567
39820,"Redding, CA",2025-02-01,13,22,8,1,44,7408,1580
39820,"Redding, CA",2025-03-01,15,27,9,0,51,7459,1595
39820,"Redding, CA",2025-04-01,9,24,4,0,37,7496,1604
39820,"Redding, CA",2025-05-01,12,19,6,1,38,7534,1616
39820,"Redding, CA",2025-06-01,11,20,4,0,35,7569,1627
39820,"Redding, CA",2025-07-01,3,24,5,0,32,7601,1630
39820,"Redding, CA",2025-08-01,7,17,2,0,26,7627,1637
39820,"Redding, CA",2025-09-01,0,1,0,0,1,7628,1637
34300,"Mountain Home, ID",2019-01-01,0,3,0,1,4,4,0
34300,"Mountain Home, ID",2019-03-01,0,1,1,0,2,6,0
34300,"Mountain Home, ID",2019-04-01,0,3,0,0,3,9,0
34300,"Mountain Home, ID",2019-05-01,0,2,0,0,2,11,0
34300,"Mountain Home, ID",2019-06-01,0,5,0,0,5,16,0
34300,"Mountain Home, ID",2019-07-01,0,2,1,0,3,19,0
34300,"Mountain Home, ID",2019-08-01,1,0,0,0,1,20,1
34300,"Mountain Home, ID",2019-09-01,1,4,0,0,5,25,2
34300,"Mountain Home, ID",2019-10-01,1,0,0,0,1,26,3
34300,"Mountain Home, ID",2019-11-01,2,2,2,0,6,32,5
34300,"Mountain Home, ID",2019-12-01,1,2,0,0,3,35,6
34300,"Mountain Home, ID",2020-01-01,0,1,1,0,2,37,6
34300,"Mountain Home, ID",2020-02-01,0,4,1,0,5,42,6
34300,"Mountain Home, ID",2020-03-01,0,2,0,0,2,44,6
34300,"Mountain Home, ID",2020-04-01,0,7,1,0,8,52,6
34300,"Mountain Home, ID",2020-05-01,0,1,0,0,1,53,6
34300,"Mountain Home, ID",2020-06-01,1,3,0,0,4,57,7
34300,"Mountain Home, ID",2020-07-01,4,6,2,0,12,69,11
34300,"Mountain Home, ID",2020-08-01,1,9,1,1,12,81,12
34300,"Mountain Home, ID",2020-09-01,3,6,1,0,10,91,15
34300,"Mountain Home, ID",2020-10-01,2,16,1,1,20,111,17
34300,"Mountain Home, ID",2020-11-01,5,19,5,0,29,140,22
34300,"Mountain Home, ID",2020-12-01,5,14,5,0,24,164,27
34300,"Mountain Home, ID",2021-01-01,2,19,2,0,23,187,29
34300,"Mountain Home, ID",2021-02-01,4,15,3,0,22,209,33
34300,"Mountain Home, ID",2021-03-01,5,10,1,1,17,226,38
34300,"Mountain Home, ID",2021-04-01,5,21,4,1,31,257,43
34300,"Mountain Home, ID",2021-05-01,5,28,6,0,39,296,48
34300,"Mountain Home, ID",2021-06-01,2,13,6,0,21,317,50
34300,"Mountain Home, ID",2021-07-01,8,25,2,0,35,352,58
34300,"Mountain Home, ID",2021-08-01,7,19,6,0,32,384,65
34300,"Mountain Home, ID",2021-09-01,5,26,7,0,38,422,70
34300,"Mountain Home, ID",2021-10-01,2,32,3,1,38,460,72
34300,"Mountain Home, ID",2021-11-01,2,14,7,1,24,484,74
34300,"Mountain Home, ID",2021-12-01,6,18,3,0,27,511,80
34300,"Mountain Home, ID",2022-01-01,13,31,9,2,55,566,93
34300,"Mountain Home, ID",2022-02-01,5,15,6,0,26,592,98
34300,"Mountain Home, ID",2022-03-01,6,23,6,0,35,627,104
34300,"Mountain Home, ID",2022-04-01,2,16,4,0,22,649,106
34300,"Mountain Home, ID",2022-05-01,6,16,2,0,24,673,112
34300,"Mountain Home, ID",2022-06-01,5,18,3,0,26,699,117
34300,"Mountain Home, ID",2022-07-01,4,17,3,0,24,723,121
34300,"Mountain Home, ID",2022-08-01,5,11,5,1,22,745,126
34300,"Mountain Home, ID",2022-09-01,5,14,3,1,23,768,131
34300,"Mountain Home, ID",2022-10-01,3,20,2,0,25,793,134
34300,"Mountain Home, ID",2022-11-01,6,7,4,0,17,810,140
34300,"Mountain Home, ID",2022-12-01,4,9,7,0,20,830,144
34300,"Mountain Home, ID",2023-01-01,8,10,3,0,21,851,152
34300,"Mountain Home, ID",2023-02-01,5,7,1,0,13,864,157
34300,"Mountain Home, ID",2023-03-01,6,14,2,0,22,886,163
34300,"Mountain Home, ID",2023-04-01,4,11,4,1,20,906,167
34300,"Mountain Home, ID",2023-05-01,3,7,2,1,13,919,170
34300,"Mountain Home, ID",2023-06-01,5,15,4,0,24,943,175
34300,"Mountain Home, ID",2023-07-01,4,11,0,0,15,958,179
34300,"Mountain Home, ID",2023-08-01,4,4,2,0,10,968,183
34300,"Mountain Home, ID",2023-09-01,4,8,1,0,13,981,187
34300,"Mountain Home, ID",2023-10-01,7,23,7,0,37,1018,194
34300,"Mountain Home, ID",2023-11-01,5,15,3,0,23,1041,199
34300,"Mountain Home, ID",2023-12-01,11,10,0,0,21,1062,210
34300,"Mountain Home, ID",2024-01-01,10,14,5,1,30,1092,220
34300,"Mountain Home, ID",2024-02-01,9,10,6,0,25,1117,229
34300,"Mountain Home, ID",2024-03-01,9,13,6,0,28,1145,238
34300,"Mountain Home, ID",2024-04-01,10,7,3,1,21,1166,248
34300,"Mountain Home, ID",2024-05-01,5,10,1,1,17,1183,253
34300,"Mountain Home, ID",2024-06-01,6,9,3,0,18,1201,259
34300,"Mountain Home, ID",2024-07-01,2,6,2,0,10,1211,261
34300,"Mountain Home, ID",2024-08-01,4,7,0,0,11,1222,265
34300,"Mountain Home, ID",2024-09-01,4,7,0,0,11,1233,269
34300,"Mountain Home, ID",2024-10-01,5,7,4,0,16,1249,274
34300,"Mountain Home, ID",2024-11-01,2,8,3,0,13,1262,276
34300,"Mountain Home, ID",2024-12-01,4,11,4,0,19,1281,280
34300,"Mountain Home, ID",2025-01-01,6,14,3,1,24,1305,286
34300,"Mountain Home, ID",2025-02-01,4,8,0,0,12,1317,290
34300,"Mountain Home, ID",2025-03-01,6,5,3,0,14,1331,296
34300,"Mountain Home, ID",2025-04-01,7,8,5,0,20,1351,303
34300,"Mountain Home, ID",2025-05-01,8,12,4,0,24,1375,311
34300,"Mountain Home, ID",2025-06-01,8,13,3,1,25,1400,319
34300,"Mountain Home, ID",2025-07-01,10,12,2,0,24,1424,329
34300,"Mountain Home, ID",2025-08-01,8,13,3,0,24,1448,337
34300,"Mountain Home, ID",2025-09-01,0,1,0,0,1,1449,337
36837,"Ottawa, IL",2019-01-01,0,1,0,0,1,1,0
36837,"Ottawa, IL",2019-02-01,0,1,0,0,1,2,0
36837,"Ottawa, IL",2019-03-01,0,3,0,0,3,5,0
36837,"Ottawa, IL",2019-04-01,0,2,1,0,3,8,0
36837,"Ottawa, IL",2019-05-01,0,1,1,0,2,10,0
36837,"Ottawa, IL",2019-06-01,0,4,1,0,5,15,0
36837,"Ottawa, IL",2019-07-01,0,3,1,0,4,19,0
36837,"Ottawa, IL",2019-08-01,0,2,1,0,3,22,0
36837,"Ottawa, IL",2019-09-01,0,4,0,0,4,26,0
36837,"Ottawa, IL",2019-10-01,1,7,0,0,8,34,1
36837,"Ottawa, IL",2019-11-01,0,3,0,1,4,38,1
36837,"Ottawa, IL",2019-12-01,0,0,4,0,4,42,1
36837,"Ottawa, IL",2020-01-01,0,4,1,0,5,47,1
36837,"Ottawa, IL",2020-02-01,0,5,0,0,5,52,1
36837,"Ottawa, IL",2020-03-01,0,5,3,0,8,60,1
36837,"Ottawa, IL",2020-04-01,3,11,1,0,15,75,4
36837,"Ottawa, IL",2020-05-01,1,5,1,0,7,82,5
36837,"Ottawa, IL",2020-06-01,1,4,3,0,8,90,6
36837,"Ottawa, IL",2020-07-01,4,11,1,0,16,106,10
36837,"Ottawa, IL",2020-08-01,4,16,3,0,23,129,14
36837,"Ottawa, IL",2020-09-01,3,9,2,0,14,143,17
36837,"Ottawa, IL",2020-10-01,4,24,4,1,33,176,21
36837,"Ottawa, IL",2020-11-01,2,24,5,0,31,207,23
36837,"Ottawa, IL",2020-12-01,7,22,5,1,35,242,30
36837,"Ottawa, IL",2021-01-01,13,25,9,0,47,289,43
36837,"Ottawa, IL",2021-02-01,8,12,3,0,23,312,51
36837,"Ottawa, IL",2021-03-01,8,22,8,0,38,350,59
36837,"Ottawa, IL",2021-04-01,20,22,8,0,50,400,79
36837,"Ottawa, IL",2021-05-01,8,32,5,0,45,445,87
36837,"Ottawa, IL",2021-06-01,10,14,3,0,27,472,97
36837,"Ottawa, IL",2021-07-01,12,26,10,0,48,520,109
36837,"Ottawa, IL",2021-08-01,9,37,13,0,59,579,118
36837,"Ottawa, IL",2021-09-01,9,27,6,0,42,621,127
36837,"Ottawa, IL",2021-10-01,11,34,14,0,59,680,138
36837,"Ottawa, IL",2021-11-01,10,40,9,2,61,741,148
36837,"Ottawa, IL",2021-12-01,24,26,8,0,58,799,172
36837,"Ottawa, IL",2022-01-01,11,41,4,0,56,855,183
36837,"Ottawa, IL",2022-02-01,14,33,5,1,53,908,197
36837,"Ottawa, IL",2022-03-01,14,33,7,1,55,963,211
36837,"Ottawa, IL",2022-04-01,12,26,6,0,44,1007,223
36837,"Ottawa, IL",2022-05-01,10,24,6,1,41,1048,233
36837,"Ottawa, IL",2022-06-01,4,13,1,0,18,1066,237
36837,"Ottawa, IL",2022-07-01,8,26,13,2,49,1115,245
36837,"Ottawa, IL",2022-08-01,14,12,10,3,39,1154,259
36837,"Ottawa, IL",2022-09-01,7,18,6,0,31,1185,266
36837,"Ottawa, IL",2022-10-01,7,17,9,0,33,1218,273
36837,"Ottawa, IL",2022-11-01,9,24,3,2,38,1256,282
36837,"Ottawa, IL",2022-12-01,6,20,5,2,33,1289,288
36837,"Ottawa, IL",2023-01-01,12,19,6,0,37,1326,300
36837,"Ottawa, IL",2023-02-01,9,33,4,1,47,1373,309
36837,"Ottawa, IL",2023-03-01,12,25,7,1,45,1418,321
36837,"Ottawa, IL",2023-04-01,4,23,8,2,37,1455,325
36837,"Ottawa, IL",2023-05-01,8,14,3,0,25,1480,333
36837,"Ottawa, IL",2023-06-01,9,23,5,0,37,1517,342
36837,"Ottawa, IL",2023-07-01,7,16,7,0,30,1547,349
36837,"Ottawa, IL",2023-08-01,1,10,2,0,13,1560,350
36837,"Ottawa, IL",2023-09-01,3,12,5,0,20,1580,353
36837,"Ottawa, IL",2023-10-01,9,13,5,0,27,1607,362
36837,"Ottawa, IL",2023-11-01,10,13,6,0,29,1636,372
36837,"Ottawa, IL",2023-12-01,9,21,8,0,38,1674,381
36837,"Ottawa, IL",2024-01-01,9,21,7,2,39,1713,390
36837,"Ottawa, IL",2024-02-01,20,8,8,0,36,1749,410
36837,"Ottawa, IL",2024-03-01,13,18,9,1,41,1790,423
36837,"Ottawa, IL",2024-04-01,13,9,5,3,30,1820,436
36837,"Ottawa, IL",2024-05-01,8,13,7,0,28,1848,444
36837,"Ottawa, IL",2024-06-01,7,13,1,0,21,1869,451
36837,"Ottawa, IL",2024-07-01,2,3,0,0,5,1874,453
36837,"Ottawa, IL",2024-08-01,2,6,1,0,9,1883,455
36837,"Ottawa, IL",2024-09-01,7,13,6,0,26,1909,462
36837,"Ottawa, IL",2024-10-01,11,20,3,1,35,1944,473
36837,"Ottawa, IL",2024-11-01,9,16,2,0,27,1971,482
36837,"Ottawa, IL",2024-12-01,12,31,6,1,50,2021,494
36837,"Ottawa, IL",2025-01-01,20,30,13,1,64,2085,514
36837,"Ottawa, IL",2025-02-01,22,25,3,0,50,2135,536
36837,"Ottawa, IL",2025-03-01,17,31,7,1,56,2191,553
36837,"Ottawa, IL",2025-04-01,8,20,5,1,34,2225,561
36837,"Ottawa, IL",2025-05-01,19,20,4,1,44,2269,580
36837,"Ottawa, IL",2025-06-01,10,23,6,2,41,2310,590
36837,"Ottawa, IL",2025-07-01,8,20,3,0,31,2341,598
36837,"Ottawa, IL",2025-08-01,9,12,5,1,27,2368,607
14580,"Bozeman, MT",2019-01-01,2,46,19,1,68,68,2
14580,"Bozeman, MT",2019-02-01,3,42,7,2,54,122,5
14580,"Bozeman, MT",2019-03-01,5,48,16,1,70,192,10
14580,"Bozeman, MT",2019-04-01,7,62,25,1,95,287,17
14580,"Bozeman, MT",2019-05-01,6,67,14,1,88,375,23
14580,"Bozeman, MT",2019-06-01,4,45,7,2,58,433,27
14580,"Bozeman, MT",2019-07-01,7,50,11,2,70,503,34
14580,"Bozeman, MT",2019-08-01,4,54,12,0,70,573,38
14580,"Bozeman, MT",2019-09-01,8,61,9,1,79,652,46
14580,"Bozeman, MT",2019-10-01,9,58,6,1,74,726,55
14580,"Bozeman, MT",2019-11-01,11,54,9,2,76,802,66
14580,"Bozeman, MT",2019-12-01,8,66,15,2,91,893,74
14580,"Bozeman, MT",2020-01-01,15,83,15,1,114,1007,89
14580,"Bozeman, MT",2020-02-01,24,66,16,1,107,1114,113
14580,"Bozeman, MT",2020-03-01,22,132,19,2,175,1289,135
14580,"Bozeman, MT",2020-04-01,66,252,58,7,383,1672,201
14580,"Bozeman, MT",2020-05-01,133,214,36,7,390,2062,334
14580,"Bozeman, MT",2020-06-01,117,170,35,4,326,2388,451
14580,"Bozeman, MT",2020-07-01,111,208,35,0,354,2742,562
14580,"Bozeman, MT",2020-08-01,104,263,48,5,420,3162,666
14580,"Bozeman, MT",2020-09-01,102,222,34,4,362,3524,768
14580,"Bozeman, MT",2020-10-01,104,204,32,3,343,3867,872
14580,"Bozeman, MT",2020-11-01,63,153,18,1,235,4102,935
14580,"Bozeman, MT",2020-12-01,76,223,42,2,343,4445,1011
14580,"Bozeman, MT",2021-01-01,125,267,45,6,443,4888,1136
14580,"Bozeman, MT",2021-02-01,74,173,26,3,276,5164,1210
14580,"Bozeman, MT",2021-03-01,142,250,49,5,446,5610,1352
14580,"Bozeman, MT",2021-04-01,126,209,52,3,390,6000,1478
14580,"Bozeman, MT",2021-05-01,62,141,22,0,225,6225,1540
14580,"Bozeman, MT",2021-06-01,85,206,33,6,330,6555,1625
14580,"Bozeman, MT",2021-07-01,100,189,25,4,318,6873,1725
14580,"Bozeman, MT",2021-08-01,84,217,43,8,352,7225,1809
14580,"Bozeman, MT",2021-09-01,92,192,43,7,334,7559,1901
14580,"Bozeman, MT",2021-10-01,52,99,15,0,166,7725,1953
14580,"Bozeman, MT",2021-11-01,56,110,22,3,191,7916,2009
14580,"Bozeman, MT",2021-12-01,108,180,55,3,346,8262,2117
14580,"Bozeman, MT",2022-01-01,162,266,59,6,493,8755,2279
14580,"Bozeman, MT",2022-02-01,117,143,37,3,300,9055,2396
14580,"Bozeman, MT",2022-03-01,107,143,31,4,285,9340,2503
14580,"Bozeman, MT",2022-04-01,89,159,37,2,287,9627,2592
14580,"Bozeman, MT",2022-05-01,93,135,37,2,267,9894,2685
14580,"Bozeman, MT",2022-06-01,98,166,25,5,294,10188,2783
14580,"Bozeman, MT",2022-07-01,74,104,27,0,205,10393,2857
14580,"Bozeman, MT",2022-08-01,114,165,29,1,309,10702,2971
14580,"Bozeman, MT",2022-09-01,99,156,32,2,289,10991,3070
14580,"Bozeman, MT",2022-10-01,122,158,35,3,318,11309,3192
14580,"Bozeman, MT",2022-11-01,130,224,47,5,406,11715,3322
14580,"Bozeman, MT",2022-12-01,128,151,33,3,315,12030,3450
14580,"Bozeman, MT",2023-01-01,150,171,38,6,365,12395,3600
14580,"Bozeman, MT",2023-02-01,127,144,37,3,311,12706,3727
14580,"Bozeman, MT",2023-03-01,149,169,52,6,376,13082,3876
14580,"Bozeman, MT",2023-04-01,101,130,29,5,265,13347,3977
14580,"Bozeman, MT",2023-05-01,82,79,20,3,184,13531,4059
14580,"Bozeman, MT",2023-06-01,68,74,13,1,156,13687,4127
14580,"Bozeman, MT",2023-07-01,64,83,18,3,168,13855,4191
14580,"Bozeman, MT",2023-08-01,60,47,10,2,119,13974,4251
14580,"Bozeman, MT",2023-09-01,115,77,11,0,203,14177,4366
14580,"Bozeman, MT",2023-10-01,83,75,18,2,178,14355,4449
14580,"Bozeman, MT",2023-11-01,80,83,15,3,181,14536,4529
14580,"Bozeman, MT",2023-12-01,55,52,13,1,121,14657,4584
14580,"Bozeman, MT",2024-01-01,100,81,20,1,202,14859,4684
14580,"Bozeman, MT",2024-02-01,71,52,18,0,141,15000,4755
14580,"Bozeman, MT",2024-03-01,72,71,15,1,159,15159,4827
14580,"Bozeman, MT",2024-04-01,53,65,12,1,131,15290,4880
14580,"Bozeman, MT",2024-05-01,55,74,16,3,148,15438,4935
14580,"Bozeman, MT",2024-06-01,35,49,17,3,104,15542,4970
14580,"Bozeman, MT",2024-07-01,30,59,13,3,105,15647,5000
14580,"Bozeman, MT",2024-08-01,48,60,24,6,138,15785,5048
14580,"Bozeman, MT",2024-09-01,52,69,24,4,149,15934,5100
14580,"Bozeman, MT",2024-10-01,59,71,22,4,156,16090,5159
14580,"Bozeman, MT",2024-11-01,68,66,28,6,168,16258,5227
14580,"Bozeman, MT",2024-12-01,53,67,18,1,139,16397,5280
14580,"Bozeman, MT",2025-01-01,80,61,9,1,151,16548,5360
14580,"Bozeman, MT",2025-02-01,70,44,12,4,130,16678,5430
14580,"Bozeman, MT",2025-03-01,67,66,24,2,159,16837,5497
14580,"Bozeman, MT",2025-04-01,51,45,25,1,122,16959,5548
14580,"Bozeman, MT",2025-05-01,63,48,5,0,116,17075,5611
14580,"Bozeman, MT",2025-06-01,47,39,7,0,93,17168,5658
14580,"Bozeman, MT",2025-07-01,45,41,11,0,97,17265,5703
14580,"Bozeman, MT",2025-08-01,46,35,10,3,94,17359,5749
14580,"Bozeman, MT",2025-09-01,1,1,0,0,2,17361,5750
17260,"Clarksdale, MS",2019-05-01,0,1,0,0,1,1,0
17260,"Clarksdale, MS",2019-06-01,0,1,0,0,1,2,0
17260,"Clarksdale, MS",2019-07-01,0,2,0,0,2,4,0
17260,"Clarksdale, MS",2019-09-01,0,1,1,0,2,6,0
17260,"Clarksdale, MS",2019-11-01,0,1,0,0,1,7,0
17260,"Clarksdale, MS",2019-12-01,0,2,0,0,2,9,0
17260,"Clarksdale, MS",2020-01-01,0,1,0,0,1,10,0
17260,"Clarksdale, MS",2020-02-01,0,0,1,0,1,11,0
17260,"Clarksdale, MS",2020-03-01,0,3,0,0,3,14,0
17260,"Clarksdale, MS",2020-04-01,0,1,0,0,1,15,0
17260,"Clarksdale, MS",2020-05-01,2,3,0,1,6,21,2
17260,"Clarksdale, MS",2020-06-01,0,4,0,0,4,25,2
17260,"Clarksdale, MS",2020-07-01,1,0,2,0,3,28,3
17260,"Clarksdale, MS",2020-08-01,0,3,0,0,3,31,3
17260,"Clarksdale, MS",2020-09-01,0,4,0,0,4,35,3
17260,"Clarksdale, MS",2020-10-01,0,1,0,0,1,36,3
17260,"Clarksdale, MS",2020-11-01,0,1,1,0,2,38,3
17260,"Clarksdale, MS",2020-12-01,2,0,0,0,2,40,5
17260,"Clarksdale, MS",2021-01-01,2,3,2,0,7,47,7
17260,"Clarksdale, MS",2021-02-01,1,3,0,0,4,51,8
17260,"Clarksdale, MS",2021-03-01,0,8,2,0,10,61,8
17260,"Clarksdale, MS",2021-04-01,10,34,5,0,49,110,18
17260,"Clarksdale, MS",2021-05-01,8,20,4,0,32,142,26
17260,"Clarksdale, MS",2021-06-01,5,12,2,0,19,161,31
17260,"Clarksdale, MS",2021-07-01,5,16,4,0,25,186,36
17260,"Clarksdale, MS",2021-08-01,1,14,1,0,16,202,37
17260,"Clarksdale, MS",2021-09-01,6,11,1,0,18,220,43
17260,"Clarksdale, MS",2021-10-01,5,7,1,0,13,233,48
17260,"Clarksdale, MS",2021-11-01,3,4,1,0,8,241,51
17260,"Clarksdale, MS",2021-12-01,3,15,3,0,21,262,54
17260,"Clarksdale, MS",2022-01-01,5,11,1,1,18,280,59
17260,"Clarksdale, MS",2022-02-01,2,14,6,0,22,302,61
17260,"Clarksdale, MS",2022-03-01,10,9,2,0,21,323,71
17260,"Clarksdale, MS",2022-04-01,8,11,2,0,21,344,79
17260,"Clarksdale, MS",2022-05-01,3,14,6,0,23,367,82
17260,"Clarksdale, MS",2022-06-01,4,13,0,0,17,384,86
17260,"Clarksdale, MS",2022-07-01,2,10,5,0,17,401,88
17260,"Clarksdale, MS",2022-08-01,4,10,3,0,17,418,92
17260,"Clarksdale, MS",2022-09-01,2,14,2,0,18,436,94
17260,"Clarksdale, MS",2022-10-01,2,9,1,0,12,448,96
17260,"Clarksdale, MS",2022-11-01,6,5,2,0,13,461,102
17260,"Clarksdale, MS",2022-12-01,7,6,1,0,14,475,109
17260,"Clarksdale, MS",2023-01-01,7,7,2,0,16,491,116
17260,"Clarksdale, MS",2023-02-01,6,9,2,0,17,508,122
17260,"Clarksdale, MS",2023-03-01,9,10,5,0,24,532,131
17260,"Clarksdale, MS",2023-04-01,5,15,2,0,22,554,136
17260,"Clarksdale, MS",2023-05-01,9,11,1,0,21,575,145
17260,"Clarksdale, MS",2023-06-01,11,14,1,0,26,601,156
17260,"Clarksdale, MS",2023-07-01,10,11,2,0,23,624,166
17260,"Clarksdale, MS",2023-08-01,11,14,2,0,27,651,177
17260,"Clarksdale, MS",2023-09-01,7,9,1,0,17,668,184
17260,"Clarksdale, MS",2023-10-01,7,8,1,1,17,685,191
17260,"Clarksdale, MS",2023-11-01,6,6,3,0,15,700,197
17260,"Clarksdale, MS",2023-12-01,11,8,3,1,23,723,208
17260,"Clarksdale, MS",2024-01-01,10,7,5,0,22,745,218
17260,"Clarksdale, MS",2024-02-01,4,10,1,0,15,760,222
17260,"Clarksdale, MS",2024-03-01,10,13,6,0,29,789,232
17260,"Clarksdale, MS",2024-04-01,13,14,2,0,29,818,245
17260,"Clarksdale, MS",2024-05-01,4,22,4,0,30,848,249
17260,"Clarksdale, MS",2024-06-01,9,12,2,0,23,871,258
17260,"Clarksdale, MS",2024-07-01,1,8,0,0,9,880,259
17260,"Clarksdale, MS",2024-08-01,6,8,2,0,16,896,265
17260,"Clarksdale, MS",2024-09-01,8,8,5,1,22,918,273
17260,"Clarksdale, MS",2024-10-01,5,10,4,0,19,937,278
17260,"Clarksdale, MS",2024-11-01,10,9,5,1,25,962,288
17260,"Clarksdale, MS",2024-12-01,9,10,4,0,23,985,297
17260,"Clarksdale, MS",2025-01-01,6,9,2,0,17,1002,303
17260,"Clarksdale, MS",2025-02-01,2,7,2,0,11,1013,305
17260,"Clarksdale, MS",2025-03-01,13,6,1,1,21,1034,318
17260,"Clarksdale, MS",2025-04-01,5,15,2,0,22,1056,323
17260,"Clarksdale, MS",2025-05-01,16,7,0,0,23,1079,339
17260,"Clarksdale, MS",2025-06-01,1,12,4,2,19,1098,340
17260,"Clarksdale, MS",2025-07-01,8,11,5,0,24,1122,348
17260,"Clarksdale, MS",2025-08-01,3,6,1,0,10,1132,351
17260,"Clarksdale, MS",2025-09-01,0,1,0,0,1,1133,351
27940,"Juneau, AK",2019-02-01,0,1,0,0,1,1,0
27940,"Juneau, AK",2019-03-01,0,1,0,0,1,2,0
27940,"Juneau, AK",2019-04-01,0,1,0,0,1,3,0
27940,"Juneau, AK",2019-06-01,1,0,0,0,1,4,1
27940,"Juneau, AK",2019-07-01,0,3,1,0,4,8,1
27940,"Juneau, AK",2019-08-01,0,3,1,0,4,12,1
27940,"Juneau, AK",2019-09-01,1,3,0,0,4,16,2
27940,"Juneau, AK",2019-10-01,1,4,2,0,7,23,3
27940,"Juneau, AK",2019-11-01,0,3,2,0,5,28,3
27940,"Juneau, AK",2019-12-01,0,3,1,0,4,32,3
27940,"Juneau, AK",2020-01-01,1,1,2,0,4,36,4
27940,"Juneau, AK",2020-02-01,1,3,1,1,6,42,5
27940,"Juneau, AK",2020-03-01,0,3,1,0,4,46,5
27940,"Juneau, AK",2020-04-01,0,3,0,0,3,49,5
27940,"Juneau, AK",2020-05-01,0,9,1,0,10,59,5
27940,"Juneau, AK",2020-06-01,1,2,1,0,4,63,6
27940,"Juneau, AK",2020-07-01,1,3,0,0,4,67,7
27940,"Juneau, AK",2020-08-01,2,8,1,0,11,78,9
27940,"Juneau, AK",2020-09-01,1,2,1,0,4,82,10
27940,"Juneau, AK",2020-10-01,0,3,1,0,4,86,10
27940,"Juneau, AK",2020-11-01,0,3,1,0,4,90,10
27940,"Juneau, AK",2020-12-01,2,4,1,0,7,97,12
27940,"Juneau, AK",2021-01-01,0,4,0,0,4,101,12
27940,"Juneau, AK",2021-02-01,0,1,1,0,2,103,12
27940,"Juneau, AK",2021-03-01,2,6,3,0,11,114,14
27940,"Juneau, AK",2021-04-01,1,2,2,0,5,119,15
27940,"Juneau, AK",2021-05-01,1,3,1,0,5,124,16
27940,"Juneau, AK",2021-06-01,2,2,0,0,4,128,18
27940,"Juneau, AK",2021-07-01,1,1,1,0,3,131,19
27940,"Juneau, AK",2021-08-01,2,6,3,0,11,142,21
27940,"Juneau, AK",2021-09-01,0,6,3,0,9,151,21
27940,"Juneau, AK",2021-10-01,2,12,0,0,14,165,23
27940,"Juneau, AK",2021-11-01,3,8,3,0,14,179,26
27940,"Juneau, AK",2021-12-01,1,12,3,2,18,197,27
27940,"Juneau, AK",2022-01-01,9,5,4,0,18,215,36
27940,"Juneau, AK",2022-02-01,3,2,3,0,8,223,39
27940,"Juneau, AK",2022-03-01,2,3,1,0,6,229,41
27940,"Juneau, AK",2022-04-01,3,4,2,0,9,238,44
27940,"Juneau, AK",2022-05-01,2,10,3,0,15,253,46
27940,"Juneau, AK",2022-06-01,3,11,0,0,14,267,49
27940,"Juneau, AK",2022-07-01,2,8,1,0,11,278,51
27940,"Juneau, AK",2022-08-01,1,4,3,0,8,286,52
27940,"Juneau, AK",2022-09-01,1,5,0,0,6,292,53
27940,"Juneau, AK",2022-10-01,3,8,1,0,12,304,56
27940,"Juneau, AK",2022-11-01,1,11,3,0,15,319,57
27940,"Juneau, AK",2022-12-01,2,6,1,0,9,328,59
27940,"Juneau, AK",2023-01-01,2,9,0,1,12,340,61
27940,"Juneau, AK",2023-02-01,3,7,1,0,11,351,64
27940,"Juneau, AK",2023-03-01,6,4,0,1,11,362,70
27940,"Juneau, AK",2023-04-01,1,4,2,0,7,369,71
27940,"Juneau, AK",2023-05-01,4,8,2,0,14,383,75
27940,"Juneau, AK",2023-06-01,7,6,3,1,17,400,82
27940,"Juneau, AK",2023-07-01,2,2,1,0,5,405,84
27940,"Juneau, AK",2023-08-01,4,1,1,0,6,411,88
27940,"Juneau, AK",2023-09-01,1,1,1,0,3,414,89
27940,"Juneau, AK",2023-10-01,1,7,0,0,8,422,90
27940,"Juneau, AK",2023-11-01,6,8,2,0,16,438,96
27940,"Juneau, AK",2023-12-01,5,5,3,1,14,452,101
27940,"Juneau, AK",2024-01-01,4,4,0,0,8,460,105
27940,"Juneau, AK",2024-02-01,5,5,3,1,14,474,110
27940,"Juneau, AK",2024-03-01,6,4,3,1,14,488,116
27940,"Juneau, AK",2024-04-01,3,5,0,0,8,496,119
27940,"Juneau, AK",2024-05-01,3,3,0,1,7,503,122
27940,"Juneau, AK",2024-06-01,1,5,2,0,8,511,123
27940,"Juneau, AK",2024-07-01,2,3,0,0,5,516,125
27940,"Juneau, AK",2024-08-01,7,6,2,0,15,531,132
27940,"Juneau, AK",2024-09-01,7,5,1,0,13,544,139
27940,"Juneau, AK",2024-10-01,3,4,3,0,10,554,142
27940,"Juneau, AK",2024-11-01,3,9,2,0,14,568,145
27940,"Juneau, AK",2024-12-01,5,5,4,0,14,582,150
27940,"Juneau, AK",2025-01-01,12,9,2,1,24,606,162
27940,"Juneau, AK",2025-02-01,11,6,3,0,20,626,173
27940,"Juneau, AK",2025-03-01,4,6,3,0,13,639,177
27940,"Juneau, AK",2025-04-01,7,4,0,0,11,650,184
27940,"Juneau, AK",2025-05-01,4,3,1,0,8,658,188
27940,"Juneau, AK",2025-06-01,2,6,2,1,11,669,190
27940,"Juneau, AK",2025-07-01,9,5,1,0,15,684,199
27940,"Juneau, AK",2025-08-01,1,1,2,0,4,688,200
27940,"Juneau, AK",2025-09-01,1,0,0,0,1,689,201
16380,"Celina, OH",2019-02-01,0,1,0,0,1,1,0
16380,"Celina, OH",2019-03-01,0,3,2,0,5,6,0
16380,"Celina, OH",2019-04-01,1,4,0,0,5,11,1
16380,"Celina, OH",2019-05-01,0,4,1,0,5,16,1
16380,"Celina, OH",2019-06-01,0,1,0,1,2,18,1
16380,"Celina, OH",2019-07-01,2,15,1,0,18,36,3
16380,"Celina, OH",2019-08-01,0,6,1,0,7,43,3
16380,"Celina, OH",2019-09-01,1,9,2,0,12,55,4
16380,"Celina, OH",2019-10-01,0,8,3,0,11,66,4
16380,"Celina, OH",2019-11-01,2,7,1,1,11,77,6
16380,"Celina, OH",2019-12-01,0,4,1,0,5,82,6
16380,"Celina, OH",2020-01-01,1,6,3,1,11,93,7
16380,"Celina, OH",2020-02-01,3,6,4,0,13,106,10
16380,"Celina, OH",2020-03-01,3,12,3,0,18,124,13
16380,"Celina, OH",2020-04-01,6,9,5,0,20,144,19
16380,"Celina, OH",2020-05-01,8,18,1,1,28,172,27
16380,"Celina, OH",2020-06-01,4,13,2,0,19,191,31
16380,"Celina, OH",2020-07-01,4,14,0,1,19,210,35
16380,"Celina, OH",2020-08-01,1,5,5,0,11,221,36
16380,"Celina, OH",2020-09-01,3,11,0,0,14,235,39
16380,"Celina, OH",2020-10-01,6,8,6,0,20,255,45
16380,"Celina, OH",2020-11-01,3,8,2,0,13,268,48
16380,"Celina, OH",2020-12-01,7,6,0,0,13,281,55
16380,"Celina, OH",2021-01-01,4,17,5,2,28,309,59
16380,"Celina, OH",2021-02-01,5,8,1,0,14,323,64
16380,"Celina, OH",2021-03-01,4,13,3,2,22,345,68
16380,"Celina, OH",2021-04-01,6,22,4,0,32,377,74
16380,"Celina, OH",2021-05-01,1,16,3,1,21,398,75
16380,"Celina, OH",2021-06-01,3,15,4,0,22,420,78
16380,"Celina, OH",2021-07-01,2,22,2,0,26,446,80
16380,"Celina, OH",2021-08-01,4,16,1,0,21,467,84
16380,"Celina, OH",2021-09-01,4,15,5,0,24,491,88
16380,"Celina, OH",2021-10-01,1,10,7,2,20,511,89
16380,"Celina, OH",2021-11-01,4,12,4,0,20,531,93
16380,"Celina, OH",2021-12-01,7,19,2,0,28,559,100
16380,"Celina, OH",2022-01-01,9,16,5,0,30,589,109
16380,"Celina, OH",2022-02-01,3,19,5,1,28,617,112
16380,"Celina, OH",2022-03-01,2,12,4,0,18,635,114
16380,"Celina, OH",2022-04-01,6,19,7,0,32,667,120
16380,"Celina, OH",2022-05-01,9,14,4,0,27,694,129
16380,"Celina, OH",2022-06-01,3,11,5,0,19,713,132
16380,"Celina, OH",2022-07-01,8,9,3,0,20,733,140
16380,"Celina, OH",2022-08-01,3,12,6,0,21,754,143
16380,"Celina, OH",2022-09-01,8,10,3,0,21,775,151
16380,"Celina, OH",2022-10-01,4,10,5,0,19,794,155
16380,"Celina, OH",2022-11-01,15,13,6,0,34,828,170
16380,"Celina, OH",2022-12-01,7,4,5,0,16,844,177
16380,"Celina, OH",2023-01-01,7,12,7,0,26,870,184
16380,"Celina, OH",2023-02-01,1,11,2,1,15,885,185
16380,"Celina, OH",2023-03-01,9,16,8,0,33,918,194
16380,"Celina, OH",2023-04-01,10,7,3,0,20,938,204
16380,"Celina, OH",2023-05-01,9,20,6,0,35,973,213
16380,"Celina, OH",2023-06-01,11,12,5,0,28,1001,224
16380,"Celina, OH",2023-07-01,14,15,4,0,33,1034,238
16380,"Celina, OH",2023-08-01,10,11,4,0,25,1059,248
16380,"Celina, OH",2023-09-01,4,11,3,0,18,1077,252
16380,"Celina, OH",2023-10-01,14,12,4,0,30,1107,266
16380,"Celina, OH",2023-11-01,9,19,4,1,33,1140,275
16380,"Celina, OH",2023-12-01,11,21,4,0,36,1176,286
16380,"Celina, OH",2024-01-01,13,14,6,0,33,1209,299
16380,"Celina, OH",2024-02-01,10,12,7,0,29,1238,309
16380,"Celina, OH",2024-03-01,7,15,3,0,25,1263,316
16380,"Celina, OH",2024-04-01,5,10,4,0,19,1282,321
16380,"Celina, OH",2024-05-01,10,10,6,1,27,1309,331
16380,"Celina, OH",2024-06-01,3,6,1,0,10,1319,334
16380,"Celina, OH",2024-07-01,11,15,8,0,34,1353,345
16380,"Celina, OH",2024-08-01,9,15,2,0,26,1379,354
16380,"Celina, OH",2024-09-01,12,27,5,0,44,1423,366
16380,"Celina, OH",2024-10-01,10,21,5,0,36,1459,376
16380,"Celina, OH",2024-11-01,20,15,7,0,42,1501,396
16380,"Celina, OH",2024-12-01,10,11,6,3,30,1531,406
16380,"Celina, OH",2025-01-01,21,17,1,0,39,1570,427
16380,"Celina, OH",2025-02-01,18,13,3,0,34,1604,445
16380,"Celina, OH",2025-03-01,18,14,5,2,39,1643,463
16380,"Celina, OH",2025-04-01,13,18,3,0,34,1677,476
16380,"Celina, OH",2025-05-01,15,13,5,2,35,1712,491
16380,"Celina, OH",2025-06-01,17,16,11,0,44,1756,508
16380,"Celina, OH",2025-07-01,16,21,7,0,44,1800,524
16380,"Celina, OH",2025-08-01,12,11,7,0,30,1830,536
13060,"Bay City, TX",2019-03-01,0,1,1,0,2,2,0
13060,"Bay City, TX",2019-04-01,0,2,1,0,3,5,0
13060,"Bay City, TX",2019-06-01,0,1,1,0,2,7,0
13060,"Bay City, TX",2019-07-01,0,1,0,0,1,8,0
13060,"Bay City, TX",2019-08-01,1,1,0,0,2,10,1
13060,"Bay City, TX",2019-09-01,0,5,1,0,6,16,1
13060,"Bay City, TX",2019-10-01,0,3,0,0,3,19,1
13060,"Bay City, TX",2019-11-01,0,3,0,0,3,22,1
13060,"Bay City, TX",2019-12-01,0,4,1,0,5,27,1
13060,"Bay City, TX",2020-01-01,0,3,5,0,8,35,1
13060,"Bay City, TX",2020-02-01,0,1,0,0,1,36,1
13060,"Bay City, TX",2020-03-01,0,3,2,1,6,42,1
13060,"Bay City, TX",2020-04-01,1,8,0,0,9,51,2
13060,"Bay City, TX",2020-05-01,0,2,0,0,2,53,2
13060,"Bay City, TX",2020-06-01,0,1,0,0,1,54,2
13060,"Bay City, TX",2020-07-01,0,6,0,0,6,60,2
13060,"Bay City, TX",2020-08-01,2,6,0,0,8,68,4
13060,"Bay City, TX",2020-09-01,0,2,3,0,5,73,4
13060,"Bay City, TX",2020-10-01,1,2,1,0,4,77,5
13060,"Bay City, TX",2020-11-01,4,6,2,0,12,89,9
13060,"Bay City, TX",2020-12-01,3,11,4,0,18,107,12
13060,"Bay City, TX",2021-01-01,6,19,11,1,37,144,18
13060,"Bay City, TX",2021-02-01,8,12,6,0,26,170,26
13060,"Bay City, TX",2021-03-01,6,12,3,0,21,191,32
13060,"Bay City, TX",2021-04-01,7,22,4,0,33,224,39
13060,"Bay City, TX",2021-05-01,6,22,5,2,35,259,45
13060,"Bay City, TX",2021-06-01,4,12,6,0,22,281,49
13060,"Bay City, TX",2021-07-01,2,17,5,0,24,305,51
13060,"Bay City, TX",2021-08-01,2,24,8,0,34,339,53
13060,"Bay City, TX",2021-09-01,8,21,1,1,31,370,61
13060,"Bay City, TX",2021-10-01,4,22,5,0,31,401,65
13060,"Bay City, TX",2021-11-01,5,18,7,1,31,432,70
13060,"Bay City, TX",2021-12-01,4,13,6,0,23,455,74
13060,"Bay City, TX",2022-01-01,4,12,4,0,20,475,78
13060,"Bay City, TX",2022-02-01,1,15,3,1,20,495,79
13060,"Bay City, TX",2022-03-01,9,17,5,1,32,527,88
13060,"Bay City, TX",2022-04-01,8,11,5,1,25,552,96
13060,"Bay City, TX",2022-05-01,7,14,5,2,28,580,103
13060,"Bay City, TX",2022-06-01,5,14,4,0,23,603,108
13060,"Bay City, TX",2022-07-01,6,16,5,0,27,630,114
13060,"Bay City, TX",2022-08-01,4,23,8,2,37,667,118
13060,"Bay City, TX",2022-09-01,3,17,4,1,25,692,121
13060,"Bay City, TX",2022-10-01,4,5,7,0,16,708,125
13060,"Bay City, TX",2022-11-01,9,19,6,1,35,743,134
13060,"Bay City, TX",2022-12-01,6,14,4,0,24,767,140
13060,"Bay City, TX",2023-01-01,6,16,3,1,26,793,146
13060,"Bay City, TX",2023-02-01,4,13,3,0,20,813,150
13060,"Bay City, TX",2023-03-01,9,26,6,0,41,854,159
13060,"Bay City, TX",2023-04-01,7,26,6,1,40,894,166
13060,"Bay City, TX",2023-05-01,5,12,6,0,23,917,171
13060,"Bay City, TX",2023-06-01,5,12,3,0,20,937,176
13060,"Bay City, TX",2023-07-01,4,12,3,0,19,956,180
13060,"Bay City, TX",2023-08-01,7,8,6,1,22,978,187
13060,"Bay City, TX",2023-09-01,12,11,2,1,26,1004,199
13060,"Bay City, TX",2023-10-01,8,11,7,0,26,1030,207
13060,"Bay City, TX",2023-11-01,7,22,7,0,36,1066,214
13060,"Bay City, TX",2023-12-01,10,19,8,0,37,1103,224
13060,"Bay City, TX",2024-01-01,6,17,6,0,29,1132,230
13060,"Bay City, TX",2024-02-01,12,17,7,0,36,1168,242
13060,"Bay City, TX",2024-03-01,5,12,4,0,21,1189,247
13060,"Bay City, TX",2024-04-01,9,14,4,1,28,1217,256
13060,"Bay City, TX",2024-05-01,11,20,9,0,40,1257,267
13060,"Bay City, TX",2024-06-01,12,20,3,0,35,1292,279
13060,"Bay City, TX",2024-07-01,5,16,3,0,24,1316,284
13060,"Bay City, TX",2024-08-01,6,12,7,1,26,1342,290
13060,"Bay City, TX",2024-09-01,9,18,5,1,33,1375,299
13060,"Bay City, TX",2024-10-01,9,20,9,1,39,1414,308
13060,"Bay City, TX",2024-11-01,3,16,7,2,28,1442,311
13060,"Bay City, TX",2024-12-01,8,16,2,1,27,1469,319
13060,"Bay City, TX",2025-01-01,8,12,4,2,26,1495,327
13060,"Bay City, TX",2025-02-01,7,10,8,0,25,1520,334
13060,"Bay City, TX",2025-03-01,8,14,3,0,25,1545,342
13060,"Bay City, TX",2025-04-01,10,13,5,2,30,1575,352
13060,"Bay City, TX",2025-05-01,9,17,4,1,31,1606,361
13060,"Bay City, TX",2025-06-01,9,22,6,1,38,1644,370
13060,"Bay City, TX",2025-07-01,8,21,6,1,36,1680,378
13060,"Bay City, TX",2025-08-01,5,7,4,2,18,1698,383
13060,"Bay City, TX",2025-09-01,1,0,0,0,1,1699,384
36940,"Owatonna, MN",2019-02-01,0,4,0,0,4,4,0
36940,"Owatonna, MN",2019-03-01,0,1,3,0,4,8,0
36940,"Owatonna, MN",2019-04-01,0,3,0,0,3,11,0
36940,"Owatonna, MN",2019-05-01,0,3,3,0,6,17,0
36940,"Owatonna, MN",2019-06-01,1,1,0,0,2,19,1
36940,"Owatonna, MN",2019-07-01,0,1,2,0,3,22,1
36940,"Owatonna, MN",2019-08-01,0,2,2,1,5,27,1
36940,"Owatonna, MN",2019-09-01,0,4,1,0,5,32,1
36940,"Owatonna, MN",2019-10-01,1,3,2,1,7,39,2
36940,"Owatonna, MN",2019-11-01,0,3,1,1,5,44,2
36940,"Owatonna, MN",2019-12-01,1,2,1,0,4,48,3
36940,"Owatonna, MN",2020-01-01,2,13,5,0,20,68,5
36940,"Owatonna, MN",2020-02-01,1,15,3,1,20,88,6
36940,"Owatonna, MN",2020-03-01,6,19,6,1,32,120,12
36940,"Owatonna, MN",2020-04-01,8,21,6,2,37,157,20
36940,"Owatonna, MN",2020-05-01,14,22,5,0,41,198,34
36940,"Owatonna, MN",2020-06-01,10,16,7,0,33,231,44
36940,"Owatonna, MN",2020-07-01,11,17,5,1,34,265,55
36940,"Owatonna, MN",2020-08-01,4,22,2,0,28,293,59
36940,"Owatonna, MN",2020-09-01,3,10,3,1,17,310,62
36940,"Owatonna, MN",2020-10-01,5,26,2,0,33,343,67
36940,"Owatonna, MN",2020-11-01,4,22,4,0,30,373,71
36940,"Owatonna, MN",2020-12-01,4,16,5,0,25,398,75
36940,"Owatonna, MN",2021-01-01,14,18,8,0,40,438,89
36940,"Owatonna, MN",2021-02-01,6,15,3,0,24,462,95
36940,"Owatonna, MN",2021-03-01,8,22,8,0,38,500,103
36940,"Owatonna, MN",2021-04-01,12,11,6,0,29,529,115
36940,"Owatonna, MN",2021-05-01,9,32,5,1,47,576,124
36940,"Owatonna, MN",2021-06-01,10,13,5,0,28,604,134
36940,"Owatonna, MN",2021-07-01,11,19,3,0,33,637,145
36940,"Owatonna, MN",2021-08-01,2,16,7,0,25,662,147
36940,"Owatonna, MN",2021-09-01,5,22,4,3,34,696,152
36940,"Owatonna, MN",2021-10-01,10,28,7,2,47,743,162
36940,"Owatonna, MN",2021-11-01,5,21,8,0,34,777,167
36940,"Owatonna, MN",2021-12-01,10,23,6,1,40,817,177
36940,"Owatonna, MN",2022-01-01,5,22,2,1,30,847,182
36940,"Owatonna, MN",2022-02-01,10,13,6,1,30,877,192
36940,"Owatonna, MN",2022-03-01,15,22,7,1,45,922,207
36940,"Owatonna, MN",2022-04-01,8,16,3,0,27,949,215
36940,"Owatonna, MN",2022-05-01,6,15,3,0,24,973,221
36940,"Owatonna, MN",2022-06-01,7,16,2,0,25,998,228
36940,"Owatonna, MN",2022-07-01,9,13,5,0,27,1025,237
36940,"Owatonna, MN",2022-08-01,5,21,3,1,30,1055,242
36940,"Owatonna, MN",2022-09-01,13,17,6,0,36,1091,255
36940,"Owatonna, MN",2022-10-01,9,14,3,1,27,1118,264
36940,"Owatonna, MN",2022-11-01,7,15,7,1,30,1148,271
36940,"Owatonna, MN",2022-12-01,6,7,3,1,17,1165,277
36940,"Owatonna, MN",2023-01-01,5,16,7,0,28,1193,282
36940,"Owatonna, MN",2023-02-01,6,17,4,1,28,1221,288
36940,"Owatonna, MN",2023-03-01,8,14,8,0,30,1251,296
36940,"Owatonna, MN",2023-04-01,10,12,10,0,32,1283,306
36940,"Owatonna, MN",2023-05-01,9,22,3,0,34,1317,315
36940,"Owatonna, MN",2023-06-01,10,12,4,1,27,1344,325
36940,"Owatonna, MN",2023-07-01,6,15,2,0,23,1367,331
36940,"Owatonna, MN",2023-08-01,4,8,1,1,14,1381,335
36940,"Owatonna, MN",2023-09-01,5,12,3,0,20,1401,340
36940,"Owatonna, MN",2023-10-01,7,18,5,1,31,1432,347
36940,"Owatonna, MN",2023-11-01,5,15,3,0,23,1455,352
36940,"Owatonna, MN",2023-12-01,19,23,3,1,46,1501,371
36940,"Owatonna, MN",2024-01-01,18,17,5,0,40,1541,389
36940,"Owatonna, MN",2024-02-01,11,21,5,0,37,1578,400
36940,"Owatonna, MN",2024-03-01,11,11,3,0,25,1603,411
36940,"Owatonna, MN",2024-04-01,11,6,5,1,23,1626,422
36940,"Owatonna, MN",2024-05-01,9,11,6,1,27,1653,431
36940,"Owatonna, MN",2024-06-01,6,11,2,0,19,1672,437
36940,"Owatonna, MN",2024-07-01,2,8,0,0,10,1682,439
36940,"Owatonna, MN",2024-08-01,16,13,1,0,30,1712,455
36940,"Owatonna, MN",2024-09-01,8,17,1,1,27,1739,463
36940,"Owatonna, MN",2024-10-01,14,17,2,1,34,1773,477
36940,"Owatonna, MN",2024-11-01,10,19,8,1,38,1811,487
36940,"Owatonna, MN",2024-12-01,12,17,7,2,38,1849,499
36940,"Owatonna, MN",2025-01-01,13,23,5,1,42,1891,512
36940,"Owatonna, MN",2025-02-01,12,6,6,0,24,1915,524
36940,"Owatonna, MN",2025-03-01,10,16,6,0,32,1947,534
36940,"Owatonna, MN",2025-04-01,7,9,4,0,20,1967,541
36940,"Owatonna, MN",2025-05-01,12,10,2,0,24,1991,553
36940,"Owatonna, MN",2025-06-01,5,8,3,0,16,2007,558
36940,"Owatonna, MN",2025-07-01,8,12,4,1,25,2032,566
36940,"Owatonna, MN",2025-08-01,3,5,2,0,10,2042,569
32820,"Memphis, TN-MS-AR",2019-01-01,2,203,41,3,249,249,2
32820,"Memphis, TN-MS-AR",2019-02-01,4,179,37,5,225,474,6
32820,"Memphis, TN-MS-AR",2019-03-01,4,234,58,3,299,773,10
32820,"Memphis, TN-MS-AR",2019-04-01,7,260,73,7,347,1120,17
32820,"Memphis, TN-MS-AR",2019-05-01,11,276,48,4,339,1459,28
32820,"Memphis, TN-MS-AR",2019-06-01,2,166,31,3,202,1661,30
32820,"Memphis, TN-MS-AR",2019-07-01,13,259,44,4,320,1981,43
32820,"Memphis, TN-MS-AR",2019-08-01,17,267,56,4,344,2325,60
32820,"Memphis, TN-MS-AR",2019-09-01,12,254,55,6,327,2652,72
32820,"Memphis, TN-MS-AR",2019-10-01,3,129,27,0,159,2811,75
32820,"Memphis, TN-MS-AR",2019-11-01,13,187,37,3,240,3051,88
32820,"Memphis, TN-MS-AR",2019-12-01,27,215,52,2,296,3347,115
32820,"Memphis, TN-MS-AR",2020-01-01,36,337,80,3,456,3803,151
32820,"Memphis, TN-MS-AR",2020-02-01,28,244,65,2,339,4142,179
32820,"Memphis, TN-MS-AR",2020-03-01,33,297,70,7,407,4549,212
32820,"Memphis, TN-MS-AR",2020-04-01,117,684,155,13,969,5518,329
32820,"Memphis, TN-MS-AR",2020-05-01,273,1060,195,19,1547,7065,602
32820,"Memphis, TN-MS-AR",2020-06-01,242,864,140,12,1258,8323,844
32820,"Memphis, TN-MS-AR",2020-07-01,279,1083,198,9,1569,9892,1123
32820,"Memphis, TN-MS-AR",2020-08-01,200,1190,186,22,1598,11490,1323
32820,"Memphis, TN-MS-AR",2020-09-01,217,1041,175,26,1459,12949,1540
32820,"Memphis, TN-MS-AR",2020-10-01,183,900,148,14,1245,14194,1723
32820,"Memphis, TN-MS-AR",2020-11-01,143,588,89,6,826,15020,1866
32820,"Memphis, TN-MS-AR",2020-12-01,273,910,140,8,1331,16351,2139
32820,"Memphis, TN-MS-AR",2021-01-01,370,1223,229,28,1850,18201,2509
32820,"Memphis, TN-MS-AR",2021-02-01,231,708,136,15,1090,19291,2740
32820,"Memphis, TN-MS-AR",2021-03-01,309,1055,177,23,1564,20855,3049
32820,"Memphis, TN-MS-AR",2021-04-01,382,1333,233,29,1977,22832,3431
32820,"Memphis, TN-MS-AR",2021-05-01,424,1514,284,20,2242,25074,3855
32820,"Memphis, TN-MS-AR",2021-06-01,390,1505,317,29,2241,27315,4245
32820,"Memphis, TN-MS-AR",2021-07-01,315,1447,278,35,2075,29390,4560
32820,"Memphis, TN-MS-AR",2021-08-01,282,1278,273,34,1867,31257,4842
32820,"Memphis, TN-MS-AR",2021-09-01,251,1156,281,28,1716,32973,5093
32820,"Memphis, TN-MS-AR",2021-10-01,219,980,212,21,1432,34405,5312
32820,"Memphis, TN-MS-AR",2021-11-01,274,1017,203,23,1517,35922,5586
32820,"Memphis, TN-MS-AR",2021-12-01,362,980,204,27,1573,37495,5948
32820,"Memphis, TN-MS-AR",2022-01-01,284,1062,247,23,1616,39111,6232
32820,"Memphis, TN-MS-AR",2022-02-01,230,827,213,27,1297,40408,6462
32820,"Memphis, TN-MS-AR",2022-03-01,321,1018,206,29,1574,41982,6783
32820,"Memphis, TN-MS-AR",2022-04-01,300,1004,237,23,1564,43546,7083
32820,"Memphis, TN-MS-AR",2022-05-01,272,841,187,28,1328,44874,7355
32820,"Memphis, TN-MS-AR",2022-06-01,151,484,114,11,760,45634,7506
32820,"Memphis, TN-MS-AR",2022-07-01,156,486,104,12,758,46392,7662
32820,"Memphis, TN-MS-AR",2022-08-01,315,966,253,22,1556,47948,7977
32820,"Memphis, TN-MS-AR",2022-09-01,189,514,140,12,855,48803,8166
32820,"Memphis, TN-MS-AR",2022-10-01,225,606,159,20,1010,49813,8391
32820,"Memphis, TN-MS-AR",2022-11-01,280,722,202,22,1226,51039,8671
32820,"Memphis, TN-MS-AR",2022-12-01,334,774,214,19,1341,52380,9005
32820,"Memphis, TN-MS-AR",2023-01-01,315,736,203,13,1267,53647,9320
32820,"Memphis, TN-MS-AR",2023-02-01,261,637,195,27,1120,54767,9581
32820,"Memphis, TN-MS-AR",2023-03-01,371,906,252,29,1558,56325,9952
32820,"Memphis, TN-MS-AR",2023-04-01,361,803,210,25,1399,57724,10313
32820,"Memphis, TN-MS-AR",2023-05-01,299,706,164,18,1187,58911,10612
32820,"Memphis, TN-MS-AR",2023-06-01,224,484,108,19,835,59746,10836
32820,"Memphis, TN-MS-AR",2023-07-01,271,589,155,25,1040,60786,11107
32820,"Memphis, TN-MS-AR",2023-08-01,355,833,238,30,1456,62242,11462
32820,"Memphis, TN-MS-AR",2023-09-01,336,785,205,29,1355,63597,11798
32820,"Memphis, TN-MS-AR",2023-10-01,360,732,235,20,1347,64944,12158
32820,"Memphis, TN-MS-AR",2023-11-01,425,845,203,29,1502,66446,12583
32820,"Memphis, TN-MS-AR",2023-12-01,499,788,248,22,1557,68003,13082
32820,"Memphis, TN-MS-AR",2024-01-01,438,811,201,21,1471,69474,13520
32820,"Memphis, TN-MS-AR",2024-02-01,467,801,211,21,1500,70974,13987
32820,"Memphis, TN-MS-AR",2024-03-01,567,920,244,35,1766,72740,14554
32820,"Memphis, TN-MS-AR",2024-04-01,514,847,215,28,1604,74344,15068
32820,"Memphis, TN-MS-AR",2024-05-01,591,970,242,29,1832,76176,15659
32820,"Memphis, TN-MS-AR",2024-06-01,588,982,282,28,1880,78056,16247
32820,"Memphis, TN-MS-AR",2024-07-01,492,928,220,31,1671,79727,16739
32820,"Memphis, TN-MS-AR",2024-08-01,466,872,250,29,1617,81344,17205
32820,"Memphis, TN-MS-AR",2024-09-01,498,852,233,18,1601,82945,17703
32820,"Memphis, TN-MS-AR",2024-10-01,445,759,208,25,1437,84382,18148
32820,"Memphis, TN-MS-AR",2024-11-01,509,721,205,20,1455,85837,18657
32820,"Memphis, TN-MS-AR",2024-12-01,564,693,185,31,1473,87310,19221
32820,"Memphis, TN-MS-AR",2025-01-01,525,755,184,18,1482,88792,19746
32820,"Memphis, TN-MS-AR",2025-02-01,441,569,176,20,1206,89998,20187
32820,"Memphis, TN-MS-AR",2025-03-01,639,781,199,26,1645,91643,20826
32820,"Memphis, TN-MS-AR",2025-04-01,639,825,208,28,1700,93343,21465
32820,"Memphis, TN-MS-AR",2025-05-01,704,746,244,28,1722,95065,22169
32820,"Memphis, TN-MS-AR",2025-06-01,662,809,251,32,1754,96819,22831
32820,"Memphis, TN-MS-AR",2025-07-01,536,688,219,32,1475,98294,23367
32820,"Memphis, TN-MS-AR",2025-08-01,400,590,205,27,1222,99516,23767
32820,"Memphis, TN-MS-AR",2025-09-01,3,14,1,0,18,99534,23770
12620,"Bangor, ME",2019-01-01,0,2,1,0,3,3,0
12620,"Bangor, ME",2019-02-01,0,7,1,0,8,11,0
12620,"Bangor, ME",2019-03-01,2,19,3,2,26,37,2
12620,"Bangor, ME",2019-04-01,2,39,11,1,53,90,4
12620,"Bangor, ME",2019-05-01,2,36,4,1,43,133,6
12620,"Bangor, ME",2019-06-01,1,27,4,1,33,166,7
12620,"Bangor, ME",2019-07-01,2,19,2,0,23,189,9
12620,"Bangor, ME",2019-08-01,0,18,4,1,23,212,9
12620,"Bangor, ME",2019-09-01,6,29,4,1,40,252,15
12620,"Bangor, ME",2019-10-01,1,16,2,0,19,271,16
12620,"Bangor, ME",2019-11-01,5,26,5,2,38,309,21
12620,"Bangor, ME",2019-12-01,6,33,2,0,41,350,27
12620,"Bangor, ME",2020-01-01,10,27,7,0,44,394,37
12620,"Bangor, ME",2020-02-01,11,34,8,0,53,447,48
12620,"Bangor, ME",2020-03-01,12,35,6,1,54,501,60
12620,"Bangor, ME",2020-04-01,22,67,2,2,93,594,82
12620,"Bangor, ME",2020-05-01,43,89,15,2,149,743,125
12620,"Bangor, ME",2020-06-01,17,55,12,1,85,828,142
12620,"Bangor, ME",2020-07-01,18,49,9,1,77,905,160
12620,"Bangor, ME",2020-08-01,32,63,10,3,108,1013,192
12620,"Bangor, ME",2020-09-01,40,63,19,0,122,1135,232
12620,"Bangor, ME",2020-10-01,41,52,10,2,105,1240,273
12620,"Bangor, ME",2020-11-01,23,40,9,0,72,1312,296
12620,"Bangor, ME",2020-12-01,38,57,10,0,105,1417,334
12620,"Bangor, ME",2021-01-01,49,81,14,0,144,1561,383
12620,"Bangor, ME",2021-02-01,56,82,14,1,153,1714,439
12620,"Bangor, ME",2021-03-01,91,89,20,1,201,1915,530
12620,"Bangor, ME",2021-04-01,50,96,22,3,171,2086,580
12620,"Bangor, ME",2021-05-01,38,84,10,3,135,2221,618
12620,"Bangor, ME",2021-06-01,47,90,12,0,149,2370,665
12620,"Bangor, ME",2021-07-01,38,86,5,1,130,2500,703
12620,"Bangor, ME",2021-08-01,32,58,6,0,96,2596,735
12620,"Bangor, ME",2021-09-01,43,96,24,1,164,2760,778
12620,"Bangor, ME",2021-10-01,42,58,14,1,115,2875,820
12620,"Bangor, ME",2021-11-01,39,41,11,1,92,2967,859
12620,"Bangor, ME",2021-12-01,54,96,24,0,174,3141,913
12620,"Bangor, ME",2022-01-01,70,83,21,2,176,3317,983
12620,"Bangor, ME",2022-02-01,73,82,19,2,176,3493,1056
12620,"Bangor, ME",2022-03-01,60,71,23,1,155,3648,1116
12620,"Bangor, ME",2022-04-01,31,50,12,0,93,3741,1147
12620,"Bangor, ME",2022-05-01,58,60,14,1,133,3874,1205
12620,"Bangor, ME",2022-06-01,32,41,9,3,85,3959,1237
12620,"Bangor, ME",2022-07-01,48,52,17,0,117,4076,1285
12620,"Bangor, ME",2022-08-01,43,78,16,0,137,4213,1328
12620,"Bangor, ME",2022-09-01,60,66,19,1,146,4359,1388
12620,"Bangor, ME",2022-10-01,51,62,8,1,122,4481,1439
12620,"Bangor, ME",2022-11-01,51,74,16,0,141,4622,1490
12620,"Bangor, ME",2022-12-01,69,64,13,0,146,4768,1559
12620,"Bangor, ME",2023-01-01,63,53,15,0,131,4899,1622
12620,"Bangor, ME",2023-02-01,82,57,23,3,165,5064,1704
12620,"Bangor, ME",2023-03-01,90,84,29,3,206,5270,1794
12620,"Bangor, ME",2023-04-01,52,56,15,1,124,5394,1846
12620,"Bangor, ME",2023-05-01,32,56,9,1,98,5492,1878
12620,"Bangor, ME",2023-06-01,38,35,7,0,80,5572,1916
12620,"Bangor, ME",2023-07-01,33,41,12,1,87,5659,1949
12620,"Bangor, ME",2023-08-01,27,48,11,0,86,5745,1976
12620,"Bangor, ME",2023-09-01,56,67,24,2,149,5894,2032
12620,"Bangor, ME",2023-10-01,38,46,9,1,94,5988,2070
12620,"Bangor, ME",2023-11-01,69,66,13,2,150,6138,2139
12620,"Bangor, ME",2023-12-01,64,52,16,0,132,6270,2203
12620,"Bangor, ME",2024-01-01,69,54,16,0,139,6409,2272
12620,"Bangor, ME",2024-02-01,77,58,19,1,155,6564,2349
12620,"Bangor, ME",2024-03-01,68,47,23,0,138,6702,2417
12620,"Bangor, ME",2024-04-01,40,42,13,1,96,6798,2457
12620,"Bangor, ME",2024-05-01,42,27,12,2,83,6881,2499
12620,"Bangor, ME",2024-06-01,33,41,7,1,82,6963,2532
12620,"Bangor, ME",2024-07-01,69,65,13,1,148,7111,2601
12620,"Bangor, ME",2024-08-01,78,62,21,2,163,7274,2679
12620,"Bangor, ME",2024-09-01,75,61,18,0,154,7428,2754
12620,"Bangor, ME",2024-10-01,93,61,22,5,181,7609,2847
12620,"Bangor, ME",2024-11-01,116,67,17,2,202,7811,2963
12620,"Bangor, ME",2024-12-01,95,57,17,2,171,7982,3058
12620,"Bangor, ME",2025-01-01,86,52,19,1,158,8140,3144
12620,"Bangor, ME",2025-02-01,94,41,14,0,149,8289,3238
12620,"Bangor, ME",2025-03-01,116,53,22,0,191,8480,3354
12620,"Bangor, ME",2025-04-01,69,43,28,2,142,8622,3423
12620,"Bangor, ME",2025-05-01,56,72,18,0,146,8768,3479
12620,"Bangor, ME",2025-06-01,26,25,7,0,58,8826,3505
12620,"Bangor, ME",2025-07-01,68,69,21,3,161,8987,3573
12620,"Bangor, ME",2025-08-01,57,49,12,3,121,9108,3630
12620,"Bangor, ME",2025-09-01,1,1,0,0,2,9110,3631
24700,"Greensburg, IN",2019-01-01,0,0,1,0,1,1,0
24700,"Greensburg, IN",2019-03-01,0,1,0,0,1,2,0
24700,"Greensburg, IN",2019-04-01,0,2,0,0,2,4,0
24700,"Greensburg, IN",2019-05-01,0,1,1,0,2,6,0
24700,"Greensburg, IN",2019-06-01,0,2,0,0,2,8,0
24700,"Greensburg, IN",2019-08-01,0,0,1,0,1,9,0
24700,"Greensburg, IN",2019-11-01,0,2,1,0,3,12,0
24700,"Greensburg, IN",2019-12-01,1,1,0,0,2,14,1
24700,"Greensburg, IN",2020-01-01,0,4,2,0,6,20,1
24700,"Greensburg, IN",2020-02-01,0,1,0,0,1,21,1
24700,"Greensburg, IN",2020-03-01,0,4,0,0,4,25,1
24700,"Greensburg, IN",2020-04-01,3,4,1,0,8,33,4
24700,"Greensburg, IN",2020-05-01,2,6,0,0,8,41,6
24700,"Greensburg, IN",2020-06-01,1,5,0,0,6,47,7
24700,"Greensburg, IN",2020-07-01,0,9,2,0,11,58,7
24700,"Greensburg, IN",2020-08-01,2,6,2,0,10,68,9
24700,"Greensburg, IN",2020-09-01,4,5,1,0,10,78,13
24700,"Greensburg, IN",2020-10-01,1,10,6,0,17,95,14
24700,"Greensburg, IN",2020-11-01,1,15,4,0,20,115,15
24700,"Greensburg, IN",2020-12-01,8,25,3,1,37,152,23
24700,"Greensburg, IN",2021-01-01,9,17,7,1,34,186,32
24700,"Greensburg, IN",2021-02-01,6,10,4,0,20,206,38
24700,"Greensburg, IN",2021-03-01,7,13,2,0,22,228,45
24700,"Greensburg, IN",2021-04-01,7,21,3,2,33,261,52
24700,"Greensburg, IN",2021-05-01,9,26,4,1,40,301,61
24700,"Greensburg, IN",2021-06-01,4,16,7,0,27,328,65
24700,"Greensburg, IN",2021-07-01,4,22,4,0,30,358,69
24700,"Greensburg, IN",2021-08-01,10,19,10,1,40,398,79
24700,"Greensburg, IN",2021-09-01,6,29,7,2,44,442,85
24700,"Greensburg, IN",2021-10-01,2,18,9,1,30,472,87
24700,"Greensburg, IN",2021-11-01,7,13,3,0,23,495,94
24700,"Greensburg, IN",2021-12-01,8,16,4,2,30,525,102
24700,"Greensburg, IN",2022-01-01,13,13,7,0,33,558,115
24700,"Greensburg, IN",2022-02-01,4,21,3,2,30,588,119
24700,"Greensburg, IN",2022-03-01,10,11,6,0,27,615,129
24700,"Greensburg, IN",2022-04-01,6,32,6,0,44,659,135
24700,"Greensburg, IN",2022-05-01,11,23,3,0,37,696,146
24700,"Greensburg, IN",2022-06-01,5,12,8,0,25,721,151
24700,"Greensburg, IN",2022-07-01,7,15,1,1,24,745,158
24700,"Greensburg, IN",2022-08-01,8,18,5,1,32,777,166
24700,"Greensburg, IN",2022-09-01,4,12,6,0,22,799,170
24700,"Greensburg, IN",2022-10-01,7,11,4,1,23,822,177
24700,"Greensburg, IN",2022-11-01,6,17,1,0,24,846,183
24700,"Greensburg, IN",2022-12-01,7,13,4,1,25,871,190
24700,"Greensburg, IN",2023-01-01,5,9,9,2,25,896,195
24700,"Greensburg, IN",2023-02-01,9,9,9,0,27,923,204
24700,"Greensburg, IN",2023-03-01,10,22,2,1,35,958,214
24700,"Greensburg, IN",2023-04-01,13,6,5,1,25,983,227
24700,"Greensburg, IN",2023-05-01,15,12,2,0,29,1012,242
24700,"Greensburg, IN",2023-06-01,5,16,3,0,24,1036,247
24700,"Greensburg, IN",2023-07-01,9,9,4,1,23,1059,256
24700,"Greensburg, IN",2023-08-01,5,7,3,0,15,1074,261
24700,"Greensburg, IN",2023-09-01,8,17,2,1,28,1102,269
24700,"Greensburg, IN",2023-10-01,10,13,4,0,27,1129,279
24700,"Greensburg, IN",2023-11-01,10,10,3,2,25,1154,289
24700,"Greensburg, IN",2023-12-01,10,11,7,0,28,1182,299
24700,"Greensburg, IN",2024-01-01,15,20,6,0,41,1223,314
24700,"Greensburg, IN",2024-02-01,9,11,5,0,25,1248,323
24700,"Greensburg, IN",2024-03-01,19,18,4,0,41,1289,342
24700,"Greensburg, IN",2024-04-01,7,9,3,0,19,1308,349
24700,"Greensburg, IN",2024-05-01,12,13,2,1,28,1336,361
24700,"Greensburg, IN",2024-06-01,3,8,2,0,13,1349,364
24700,"Greensburg, IN",2024-07-01,4,10,4,0,18,1367,368
24700,"Greensburg, IN",2024-08-01,12,12,7,0,31,1398,380
24700,"Greensburg, IN",2024-09-01,8,8,3,0,19,1417,388
24700,"Greensburg, IN",2024-10-01,18,18,5,1,42,1459,406
24700,"Greensburg, IN",2024-11-01,7,14,5,1,27,1486,413
24700,"Greensburg, IN",2024-12-01,21,23,8,1,53,1539,434
24700,"Greensburg, IN",2025-01-01,15,14,4,0,33,1572,449
24700,"Greensburg, IN",2025-02-01,15,15,8,0,38,1610,464
24700,"Greensburg, IN",2025-03-01,21,10,6,1,38,1648,485
24700,"Greensburg, IN",2025-04-01,14,14,7,1,36,1684,499
24700,"Greensburg, IN",2025-05-01,23,18,4,0,45,1729,522
24700,"Greensburg, IN",2025-06-01,15,8,8,2,33,1762,537
24700,"Greensburg, IN",2025-07-01,17,9,5,1,32,1794,554
24700,"Greensburg, IN",2025-08-01,6,14,1,0,21,1815,560
17980,"Columbus, GA-AL",2019-01-01,0,22,4,0,26,26,0
17980,"Columbus, GA-AL",2019-02-01,0,33,11,1,45,71,0
17980,"Columbus, GA-AL",2019-03-01,0,51,13,0,64,135,0
17980,"Columbus, GA-AL",2019-04-01,1,64,14,0,79,214,1
17980,"Columbus, GA-AL",2019-05-01,2,74,15,1,92,306,3
17980,"Columbus, GA-AL",2019-06-01,2,50,12,1,65,371,5
17980,"Columbus, GA-AL",2019-07-01,3,57,17,2,79,450,8
17980,"Columbus, GA-AL",2019-08-01,2,94,15,1,112,562,10
17980,"Columbus, GA-AL",2019-09-01,6,59,6,0,71,633,16
17980,"Columbus, GA-AL",2019-10-01,6,57,13,2,78,711,22
17980,"Columbus, GA-AL",2019-11-01,6,57,17,0,80,791,28
17980,"Columbus, GA-AL",2019-12-01,5,45,14,0,64,855,33
17980,"Columbus, GA-AL",2020-01-01,8,70,14,1,93,948,41
17980,"Columbus, GA-AL",2020-02-01,9,67,15,2,93,1041,50
17980,"Columbus, GA-AL",2020-03-01,13,125,25,1,164,1205,63
17980,"Columbus, GA-AL",2020-04-01,31,220,25,7,283,1488,94
17980,"Columbus, GA-AL",2020-05-01,67,281,45,4,397,1885,161
17980,"Columbus, GA-AL",2020-06-01,39,162,22,2,225,2110,200
17980,"Columbus, GA-AL",2020-07-01,71,284,36,5,396,2506,271
17980,"Columbus, GA-AL",2020-08-01,98,440,72,7,617,3123,369
17980,"Columbus, GA-AL",2020-09-01,60,276,47,2,385,3508,429
17980,"Columbus, GA-AL",2020-10-01,41,185,29,4,259,3767,470
17980,"Columbus, GA-AL",2020-11-01,32,114,16,0,162,3929,502
17980,"Columbus, GA-AL",2020-12-01,36,139,15,0,190,4119,538
17980,"Columbus, GA-AL",2021-01-01,110,376,53,4,543,4662,648
17980,"Columbus, GA-AL",2021-02-01,64,255,45,4,368,5030,712
17980,"Columbus, GA-AL",2021-03-01,93,332,71,7,503,5533,805
17980,"Columbus, GA-AL",2021-04-01,111,455,77,5,648,6181,916
17980,"Columbus, GA-AL",2021-05-01,108,426,83,7,624,6805,1024
17980,"Columbus, GA-AL",2021-06-01,99,420,67,7,593,7398,1123
17980,"Columbus, GA-AL",2021-07-01,101,402,58,5,566,7964,1224
17980,"Columbus, GA-AL",2021-08-01,86,316,53,4,459,8423,1310
17980,"Columbus, GA-AL",2021-09-01,96,396,83,9,584,9007,1406
17980,"Columbus, GA-AL",2021-10-01,49,189,46,2,286,9293,1455
17980,"Columbus, GA-AL",2021-11-01,63,173,25,2,263,9556,1518
17980,"Columbus, GA-AL",2021-12-01,97,306,56,3,462,10018,1615
17980,"Columbus, GA-AL",2022-01-01,64,237,49,6,356,10374,1679
17980,"Columbus, GA-AL",2022-02-01,67,171,36,3,277,10651,1746
17980,"Columbus, GA-AL",2022-03-01,127,395,83,12,617,11268,1873
17980,"Columbus, GA-AL",2022-04-01,114,343,62,9,528,11796,1987
17980,"Columbus, GA-AL",2022-05-01,106,239,55,6,406,12202,2093
17980,"Columbus, GA-AL",2022-06-01,55,158,34,1,248,12450,2148
17980,"Columbus, GA-AL",2022-07-01,75,213,48,3,339,12789,2223
17980,"Columbus, GA-AL",2022-08-01,66,202,55,0,323,13112,2289
17980,"Columbus, GA-AL",2022-09-01,86,279,71,2,438,13550,2375
17980,"Columbus, GA-AL",2022-10-01,99,241,71,5,416,13966,2474
17980,"Columbus, GA-AL",2022-11-01,98,243,55,7,403,14369,2572
17980,"Columbus, GA-AL",2022-12-01,93,233,40,3,369,14738,2665
17980,"Columbus, GA-AL",2023-01-01,101,199,45,3,348,15086,2766
17980,"Columbus, GA-AL",2023-02-01,92,201,38,4,335,15421,2858
17980,"Columbus, GA-AL",2023-03-01,139,274,78,9,500,15921,2997
17980,"Columbus, GA-AL",2023-04-01,118,245,53,2,418,16339,3115
17980,"Columbus, GA-AL",2023-05-01,63,117,29,1,210,16549,3178
17980,"Columbus, GA-AL",2023-06-01,41,85,27,1,154,16703,3219
17980,"Columbus, GA-AL",2023-07-01,44,94,23,0,161,16864,3263
17980,"Columbus, GA-AL",2023-08-01,56,117,21,1,195,17059,3319
17980,"Columbus, GA-AL",2023-09-01,87,166,51,8,312,17371,3406
17980,"Columbus, GA-AL",2023-10-01,97,182,56,8,343,17714,3503
17980,"Columbus, GA-AL",2023-11-01,122,234,56,12,424,18138,3625
17980,"Columbus, GA-AL",2023-12-01,174,232,65,7,478,18616,3799
17980,"Columbus, GA-AL",2024-01-01,150,231,83,7,471,19087,3949
17980,"Columbus, GA-AL",2024-02-01,117,209,70,4,400,19487,4066
17980,"Columbus, GA-AL",2024-03-01,162,239,61,5,467,19954,4228
17980,"Columbus, GA-AL",2024-04-01,133,196,44,6,379,20333,4361
17980,"Columbus, GA-AL",2024-05-01,85,106,23,2,216,20549,4446
17980,"Columbus, GA-AL",2024-06-01,54,123,25,3,205,20754,4500
17980,"Columbus, GA-AL",2024-07-01,69,138,46,4,257,21011,4569
17980,"Columbus, GA-AL",2024-08-01,116,205,68,9,398,21409,4685
17980,"Columbus, GA-AL",2024-09-01,110,180,57,9,356,21765,4795
17980,"Columbus, GA-AL",2024-10-01,120,182,50,5,357,22122,4915
17980,"Columbus, GA-AL",2024-11-01,95,173,69,6,343,22465,5010
17980,"Columbus, GA-AL",2024-12-01,112,174,47,6,339,22804,5122
17980,"Columbus, GA-AL",2025-01-01,119,181,74,5,379,23183,5241
17980,"Columbus, GA-AL",2025-02-01,104,130,60,7,301,23484,5345
17980,"Columbus, GA-AL",2025-03-01,158,187,69,4,418,23902,5503
17980,"Columbus, GA-AL",2025-04-01,157,202,51,7,417,24319,5660
17980,"Columbus, GA-AL",2025-05-01,155,229,68,7,459,24778,5815
17980,"Columbus, GA-AL",2025-06-01,152,228,65,4,449,25227,5967
17980,"Columbus, GA-AL",2025-07-01,132,179,67,12,390,25617,6099
17980,"Columbus, GA-AL",2025-08-01,101,127,56,2,286,25903,6200
17980,"Columbus, GA-AL",2025-09-01,4,8,0,0,12,25915,6204
11620,"Ardmore, OK",2019-01-01,0,0,0,0,0,0,0
11620,"Ardmore, OK",2019-02-01,0,0,1,0,1,1,0
11620,"Ardmore, OK",2019-03-01,0,3,2,0,5,6,0
11620,"Ardmore, OK",2019-04-01,0,2,1,0,3,9,0
11620,"Ardmore, OK",2019-05-01,0,5,0,0,5,14,0
11620,"Ardmore, OK",2019-06-01,0,11,3,0,14,28,0
11620,"Ardmore, OK",2019-07-01,0,10,2,0,12,40,0
11620,"Ardmore, OK",2019-08-01,1,10,2,0,13,53,1
11620,"Ardmore, OK",2019-09-01,0,12,2,0,14,67,1
11620,"Ardmore, OK",2019-10-01,0,11,0,0,11,78,1
11620,"Ardmore, OK",2019-11-01,0,8,2,0,10,88,1
11620,"Ardmore, OK",2019-12-01,1,14,4,0,19,107,2
11620,"Ardmore, OK",2020-01-01,2,12,2,0,16,123,4
11620,"Ardmore, OK",2020-02-01,2,9,1,0,12,135,6
11620,"Ardmore, OK",2020-03-01,3,13,4,0,20,155,9
11620,"Ardmore, OK",2020-04-01,6,22,7,1,36,191,15
11620,"Ardmore, OK",2020-05-01,6,33,9,2,50,241,21
11620,"Ardmore, OK",2020-06-01,4,21,5,0,30,271,25
11620,"Ardmore, OK",2020-07-01,5,23,5,1,34,305,30
11620,"Ardmore, OK",2020-08-01,4,23,6,0,33,338,34
11620,"Ardmore, OK",2020-09-01,3,16,2,0,21,359,37
11620,"Ardmore, OK",2020-10-01,2,20,5,0,27,386,39
11620,"Ardmore, OK",2020-11-01,5,18,5,0,28,414,44
11620,"Ardmore, OK",2020-12-01,5,22,5,1,33,447,49
11620,"Ardmore, OK",2021-01-01,7,27,7,0,41,488,56
11620,"Ardmore, OK",2021-02-01,4,19,6,1,30,518,60
11620,"Ardmore, OK",2021-03-01,10,34,8,4,56,574,70
11620,"Ardmore, OK",2021-04-01,8,40,4,1,53,627,78
11620,"Ardmore, OK",2021-05-01,8,55,10,1,74,701,86
11620,"Ardmore, OK",2021-06-01,10,30,10,0,50,751,96
11620,"Ardmore, OK",2021-07-01,8,30,8,0,46,797,104
11620,"Ardmore, OK",2021-08-01,13,35,14,0,62,859,117
11620,"Ardmore, OK",2021-09-01,12,17,7,0,36,895,129
11620,"Ardmore, OK",2021-10-01,8,26,9,3,46,941,137
11620,"Ardmore, OK",2021-11-01,8,28,11,2,49,990,145
11620,"Ardmore, OK",2021-12-01,13,22,8,1,44,1034,158
11620,"Ardmore, OK",2022-01-01,17,38,7,3,65,1099,175
11620,"Ardmore, OK",2022-02-01,12,22,7,1,42,1141,187
11620,"Ardmore, OK",2022-03-01,13,31,12,0,56,1197,200
11620,"Ardmore, OK",2022-04-01,12,29,10,0,51,1248,212
11620,"Ardmore, OK",2022-05-01,10,24,12,0,46,1294,222
11620,"Ardmore, OK",2022-06-01,12,31,9,0,52,1346,234
11620,"Ardmore, OK",2022-07-01,9,27,8,1,45,1391,243
11620,"Ardmore, OK",2022-08-01,7,30,9,2,48,1439,250
11620,"Ardmore, OK",2022-09-01,10,21,6,0,37,1476,260
11620,"Ardmore, OK",2022-10-01,11,34,10,1,56,1532,271
11620,"Ardmore, OK",2022-11-01,9,16,6,0,31,1563,280
11620,"Ardmore, OK",2022-12-01,12,33,6,1,52,1615,292
11620,"Ardmore, OK",2023-01-01,4,20,12,0,36,1651,296
11620,"Ardmore, OK",2023-02-01,13,25,12,0,50,1701,309
11620,"Ardmore, OK",2023-03-01,22,47,7,3,79,1780,331
11620,"Ardmore, OK",2023-04-01,9,22,6,0,37,1817,340
11620,"Ardmore, OK",2023-05-01,16,21,11,1,49,1866,356
11620,"Ardmore, OK",2023-06-01,6,20,14,1,41,1907,362
11620,"Ardmore, OK",2023-07-01,10,15,9,0,34,1941,372
11620,"Ardmore, OK",2023-08-01,16,11,5,0,32,1973,388
11620,"Ardmore, OK",2023-09-01,10,26,8,1,45,2018,398
11620,"Ardmore, OK",2023-10-01,9,22,6,1,38,2056,407
11620,"Ardmore, OK",2023-11-01,19,33,15,1,68,2124,426
11620,"Ardmore, OK",2023-12-01,16,34,12,2,64,2188,442
11620,"Ardmore, OK",2024-01-01,15,32,10,0,57,2245,457
11620,"Ardmore, OK",2024-02-01,20,15,4,3,42,2287,477
11620,"Ardmore, OK",2024-03-01,23,27,7,1,58,2345,500
11620,"Ardmore, OK",2024-04-01,17,23,11,0,51,2396,517
11620,"Ardmore, OK",2024-05-01,13,20,9,0,42,2438,530
11620,"Ardmore, OK",2024-06-01,6,9,3,0,18,2456,536
11620,"Ardmore, OK",2024-07-01,9,10,5,0,24,2480,545
11620,"Ardmore, OK",2024-08-01,15,17,5,0,37,2517,560
11620,"Ardmore, OK",2024-09-01,11,16,5,1,33,2550,571
11620,"Ardmore, OK",2024-10-01,20,26,17,0,63,2613,591
11620,"Ardmore, OK",2024-11-01,28,27,11,1,67,2680,619
11620,"Ardmore, OK",2024-12-01,20,20,9,1,50,2730,639
11620,"Ardmore, OK",2025-01-01,19,33,7,0,59,2789,658
11620,"Ardmore, OK",2025-02-01,20,30,9,0,59,2848,678
11620,"Ardmore, OK",2025-03-01,28,39,11,0,78,2926,706
11620,"Ardmore, OK",2025-04-01,26,26,6,1,59,2985,732
11620,"Ardmore, OK",2025-05-01,29,44,10,1,84,3069,761
11620,"Ardmore, OK",2025-06-01,7,17,4,1,29,3098,768
11620,"Ardmore, OK",2025-07-01,11,16,3,0,30,3128,779
11620,"Ardmore, OK",2025-08-01,19,25,8,5,57,3185,798
11620,"Ardmore, OK",2025-09-01,2,0,0,0,2,3187,800
20100,"Dover, DE",2019-01-01,0,24,1,0,25,25,0
20100,"Dover, DE",2019-02-01,1,19,5,1,26,51,1
20100,"Dover, DE",2019-03-01,5,79,22,0,106,157,6
20100,"Dover, DE",2019-04-01,4,60,11,4,79,236,10
20100,"Dover, DE",2019-05-01,5,65,18,0,88,324,15
20100,"Dover, DE",2019-06-01,2,56,6,0,64,388,17
20100,"Dover, DE",2019-07-01,2,66,12,1,81,469,19
20100,"Dover, DE",2019-08-01,7,54,16,0,77,546,26
20100,"Dover, DE",2019-09-01,2,68,8,1,79,625,28
20100,"Dover, DE",2019-10-01,6,54,6,1,67,692,34
20100,"Dover, DE",2019-11-01,9,50,11,3,73,765,43
20100,"Dover, DE",2019-12-01,7,46,9,0,62,827,50
20100,"Dover, DE",2020-01-01,5,54,15,0,74,901,55
20100,"Dover, DE",2020-02-01,6,46,6,3,61,962,61
20100,"Dover, DE",2020-03-01,7,85,15,2,109,1071,68
20100,"Dover, DE",2020-04-01,40,133,46,3,222,1293,108
20100,"Dover, DE",2020-05-01,51,198,41,5,295,1588,159
20100,"Dover, DE",2020-06-01,32,108,22,2,164,1752,191
20100,"Dover, DE",2020-07-01,37,191,27,2,257,2009,228
20100,"Dover, DE",2020-08-01,78,285,52,4,419,2428,306
20100,"Dover, DE",2020-09-01,51,195,31,4,281,2709,357
20100,"Dover, DE",2020-10-01,21,105,17,1,144,2853,378
20100,"Dover, DE",2020-11-01,25,80,10,2,117,2970,403
20100,"Dover, DE",2020-12-01,30,83,18,2,133,3103,433
20100,"Dover, DE",2021-01-01,81,174,38,7,300,3403,514
20100,"Dover, DE",2021-02-01,49,119,29,2,199,3602,563
20100,"Dover, DE",2021-03-01,91,245,63,2,401,4003,654
20100,"Dover, DE",2021-04-01,64,244,39,3,350,4353,718
20100,"Dover, DE",2021-05-01,56,171,40,3,270,4623,774
20100,"Dover, DE",2021-06-01,42,156,32,3,233,4856,816
20100,"Dover, DE",2021-07-01,48,132,28,2,210,5066,864
20100,"Dover, DE",2021-08-01,40,124,43,4,211,5277,904
20100,"Dover, DE",2021-09-01,47,190,33,7,277,5554,951
20100,"Dover, DE",2021-10-01,26,117,24,3,170,5724,977
20100,"Dover, DE",2021-11-01,26,107,19,1,153,5877,1003
20100,"Dover, DE",2021-12-01,88,136,34,2,260,6137,1091
20100,"Dover, DE",2022-01-01,78,174,53,3,308,6445,1169
20100,"Dover, DE",2022-02-01,64,116,31,3,214,6659,1233
20100,"Dover, DE",2022-03-01,65,114,32,5,216,6875,1298
20100,"Dover, DE",2022-04-01,46,109,28,2,185,7060,1344
20100,"Dover, DE",2022-05-01,54,145,34,2,235,7295,1398
20100,"Dover, DE",2022-06-01,45,105,31,2,183,7478,1443
20100,"Dover, DE",2022-07-01,37,98,29,1,165,7643,1480
20100,"Dover, DE",2022-08-01,38,110,21,1,170,7813,1518
20100,"Dover, DE",2022-09-01,47,109,35,5,196,8009,1565
20100,"Dover, DE",2022-10-01,73,67,31,2,173,8182,1638
20100,"Dover, DE",2022-11-01,72,125,39,6,242,8424,1710
20100,"Dover, DE",2022-12-01,87,159,43,2,291,8715,1797
20100,"Dover, DE",2023-01-01,66,119,35,5,225,8940,1863
20100,"Dover, DE",2023-02-01,66,126,40,5,237,9177,1929
20100,"Dover, DE",2023-03-01,109,166,47,5,327,9504,2038
20100,"Dover, DE",2023-04-01,61,105,39,5,210,9714,2099
20100,"Dover, DE",2023-05-01,57,86,14,1,158,9872,2156
20100,"Dover, DE",2023-06-01,39,70,16,0,125,9997,2195
20100,"Dover, DE",2023-07-01,47,87,19,2,155,10152,2242
20100,"Dover, DE",2023-08-01,52,69,30,2,153,10305,2294
20100,"Dover, DE",2023-09-01,66,109,41,3,219,10524,2360
20100,"Dover, DE",2023-10-01,73,154,52,3,282,10806,2433
20100,"Dover, DE",2023-11-01,105,165,38,4,312,11118,2538
20100,"Dover, DE",2023-12-01,114,149,51,7,321,11439,2652
20100,"Dover, DE",2024-01-01,97,151,47,7,302,11741,2749
20100,"Dover, DE",2024-02-01,79,115,36,2,232,11973,2828
20100,"Dover, DE",2024-03-01,75,164,44,4,287,12260,2903
20100,"Dover, DE",2024-04-01,75,121,44,3,243,12503,2978
20100,"Dover, DE",2024-05-01,63,83,29,3,178,12681,3041
20100,"Dover, DE",2024-06-01,48,74,30,1,153,12834,3089
20100,"Dover, DE",2024-07-01,75,109,43,4,231,13065,3164
20100,"Dover, DE",2024-08-01,36,75,27,2,140,13205,3200
20100,"Dover, DE",2024-09-01,53,102,40,3,198,13403,3253
20100,"Dover, DE",2024-10-01,74,123,38,9,244,13647,3327
20100,"Dover, DE",2024-11-01,67,105,23,2,197,13844,3394
20100,"Dover, DE",2024-12-01,81,110,33,4,228,14072,3475
20100,"Dover, DE",2025-01-01,106,128,46,3,283,14355,3581
20100,"Dover, DE",2025-02-01,80,111,41,5,237,14592,3661
20100,"Dover, DE",2025-03-01,89,120,40,6,255,14847,3750
20100,"Dover, DE",2025-04-01,99,123,41,7,270,15117,3849
20100,"Dover, DE",2025-05-01,99,133,34,6,272,15389,3948
20100,"Dover, DE",2025-06-01,106,108,33,3,250,15639,4054
20100,"Dover, DE",2025-07-01,67,91,35,5,198,15837,4121
20100,"Dover, DE",2025-08-01,60,93,25,3,181,16018,4181
20100,"Dover, DE",2025-09-01,0,5,0,0,5,16023,4181
45380,"Taylorville, IL",2019-02-01,0,1,0,0,1,1,0
45380,"Taylorville, IL",2019-03-01,0,2,0,0,2,3,0
45380,"Taylorville, IL",2019-04-01,0,1,0,0,1,4,0
45380,"Taylorville, IL",2019-05-01,0,1,1,0,2,6,0
45380,"Taylorville, IL",2019-07-01,0,2,0,0,2,8,0
45380,"Taylorville, IL",2019-08-01,0,1,1,0,2,10,0
45380,"Taylorville, IL",2019-09-01,0,2,0,0,2,12,0
45380,"Taylorville, IL",2019-12-01,0,1,0,0,1,13,0
45380,"Taylorville, IL",2020-01-01,0,1,0,0,1,14,0
45380,"Taylorville, IL",2020-02-01,0,0,1,0,1,15,0
45380,"Taylorville, IL",2020-03-01,0,5,0,0,5,20,0
45380,"Taylorville, IL",2020-04-01,0,1,0,0,1,21,0
45380,"Taylorville, IL",2020-05-01,0,9,0,0,9,30,0
45380,"Taylorville, IL",2020-06-01,1,2,0,0,3,33,1
45380,"Taylorville, IL",2020-07-01,1,5,0,0,6,39,2
45380,"Taylorville, IL",2020-08-01,3,4,1,0,8,47,5
45380,"Taylorville, IL",2020-09-01,0,5,0,0,5,52,5
45380,"Taylorville, IL",2020-10-01,2,11,2,0,15,67,7
45380,"Taylorville, IL",2020-11-01,2,14,1,0,17,84,9
45380,"Taylorville, IL",2020-12-01,6,16,3,0,25,109,15
45380,"Taylorville, IL",2021-01-01,1,8,6,0,15,124,16
45380,"Taylorville, IL",2021-02-01,3,15,5,0,23,147,19
45380,"Taylorville, IL",2021-03-01,5,19,4,0,28,175,24
45380,"Taylorville, IL",2021-04-01,3,15,6,0,24,199,27
45380,"Taylorville, IL",2021-05-01,5,14,1,0,20,219,32
45380,"Taylorville, IL",2021-06-01,5,11,2,0,18,237,37
45380,"Taylorville, IL",2021-07-01,2,7,2,0,11,248,39
45380,"Taylorville, IL",2021-08-01,5,14,4,0,23,271,44
45380,"Taylorville, IL",2021-09-01,3,11,6,2,22,293,47
45380,"Taylorville, IL",2021-10-01,4,8,3,0,15,308,51
45380,"Taylorville, IL",2021-11-01,1,6,3,1,11,319,52
45380,"Taylorville, IL",2021-12-01,5,13,4,1,23,342,57
45380,"Taylorville, IL",2022-01-01,5,6,2,0,13,355,62
45380,"Taylorville, IL",2022-02-01,7,3,3,0,13,368,69
45380,"Taylorville, IL",2022-03-01,6,16,4,0,26,394,75
45380,"Taylorville, IL",2022-04-01,1,10,1,0,12,406,76
45380,"Taylorville, IL",2022-05-01,7,7,4,0,18,424,83
45380,"Taylorville, IL",2022-06-01,4,7,1,0,12,436,87
45380,"Taylorville, IL",2022-07-01,2,9,2,0,13,449,89
45380,"Taylorville, IL",2022-08-01,2,7,2,0,11,460,91
45380,"Taylorville, IL",2022-09-01,5,9,3,0,17,477,96
45380,"Taylorville, IL",2022-10-01,4,6,3,0,13,490,100
45380,"Taylorville, IL",2022-11-01,2,10,0,0,12,502,102
45380,"Taylorville, IL",2022-12-01,3,12,3,0,18,520,105
45380,"Taylorville, IL",2023-01-01,6,18,7,0,31,551,111
45380,"Taylorville, IL",2023-02-01,5,12,4,0,21,572,116
45380,"Taylorville, IL",2023-03-01,10,14,3,1,28,600,126
45380,"Taylorville, IL",2023-04-01,4,13,3,0,20,620,130
45380,"Taylorville, IL",2023-05-01,5,4,1,0,10,630,135
45380,"Taylorville, IL",2023-06-01,3,7,3,1,14,644,138
45380,"Taylorville, IL",2023-07-01,8,9,3,1,21,665,146
45380,"Taylorville, IL",2023-08-01,4,6,3,1,14,679,150
45380,"Taylorville, IL",2023-09-01,4,10,5,1,20,699,154
45380,"Taylorville, IL",2023-10-01,6,9,3,2,20,719,160
45380,"Taylorville, IL",2023-11-01,8,19,5,0,32,751,168
45380,"Taylorville, IL",2023-12-01,12,8,1,1,22,773,180
45380,"Taylorville, IL",2024-01-01,9,13,6,0,28,801,189
45380,"Taylorville, IL",2024-02-01,5,8,1,0,14,815,194
45380,"Taylorville, IL",2024-03-01,6,14,5,0,25,840,200
45380,"Taylorville, IL",2024-04-01,8,10,7,0,25,865,208
45380,"Taylorville, IL",2024-05-01,6,10,2,0,18,883,214
45380,"Taylorville, IL",2024-06-01,2,6,3,0,11,894,216
45380,"Taylorville, IL",2024-07-01,0,2,1,0,3,897,216
45380,"Taylorville, IL",2024-08-01,4,5,1,0,10,907,220
45380,"Taylorville, IL",2024-09-01,5,5,2,0,12,919,225
45380,"Taylorville, IL",2024-10-01,7,13,5,0,25,944,232
45380,"Taylorville, IL",2024-11-01,7,13,3,0,23,967,239
45380,"Taylorville, IL",2024-12-01,12,12,1,0,25,992,251
45380,"Taylorville, IL",2025-01-01,15,17,1,0,33,1025,266
45380,"Taylorville, IL",2025-02-01,13,5,5,1,24,1049,279
45380,"Taylorville, IL",2025-03-01,12,11,5,1,29,1078,291
45380,"Taylorville, IL",2025-04-01,10,11,3,0,24,1102,301
45380,"Taylorville, IL",2025-05-01,18,13,4,0,35,1137,319
45380,"Taylorville, IL",2025-06-01,9,25,4,0,38,1175,328
45380,"Taylorville, IL",2025-07-01,14,11,1,1,27,1202,342
45380,"Taylorville, IL",2025-08-01,3,5,2,0,10,1212,345
24500,"Great Falls, MT",2019-02-01,2,1,1,0,4,4,2
24500,"Great Falls, MT",2019-03-01,0,3,1,0,4,8,2
24500,"Great Falls, MT",2019-04-01,1,6,6,1,14,22,3
24500,"Great Falls, MT",2019-05-01,3,5,6,0,14,36,6
24500,"Great Falls, MT",2019-06-01,1,13,4,0,18,54,7
24500,"Great Falls, MT",2019-07-01,1,11,3,0,15,69,8
24500,"Great Falls, MT",2019-08-01,0,10,4,0,14,83,8
24500,"Great Falls, MT",2019-09-01,0,13,4,0,17,100,8
24500,"Great Falls, MT",2019-10-01,1,9,2,1,13,113,9
24500,"Great Falls, MT",2019-11-01,1,10,3,1,15,128,10
24500,"Great Falls, MT",2019-12-01,1,12,5,0,18,146,11
24500,"Great Falls, MT",2020-01-01,1,13,2,1,17,163,12
24500,"Great Falls, MT",2020-02-01,3,25,2,0,30,193,15
24500,"Great Falls, MT",2020-03-01,3,28,7,0,38,231,18
24500,"Great Falls, MT",2020-04-01,13,40,9,0,62,293,31
24500,"Great Falls, MT",2020-05-01,22,34,4,1,61,354,53
24500,"Great Falls, MT",2020-06-01,6,52,8,1,67,421,59
24500,"Great Falls, MT",2020-07-01,18,38,11,1,68,489,77
24500,"Great Falls, MT",2020-08-01,16,69,11,0,96,585,93
24500,"Great Falls, MT",2020-09-01,4,49,9,0,62,647,97
24500,"Great Falls, MT",2020-10-01,18,55,11,0,84,731,115
24500,"Great Falls, MT",2020-11-01,7,30,4,1,42,773,122
24500,"Great Falls, MT",2020-12-01,17,35,7,0,59,832,139
24500,"Great Falls, MT",2021-01-01,16,26,9,1,52,884,155
24500,"Great Falls, MT",2021-02-01,10,34,7,1,52,936,165
24500,"Great Falls, MT",2021-03-01,19,61,21,1,102,1038,184
24500,"Great Falls, MT",2021-04-01,17,47,10,3,77,1115,201
24500,"Great Falls, MT",2021-05-01,17,52,5,0,74,1189,218
24500,"Great Falls, MT",2021-06-01,22,55,7,1,85,1274,240
24500,"Great Falls, MT",2021-07-01,14,47,10,1,72,1346,254
24500,"Great Falls, MT",2021-08-01,14,28,16,0,58,1404,268
24500,"Great Falls, MT",2021-09-01,11,38,12,1,62,1466,279
24500,"Great Falls, MT",2021-10-01,14,30,7,1,52,1518,293
24500,"Great Falls, MT",2021-11-01,13,30,12,0,55,1573,306
24500,"Great Falls, MT",2021-12-01,18,34,9,1,62,1635,324
24500,"Great Falls, MT",2022-01-01,15,59,13,3,90,1725,339
24500,"Great Falls, MT",2022-02-01,22,23,15,1,61,1786,361
24500,"Great Falls, MT",2022-03-01,9,49,13,1,72,1858,370
24500,"Great Falls, MT",2022-04-01,16,36,10,0,62,1920,386
24500,"Great Falls, MT",2022-05-01,18,38,17,1,74,1994,404
24500,"Great Falls, MT",2022-06-01,13,24,6,0,43,2037,417
24500,"Great Falls, MT",2022-07-01,18,34,9,0,61,2098,435
24500,"Great Falls, MT",2022-08-01,30,58,10,1,99,2197,465
24500,"Great Falls, MT",2022-09-01,23,53,12,0,88,2285,488
24500,"Great Falls, MT",2022-10-01,28,44,7,0,79,2364,516
24500,"Great Falls, MT",2022-11-01,18,39,9,2,68,2432,534
24500,"Great Falls, MT",2022-12-01,19,38,16,2,75,2507,553
24500,"Great Falls, MT",2023-01-01,23,37,10,2,72,2579,576
24500,"Great Falls, MT",2023-02-01,29,28,14,0,71,2650,605
24500,"Great Falls, MT",2023-03-01,33,45,16,1,95,2745,638
24500,"Great Falls, MT",2023-04-01,24,27,9,2,62,2807,662
24500,"Great Falls, MT",2023-05-01,18,22,5,0,45,2852,680
24500,"Great Falls, MT",2023-06-01,15,24,7,0,46,2898,695
24500,"Great Falls, MT",2023-07-01,24,38,9,0,71,2969,719
24500,"Great Falls, MT",2023-08-01,13,31,3,1,48,3017,732
24500,"Great Falls, MT",2023-09-01,27,32,13,2,74,3091,759
24500,"Great Falls, MT",2023-10-01,18,24,9,0,51,3142,777
24500,"Great Falls, MT",2023-11-01,27,32,10,2,71,3213,804
24500,"Great Falls, MT",2023-12-01,24,24,5,1,54,3267,828
24500,"Great Falls, MT",2024-01-01,30,20,9,2,61,3328,858
24500,"Great Falls, MT",2024-02-01,31,22,5,0,58,3386,889
24500,"Great Falls, MT",2024-03-01,22,35,6,2,65,3451,911
24500,"Great Falls, MT",2024-04-01,24,41,10,0,75,3526,935
24500,"Great Falls, MT",2024-05-01,19,27,10,0,56,3582,954
24500,"Great Falls, MT",2024-06-01,7,8,4,2,21,3603,961
24500,"Great Falls, MT",2024-07-01,31,34,11,0,76,3679,992
24500,"Great Falls, MT",2024-08-01,17,29,9,0,55,3734,1009
24500,"Great Falls, MT",2024-09-01,26,33,5,0,64,3798,1035
24500,"Great Falls, MT",2024-10-01,24,40,14,1,79,3877,1059
24500,"Great Falls, MT",2024-11-01,36,42,14,1,93,3970,1095
24500,"Great Falls, MT",2024-12-01,37,28,11,2,78,4048,1132
24500,"Great Falls, MT",2025-01-01,27,35,12,2,76,4124,1159
24500,"Great Falls, MT",2025-02-01,24,24,10,3,61,4185,1183
24500,"Great Falls, MT",2025-03-01,30,35,15,0,80,4265,1213
24500,"Great Falls, MT",2025-04-01,44,40,5,1,90,4355,1257
24500,"Great Falls, MT",2025-05-01,30,36,13,0,79,4434,1287
24500,"Great Falls, MT",2025-06-01,31,48,10,0,89,4523,1318
24500,"Great Falls, MT",2025-07-01,25,37,13,3,78,4601,1343
24500,"Great Falls, MT",2025-08-01,27,24,14,1,66,4667,1370
24500,"Great Falls, MT",2025-09-01,0,2,0,0,2,4669,1370
32140,"Marshall, MN",2019-02-01,0,1,0,0,1,1,0
32140,"Marshall, MN",2019-03-01,0,1,0,0,1,2,0
32140,"Marshall, MN",2019-04-01,0,2,0,0,2,4,0
32140,"Marshall, MN",2019-05-01,0,1,0,0,1,5,0
32140,"Marshall, MN",2019-06-01,0,2,0,1,3,8,0
32140,"Marshall, MN",2019-07-01,0,0,1,0,1,9,0
32140,"Marshall, MN",2019-09-01,0,3,0,0,3,12,0
32140,"Marshall, MN",2019-10-01,0,1,0,0,1,13,0
32140,"Marshall, MN",2019-11-01,0,1,1,0,2,15,0
32140,"Marshall, MN",2019-12-01,0,1,2,0,3,18,0
32140,"Marshall, MN",2020-01-01,0,0,2,0,2,20,0
32140,"Marshall, MN",2020-02-01,0,0,1,0,1,21,0
32140,"Marshall, MN",2020-03-01,1,3,2,0,6,27,1
32140,"Marshall, MN",2020-04-01,1,1,1,0,3,30,2
32140,"Marshall, MN",2020-05-01,1,2,2,0,5,35,3
32140,"Marshall, MN",2020-06-01,1,1,0,0,2,37,4
32140,"Marshall, MN",2020-07-01,1,3,1,0,5,42,5
32140,"Marshall, MN",2020-08-01,2,4,0,0,6,48,7
32140,"Marshall, MN",2020-09-01,3,2,0,0,5,53,10
32140,"Marshall, MN",2020-10-01,3,2,1,0,6,59,13
32140,"Marshall, MN",2020-11-01,2,3,0,0,5,64,15
32140,"Marshall, MN",2020-12-01,4,21,1,0,26,90,19
32140,"Marshall, MN",2021-01-01,9,24,2,2,37,127,28
32140,"Marshall, MN",2021-02-01,3,14,3,0,20,147,31
32140,"Marshall, MN",2021-03-01,8,16,2,1,27,174,39
32140,"Marshall, MN",2021-04-01,7,10,1,0,18,192,46
32140,"Marshall, MN",2021-05-01,5,7,0,0,12,204,51
32140,"Marshall, MN",2021-06-01,3,12,4,0,19,223,54
32140,"Marshall, MN",2021-07-01,6,9,0,0,15,238,60
32140,"Marshall, MN",2021-08-01,2,14,2,0,18,256,62
32140,"Marshall, MN",2021-09-01,5,7,2,0,14,270,67
32140,"Marshall, MN",2021-10-01,4,6,1,0,11,281,71
32140,"Marshall, MN",2021-11-01,3,9,3,0,15,296,74
32140,"Marshall, MN",2021-12-01,5,8,2,0,15,311,79
32140,"Marshall, MN",2022-01-01,7,19,3,0,29,340,86
32140,"Marshall, MN",2022-02-01,5,6,3,0,14,354,91
32140,"Marshall, MN",2022-03-01,3,10,2,0,15,369,94
32140,"Marshall, MN",2022-04-01,3,5,2,0,10,379,97
32140,"Marshall, MN",2022-05-01,6,9,3,0,18,397,103
32140,"Marshall, MN",2022-06-01,6,8,0,0,14,411,109
32140,"Marshall, MN",2022-07-01,3,5,0,0,8,419,112
32140,"Marshall, MN",2022-08-01,8,3,2,0,13,432,120
32140,"Marshall, MN",2022-09-01,9,3,0,0,12,444,129
32140,"Marshall, MN",2022-10-01,3,6,1,0,10,454,132
32140,"Marshall, MN",2022-11-01,3,3,1,1,8,462,135
32140,"Marshall, MN",2022-12-01,9,3,2,0,14,476,144
32140,"Marshall, MN",2023-01-01,8,12,1,0,21,497,152
32140,"Marshall, MN",2023-02-01,2,9,2,0,13,510,154
32140,"Marshall, MN",2023-03-01,7,6,4,0,17,527,161
32140,"Marshall, MN",2023-04-01,5,9,2,0,16,543,166
32140,"Marshall, MN",2023-05-01,1,8,1,0,10,553,167
32140,"Marshall, MN",2023-06-01,5,7,1,0,13,566,172
32140,"Marshall, MN",2023-07-01,6,10,3,1,20,586,178
32140,"Marshall, MN",2023-08-01,3,2,3,0,8,594,181
32140,"Marshall, MN",2023-09-01,1,4,1,0,6,600,182
32140,"Marshall, MN",2023-10-01,6,5,0,0,11,611,188
32140,"Marshall, MN",2023-11-01,5,10,2,0,17,628,193
32140,"Marshall, MN",2023-12-01,6,6,2,0,14,642,199
32140,"Marshall, MN",2024-01-01,10,8,3,0,21,663,209
32140,"Marshall, MN",2024-02-01,9,5,0,0,14,677,218
32140,"Marshall, MN",2024-03-01,7,8,2,0,17,694,225
32140,"Marshall, MN",2024-04-01,7,6,1,0,14,708,232
32140,"Marshall, MN",2024-05-01,3,6,0,0,9,717,235
32140,"Marshall, MN",2024-06-01,2,4,0,0,6,723,237
32140,"Marshall, MN",2024-07-01,1,1,1,0,3,726,238
32140,"Marshall, MN",2024-08-01,0,4,0,0,4,730,238
32140,"Marshall, MN",2024-09-01,4,2,0,0,6,736,242
32140,"Marshall, MN",2024-10-01,7,8,2,0,17,753,249
32140,"Marshall, MN",2024-11-01,6,10,2,0,18,771,255
32140,"Marshall, MN",2024-12-01,10,8,3,0,21,792,265
32140,"Marshall, MN",2025-01-01,12,2,2,0,16,808,277
32140,"Marshall, MN",2025-02-01,7,5,1,0,13,821,284
32140,"Marshall, MN",2025-03-01,12,5,4,0,21,842,296
32140,"Marshall, MN",2025-04-01,7,4,1,0,12,854,303
32140,"Marshall, MN",2025-05-01,3,11,0,0,14,868,306
32140,"Marshall, MN",2025-06-01,11,6,3,0,20,888,317
32140,"Marshall, MN",2025-07-01,3,5,0,0,8,896,320
32140,"Marshall, MN",2025-08-01,3,3,0,0,6,902,323
32140,"Marshall, MN",2025-09-01,0,1,0,0,1,903,323
43890,"Sparta, WI",2019-02-01,1,0,0,0,1,1,1
43890,"Sparta, WI",2019-04-01,0,0,1,0,1,2,1
43890,"Sparta, WI",2019-05-01,0,1,0,1,2,4,1
43890,"Sparta, WI",2019-06-01,0,1,0,0,1,5,1
43890,"Sparta, WI",2019-09-01,0,0,1,0,1,6,1
43890,"Sparta, WI",2019-10-01,0,4,0,0,4,10,1
43890,"Sparta, WI",2019-12-01,0,0,1,0,1,11,1
43890,"Sparta, WI",2020-01-01,0,1,0,0,1,12,1
43890,"Sparta, WI",2020-03-01,0,2,0,0,2,14,1
43890,"Sparta, WI",2020-04-01,0,0,1,0,1,15,1
43890,"Sparta, WI",2020-05-01,1,2,2,0,5,20,2
43890,"Sparta, WI",2020-06-01,0,2,0,0,2,22,2
43890,"Sparta, WI",2020-07-01,0,2,0,0,2,24,2
43890,"Sparta, WI",2020-08-01,1,2,0,0,3,27,3
43890,"Sparta, WI",2020-09-01,0,2,0,0,2,29,3
43890,"Sparta, WI",2020-10-01,1,2,1,0,4,33,4
43890,"Sparta, WI",2020-11-01,1,0,2,0,3,36,5
43890,"Sparta, WI",2020-12-01,4,6,1,0,11,47,9
43890,"Sparta, WI",2021-01-01,2,5,2,0,9,56,11
43890,"Sparta, WI",2021-02-01,2,4,1,0,7,63,13
43890,"Sparta, WI",2021-03-01,2,3,1,0,6,69,15
43890,"Sparta, WI",2021-04-01,1,5,5,0,11,80,16
43890,"Sparta, WI",2021-05-01,3,10,0,0,13,93,19
43890,"Sparta, WI",2021-06-01,2,11,2,0,15,108,21
43890,"Sparta, WI",2021-07-01,2,9,2,1,14,122,23
43890,"Sparta, WI",2021-08-01,7,10,1,0,18,140,30
43890,"Sparta, WI",2021-09-01,2,11,3,0,16,156,32
43890,"Sparta, WI",2021-10-01,6,19,2,0,27,183,38
43890,"Sparta, WI",2021-11-01,3,19,0,0,22,205,41
43890,"Sparta, WI",2021-12-01,2,11,3,1,17,222,43
43890,"Sparta, WI",2022-01-01,11,20,6,0,37,259,54
43890,"Sparta, WI",2022-02-01,9,17,3,0,29,288,63
43890,"Sparta, WI",2022-03-01,9,11,8,0,28,316,72
43890,"Sparta, WI",2022-04-01,6,9,7,0,22,338,78
43890,"Sparta, WI",2022-05-01,4,15,4,0,23,361,82
43890,"Sparta, WI",2022-06-01,10,16,3,0,29,390,92
43890,"Sparta, WI",2022-07-01,7,20,4,1,32,422,99
43890,"Sparta, WI",2022-08-01,5,12,5,0,22,444,104
43890,"Sparta, WI",2022-09-01,4,8,2,0,14,458,108
43890,"Sparta, WI",2022-10-01,10,5,3,0,18,476,118
43890,"Sparta, WI",2022-11-01,2,14,5,1,22,498,120
43890,"Sparta, WI",2022-12-01,5,7,4,0,16,514,125
43890,"Sparta, WI",2023-01-01,8,11,3,0,22,536,133
43890,"Sparta, WI",2023-02-01,10,15,5,0,30,566,143
43890,"Sparta, WI",2023-03-01,10,14,4,0,28,594,153
43890,"Sparta, WI",2023-04-01,7,15,6,0,28,622,160
43890,"Sparta, WI",2023-05-01,2,11,7,0,20,642,162
43890,"Sparta, WI",2023-06-01,8,7,6,0,21,663,170
43890,"Sparta, WI",2023-07-01,5,16,2,0,23,686,175
43890,"Sparta, WI",2023-08-01,6,7,4,0,17,703,181
43890,"Sparta, WI",2023-09-01,4,7,6,0,17,720,185
43890,"Sparta, WI",2023-10-01,8,12,0,4,24,744,193
43890,"Sparta, WI",2023-11-01,4,6,5,0,15,759,197
43890,"Sparta, WI",2023-12-01,10,12,3,0,25,784,207
43890,"Sparta, WI",2024-01-01,4,11,8,0,23,807,211
43890,"Sparta, WI",2024-02-01,8,5,5,0,18,825,219
43890,"Sparta, WI",2024-03-01,1,13,3,0,17,842,220
43890,"Sparta, WI",2024-04-01,5,14,4,0,23,865,225
43890,"Sparta, WI",2024-05-01,5,8,1,0,14,879,230
43890,"Sparta, WI",2024-06-01,3,8,2,0,13,892,233
43890,"Sparta, WI",2024-07-01,4,2,2,0,8,900,237
43890,"Sparta, WI",2024-08-01,3,1,0,0,4,904,240
43890,"Sparta, WI",2024-09-01,5,8,2,0,15,919,245
43890,"Sparta, WI",2024-10-01,11,14,3,0,28,947,256
43890,"Sparta, WI",2024-11-01,10,12,5,0,27,974,266
43890,"Sparta, WI",2024-12-01,13,9,3,1,26,1000,279
43890,"Sparta, WI",2025-01-01,9,10,3,1,23,1023,288
43890,"Sparta, WI",2025-02-01,8,5,3,0,16,1039,296
43890,"Sparta, WI",2025-03-01,8,13,5,0,26,1065,304
43890,"Sparta, WI",2025-04-01,8,11,6,1,26,1091,312
43890,"Sparta, WI",2025-05-01,10,13,1,0,24,1115,322
43890,"Sparta, WI",2025-06-01,5,18,5,0,28,1143,327
43890,"Sparta, WI",2025-07-01,2,9,3,0,14,1157,329
43890,"Sparta, WI",2025-08-01,10,10,3,0,23,1180,339
47940,"Waterloo-Cedar Falls, IA",2019-01-01,0,5,0,0,5,5,0
47940,"Waterloo-Cedar Falls, IA",2019-02-01,0,5,0,0,5,10,0
47940,"Waterloo-Cedar Falls, IA",2019-03-01,0,21,5,1,27,37,0
47940,"Waterloo-Cedar Falls, IA",2019-04-01,1,31,5,1,38,75,1
47940,"Waterloo-Cedar Falls, IA",2019-05-01,1,23,5,0,29,104,2
47940,"Waterloo-Cedar Falls, IA",2019-06-01,1,30,8,0,39,143,3
47940,"Waterloo-Cedar Falls, IA",2019-07-01,0,19,5,0,24,167,3
47940,"Waterloo-Cedar Falls, IA",2019-08-01,3,27,2,0,32,199,6
47940,"Waterloo-Cedar Falls, IA",2019-09-01,1,25,7,0,33,232,7
47940,"Waterloo-Cedar Falls, IA",2019-10-01,2,23,2,1,28,260,9
47940,"Waterloo-Cedar Falls, IA",2019-11-01,3,23,2,0,28,288,12
47940,"Waterloo-Cedar Falls, IA",2019-12-01,2,16,6,0,24,312,14
47940,"Waterloo-Cedar Falls, IA",2020-01-01,5,27,5,0,37,349,19
47940,"Waterloo-Cedar Falls, IA",2020-02-01,9,24,4,0,37,386,28
47940,"Waterloo-Cedar Falls, IA",2020-03-01,12,53,14,1,80,466,40
47940,"Waterloo-Cedar Falls, IA",2020-04-01,19,87,15,2,123,589,59
47940,"Waterloo-Cedar Falls, IA",2020-05-01,47,109,15,2,173,762,106
47940,"Waterloo-Cedar Falls, IA",2020-06-01,36,93,11,2,142,904,142
47940,"Waterloo-Cedar Falls, IA",2020-07-01,39,76,12,0,127,1031,181
47940,"Waterloo-Cedar Falls, IA",2020-08-01,55,104,11,3,173,1204,236
47940,"Waterloo-Cedar Falls, IA",2020-09-01,57,78,8,3,146,1350,293
47940,"Waterloo-Cedar Falls, IA",2020-10-01,43,58,7,0,108,1458,336
47940,"Waterloo-Cedar Falls, IA",2020-11-01,38,70,15,1,124,1582,374
47940,"Waterloo-Cedar Falls, IA",2020-12-01,44,71,9,1,125,1707,418
47940,"Waterloo-Cedar Falls, IA",2021-01-01,55,83,13,1,152,1859,473
47940,"Waterloo-Cedar Falls, IA",2021-02-01,61,84,11,0,156,2015,534
47940,"Waterloo-Cedar Falls, IA",2021-03-01,79,99,14,1,193,2208,613
47940,"Waterloo-Cedar Falls, IA",2021-04-01,52,97,16,0,165,2373,665
47940,"Waterloo-Cedar Falls, IA",2021-05-01,28,70,16,1,115,2488,693
47940,"Waterloo-Cedar Falls, IA",2021-06-01,44,63,13,1,121,2609,737
47940,"Waterloo-Cedar Falls, IA",2021-07-01,30,57,6,0,93,2702,767
47940,"Waterloo-Cedar Falls, IA",2021-08-01,33,60,3,1,97,2799,800
47940,"Waterloo-Cedar Falls, IA",2021-09-01,27,60,8,3,98,2897,827
47940,"Waterloo-Cedar Falls, IA",2021-10-01,28,49,12,0,89,2986,855
47940,"Waterloo-Cedar Falls, IA",2021-11-01,40,58,10,3,111,3097,895
47940,"Waterloo-Cedar Falls, IA",2021-12-01,54,86,24,2,166,3263,949
47940,"Waterloo-Cedar Falls, IA",2022-01-01,90,118,18,4,230,3493,1039
47940,"Waterloo-Cedar Falls, IA",2022-02-01,62,77,19,3,161,3654,1101
47940,"Waterloo-Cedar Falls, IA",2022-03-01,76,101,19,1,197,3851,1177
47940,"Waterloo-Cedar Falls, IA",2022-04-01,42,50,17,0,109,3960,1219
47940,"Waterloo-Cedar Falls, IA",2022-05-01,35,65,8,2,110,4070,1254
47940,"Waterloo-Cedar Falls, IA",2022-06-01,35,62,12,1,110,4180,1289
47940,"Waterloo-Cedar Falls, IA",2022-07-01,27,52,16,1,96,4276,1316
47940,"Waterloo-Cedar Falls, IA",2022-08-01,41,52,16,2,111,4387,1357
47940,"Waterloo-Cedar Falls, IA",2022-09-01,38,49,14,1,102,4489,1395
47940,"Waterloo-Cedar Falls, IA",2022-10-01,48,61,17,1,127,4616,1443
47940,"Waterloo-Cedar Falls, IA",2022-11-01,53,57,17,0,127,4743,1496
47940,"Waterloo-Cedar Falls, IA",2022-12-01,50,59,13,1,123,4866,1546
47940,"Waterloo-Cedar Falls, IA",2023-01-01,66,63,18,2,149,5015,1612
47940,"Waterloo-Cedar Falls, IA",2023-02-01,88,58,13,0,159,5174,1700
47940,"Waterloo-Cedar Falls, IA",2023-03-01,71,85,12,3,171,5345,1771
47940,"Waterloo-Cedar Falls, IA",2023-04-01,55,47,22,0,124,5469,1826
47940,"Waterloo-Cedar Falls, IA",2023-05-01,40,37,15,0,92,5561,1866
47940,"Waterloo-Cedar Falls, IA",2023-06-01,42,46,11,1,100,5661,1908
47940,"Waterloo-Cedar Falls, IA",2023-07-01,32,44,7,0,83,5744,1940
47940,"Waterloo-Cedar Falls, IA",2023-08-01,51,53,12,1,117,5861,1991
47940,"Waterloo-Cedar Falls, IA",2023-09-01,74,69,14,2,159,6020,2065
47940,"Waterloo-Cedar Falls, IA",2023-10-01,61,54,17,1,133,6153,2126
47940,"Waterloo-Cedar Falls, IA",2023-11-01,80,66,16,1,163,6316,2206
47940,"Waterloo-Cedar Falls, IA",2023-12-01,60,65,22,3,150,6466,2266
47940,"Waterloo-Cedar Falls, IA",2024-01-01,84,50,19,2,155,6621,2350
47940,"Waterloo-Cedar Falls, IA",2024-02-01,69,56,20,2,147,6768,2419
47940,"Waterloo-Cedar Falls, IA",2024-03-01,80,59,21,1,161,6929,2499
47940,"Waterloo-Cedar Falls, IA",2024-04-01,53,61,13,1,128,7057,2552
47940,"Waterloo-Cedar Falls, IA",2024-05-01,58,60,12,2,132,7189,2610
47940,"Waterloo-Cedar Falls, IA",2024-06-01,62,53,16,3,134,7323,2672
47940,"Waterloo-Cedar Falls, IA",2024-07-01,52,45,10,2,109,7432,2724
47940,"Waterloo-Cedar Falls, IA",2024-08-01,23,23,10,1,57,7489,2747
47940,"Waterloo-Cedar Falls, IA",2024-09-01,71,63,18,3,155,7644,2818
47940,"Waterloo-Cedar Falls, IA",2024-10-01,95,62,16,1,174,7818,2913
47940,"Waterloo-Cedar Falls, IA",2024-11-01,80,69,28,2,179,7997,2993
47940,"Waterloo-Cedar Falls, IA",2024-12-01,74,65,17,1,157,8154,3067
47940,"Waterloo-Cedar Falls, IA",2025-01-01,93,58,20,2,173,8327,3160
47940,"Waterloo-Cedar Falls, IA",2025-02-01,80,47,17,1,145,8472,3240
47940,"Waterloo-Cedar Falls, IA",2025-03-01,111,51,9,0,171,8643,3351
47940,"Waterloo-Cedar Falls, IA",2025-04-01,74,66,14,3,157,8800,3425
47940,"Waterloo-Cedar Falls, IA",2025-05-01,61,56,10,1,128,8928,3486
47940,"Waterloo-Cedar Falls, IA",2025-06-01,71,52,8,1,132,9060,3557
47940,"Waterloo-Cedar Falls, IA",2025-07-01,56,60,15,6,137,9197,3613
47940,"Waterloo-Cedar Falls, IA",2025-08-01,76,61,12,0,149,9346,3689
47940,"Waterloo-Cedar Falls, IA",2025-09-01,5,1,0,0,6,9352,3694
48180,"Waycross, GA",2019-01-01,0,2,1,1,4,4,0
48180,"Waycross, GA",2019-02-01,0,3,1,0,4,8,0
48180,"Waycross, GA",2019-03-01,0,2,1,0,3,11,0
48180,"Waycross, GA",2019-04-01,0,2,0,0,2,13,0
48180,"Waycross, GA",2019-05-01,0,5,3,0,8,21,0
48180,"Waycross, GA",2019-06-01,0,17,3,0,20,41,0
48180,"Waycross, GA",2019-07-01,0,19,9,0,28,69,0
48180,"Waycross, GA",2019-08-01,0,12,6,0,18,87,0
48180,"Waycross, GA",2019-09-01,1,11,1,1,14,101,1
48180,"Waycross, GA",2019-10-01,0,12,10,0,22,123,1
48180,"Waycross, GA",2019-11-01,0,7,1,1,9,132,1
48180,"Waycross, GA",2019-12-01,0,7,3,1,11,143,1
48180,"Waycross, GA",2020-01-01,3,6,4,0,13,156,4
48180,"Waycross, GA",2020-02-01,2,10,2,0,14,170,6
48180,"Waycross, GA",2020-03-01,2,11,4,0,17,187,8
48180,"Waycross, GA",2020-04-01,4,18,7,2,31,218,12
48180,"Waycross, GA",2020-05-01,9,22,4,0,35,253,21
48180,"Waycross, GA",2020-06-01,1,18,3,0,22,275,22
48180,"Waycross, GA",2020-07-01,3,28,3,0,34,309,25
48180,"Waycross, GA",2020-08-01,7,31,13,1,52,361,32
48180,"Waycross, GA",2020-09-01,5,27,8,2,42,403,37
48180,"Waycross, GA",2020-10-01,3,18,7,1,29,432,40
48180,"Waycross, GA",2020-11-01,4,28,4,0,36,468,44
48180,"Waycross, GA",2020-12-01,9,14,5,0,28,496,53
48180,"Waycross, GA",2021-01-01,8,35,7,0,50,546,61
48180,"Waycross, GA",2021-02-01,8,43,5,1,57,603,69
48180,"Waycross, GA",2021-03-01,8,32,6,1,47,650,77
48180,"Waycross, GA",2021-04-01,5,62,12,2,81,731,82
48180,"Waycross, GA",2021-05-01,9,36,12,3,60,791,91
48180,"Waycross, GA",2021-06-01,11,43,7,0,61,852,102
48180,"Waycross, GA",2021-07-01,15,37,18,2,72,924,117
48180,"Waycross, GA",2021-08-01,6,40,4,3,53,977,123
48180,"Waycross, GA",2021-09-01,7,43,14,1,65,1042,130
48180,"Waycross, GA",2021-10-01,6,24,10,1,41,1083,136
48180,"Waycross, GA",2021-11-01,3,22,10,2,37,1120,139
48180,"Waycross, GA",2021-12-01,14,25,6,2,47,1167,153
48180,"Waycross, GA",2022-01-01,11,40,15,0,66,1233,164
48180,"Waycross, GA",2022-02-01,8,21,6,1,36,1269,172
48180,"Waycross, GA",2022-03-01,20,43,12,1,76,1345,192
48180,"Waycross, GA",2022-04-01,7,31,7,1,46,1391,199
48180,"Waycross, GA",2022-05-01,14,41,12,2,69,1460,213
48180,"Waycross, GA",2022-06-01,4,17,16,2,39,1499,217
48180,"Waycross, GA",2022-07-01,13,33,6,1,53,1552,230
48180,"Waycross, GA",2022-08-01,14,17,10,0,41,1593,244
48180,"Waycross, GA",2022-09-01,14,25,9,2,50,1643,258
48180,"Waycross, GA",2022-10-01,11,29,12,1,53,1696,269
48180,"Waycross, GA",2022-11-01,8,32,10,1,51,1747,277
48180,"Waycross, GA",2022-12-01,16,28,14,3,61,1808,293
48180,"Waycross, GA",2023-01-01,10,25,9,1,45,1853,303
48180,"Waycross, GA",2023-02-01,9,29,4,0,42,1895,312
48180,"Waycross, GA",2023-03-01,29,41,13,0,83,1978,341
48180,"Waycross, GA",2023-04-01,6,38,3,0,47,2025,347
48180,"Waycross, GA",2023-05-01,7,27,4,2,40,2065,354
48180,"Waycross, GA",2023-06-01,14,27,7,2,50,2115,368
48180,"Waycross, GA",2023-07-01,11,20,10,0,41,2156,379
48180,"Waycross, GA",2023-08-01,14,24,10,2,50,2206,393
48180,"Waycross, GA",2023-09-01,11,26,11,1,49,2255,404
48180,"Waycross, GA",2023-10-01,10,25,11,5,51,2306,414
48180,"Waycross, GA",2023-11-01,10,33,5,0,48,2354,424
48180,"Waycross, GA",2023-12-01,22,26,14,3,65,2419,446
48180,"Waycross, GA",2024-01-01,24,33,8,1,66,2485,470
48180,"Waycross, GA",2024-02-01,16,21,8,1,46,2531,486
48180,"Waycross, GA",2024-03-01,32,41,8,0,81,2612,518
48180,"Waycross, GA",2024-04-01,17,37,9,1,64,2676,535
48180,"Waycross, GA",2024-05-01,21,31,4,1,57,2733,556
48180,"Waycross, GA",2024-06-01,11,13,6,2,32,2765,567
48180,"Waycross, GA",2024-07-01,4,15,5,1,25,2790,571
48180,"Waycross, GA",2024-08-01,4,18,6,0,28,2818,575
48180,"Waycross, GA",2024-09-01,9,20,6,0,35,2853,584
48180,"Waycross, GA",2024-10-01,15,31,10,1,57,2910,599
48180,"Waycross, GA",2024-11-01,14,27,7,0,48,2958,613
48180,"Waycross, GA",2024-12-01,14,29,13,3,59,3017,627
48180,"Waycross, GA",2025-01-01,21,27,11,1,60,3077,648
48180,"Waycross, GA",2025-02-01,18,30,7,2,57,3134,666
48180,"Waycross, GA",2025-03-01,24,35,14,2,75,3209,690
48180,"Waycross, GA",2025-04-01,13,37,12,0,62,3271,703
48180,"Waycross, GA",2025-05-01,26,30,5,1,62,3333,729
48180,"Waycross, GA",2025-06-01,20,37,9,0,66,3399,749
48180,"Waycross, GA",2025-07-01,18,28,9,0,55,3454,767
48180,"Waycross, GA",2025-08-01,23,35,10,1,69,3523,790
20540,"Dyersburg, TN",2019-01-01,0,1,1,0,2,2,0
20540,"Dyersburg, TN",2019-02-01,0,1,1,0,2,4,0
20540,"Dyersburg, TN",2019-03-01,0,3,0,0,3,7,0
20540,"Dyersburg, TN",2019-05-01,0,4,1,0,5,12,0
20540,"Dyersburg, TN",2019-06-01,0,7,2,2,11,23,0
20540,"Dyersburg, TN",2019-07-01,0,7,4,0,11,34,0
20540,"Dyersburg, TN",2019-08-01,1,3,0,0,4,38,1
20540,"Dyersburg, TN",2019-09-01,0,3,2,0,5,43,1
20540,"Dyersburg, TN",2019-10-01,0,6,2,0,8,51,1
20540,"Dyersburg, TN",2019-11-01,0,8,0,0,8,59,1
20540,"Dyersburg, TN",2019-12-01,0,7,1,0,8,67,1
20540,"Dyersburg, TN",2020-01-01,1,12,3,0,16,83,2
20540,"Dyersburg, TN",2020-02-01,1,13,1,0,15,98,3
20540,"Dyersburg, TN",2020-03-01,2,14,6,1,23,121,5
20540,"Dyersburg, TN",2020-04-01,5,17,8,0,30,151,10
20540,"Dyersburg, TN",2020-05-01,7,18,6,0,31,182,17
20540,"Dyersburg, TN",2020-06-01,3,22,3,0,28,210,20
20540,"Dyersburg, TN",2020-07-01,7,18,4,0,29,239,27
20540,"Dyersburg, TN",2020-08-01,1,15,3,0,19,258,28
20540,"Dyersburg, TN",2020-09-01,1,20,4,1,26,284,29
20540,"Dyersburg, TN",2020-10-01,5,14,5,1,25,309,34
20540,"Dyersburg, TN",2020-11-01,5,26,4,1,36,345,39
20540,"Dyersburg, TN",2020-12-01,9,23,5,0,37,382,48
20540,"Dyersburg, TN",2021-01-01,13,36,9,0,58,440,61
20540,"Dyersburg, TN",2021-02-01,8,27,5,0,40,480,69
20540,"Dyersburg, TN",2021-03-01,9,40,3,1,53,533,78
20540,"Dyersburg, TN",2021-04-01,15,50,8,1,74,607,93
20540,"Dyersburg, TN",2021-05-01,7,52,13,1,73,680,100
20540,"Dyersburg, TN",2021-06-01,11,31,7,1,50,730,111
20540,"Dyersburg, TN",2021-07-01,10,45,12,1,68,798,121
20540,"Dyersburg, TN",2021-08-01,7,33,9,1,50,848,128
20540,"Dyersburg, TN",2021-09-01,5,34,17,1,57,905,133
20540,"Dyersburg, TN",2021-10-01,17,30,7,2,56,961,150
20540,"Dyersburg, TN",2021-11-01,12,30,10,0,52,1013,162
20540,"Dyersburg, TN",2021-12-01,11,30,10,1,52,1065,173
20540,"Dyersburg, TN",2022-01-01,12,41,11,2,66,1131,185
20540,"Dyersburg, TN",2022-02-01,14,31,7,2,54,1185,199
20540,"Dyersburg, TN",2022-03-01,18,36,14,1,69,1254,217
20540,"Dyersburg, TN",2022-04-01,9,48,9,0,66,1320,226
20540,"Dyersburg, TN",2022-05-01,8,48,6,0,62,1382,234
20540,"Dyersburg, TN",2022-06-01,11,33,3,1,48,1430,245
20540,"Dyersburg, TN",2022-07-01,9,30,14,0,53,1483,254
20540,"Dyersburg, TN",2022-08-01,8,23,12,0,43,1526,262
20540,"Dyersburg, TN",2022-09-01,8,28,9,1,46,1572,270
20540,"Dyersburg, TN",2022-10-01,5,29,7,0,41,1613,275
20540,"Dyersburg, TN",2022-11-01,11,24,4,0,39,1652,286
20540,"Dyersburg, TN",2022-12-01,6,23,5,2,36,1688,292
20540,"Dyersburg, TN",2023-01-01,11,16,8,0,35,1723,303
20540,"Dyersburg, TN",2023-02-01,17,30,8,0,55,1778,320
20540,"Dyersburg, TN",2023-03-01,16,47,13,0,76,1854,336
20540,"Dyersburg, TN",2023-04-01,20,41,9,1,71,1925,356
20540,"Dyersburg, TN",2023-05-01,10,31,9,1,51,1976,366
20540,"Dyersburg, TN",2023-06-01,18,32,6,1,57,2033,384
20540,"Dyersburg, TN",2023-07-01,14,27,5,3,49,2082,398
20540,"Dyersburg, TN",2023-08-01,15,22,9,0,46,2128,413
20540,"Dyersburg, TN",2023-09-01,19,21,2,1,43,2171,432
20540,"Dyersburg, TN",2023-10-01,22,32,11,0,65,2236,454
20540,"Dyersburg, TN",2023-11-01,12,26,13,2,53,2289,466
20540,"Dyersburg, TN",2023-12-01,21,30,9,0,60,2349,487
20540,"Dyersburg, TN",2024-01-01,27,30,10,1,68,2417,514
20540,"Dyersburg, TN",2024-02-01,19,33,9,0,61,2478,533
20540,"Dyersburg, TN",2024-03-01,30,25,4,5,64,2542,563
20540,"Dyersburg, TN",2024-04-01,22,38,6,0,66,2608,585
20540,"Dyersburg, TN",2024-05-01,23,23,8,0,54,2662,608
20540,"Dyersburg, TN",2024-06-01,12,23,7,3,45,2707,620
20540,"Dyersburg, TN",2024-07-01,8,22,6,0,36,2743,628
20540,"Dyersburg, TN",2024-08-01,24,47,12,4,87,2830,652
20540,"Dyersburg, TN",2024-09-01,20,20,10,2,52,2882,672
20540,"Dyersburg, TN",2024-10-01,22,35,4,3,64,2946,694
20540,"Dyersburg, TN",2024-11-01,27,29,12,2,70,3016,721
20540,"Dyersburg, TN",2024-12-01,21,28,10,0,59,3075,742
20540,"Dyersburg, TN",2025-01-01,27,24,12,0,63,3138,769
20540,"Dyersburg, TN",2025-02-01,28,34,14,2,78,3216,797
20540,"Dyersburg, TN",2025-03-01,34,27,12,0,73,3289,831
20540,"Dyersburg, TN",2025-04-01,23,39,7,1,70,3359,854
20540,"Dyersburg, TN",2025-05-01,20,20,6,2,48,3407,874
20540,"Dyersburg, TN",2025-06-01,16,20,10,0,46,3453,890
20540,"Dyersburg, TN",2025-07-01,17,18,11,0,46,3499,907
20540,"Dyersburg, TN",2025-08-01,13,22,6,0,41,3540,920
23300,"Freeport, IL",2019-01-01,0,0,1,0,1,1,0
23300,"Freeport, IL",2019-03-01,0,3,1,0,4,5,0
23300,"Freeport, IL",2019-04-01,0,2,1,0,3,8,0
23300,"Freeport, IL",2019-05-01,0,2,1,0,3,11,0
23300,"Freeport, IL",2019-06-01,0,1,1,0,2,13,0
23300,"Freeport, IL",2019-07-01,0,0,1,0,1,14,0
23300,"Freeport, IL",2019-08-01,0,0,1,0,1,15,0
23300,"Freeport, IL",2019-09-01,0,1,0,0,1,16,0
23300,"Freeport, IL",2019-10-01,0,0,2,1,3,19,0
23300,"Freeport, IL",2019-11-01,0,5,1,0,6,25,0
23300,"Freeport, IL",2020-01-01,0,2,0,0,2,27,0
23300,"Freeport, IL",2020-02-01,0,1,0,0,1,28,0
23300,"Freeport, IL",2020-03-01,0,3,2,0,5,33,0
23300,"Freeport, IL",2020-04-01,0,7,1,0,8,41,0
23300,"Freeport, IL",2020-05-01,2,7,1,0,10,51,2
23300,"Freeport, IL",2020-06-01,1,7,2,0,10,61,3
23300,"Freeport, IL",2020-07-01,2,7,0,0,9,70,5
23300,"Freeport, IL",2020-08-01,3,11,2,0,16,86,8
23300,"Freeport, IL",2020-09-01,2,7,0,0,9,95,10
23300,"Freeport, IL",2020-10-01,7,21,4,0,32,127,17
23300,"Freeport, IL",2020-11-01,2,12,3,0,17,144,19
23300,"Freeport, IL",2020-12-01,4,19,3,0,26,170,23
23300,"Freeport, IL",2021-01-01,12,18,2,1,33,203,35
23300,"Freeport, IL",2021-02-01,14,18,5,0,37,240,49
23300,"Freeport, IL",2021-03-01,15,21,3,0,39,279,64
23300,"Freeport, IL",2021-04-01,4,19,4,0,27,306,68
23300,"Freeport, IL",2021-05-01,16,24,6,0,46,352,84
23300,"Freeport, IL",2021-06-01,11,9,3,0,23,375,95
23300,"Freeport, IL",2021-07-01,9,26,2,0,37,412,104
23300,"Freeport, IL",2021-08-01,7,25,4,1,37,449,111
23300,"Freeport, IL",2021-09-01,12,21,6,1,40,489,123
23300,"Freeport, IL",2021-10-01,12,16,2,1,31,520,135
23300,"Freeport, IL",2021-11-01,8,18,5,1,32,552,143
23300,"Freeport, IL",2021-12-01,6,18,1,1,26,578,149
23300,"Freeport, IL",2022-01-01,6,30,3,1,40,618,155
23300,"Freeport, IL",2022-02-01,6,14,5,1,26,644,161
23300,"Freeport, IL",2022-03-01,15,21,5,2,43,687,176
23300,"Freeport, IL",2022-04-01,8,24,6,2,40,727,184
23300,"Freeport, IL",2022-05-01,4,13,0,0,17,744,188
23300,"Freeport, IL",2022-06-01,1,12,1,0,14,758,189
23300,"Freeport, IL",2022-07-01,8,14,6,1,29,787,197
23300,"Freeport, IL",2022-08-01,8,10,7,0,25,812,205
23300,"Freeport, IL",2022-09-01,4,16,8,1,29,841,209
23300,"Freeport, IL",2022-10-01,6,10,2,1,19,860,215
23300,"Freeport, IL",2022-11-01,9,13,1,1,24,884,224
23300,"Freeport, IL",2022-12-01,5,18,3,0,26,910,229
23300,"Freeport, IL",2023-01-01,11,20,6,0,37,947,240
23300,"Freeport, IL",2023-02-01,10,14,7,0,31,978,250
23300,"Freeport, IL",2023-03-01,19,23,6,0,48,1026,269
23300,"Freeport, IL",2023-04-01,8,11,6,0,25,1051,277
23300,"Freeport, IL",2023-05-01,8,13,4,0,25,1076,285
23300,"Freeport, IL",2023-06-01,10,22,4,0,36,1112,295
23300,"Freeport, IL",2023-07-01,11,14,4,0,29,1141,306
23300,"Freeport, IL",2023-08-01,12,13,3,0,28,1169,318
23300,"Freeport, IL",2023-09-01,9,16,3,2,30,1199,327
23300,"Freeport, IL",2023-10-01,12,19,5,0,36,1235,339
23300,"Freeport, IL",2023-11-01,14,22,4,0,40,1275,353
23300,"Freeport, IL",2023-12-01,20,15,7,1,43,1318,373
23300,"Freeport, IL",2024-01-01,18,13,7,3,41,1359,391
23300,"Freeport, IL",2024-02-01,10,21,5,1,37,1396,401
23300,"Freeport, IL",2024-03-01,17,11,5,1,34,1430,418
23300,"Freeport, IL",2024-04-01,8,17,10,1,36,1466,426
23300,"Freeport, IL",2024-05-01,11,10,4,1,26,1492,437
23300,"Freeport, IL",2024-06-01,9,6,1,0,16,1508,446
23300,"Freeport, IL",2024-07-01,5,8,1,0,14,1522,451
23300,"Freeport, IL",2024-08-01,2,5,4,0,11,1533,453
23300,"Freeport, IL",2024-09-01,9,6,3,0,18,1551,462
23300,"Freeport, IL",2024-10-01,16,17,5,1,39,1590,478
23300,"Freeport, IL",2024-11-01,16,18,6,0,40,1630,494
23300,"Freeport, IL",2024-12-01,18,18,6,0,42,1672,512
23300,"Freeport, IL",2025-01-01,16,17,5,1,39,1711,528
23300,"Freeport, IL",2025-02-01,20,12,3,0,35,1746,548
23300,"Freeport, IL",2025-03-01,23,15,2,0,40,1786,571
23300,"Freeport, IL",2025-04-01,12,19,7,1,39,1825,583
23300,"Freeport, IL",2025-05-01,14,18,3,0,35,1860,597
23300,"Freeport, IL",2025-06-01,13,13,4,0,30,1890,610
23300,"Freeport, IL",2025-07-01,18,9,7,1,35,1925,628
23300,"Freeport, IL",2025-08-01,11,16,1,2,30,1955,639
23300,"Freeport, IL",2025-09-01,1,0,0,0,1,1956,640
40180,"Riverton, WY",2019-04-01,0,1,0,0,1,1,0
40180,"Riverton, WY",2019-06-01,0,1,0,0,1,2,0
40180,"Riverton, WY",2019-07-01,1,0,0,0,1,3,1
40180,"Riverton, WY",2019-11-01,0,1,0,0,1,4,1
40180,"Riverton, WY",2019-12-01,0,1,0,0,1,5,1
40180,"Riverton, WY",2020-01-01,1,0,0,0,1,6,2
40180,"Riverton, WY",2020-02-01,0,1,0,0,1,7,2
40180,"Riverton, WY",2020-04-01,0,3,0,0,3,10,2
40180,"Riverton, WY",2020-05-01,0,1,0,0,1,11,2
40180,"Riverton, WY",2020-06-01,0,1,1,0,2,13,2
40180,"Riverton, WY",2020-07-01,1,3,1,0,5,18,3
40180,"Riverton, WY",2020-08-01,0,0,0,1,1,19,3
40180,"Riverton, WY",2020-09-01,0,1,0,0,1,20,3
40180,"Riverton, WY",2020-10-01,0,5,0,0,5,25,3
40180,"Riverton, WY",2020-11-01,0,3,0,0,3,28,3
40180,"Riverton, WY",2020-12-01,0,2,0,0,2,30,3
40180,"Riverton, WY",2021-01-01,1,2,1,0,4,34,4
40180,"Riverton, WY",2021-02-01,1,6,1,0,8,42,5
40180,"Riverton, WY",2021-03-01,7,9,4,0,20,62,12
40180,"Riverton, WY",2021-04-01,4,9,4,0,17,79,16
40180,"Riverton, WY",2021-05-01,1,6,2,0,9,88,17
40180,"Riverton, WY",2021-06-01,1,12,2,0,15,103,18
40180,"Riverton, WY",2021-07-01,3,8,1,0,12,115,21
40180,"Riverton, WY",2021-08-01,1,6,2,0,9,124,22
40180,"Riverton, WY",2021-09-01,2,6,1,0,9,133,24
40180,"Riverton, WY",2021-10-01,1,12,1,0,14,147,25
40180,"Riverton, WY",2021-11-01,6,10,1,0,17,164,31
40180,"Riverton, WY",2021-12-01,2,7,0,0,9,173,33
40180,"Riverton, WY",2022-01-01,7,18,3,0,28,201,40
40180,"Riverton, WY",2022-02-01,1,13,1,0,15,216,41
40180,"Riverton, WY",2022-03-01,2,7,0,0,9,225,43
40180,"Riverton, WY",2022-04-01,3,15,8,0,26,251,46
40180,"Riverton, WY",2022-05-01,2,8,3,1,14,265,48
40180,"Riverton, WY",2022-06-01,1,8,1,0,10,275,49
40180,"Riverton, WY",2022-07-01,1,8,3,0,12,287,50
40180,"Riverton, WY",2022-08-01,1,7,2,0,10,297,51
40180,"Riverton, WY",2022-09-01,2,7,3,0,12,309,53
40180,"Riverton, WY",2022-10-01,3,7,0,0,10,319,56
40180,"Riverton, WY",2022-11-01,4,7,1,0,12,331,60
40180,"Riverton, WY",2022-12-01,2,6,2,0,10,341,62
40180,"Riverton, WY",2023-01-01,5,8,7,1,21,362,67
40180,"Riverton, WY",2023-02-01,2,3,1,0,6,368,69
40180,"Riverton, WY",2023-03-01,8,8,3,0,19,387,77
40180,"Riverton, WY",2023-04-01,5,8,1,0,14,401,82
40180,"Riverton, WY",2023-05-01,4,7,0,0,11,412,86
40180,"Riverton, WY",2023-06-01,4,7,1,2,14,426,90
40180,"Riverton, WY",2023-07-01,5,6,0,0,11,437,95
40180,"Riverton, WY",2023-08-01,6,6,4,0,16,453,101
40180,"Riverton, WY",2023-09-01,5,8,2,0,15,468,106
40180,"Riverton, WY",2023-10-01,5,7,3,1,16,484,111
40180,"Riverton, WY",2023-11-01,5,7,1,1,14,498,116
40180,"Riverton, WY",2023-12-01,3,5,1,1,10,508,119
40180,"Riverton, WY",2024-01-01,8,4,3,1,16,524,127
40180,"Riverton, WY",2024-02-01,5,6,1,1,13,537,132
40180,"Riverton, WY",2024-03-01,13,4,2,0,19,556,145
40180,"Riverton, WY",2024-04-01,8,7,3,1,19,575,153
40180,"Riverton, WY",2024-05-01,5,6,2,0,13,588,158
40180,"Riverton, WY",2024-06-01,3,6,3,0,12,600,161
40180,"Riverton, WY",2024-08-01,7,5,2,0,14,614,168
40180,"Riverton, WY",2024-09-01,2,4,0,0,6,620,170
40180,"Riverton, WY",2024-10-01,7,9,0,0,16,636,177
40180,"Riverton, WY",2024-11-01,6,6,3,0,15,651,183
40180,"Riverton, WY",2024-12-01,8,4,1,0,13,664,191
40180,"Riverton, WY",2025-01-01,7,7,1,0,15,679,198
40180,"Riverton, WY",2025-02-01,6,4,2,0,12,691,204
40180,"Riverton, WY",2025-03-01,7,5,2,0,14,705,211
40180,"Riverton, WY",2025-04-01,12,6,3,0,21,726,223
40180,"Riverton, WY",2025-05-01,13,7,5,0,25,751,236
40180,"Riverton, WY",2025-06-01,8,7,4,0,19,770,244
40180,"Riverton, WY",2025-07-01,6,3,5,0,14,784,250
40180,"Riverton, WY",2025-08-01,4,14,3,0,21,805,254
40180,"Riverton, WY",2025-09-01,1,1,0,0,2,807,255
28300,"Keene, NH",2019-01-01,0,1,0,1,2,2,0
28300,"Keene, NH",2019-02-01,0,1,1,0,2,4,0
28300,"Keene, NH",2019-03-01,1,2,1,0,4,8,1
28300,"Keene, NH",2019-04-01,0,6,1,0,7,15,1
28300,"Keene, NH",2019-05-01,0,5,1,0,6,21,1
28300,"Keene, NH",2019-06-01,0,10,1,0,11,32,1
28300,"Keene, NH",2019-07-01,1,7,0,0,8,40,2
28300,"Keene, NH",2019-08-01,1,11,3,0,15,55,3
28300,"Keene, NH",2019-09-01,2,11,2,0,15,70,5
28300,"Keene, NH",2019-10-01,0,19,2,0,21,91,5
28300,"Keene, NH",2019-11-01,1,15,1,0,17,108,6
28300,"Keene, NH",2019-12-01,2,10,6,0,18,126,8
28300,"Keene, NH",2020-01-01,0,17,3,0,20,146,8
28300,"Keene, NH",2020-02-01,5,7,2,0,14,160,13
28300,"Keene, NH",2020-03-01,3,11,2,0,16,176,16
28300,"Keene, NH",2020-04-01,4,27,3,1,35,211,20
28300,"Keene, NH",2020-05-01,16,27,4,0,47,258,36
28300,"Keene, NH",2020-06-01,13,16,2,1,32,290,49
28300,"Keene, NH",2020-07-01,4,23,5,1,33,323,53
28300,"Keene, NH",2020-08-01,5,14,3,1,23,346,58
28300,"Keene, NH",2020-09-01,9,20,1,0,30,376,67
28300,"Keene, NH",2020-10-01,6,20,1,1,28,404,73
28300,"Keene, NH",2020-11-01,6,23,4,0,33,437,79
28300,"Keene, NH",2020-12-01,18,23,3,1,45,482,97
28300,"Keene, NH",2021-01-01,20,39,4,2,65,547,117
28300,"Keene, NH",2021-02-01,7,24,4,0,35,582,124
28300,"Keene, NH",2021-03-01,13,30,4,0,47,629,137
28300,"Keene, NH",2021-04-01,25,27,2,2,56,685,162
28300,"Keene, NH",2021-05-01,17,37,6,0,60,745,179
28300,"Keene, NH",2021-06-01,13,32,6,1,52,797,192
28300,"Keene, NH",2021-07-01,8,23,2,0,33,830,200
28300,"Keene, NH",2021-08-01,8,33,6,1,48,878,208
28300,"Keene, NH",2021-09-01,17,34,1,0,52,930,225
28300,"Keene, NH",2021-10-01,12,27,4,0,43,973,237
28300,"Keene, NH",2021-11-01,11,25,4,0,40,1013,248
28300,"Keene, NH",2021-12-01,33,31,7,1,72,1085,281
28300,"Keene, NH",2022-01-01,19,28,7,4,58,1143,300
28300,"Keene, NH",2022-02-01,16,37,6,0,59,1202,316
28300,"Keene, NH",2022-03-01,13,31,10,0,54,1256,329
28300,"Keene, NH",2022-04-01,20,31,7,1,59,1315,349
28300,"Keene, NH",2022-05-01,19,30,4,0,53,1368,368
28300,"Keene, NH",2022-06-01,24,29,4,1,58,1426,392
28300,"Keene, NH",2022-07-01,11,26,8,2,47,1473,403
28300,"Keene, NH",2022-08-01,13,39,3,1,56,1529,416
28300,"Keene, NH",2022-09-01,13,18,5,0,36,1565,429
28300,"Keene, NH",2022-10-01,24,30,14,2,70,1635,453
28300,"Keene, NH",2022-11-01,25,24,6,1,56,1691,478
28300,"Keene, NH",2022-12-01,26,23,5,1,55,1746,504
28300,"Keene, NH",2023-01-01,9,23,7,0,39,1785,513
28300,"Keene, NH",2023-02-01,34,33,3,0,70,1855,547
28300,"Keene, NH",2023-03-01,26,36,9,2,73,1928,573
28300,"Keene, NH",2023-04-01,17,28,5,1,51,1979,590
28300,"Keene, NH",2023-05-01,17,24,4,1,46,2025,607
28300,"Keene, NH",2023-06-01,13,19,7,1,40,2065,620
28300,"Keene, NH",2023-07-01,20,22,2,0,44,2109,640
28300,"Keene, NH",2023-08-01,5,10,4,0,19,2128,645
28300,"Keene, NH",2023-09-01,31,26,9,0,66,2194,676
28300,"Keene, NH",2023-10-01,12,12,8,2,34,2228,688
28300,"Keene, NH",2023-11-01,31,20,4,0,55,2283,719
28300,"Keene, NH",2023-12-01,26,23,9,2,60,2343,745
28300,"Keene, NH",2024-01-01,26,18,6,0,50,2393,771
28300,"Keene, NH",2024-02-01,17,32,9,0,58,2451,788
28300,"Keene, NH",2024-03-01,26,14,3,0,43,2494,814
28300,"Keene, NH",2024-04-01,14,13,6,0,33,2527,828
28300,"Keene, NH",2024-05-01,11,10,4,0,25,2552,839
28300,"Keene, NH",2024-06-01,7,14,2,0,23,2575,846
28300,"Keene, NH",2024-07-01,8,14,3,0,25,2600,854
28300,"Keene, NH",2024-08-01,14,7,6,0,27,2627,868
28300,"Keene, NH",2024-09-01,12,11,2,0,25,2652,880
28300,"Keene, NH",2024-10-01,24,23,7,0,54,2706,904
28300,"Keene, NH",2024-11-01,28,26,7,0,61,2767,932
28300,"Keene, NH",2024-12-01,30,12,8,1,51,2818,962
28300,"Keene, NH",2025-01-01,31,24,9,0,64,2882,993
28300,"Keene, NH",2025-02-01,32,22,5,0,59,2941,1025
28300,"Keene, NH",2025-03-01,27,16,6,0,49,2990,1052
28300,"Keene, NH",2025-04-01,29,27,4,1,61,3051,1081
28300,"Keene, NH",2025-05-01,32,19,9,0,60,3111,1113
28300,"Keene, NH",2025-06-01,26,21,6,0,53,3164,1139
28300,"Keene, NH",2025-07-01,18,25,6,1,50,3214,1157
28300,"Keene, NH",2025-08-01,29,18,6,0,53,3267,1186
28300,"Keene, NH",2025-09-01,2,1,0,0,3,3270,1188
44300,"State College, PA",2019-01-01,2,33,12,0,47,47,2
44300,"State College, PA",2019-02-01,2,48,14,2,66,113,4
44300,"State College, PA",2019-03-01,2,70,7,0,79,192,6
44300,"State College, PA",2019-04-01,4,60,14,2,80,272,10
44300,"State College, PA",2019-05-01,7,62,11,0,80,352,17
44300,"State College, PA",2019-06-01,2,46,5,1,54,406,19
44300,"State College, PA",2019-07-01,3,65,11,1,80,486,22
44300,"State College, PA",2019-08-01,9,53,4,0,66,552,31
44300,"State College, PA",2019-09-01,3,61,9,0,73,625,34
44300,"State College, PA",2019-10-01,6,35,5,0,46,671,40
44300,"State College, PA",2019-11-01,5,28,7,0,40,711,45
44300,"State College, PA",2019-12-01,7,27,5,1,40,751,52
44300,"State College, PA",2020-01-01,7,46,7,0,60,811,59
44300,"State College, PA",2020-02-01,11,43,6,1,61,872,70
44300,"State College, PA",2020-03-01,11,32,5,2,50,922,81
44300,"State College, PA",2020-04-01,59,90,10,0,159,1081,140
44300,"State College, PA",2020-05-01,170,190,10,0,370,1451,310
44300,"State College, PA",2020-06-01,110,138,3,2,253,1704,420
44300,"State College, PA",2020-07-01,106,113,11,0,230,1934,526
44300,"State College, PA",2020-08-01,67,130,17,1,215,2149,593
44300,"State College, PA",2020-09-01,81,154,8,1,244,2393,674
44300,"State College, PA",2020-10-01,70,134,14,0,218,2611,744
44300,"State College, PA",2020-11-01,59,106,13,1,179,2790,803
44300,"State College, PA",2020-12-01,72,94,7,1,174,2964,875
44300,"State College, PA",2021-01-01,96,106,9,2,213,3177,971
44300,"State College, PA",2021-02-01,81,123,6,1,211,3388,1052
44300,"State College, PA",2021-03-01,100,164,12,1,277,3665,1152
44300,"State College, PA",2021-04-01,69,113,13,1,196,3861,1221
44300,"State College, PA",2021-05-01,126,141,9,0,276,4137,1347
44300,"State College, PA",2021-06-01,66,92,17,1,176,4313,1413
44300,"State College, PA",2021-07-01,67,68,10,0,145,4458,1480
44300,"State College, PA",2021-08-01,75,89,13,0,177,4635,1555
44300,"State College, PA",2021-09-01,77,94,13,0,184,4819,1632
44300,"State College, PA",2021-10-01,54,123,19,1,197,5016,1686
44300,"State College, PA",2021-11-01,69,89,16,1,175,5191,1755
44300,"State College, PA",2021-12-01,111,82,20,1,214,5405,1866
44300,"State College, PA",2022-01-01,94,135,15,0,244,5649,1960
44300,"State College, PA",2022-02-01,80,84,8,0,172,5821,2040
44300,"State College, PA",2022-03-01,61,76,15,0,152,5973,2101
44300,"State College, PA",2022-04-01,58,77,13,0,148,6121,2159
44300,"State College, PA",2022-05-01,96,66,9,1,172,6293,2255
44300,"State College, PA",2022-06-01,50,27,7,0,84,6377,2305
44300,"State College, PA",2022-07-01,43,37,11,0,91,6468,2348
44300,"State College, PA",2022-08-01,47,68,15,0,130,6598,2395
44300,"State College, PA",2022-09-01,76,60,26,2,164,6762,2471
44300,"State College, PA",2022-10-01,71,50,10,1,132,6894,2542
44300,"State College, PA",2022-11-01,77,66,14,0,157,7051,2619
44300,"State College, PA",2022-12-01,113,46,16,0,175,7226,2732
44300,"State College, PA",2023-01-01,111,69,15,0,195,7421,2843
44300,"State College, PA",2023-02-01,98,47,12,0,157,7578,2941
44300,"State College, PA",2023-03-01,91,59,20,0,170,7748,3032
44300,"State College, PA",2023-04-01,72,47,18,1,138,7886,3104
44300,"State College, PA",2023-05-01,86,50,13,0,149,8035,3190
44300,"State College, PA",2023-06-01,38,25,5,0,68,8103,3228
44300,"State College, PA",2023-07-01,43,19,10,2,74,8177,3271
44300,"State College, PA",2023-08-01,46,41,11,1,99,8276,3317
44300,"State College, PA",2023-09-01,101,82,12,0,195,8471,3418
44300,"State College, PA",2023-10-01,111,58,13,1,183,8654,3529
44300,"State College, PA",2023-11-01,85,59,14,1,159,8813,3614
44300,"State College, PA",2023-12-01,95,44,12,1,152,8965,3709
44300,"State College, PA",2024-01-01,99,65,16,2,182,9147,3808
44300,"State College, PA",2024-02-01,101,44,15,2,162,9309,3909
44300,"State College, PA",2024-03-01,92,62,11,0,165,9474,4001
44300,"State College, PA",2024-04-01,103,49,16,2,170,9644,4104
44300,"State College, PA",2024-05-01,73,42,6,1,122,9766,4177
44300,"State College, PA",2024-06-01,41,38,8,2,89,9855,4218
44300,"State College, PA",2024-07-01,36,41,9,2,88,9943,4254
44300,"State College, PA",2024-08-01,50,36,10,1,97,10040,4304
44300,"State College, PA",2024-09-01,88,52,18,3,161,10201,4392
44300,"State College, PA",2024-10-01,119,52,13,2,186,10387,4511
44300,"State College, PA",2024-11-01,89,44,21,0,154,10541,4600
44300,"State College, PA",2024-12-01,117,36,12,1,166,10707,4717
44300,"State College, PA",2025-01-01,133,48,14,2,197,10904,4850
44300,"State College, PA",2025-02-01,90,35,10,0,135,11039,4940
44300,"State College, PA",2025-03-01,82,31,9,0,122,11161,5022
44300,"State College, PA",2025-04-01,72,41,9,0,122,11283,5094
44300,"State College, PA",2025-05-01,85,35,9,2,131,11414,5179
44300,"State College, PA",2025-06-01,65,33,11,1,110,11524,5244
44300,"State College, PA",2025-07-01,66,28,10,0,104,11628,5310
44300,"State College, PA",2025-08-01,71,34,9,1,115,11743,5381
44300,"State College, PA",2025-09-01,2,0,0,0,2,11745,5383
44580,"Sterling, IL",2019-01-01,0,1,0,0,1,1,0
44580,"Sterling, IL",2019-03-01,0,3,0,0,3,4,0
44580,"Sterling, IL",2019-04-01,1,3,0,0,4,8,1
44580,"Sterling, IL",2019-05-01,0,1,0,0,1,9,1
44580,"Sterling, IL",2019-06-01,0,2,1,0,3,12,1
44580,"Sterling, IL",2019-07-01,0,18,5,0,23,35,1
44580,"Sterling, IL",2019-08-01,0,11,2,0,13,48,1
44580,"Sterling, IL",2019-09-01,0,2,4,0,6,54,1
44580,"Sterling, IL",2019-10-01,0,3,0,0,3,57,1
44580,"Sterling, IL",2019-11-01,0,9,0,0,9,66,1
44580,"Sterling, IL",2019-12-01,0,6,2,0,8,74,1
44580,"Sterling, IL",2020-01-01,1,5,0,2,8,82,2
44580,"Sterling, IL",2020-02-01,3,8,2,0,13,95,5
44580,"Sterling, IL",2020-03-01,2,7,4,1,14,109,7
44580,"Sterling, IL",2020-04-01,5,23,2,1,31,140,12
44580,"Sterling, IL",2020-05-01,6,8,3,1,18,158,18
44580,"Sterling, IL",2020-06-01,7,12,2,0,21,179,25
44580,"Sterling, IL",2020-07-01,2,12,3,0,17,196,27
44580,"Sterling, IL",2020-08-01,0,12,4,0,16,212,27
44580,"Sterling, IL",2020-09-01,3,11,2,2,18,230,30
44580,"Sterling, IL",2020-10-01,3,11,1,0,15,245,33
44580,"Sterling, IL",2020-11-01,0,8,3,0,11,256,33
44580,"Sterling, IL",2020-12-01,3,15,2,0,20,276,36
44580,"Sterling, IL",2021-01-01,9,17,1,0,27,303,45
44580,"Sterling, IL",2021-02-01,10,24,4,0,38,341,55
44580,"Sterling, IL",2021-03-01,16,28,4,1,49,390,71
44580,"Sterling, IL",2021-04-01,2,16,3,0,21,411,73
44580,"Sterling, IL",2021-05-01,7,24,8,0,39,450,80
44580,"Sterling, IL",2021-06-01,7,12,0,2,21,471,87
44580,"Sterling, IL",2021-07-01,2,18,2,0,22,493,89
44580,"Sterling, IL",2021-08-01,6,13,2,0,21,514,95
44580,"Sterling, IL",2021-09-01,5,20,7,1,33,547,100
44580,"Sterling, IL",2021-10-01,11,15,7,2,35,582,111
44580,"Sterling, IL",2021-11-01,3,19,2,0,24,606,114
44580,"Sterling, IL",2021-12-01,9,26,5,0,40,646,123
44580,"Sterling, IL",2022-01-01,5,24,6,1,36,682,128
44580,"Sterling, IL",2022-02-01,9,20,4,0,33,715,137
44580,"Sterling, IL",2022-03-01,7,22,3,1,33,748,144
44580,"Sterling, IL",2022-04-01,5,20,4,0,29,777,149
44580,"Sterling, IL",2022-05-01,10,8,1,1,20,797,159
44580,"Sterling, IL",2022-06-01,10,11,4,0,25,822,169
44580,"Sterling, IL",2022-07-01,13,10,3,0,26,848,182
44580,"Sterling, IL",2022-08-01,6,15,3,0,24,872,188
44580,"Sterling, IL",2022-09-01,6,14,5,1,26,898,194
44580,"Sterling, IL",2022-10-01,4,8,1,0,13,911,198
44580,"Sterling, IL",2022-11-01,8,12,2,0,22,933,206
44580,"Sterling, IL",2022-12-01,10,19,3,0,32,965,216
44580,"Sterling, IL",2023-01-01,11,16,6,1,34,999,227
44580,"Sterling, IL",2023-02-01,6,17,8,0,31,1030,233
44580,"Sterling, IL",2023-03-01,12,18,7,2,39,1069,245
44580,"Sterling, IL",2023-04-01,7,13,3,1,24,1093,252
44580,"Sterling, IL",2023-05-01,6,19,2,0,27,1120,258
44580,"Sterling, IL",2023-06-01,5,18,3,1,27,1147,263
44580,"Sterling, IL",2023-07-01,4,13,1,0,18,1165,267
44580,"Sterling, IL",2023-08-01,13,20,2,2,37,1202,280
44580,"Sterling, IL",2023-09-01,9,17,6,2,34,1236,289
44580,"Sterling, IL",2023-10-01,6,14,3,0,23,1259,295
44580,"Sterling, IL",2023-11-01,10,13,5,0,28,1287,305
44580,"Sterling, IL",2023-12-01,11,11,4,0,26,1313,316
44580,"Sterling, IL",2024-01-01,16,19,10,0,45,1358,332
44580,"Sterling, IL",2024-02-01,19,16,5,1,41,1399,351
44580,"Sterling, IL",2024-03-01,14,19,6,0,39,1438,365
44580,"Sterling, IL",2024-04-01,12,15,5,2,34,1472,377
44580,"Sterling, IL",2024-05-01,10,9,2,0,21,1493,387
44580,"Sterling, IL",2024-06-01,11,9,2,0,22,1515,398
44580,"Sterling, IL",2024-07-01,7,7,2,0,16,1531,405
44580,"Sterling, IL",2024-08-01,3,4,4,0,11,1542,408
44580,"Sterling, IL",2024-09-01,12,9,3,0,24,1566,420
44580,"Sterling, IL",2024-10-01,17,19,9,1,46,1612,437
44580,"Sterling, IL",2024-11-01,13,12,4,2,31,1643,450
44580,"Sterling, IL",2024-12-01,26,23,7,1,57,1700,476
44580,"Sterling, IL",2025-01-01,15,17,6,2,40,1740,491
44580,"Sterling, IL",2025-02-01,22,17,4,0,43,1783,513
44580,"Sterling, IL",2025-03-01,38,17,13,0,68,1851,551
44580,"Sterling, IL",2025-04-01,25,19,7,1,52,1903,576
44580,"Sterling, IL",2025-05-01,16,15,4,0,35,1938,592
44580,"Sterling, IL",2025-06-01,19,12,3,0,34,1972,611
44580,"Sterling, IL",2025-07-01,9,6,2,0,17,1989,620
44580,"Sterling, IL",2025-08-01,2,4,2,0,8,1997,622
45860,"Torrington, CT",2019-01-01,0,15,7,0,22,22,0
45860,"Torrington, CT",2019-02-01,1,21,8,1,31,53,1
45860,"Torrington, CT",2019-03-01,0,41,8,4,53,106,1
45860,"Torrington, CT",2019-04-01,1,40,4,2,47,153,2
45860,"Torrington, CT",2019-05-01,4,46,4,1,55,208,6
45860,"Torrington, CT",2019-06-01,0,9,1,0,10,218,6
45860,"Torrington, CT",2019-07-01,0,32,7,1,40,258,6
45860,"Torrington, CT",2019-08-01,3,22,4,1,30,288,9
45860,"Torrington, CT",2019-09-01,1,21,8,0,30,318,10
45860,"Torrington, CT",2019-10-01,1,17,7,0,25,343,11
45860,"Torrington, CT",2019-11-01,0,12,1,1,14,357,11
45860,"Torrington, CT",2019-12-01,2,14,2,0,18,375,13
45860,"Torrington, CT",2020-01-01,6,22,5,0,33,408,19
45860,"Torrington, CT",2020-02-01,2,16,2,0,20,428,21
45860,"Torrington, CT",2020-03-01,2,12,2,0,16,444,23
45860,"Torrington, CT",2020-04-01,14,32,13,0,59,503,37
45860,"Torrington, CT",2020-05-01,21,39,13,4,77,580,58
45860,"Torrington, CT",2020-06-01,13,44,16,0,73,653,71
45860,"Torrington, CT",2020-07-01,21,46,13,0,80,733,92
45860,"Torrington, CT",2020-08-01,11,58,8,2,79,812,103
45860,"Torrington, CT",2020-09-01,14,44,9,0,67,879,117
45860,"Torrington, CT",2020-10-01,5,24,1,0,30,909,122
45860,"Torrington, CT",2020-11-01,7,10,4,1,22,931,129
45860,"Torrington, CT",2020-12-01,5,18,7,0,30,961,134
45860,"Torrington, CT",2021-01-01,15,47,7,2,71,1032,149
45860,"Torrington, CT",2021-02-01,20,51,15,0,86,1118,169
45860,"Torrington, CT",2021-03-01,23,61,19,1,104,1222,192
45860,"Torrington, CT",2021-04-01,26,54,19,1,100,1322,218
45860,"Torrington, CT",2021-05-01,26,64,8,1,99,1421,244
45860,"Torrington, CT",2021-06-01,21,45,10,1,77,1498,265
45860,"Torrington, CT",2021-07-01,11,62,15,3,91,1589,276
45860,"Torrington, CT",2021-08-01,10,50,13,3,76,1665,286
45860,"Torrington, CT",2021-09-01,20,71,25,1,117,1782,306
45860,"Torrington, CT",2021-10-01,6,50,10,0,66,1848,312
45860,"Torrington, CT",2021-11-01,9,34,9,0,52,1900,321
45860,"Torrington, CT",2021-12-01,24,51,13,0,88,1988,345
45860,"Torrington, CT",2022-01-01,15,61,15,1,92,2080,360
45860,"Torrington, CT",2022-02-01,9,17,5,1,32,2112,369
45860,"Torrington, CT",2022-03-01,26,54,15,1,96,2208,395
45860,"Torrington, CT",2022-04-01,21,49,15,2,87,2295,416
45860,"Torrington, CT",2022-05-01,26,37,14,1,78,2373,442
45860,"Torrington, CT",2022-06-01,4,9,2,0,15,2388,446
45860,"Torrington, CT",2022-07-01,2,9,3,0,14,2402,448
45860,"Torrington, CT",2022-08-01,4,11,0,0,15,2417,452
45860,"Torrington, CT",2022-09-01,17,34,12,0,63,2480,469
45860,"Torrington, CT",2022-10-01,15,26,9,1,51,2531,484
45860,"Torrington, CT",2022-11-01,38,47,16,3,104,2635,522
45860,"Torrington, CT",2022-12-01,37,46,10,2,95,2730,559
45860,"Torrington, CT",2023-01-01,37,51,15,0,103,2833,596
45860,"Torrington, CT",2023-02-01,17,42,9,2,70,2903,613
45860,"Torrington, CT",2023-03-01,22,41,20,0,83,2986,635
45860,"Torrington, CT",2023-04-01,13,32,7,1,53,3039,648
45860,"Torrington, CT",2023-05-01,6,11,0,0,17,3056,654
45860,"Torrington, CT",2023-06-01,8,14,2,0,24,3080,662
45860,"Torrington, CT",2023-07-01,8,10,5,1,24,3104,670
45860,"Torrington, CT",2023-08-01,4,8,5,0,17,3121,674
45860,"Torrington, CT",2023-09-01,18,29,22,1,70,3191,692
45860,"Torrington, CT",2023-10-01,14,40,10,0,64,3255,706
45860,"Torrington, CT",2023-11-01,17,33,11,0,61,3316,723
45860,"Torrington, CT",2023-12-01,21,32,14,1,68,3384,744
45860,"Torrington, CT",2024-01-01,21,46,8,1,76,3460,765
45860,"Torrington, CT",2024-02-01,30,39,10,2,81,3541,795
45860,"Torrington, CT",2024-03-01,24,40,18,1,83,3624,819
45860,"Torrington, CT",2024-04-01,22,30,6,0,58,3682,841
45860,"Torrington, CT",2024-05-01,34,29,9,3,75,3757,875
45860,"Torrington, CT",2024-06-01,25,46,7,1,79,3836,900
45860,"Torrington, CT",2024-07-01,21,45,10,2,78,3914,921
45860,"Torrington, CT",2024-08-01,20,40,14,2,76,3990,941
45860,"Torrington, CT",2024-09-01,20,41,9,2,72,4062,961
45860,"Torrington, CT",2024-10-01,22,43,8,1,74,4136,983
45860,"Torrington, CT",2024-11-01,25,41,10,2,78,4214,1008
45860,"Torrington, CT",2024-12-01,33,49,12,1,95,4309,1041
45860,"Torrington, CT",2025-01-01,25,41,20,0,86,4395,1066
45860,"Torrington, CT",2025-02-01,21,37,4,0,62,4457,1087
45860,"Torrington, CT",2025-03-01,23,25,12,1,61,4518,1110
45860,"Torrington, CT",2025-04-01,25,42,10,0,77,4595,1135
45860,"Torrington, CT",2025-05-01,33,35,11,3,82,4677,1168
45860,"Torrington, CT",2025-06-01,23,33,18,2,76,4753,1191
45860,"Torrington, CT",2025-07-01,23,41,7,2,73,4826,1214
45860,"Torrington, CT",2025-08-01,20,21,7,1,49,4875,1234
45860,"Torrington, CT",2025-09-01,0,0,1,0,1,4876,1234
49260,"Woodward, OK",2019-08-01,0,0,1,0,1,1,0
49260,"Woodward, OK",2019-12-01,0,1,0,0,1,2,0
49260,"Woodward, OK",2020-01-01,0,3,0,0,3,5,0
49260,"Woodward, OK",2020-02-01,0,1,0,0,1,6,0
49260,"Woodward, OK",2020-03-01,0,2,1,0,3,9,0
49260,"Woodward, OK",2020-04-01,0,4,0,0,4,13,0
49260,"Woodward, OK",2020-07-01,0,1,0,0,1,14,0
49260,"Woodward, OK",2020-09-01,0,2,0,0,2,16,0
49260,"Woodward, OK",2020-10-01,0,1,2,0,3,19,0
49260,"Woodward, OK",2020-11-01,0,2,0,0,2,21,0
49260,"Woodward, OK",2020-12-01,0,2,0,0,2,23,0
49260,"Woodward, OK",2021-01-01,1,0,1,0,2,25,1
49260,"Woodward, OK",2021-03-01,2,2,0,0,4,29,3
49260,"Woodward, OK",2021-04-01,1,3,0,1,5,34,4
49260,"Woodward, OK",2021-05-01,1,1,0,0,2,36,5
49260,"Woodward, OK",2021-06-01,7,9,1,0,17,53,12
49260,"Woodward, OK",2021-07-01,6,11,2,0,19,72,18
49260,"Woodward, OK",2021-08-01,5,10,1,0,16,88,23
49260,"Woodward, OK",2021-09-01,1,6,4,0,11,99,24
49260,"Woodward, OK",2021-10-01,3,11,4,0,18,117,27
49260,"Woodward, OK",2021-11-01,1,5,2,1,9,126,28
49260,"Woodward, OK",2021-12-01,2,5,1,2,10,136,30
49260,"Woodward, OK",2022-01-01,3,9,1,1,14,150,33
49260,"Woodward, OK",2022-02-01,1,10,4,0,15,165,34
49260,"Woodward, OK",2022-03-01,4,12,1,0,17,182,38
49260,"Woodward, OK",2022-04-01,3,8,4,0,15,197,41
49260,"Woodward, OK",2022-05-01,1,11,2,0,14,211,42
49260,"Woodward, OK",2022-06-01,1,4,4,0,9,220,43
49260,"Woodward, OK",2022-07-01,3,10,1,0,14,234,46
49260,"Woodward, OK",2022-08-01,3,7,3,0,13,247,49
49260,"Woodward, OK",2022-09-01,3,4,1,0,8,255,52
49260,"Woodward, OK",2022-10-01,3,7,5,1,16,271,55
49260,"Woodward, OK",2022-11-01,0,11,0,0,11,282,55
49260,"Woodward, OK",2022-12-01,4,5,3,1,13,295,59
49260,"Woodward, OK",2023-01-01,0,11,3,0,14,309,59
49260,"Woodward, OK",2023-02-01,3,7,3,0,13,322,62
49260,"Woodward, OK",2023-03-01,2,15,3,0,20,342,64
49260,"Woodward, OK",2023-04-01,4,11,3,0,18,360,68
49260,"Woodward, OK",2023-05-01,6,4,0,1,11,371,74
49260,"Woodward, OK",2023-06-01,5,6,0,0,11,382,79
49260,"Woodward, OK",2023-07-01,3,7,4,0,14,396,82
49260,"Woodward, OK",2023-08-01,2,5,1,0,8,404,84
49260,"Woodward, OK",2023-09-01,3,8,5,0,16,420,87
49260,"Woodward, OK",2023-10-01,1,7,2,0,10,430,88
49260,"Woodward, OK",2023-11-01,2,7,2,0,11,441,90
49260,"Woodward, OK",2023-12-01,3,8,4,0,15,456,93
49260,"Woodward, OK",2024-01-01,2,4,2,0,8,464,95
49260,"Woodward, OK",2024-02-01,7,12,3,0,22,486,102
49260,"Woodward, OK",2024-03-01,6,9,2,0,17,503,108
49260,"Woodward, OK",2024-04-01,1,6,0,0,7,510,109
49260,"Woodward, OK",2024-05-01,3,5,2,0,10,520,112
49260,"Woodward, OK",2024-06-01,1,2,1,0,4,524,113
49260,"Woodward, OK",2024-07-01,2,4,2,0,8,532,115
49260,"Woodward, OK",2024-08-01,2,3,0,0,5,537,117
49260,"Woodward, OK",2024-09-01,3,7,2,0,12,549,120
49260,"Woodward, OK",2024-10-01,4,1,0,0,5,554,124
49260,"Woodward, OK",2024-11-01,9,4,1,0,14,568,133
49260,"Woodward, OK",2024-12-01,6,8,2,0,16,584,139
49260,"Woodward, OK",2025-01-01,5,9,2,0,16,600,144
49260,"Woodward, OK",2025-02-01,4,9,2,0,15,615,148
49260,"Woodward, OK",2025-03-01,6,10,3,0,19,634,154
49260,"Woodward, OK",2025-04-01,4,10,2,0,16,650,158
49260,"Woodward, OK",2025-05-01,14,9,1,0,24,674,172
49260,"Woodward, OK",2025-06-01,13,3,4,0,20,694,185
49260,"Woodward, OK",2025-07-01,12,1,0,2,15,709,197
49260,"Woodward, OK",2025-08-01,2,13,3,0,18,727,199
23700,"Gallup, NM",2019-01-01,0,1,0,0,1,1,0
23700,"Gallup, NM",2019-02-01,0,1,0,0,1,2,0
23700,"Gallup, NM",2019-03-01,0,2,3,0,5,7,0
23700,"Gallup, NM",2019-04-01,0,1,1,0,2,9,0
23700,"Gallup, NM",2019-05-01,0,2,0,0,2,11,0
23700,"Gallup, NM",2019-06-01,0,2,3,0,5,16,0
23700,"Gallup, NM",2019-07-01,0,0,2,0,2,18,0
23700,"Gallup, NM",2019-08-01,0,3,1,0,4,22,0
23700,"Gallup, NM",2019-09-01,0,1,2,0,3,25,0
23700,"Gallup, NM",2019-10-01,0,0,2,1,3,28,0
23700,"Gallup, NM",2019-11-01,1,1,0,0,2,30,1
23700,"Gallup, NM",2019-12-01,0,2,2,0,4,34,1
23700,"Gallup, NM",2020-01-01,0,4,2,0,6,40,1
23700,"Gallup, NM",2020-02-01,1,5,2,0,8,48,2
23700,"Gallup, NM",2020-03-01,1,5,2,0,8,56,3
23700,"Gallup, NM",2020-04-01,3,23,5,1,32,88,6
23700,"Gallup, NM",2020-05-01,5,14,6,0,25,113,11
23700,"Gallup, NM",2020-06-01,1,9,2,0,12,125,12
23700,"Gallup, NM",2020-07-01,3,6,1,0,10,135,15
23700,"Gallup, NM",2020-08-01,0,15,0,0,15,150,15
23700,"Gallup, NM",2020-09-01,0,10,2,0,12,162,15
23700,"Gallup, NM",2020-10-01,3,11,0,0,14,176,18
23700,"Gallup, NM",2020-11-01,3,11,1,0,15,191,21
23700,"Gallup, NM",2020-12-01,4,15,1,0,20,211,25
23700,"Gallup, NM",2021-01-01,4,11,6,0,21,232,29
23700,"Gallup, NM",2021-02-01,2,12,2,0,16,248,31
23700,"Gallup, NM",2021-03-01,3,10,1,0,14,262,34
23700,"Gallup, NM",2021-04-01,3,7,5,1,16,278,37
23700,"Gallup, NM",2021-05-01,2,29,2,0,33,311,39
23700,"Gallup, NM",2021-06-01,7,17,3,0,27,338,46
23700,"Gallup, NM",2021-07-01,8,21,3,0,32,370,54
23700,"Gallup, NM",2021-08-01,6,17,4,0,27,397,60
23700,"Gallup, NM",2021-09-01,4,17,3,1,25,422,64
23700,"Gallup, NM",2021-10-01,1,12,2,0,15,437,65
23700,"Gallup, NM",2021-11-01,0,14,2,0,16,453,65
23700,"Gallup, NM",2021-12-01,4,10,4,0,18,471,69
23700,"Gallup, NM",2022-01-01,4,16,7,1,28,499,73
23700,"Gallup, NM",2022-02-01,3,8,7,0,18,517,76
23700,"Gallup, NM",2022-03-01,2,15,6,0,23,540,78
23700,"Gallup, NM",2022-04-01,3,15,4,0,22,562,81
23700,"Gallup, NM",2022-05-01,6,17,1,1,25,587,87
23700,"Gallup, NM",2022-06-01,3,12,2,0,17,604,90
23700,"Gallup, NM",2022-07-01,5,6,1,0,12,616,95
23700,"Gallup, NM",2022-08-01,2,16,6,0,24,640,97
23700,"Gallup, NM",2022-09-01,2,6,5,0,13,653,99
23700,"Gallup, NM",2022-10-01,0,10,4,3,17,670,99
23700,"Gallup, NM",2022-11-01,2,9,2,0,13,683,101
23700,"Gallup, NM",2022-12-01,3,9,4,0,16,699,104
23700,"Gallup, NM",2023-01-01,7,9,1,0,17,716,111
23700,"Gallup, NM",2023-02-01,6,14,1,0,21,737,117
23700,"Gallup, NM",2023-03-01,8,18,5,1,32,769,125
23700,"Gallup, NM",2023-04-01,5,13,1,0,19,788,130
23700,"Gallup, NM",2023-05-01,3,17,3,0,23,811,133
23700,"Gallup, NM",2023-06-01,8,12,5,0,25,836,141
23700,"Gallup, NM",2023-07-01,4,11,3,1,19,855,145
23700,"Gallup, NM",2023-08-01,0,7,4,0,11,866,145
23700,"Gallup, NM",2023-09-01,2,9,1,0,12,878,147
23700,"Gallup, NM",2023-10-01,10,13,2,0,25,903,157
23700,"Gallup, NM",2023-11-01,6,13,4,1,24,927,163
23700,"Gallup, NM",2023-12-01,8,21,1,0,30,957,171
23700,"Gallup, NM",2024-01-01,7,15,6,1,29,986,178
23700,"Gallup, NM",2024-02-01,5,13,4,0,22,1008,183
23700,"Gallup, NM",2024-03-01,10,21,4,1,36,1044,193
23700,"Gallup, NM",2024-04-01,13,15,3,0,31,1075,206
23700,"Gallup, NM",2024-05-01,4,15,5,0,24,1099,210
23700,"Gallup, NM",2024-06-01,8,13,3,0,24,1123,218
23700,"Gallup, NM",2024-07-01,1,8,0,0,9,1132,219
23700,"Gallup, NM",2024-08-01,4,5,0,0,9,1141,223
23700,"Gallup, NM",2024-09-01,2,6,0,0,8,1149,225
23700,"Gallup, NM",2024-10-01,10,8,4,0,22,1171,235
23700,"Gallup, NM",2024-11-01,13,16,1,0,30,1201,248
23700,"Gallup, NM",2024-12-01,9,9,2,0,20,1221,257
23700,"Gallup, NM",2025-01-01,3,10,1,0,14,1235,260
23700,"Gallup, NM",2025-02-01,8,7,4,0,19,1254,268
23700,"Gallup, NM",2025-03-01,14,11,0,0,25,1279,282
23700,"Gallup, NM",2025-04-01,15,16,2,0,33,1312,297
23700,"Gallup, NM",2025-05-01,9,16,3,0,28,1340,306
23700,"Gallup, NM",2025-06-01,21,17,3,0,41,1381,327
23700,"Gallup, NM",2025-07-01,12,15,4,0,31,1412,339
23700,"Gallup, NM",2025-08-01,5,9,2,1,17,1429,344
40080,"Richmond-Berea, KY",2019-01-01,0,7,2,0,9,9,0
40080,"Richmond-Berea, KY",2019-02-01,0,13,4,0,17,26,0
40080,"Richmond-Berea, KY",2019-03-01,2,14,2,2,20,46,2
40080,"Richmond-Berea, KY",2019-04-01,1,16,1,0,18,64,3
40080,"Richmond-Berea, KY",2019-05-01,1,31,6,0,38,102,4
40080,"Richmond-Berea, KY",2019-06-01,2,25,6,0,33,135,6
40080,"Richmond-Berea, KY",2019-07-01,1,30,5,2,38,173,7
40080,"Richmond-Berea, KY",2019-08-01,4,37,4,0,45,218,11
40080,"Richmond-Berea, KY",2019-09-01,5,53,11,1,70,288,16
40080,"Richmond-Berea, KY",2019-10-01,3,41,8,1,53,341,19
40080,"Richmond-Berea, KY",2019-11-01,7,63,6,0,76,417,26
40080,"Richmond-Berea, KY",2019-12-01,3,26,5,0,34,451,29
40080,"Richmond-Berea, KY",2020-01-01,4,29,5,1,39,490,33
40080,"Richmond-Berea, KY",2020-02-01,11,42,3,2,58,548,44
40080,"Richmond-Berea, KY",2020-03-01,4,52,11,0,67,615,48
40080,"Richmond-Berea, KY",2020-04-01,14,65,11,0,90,705,62
40080,"Richmond-Berea, KY",2020-05-01,26,95,12,1,134,839,88
40080,"Richmond-Berea, KY",2020-06-01,12,70,14,1,97,936,100
40080,"Richmond-Berea, KY",2020-07-01,19,101,10,1,131,1067,119
40080,"Richmond-Berea, KY",2020-08-01,24,85,17,1,127,1194,143
40080,"Richmond-Berea, KY",2020-09-01,16,74,18,2,110,1304,159
40080,"Richmond-Berea, KY",2020-10-01,22,76,19,1,118,1422,181
40080,"Richmond-Berea, KY",2020-11-01,16,81,22,3,122,1544,197
40080,"Richmond-Berea, KY",2020-12-01,20,82,8,0,110,1654,217
40080,"Richmond-Berea, KY",2021-01-01,34,105,13,3,155,1809,251
40080,"Richmond-Berea, KY",2021-02-01,17,71,9,2,99,1908,268
40080,"Richmond-Berea, KY",2021-03-01,44,113,26,1,184,2092,312
40080,"Richmond-Berea, KY",2021-04-01,32,140,32,1,205,2297,344
40080,"Richmond-Berea, KY",2021-05-01,48,125,21,2,196,2493,392
40080,"Richmond-Berea, KY",2021-06-01,25,111,15,0,151,2644,417
40080,"Richmond-Berea, KY",2021-07-01,32,119,20,1,172,2816,449
40080,"Richmond-Berea, KY",2021-08-01,28,130,30,2,190,3006,477
40080,"Richmond-Berea, KY",2021-09-01,36,97,27,0,160,3166,513
40080,"Richmond-Berea, KY",2021-10-01,31,92,21,4,148,3314,544
40080,"Richmond-Berea, KY",2021-11-01,29,86,28,1,144,3458,573
40080,"Richmond-Berea, KY",2021-12-01,37,100,34,1,172,3630,610
40080,"Richmond-Berea, KY",2022-01-01,49,128,33,1,211,3841,659
40080,"Richmond-Berea, KY",2022-02-01,50,118,23,0,191,4032,709
40080,"Richmond-Berea, KY",2022-03-01,43,112,26,1,182,4214,752
40080,"Richmond-Berea, KY",2022-04-01,33,72,23,0,128,4342,785
40080,"Richmond-Berea, KY",2022-05-01,35,83,14,1,133,4475,820
40080,"Richmond-Berea, KY",2022-06-01,36,84,24,2,146,4621,856
40080,"Richmond-Berea, KY",2022-07-01,19,76,20,1,116,4737,875
40080,"Richmond-Berea, KY",2022-08-01,33,97,26,1,157,4894,908
40080,"Richmond-Berea, KY",2022-09-01,40,94,23,2,159,5053,948
40080,"Richmond-Berea, KY",2022-10-01,46,94,36,3,179,5232,994
40080,"Richmond-Berea, KY",2022-11-01,55,105,24,2,186,5418,1049
40080,"Richmond-Berea, KY",2022-12-01,51,87,27,1,166,5584,1100
40080,"Richmond-Berea, KY",2023-01-01,56,113,30,3,202,5786,1156
40080,"Richmond-Berea, KY",2023-02-01,37,97,31,1,166,5952,1193
40080,"Richmond-Berea, KY",2023-03-01,84,153,37,4,278,6230,1277
40080,"Richmond-Berea, KY",2023-04-01,65,74,30,1,170,6400,1342
40080,"Richmond-Berea, KY",2023-05-01,44,52,18,1,115,6515,1386
40080,"Richmond-Berea, KY",2023-06-01,41,60,23,1,125,6640,1427
40080,"Richmond-Berea, KY",2023-07-01,30,53,15,5,103,6743,1457
40080,"Richmond-Berea, KY",2023-08-01,38,61,24,4,127,6870,1495
40080,"Richmond-Berea, KY",2023-09-01,39,86,31,2,158,7028,1534
40080,"Richmond-Berea, KY",2023-10-01,63,97,31,1,192,7220,1597
40080,"Richmond-Berea, KY",2023-11-01,80,95,34,2,211,7431,1677
40080,"Richmond-Berea, KY",2023-12-01,68,59,28,2,157,7588,1745
40080,"Richmond-Berea, KY",2024-01-01,74,100,36,2,212,7800,1819
40080,"Richmond-Berea, KY",2024-02-01,72,86,23,3,184,7984,1891
40080,"Richmond-Berea, KY",2024-03-01,69,105,29,3,206,8190,1960
40080,"Richmond-Berea, KY",2024-04-01,50,68,24,0,142,8332,2010
40080,"Richmond-Berea, KY",2024-05-01,48,52,16,2,118,8450,2058
40080,"Richmond-Berea, KY",2024-06-01,24,47,19,0,90,8540,2082
40080,"Richmond-Berea, KY",2024-07-01,21,39,5,1,66,8606,2103
40080,"Richmond-Berea, KY",2024-08-01,20,34,10,2,66,8672,2123
40080,"Richmond-Berea, KY",2024-09-01,42,54,12,1,109,8781,2165
40080,"Richmond-Berea, KY",2024-10-01,70,114,28,3,215,8996,2235
40080,"Richmond-Berea, KY",2024-11-01,65,95,24,5,189,9185,2300
40080,"Richmond-Berea, KY",2024-12-01,72,84,23,5,184,9369,2372
40080,"Richmond-Berea, KY",2025-01-01,51,86,30,1,168,9537,2423
40080,"Richmond-Berea, KY",2025-02-01,76,83,25,2,186,9723,2499
40080,"Richmond-Berea, KY",2025-03-01,85,63,18,3,169,9892,2584
40080,"Richmond-Berea, KY",2025-04-01,64,91,26,5,186,10078,2648
40080,"Richmond-Berea, KY",2025-05-01,57,88,23,1,169,10247,2705
40080,"Richmond-Berea, KY",2025-06-01,55,63,23,2,143,10390,2760
40080,"Richmond-Berea, KY",2025-07-01,45,57,17,2,121,10511,2805
40080,"Richmond-Berea, KY",2025-08-01,66,58,11,1,136,10647,2871
40080,"Richmond-Berea, KY",2025-09-01,1,3,0,0,4,10651,2872
35620,"New York-Newark-Jersey City, NY-NJ",2019-01-01,38,1603,364,35,2040,2040,38
35620,"New York-Newark-Jersey City, NY-NJ",2019-02-01,45,1535,357,35,1972,4012,83
35620,"New York-Newark-Jersey City, NY-NJ",2019-03-01,81,1812,408,40,2341,6353,164
35620,"New York-Newark-Jersey City, NY-NJ",2019-04-01,89,1892,471,39,2491,8844,253
35620,"New York-Newark-Jersey City, NY-NJ",2019-05-01,86,2124,399,35,2644,11488,339
35620,"New York-Newark-Jersey City, NY-NJ",2019-06-01,81,1710,342,26,2159,13647,420
35620,"New York-Newark-Jersey City, NY-NJ",2019-07-01,154,1959,417,39,2569,16216,574
35620,"New York-Newark-Jersey City, NY-NJ",2019-08-01,170,2164,476,67,2877,19093,744
35620,"New York-Newark-Jersey City, NY-NJ",2019-09-01,140,2154,460,35,2789,21882,884
35620,"New York-Newark-Jersey City, NY-NJ",2019-10-01,140,1898,428,47,2513,24395,1024
35620,"New York-Newark-Jersey City, NY-NJ",2019-11-01,131,1717,370,43,2261,26656,1155
35620,"New York-Newark-Jersey City, NY-NJ",2019-12-01,173,1751,387,34,2345,29001,1328
35620,"New York-Newark-Jersey City, NY-NJ",2020-01-01,255,2442,554,56,3307,32308,1583
35620,"New York-Newark-Jersey City, NY-NJ",2020-02-01,181,1752,389,51,2373,34681,1764
35620,"New York-Newark-Jersey City, NY-NJ",2020-03-01,207,2299,587,61,3154,37835,1971
35620,"New York-Newark-Jersey City, NY-NJ",2020-04-01,724,6125,1779,201,8829,46664,2695
35620,"New York-Newark-Jersey City, NY-NJ",2020-05-01,1006,5625,1556,216,8403,55067,3701
35620,"New York-Newark-Jersey City, NY-NJ",2020-06-01,777,3428,843,75,5123,60190,4478
35620,"New York-Newark-Jersey City, NY-NJ",2020-07-01,1278,5458,1328,115,8179,68369,5756
35620,"New York-Newark-Jersey City, NY-NJ",2020-08-01,1281,7749,1908,206,11144,79513,7037
35620,"New York-Newark-Jersey City, NY-NJ",2020-09-01,980,6427,1517,235,9159,88672,8017
35620,"New York-Newark-Jersey City, NY-NJ",2020-10-01,850,5847,1430,227,8354,97026,8867
35620,"New York-Newark-Jersey City, NY-NJ",2020-11-01,830,5580,1478,356,8244,105270,9697
35620,"New York-Newark-Jersey City, NY-NJ",2020-12-01,930,5283,1791,552,8556,113826,10627
35620,"New York-Newark-Jersey City, NY-NJ",2021-01-01,1330,6766,1857,453,10406,124232,11957
35620,"New York-Newark-Jersey City, NY-NJ",2021-02-01,1173,6999,2224,617,11013,135245,13130
35620,"New York-Newark-Jersey City, NY-NJ",2021-03-01,1593,7751,2104,347,11795,147040,14723
35620,"New York-Newark-Jersey City, NY-NJ",2021-04-01,1516,7501,1968,391,11376,158416,16239
35620,"New York-Newark-Jersey City, NY-NJ",2021-05-01,1931,7070,1614,157,10772,169188,18170
35620,"New York-Newark-Jersey City, NY-NJ",2021-06-01,1746,7138,1604,163,10651,179839,19916
35620,"New York-Newark-Jersey City, NY-NJ",2021-07-01,1730,7212,1715,199,10856,190695,21646
35620,"New York-Newark-Jersey City, NY-NJ",2021-08-01,1542,7712,1827,220,11301,201996,23188
35620,"New York-Newark-Jersey City, NY-NJ",2021-09-01,1465,8759,2292,245,12761,214757,24653
35620,"New York-Newark-Jersey City, NY-NJ",2021-10-01,887,4940,1359,153,7339,222096,25540
35620,"New York-Newark-Jersey City, NY-NJ",2021-11-01,1026,4969,1190,114,7299,229395,26566
35620,"New York-Newark-Jersey City, NY-NJ",2021-12-01,1657,5747,1422,152,8978,238373,28223
35620,"New York-Newark-Jersey City, NY-NJ",2022-01-01,1831,7253,1796,183,11063,249436,30054
35620,"New York-Newark-Jersey City, NY-NJ",2022-02-01,1068,4615,1286,170,7139,256575,31122
35620,"New York-Newark-Jersey City, NY-NJ",2022-03-01,975,4215,1223,141,6554,263129,32097
35620,"New York-Newark-Jersey City, NY-NJ",2022-04-01,1164,4496,1293,121,7074,270203,33261
35620,"New York-Newark-Jersey City, NY-NJ",2022-05-01,1282,4221,1152,109,6764,276967,34543
35620,"New York-Newark-Jersey City, NY-NJ",2022-06-01,593,1837,632,57,3119,280086,35136
35620,"New York-Newark-Jersey City, NY-NJ",2022-07-01,565,1905,652,84,3206,283292,35701
35620,"New York-Newark-Jersey City, NY-NJ",2022-08-01,477,1701,509,99,2786,286078,36178
35620,"New York-Newark-Jersey City, NY-NJ",2022-09-01,811,3159,971,135,5076,291154,36989
35620,"New York-Newark-Jersey City, NY-NJ",2022-10-01,1045,3704,1163,184,6096,297250,38034
35620,"New York-Newark-Jersey City, NY-NJ",2022-11-01,1282,3921,1186,193,6582,303832,39316
35620,"New York-Newark-Jersey City, NY-NJ",2022-12-01,1546,4283,1357,167,7353,311185,40862
35620,"New York-Newark-Jersey City, NY-NJ",2023-01-01,1459,4177,1273,158,7067,318252,42321
35620,"New York-Newark-Jersey City, NY-NJ",2023-02-01,886,2894,946,122,4848,323100,43207
35620,"New York-Newark-Jersey City, NY-NJ",2023-03-01,1382,4147,1292,180,7001,330101,44589
35620,"New York-Newark-Jersey City, NY-NJ",2023-04-01,1154,3485,930,117,5686,335787,45743
35620,"New York-Newark-Jersey City, NY-NJ",2023-05-01,822,2411,612,73,3918,339705,46565
35620,"New York-Newark-Jersey City, NY-NJ",2023-06-01,501,1729,425,34,2689,342394,47066
35620,"New York-Newark-Jersey City, NY-NJ",2023-07-01,422,1680,382,58,2542,344936,47488
35620,"New York-Newark-Jersey City, NY-NJ",2023-08-01,824,3029,743,74,4670,349606,48312
35620,"New York-Newark-Jersey City, NY-NJ",2023-09-01,1270,4130,1107,107,6614,356220,49582
35620,"New York-Newark-Jersey City, NY-NJ",2023-10-01,1522,5561,1643,127,8853,365073,51104
35620,"New York-Newark-Jersey City, NY-NJ",2023-11-01,1400,5402,1492,134,8428,373501,52504
35620,"New York-Newark-Jersey City, NY-NJ",2023-12-01,1756,5700,1593,163,9212,382713,54260
35620,"New York-Newark-Jersey City, NY-NJ",2024-01-01,1879,6502,1909,183,10473,393186,56139
35620,"New York-Newark-Jersey City, NY-NJ",2024-02-01,1418,5715,1759,155,9047,402233,57557
35620,"New York-Newark-Jersey City, NY-NJ",2024-03-01,1117,4401,1367,147,7032,409265,58674
35620,"New York-Newark-Jersey City, NY-NJ",2024-04-01,745,2809,798,94,4446,413711,59419
35620,"New York-Newark-Jersey City, NY-NJ",2024-05-01,945,3421,1005,101,5472,419183,60364
35620,"New York-Newark-Jersey City, NY-NJ",2024-06-01,888,3413,1076,182,5559,424742,61252
35620,"New York-Newark-Jersey City, NY-NJ",2024-07-01,879,4046,1267,226,6418,431160,62131
35620,"New York-Newark-Jersey City, NY-NJ",2024-08-01,1111,4566,1271,251,7199,438359,63242
35620,"New York-Newark-Jersey City, NY-NJ",2024-09-01,949,3949,982,152,6032,444391,64191
35620,"New York-Newark-Jersey City, NY-NJ",2024-10-01,1049,3826,834,85,5794,450185,65240
35620,"New York-Newark-Jersey City, NY-NJ",2024-11-01,1194,3798,762,70,5824,456009,66434
35620,"New York-Newark-Jersey City, NY-NJ",2024-12-01,1765,4247,824,54,6890,462899,68199
35620,"New York-Newark-Jersey City, NY-NJ",2025-01-01,1715,4617,908,71,7311,470210,69914
35620,"New York-Newark-Jersey City, NY-NJ",2025-02-01,1507,3933,759,59,6258,476468,71421
35620,"New York-Newark-Jersey City, NY-NJ",2025-03-01,1447,3470,708,81,5706,482174,72868
35620,"New York-Newark-Jersey City, NY-NJ",2025-04-01,1139,2863,615,51,4668,486842,74007
35620,"New York-Newark-Jersey City, NY-NJ",2025-05-01,1394,2995,676,58,5123,491965,75401
35620,"New York-Newark-Jersey City, NY-NJ",2025-06-01,1380,2526,636,66,4608,496573,76781
35620,"New York-Newark-Jersey City, NY-NJ",2025-07-01,1383,2605,562,84,4634,501207,78164
35620,"New York-Newark-Jersey City, NY-NJ",2025-08-01,1087,2431,506,60,4084,505291,79251
35620,"New York-Newark-Jersey City, NY-NJ",2025-09-01,31,64,15,2,112,505403,79282
16580,"Champaign-Urbana, IL",2019-01-01,2,48,7,1,58,58,2
16580,"Champaign-Urbana, IL",2019-02-01,1,55,4,0,60,118,3
16580,"Champaign-Urbana, IL",2019-03-01,2,61,4,0,67,185,5
16580,"Champaign-Urbana, IL",2019-04-01,4,65,14,1,84,269,9
16580,"Champaign-Urbana, IL",2019-05-01,7,79,11,2,99,368,16
16580,"Champaign-Urbana, IL",2019-06-01,5,47,4,1,57,425,21
16580,"Champaign-Urbana, IL",2019-07-01,13,69,9,0,91,516,34
16580,"Champaign-Urbana, IL",2019-08-01,4,33,11,0,48,564,38
16580,"Champaign-Urbana, IL",2019-09-01,8,79,9,2,98,662,46
16580,"Champaign-Urbana, IL",2019-10-01,9,73,7,0,89,751,55
16580,"Champaign-Urbana, IL",2019-11-01,8,70,14,1,93,844,63
16580,"Champaign-Urbana, IL",2019-12-01,10,66,10,0,86,930,73
16580,"Champaign-Urbana, IL",2020-01-01,16,74,8,1,99,1029,89
16580,"Champaign-Urbana, IL",2020-02-01,11,71,13,1,96,1125,100
16580,"Champaign-Urbana, IL",2020-03-01,20,115,19,3,157,1282,120
16580,"Champaign-Urbana, IL",2020-04-01,42,138,31,1,212,1494,162
16580,"Champaign-Urbana, IL",2020-05-01,97,246,24,3,370,1864,259
16580,"Champaign-Urbana, IL",2020-06-01,54,171,15,2,242,2106,313
16580,"Champaign-Urbana, IL",2020-07-01,60,189,28,3,280,2386,373
16580,"Champaign-Urbana, IL",2020-08-01,61,207,22,4,294,2680,434
16580,"Champaign-Urbana, IL",2020-09-01,74,185,18,5,282,2962,508
16580,"Champaign-Urbana, IL",2020-10-01,47,165,22,3,237,3199,555
16580,"Champaign-Urbana, IL",2020-11-01,22,80,9,1,112,3311,577
16580,"Champaign-Urbana, IL",2020-12-01,48,80,23,2,153,3464,625
16580,"Champaign-Urbana, IL",2021-01-01,114,224,24,1,363,3827,739
16580,"Champaign-Urbana, IL",2021-02-01,91,199,25,3,318,4145,830
16580,"Champaign-Urbana, IL",2021-03-01,127,216,25,2,370,4515,957
16580,"Champaign-Urbana, IL",2021-04-01,109,211,36,2,358,4873,1066
16580,"Champaign-Urbana, IL",2021-05-01,73,138,20,3,234,5107,1139
16580,"Champaign-Urbana, IL",2021-06-01,78,125,21,2,226,5333,1217
16580,"Champaign-Urbana, IL",2021-07-01,58,82,14,0,154,5487,1275
16580,"Champaign-Urbana, IL",2021-08-01,71,148,30,1,250,5737,1346
16580,"Champaign-Urbana, IL",2021-09-01,82,186,24,4,296,6033,1428
16580,"Champaign-Urbana, IL",2021-10-01,41,113,14,0,168,6201,1469
16580,"Champaign-Urbana, IL",2021-11-01,56,107,22,2,187,6388,1525
16580,"Champaign-Urbana, IL",2021-12-01,101,165,32,3,301,6689,1626
16580,"Champaign-Urbana, IL",2022-01-01,105,206,40,3,354,7043,1731
16580,"Champaign-Urbana, IL",2022-02-01,89,155,21,2,267,7310,1820
16580,"Champaign-Urbana, IL",2022-03-01,103,171,36,4,314,7624,1923
16580,"Champaign-Urbana, IL",2022-04-01,60,111,31,1,203,7827,1983
16580,"Champaign-Urbana, IL",2022-05-01,64,104,27,2,197,8024,2047
16580,"Champaign-Urbana, IL",2022-06-01,24,59,16,1,100,8124,2071
16580,"Champaign-Urbana, IL",2022-07-01,41,77,12,1,131,8255,2112
16580,"Champaign-Urbana, IL",2022-08-01,57,105,26,1,189,8444,2169
16580,"Champaign-Urbana, IL",2022-09-01,73,132,24,3,232,8676,2242
16580,"Champaign-Urbana, IL",2022-10-01,52,105,31,6,194,8870,2294
16580,"Champaign-Urbana, IL",2022-11-01,76,115,27,1,219,9089,2370
16580,"Champaign-Urbana, IL",2022-12-01,71,125,15,5,216,9305,2441
16580,"Champaign-Urbana, IL",2023-01-01,105,127,29,3,264,9569,2546
16580,"Champaign-Urbana, IL",2023-02-01,90,117,36,4,247,9816,2636
16580,"Champaign-Urbana, IL",2023-03-01,120,175,25,5,325,10141,2756
16580,"Champaign-Urbana, IL",2023-04-01,93,146,27,7,273,10414,2849
16580,"Champaign-Urbana, IL",2023-05-01,53,77,12,2,144,10558,2902
16580,"Champaign-Urbana, IL",2023-06-01,31,48,10,1,90,10648,2933
16580,"Champaign-Urbana, IL",2023-07-01,39,69,16,2,126,10774,2972
16580,"Champaign-Urbana, IL",2023-08-01,61,75,26,2,164,10938,3033
16580,"Champaign-Urbana, IL",2023-09-01,93,134,29,0,256,11194,3126
16580,"Champaign-Urbana, IL",2023-10-01,90,133,29,3,255,11449,3216
16580,"Champaign-Urbana, IL",2023-11-01,99,130,43,9,281,11730,3315
16580,"Champaign-Urbana, IL",2023-12-01,91,126,32,10,259,11989,3406
16580,"Champaign-Urbana, IL",2024-01-01,105,112,33,2,252,12241,3511
16580,"Champaign-Urbana, IL",2024-02-01,121,108,22,1,252,12493,3632
16580,"Champaign-Urbana, IL",2024-03-01,113,128,43,2,286,12779,3745
16580,"Champaign-Urbana, IL",2024-04-01,141,125,32,7,305,13084,3886
16580,"Champaign-Urbana, IL",2024-05-01,94,139,40,4,277,13361,3980
16580,"Champaign-Urbana, IL",2024-06-01,54,92,20,3,169,13530,4034
16580,"Champaign-Urbana, IL",2024-07-01,26,60,14,1,101,13631,4060
16580,"Champaign-Urbana, IL",2024-08-01,36,63,19,3,121,13752,4096
16580,"Champaign-Urbana, IL",2024-09-01,70,109,21,8,208,13960,4166
16580,"Champaign-Urbana, IL",2024-10-01,129,147,44,1,321,14281,4295
16580,"Champaign-Urbana, IL",2024-11-01,92,110,27,4,233,14514,4387
16580,"Champaign-Urbana, IL",2024-12-01,102,102,20,1,225,14739,4489
16580,"Champaign-Urbana, IL",2025-01-01,125,113,29,1,268,15007,4614
16580,"Champaign-Urbana, IL",2025-02-01,113,92,20,0,225,15232,4727
16580,"Champaign-Urbana, IL",2025-03-01,149,119,33,4,305,15537,4876
16580,"Champaign-Urbana, IL",2025-04-01,123,128,16,1,268,15805,4999
16580,"Champaign-Urbana, IL",2025-05-01,87,88,24,4,203,16008,5086
16580,"Champaign-Urbana, IL",2025-06-01,78,87,13,2,180,16188,5164
16580,"Champaign-Urbana, IL",2025-07-01,57,68,14,1,140,16328,5221
16580,"Champaign-Urbana, IL",2025-08-01,59,55,14,2,130,16458,5280
16580,"Champaign-Urbana, IL",2025-09-01,5,2,0,0,7,16465,5285
46500,"Urbana, OH",2019-01-01,0,7,5,0,12,12,0
46500,"Urbana, OH",2019-02-01,2,7,1,0,10,22,2
46500,"Urbana, OH",2019-03-01,1,11,6,0,18,40,3
46500,"Urbana, OH",2019-04-01,1,20,4,1,26,66,4
46500,"Urbana, OH",2019-05-01,1,12,2,0,15,81,5
46500,"Urbana, OH",2019-06-01,0,7,6,1,14,95,5
46500,"Urbana, OH",2019-07-01,1,8,3,0,12,107,6
46500,"Urbana, OH",2019-08-01,0,16,12,1,29,136,6
46500,"Urbana, OH",2019-09-01,4,23,3,0,30,166,10
46500,"Urbana, OH",2019-10-01,6,22,8,1,37,203,16
46500,"Urbana, OH",2019-11-01,1,26,6,1,34,237,17
46500,"Urbana, OH",2019-12-01,1,9,1,0,11,248,18
46500,"Urbana, OH",2020-01-01,4,20,4,1,29,277,22
46500,"Urbana, OH",2020-02-01,5,18,5,1,29,306,27
46500,"Urbana, OH",2020-03-01,6,20,4,0,30,336,33
46500,"Urbana, OH",2020-04-01,9,34,10,3,56,392,42
46500,"Urbana, OH",2020-05-01,15,33,13,0,61,453,57
46500,"Urbana, OH",2020-06-01,7,34,9,1,51,504,64
46500,"Urbana, OH",2020-07-01,8,34,15,0,57,561,72
46500,"Urbana, OH",2020-08-01,10,31,11,1,53,614,82
46500,"Urbana, OH",2020-09-01,7,26,10,1,44,658,89
46500,"Urbana, OH",2020-10-01,3,38,14,0,55,713,92
46500,"Urbana, OH",2020-11-01,3,17,3,0,23,736,95
46500,"Urbana, OH",2020-12-01,9,18,7,2,36,772,104
46500,"Urbana, OH",2021-01-01,21,45,17,2,85,857,125
46500,"Urbana, OH",2021-02-01,10,39,9,1,59,916,135
46500,"Urbana, OH",2021-03-01,20,42,11,2,75,991,155
46500,"Urbana, OH",2021-04-01,15,39,13,2,69,1060,170
46500,"Urbana, OH",2021-05-01,8,56,14,1,79,1139,178
46500,"Urbana, OH",2021-06-01,16,39,14,2,71,1210,194
46500,"Urbana, OH",2021-07-01,13,36,7,2,58,1268,207
46500,"Urbana, OH",2021-08-01,7,26,9,2,44,1312,214
46500,"Urbana, OH",2021-09-01,12,35,16,3,66,1378,226
46500,"Urbana, OH",2021-10-01,4,23,14,3,44,1422,230
46500,"Urbana, OH",2021-11-01,7,24,11,1,43,1465,237
46500,"Urbana, OH",2021-12-01,9,21,13,2,45,1510,246
46500,"Urbana, OH",2022-01-01,17,42,17,3,79,1589,263
46500,"Urbana, OH",2022-02-01,10,20,11,0,41,1630,273
46500,"Urbana, OH",2022-03-01,12,12,10,1,35,1665,285
46500,"Urbana, OH",2022-04-01,6,31,12,1,50,1715,291
46500,"Urbana, OH",2022-05-01,7,13,7,0,27,1742,298
46500,"Urbana, OH",2022-06-01,9,22,9,0,40,1782,307
46500,"Urbana, OH",2022-07-01,8,16,4,0,28,1810,315
46500,"Urbana, OH",2022-08-01,7,21,5,0,33,1843,322
46500,"Urbana, OH",2022-09-01,10,15,5,0,30,1873,332
46500,"Urbana, OH",2022-10-01,9,23,8,1,41,1914,341
46500,"Urbana, OH",2022-11-01,14,27,12,0,53,1967,355
46500,"Urbana, OH",2022-12-01,14,26,7,1,48,2015,369
46500,"Urbana, OH",2023-01-01,18,27,8,3,56,2071,387
46500,"Urbana, OH",2023-02-01,14,30,11,5,60,2131,401
46500,"Urbana, OH",2023-03-01,15,33,16,1,65,2196,416
46500,"Urbana, OH",2023-04-01,9,26,13,1,49,2245,425
46500,"Urbana, OH",2023-05-01,9,14,10,0,33,2278,434
46500,"Urbana, OH",2023-06-01,6,12,6,0,24,2302,440
46500,"Urbana, OH",2023-07-01,5,11,3,0,19,2321,445
46500,"Urbana, OH",2023-08-01,3,20,6,0,29,2350,448
46500,"Urbana, OH",2023-09-01,21,22,5,1,49,2399,469
46500,"Urbana, OH",2023-10-01,18,26,17,1,62,2461,487
46500,"Urbana, OH",2023-11-01,21,31,10,1,63,2524,508
46500,"Urbana, OH",2023-12-01,22,31,12,1,66,2590,530
46500,"Urbana, OH",2024-01-01,29,40,11,1,81,2671,559
46500,"Urbana, OH",2024-02-01,21,36,7,1,65,2736,580
46500,"Urbana, OH",2024-03-01,21,41,7,2,71,2807,601
46500,"Urbana, OH",2024-04-01,19,39,18,1,77,2884,620
46500,"Urbana, OH",2024-05-01,22,42,15,3,82,2966,642
46500,"Urbana, OH",2024-06-01,12,17,10,1,40,3006,654
46500,"Urbana, OH",2024-07-01,15,41,15,2,73,3079,669
46500,"Urbana, OH",2024-08-01,11,33,4,0,48,3127,680
46500,"Urbana, OH",2024-09-01,14,41,12,0,67,3194,694
46500,"Urbana, OH",2024-10-01,22,46,26,3,97,3291,716
46500,"Urbana, OH",2024-11-01,24,41,11,0,76,3367,740
46500,"Urbana, OH",2024-12-01,27,32,13,3,75,3442,767
46500,"Urbana, OH",2025-01-01,26,40,16,3,85,3527,793
46500,"Urbana, OH",2025-02-01,31,32,7,0,70,3597,824
46500,"Urbana, OH",2025-03-01,32,33,7,2,74,3671,856
46500,"Urbana, OH",2025-04-01,34,39,11,2,86,3757,890
46500,"Urbana, OH",2025-05-01,30,36,11,1,78,3835,920
46500,"Urbana, OH",2025-06-01,15,40,7,1,63,3898,935
46500,"Urbana, OH",2025-07-01,23,41,5,1,70,3968,958
46500,"Urbana, OH",2025-08-01,11,14,7,1,33,4001,969
28680,"Kingsland, GA",2019-01-01,0,3,1,0,4,4,0
28680,"Kingsland, GA",2019-02-01,0,4,1,1,6,10,0
28680,"Kingsland, GA",2019-03-01,0,6,3,0,9,19,0
28680,"Kingsland, GA",2019-04-01,0,9,3,0,12,31,0
28680,"Kingsland, GA",2019-05-01,0,19,3,0,22,53,0
28680,"Kingsland, GA",2019-06-01,1,27,8,2,38,91,1
28680,"Kingsland, GA",2019-07-01,4,24,1,1,30,121,5
28680,"Kingsland, GA",2019-08-01,3,27,7,1,38,159,8
28680,"Kingsland, GA",2019-09-01,0,23,8,0,31,190,8
28680,"Kingsland, GA",2019-10-01,0,17,5,0,22,212,8
28680,"Kingsland, GA",2019-11-01,2,14,7,0,23,235,10
28680,"Kingsland, GA",2019-12-01,2,19,4,1,26,261,12
28680,"Kingsland, GA",2020-01-01,1,22,4,0,27,288,13
28680,"Kingsland, GA",2020-02-01,1,12,6,1,20,308,14
28680,"Kingsland, GA",2020-03-01,0,40,9,0,49,357,14
28680,"Kingsland, GA",2020-04-01,12,44,13,1,70,427,26
28680,"Kingsland, GA",2020-05-01,28,62,14,0,104,531,54
28680,"Kingsland, GA",2020-06-01,10,59,11,1,81,612,64
28680,"Kingsland, GA",2020-07-01,3,48,7,2,60,672,67
28680,"Kingsland, GA",2020-08-01,11,56,15,3,85,757,78
28680,"Kingsland, GA",2020-09-01,11,61,16,2,90,847,89
28680,"Kingsland, GA",2020-10-01,6,35,10,2,53,900,95
28680,"Kingsland, GA",2020-11-01,10,39,5,0,54,954,105
28680,"Kingsland, GA",2020-12-01,8,20,8,0,36,990,113
28680,"Kingsland, GA",2021-01-01,20,65,11,1,97,1087,133
28680,"Kingsland, GA",2021-02-01,20,46,15,0,81,1168,153
28680,"Kingsland, GA",2021-03-01,17,58,22,2,99,1267,170
28680,"Kingsland, GA",2021-04-01,32,86,21,2,141,1408,202
28680,"Kingsland, GA",2021-05-01,13,67,20,2,102,1510,215
28680,"Kingsland, GA",2021-06-01,28,85,17,0,130,1640,243
28680,"Kingsland, GA",2021-07-01,17,63,15,3,98,1738,260
28680,"Kingsland, GA",2021-08-01,14,57,12,5,88,1826,274
28680,"Kingsland, GA",2021-09-01,18,82,15,1,116,1942,292
28680,"Kingsland, GA",2021-10-01,12,40,10,1,63,2005,304
28680,"Kingsland, GA",2021-11-01,16,27,14,1,58,2063,320
28680,"Kingsland, GA",2021-12-01,23,58,11,1,93,2156,343
28680,"Kingsland, GA",2022-01-01,22,55,22,1,100,2256,365
28680,"Kingsland, GA",2022-02-01,17,51,14,1,83,2339,382
28680,"Kingsland, GA",2022-03-01,17,39,10,2,68,2407,399
28680,"Kingsland, GA",2022-04-01,12,53,10,0,75,2482,411
28680,"Kingsland, GA",2022-05-01,16,43,13,1,73,2555,427
28680,"Kingsland, GA",2022-06-01,24,44,14,1,83,2638,451
28680,"Kingsland, GA",2022-07-01,23,38,8,4,73,2711,474
28680,"Kingsland, GA",2022-08-01,18,45,16,2,81,2792,492
28680,"Kingsland, GA",2022-09-01,27,45,10,3,85,2877,519
28680,"Kingsland, GA",2022-10-01,22,39,10,4,75,2952,541
28680,"Kingsland, GA",2022-11-01,29,38,11,1,79,3031,570
28680,"Kingsland, GA",2022-12-01,13,46,14,1,74,3105,583
28680,"Kingsland, GA",2023-01-01,25,40,12,2,79,3184,608
28680,"Kingsland, GA",2023-02-01,31,36,12,0,79,3263,639
28680,"Kingsland, GA",2023-03-01,31,65,13,2,111,3374,670
28680,"Kingsland, GA",2023-04-01,14,45,11,0,70,3444,684
28680,"Kingsland, GA",2023-05-01,25,38,12,2,77,3521,709
28680,"Kingsland, GA",2023-06-01,19,27,7,1,54,3575,728
28680,"Kingsland, GA",2023-07-01,16,26,16,0,58,3633,744
28680,"Kingsland, GA",2023-08-01,20,21,7,0,48,3681,764
28680,"Kingsland, GA",2023-09-01,13,19,9,0,41,3722,777
28680,"Kingsland, GA",2023-10-01,21,45,13,1,80,3802,798
28680,"Kingsland, GA",2023-11-01,40,50,5,1,96,3898,838
28680,"Kingsland, GA",2023-12-01,24,35,9,3,71,3969,862
28680,"Kingsland, GA",2024-01-01,26,43,10,2,81,4050,888
28680,"Kingsland, GA",2024-02-01,31,28,10,1,70,4120,919
28680,"Kingsland, GA",2024-03-01,28,45,15,5,93,4213,947
28680,"Kingsland, GA",2024-04-01,23,27,9,0,59,4272,970
28680,"Kingsland, GA",2024-05-01,21,27,10,1,59,4331,991
28680,"Kingsland, GA",2024-06-01,24,24,11,1,60,4391,1015
28680,"Kingsland, GA",2024-07-01,12,29,12,0,53,4444,1027
28680,"Kingsland, GA",2024-08-01,10,20,6,0,36,4480,1037
28680,"Kingsland, GA",2024-09-01,20,20,14,0,54,4534,1057
28680,"Kingsland, GA",2024-10-01,29,46,17,0,92,4626,1086
28680,"Kingsland, GA",2024-11-01,34,51,6,0,91,4717,1120
28680,"Kingsland, GA",2024-12-01,40,51,13,1,105,4822,1160
28680,"Kingsland, GA",2025-01-01,37,37,20,1,95,4917,1197
28680,"Kingsland, GA",2025-02-01,35,24,10,0,69,4986,1232
28680,"Kingsland, GA",2025-03-01,31,35,11,1,78,5064,1263
28680,"Kingsland, GA",2025-04-01,23,42,8,0,73,5137,1286
28680,"Kingsland, GA",2025-05-01,31,43,15,6,95,5232,1317
28680,"Kingsland, GA",2025-06-01,45,47,14,0,106,5338,1362
28680,"Kingsland, GA",2025-07-01,44,47,14,0,105,5443,1406
28680,"Kingsland, GA",2025-08-01,23,39,7,4,73,5516,1429
28680,"Kingsland, GA",2025-09-01,2,0,0,0,2,5518,1431
35100,"New Bern, NC",2019-01-01,0,2,3,0,5,5,0
35100,"New Bern, NC",2019-02-01,0,7,1,0,8,13,0
35100,"New Bern, NC",2019-03-01,0,12,3,0,15,28,0
35100,"New Bern, NC",2019-04-01,1,13,7,0,21,49,1
35100,"New Bern, NC",2019-05-01,2,22,3,0,27,76,3
35100,"New Bern, NC",2019-06-01,0,37,5,0,42,118,3
35100,"New Bern, NC",2019-07-01,0,32,5,1,38,156,3
35100,"New Bern, NC",2019-08-01,0,25,12,1,38,194,3
35100,"New Bern, NC",2019-09-01,1,20,6,1,28,222,4
35100,"New Bern, NC",2019-10-01,0,19,2,0,21,243,4
35100,"New Bern, NC",2019-11-01,2,31,4,0,37,280,6
35100,"New Bern, NC",2019-12-01,1,11,4,1,17,297,7
35100,"New Bern, NC",2020-01-01,1,15,3,0,19,316,8
35100,"New Bern, NC",2020-02-01,2,18,9,4,33,349,10
35100,"New Bern, NC",2020-03-01,8,38,8,2,56,405,18
35100,"New Bern, NC",2020-04-01,11,41,11,2,65,470,29
35100,"New Bern, NC",2020-05-01,14,39,16,0,69,539,43
35100,"New Bern, NC",2020-06-01,10,39,4,1,54,593,53
35100,"New Bern, NC",2020-07-01,17,68,14,1,100,693,70
35100,"New Bern, NC",2020-08-01,17,84,21,0,122,815,87
35100,"New Bern, NC",2020-09-01,15,60,13,1,89,904,102
35100,"New Bern, NC",2020-10-01,4,54,8,0,66,970,106
35100,"New Bern, NC",2020-11-01,8,34,8,1,51,1021,114
35100,"New Bern, NC",2020-12-01,11,47,11,0,69,1090,125
35100,"New Bern, NC",2021-01-01,20,62,14,0,96,1186,145
35100,"New Bern, NC",2021-02-01,20,59,14,2,95,1281,165
35100,"New Bern, NC",2021-03-01,22,62,17,4,105,1386,187
35100,"New Bern, NC",2021-04-01,28,93,22,3,146,1532,215
35100,"New Bern, NC",2021-05-01,34,67,12,2,115,1647,249
35100,"New Bern, NC",2021-06-01,28,78,11,1,118,1765,277
35100,"New Bern, NC",2021-07-01,31,95,11,2,139,1904,308
35100,"New Bern, NC",2021-08-01,23,78,7,1,109,2013,331
35100,"New Bern, NC",2021-09-01,21,63,13,1,98,2111,352
35100,"New Bern, NC",2021-10-01,24,42,6,1,73,2184,376
35100,"New Bern, NC",2021-11-01,24,49,11,3,87,2271,400
35100,"New Bern, NC",2021-12-01,23,55,22,2,102,2373,423
35100,"New Bern, NC",2022-01-01,32,72,17,2,123,2496,455
35100,"New Bern, NC",2022-02-01,22,37,10,1,70,2566,477
35100,"New Bern, NC",2022-03-01,26,56,16,1,99,2665,503
35100,"New Bern, NC",2022-04-01,27,59,14,0,100,2765,530
35100,"New Bern, NC",2022-05-01,42,64,12,1,119,2884,572
35100,"New Bern, NC",2022-06-01,35,45,9,0,89,2973,607
35100,"New Bern, NC",2022-07-01,29,45,18,1,93,3066,636
35100,"New Bern, NC",2022-08-01,27,60,11,0,98,3164,663
35100,"New Bern, NC",2022-09-01,37,62,19,2,120,3284,700
35100,"New Bern, NC",2022-10-01,26,45,8,0,79,3363,726
35100,"New Bern, NC",2022-11-01,35,50,21,0,106,3469,761
35100,"New Bern, NC",2022-12-01,33,53,17,0,103,3572,794
35100,"New Bern, NC",2023-01-01,26,36,19,0,81,3653,820
35100,"New Bern, NC",2023-02-01,23,38,9,1,71,3724,843
35100,"New Bern, NC",2023-03-01,35,57,23,4,119,3843,878
35100,"New Bern, NC",2023-04-01,35,48,13,0,96,3939,913
35100,"New Bern, NC",2023-05-01,32,39,19,2,92,4031,945
35100,"New Bern, NC",2023-06-01,20,33,5,0,58,4089,965
35100,"New Bern, NC",2023-07-01,26,48,14,2,90,4179,991
35100,"New Bern, NC",2023-08-01,29,25,9,0,63,4242,1020
35100,"New Bern, NC",2023-09-01,22,32,7,2,63,4305,1042
35100,"New Bern, NC",2023-10-01,28,34,14,0,76,4381,1070
35100,"New Bern, NC",2023-11-01,41,47,14,1,103,4484,1111
35100,"New Bern, NC",2023-12-01,47,56,12,1,116,4600,1158
35100,"New Bern, NC",2024-01-01,52,71,23,3,149,4749,1210
35100,"New Bern, NC",2024-02-01,40,50,17,2,109,4858,1250
35100,"New Bern, NC",2024-03-01,35,44,10,2,91,4949,1285
35100,"New Bern, NC",2024-04-01,37,46,14,0,97,5046,1322
35100,"New Bern, NC",2024-05-01,34,35,10,1,80,5126,1356
35100,"New Bern, NC",2024-06-01,38,40,13,2,93,5219,1394
35100,"New Bern, NC",2024-07-01,29,34,14,2,79,5298,1423
35100,"New Bern, NC",2024-08-01,30,33,5,1,69,5367,1453
35100,"New Bern, NC",2024-09-01,30,43,15,1,89,5456,1483
35100,"New Bern, NC",2024-10-01,39,42,9,0,90,5546,1522
35100,"New Bern, NC",2024-11-01,44,51,12,2,109,5655,1566
35100,"New Bern, NC",2024-12-01,53,61,18,0,132,5787,1619
35100,"New Bern, NC",2025-01-01,47,42,8,1,98,5885,1666
35100,"New Bern, NC",2025-02-01,37,43,18,1,99,5984,1703
35100,"New Bern, NC",2025-03-01,44,52,16,2,114,6098,1747
35100,"New Bern, NC",2025-04-01,45,51,10,4,110,6208,1792
35100,"New Bern, NC",2025-05-01,49,43,12,5,109,6317,1841
35100,"New Bern, NC",2025-06-01,46,45,19,3,113,6430,1887
35100,"New Bern, NC",2025-07-01,48,36,15,4,103,6533,1935
35100,"New Bern, NC",2025-08-01,31,34,17,2,84,6617,1966
35100,"New Bern, NC",2025-09-01,1,1,0,0,2,6619,1967
48580,"Whitewater-Elkhorn, WI",2019-01-01,1,2,1,0,4,4,1
48580,"Whitewater-Elkhorn, WI",2019-02-01,0,5,2,0,7,11,1
48580,"Whitewater-Elkhorn, WI",2019-03-01,0,3,2,0,5,16,1
48580,"Whitewater-Elkhorn, WI",2019-04-01,1,9,1,0,11,27,2
48580,"Whitewater-Elkhorn, WI",2019-05-01,0,10,4,1,15,42,2
48580,"Whitewater-Elkhorn, WI",2019-06-01,1,11,1,1,14,56,3
48580,"Whitewater-Elkhorn, WI",2019-07-01,4,7,2,0,13,69,7
48580,"Whitewater-Elkhorn, WI",2019-08-01,3,9,10,1,23,92,10
48580,"Whitewater-Elkhorn, WI",2019-09-01,1,5,0,1,7,99,11
48580,"Whitewater-Elkhorn, WI",2019-10-01,4,8,8,0,20,119,15
48580,"Whitewater-Elkhorn, WI",2019-11-01,1,8,6,1,16,135,16
48580,"Whitewater-Elkhorn, WI",2019-12-01,1,13,1,0,15,150,17
48580,"Whitewater-Elkhorn, WI",2020-01-01,4,13,4,1,22,172,21
48580,"Whitewater-Elkhorn, WI",2020-02-01,2,6,4,3,15,187,23
48580,"Whitewater-Elkhorn, WI",2020-03-01,5,13,4,1,23,210,28
48580,"Whitewater-Elkhorn, WI",2020-04-01,11,29,14,1,55,265,39
48580,"Whitewater-Elkhorn, WI",2020-05-01,22,34,8,0,64,329,61
48580,"Whitewater-Elkhorn, WI",2020-06-01,18,25,3,0,46,375,79
48580,"Whitewater-Elkhorn, WI",2020-07-01,20,29,5,0,54,429,99
48580,"Whitewater-Elkhorn, WI",2020-08-01,14,25,4,0,43,472,113
48580,"Whitewater-Elkhorn, WI",2020-09-01,8,32,10,0,50,522,121
48580,"Whitewater-Elkhorn, WI",2020-10-01,11,16,4,1,32,554,132
48580,"Whitewater-Elkhorn, WI",2020-11-01,14,28,5,1,48,602,146
48580,"Whitewater-Elkhorn, WI",2020-12-01,11,25,4,0,40,642,157
48580,"Whitewater-Elkhorn, WI",2021-01-01,32,45,4,2,83,725,189
48580,"Whitewater-Elkhorn, WI",2021-02-01,23,38,5,1,67,792,212
48580,"Whitewater-Elkhorn, WI",2021-03-01,39,32,11,2,84,876,251
48580,"Whitewater-Elkhorn, WI",2021-04-01,21,44,10,0,75,951,272
48580,"Whitewater-Elkhorn, WI",2021-05-01,35,56,9,2,102,1053,307
48580,"Whitewater-Elkhorn, WI",2021-06-01,30,59,12,1,102,1155,337
48580,"Whitewater-Elkhorn, WI",2021-07-01,23,68,11,0,102,1257,360
48580,"Whitewater-Elkhorn, WI",2021-08-01,25,59,10,0,94,1351,385
48580,"Whitewater-Elkhorn, WI",2021-09-01,36,58,15,2,111,1462,421
48580,"Whitewater-Elkhorn, WI",2021-10-01,31,50,12,3,96,1558,452
48580,"Whitewater-Elkhorn, WI",2021-11-01,35,47,12,1,95,1653,487
48580,"Whitewater-Elkhorn, WI",2021-12-01,30,65,9,0,104,1757,517
48580,"Whitewater-Elkhorn, WI",2022-01-01,41,62,16,2,121,1878,558
48580,"Whitewater-Elkhorn, WI",2022-02-01,37,56,15,0,108,1986,595
48580,"Whitewater-Elkhorn, WI",2022-03-01,30,43,14,3,90,2076,625
48580,"Whitewater-Elkhorn, WI",2022-04-01,31,38,8,0,77,2153,656
48580,"Whitewater-Elkhorn, WI",2022-05-01,25,30,11,0,66,2219,681
48580,"Whitewater-Elkhorn, WI",2022-06-01,25,25,8,0,58,2277,706
48580,"Whitewater-Elkhorn, WI",2022-07-01,26,29,12,1,68,2345,732
48580,"Whitewater-Elkhorn, WI",2022-08-01,28,41,10,4,83,2428,760
48580,"Whitewater-Elkhorn, WI",2022-09-01,26,17,15,0,58,2486,786
48580,"Whitewater-Elkhorn, WI",2022-10-01,30,28,13,2,73,2559,816
48580,"Whitewater-Elkhorn, WI",2022-11-01,32,30,6,0,68,2627,848
48580,"Whitewater-Elkhorn, WI",2022-12-01,33,22,9,2,66,2693,881
48580,"Whitewater-Elkhorn, WI",2023-01-01,41,41,16,0,98,2791,922
48580,"Whitewater-Elkhorn, WI",2023-02-01,31,25,11,1,68,2859,953
48580,"Whitewater-Elkhorn, WI",2023-03-01,31,30,15,0,76,2935,984
48580,"Whitewater-Elkhorn, WI",2023-04-01,26,32,12,0,70,3005,1010
48580,"Whitewater-Elkhorn, WI",2023-05-01,20,22,13,1,56,3061,1030
48580,"Whitewater-Elkhorn, WI",2023-06-01,22,31,8,0,61,3122,1052
48580,"Whitewater-Elkhorn, WI",2023-07-01,31,31,15,2,79,3201,1083
48580,"Whitewater-Elkhorn, WI",2023-08-01,33,28,9,0,70,3271,1116
48580,"Whitewater-Elkhorn, WI",2023-09-01,37,32,5,2,76,3347,1153
48580,"Whitewater-Elkhorn, WI",2023-10-01,47,32,13,1,93,3440,1200
48580,"Whitewater-Elkhorn, WI",2023-11-01,49,39,16,2,106,3546,1249
48580,"Whitewater-Elkhorn, WI",2023-12-01,51,29,13,2,95,3641,1300
48580,"Whitewater-Elkhorn, WI",2024-01-01,40,35,12,2,89,3730,1340
48580,"Whitewater-Elkhorn, WI",2024-02-01,40,18,15,1,74,3804,1380
48580,"Whitewater-Elkhorn, WI",2024-03-01,37,35,5,1,78,3882,1417
48580,"Whitewater-Elkhorn, WI",2024-04-01,23,30,8,0,61,3943,1440
48580,"Whitewater-Elkhorn, WI",2024-05-01,37,26,9,0,72,4015,1477
48580,"Whitewater-Elkhorn, WI",2024-06-01,28,24,11,2,65,4080,1505
48580,"Whitewater-Elkhorn, WI",2024-07-01,27,22,11,1,61,4141,1532
48580,"Whitewater-Elkhorn, WI",2024-08-01,21,24,7,0,52,4193,1553
48580,"Whitewater-Elkhorn, WI",2024-09-01,32,22,9,1,64,4257,1585
48580,"Whitewater-Elkhorn, WI",2024-10-01,37,27,10,0,74,4331,1622
48580,"Whitewater-Elkhorn, WI",2024-11-01,39,30,12,1,82,4413,1661
48580,"Whitewater-Elkhorn, WI",2024-12-01,51,21,17,1,90,4503,1712
48580,"Whitewater-Elkhorn, WI",2025-01-01,60,43,9,1,113,4616,1772
48580,"Whitewater-Elkhorn, WI",2025-02-01,39,33,10,0,82,4698,1811
48580,"Whitewater-Elkhorn, WI",2025-03-01,36,24,9,1,70,4768,1847
48580,"Whitewater-Elkhorn, WI",2025-04-01,47,32,6,1,86,4854,1894
48580,"Whitewater-Elkhorn, WI",2025-05-01,24,27,14,1,66,4920,1918
48580,"Whitewater-Elkhorn, WI",2025-06-01,31,29,18,2,80,5000,1949
48580,"Whitewater-Elkhorn, WI",2025-07-01,24,27,10,0,61,5061,1973
48580,"Whitewater-Elkhorn, WI",2025-08-01,30,24,11,0,65,5126,2003
14140,"Bluefield, WV-VA",2019-01-01,0,1,0,0,1,1,0
14140,"Bluefield, WV-VA",2019-02-01,0,1,2,0,3,4,0
14140,"Bluefield, WV-VA",2019-03-01,0,0,0,0,0,4,0
14140,"Bluefield, WV-VA",2019-04-01,1,1,1,0,3,7,1
14140,"Bluefield, WV-VA",2019-05-01,0,7,1,0,8,15,1
14140,"Bluefield, WV-VA",2019-06-01,0,5,3,0,8,23,1
14140,"Bluefield, WV-VA",2019-07-01,1,5,0,0,6,29,2
14140,"Bluefield, WV-VA",2019-08-01,0,8,2,1,11,40,2
14140,"Bluefield, WV-VA",2019-09-01,1,8,2,0,11,51,3
14140,"Bluefield, WV-VA",2019-10-01,2,10,3,0,15,66,5
14140,"Bluefield, WV-VA",2019-11-01,0,5,1,0,6,72,5
14140,"Bluefield, WV-VA",2019-12-01,0,5,1,0,6,78,5
14140,"Bluefield, WV-VA",2020-01-01,2,8,2,0,12,90,7
14140,"Bluefield, WV-VA",2020-02-01,2,6,2,0,10,100,9
14140,"Bluefield, WV-VA",2020-03-01,0,12,2,1,15,115,9
14140,"Bluefield, WV-VA",2020-04-01,3,10,4,0,17,132,12
14140,"Bluefield, WV-VA",2020-05-01,5,18,4,0,27,159,17
14140,"Bluefield, WV-VA",2020-06-01,9,26,3,1,39,198,26
14140,"Bluefield, WV-VA",2020-07-01,4,11,1,0,16,214,30
14140,"Bluefield, WV-VA",2020-08-01,12,30,6,0,48,262,42
14140,"Bluefield, WV-VA",2020-09-01,7,16,7,2,32,294,49
14140,"Bluefield, WV-VA",2020-10-01,4,23,8,0,35,329,53
14140,"Bluefield, WV-VA",2020-11-01,4,25,4,1,34,363,57
14140,"Bluefield, WV-VA",2020-12-01,8,22,2,0,32,395,65
14140,"Bluefield, WV-VA",2021-01-01,15,34,12,0,61,456,80
14140,"Bluefield, WV-VA",2021-02-01,6,21,7,0,34,490,86
14140,"Bluefield, WV-VA",2021-03-01,15,42,8,1,66,556,101
14140,"Bluefield, WV-VA",2021-04-01,15,27,11,0,53,609,116
14140,"Bluefield, WV-VA",2021-05-01,11,37,5,0,53,662,127
14140,"Bluefield, WV-VA",2021-06-01,5,30,3,1,39,701,132
14140,"Bluefield, WV-VA",2021-07-01,8,32,6,2,48,749,140
14140,"Bluefield, WV-VA",2021-08-01,5,23,5,0,33,782,145
14140,"Bluefield, WV-VA",2021-09-01,12,14,4,1,31,813,157
14140,"Bluefield, WV-VA",2021-10-01,3,18,5,0,26,839,160
14140,"Bluefield, WV-VA",2021-11-01,7,16,4,1,28,867,167
14140,"Bluefield, WV-VA",2021-12-01,9,23,8,0,40,907,176
14140,"Bluefield, WV-VA",2022-01-01,12,22,5,2,41,948,188
14140,"Bluefield, WV-VA",2022-02-01,9,23,7,0,39,987,197
14140,"Bluefield, WV-VA",2022-03-01,7,18,2,1,28,1015,204
14140,"Bluefield, WV-VA",2022-04-01,20,25,9,1,55,1070,224
14140,"Bluefield, WV-VA",2022-05-01,7,17,5,1,30,1100,231
14140,"Bluefield, WV-VA",2022-06-01,12,17,7,2,38,1138,243
14140,"Bluefield, WV-VA",2022-07-01,10,18,4,1,33,1171,253
14140,"Bluefield, WV-VA",2022-08-01,10,18,5,1,34,1205,263
14140,"Bluefield, WV-VA",2022-09-01,10,14,9,1,34,1239,273
14140,"Bluefield, WV-VA",2022-10-01,11,16,6,0,33,1272,284
14140,"Bluefield, WV-VA",2022-11-01,17,23,3,0,43,1315,301
14140,"Bluefield, WV-VA",2022-12-01,10,12,6,0,28,1343,311
14140,"Bluefield, WV-VA",2023-01-01,18,23,7,0,48,1391,329
14140,"Bluefield, WV-VA",2023-02-01,13,21,5,0,39,1430,342
14140,"Bluefield, WV-VA",2023-03-01,27,37,5,0,69,1499,369
14140,"Bluefield, WV-VA",2023-04-01,6,14,4,0,24,1523,375
14140,"Bluefield, WV-VA",2023-05-01,8,21,4,1,34,1557,383
14140,"Bluefield, WV-VA",2023-06-01,18,16,9,1,44,1601,401
14140,"Bluefield, WV-VA",2023-07-01,9,19,3,1,32,1633,410
14140,"Bluefield, WV-VA",2023-08-01,11,11,5,2,29,1662,421
14140,"Bluefield, WV-VA",2023-09-01,9,21,5,3,38,1700,430
14140,"Bluefield, WV-VA",2023-10-01,19,22,8,0,49,1749,449
14140,"Bluefield, WV-VA",2023-11-01,23,22,12,2,59,1808,472
14140,"Bluefield, WV-VA",2023-12-01,22,13,10,0,45,1853,494
14140,"Bluefield, WV-VA",2024-01-01,15,30,11,0,56,1909,509
14140,"Bluefield, WV-VA",2024-02-01,20,30,3,2,55,1964,529
14140,"Bluefield, WV-VA",2024-03-01,10,35,9,1,55,2019,539
14140,"Bluefield, WV-VA",2024-04-01,14,25,6,0,45,2064,553
14140,"Bluefield, WV-VA",2024-05-01,18,25,6,0,49,2113,571
14140,"Bluefield, WV-VA",2024-06-01,18,24,10,4,56,2169,589
14140,"Bluefield, WV-VA",2024-07-01,8,17,7,1,33,2202,597
14140,"Bluefield, WV-VA",2024-08-01,9,23,8,0,40,2242,606
14140,"Bluefield, WV-VA",2024-09-01,14,24,2,0,40,2282,620
14140,"Bluefield, WV-VA",2024-10-01,24,35,9,0,68,2350,644
14140,"Bluefield, WV-VA",2024-11-01,23,37,8,1,69,2419,667
14140,"Bluefield, WV-VA",2024-12-01,24,30,8,0,62,2481,691
14140,"Bluefield, WV-VA",2025-01-01,14,18,8,1,41,2522,705
14140,"Bluefield, WV-VA",2025-02-01,18,25,5,1,49,2571,723
14140,"Bluefield, WV-VA",2025-03-01,25,27,5,0,57,2628,748
14140,"Bluefield, WV-VA",2025-04-01,18,20,10,1,49,2677,766
14140,"Bluefield, WV-VA",2025-05-01,19,22,7,1,49,2726,785
14140,"Bluefield, WV-VA",2025-06-01,20,24,6,0,50,2776,805
14140,"Bluefield, WV-VA",2025-07-01,19,15,6,0,40,2816,824
14140,"Bluefield, WV-VA",2025-08-01,7,22,7,1,37,2853,831
42100,"Santa Cruz-Watsonville, CA",2019-01-01,3,112,22,1,138,138,3
42100,"Santa Cruz-Watsonville, CA",2019-02-01,5,78,13,0,96,234,8
42100,"Santa Cruz-Watsonville, CA",2019-03-01,8,104,27,2,141,375,16
42100,"Santa Cruz-Watsonville, CA",2019-04-01,8,103,22,3,136,511,24
42100,"Santa Cruz-Watsonville, CA",2019-05-01,12,108,19,3,142,653,36
42100,"Santa Cruz-Watsonville, CA",2019-06-01,11,113,24,2,150,803,47
42100,"Santa Cruz-Watsonville, CA",2019-07-01,11,97,24,2,134,937,58
42100,"Santa Cruz-Watsonville, CA",2019-08-01,13,84,18,6,121,1058,71
42100,"Santa Cruz-Watsonville, CA",2019-09-01,12,86,12,3,113,1171,83
42100,"Santa Cruz-Watsonville, CA",2019-10-01,16,101,8,4,129,1300,99
42100,"Santa Cruz-Watsonville, CA",2019-11-01,23,99,14,1,137,1437,122
42100,"Santa Cruz-Watsonville, CA",2019-12-01,36,117,17,2,172,1609,158
42100,"Santa Cruz-Watsonville, CA",2020-01-01,20,119,33,10,182,1791,178
42100,"Santa Cruz-Watsonville, CA",2020-02-01,15,97,24,2,138,1929,193
42100,"Santa Cruz-Watsonville, CA",2020-03-01,14,124,44,4,186,2115,207
42100,"Santa Cruz-Watsonville, CA",2020-04-01,64,197,56,5,322,2437,271
42100,"Santa Cruz-Watsonville, CA",2020-05-01,65,163,32,5,265,2702,336
42100,"Santa Cruz-Watsonville, CA",2020-06-01,88,172,33,5,298,3000,424
42100,"Santa Cruz-Watsonville, CA",2020-07-01,85,203,35,5,328,3328,509
42100,"Santa Cruz-Watsonville, CA",2020-08-01,72,209,55,4,340,3668,581
42100,"Santa Cruz-Watsonville, CA",2020-09-01,63,235,55,7,360,4028,644
42100,"Santa Cruz-Watsonville, CA",2020-10-01,75,180,48,9,312,4340,719
42100,"Santa Cruz-Watsonville, CA",2020-11-01,44,155,35,9,243,4583,763
42100,"Santa Cruz-Watsonville, CA",2020-12-01,35,109,37,9,190,4773,798
42100,"Santa Cruz-Watsonville, CA",2021-01-01,38,122,56,3,219,4992,836
42100,"Santa Cruz-Watsonville, CA",2021-02-01,40,94,47,8,189,5181,876
42100,"Santa Cruz-Watsonville, CA",2021-03-01,69,182,82,24,357,5538,945
42100,"Santa Cruz-Watsonville, CA",2021-04-01,44,262,116,25,447,5985,989
42100,"Santa Cruz-Watsonville, CA",2021-05-01,52,110,69,17,248,6233,1041
42100,"Santa Cruz-Watsonville, CA",2021-06-01,48,124,80,28,280,6513,1089
42100,"Santa Cruz-Watsonville, CA",2021-07-01,35,107,108,21,271,6784,1124
42100,"Santa Cruz-Watsonville, CA",2021-08-01,36,109,118,26,289,7073,1160
42100,"Santa Cruz-Watsonville, CA",2021-09-01,53,147,176,21,397,7470,1213
42100,"Santa Cruz-Watsonville, CA",2021-10-01,20,114,162,12,308,7778,1233
42100,"Santa Cruz-Watsonville, CA",2021-11-01,17,65,74,6,162,7940,1250
42100,"Santa Cruz-Watsonville, CA",2021-12-01,39,79,80,61,259,8199,1289
42100,"Santa Cruz-Watsonville, CA",2022-01-01,51,141,100,161,453,8652,1340
42100,"Santa Cruz-Watsonville, CA",2022-02-01,25,97,120,95,337,8989,1365
42100,"Santa Cruz-Watsonville, CA",2022-03-01,20,117,127,76,340,9329,1385
42100,"Santa Cruz-Watsonville, CA",2022-04-01,18,180,189,45,432,9761,1403
42100,"Santa Cruz-Watsonville, CA",2022-05-01,22,164,159,50,395,10156,1425
42100,"Santa Cruz-Watsonville, CA",2022-06-01,25,157,102,22,306,10462,1450
42100,"Santa Cruz-Watsonville, CA",2022-07-01,25,151,123,27,326,10788,1475
42100,"Santa Cruz-Watsonville, CA",2022-08-01,33,147,97,28,305,11093,1508
42100,"Santa Cruz-Watsonville, CA",2022-09-01,32,163,123,20,338,11431,1540
42100,"Santa Cruz-Watsonville, CA",2022-10-01,47,132,66,12,257,11688,1587
42100,"Santa Cruz-Watsonville, CA",2022-11-01,69,146,50,15,280,11968,1656
42100,"Santa Cruz-Watsonville, CA",2022-12-01,111,178,63,14,366,12334,1767
42100,"Santa Cruz-Watsonville, CA",2023-01-01,63,171,79,18,331,12665,1830
42100,"Santa Cruz-Watsonville, CA",2023-02-01,65,127,72,18,282,12947,1895
42100,"Santa Cruz-Watsonville, CA",2023-03-01,77,185,77,22,361,13308,1972
42100,"Santa Cruz-Watsonville, CA",2023-04-01,47,122,75,20,264,13572,2019
42100,"Santa Cruz-Watsonville, CA",2023-05-01,34,112,47,12,205,13777,2053
42100,"Santa Cruz-Watsonville, CA",2023-06-01,28,118,60,9,215,13992,2081
42100,"Santa Cruz-Watsonville, CA",2023-07-01,23,113,49,5,190,14182,2104
42100,"Santa Cruz-Watsonville, CA",2023-08-01,25,126,45,8,204,14386,2129
42100,"Santa Cruz-Watsonville, CA",2023-09-01,19,151,87,15,272,14658,2148
42100,"Santa Cruz-Watsonville, CA",2023-10-01,28,167,83,19,297,14955,2176
42100,"Santa Cruz-Watsonville, CA",2023-11-01,43,174,155,33,405,15360,2219
42100,"Santa Cruz-Watsonville, CA",2023-12-01,32,165,106,17,320,15680,2251
42100,"Santa Cruz-Watsonville, CA",2024-01-01,36,167,106,18,327,16007,2287
42100,"Santa Cruz-Watsonville, CA",2024-02-01,29,160,97,17,303,16310,2316
42100,"Santa Cruz-Watsonville, CA",2024-03-01,23,176,101,25,325,16635,2339
42100,"Santa Cruz-Watsonville, CA",2024-04-01,27,164,80,17,288,16923,2366
42100,"Santa Cruz-Watsonville, CA",2024-05-01,29,245,154,21,449,17372,2395
42100,"Santa Cruz-Watsonville, CA",2024-06-01,29,231,110,21,391,17763,2424
42100,"Santa Cruz-Watsonville, CA",2024-07-01,50,259,102,23,434,18197,2474
42100,"Santa Cruz-Watsonville, CA",2024-08-01,26,198,113,11,348,18545,2500
42100,"Santa Cruz-Watsonville, CA",2024-09-01,26,159,65,15,265,18810,2526
42100,"Santa Cruz-Watsonville, CA",2024-10-01,19,114,39,16,188,18998,2545
42100,"Santa Cruz-Watsonville, CA",2024-11-01,28,123,38,8,197,19195,2573
42100,"Santa Cruz-Watsonville, CA",2024-12-01,20,89,35,6,150,19345,2593
42100,"Santa Cruz-Watsonville, CA",2025-01-01,31,99,20,6,156,19501,2624
42100,"Santa Cruz-Watsonville, CA",2025-02-01,31,94,23,6,154,19655,2655
42100,"Santa Cruz-Watsonville, CA",2025-03-01,21,85,21,1,128,19783,2676
42100,"Santa Cruz-Watsonville, CA",2025-04-01,12,55,14,1,82,19865,2688
42100,"Santa Cruz-Watsonville, CA",2025-05-01,30,66,6,0,102,19967,2718
42100,"Santa Cruz-Watsonville, CA",2025-06-01,10,34,5,0,49,20016,2728
42100,"Santa Cruz-Watsonville, CA",2025-07-01,17,19,9,0,45,20061,2745
42100,"Santa Cruz-Watsonville, CA",2025-08-01,8,11,1,0,20,20081,2753
12580,"Baltimore-Columbia-Towson, MD",2019-01-01,7,574,128,9,718,718,7
12580,"Baltimore-Columbia-Towson, MD",2019-02-01,17,623,138,16,794,1512,24
12580,"Baltimore-Columbia-Towson, MD",2019-03-01,21,712,157,17,907,2419,45
12580,"Baltimore-Columbia-Towson, MD",2019-04-01,31,768,136,11,946,3365,76
12580,"Baltimore-Columbia-Towson, MD",2019-05-01,22,689,141,6,858,4223,98
12580,"Baltimore-Columbia-Towson, MD",2019-06-01,26,501,108,8,643,4866,124
12580,"Baltimore-Columbia-Towson, MD",2019-07-01,19,500,98,17,634,5500,143
12580,"Baltimore-Columbia-Towson, MD",2019-08-01,46,692,149,13,900,6400,189
12580,"Baltimore-Columbia-Towson, MD",2019-09-01,31,586,160,5,782,7182,220
12580,"Baltimore-Columbia-Towson, MD",2019-10-01,33,526,108,9,676,7858,253
12580,"Baltimore-Columbia-Towson, MD",2019-11-01,35,385,89,7,516,8374,288
12580,"Baltimore-Columbia-Towson, MD",2019-12-01,31,360,73,14,478,8852,319
12580,"Baltimore-Columbia-Towson, MD",2020-01-01,73,616,137,9,835,9687,392
12580,"Baltimore-Columbia-Towson, MD",2020-02-01,61,540,97,14,712,10399,453
12580,"Baltimore-Columbia-Towson, MD",2020-03-01,53,444,102,14,613,11012,506
12580,"Baltimore-Columbia-Towson, MD",2020-04-01,258,1390,357,44,2049,13061,764
12580,"Baltimore-Columbia-Towson, MD",2020-05-01,518,1658,375,27,2578,15639,1282
12580,"Baltimore-Columbia-Towson, MD",2020-06-01,365,1256,200,16,1837,17476,1647
12580,"Baltimore-Columbia-Towson, MD",2020-07-01,470,1775,327,32,2604,20080,2117
12580,"Baltimore-Columbia-Towson, MD",2020-08-01,406,2021,410,49,2886,22966,2523
12580,"Baltimore-Columbia-Towson, MD",2020-09-01,337,1803,382,39,2561,25527,2860
12580,"Baltimore-Columbia-Towson, MD",2020-10-01,249,1258,259,29,1795,27322,3109
12580,"Baltimore-Columbia-Towson, MD",2020-11-01,109,575,122,22,828,28150,3218
12580,"Baltimore-Columbia-Towson, MD",2020-12-01,249,885,180,20,1334,29484,3467
12580,"Baltimore-Columbia-Towson, MD",2021-01-01,609,1829,502,129,3069,32553,4076
12580,"Baltimore-Columbia-Towson, MD",2021-02-01,408,1476,396,112,2392,34945,4484
12580,"Baltimore-Columbia-Towson, MD",2021-03-01,499,1599,392,76,2566,37511,4983
12580,"Baltimore-Columbia-Towson, MD",2021-04-01,541,1788,397,67,2793,40304,5524
12580,"Baltimore-Columbia-Towson, MD",2021-05-01,496,1951,436,81,2964,43268,6020
12580,"Baltimore-Columbia-Towson, MD",2021-06-01,577,2422,542,97,3638,46906,6597
12580,"Baltimore-Columbia-Towson, MD",2021-07-01,543,2039,463,42,3087,49993,7140
12580,"Baltimore-Columbia-Towson, MD",2021-08-01,414,1730,396,40,2580,52573,7554
12580,"Baltimore-Columbia-Towson, MD",2021-09-01,346,1699,406,51,2502,55075,7900
12580,"Baltimore-Columbia-Towson, MD",2021-10-01,327,1519,397,45,2288,57363,8227
12580,"Baltimore-Columbia-Towson, MD",2021-11-01,395,1564,378,32,2369,59732,8622
12580,"Baltimore-Columbia-Towson, MD",2021-12-01,400,1383,340,37,2160,61892,9022
12580,"Baltimore-Columbia-Towson, MD",2022-01-01,355,1549,400,38,2342,64234,9377
12580,"Baltimore-Columbia-Towson, MD",2022-02-01,167,959,237,26,1389,65623,9544
12580,"Baltimore-Columbia-Towson, MD",2022-03-01,211,1187,338,29,1765,67388,9755
12580,"Baltimore-Columbia-Towson, MD",2022-04-01,147,1185,308,21,1661,69049,9902
12580,"Baltimore-Columbia-Towson, MD",2022-05-01,271,1267,308,33,1879,70928,10173
12580,"Baltimore-Columbia-Towson, MD",2022-06-01,148,702,170,17,1037,71965,10321
12580,"Baltimore-Columbia-Towson, MD",2022-07-01,128,743,214,23,1108,73073,10449
12580,"Baltimore-Columbia-Towson, MD",2022-08-01,123,909,250,27,1309,74382,10572
12580,"Baltimore-Columbia-Towson, MD",2022-09-01,136,879,259,27,1301,75683,10708
12580,"Baltimore-Columbia-Towson, MD",2022-10-01,132,817,268,25,1242,76925,10840
12580,"Baltimore-Columbia-Towson, MD",2022-11-01,159,1056,341,22,1578,78503,10999
12580,"Baltimore-Columbia-Towson, MD",2022-12-01,240,1000,285,26,1551,80054,11239
12580,"Baltimore-Columbia-Towson, MD",2023-01-01,328,1143,326,24,1821,81875,11567
12580,"Baltimore-Columbia-Towson, MD",2023-02-01,345,937,302,27,1611,83486,11912
12580,"Baltimore-Columbia-Towson, MD",2023-03-01,497,1272,399,38,2206,85692,12409
12580,"Baltimore-Columbia-Towson, MD",2023-04-01,396,1074,278,29,1777,87469,12805
12580,"Baltimore-Columbia-Towson, MD",2023-05-01,450,910,239,21,1620,89089,13255
12580,"Baltimore-Columbia-Towson, MD",2023-06-01,246,684,151,22,1103,90192,13501
12580,"Baltimore-Columbia-Towson, MD",2023-07-01,316,721,190,15,1242,91434,13817
12580,"Baltimore-Columbia-Towson, MD",2023-08-01,203,635,159,13,1010,92444,14020
12580,"Baltimore-Columbia-Towson, MD",2023-09-01,449,1095,317,27,1888,94332,14469
12580,"Baltimore-Columbia-Towson, MD",2023-10-01,504,1325,352,29,2210,96542,14973
12580,"Baltimore-Columbia-Towson, MD",2023-11-01,536,1402,407,50,2395,98937,15509
12580,"Baltimore-Columbia-Towson, MD",2023-12-01,731,1310,355,31,2427,101364,16240
12580,"Baltimore-Columbia-Towson, MD",2024-01-01,686,1248,382,40,2356,103720,16926
12580,"Baltimore-Columbia-Towson, MD",2024-02-01,588,1158,334,46,2126,105846,17514
12580,"Baltimore-Columbia-Towson, MD",2024-03-01,672,1216,324,48,2260,108106,18186
12580,"Baltimore-Columbia-Towson, MD",2024-04-01,592,1094,270,25,1981,110087,18778
12580,"Baltimore-Columbia-Towson, MD",2024-05-01,916,1492,377,37,2822,112909,19694
12580,"Baltimore-Columbia-Towson, MD",2024-06-01,864,1497,420,42,2823,115732,20558
12580,"Baltimore-Columbia-Towson, MD",2024-07-01,913,1654,434,59,3060,118792,21471
12580,"Baltimore-Columbia-Towson, MD",2024-08-01,733,1570,424,47,2774,121566,22204
12580,"Baltimore-Columbia-Towson, MD",2024-09-01,671,1224,367,41,2303,123869,22875
12580,"Baltimore-Columbia-Towson, MD",2024-10-01,686,1233,336,45,2300,126169,23561
12580,"Baltimore-Columbia-Towson, MD",2024-11-01,768,1230,342,27,2367,128536,24329
12580,"Baltimore-Columbia-Towson, MD",2024-12-01,875,1197,320,37,2429,130965,25204
12580,"Baltimore-Columbia-Towson, MD",2025-01-01,872,1250,329,48,2499,133464,26076
12580,"Baltimore-Columbia-Towson, MD",2025-02-01,734,1044,302,34,2114,135578,26810
12580,"Baltimore-Columbia-Towson, MD",2025-03-01,833,1264,408,55,2560,138138,27643
12580,"Baltimore-Columbia-Towson, MD",2025-04-01,1024,1186,357,43,2610,140748,28667
12580,"Baltimore-Columbia-Towson, MD",2025-05-01,1113,1184,370,37,2704,143452,29780
12580,"Baltimore-Columbia-Towson, MD",2025-06-01,1160,1168,324,35,2687,146139,30940
12580,"Baltimore-Columbia-Towson, MD",2025-07-01,1014,1157,351,43,2565,148704,31954
12580,"Baltimore-Columbia-Towson, MD",2025-08-01,760,974,301,24,2059,150763,32714
12580,"Baltimore-Columbia-Towson, MD",2025-09-01,14,14,7,0,35,150798,32728
43740,"Somerset, PA",2019-04-01,0,0,1,0,1,1,0
43740,"Somerset, PA",2019-05-01,0,2,0,0,2,3,0
43740,"Somerset, PA",2019-06-01,0,0,0,1,1,4,0
43740,"Somerset, PA",2019-08-01,0,2,0,1,3,7,0
43740,"Somerset, PA",2019-09-01,0,1,0,0,1,8,0
43740,"Somerset, PA",2019-10-01,0,1,0,1,2,10,0
43740,"Somerset, PA",2019-11-01,0,1,0,0,1,11,0
43740,"Somerset, PA",2020-01-01,0,4,1,0,5,16,0
43740,"Somerset, PA",2020-03-01,1,5,2,0,8,24,1
43740,"Somerset, PA",2020-04-01,1,1,4,1,7,31,2
43740,"Somerset, PA",2020-05-01,1,4,1,1,7,38,3
43740,"Somerset, PA",2020-06-01,1,0,0,0,1,39,4
43740,"Somerset, PA",2020-07-01,3,5,0,0,8,47,7
43740,"Somerset, PA",2020-08-01,3,8,1,0,12,59,10
43740,"Somerset, PA",2020-09-01,4,6,2,0,12,71,14
43740,"Somerset, PA",2020-10-01,2,4,1,0,7,78,16
43740,"Somerset, PA",2020-11-01,1,9,2,0,12,90,17
43740,"Somerset, PA",2020-12-01,1,6,5,1,13,103,18
43740,"Somerset, PA",2021-01-01,4,6,3,1,14,117,22
43740,"Somerset, PA",2021-02-01,5,5,1,0,11,128,27
43740,"Somerset, PA",2021-03-01,2,8,3,0,13,141,29
43740,"Somerset, PA",2021-04-01,2,12,4,1,19,160,31
43740,"Somerset, PA",2021-05-01,7,14,2,1,24,184,38
43740,"Somerset, PA",2021-06-01,1,10,3,0,14,198,39
43740,"Somerset, PA",2021-07-01,3,10,5,0,18,216,42
43740,"Somerset, PA",2021-08-01,3,7,2,1,13,229,45
43740,"Somerset, PA",2021-09-01,0,12,2,0,14,243,45
43740,"Somerset, PA",2021-10-01,5,9,0,0,14,257,50
43740,"Somerset, PA",2021-11-01,2,11,4,0,17,274,52
43740,"Somerset, PA",2021-12-01,8,11,5,0,24,298,60
43740,"Somerset, PA",2022-01-01,4,8,2,1,15,313,64
43740,"Somerset, PA",2022-02-01,6,2,1,0,9,322,70
43740,"Somerset, PA",2022-03-01,5,5,1,2,13,335,75
43740,"Somerset, PA",2022-04-01,4,4,1,1,10,345,79
43740,"Somerset, PA",2022-05-01,7,10,1,0,18,363,86
43740,"Somerset, PA",2022-06-01,5,10,4,0,19,382,91
43740,"Somerset, PA",2022-07-01,1,3,3,0,7,389,92
43740,"Somerset, PA",2022-08-01,5,7,2,0,14,403,97
43740,"Somerset, PA",2022-09-01,4,3,3,0,10,413,101
43740,"Somerset, PA",2022-10-01,4,6,3,1,14,427,105
43740,"Somerset, PA",2022-11-01,4,10,1,0,15,442,109
43740,"Somerset, PA",2022-12-01,8,11,3,0,22,464,117
43740,"Somerset, PA",2023-01-01,10,10,6,0,26,490,127
43740,"Somerset, PA",2023-02-01,6,7,1,0,14,504,133
43740,"Somerset, PA",2023-03-01,4,12,2,0,18,522,137
43740,"Somerset, PA",2023-04-01,5,9,1,0,15,537,142
43740,"Somerset, PA",2023-05-01,5,8,4,0,17,554,147
43740,"Somerset, PA",2023-06-01,2,9,2,0,13,567,149
43740,"Somerset, PA",2023-07-01,4,10,2,0,16,583,153
43740,"Somerset, PA",2023-08-01,2,6,1,0,9,592,155
43740,"Somerset, PA",2023-09-01,3,11,3,1,18,610,158
43740,"Somerset, PA",2023-10-01,8,12,1,0,21,631,166
43740,"Somerset, PA",2023-11-01,5,7,2,0,14,645,171
43740,"Somerset, PA",2023-12-01,13,5,5,0,23,668,184
43740,"Somerset, PA",2024-01-01,4,14,2,0,20,688,188
43740,"Somerset, PA",2024-02-01,8,9,2,1,20,708,196
43740,"Somerset, PA",2024-03-01,7,12,4,0,23,731,203
43740,"Somerset, PA",2024-04-01,6,9,2,0,17,748,209
43740,"Somerset, PA",2024-05-01,7,4,6,0,17,765,216
43740,"Somerset, PA",2024-06-01,1,8,2,0,11,776,217
43740,"Somerset, PA",2024-07-01,2,10,0,1,13,789,219
43740,"Somerset, PA",2024-08-01,1,6,5,0,12,801,220
43740,"Somerset, PA",2024-09-01,1,8,5,0,14,815,221
43740,"Somerset, PA",2024-10-01,3,8,6,0,17,832,224
43740,"Somerset, PA",2024-11-01,4,4,4,0,12,844,228
43740,"Somerset, PA",2024-12-01,5,8,6,0,19,863,233
43740,"Somerset, PA",2025-01-01,14,10,7,0,31,894,247
43740,"Somerset, PA",2025-02-01,5,7,4,0,16,910,252
43740,"Somerset, PA",2025-03-01,11,5,3,1,20,930,263
43740,"Somerset, PA",2025-04-01,7,7,2,2,18,948,270
43740,"Somerset, PA",2025-05-01,4,4,2,0,10,958,274
43740,"Somerset, PA",2025-06-01,9,10,4,0,23,981,283
43740,"Somerset, PA",2025-07-01,14,7,0,0,21,1002,297
43740,"Somerset, PA",2025-08-01,9,6,2,0,17,1019,306
43740,"Somerset, PA",2025-09-01,1,0,1,0,2,1021,307
30180,"Le Mars, IA",2019-04-01,0,2,0,0,2,2,0
30180,"Le Mars, IA",2019-05-01,1,0,0,0,1,3,1
30180,"Le Mars, IA",2019-06-01,0,0,1,0,1,4,1
30180,"Le Mars, IA",2019-07-01,1,1,0,0,2,6,2
30180,"Le Mars, IA",2019-08-01,0,1,0,0,1,7,2
30180,"Le Mars, IA",2019-09-01,0,0,1,0,1,8,2
30180,"Le Mars, IA",2019-12-01,0,0,1,0,1,9,2
30180,"Le Mars, IA",2020-02-01,0,4,1,0,5,14,2
30180,"Le Mars, IA",2020-03-01,0,4,0,0,4,18,2
30180,"Le Mars, IA",2020-04-01,1,0,0,0,1,19,3
30180,"Le Mars, IA",2020-05-01,1,1,0,0,2,21,4
30180,"Le Mars, IA",2020-06-01,0,1,0,0,1,22,4
30180,"Le Mars, IA",2020-07-01,3,4,0,0,7,29,7
30180,"Le Mars, IA",2020-08-01,2,1,1,0,4,33,9
30180,"Le Mars, IA",2020-09-01,1,6,1,0,8,41,10
30180,"Le Mars, IA",2020-10-01,0,2,1,0,3,44,10
30180,"Le Mars, IA",2020-11-01,0,2,0,0,2,46,10
30180,"Le Mars, IA",2020-12-01,2,3,1,0,6,52,12
30180,"Le Mars, IA",2021-01-01,1,3,0,0,4,56,13
30180,"Le Mars, IA",2021-02-01,0,2,2,0,4,60,13
30180,"Le Mars, IA",2021-03-01,3,8,0,0,11,71,16
30180,"Le Mars, IA",2021-04-01,2,4,0,0,6,77,18
30180,"Le Mars, IA",2021-05-01,3,2,0,0,5,82,21
30180,"Le Mars, IA",2021-06-01,1,1,0,0,2,84,22
30180,"Le Mars, IA",2021-07-01,1,4,1,0,6,90,23
30180,"Le Mars, IA",2021-08-01,3,6,2,0,11,101,26
30180,"Le Mars, IA",2021-09-01,3,3,0,0,6,107,29
30180,"Le Mars, IA",2021-10-01,0,4,2,1,7,114,29
30180,"Le Mars, IA",2021-11-01,2,5,2,0,9,123,31
30180,"Le Mars, IA",2021-12-01,1,11,0,0,12,135,32
30180,"Le Mars, IA",2022-01-01,3,15,1,0,19,154,35
30180,"Le Mars, IA",2022-02-01,1,2,1,0,4,158,36
30180,"Le Mars, IA",2022-03-01,6,9,3,0,18,176,42
30180,"Le Mars, IA",2022-04-01,5,7,3,1,16,192,47
30180,"Le Mars, IA",2022-05-01,3,8,1,0,12,204,50
30180,"Le Mars, IA",2022-06-01,1,12,3,0,16,220,51
30180,"Le Mars, IA",2022-07-01,4,8,5,0,17,237,55
30180,"Le Mars, IA",2022-08-01,4,7,3,0,14,251,59
30180,"Le Mars, IA",2022-09-01,2,12,7,0,21,272,61
30180,"Le Mars, IA",2022-10-01,4,8,4,0,16,288,65
30180,"Le Mars, IA",2022-11-01,2,5,4,0,11,299,67
30180,"Le Mars, IA",2022-12-01,3,13,2,0,18,317,70
30180,"Le Mars, IA",2023-01-01,5,10,5,0,20,337,75
30180,"Le Mars, IA",2023-02-01,6,13,4,1,24,361,81
30180,"Le Mars, IA",2023-03-01,8,10,2,0,20,381,89
30180,"Le Mars, IA",2023-04-01,3,5,4,0,12,393,92
30180,"Le Mars, IA",2023-05-01,1,4,0,0,5,398,93
30180,"Le Mars, IA",2023-06-01,3,5,2,0,10,408,96
30180,"Le Mars, IA",2023-07-01,4,2,1,0,7,415,100
30180,"Le Mars, IA",2023-08-01,2,8,2,0,12,427,102
30180,"Le Mars, IA",2023-09-01,4,3,1,0,8,435,106
30180,"Le Mars, IA",2023-10-01,2,7,5,0,14,449,108
30180,"Le Mars, IA",2023-11-01,6,15,2,1,24,473,114
30180,"Le Mars, IA",2023-12-01,6,8,3,0,17,490,120
30180,"Le Mars, IA",2024-01-01,7,4,3,0,14,504,127
30180,"Le Mars, IA",2024-02-01,5,6,1,0,12,516,132
30180,"Le Mars, IA",2024-03-01,8,9,1,0,18,534,140
30180,"Le Mars, IA",2024-04-01,4,11,4,0,19,553,144
30180,"Le Mars, IA",2024-05-01,8,11,1,0,20,573,152
30180,"Le Mars, IA",2024-06-01,6,13,1,0,20,593,158
30180,"Le Mars, IA",2024-07-01,6,6,1,0,13,606,164
30180,"Le Mars, IA",2024-08-01,2,7,2,0,11,617,166
30180,"Le Mars, IA",2024-09-01,1,9,0,0,10,627,167
30180,"Le Mars, IA",2024-10-01,6,12,2,0,20,647,173
30180,"Le Mars, IA",2024-11-01,11,7,2,0,20,667,184
30180,"Le Mars, IA",2024-12-01,14,8,2,2,26,693,198
30180,"Le Mars, IA",2025-01-01,7,8,1,1,17,710,205
30180,"Le Mars, IA",2025-02-01,3,3,4,0,10,720,208
30180,"Le Mars, IA",2025-03-01,4,3,4,0,11,731,212
30180,"Le Mars, IA",2025-04-01,1,4,1,0,6,737,213
30180,"Le Mars, IA",2025-05-01,3,9,2,0,14,751,216
30180,"Le Mars, IA",2025-06-01,4,10,1,0,15,766,220
30180,"Le Mars, IA",2025-07-01,6,8,1,0,15,781,226
30180,"Le Mars, IA",2025-08-01,4,6,3,1,14,795,230
45180,"Talladega-Sylacauga, AL",2019-01-01,0,3,1,0,4,4,0
45180,"Talladega-Sylacauga, AL",2019-02-01,0,1,1,0,2,6,0
45180,"Talladega-Sylacauga, AL",2019-03-01,0,2,1,0,3,9,0
45180,"Talladega-Sylacauga, AL",2019-04-01,0,4,2,0,6,15,0
45180,"Talladega-Sylacauga, AL",2019-05-01,1,5,1,0,7,22,1
45180,"Talladega-Sylacauga, AL",2019-06-01,0,6,2,0,8,30,1
45180,"Talladega-Sylacauga, AL",2019-07-01,2,6,0,1,9,39,3
45180,"Talladega-Sylacauga, AL",2019-08-01,2,7,2,2,13,52,5
45180,"Talladega-Sylacauga, AL",2019-09-01,1,4,3,0,8,60,6
45180,"Talladega-Sylacauga, AL",2019-10-01,1,9,2,0,12,72,7
45180,"Talladega-Sylacauga, AL",2019-11-01,0,15,1,0,16,88,7
45180,"Talladega-Sylacauga, AL",2019-12-01,1,11,0,0,12,100,8
45180,"Talladega-Sylacauga, AL",2020-01-01,1,10,3,0,14,114,9
45180,"Talladega-Sylacauga, AL",2020-02-01,2,11,2,0,15,129,11
45180,"Talladega-Sylacauga, AL",2020-03-01,2,21,4,0,27,156,13
45180,"Talladega-Sylacauga, AL",2020-04-01,4,20,5,0,29,185,17
45180,"Talladega-Sylacauga, AL",2020-05-01,2,19,6,1,28,213,19
45180,"Talladega-Sylacauga, AL",2020-06-01,8,12,4,0,24,237,27
45180,"Talladega-Sylacauga, AL",2020-07-01,11,24,3,0,38,275,38
45180,"Talladega-Sylacauga, AL",2020-08-01,4,37,3,0,44,319,42
45180,"Talladega-Sylacauga, AL",2020-09-01,4,27,4,0,35,354,46
45180,"Talladega-Sylacauga, AL",2020-10-01,4,20,5,4,33,387,50
45180,"Talladega-Sylacauga, AL",2020-11-01,3,14,2,1,20,407,53
45180,"Talladega-Sylacauga, AL",2020-12-01,5,17,3,0,25,432,58
45180,"Talladega-Sylacauga, AL",2021-01-01,3,8,4,0,15,447,61
45180,"Talladega-Sylacauga, AL",2021-02-01,2,16,2,0,20,467,63
45180,"Talladega-Sylacauga, AL",2021-03-01,8,25,5,0,38,505,71
45180,"Talladega-Sylacauga, AL",2021-04-01,26,51,13,1,91,596,97
45180,"Talladega-Sylacauga, AL",2021-05-01,13,42,8,1,64,660,110
45180,"Talladega-Sylacauga, AL",2021-06-01,9,41,8,0,58,718,119
45180,"Talladega-Sylacauga, AL",2021-07-01,15,47,11,2,75,793,134
45180,"Talladega-Sylacauga, AL",2021-08-01,16,46,10,1,73,866,150
45180,"Talladega-Sylacauga, AL",2021-09-01,17,53,11,0,81,947,167
45180,"Talladega-Sylacauga, AL",2021-10-01,6,61,16,1,84,1031,173
45180,"Talladega-Sylacauga, AL",2021-11-01,11,37,8,0,56,1087,184
45180,"Talladega-Sylacauga, AL",2021-12-01,20,49,11,0,80,1167,204
45180,"Talladega-Sylacauga, AL",2022-01-01,22,68,12,3,105,1272,226
45180,"Talladega-Sylacauga, AL",2022-02-01,20,62,15,1,98,1370,246
45180,"Talladega-Sylacauga, AL",2022-03-01,25,54,14,1,94,1464,271
45180,"Talladega-Sylacauga, AL",2022-04-01,16,52,11,0,79,1543,287
45180,"Talladega-Sylacauga, AL",2022-05-01,21,54,13,0,88,1631,308
45180,"Talladega-Sylacauga, AL",2022-06-01,25,60,12,1,98,1729,333
45180,"Talladega-Sylacauga, AL",2022-07-01,16,50,14,0,80,1809,349
45180,"Talladega-Sylacauga, AL",2022-08-01,21,50,11,0,82,1891,370
45180,"Talladega-Sylacauga, AL",2022-09-01,13,40,14,1,68,1959,383
45180,"Talladega-Sylacauga, AL",2022-10-01,16,62,16,1,95,2054,399
45180,"Talladega-Sylacauga, AL",2022-11-01,20,53,15,2,90,2144,419
45180,"Talladega-Sylacauga, AL",2022-12-01,32,58,8,1,99,2243,451
45180,"Talladega-Sylacauga, AL",2023-01-01,24,51,16,2,93,2336,475
45180,"Talladega-Sylacauga, AL",2023-02-01,31,52,9,2,94,2430,506
45180,"Talladega-Sylacauga, AL",2023-03-01,33,70,15,4,122,2552,539
45180,"Talladega-Sylacauga, AL",2023-04-01,24,45,13,2,84,2636,563
45180,"Talladega-Sylacauga, AL",2023-05-01,23,54,12,2,91,2727,586
45180,"Talladega-Sylacauga, AL",2023-06-01,15,44,9,1,69,2796,601
45180,"Talladega-Sylacauga, AL",2023-07-01,19,41,14,1,75,2871,620
45180,"Talladega-Sylacauga, AL",2023-08-01,26,41,12,3,82,2953,646
45180,"Talladega-Sylacauga, AL",2023-09-01,24,43,12,0,79,3032,670
45180,"Talladega-Sylacauga, AL",2023-10-01,26,42,18,5,91,3123,696
45180,"Talladega-Sylacauga, AL",2023-11-01,17,40,11,0,68,3191,713
45180,"Talladega-Sylacauga, AL",2023-12-01,35,45,18,1,99,3290,748
45180,"Talladega-Sylacauga, AL",2024-01-01,31,41,16,1,89,3379,779
45180,"Talladega-Sylacauga, AL",2024-02-01,32,55,18,0,105,3484,811
45180,"Talladega-Sylacauga, AL",2024-03-01,41,53,20,1,115,3599,852
45180,"Talladega-Sylacauga, AL",2024-04-01,28,31,15,1,75,3674,880
45180,"Talladega-Sylacauga, AL",2024-05-01,29,31,9,1,70,3744,909
45180,"Talladega-Sylacauga, AL",2024-06-01,36,43,9,2,90,3834,945
45180,"Talladega-Sylacauga, AL",2024-07-01,22,27,10,2,61,3895,967
45180,"Talladega-Sylacauga, AL",2024-08-01,20,48,14,2,84,3979,987
45180,"Talladega-Sylacauga, AL",2024-09-01,28,51,15,2,96,4075,1015
45180,"Talladega-Sylacauga, AL",2024-10-01,31,32,8,2,73,4148,1046
45180,"Talladega-Sylacauga, AL",2024-11-01,29,37,20,2,88,4236,1075
45180,"Talladega-Sylacauga, AL",2024-12-01,35,50,13,0,98,4334,1110
45180,"Talladega-Sylacauga, AL",2025-01-01,24,42,14,2,82,4416,1134
45180,"Talladega-Sylacauga, AL",2025-02-01,25,30,19,2,76,4492,1159
45180,"Talladega-Sylacauga, AL",2025-03-01,39,52,15,2,108,4600,1198
45180,"Talladega-Sylacauga, AL",2025-04-01,39,46,12,0,97,4697,1237
45180,"Talladega-Sylacauga, AL",2025-05-01,28,38,13,2,81,4778,1265
45180,"Talladega-Sylacauga, AL",2025-06-01,33,43,13,2,91,4869,1298
45180,"Talladega-Sylacauga, AL",2025-07-01,34,25,9,1,69,4938,1332
45180,"Talladega-Sylacauga, AL",2025-08-01,26,22,6,0,54,4992,1358
45180,"Talladega-Sylacauga, AL",2025-09-01,0,1,0,0,1,4993,1358
21780,"Evansville, IN",2019-01-01,1,25,5,0,31,31,1
21780,"Evansville, IN",2019-02-01,1,33,14,2,50,81,2
21780,"Evansville, IN",2019-03-01,1,45,10,2,58,139,3
21780,"Evansville, IN",2019-04-01,2,43,12,1,58,197,5
21780,"Evansville, IN",2019-05-01,2,57,14,0,73,270,7
21780,"Evansville, IN",2019-06-01,3,67,10,1,81,351,10
21780,"Evansville, IN",2019-07-01,1,42,9,1,53,404,11
21780,"Evansville, IN",2019-08-01,2,43,12,0,57,461,13
21780,"Evansville, IN",2019-09-01,7,42,9,0,58,519,20
21780,"Evansville, IN",2019-10-01,3,32,7,0,42,561,23
21780,"Evansville, IN",2019-11-01,1,40,7,1,49,610,24
21780,"Evansville, IN",2019-12-01,4,55,14,3,76,686,28
21780,"Evansville, IN",2020-01-01,8,47,11,1,67,753,36
21780,"Evansville, IN",2020-02-01,18,53,11,1,83,836,54
21780,"Evansville, IN",2020-03-01,17,108,27,1,153,989,71
21780,"Evansville, IN",2020-04-01,44,109,26,4,183,1172,115
21780,"Evansville, IN",2020-05-01,83,194,44,4,325,1497,198
21780,"Evansville, IN",2020-06-01,56,129,31,2,218,1715,254
21780,"Evansville, IN",2020-07-01,43,178,35,4,260,1975,297
21780,"Evansville, IN",2020-08-01,54,241,32,8,335,2310,351
21780,"Evansville, IN",2020-09-01,51,171,24,3,249,2559,402
21780,"Evansville, IN",2020-10-01,55,136,45,3,239,2798,457
21780,"Evansville, IN",2020-11-01,37,83,29,2,151,2949,494
21780,"Evansville, IN",2020-12-01,37,82,22,3,144,3093,531
21780,"Evansville, IN",2021-01-01,112,232,47,1,392,3485,643
21780,"Evansville, IN",2021-02-01,88,162,33,1,284,3769,731
21780,"Evansville, IN",2021-03-01,107,247,45,7,406,4175,838
21780,"Evansville, IN",2021-04-01,76,196,40,7,319,4494,914
21780,"Evansville, IN",2021-05-01,58,156,24,2,240,4734,972
21780,"Evansville, IN",2021-06-01,42,116,31,2,191,4925,1014
21780,"Evansville, IN",2021-07-01,30,133,22,1,186,5111,1044
21780,"Evansville, IN",2021-08-01,34,128,25,2,189,5300,1078
21780,"Evansville, IN",2021-09-01,47,146,31,2,226,5526,1125
21780,"Evansville, IN",2021-10-01,28,107,23,4,162,5688,1153
21780,"Evansville, IN",2021-11-01,34,118,38,2,192,5880,1187
21780,"Evansville, IN",2021-12-01,57,126,41,6,230,6110,1244
21780,"Evansville, IN",2022-01-01,59,150,45,1,255,6365,1303
21780,"Evansville, IN",2022-02-01,94,189,53,3,339,6704,1397
21780,"Evansville, IN",2022-03-01,96,143,40,2,281,6985,1493
21780,"Evansville, IN",2022-04-01,54,160,39,1,254,7239,1547
21780,"Evansville, IN",2022-05-01,61,115,37,2,215,7454,1608
21780,"Evansville, IN",2022-06-01,67,110,27,2,206,7660,1675
21780,"Evansville, IN",2022-07-01,28,113,23,1,165,7825,1703
21780,"Evansville, IN",2022-08-01,49,110,41,1,201,8026,1752
21780,"Evansville, IN",2022-09-01,100,191,57,5,353,8379,1852
21780,"Evansville, IN",2022-10-01,72,175,58,5,310,8689,1924
21780,"Evansville, IN",2022-11-01,52,140,35,5,232,8921,1976
21780,"Evansville, IN",2022-12-01,102,150,45,2,299,9220,2078
21780,"Evansville, IN",2023-01-01,113,146,54,10,323,9543,2191
21780,"Evansville, IN",2023-02-01,109,150,38,4,301,9844,2300
21780,"Evansville, IN",2023-03-01,120,207,47,4,378,10222,2420
21780,"Evansville, IN",2023-04-01,70,138,42,5,255,10477,2490
21780,"Evansville, IN",2023-05-01,58,93,28,1,180,10657,2548
21780,"Evansville, IN",2023-06-01,52,74,21,1,148,10805,2600
21780,"Evansville, IN",2023-07-01,55,96,20,1,172,10977,2655
21780,"Evansville, IN",2023-08-01,48,91,31,5,175,11152,2703
21780,"Evansville, IN",2023-09-01,60,118,47,4,229,11381,2763
21780,"Evansville, IN",2023-10-01,109,153,42,4,308,11689,2872
21780,"Evansville, IN",2023-11-01,122,162,50,2,336,12025,2994
21780,"Evansville, IN",2023-12-01,100,165,45,8,318,12343,3094
21780,"Evansville, IN",2024-01-01,121,170,45,4,340,12683,3215
21780,"Evansville, IN",2024-02-01,115,159,35,5,314,12997,3330
21780,"Evansville, IN",2024-03-01,137,191,58,7,393,13390,3467
21780,"Evansville, IN",2024-04-01,115,175,38,5,333,13723,3582
21780,"Evansville, IN",2024-05-01,105,141,36,3,285,14008,3687
21780,"Evansville, IN",2024-06-01,95,101,34,0,230,14238,3782
21780,"Evansville, IN",2024-07-01,50,69,21,2,142,14380,3832
21780,"Evansville, IN",2024-08-01,124,197,47,6,374,14754,3956
21780,"Evansville, IN",2024-09-01,121,155,54,1,331,15085,4077
21780,"Evansville, IN",2024-10-01,110,155,31,2,298,15383,4187
21780,"Evansville, IN",2024-11-01,111,118,30,5,264,15647,4298
21780,"Evansville, IN",2024-12-01,132,154,37,4,327,15974,4430
21780,"Evansville, IN",2025-01-01,153,165,49,0,367,16341,4583
21780,"Evansville, IN",2025-02-01,157,146,41,2,346,16687,4740
21780,"Evansville, IN",2025-03-01,167,177,50,5,399,17086,4907
21780,"Evansville, IN",2025-04-01,162,148,45,4,359,17445,5069
21780,"Evansville, IN",2025-05-01,146,203,40,4,393,17838,5215
21780,"Evansville, IN",2025-06-01,148,182,47,5,382,18220,5363
21780,"Evansville, IN",2025-07-01,114,127,28,3,272,18492,5477
21780,"Evansville, IN",2025-08-01,122,148,42,2,314,18806,5599
21780,"Evansville, IN",2025-09-01,7,4,0,0,11,18817,5606
19500,"Decatur, IL",2019-01-01,0,13,4,2,19,19,0
19500,"Decatur, IL",2019-02-01,1,19,5,0,25,44,1
19500,"Decatur, IL",2019-03-01,1,27,7,0,35,79,2
19500,"Decatur, IL",2019-04-01,1,28,14,0,43,122,3
19500,"Decatur, IL",2019-05-01,1,14,8,1,24,146,4
19500,"Decatur, IL",2019-06-01,1,7,1,1,10,156,5
19500,"Decatur, IL",2019-07-01,1,14,1,0,16,172,6
19500,"Decatur, IL",2019-08-01,0,0,4,0,4,176,6
19500,"Decatur, IL",2019-09-01,2,27,2,1,32,208,8
19500,"Decatur, IL",2019-10-01,1,19,1,1,22,230,9
19500,"Decatur, IL",2019-11-01,2,19,9,1,31,261,11
19500,"Decatur, IL",2019-12-01,2,15,6,0,23,284,13
19500,"Decatur, IL",2020-01-01,0,26,4,0,30,314,13
19500,"Decatur, IL",2020-02-01,2,23,6,1,32,346,15
19500,"Decatur, IL",2020-03-01,12,28,7,1,48,394,27
19500,"Decatur, IL",2020-04-01,11,40,16,0,67,461,38
19500,"Decatur, IL",2020-05-01,30,102,12,1,145,606,68
19500,"Decatur, IL",2020-06-01,16,39,5,2,62,668,84
19500,"Decatur, IL",2020-07-01,21,67,12,2,102,770,105
19500,"Decatur, IL",2020-08-01,22,76,18,2,118,888,127
19500,"Decatur, IL",2020-09-01,21,54,7,1,83,971,148
19500,"Decatur, IL",2020-10-01,11,43,4,0,58,1029,159
19500,"Decatur, IL",2020-11-01,10,22,0,0,32,1061,169
19500,"Decatur, IL",2020-12-01,4,20,3,0,27,1088,173
19500,"Decatur, IL",2021-01-01,39,103,15,0,157,1245,212
19500,"Decatur, IL",2021-02-01,35,108,26,2,171,1416,247
19500,"Decatur, IL",2021-03-01,54,116,19,0,189,1605,301
19500,"Decatur, IL",2021-04-01,41,118,14,1,174,1779,342
19500,"Decatur, IL",2021-05-01,16,43,11,1,71,1850,358
19500,"Decatur, IL",2021-06-01,8,36,13,0,57,1907,366
19500,"Decatur, IL",2021-07-01,7,24,12,1,44,1951,373
19500,"Decatur, IL",2021-08-01,17,66,15,2,100,2051,390
19500,"Decatur, IL",2021-09-01,23,84,15,4,126,2177,413
19500,"Decatur, IL",2021-10-01,12,19,7,0,38,2215,425
19500,"Decatur, IL",2021-11-01,10,32,8,1,51,2266,435
19500,"Decatur, IL",2021-12-01,40,73,21,2,136,2402,475
19500,"Decatur, IL",2022-01-01,44,89,25,0,158,2560,519
19500,"Decatur, IL",2022-02-01,36,74,15,1,126,2686,555
19500,"Decatur, IL",2022-03-01,47,94,28,3,172,2858,602
19500,"Decatur, IL",2022-04-01,19,55,7,1,82,2940,621
19500,"Decatur, IL",2022-05-01,8,35,14,0,57,2997,629
19500,"Decatur, IL",2022-06-01,10,26,4,0,40,3037,639
19500,"Decatur, IL",2022-07-01,13,32,4,1,50,3087,652
19500,"Decatur, IL",2022-08-01,16,26,6,1,49,3136,668
19500,"Decatur, IL",2022-09-01,33,68,22,1,124,3260,701
19500,"Decatur, IL",2022-10-01,25,71,14,3,113,3373,726
19500,"Decatur, IL",2022-11-01,29,59,17,1,106,3479,755
19500,"Decatur, IL",2022-12-01,35,59,19,3,116,3595,790
19500,"Decatur, IL",2023-01-01,46,70,21,2,139,3734,836
19500,"Decatur, IL",2023-02-01,44,70,22,1,137,3871,880
19500,"Decatur, IL",2023-03-01,55,93,32,3,183,4054,935
19500,"Decatur, IL",2023-04-01,47,66,25,3,141,4195,982
19500,"Decatur, IL",2023-05-01,15,27,4,1,47,4242,997
19500,"Decatur, IL",2023-06-01,8,21,8,1,38,4280,1005
19500,"Decatur, IL",2023-07-01,13,23,8,0,44,4324,1018
19500,"Decatur, IL",2023-08-01,26,34,7,1,68,4392,1044
19500,"Decatur, IL",2023-09-01,46,60,24,1,131,4523,1090
19500,"Decatur, IL",2023-10-01,33,49,19,0,101,4624,1123
19500,"Decatur, IL",2023-11-01,39,51,18,2,110,4734,1162
19500,"Decatur, IL",2023-12-01,35,57,14,3,109,4843,1197
19500,"Decatur, IL",2024-01-01,53,55,17,3,128,4971,1250
19500,"Decatur, IL",2024-02-01,47,64,18,1,130,5101,1297
19500,"Decatur, IL",2024-03-01,54,48,15,3,120,5221,1351
19500,"Decatur, IL",2024-04-01,43,60,20,1,124,5345,1394
19500,"Decatur, IL",2024-05-01,40,70,18,1,129,5474,1434
19500,"Decatur, IL",2024-06-01,40,42,17,3,102,5576,1474
19500,"Decatur, IL",2024-07-01,13,22,7,0,42,5618,1487
19500,"Decatur, IL",2024-08-01,12,20,9,1,42,5660,1499
19500,"Decatur, IL",2024-09-01,28,37,13,1,79,5739,1527
19500,"Decatur, IL",2024-10-01,42,56,17,2,117,5856,1569
19500,"Decatur, IL",2024-11-01,28,41,15,2,86,5942,1597
19500,"Decatur, IL",2024-12-01,50,44,15,1,110,6052,1647
19500,"Decatur, IL",2025-01-01,67,53,17,1,138,6190,1714
19500,"Decatur, IL",2025-02-01,68,41,25,4,138,6328,1782
19500,"Decatur, IL",2025-03-01,56,54,19,1,130,6458,1838
19500,"Decatur, IL",2025-04-01,46,58,17,6,127,6585,1884
19500,"Decatur, IL",2025-05-01,60,62,19,2,143,6728,1944
19500,"Decatur, IL",2025-06-01,33,61,17,3,114,6842,1977
19500,"Decatur, IL",2025-07-01,49,40,13,0,102,6944,2026
19500,"Decatur, IL",2025-08-01,32,44,15,0,91,7035,2058
19500,"Decatur, IL",2025-09-01,0,1,0,0,1,7036,2058
38180,"Pierre, SD",2019-03-01,0,1,0,0,1,1,0
38180,"Pierre, SD",2019-06-01,0,0,1,0,1,2,0
38180,"Pierre, SD",2019-09-01,0,1,0,0,1,3,0
38180,"Pierre, SD",2020-01-01,0,1,0,0,1,4,0
38180,"Pierre, SD",2020-02-01,0,1,0,0,1,5,0
38180,"Pierre, SD",2020-03-01,0,1,0,0,1,6,0
38180,"Pierre, SD",2020-04-01,0,2,0,0,2,8,0
38180,"Pierre, SD",2020-06-01,0,4,1,0,5,13,0
38180,"Pierre, SD",2020-07-01,0,2,0,0,2,15,0
38180,"Pierre, SD",2020-08-01,1,1,0,1,3,18,1
38180,"Pierre, SD",2020-09-01,2,2,0,0,4,22,3
38180,"Pierre, SD",2020-10-01,0,1,0,0,1,23,3
38180,"Pierre, SD",2020-11-01,1,1,0,0,2,25,4
38180,"Pierre, SD",2020-12-01,1,0,0,0,1,26,5
38180,"Pierre, SD",2021-01-01,3,2,0,0,5,31,8
38180,"Pierre, SD",2021-02-01,0,1,0,0,1,32,8
38180,"Pierre, SD",2021-03-01,1,1,1,0,3,35,9
38180,"Pierre, SD",2021-04-01,0,4,2,0,6,41,9
38180,"Pierre, SD",2021-05-01,5,10,5,0,20,61,14
38180,"Pierre, SD",2021-06-01,3,13,2,0,18,79,17
38180,"Pierre, SD",2021-07-01,1,7,1,0,9,88,18
38180,"Pierre, SD",2021-08-01,4,2,1,0,7,95,22
38180,"Pierre, SD",2021-09-01,1,9,2,0,12,107,23
38180,"Pierre, SD",2021-10-01,0,4,2,0,6,113,23
38180,"Pierre, SD",2021-11-01,2,8,1,0,11,124,25
38180,"Pierre, SD",2021-12-01,2,7,1,0,10,134,27
38180,"Pierre, SD",2022-01-01,4,5,3,1,13,147,31
38180,"Pierre, SD",2022-02-01,1,4,1,0,6,153,32
38180,"Pierre, SD",2022-03-01,1,3,2,1,7,160,33
38180,"Pierre, SD",2022-04-01,2,6,0,0,8,168,35
38180,"Pierre, SD",2022-05-01,1,5,0,0,6,174,36
38180,"Pierre, SD",2022-06-01,2,2,4,0,8,182,38
38180,"Pierre, SD",2022-07-01,2,3,0,0,5,187,40
38180,"Pierre, SD",2022-08-01,0,4,4,0,8,195,40
38180,"Pierre, SD",2022-09-01,4,5,2,0,11,206,44
38180,"Pierre, SD",2022-10-01,3,4,3,0,10,216,47
38180,"Pierre, SD",2022-11-01,3,2,2,0,7,223,50
38180,"Pierre, SD",2022-12-01,2,4,2,0,8,231,52
38180,"Pierre, SD",2023-01-01,1,8,1,0,10,241,53
38180,"Pierre, SD",2023-02-01,5,2,1,0,8,249,58
38180,"Pierre, SD",2023-03-01,1,9,0,1,11,260,59
38180,"Pierre, SD",2023-04-01,3,5,1,0,9,269,62
38180,"Pierre, SD",2023-05-01,2,3,0,0,5,274,64
38180,"Pierre, SD",2023-06-01,4,2,4,0,10,284,68
38180,"Pierre, SD",2023-07-01,2,2,4,0,8,292,70
38180,"Pierre, SD",2023-08-01,1,4,2,0,7,299,71
38180,"Pierre, SD",2023-09-01,5,4,1,0,10,309,76
38180,"Pierre, SD",2023-10-01,3,10,1,0,14,323,79
38180,"Pierre, SD",2023-11-01,3,7,4,0,14,337,82
38180,"Pierre, SD",2023-12-01,4,9,1,0,14,351,86
38180,"Pierre, SD",2024-01-01,1,3,3,0,7,358,87
38180,"Pierre, SD",2024-02-01,8,6,1,0,15,373,95
38180,"Pierre, SD",2024-03-01,3,5,1,1,10,383,98
38180,"Pierre, SD",2024-04-01,1,5,0,0,6,389,99
38180,"Pierre, SD",2024-05-01,4,8,2,2,16,405,103
38180,"Pierre, SD",2024-06-01,3,8,2,0,13,418,106
38180,"Pierre, SD",2024-07-01,4,5,3,0,12,430,110
38180,"Pierre, SD",2024-08-01,4,6,2,0,12,442,114
38180,"Pierre, SD",2024-09-01,6,7,0,0,13,455,120
38180,"Pierre, SD",2024-10-01,3,8,0,0,11,466,123
38180,"Pierre, SD",2024-11-01,3,4,3,0,10,476,126
38180,"Pierre, SD",2024-12-01,7,1,3,1,12,488,133
38180,"Pierre, SD",2025-01-01,3,5,0,0,8,496,136
38180,"Pierre, SD",2025-02-01,2,6,2,0,10,506,138
38180,"Pierre, SD",2025-03-01,5,8,0,0,13,519,143
38180,"Pierre, SD",2025-04-01,4,5,0,0,9,528,147
38180,"Pierre, SD",2025-05-01,6,3,5,0,14,542,153
38180,"Pierre, SD",2025-06-01,3,4,0,0,7,549,156
38180,"Pierre, SD",2025-07-01,1,3,1,0,5,554,157
38180,"Pierre, SD",2025-08-01,3,8,1,0,12,566,160
16180,"Carson City, NV",2019-01-01,1,18,5,0,24,24,1
16180,"Carson City, NV",2019-02-01,1,11,2,2,16,40,2
16180,"Carson City, NV",2019-03-01,1,24,14,1,40,80,3
16180,"Carson City, NV",2019-04-01,1,44,9,1,55,135,4
16180,"Carson City, NV",2019-05-01,0,24,7,1,32,167,4
16180,"Carson City, NV",2019-06-01,3,20,11,1,35,202,7
16180,"Carson City, NV",2019-07-01,1,29,7,3,40,242,8
16180,"Carson City, NV",2019-08-01,4,20,3,1,28,270,12
16180,"Carson City, NV",2019-09-01,6,30,5,2,43,313,18
16180,"Carson City, NV",2019-10-01,1,25,8,0,34,347,19
16180,"Carson City, NV",2019-11-01,4,26,7,0,37,384,23
16180,"Carson City, NV",2019-12-01,4,20,5,2,31,415,27
16180,"Carson City, NV",2020-01-01,6,27,6,1,40,455,33
16180,"Carson City, NV",2020-02-01,6,23,6,0,35,490,39
16180,"Carson City, NV",2020-03-01,6,36,15,2,59,549,45
16180,"Carson City, NV",2020-04-01,7,42,20,4,73,622,52
16180,"Carson City, NV",2020-05-01,5,39,17,5,66,688,57
16180,"Carson City, NV",2020-06-01,14,36,13,1,64,752,71
16180,"Carson City, NV",2020-07-01,16,54,15,4,89,841,87
16180,"Carson City, NV",2020-08-01,14,56,17,1,88,929,101
16180,"Carson City, NV",2020-09-01,11,64,21,2,98,1027,112
16180,"Carson City, NV",2020-10-01,6,38,8,1,53,1080,118
16180,"Carson City, NV",2020-11-01,17,30,15,0,62,1142,135
16180,"Carson City, NV",2020-12-01,9,42,15,2,68,1210,144
16180,"Carson City, NV",2021-01-01,7,46,22,3,78,1288,151
16180,"Carson City, NV",2021-02-01,16,40,11,3,70,1358,167
16180,"Carson City, NV",2021-03-01,22,55,24,1,102,1460,189
16180,"Carson City, NV",2021-04-01,16,69,22,3,110,1570,205
16180,"Carson City, NV",2021-05-01,29,75,21,4,129,1699,234
16180,"Carson City, NV",2021-06-01,16,75,15,6,112,1811,250
16180,"Carson City, NV",2021-07-01,24,66,17,1,108,1919,274
16180,"Carson City, NV",2021-08-01,24,68,20,3,115,2034,298
16180,"Carson City, NV",2021-09-01,14,68,22,1,105,2139,312
16180,"Carson City, NV",2021-10-01,9,61,28,6,104,2243,321
16180,"Carson City, NV",2021-11-01,16,55,17,5,93,2336,337
16180,"Carson City, NV",2021-12-01,18,54,23,4,99,2435,355
16180,"Carson City, NV",2022-01-01,15,93,30,5,143,2578,370
16180,"Carson City, NV",2022-02-01,23,56,13,3,95,2673,393
16180,"Carson City, NV",2022-03-01,23,51,20,4,98,2771,416
16180,"Carson City, NV",2022-04-01,14,49,12,2,77,2848,430
16180,"Carson City, NV",2022-05-01,22,53,15,3,93,2941,452
16180,"Carson City, NV",2022-06-01,20,45,15,0,80,3021,472
16180,"Carson City, NV",2022-07-01,18,71,20,1,110,3131,490
16180,"Carson City, NV",2022-08-01,15,68,19,3,105,3236,505
16180,"Carson City, NV",2022-09-01,18,57,24,1,100,3336,523
16180,"Carson City, NV",2022-10-01,15,56,16,1,88,3424,538
16180,"Carson City, NV",2022-11-01,30,66,17,3,116,3540,568
16180,"Carson City, NV",2022-12-01,17,59,11,3,90,3630,585
16180,"Carson City, NV",2023-01-01,30,78,18,0,126,3756,615
16180,"Carson City, NV",2023-02-01,20,40,16,2,78,3834,635
16180,"Carson City, NV",2023-03-01,29,58,27,4,118,3952,664
16180,"Carson City, NV",2023-04-01,13,48,10,4,75,4027,677
16180,"Carson City, NV",2023-05-01,20,46,12,1,79,4106,697
16180,"Carson City, NV",2023-06-01,12,28,11,3,54,4160,709
16180,"Carson City, NV",2023-07-01,18,42,14,1,75,4235,727
16180,"Carson City, NV",2023-08-01,16,33,7,2,58,4293,743
16180,"Carson City, NV",2023-09-01,20,43,17,1,81,4374,763
16180,"Carson City, NV",2023-10-01,19,57,19,1,96,4470,782
16180,"Carson City, NV",2023-11-01,27,64,19,3,113,4583,809
16180,"Carson City, NV",2023-12-01,26,57,13,1,97,4680,835
16180,"Carson City, NV",2024-01-01,30,56,18,2,106,4786,865
16180,"Carson City, NV",2024-02-01,33,52,18,3,106,4892,898
16180,"Carson City, NV",2024-03-01,32,42,22,2,98,4990,930
16180,"Carson City, NV",2024-04-01,34,41,17,2,94,5084,964
16180,"Carson City, NV",2024-05-01,31,57,21,2,111,5195,995
16180,"Carson City, NV",2024-06-01,39,52,13,2,106,5301,1034
16180,"Carson City, NV",2024-07-01,29,49,16,1,95,5396,1063
16180,"Carson City, NV",2024-08-01,26,43,14,5,88,5484,1089
16180,"Carson City, NV",2024-09-01,25,44,16,3,88,5572,1114
16180,"Carson City, NV",2024-10-01,28,42,12,4,86,5658,1142
16180,"Carson City, NV",2024-11-01,37,51,19,1,108,5766,1179
16180,"Carson City, NV",2024-12-01,38,56,26,4,124,5890,1217
16180,"Carson City, NV",2025-01-01,38,69,23,4,134,6024,1255
16180,"Carson City, NV",2025-02-01,36,35,15,0,86,6110,1291
16180,"Carson City, NV",2025-03-01,33,43,8,0,84,6194,1324
16180,"Carson City, NV",2025-04-01,30,44,4,2,80,6274,1354
16180,"Carson City, NV",2025-05-01,31,33,23,4,91,6365,1385
16180,"Carson City, NV",2025-06-01,38,51,19,2,110,6475,1423
16180,"Carson City, NV",2025-07-01,35,40,13,2,90,6565,1458
16180,"Carson City, NV",2025-08-01,43,31,14,1,89,6654,1501
16180,"Carson City, NV",2025-09-01,2,1,0,0,3,6657,1503
12300,"Augusta-Waterville, ME",2019-01-01,0,2,1,0,3,3,0
12300,"Augusta-Waterville, ME",2019-02-01,0,2,1,0,3,6,0
12300,"Augusta-Waterville, ME",2019-03-01,0,10,4,0,14,20,0
12300,"Augusta-Waterville, ME",2019-04-01,0,12,4,1,17,37,0
12300,"Augusta-Waterville, ME",2019-05-01,0,15,2,3,20,57,0
12300,"Augusta-Waterville, ME",2019-06-01,0,17,5,1,23,80,0
12300,"Augusta-Waterville, ME",2019-07-01,1,16,4,1,22,102,1
12300,"Augusta-Waterville, ME",2019-08-01,0,19,5,0,24,126,1
12300,"Augusta-Waterville, ME",2019-09-01,5,19,3,1,28,154,6
12300,"Augusta-Waterville, ME",2019-10-01,4,23,5,1,33,187,10
12300,"Augusta-Waterville, ME",2019-11-01,2,27,9,1,39,226,12
12300,"Augusta-Waterville, ME",2019-12-01,5,21,7,1,34,260,17
12300,"Augusta-Waterville, ME",2020-01-01,2,21,3,0,26,286,19
12300,"Augusta-Waterville, ME",2020-02-01,4,32,6,1,43,329,23
12300,"Augusta-Waterville, ME",2020-03-01,9,38,7,1,55,384,32
12300,"Augusta-Waterville, ME",2020-04-01,11,47,10,2,70,454,43
12300,"Augusta-Waterville, ME",2020-05-01,26,54,10,2,92,546,69
12300,"Augusta-Waterville, ME",2020-06-01,10,39,12,0,61,607,79
12300,"Augusta-Waterville, ME",2020-07-01,13,50,16,0,79,686,92
12300,"Augusta-Waterville, ME",2020-08-01,11,30,8,3,52,738,103
12300,"Augusta-Waterville, ME",2020-09-01,12,57,11,2,82,820,115
12300,"Augusta-Waterville, ME",2020-10-01,11,46,5,1,63,883,126
12300,"Augusta-Waterville, ME",2020-11-01,13,40,11,2,66,949,139
12300,"Augusta-Waterville, ME",2020-12-01,19,40,11,1,71,1020,158
12300,"Augusta-Waterville, ME",2021-01-01,34,58,16,1,109,1129,192
12300,"Augusta-Waterville, ME",2021-02-01,19,48,10,1,78,1207,211
12300,"Augusta-Waterville, ME",2021-03-01,31,57,19,3,110,1317,242
12300,"Augusta-Waterville, ME",2021-04-01,32,69,7,2,110,1427,274
12300,"Augusta-Waterville, ME",2021-05-01,24,70,14,1,109,1536,298
12300,"Augusta-Waterville, ME",2021-06-01,24,64,14,0,102,1638,322
12300,"Augusta-Waterville, ME",2021-07-01,10,67,17,2,96,1734,332
12300,"Augusta-Waterville, ME",2021-08-01,23,61,12,0,96,1830,355
12300,"Augusta-Waterville, ME",2021-09-01,10,79,15,1,105,1935,365
12300,"Augusta-Waterville, ME",2021-10-01,15,65,24,2,106,2041,380
12300,"Augusta-Waterville, ME",2021-11-01,23,57,11,0,91,2132,403
12300,"Augusta-Waterville, ME",2021-12-01,33,54,18,1,106,2238,436
12300,"Augusta-Waterville, ME",2022-01-01,40,84,19,4,147,2385,476
12300,"Augusta-Waterville, ME",2022-02-01,28,67,17,0,112,2497,504
12300,"Augusta-Waterville, ME",2022-03-01,35,66,25,1,127,2624,539
12300,"Augusta-Waterville, ME",2022-04-01,27,73,22,1,123,2747,566
12300,"Augusta-Waterville, ME",2022-05-01,32,64,16,2,114,2861,598
12300,"Augusta-Waterville, ME",2022-06-01,38,64,20,3,125,2986,636
12300,"Augusta-Waterville, ME",2022-07-01,47,67,14,2,130,3116,683
12300,"Augusta-Waterville, ME",2022-08-01,32,89,23,1,145,3261,715
12300,"Augusta-Waterville, ME",2022-09-01,29,71,24,3,127,3388,744
12300,"Augusta-Waterville, ME",2022-10-01,24,65,25,1,115,3503,768
12300,"Augusta-Waterville, ME",2022-11-01,30,73,18,4,125,3628,798
12300,"Augusta-Waterville, ME",2022-12-01,29,65,18,1,113,3741,827
12300,"Augusta-Waterville, ME",2023-01-01,25,54,17,1,97,3838,852
12300,"Augusta-Waterville, ME",2023-02-01,39,55,24,1,119,3957,891
12300,"Augusta-Waterville, ME",2023-03-01,61,93,29,3,186,4143,952
12300,"Augusta-Waterville, ME",2023-04-01,44,56,21,1,122,4265,996
12300,"Augusta-Waterville, ME",2023-05-01,28,46,18,1,93,4358,1024
12300,"Augusta-Waterville, ME",2023-06-01,36,48,18,0,102,4460,1060
12300,"Augusta-Waterville, ME",2023-07-01,26,59,17,2,104,4564,1086
12300,"Augusta-Waterville, ME",2023-08-01,10,28,14,1,53,4617,1096
12300,"Augusta-Waterville, ME",2023-09-01,25,45,21,3,94,4711,1121
12300,"Augusta-Waterville, ME",2023-10-01,49,64,11,3,127,4838,1170
12300,"Augusta-Waterville, ME",2023-11-01,44,45,21,1,111,4949,1214
12300,"Augusta-Waterville, ME",2023-12-01,29,48,14,1,92,5041,1243
12300,"Augusta-Waterville, ME",2024-01-01,41,68,17,1,127,5168,1284
12300,"Augusta-Waterville, ME",2024-02-01,35,64,24,2,125,5293,1319
12300,"Augusta-Waterville, ME",2024-03-01,53,51,27,3,134,5427,1372
12300,"Augusta-Waterville, ME",2024-04-01,44,40,17,2,103,5530,1416
12300,"Augusta-Waterville, ME",2024-05-01,37,58,12,1,108,5638,1453
12300,"Augusta-Waterville, ME",2024-06-01,23,31,7,2,63,5701,1476
12300,"Augusta-Waterville, ME",2024-07-01,36,48,19,3,106,5807,1512
12300,"Augusta-Waterville, ME",2024-08-01,32,48,14,1,95,5902,1544
12300,"Augusta-Waterville, ME",2024-09-01,23,44,13,1,81,5983,1567
12300,"Augusta-Waterville, ME",2024-10-01,55,60,21,1,137,6120,1622
12300,"Augusta-Waterville, ME",2024-11-01,51,60,15,2,128,6248,1673
12300,"Augusta-Waterville, ME",2024-12-01,65,66,19,3,153,6401,1738
12300,"Augusta-Waterville, ME",2025-01-01,49,66,19,3,137,6538,1787
12300,"Augusta-Waterville, ME",2025-02-01,51,59,19,1,130,6668,1838
12300,"Augusta-Waterville, ME",2025-03-01,55,63,17,3,138,6806,1893
12300,"Augusta-Waterville, ME",2025-04-01,50,78,13,3,144,6950,1943
12300,"Augusta-Waterville, ME",2025-05-01,51,62,17,0,130,7080,1994
12300,"Augusta-Waterville, ME",2025-06-01,49,40,12,0,101,7181,2043
12300,"Augusta-Waterville, ME",2025-07-01,65,58,8,1,132,7313,2108
12300,"Augusta-Waterville, ME",2025-08-01,40,44,18,0,102,7415,2148
12300,"Augusta-Waterville, ME",2025-09-01,1,0,1,0,2,7417,2149
11580,"Arcadia, FL",2019-01-01,1,1,1,0,3,3,1
11580,"Arcadia, FL",2019-02-01,0,6,0,1,7,10,1
11580,"Arcadia, FL",2019-03-01,0,1,0,1,2,12,1
11580,"Arcadia, FL",2019-04-01,0,4,2,0,6,18,1
11580,"Arcadia, FL",2019-05-01,1,2,2,0,5,23,2
11580,"Arcadia, FL",2019-06-01,0,3,0,0,3,26,2
11580,"Arcadia, FL",2019-07-01,0,1,0,0,1,27,2
11580,"Arcadia, FL",2019-08-01,0,7,1,0,8,35,2
11580,"Arcadia, FL",2019-09-01,1,1,4,0,6,41,3
11580,"Arcadia, FL",2019-10-01,0,2,0,0,2,43,3
11580,"Arcadia, FL",2019-11-01,0,4,0,0,4,47,3
11580,"Arcadia, FL",2019-12-01,0,3,0,0,3,50,3
11580,"Arcadia, FL",2020-01-01,0,1,2,0,3,53,3
11580,"Arcadia, FL",2020-02-01,0,1,0,0,1,54,3
11580,"Arcadia, FL",2020-03-01,3,1,0,0,4,58,6
11580,"Arcadia, FL",2020-04-01,1,4,3,1,9,67,7
11580,"Arcadia, FL",2020-05-01,1,10,7,0,18,85,8
11580,"Arcadia, FL",2020-06-01,0,7,0,0,7,92,8
11580,"Arcadia, FL",2020-07-01,3,5,5,0,13,105,11
11580,"Arcadia, FL",2020-08-01,2,3,3,1,9,114,13
11580,"Arcadia, FL",2020-09-01,1,12,3,0,16,130,14
11580,"Arcadia, FL",2020-10-01,1,5,0,0,6,136,15
11580,"Arcadia, FL",2020-11-01,0,5,4,0,9,145,15
11580,"Arcadia, FL",2020-12-01,1,8,6,0,15,160,16
11580,"Arcadia, FL",2021-01-01,4,16,6,0,26,186,20
11580,"Arcadia, FL",2021-02-01,4,14,7,0,25,211,24
11580,"Arcadia, FL",2021-03-01,5,31,5,1,42,253,29
11580,"Arcadia, FL",2021-04-01,13,31,11,2,57,310,42
11580,"Arcadia, FL",2021-05-01,4,33,10,0,47,357,46
11580,"Arcadia, FL",2021-06-01,12,24,7,0,43,400,58
11580,"Arcadia, FL",2021-07-01,5,33,10,2,50,450,63
11580,"Arcadia, FL",2021-08-01,6,26,7,0,39,489,69
11580,"Arcadia, FL",2021-09-01,3,16,7,1,27,516,72
11580,"Arcadia, FL",2021-10-01,2,14,11,0,27,543,74
11580,"Arcadia, FL",2021-11-01,4,22,13,3,42,585,78
11580,"Arcadia, FL",2021-12-01,10,19,9,0,38,623,88
11580,"Arcadia, FL",2022-01-01,14,33,11,2,60,683,102
11580,"Arcadia, FL",2022-02-01,2,12,5,0,19,702,104
11580,"Arcadia, FL",2022-03-01,5,19,11,2,37,739,109
11580,"Arcadia, FL",2022-04-01,11,20,5,2,38,777,120
11580,"Arcadia, FL",2022-05-01,5,19,8,0,32,809,125
11580,"Arcadia, FL",2022-06-01,6,11,4,0,21,830,131
11580,"Arcadia, FL",2022-07-01,7,14,5,1,27,857,138
11580,"Arcadia, FL",2022-08-01,4,13,5,0,22,879,142
11580,"Arcadia, FL",2022-09-01,3,11,3,0,17,896,145
11580,"Arcadia, FL",2022-10-01,10,17,10,1,38,934,155
11580,"Arcadia, FL",2022-11-01,5,12,6,0,23,957,160
11580,"Arcadia, FL",2022-12-01,2,19,3,0,24,981,162
11580,"Arcadia, FL",2023-01-01,7,20,3,0,30,1011,169
11580,"Arcadia, FL",2023-02-01,8,7,2,0,17,1028,177
11580,"Arcadia, FL",2023-03-01,12,22,9,0,43,1071,189
11580,"Arcadia, FL",2023-04-01,5,22,7,1,35,1106,194
11580,"Arcadia, FL",2023-05-01,6,12,7,0,25,1131,200
11580,"Arcadia, FL",2023-06-01,4,10,7,0,21,1152,204
11580,"Arcadia, FL",2023-07-01,10,16,6,0,32,1184,214
11580,"Arcadia, FL",2023-08-01,5,8,2,0,15,1199,219
11580,"Arcadia, FL",2023-09-01,4,14,5,0,23,1222,223
11580,"Arcadia, FL",2023-10-01,7,17,6,0,30,1252,230
11580,"Arcadia, FL",2023-11-01,9,19,7,1,36,1288,239
11580,"Arcadia, FL",2023-12-01,14,17,6,2,39,1327,253
11580,"Arcadia, FL",2024-01-01,11,21,10,2,44,1371,264
11580,"Arcadia, FL",2024-02-01,9,22,10,0,41,1412,273
11580,"Arcadia, FL",2024-03-01,11,34,7,1,53,1465,284
11580,"Arcadia, FL",2024-04-01,16,25,5,2,48,1513,300
11580,"Arcadia, FL",2024-05-01,9,18,5,1,33,1546,309
11580,"Arcadia, FL",2024-06-01,2,10,3,2,17,1563,311
11580,"Arcadia, FL",2024-07-01,5,8,2,1,16,1579,316
11580,"Arcadia, FL",2024-08-01,2,5,1,0,8,1587,318
11580,"Arcadia, FL",2024-09-01,7,4,4,1,16,1603,325
11580,"Arcadia, FL",2024-10-01,9,18,3,0,30,1633,334
11580,"Arcadia, FL",2024-11-01,7,25,7,2,41,1674,341
11580,"Arcadia, FL",2024-12-01,7,13,4,1,25,1699,348
11580,"Arcadia, FL",2025-01-01,7,18,5,2,32,1731,355
11580,"Arcadia, FL",2025-02-01,3,19,3,0,25,1756,358
11580,"Arcadia, FL",2025-03-01,12,14,6,0,32,1788,370
11580,"Arcadia, FL",2025-04-01,11,18,5,1,35,1823,381
11580,"Arcadia, FL",2025-05-01,14,17,6,1,38,1861,395
11580,"Arcadia, FL",2025-06-01,5,18,6,0,29,1890,400
11580,"Arcadia, FL",2025-07-01,7,13,6,1,27,1917,407
11580,"Arcadia, FL",2025-08-01,4,5,2,0,11,1928,411
11580,"Arcadia, FL",2025-09-01,0,1,0,0,1,1929,411
13540,"Bennington, VT",2019-03-01,0,1,0,0,1,1,0
13540,"Bennington, VT",2019-04-01,0,0,1,0,1,2,0
13540,"Bennington, VT",2019-05-01,0,1,0,0,1,3,0
13540,"Bennington, VT",2019-06-01,0,1,2,1,4,7,0
13540,"Bennington, VT",2019-08-01,0,2,0,1,3,10,0
13540,"Bennington, VT",2019-10-01,0,1,0,0,1,11,0
13540,"Bennington, VT",2019-11-01,0,2,1,0,3,14,0
13540,"Bennington, VT",2019-12-01,0,1,1,0,2,16,0
13540,"Bennington, VT",2020-01-01,0,1,1,0,2,18,0
13540,"Bennington, VT",2020-02-01,1,0,0,0,1,19,1
13540,"Bennington, VT",2020-03-01,1,1,1,0,3,22,2
13540,"Bennington, VT",2020-04-01,0,1,1,0,2,24,2
13540,"Bennington, VT",2020-05-01,2,5,1,0,8,32,4
13540,"Bennington, VT",2020-06-01,2,1,3,0,6,38,6
13540,"Bennington, VT",2020-07-01,1,5,0,0,6,44,7
13540,"Bennington, VT",2020-08-01,1,3,0,0,4,48,8
13540,"Bennington, VT",2020-09-01,2,5,2,0,9,57,10
13540,"Bennington, VT",2020-10-01,1,9,1,0,11,68,11
13540,"Bennington, VT",2020-11-01,5,8,1,0,14,82,16
13540,"Bennington, VT",2020-12-01,3,6,1,1,11,93,19
13540,"Bennington, VT",2021-01-01,2,13,2,1,18,111,21
13540,"Bennington, VT",2021-02-01,2,13,3,0,18,129,23
13540,"Bennington, VT",2021-03-01,2,8,2,1,13,142,25
13540,"Bennington, VT",2021-04-01,2,15,2,0,19,161,27
13540,"Bennington, VT",2021-05-01,2,12,1,0,15,176,29
13540,"Bennington, VT",2021-06-01,3,6,2,0,11,187,32
13540,"Bennington, VT",2021-07-01,5,12,2,0,19,206,37
13540,"Bennington, VT",2021-08-01,8,22,2,0,32,238,45
13540,"Bennington, VT",2021-09-01,6,11,0,0,17,255,51
13540,"Bennington, VT",2021-10-01,1,10,1,1,13,268,52
13540,"Bennington, VT",2021-11-01,2,7,4,0,13,281,54
13540,"Bennington, VT",2021-12-01,8,13,2,2,25,306,62
13540,"Bennington, VT",2022-01-01,6,14,5,1,26,332,68
13540,"Bennington, VT",2022-02-01,4,6,3,0,13,345,72
13540,"Bennington, VT",2022-03-01,4,14,2,0,20,365,76
13540,"Bennington, VT",2022-04-01,3,11,5,0,19,384,79
13540,"Bennington, VT",2022-05-01,6,5,1,0,12,396,85
13540,"Bennington, VT",2022-06-01,2,9,2,1,14,410,87
13540,"Bennington, VT",2022-07-01,2,13,3,1,19,429,89
13540,"Bennington, VT",2022-08-01,4,9,4,0,17,446,93
13540,"Bennington, VT",2022-09-01,6,7,4,2,19,465,99
13540,"Bennington, VT",2022-10-01,2,5,0,0,7,472,101
13540,"Bennington, VT",2022-11-01,7,12,3,0,22,494,108
13540,"Bennington, VT",2022-12-01,1,11,1,1,14,508,109
13540,"Bennington, VT",2023-01-01,6,12,4,1,23,531,115
13540,"Bennington, VT",2023-02-01,2,8,3,0,13,544,117
13540,"Bennington, VT",2023-03-01,5,11,3,1,20,564,122
13540,"Bennington, VT",2023-04-01,4,7,3,0,14,578,126
13540,"Bennington, VT",2023-05-01,5,13,0,0,18,596,131
13540,"Bennington, VT",2023-06-01,1,12,2,0,15,611,132
13540,"Bennington, VT",2023-07-01,9,9,3,0,21,632,141
13540,"Bennington, VT",2023-08-01,2,9,2,0,13,645,143
13540,"Bennington, VT",2023-09-01,3,5,4,0,12,657,146
13540,"Bennington, VT",2023-10-01,8,8,5,0,21,678,154
13540,"Bennington, VT",2023-11-01,2,9,2,0,13,691,156
13540,"Bennington, VT",2023-12-01,9,11,7,0,27,718,165
13540,"Bennington, VT",2024-01-01,9,11,1,0,21,739,174
13540,"Bennington, VT",2024-02-01,7,13,2,0,22,761,181
13540,"Bennington, VT",2024-03-01,4,8,3,0,15,776,185
13540,"Bennington, VT",2024-04-01,6,9,2,0,17,793,191
13540,"Bennington, VT",2024-05-01,7,18,2,0,27,820,198
13540,"Bennington, VT",2024-06-01,7,16,5,0,28,848,205
13540,"Bennington, VT",2024-07-01,12,14,2,0,28,876,217
13540,"Bennington, VT",2024-08-01,9,20,4,0,33,909,226
13540,"Bennington, VT",2024-09-01,7,14,10,1,32,941,233
13540,"Bennington, VT",2024-10-01,11,18,4,1,34,975,244
13540,"Bennington, VT",2024-11-01,13,7,3,0,23,998,257
13540,"Bennington, VT",2024-12-01,10,12,0,0,22,1020,267
13540,"Bennington, VT",2025-01-01,10,20,3,0,33,1053,277
13540,"Bennington, VT",2025-02-01,8,8,1,0,17,1070,285
13540,"Bennington, VT",2025-03-01,12,7,6,0,25,1095,297
13540,"Bennington, VT",2025-04-01,11,17,4,2,34,1129,308
13540,"Bennington, VT",2025-05-01,8,19,5,1,33,1162,316
13540,"Bennington, VT",2025-06-01,9,6,1,1,17,1179,325
13540,"Bennington, VT",2025-07-01,9,5,3,1,18,1197,334
13540,"Bennington, VT",2025-08-01,8,9,2,0,19,1216,342
13540,"Bennington, VT",2025-09-01,0,2,0,0,2,1218,342
18340,"Corbin, KY",2019-01-01,0,2,1,0,3,3,0
18340,"Corbin, KY",2019-02-01,0,4,1,0,5,8,0
18340,"Corbin, KY",2019-03-01,0,4,4,2,10,18,0
18340,"Corbin, KY",2019-04-01,0,5,2,0,7,25,0
18340,"Corbin, KY",2019-05-01,0,5,3,0,8,33,0
18340,"Corbin, KY",2019-06-01,3,30,10,0,43,76,3
18340,"Corbin, KY",2019-07-01,0,26,4,0,30,106,3
18340,"Corbin, KY",2019-08-01,0,8,1,0,9,115,3
18340,"Corbin, KY",2019-09-01,1,18,3,0,22,137,4
18340,"Corbin, KY",2019-10-01,1,19,7,1,28,165,5
18340,"Corbin, KY",2019-11-01,1,19,4,0,24,189,6
18340,"Corbin, KY",2019-12-01,0,16,4,0,20,209,6
18340,"Corbin, KY",2020-01-01,2,10,5,0,17,226,8
18340,"Corbin, KY",2020-02-01,2,15,6,0,23,249,10
18340,"Corbin, KY",2020-03-01,3,20,5,0,28,277,13
18340,"Corbin, KY",2020-04-01,4,36,4,1,45,322,17
18340,"Corbin, KY",2020-05-01,6,40,14,0,60,382,23
18340,"Corbin, KY",2020-06-01,4,30,7,0,41,423,27
18340,"Corbin, KY",2020-07-01,3,28,7,0,38,461,30
18340,"Corbin, KY",2020-08-01,0,11,9,1,21,482,30
18340,"Corbin, KY",2020-09-01,6,38,12,1,57,539,36
18340,"Corbin, KY",2020-10-01,4,27,9,0,40,579,40
18340,"Corbin, KY",2020-11-01,7,29,11,0,47,626,47
18340,"Corbin, KY",2020-12-01,6,36,5,0,47,673,53
18340,"Corbin, KY",2021-01-01,15,59,10,0,84,757,68
18340,"Corbin, KY",2021-02-01,7,29,7,1,44,801,75
18340,"Corbin, KY",2021-03-01,17,59,16,3,95,896,92
18340,"Corbin, KY",2021-04-01,15,59,15,0,89,985,107
18340,"Corbin, KY",2021-05-01,17,44,13,0,74,1059,124
18340,"Corbin, KY",2021-06-01,11,87,11,1,110,1169,135
18340,"Corbin, KY",2021-07-01,7,52,12,0,71,1240,142
18340,"Corbin, KY",2021-08-01,17,50,23,1,91,1331,159
18340,"Corbin, KY",2021-09-01,5,37,11,1,54,1385,164
18340,"Corbin, KY",2021-10-01,8,38,14,1,61,1446,172
18340,"Corbin, KY",2021-11-01,4,44,12,2,62,1508,176
18340,"Corbin, KY",2021-12-01,17,48,21,2,88,1596,193
18340,"Corbin, KY",2022-01-01,12,47,8,1,68,1664,205
18340,"Corbin, KY",2022-02-01,15,59,14,2,90,1754,220
18340,"Corbin, KY",2022-03-01,14,65,13,2,94,1848,234
18340,"Corbin, KY",2022-04-01,13,40,10,1,64,1912,247
18340,"Corbin, KY",2022-05-01,14,39,6,3,62,1974,261
18340,"Corbin, KY",2022-06-01,14,44,14,0,72,2046,275
18340,"Corbin, KY",2022-07-01,12,41,17,0,70,2116,287
18340,"Corbin, KY",2022-08-01,14,47,13,0,74,2190,301
18340,"Corbin, KY",2022-09-01,9,28,17,2,56,2246,310
18340,"Corbin, KY",2022-10-01,16,47,18,1,82,2328,326
18340,"Corbin, KY",2022-11-01,21,49,14,0,84,2412,347
18340,"Corbin, KY",2022-12-01,14,37,16,0,67,2479,361
18340,"Corbin, KY",2023-01-01,19,42,13,2,76,2555,380
18340,"Corbin, KY",2023-02-01,13,37,11,1,62,2617,393
18340,"Corbin, KY",2023-03-01,31,67,13,1,112,2729,424
18340,"Corbin, KY",2023-04-01,13,42,14,0,69,2798,437
18340,"Corbin, KY",2023-05-01,12,43,10,1,66,2864,449
18340,"Corbin, KY",2023-06-01,13,20,10,0,43,2907,462
18340,"Corbin, KY",2023-07-01,9,32,9,1,51,2958,471
18340,"Corbin, KY",2023-08-01,7,32,7,0,46,3004,478
18340,"Corbin, KY",2023-09-01,12,27,14,0,53,3057,490
18340,"Corbin, KY",2023-10-01,18,39,11,0,68,3125,508
18340,"Corbin, KY",2023-11-01,27,52,17,3,99,3224,535
18340,"Corbin, KY",2023-12-01,21,38,15,3,77,3301,556
18340,"Corbin, KY",2024-01-01,28,50,18,0,96,3397,584
18340,"Corbin, KY",2024-02-01,38,41,14,2,95,3492,622
18340,"Corbin, KY",2024-03-01,27,57,17,2,103,3595,649
18340,"Corbin, KY",2024-04-01,24,51,12,1,88,3683,673
18340,"Corbin, KY",2024-05-01,32,45,18,2,97,3780,705
18340,"Corbin, KY",2024-06-01,30,48,13,3,94,3874,735
18340,"Corbin, KY",2024-07-01,16,26,12,1,55,3929,751
18340,"Corbin, KY",2024-08-01,16,32,12,0,60,3989,767
18340,"Corbin, KY",2024-09-01,21,47,14,0,82,4071,788
18340,"Corbin, KY",2024-10-01,45,60,17,1,123,4194,833
18340,"Corbin, KY",2024-11-01,48,68,19,4,139,4333,881
18340,"Corbin, KY",2024-12-01,39,70,12,1,122,4455,920
18340,"Corbin, KY",2025-01-01,25,51,20,2,98,4553,945
18340,"Corbin, KY",2025-02-01,33,52,16,2,103,4656,978
18340,"Corbin, KY",2025-03-01,44,64,25,0,133,4789,1022
18340,"Corbin, KY",2025-04-01,42,66,20,2,130,4919,1064
18340,"Corbin, KY",2025-05-01,32,58,20,1,111,5030,1096
18340,"Corbin, KY",2025-06-01,25,38,11,2,76,5106,1121
18340,"Corbin, KY",2025-07-01,19,54,15,3,91,5197,1140
18340,"Corbin, KY",2025-08-01,16,35,14,1,66,5263,1156
43460,"Sikeston, MO",2019-02-01,0,1,1,0,2,2,0
43460,"Sikeston, MO",2019-03-01,0,2,0,0,2,4,0
43460,"Sikeston, MO",2019-04-01,0,2,1,0,3,7,0
43460,"Sikeston, MO",2019-05-01,0,2,2,1,5,12,0
43460,"Sikeston, MO",2019-06-01,0,1,1,0,2,14,0
43460,"Sikeston, MO",2019-07-01,1,3,0,0,4,18,1
43460,"Sikeston, MO",2019-08-01,1,4,0,0,5,23,2
43460,"Sikeston, MO",2019-09-01,1,2,0,0,3,26,3
43460,"Sikeston, MO",2019-10-01,2,1,0,0,3,29,5
43460,"Sikeston, MO",2019-11-01,0,2,2,0,4,33,5
43460,"Sikeston, MO",2019-12-01,0,3,1,0,4,37,5
43460,"Sikeston, MO",2020-01-01,0,1,0,0,1,38,5
43460,"Sikeston, MO",2020-02-01,0,1,2,0,3,41,5
43460,"Sikeston, MO",2020-03-01,0,2,1,0,3,44,5
43460,"Sikeston, MO",2020-04-01,1,6,3,0,10,54,6
43460,"Sikeston, MO",2020-05-01,1,8,1,0,10,64,7
43460,"Sikeston, MO",2020-06-01,1,6,0,0,7,71,8
43460,"Sikeston, MO",2020-07-01,1,10,0,0,11,82,9
43460,"Sikeston, MO",2020-08-01,2,12,1,0,15,97,11
43460,"Sikeston, MO",2020-09-01,0,11,3,0,14,111,11
43460,"Sikeston, MO",2020-10-01,4,11,2,0,17,128,15
43460,"Sikeston, MO",2020-11-01,1,15,2,0,18,146,16
43460,"Sikeston, MO",2020-12-01,2,21,4,0,27,173,18
43460,"Sikeston, MO",2021-01-01,5,21,9,2,37,210,23
43460,"Sikeston, MO",2021-02-01,7,18,7,1,33,243,30
43460,"Sikeston, MO",2021-03-01,7,16,8,0,31,274,37
43460,"Sikeston, MO",2021-04-01,7,27,7,0,41,315,44
43460,"Sikeston, MO",2021-05-01,16,41,6,0,63,378,60
43460,"Sikeston, MO",2021-06-01,11,29,7,0,47,425,71
43460,"Sikeston, MO",2021-07-01,10,48,7,0,65,490,81
43460,"Sikeston, MO",2021-08-01,12,41,12,1,66,556,93
43460,"Sikeston, MO",2021-09-01,6,33,12,0,51,607,99
43460,"Sikeston, MO",2021-10-01,7,29,6,0,42,649,106
43460,"Sikeston, MO",2021-11-01,10,21,5,0,36,685,116
43460,"Sikeston, MO",2021-12-01,8,22,6,0,36,721,124
43460,"Sikeston, MO",2022-01-01,10,27,7,0,44,765,134
43460,"Sikeston, MO",2022-02-01,8,34,10,1,53,818,142
43460,"Sikeston, MO",2022-03-01,18,37,8,2,65,883,160
43460,"Sikeston, MO",2022-04-01,8,42,8,0,58,941,168
43460,"Sikeston, MO",2022-05-01,12,32,6,0,50,991,180
43460,"Sikeston, MO",2022-06-01,8,32,3,0,43,1034,188
43460,"Sikeston, MO",2022-07-01,14,29,11,1,55,1089,202
43460,"Sikeston, MO",2022-08-01,10,34,10,1,55,1144,212
43460,"Sikeston, MO",2022-09-01,6,18,5,0,29,1173,218
43460,"Sikeston, MO",2022-10-01,16,23,11,2,52,1225,234
43460,"Sikeston, MO",2022-11-01,7,28,10,1,46,1271,241
43460,"Sikeston, MO",2022-12-01,10,21,6,0,37,1308,251
43460,"Sikeston, MO",2023-01-01,15,22,11,1,49,1357,266
43460,"Sikeston, MO",2023-02-01,15,20,10,0,45,1402,281
43460,"Sikeston, MO",2023-03-01,20,45,7,0,72,1474,301
43460,"Sikeston, MO",2023-04-01,13,28,11,0,52,1526,314
43460,"Sikeston, MO",2023-05-01,9,29,7,0,45,1571,323
43460,"Sikeston, MO",2023-06-01,21,23,8,2,54,1625,344
43460,"Sikeston, MO",2023-07-01,7,34,9,2,52,1677,351
43460,"Sikeston, MO",2023-08-01,20,19,15,0,54,1731,371
43460,"Sikeston, MO",2023-09-01,13,26,9,1,49,1780,384
43460,"Sikeston, MO",2023-10-01,13,25,15,1,54,1834,397
43460,"Sikeston, MO",2023-11-01,23,32,4,0,59,1893,420
43460,"Sikeston, MO",2023-12-01,17,23,6,1,47,1940,437
43460,"Sikeston, MO",2024-01-01,14,32,4,0,50,1990,451
43460,"Sikeston, MO",2024-02-01,18,28,12,0,58,2048,469
43460,"Sikeston, MO",2024-03-01,17,26,11,2,56,2104,486
43460,"Sikeston, MO",2024-04-01,18,18,7,4,47,2151,504
43460,"Sikeston, MO",2024-05-01,17,25,7,0,49,2200,521
43460,"Sikeston, MO",2024-06-01,16,17,8,1,42,2242,537
43460,"Sikeston, MO",2024-07-01,12,23,5,0,40,2282,549
43460,"Sikeston, MO",2024-08-01,12,29,11,2,54,2336,561
43460,"Sikeston, MO",2024-09-01,10,21,7,1,39,2375,571
43460,"Sikeston, MO",2024-10-01,14,14,4,1,33,2408,585
43460,"Sikeston, MO",2024-11-01,16,29,7,0,52,2460,601
43460,"Sikeston, MO",2024-12-01,29,31,4,1,65,2525,630
43460,"Sikeston, MO",2025-01-01,22,24,6,1,53,2578,652
43460,"Sikeston, MO",2025-02-01,26,19,5,0,50,2628,678
43460,"Sikeston, MO",2025-03-01,35,30,15,2,82,2710,713
43460,"Sikeston, MO",2025-04-01,25,23,8,1,57,2767,738
43460,"Sikeston, MO",2025-05-01,30,40,14,4,88,2855,768
43460,"Sikeston, MO",2025-06-01,22,32,10,0,64,2919,790
43460,"Sikeston, MO",2025-07-01,24,28,8,1,61,2980,814
43460,"Sikeston, MO",2025-08-01,13,17,4,0,34,3014,827
11940,"Athens, TN",2019-02-01,0,4,0,0,4,4,0
11940,"Athens, TN",2019-03-01,0,1,0,1,2,6,0
11940,"Athens, TN",2019-04-01,0,3,1,0,4,10,0
11940,"Athens, TN",2019-05-01,0,0,2,0,2,12,0
11940,"Athens, TN",2019-06-01,1,0,0,0,1,13,1
11940,"Athens, TN",2019-07-01,0,2,1,0,3,16,1
11940,"Athens, TN",2019-08-01,0,5,1,0,6,22,1
11940,"Athens, TN",2019-09-01,0,1,0,0,1,23,1
11940,"Athens, TN",2019-10-01,1,2,0,0,3,26,2
11940,"Athens, TN",2019-11-01,0,7,2,0,9,35,2
11940,"Athens, TN",2019-12-01,1,0,1,0,2,37,3
11940,"Athens, TN",2020-01-01,0,4,2,0,6,43,3
11940,"Athens, TN",2020-02-01,0,3,0,0,3,46,3
11940,"Athens, TN",2020-03-01,0,5,2,0,7,53,3
11940,"Athens, TN",2020-04-01,2,12,4,1,19,72,5
11940,"Athens, TN",2020-05-01,2,11,4,0,17,89,7
11940,"Athens, TN",2020-06-01,1,12,5,0,18,107,8
11940,"Athens, TN",2020-07-01,4,15,2,0,21,128,12
11940,"Athens, TN",2020-08-01,0,17,2,0,19,147,12
11940,"Athens, TN",2020-09-01,3,21,6,0,30,177,15
11940,"Athens, TN",2020-10-01,4,27,10,1,42,219,19
11940,"Athens, TN",2020-11-01,9,12,3,1,25,244,28
11940,"Athens, TN",2020-12-01,9,33,7,0,49,293,37
11940,"Athens, TN",2021-01-01,16,36,8,4,64,357,53
11940,"Athens, TN",2021-02-01,8,27,7,1,43,400,61
11940,"Athens, TN",2021-03-01,15,42,7,0,64,464,76
11940,"Athens, TN",2021-04-01,22,40,15,1,78,542,98
11940,"Athens, TN",2021-05-01,13,52,12,1,78,620,111
11940,"Athens, TN",2021-06-01,18,36,14,1,69,689,129
11940,"Athens, TN",2021-07-01,9,57,13,0,79,768,138
11940,"Athens, TN",2021-08-01,19,50,11,1,81,849,157
11940,"Athens, TN",2021-09-01,17,62,30,0,109,958,174
11940,"Athens, TN",2021-10-01,18,41,17,0,76,1034,192
11940,"Athens, TN",2021-11-01,11,43,10,0,64,1098,203
11940,"Athens, TN",2021-12-01,13,47,16,1,77,1175,216
11940,"Athens, TN",2022-01-01,12,47,23,3,85,1260,228
11940,"Athens, TN",2022-02-01,15,34,6,1,56,1316,243
11940,"Athens, TN",2022-03-01,15,50,16,0,81,1397,258
11940,"Athens, TN",2022-04-01,25,62,15,2,104,1501,283
11940,"Athens, TN",2022-05-01,15,47,10,0,72,1573,298
11940,"Athens, TN",2022-06-01,20,24,12,2,58,1631,318
11940,"Athens, TN",2022-07-01,15,38,12,2,67,1698,333
11940,"Athens, TN",2022-08-01,23,43,11,0,77,1775,356
11940,"Athens, TN",2022-09-01,19,34,17,2,72,1847,375
11940,"Athens, TN",2022-10-01,16,46,13,2,77,1924,391
11940,"Athens, TN",2022-11-01,25,50,14,2,91,2015,416
11940,"Athens, TN",2022-12-01,19,39,16,2,76,2091,435
11940,"Athens, TN",2023-01-01,25,60,15,0,100,2191,460
11940,"Athens, TN",2023-02-01,17,33,9,1,60,2251,477
11940,"Athens, TN",2023-03-01,23,57,21,3,104,2355,500
11940,"Athens, TN",2023-04-01,26,43,14,1,84,2439,526
11940,"Athens, TN",2023-05-01,14,33,3,1,51,2490,540
11940,"Athens, TN",2023-06-01,14,25,3,0,42,2532,554
11940,"Athens, TN",2023-07-01,23,37,9,0,69,2601,577
11940,"Athens, TN",2023-08-01,16,25,11,1,53,2654,593
11940,"Athens, TN",2023-09-01,15,33,18,1,67,2721,608
11940,"Athens, TN",2023-10-01,29,38,18,2,87,2808,637
11940,"Athens, TN",2023-11-01,29,63,19,1,112,2920,666
11940,"Athens, TN",2023-12-01,34,42,19,0,95,3015,700
11940,"Athens, TN",2024-01-01,20,44,15,2,81,3096,720
11940,"Athens, TN",2024-02-01,16,40,15,2,73,3169,736
11940,"Athens, TN",2024-03-01,30,38,17,3,88,3257,766
11940,"Athens, TN",2024-04-01,34,47,19,1,101,3358,800
11940,"Athens, TN",2024-05-01,26,47,9,2,84,3442,826
11940,"Athens, TN",2024-06-01,29,38,19,4,90,3532,855
11940,"Athens, TN",2024-07-01,21,23,13,1,58,3590,876
11940,"Athens, TN",2024-08-01,20,49,7,1,77,3667,896
11940,"Athens, TN",2024-09-01,14,18,5,3,40,3707,910
11940,"Athens, TN",2024-10-01,25,41,20,1,87,3794,935
11940,"Athens, TN",2024-11-01,31,38,21,3,93,3887,966
11940,"Athens, TN",2024-12-01,32,49,14,0,95,3982,998
11940,"Athens, TN",2025-01-01,34,38,21,1,94,4076,1032
11940,"Athens, TN",2025-02-01,31,32,10,1,74,4150,1063
11940,"Athens, TN",2025-03-01,39,30,14,1,84,4234,1102
11940,"Athens, TN",2025-04-01,30,35,7,3,75,4309,1132
11940,"Athens, TN",2025-05-01,30,35,13,3,81,4390,1162
11940,"Athens, TN",2025-06-01,30,30,10,1,71,4461,1192
11940,"Athens, TN",2025-07-01,30,41,16,4,91,4552,1222
11940,"Athens, TN",2025-08-01,30,32,14,3,79,4631,1252
11940,"Athens, TN",2025-09-01,1,0,0,0,1,4632,1253
43760,"Sonora, CA",2019-01-01,0,3,3,0,6,6,0
43760,"Sonora, CA",2019-02-01,0,4,2,0,6,12,0
43760,"Sonora, CA",2019-03-01,0,9,1,0,10,22,0
43760,"Sonora, CA",2019-04-01,0,5,5,0,10,32,0
43760,"Sonora, CA",2019-05-01,0,5,5,1,11,43,0
43760,"Sonora, CA",2019-06-01,0,3,0,0,3,46,0
43760,"Sonora, CA",2019-07-01,1,2,2,0,5,51,1
43760,"Sonora, CA",2019-09-01,2,1,1,0,4,55,3
43760,"Sonora, CA",2019-10-01,0,6,2,0,8,63,3
43760,"Sonora, CA",2019-11-01,2,4,0,0,6,69,5
43760,"Sonora, CA",2020-01-01,2,6,1,0,9,78,7
43760,"Sonora, CA",2020-02-01,0,6,1,0,7,85,7
43760,"Sonora, CA",2020-03-01,1,2,1,0,4,89,8
43760,"Sonora, CA",2020-04-01,0,11,2,0,13,102,8
43760,"Sonora, CA",2020-05-01,3,3,1,0,7,109,11
43760,"Sonora, CA",2020-06-01,1,14,4,1,20,129,12
43760,"Sonora, CA",2020-07-01,3,9,6,0,18,147,15
43760,"Sonora, CA",2020-08-01,6,15,5,0,26,173,21
43760,"Sonora, CA",2020-09-01,2,20,6,1,29,202,23
43760,"Sonora, CA",2020-10-01,8,18,8,1,35,237,31
43760,"Sonora, CA",2020-11-01,8,14,5,0,27,264,39
43760,"Sonora, CA",2020-12-01,8,23,2,1,34,298,47
43760,"Sonora, CA",2021-01-01,9,23,5,2,39,337,56
43760,"Sonora, CA",2021-02-01,11,16,6,1,34,371,67
43760,"Sonora, CA",2021-03-01,13,27,5,1,46,417,80
43760,"Sonora, CA",2021-04-01,5,14,8,0,27,444,85
43760,"Sonora, CA",2021-05-01,11,16,2,0,29,473,96
43760,"Sonora, CA",2021-06-01,15,25,6,0,46,519,111
43760,"Sonora, CA",2021-07-01,10,34,5,3,52,571,121
43760,"Sonora, CA",2021-08-01,11,18,21,3,53,624,132
43760,"Sonora, CA",2021-09-01,10,29,8,4,51,675,142
43760,"Sonora, CA",2021-10-01,11,24,7,0,42,717,153
43760,"Sonora, CA",2021-11-01,5,20,4,2,31,748,158
43760,"Sonora, CA",2021-12-01,7,21,6,0,34,782,165
43760,"Sonora, CA",2022-01-01,14,36,7,0,57,839,179
43760,"Sonora, CA",2022-02-01,9,17,12,0,38,877,188
43760,"Sonora, CA",2022-03-01,6,14,7,1,28,905,194
43760,"Sonora, CA",2022-04-01,10,15,8,2,35,940,204
43760,"Sonora, CA",2022-05-01,9,18,10,1,38,978,213
43760,"Sonora, CA",2022-06-01,6,18,4,1,29,1007,219
43760,"Sonora, CA",2022-07-01,6,25,7,0,38,1045,225
43760,"Sonora, CA",2022-08-01,14,37,12,0,63,1108,239
43760,"Sonora, CA",2022-09-01,13,38,14,1,66,1174,252
43760,"Sonora, CA",2022-10-01,11,20,7,0,38,1212,263
43760,"Sonora, CA",2022-11-01,7,30,9,1,47,1259,270
43760,"Sonora, CA",2022-12-01,16,19,12,4,51,1310,286
43760,"Sonora, CA",2023-01-01,12,19,3,2,36,1346,298
43760,"Sonora, CA",2023-02-01,7,19,6,0,32,1378,305
43760,"Sonora, CA",2023-03-01,9,27,9,0,45,1423,314
43760,"Sonora, CA",2023-04-01,13,18,8,1,40,1463,327
43760,"Sonora, CA",2023-05-01,7,21,8,3,39,1502,334
43760,"Sonora, CA",2023-06-01,10,25,3,0,38,1540,344
43760,"Sonora, CA",2023-07-01,15,21,9,2,47,1587,359
43760,"Sonora, CA",2023-08-01,11,26,0,1,38,1625,370
43760,"Sonora, CA",2023-09-01,7,21,5,1,34,1659,377
43760,"Sonora, CA",2023-10-01,13,16,9,0,38,1697,390
43760,"Sonora, CA",2023-11-01,12,27,6,1,46,1743,402
43760,"Sonora, CA",2023-12-01,10,30,9,1,50,1793,412
43760,"Sonora, CA",2024-01-01,11,23,7,2,43,1836,423
43760,"Sonora, CA",2024-02-01,11,41,6,2,60,1896,434
43760,"Sonora, CA",2024-03-01,16,19,10,0,45,1941,450
43760,"Sonora, CA",2024-04-01,22,30,9,2,63,2004,472
43760,"Sonora, CA",2024-05-01,5,26,3,2,36,2040,477
43760,"Sonora, CA",2024-06-01,7,14,6,0,27,2067,484
43760,"Sonora, CA",2024-07-01,8,26,8,2,44,2111,492
43760,"Sonora, CA",2024-08-01,5,18,7,3,33,2144,497
43760,"Sonora, CA",2024-09-01,7,20,6,1,34,2178,504
43760,"Sonora, CA",2024-10-01,8,26,8,0,42,2220,512
43760,"Sonora, CA",2024-11-01,12,25,8,2,47,2267,524
43760,"Sonora, CA",2024-12-01,5,21,4,1,31,2298,529
43760,"Sonora, CA",2025-01-01,10,13,6,1,30,2328,539
43760,"Sonora, CA",2025-02-01,7,19,8,1,35,2363,546
43760,"Sonora, CA",2025-03-01,11,24,7,0,42,2405,557
43760,"Sonora, CA",2025-04-01,5,17,2,1,25,2430,562
43760,"Sonora, CA",2025-05-01,7,35,8,0,50,2480,569
43760,"Sonora, CA",2025-06-01,12,15,8,0,35,2515,581
43760,"Sonora, CA",2025-07-01,15,16,8,2,41,2556,596
43760,"Sonora, CA",2025-08-01,11,8,5,0,24,2580,607
15180,"Brownsville-Harlingen, TX",2019-01-01,0,27,10,0,37,37,0
15180,"Brownsville-Harlingen, TX",2019-02-01,1,27,7,0,35,72,1
15180,"Brownsville-Harlingen, TX",2019-03-01,2,26,8,1,37,109,3
15180,"Brownsville-Harlingen, TX",2019-04-01,2,34,11,0,47,156,5
15180,"Brownsville-Harlingen, TX",2019-05-01,4,41,10,0,55,211,9
15180,"Brownsville-Harlingen, TX",2019-06-01,4,32,3,0,39,250,13
15180,"Brownsville-Harlingen, TX",2019-07-01,0,6,2,0,8,258,13
15180,"Brownsville-Harlingen, TX",2019-08-01,2,19,6,1,28,286,15
15180,"Brownsville-Harlingen, TX",2019-09-01,3,38,6,0,47,333,18
15180,"Brownsville-Harlingen, TX",2019-10-01,5,35,7,0,47,380,23
15180,"Brownsville-Harlingen, TX",2019-11-01,3,21,6,1,31,411,26
15180,"Brownsville-Harlingen, TX",2019-12-01,0,14,5,1,20,431,26
15180,"Brownsville-Harlingen, TX",2020-01-01,3,22,5,0,30,461,29
15180,"Brownsville-Harlingen, TX",2020-02-01,5,18,4,1,28,489,34
15180,"Brownsville-Harlingen, TX",2020-03-01,11,65,24,6,106,595,45
15180,"Brownsville-Harlingen, TX",2020-04-01,57,197,46,9,309,904,102
15180,"Brownsville-Harlingen, TX",2020-05-01,21,74,10,2,107,1011,123
15180,"Brownsville-Harlingen, TX",2020-06-01,13,53,4,0,70,1081,136
15180,"Brownsville-Harlingen, TX",2020-07-01,48,178,29,3,258,1339,184
15180,"Brownsville-Harlingen, TX",2020-08-01,51,146,18,2,217,1556,235
15180,"Brownsville-Harlingen, TX",2020-09-01,42,136,17,2,197,1753,277
15180,"Brownsville-Harlingen, TX",2020-10-01,7,36,7,0,50,1803,284
15180,"Brownsville-Harlingen, TX",2020-11-01,10,31,4,1,46,1849,294
15180,"Brownsville-Harlingen, TX",2020-12-01,7,32,9,1,49,1898,301
15180,"Brownsville-Harlingen, TX",2021-01-01,32,107,17,0,156,2054,333
15180,"Brownsville-Harlingen, TX",2021-02-01,34,76,17,2,129,2183,367
15180,"Brownsville-Harlingen, TX",2021-03-01,111,252,33,2,398,2581,478
15180,"Brownsville-Harlingen, TX",2021-04-01,63,129,29,0,221,2802,541
15180,"Brownsville-Harlingen, TX",2021-05-01,45,104,15,3,167,2969,586
15180,"Brownsville-Harlingen, TX",2021-06-01,16,60,10,0,86,3055,602
15180,"Brownsville-Harlingen, TX",2021-07-01,6,34,6,1,47,3102,608
15180,"Brownsville-Harlingen, TX",2021-08-01,11,75,14,1,101,3203,619
15180,"Brownsville-Harlingen, TX",2021-09-01,17,59,12,1,89,3292,636
15180,"Brownsville-Harlingen, TX",2021-10-01,6,37,2,0,45,3337,642
15180,"Brownsville-Harlingen, TX",2021-11-01,8,27,6,0,41,3378,650
15180,"Brownsville-Harlingen, TX",2021-12-01,33,127,14,1,175,3553,683
15180,"Brownsville-Harlingen, TX",2022-01-01,103,221,43,8,375,3928,786
15180,"Brownsville-Harlingen, TX",2022-02-01,28,41,13,0,82,4010,814
15180,"Brownsville-Harlingen, TX",2022-03-01,75,144,38,0,257,4267,889
15180,"Brownsville-Harlingen, TX",2022-04-01,45,141,24,1,211,4478,934
15180,"Brownsville-Harlingen, TX",2022-05-01,31,56,14,2,103,4581,965
15180,"Brownsville-Harlingen, TX",2022-06-01,34,64,16,0,114,4695,999
15180,"Brownsville-Harlingen, TX",2022-07-01,17,36,3,0,56,4751,1016
15180,"Brownsville-Harlingen, TX",2022-08-01,39,95,9,0,143,4894,1055
15180,"Brownsville-Harlingen, TX",2022-09-01,29,73,16,0,118,5012,1084
15180,"Brownsville-Harlingen, TX",2022-10-01,24,61,16,1,102,5114,1108
15180,"Brownsville-Harlingen, TX",2022-11-01,68,158,41,2,269,5383,1176
15180,"Brownsville-Harlingen, TX",2022-12-01,105,168,22,4,299,5682,1281
15180,"Brownsville-Harlingen, TX",2023-01-01,41,102,28,1,172,5854,1322
15180,"Brownsville-Harlingen, TX",2023-02-01,79,117,27,4,227,6081,1401
15180,"Brownsville-Harlingen, TX",2023-03-01,145,218,50,3,416,6497,1546
15180,"Brownsville-Harlingen, TX",2023-04-01,91,146,27,2,266,6763,1637
15180,"Brownsville-Harlingen, TX",2023-05-01,45,49,16,0,110,6873,1682
15180,"Brownsville-Harlingen, TX",2023-06-01,22,34,8,0,64,6937,1704
15180,"Brownsville-Harlingen, TX",2023-07-01,19,20,10,1,50,6987,1723
15180,"Brownsville-Harlingen, TX",2023-08-01,26,20,4,2,52,7039,1749
15180,"Brownsville-Harlingen, TX",2023-09-01,38,88,21,0,147,7186,1787
15180,"Brownsville-Harlingen, TX",2023-10-01,20,42,10,0,72,7258,1807
15180,"Brownsville-Harlingen, TX",2023-11-01,44,106,26,1,177,7435,1851
15180,"Brownsville-Harlingen, TX",2023-12-01,128,127,34,2,291,7726,1979
15180,"Brownsville-Harlingen, TX",2024-01-01,117,162,38,5,322,8048,2096
15180,"Brownsville-Harlingen, TX",2024-02-01,104,122,23,1,250,8298,2200
15180,"Brownsville-Harlingen, TX",2024-03-01,145,178,31,4,358,8656,2345
15180,"Brownsville-Harlingen, TX",2024-04-01,141,185,35,3,364,9020,2486
15180,"Brownsville-Harlingen, TX",2024-05-01,161,167,44,2,374,9394,2647
15180,"Brownsville-Harlingen, TX",2024-06-01,75,112,23,3,213,9607,2722
15180,"Brownsville-Harlingen, TX",2024-07-01,42,52,10,1,105,9712,2764
15180,"Brownsville-Harlingen, TX",2024-08-01,21,41,5,0,67,9779,2785
15180,"Brownsville-Harlingen, TX",2024-09-01,40,74,15,1,130,9909,2825
15180,"Brownsville-Harlingen, TX",2024-10-01,132,217,48,2,399,10308,2957
15180,"Brownsville-Harlingen, TX",2024-11-01,91,165,37,4,297,10605,3048
15180,"Brownsville-Harlingen, TX",2024-12-01,137,158,39,2,336,10941,3185
15180,"Brownsville-Harlingen, TX",2025-01-01,134,167,33,7,341,11282,3319
15180,"Brownsville-Harlingen, TX",2025-02-01,138,146,39,1,324,11606,3457
15180,"Brownsville-Harlingen, TX",2025-03-01,186,189,42,1,418,12024,3643
15180,"Brownsville-Harlingen, TX",2025-04-01,190,191,41,3,425,12449,3833
15180,"Brownsville-Harlingen, TX",2025-05-01,120,153,38,2,313,12762,3953
15180,"Brownsville-Harlingen, TX",2025-06-01,77,102,20,0,199,12961,4030
15180,"Brownsville-Harlingen, TX",2025-07-01,35,66,11,0,112,13073,4065
15180,"Brownsville-Harlingen, TX",2025-08-01,126,170,49,2,347,13420,4191
15180,"Brownsville-Harlingen, TX",2025-09-01,6,7,2,0,15,13435,4197
37900,"Peoria, IL",2019-01-01,2,31,13,0,46,46,2
37900,"Peoria, IL",2019-02-01,2,31,7,1,41,87,4
37900,"Peoria, IL",2019-03-01,1,55,10,2,68,155,5
37900,"Peoria, IL",2019-04-01,5,42,15,3,65,220,10
37900,"Peoria, IL",2019-05-01,3,67,8,3,81,301,13
37900,"Peoria, IL",2019-06-01,0,20,5,0,25,326,13
37900,"Peoria, IL",2019-07-01,3,51,10,1,65,391,16
37900,"Peoria, IL",2019-08-01,1,17,1,0,19,410,17
37900,"Peoria, IL",2019-09-01,4,42,10,0,56,466,21
37900,"Peoria, IL",2019-10-01,6,49,10,2,67,533,27
37900,"Peoria, IL",2019-11-01,2,54,12,0,68,601,29
37900,"Peoria, IL",2019-12-01,6,41,12,1,60,661,35
37900,"Peoria, IL",2020-01-01,9,36,12,3,60,721,44
37900,"Peoria, IL",2020-02-01,7,36,14,0,57,778,51
37900,"Peoria, IL",2020-03-01,10,76,19,0,105,883,61
37900,"Peoria, IL",2020-04-01,23,137,14,2,176,1059,84
37900,"Peoria, IL",2020-05-01,82,239,32,2,355,1414,166
37900,"Peoria, IL",2020-06-01,58,89,16,3,166,1580,224
37900,"Peoria, IL",2020-07-01,51,129,20,1,201,1781,275
37900,"Peoria, IL",2020-08-01,55,199,29,1,284,2065,330
37900,"Peoria, IL",2020-09-01,51,150,27,2,230,2295,381
37900,"Peoria, IL",2020-10-01,40,132,18,3,193,2488,421
37900,"Peoria, IL",2020-11-01,19,46,9,3,77,2565,440
37900,"Peoria, IL",2020-12-01,23,38,11,1,73,2638,463
37900,"Peoria, IL",2021-01-01,76,176,29,1,282,2920,539
37900,"Peoria, IL",2021-02-01,92,183,36,1,312,3232,631
37900,"Peoria, IL",2021-03-01,106,238,30,3,377,3609,737
37900,"Peoria, IL",2021-04-01,111,220,51,6,388,3997,848
37900,"Peoria, IL",2021-05-01,34,108,18,1,161,4158,882
37900,"Peoria, IL",2021-06-01,45,96,15,1,157,4315,927
37900,"Peoria, IL",2021-07-01,11,78,12,2,103,4418,938
37900,"Peoria, IL",2021-08-01,47,144,27,5,223,4641,985
37900,"Peoria, IL",2021-09-01,56,155,32,0,243,4884,1041
37900,"Peoria, IL",2021-10-01,27,87,23,2,139,5023,1068
37900,"Peoria, IL",2021-11-01,27,67,13,1,108,5131,1095
37900,"Peoria, IL",2021-12-01,78,129,37,2,246,5377,1173
37900,"Peoria, IL",2022-01-01,110,193,51,1,355,5732,1283
37900,"Peoria, IL",2022-02-01,82,154,33,4,273,6005,1365
37900,"Peoria, IL",2022-03-01,109,199,37,3,348,6353,1474
37900,"Peoria, IL",2022-04-01,47,120,20,2,189,6542,1521
37900,"Peoria, IL",2022-05-01,28,57,19,2,106,6648,1549
37900,"Peoria, IL",2022-06-01,18,36,7,2,63,6711,1567
37900,"Peoria, IL",2022-07-01,21,51,14,1,87,6798,1588
37900,"Peoria, IL",2022-08-01,25,56,18,0,99,6897,1613
37900,"Peoria, IL",2022-09-01,71,159,42,3,275,7172,1684
37900,"Peoria, IL",2022-10-01,60,116,47,3,226,7398,1744
37900,"Peoria, IL",2022-11-01,67,124,32,6,229,7627,1811
37900,"Peoria, IL",2022-12-01,80,108,36,4,228,7855,1891
37900,"Peoria, IL",2023-01-01,111,162,37,5,315,8170,2002
37900,"Peoria, IL",2023-02-01,80,128,43,3,254,8424,2082
37900,"Peoria, IL",2023-03-01,115,206,67,2,390,8814,2197
37900,"Peoria, IL",2023-04-01,74,175,45,6,300,9114,2271
37900,"Peoria, IL",2023-05-01,24,68,9,0,101,9215,2295
37900,"Peoria, IL",2023-06-01,30,58,9,0,97,9312,2325
37900,"Peoria, IL",2023-07-01,31,59,12,0,102,9414,2356
37900,"Peoria, IL",2023-08-01,47,51,23,1,122,9536,2403
37900,"Peoria, IL",2023-09-01,87,138,36,2,263,9799,2490
37900,"Peoria, IL",2023-10-01,75,114,29,1,219,10018,2565
37900,"Peoria, IL",2023-11-01,84,146,40,1,271,10289,2649
37900,"Peoria, IL",2023-12-01,94,135,38,2,269,10558,2743
37900,"Peoria, IL",2024-01-01,112,138,45,3,298,10856,2855
37900,"Peoria, IL",2024-02-01,98,127,32,5,262,11118,2953
37900,"Peoria, IL",2024-03-01,118,158,41,3,320,11438,3071
37900,"Peoria, IL",2024-04-01,112,132,41,4,289,11727,3183
37900,"Peoria, IL",2024-05-01,102,150,35,1,288,12015,3285
37900,"Peoria, IL",2024-06-01,70,98,23,0,191,12206,3355
37900,"Peoria, IL",2024-07-01,37,56,25,1,119,12325,3392
37900,"Peoria, IL",2024-08-01,31,51,16,2,100,12425,3423
37900,"Peoria, IL",2024-09-01,90,82,32,3,207,12632,3513
37900,"Peoria, IL",2024-10-01,113,140,28,2,283,12915,3626
37900,"Peoria, IL",2024-11-01,73,110,35,1,219,13134,3699
37900,"Peoria, IL",2024-12-01,86,121,36,1,244,13378,3785
37900,"Peoria, IL",2025-01-01,103,122,40,6,271,13649,3888
37900,"Peoria, IL",2025-02-01,103,127,37,2,269,13918,3991
37900,"Peoria, IL",2025-03-01,102,131,39,5,277,14195,4093
37900,"Peoria, IL",2025-04-01,112,128,36,4,280,14475,4205
37900,"Peoria, IL",2025-05-01,127,96,44,4,271,14746,4332
37900,"Peoria, IL",2025-06-01,99,110,33,6,248,14994,4431
37900,"Peoria, IL",2025-07-01,94,86,29,2,211,15205,4525
37900,"Peoria, IL",2025-08-01,91,99,22,3,215,15420,4616
37900,"Peoria, IL",2025-09-01,0,2,0,0,2,15422,4616
33500,"Minot, ND",2019-01-01,1,1,0,0,2,2,1
33500,"Minot, ND",2019-02-01,0,3,0,0,3,5,1
33500,"Minot, ND",2019-03-01,0,6,1,0,7,12,1
33500,"Minot, ND",2019-04-01,2,2,1,0,5,17,3
33500,"Minot, ND",2019-05-01,0,7,1,0,8,25,3
33500,"Minot, ND",2019-06-01,3,12,3,0,18,43,6
33500,"Minot, ND",2019-07-01,1,12,3,0,16,59,7
33500,"Minot, ND",2019-08-01,3,15,0,0,18,77,10
33500,"Minot, ND",2019-09-01,2,16,3,1,22,99,12
33500,"Minot, ND",2019-10-01,1,17,1,0,19,118,13
33500,"Minot, ND",2019-11-01,3,24,6,0,33,151,16
33500,"Minot, ND",2019-12-01,1,28,2,0,31,182,17
33500,"Minot, ND",2020-01-01,4,15,6,0,25,207,21
33500,"Minot, ND",2020-02-01,5,18,2,0,25,232,26
33500,"Minot, ND",2020-03-01,5,32,4,1,42,274,31
33500,"Minot, ND",2020-04-01,19,43,8,0,70,344,50
33500,"Minot, ND",2020-05-01,13,58,11,0,82,426,63
33500,"Minot, ND",2020-06-01,15,61,5,1,82,508,78
33500,"Minot, ND",2020-07-01,17,58,2,0,77,585,95
33500,"Minot, ND",2020-08-01,25,68,5,1,99,684,120
33500,"Minot, ND",2020-09-01,8,72,4,0,84,768,128
33500,"Minot, ND",2020-10-01,14,61,4,1,80,848,142
33500,"Minot, ND",2020-11-01,11,48,4,0,63,911,153
33500,"Minot, ND",2020-12-01,10,42,3,0,55,966,163
33500,"Minot, ND",2021-01-01,24,46,8,0,78,1044,187
33500,"Minot, ND",2021-02-01,23,52,4,0,79,1123,210
33500,"Minot, ND",2021-03-01,35,60,5,2,102,1225,245
33500,"Minot, ND",2021-04-01,25,33,8,0,66,1291,270
33500,"Minot, ND",2021-05-01,16,63,8,0,87,1378,286
33500,"Minot, ND",2021-06-01,12,34,6,0,52,1430,298
33500,"Minot, ND",2021-07-01,12,51,2,1,66,1496,310
33500,"Minot, ND",2021-08-01,12,34,3,2,51,1547,322
33500,"Minot, ND",2021-09-01,21,47,7,0,75,1622,343
33500,"Minot, ND",2021-10-01,13,42,10,0,65,1687,356
33500,"Minot, ND",2021-11-01,20,35,5,0,60,1747,376
33500,"Minot, ND",2021-12-01,16,29,7,0,52,1799,392
33500,"Minot, ND",2022-01-01,39,54,15,2,110,1909,431
33500,"Minot, ND",2022-02-01,23,49,11,2,85,1994,454
33500,"Minot, ND",2022-03-01,23,35,6,0,64,2058,477
33500,"Minot, ND",2022-04-01,23,36,5,0,64,2122,500
33500,"Minot, ND",2022-05-01,21,40,4,0,65,2187,521
33500,"Minot, ND",2022-06-01,20,39,4,0,63,2250,541
33500,"Minot, ND",2022-07-01,22,44,3,1,70,2320,563
33500,"Minot, ND",2022-08-01,24,51,14,1,90,2410,587
33500,"Minot, ND",2022-09-01,28,45,7,0,80,2490,615
33500,"Minot, ND",2022-10-01,30,38,1,0,69,2559,645
33500,"Minot, ND",2022-11-01,31,47,3,3,84,2643,676
33500,"Minot, ND",2022-12-01,30,33,4,0,67,2710,706
33500,"Minot, ND",2023-01-01,44,46,9,0,99,2809,750
33500,"Minot, ND",2023-02-01,34,37,15,0,86,2895,784
33500,"Minot, ND",2023-03-01,47,73,19,2,141,3036,831
33500,"Minot, ND",2023-04-01,37,41,3,2,83,3119,868
33500,"Minot, ND",2023-05-01,28,32,7,0,67,3186,896
33500,"Minot, ND",2023-06-01,21,22,1,0,44,3230,917
33500,"Minot, ND",2023-07-01,31,34,6,0,71,3301,948
33500,"Minot, ND",2023-08-01,26,29,5,0,60,3361,974
33500,"Minot, ND",2023-09-01,27,45,7,1,80,3441,1001
33500,"Minot, ND",2023-10-01,27,47,5,2,81,3522,1028
33500,"Minot, ND",2023-11-01,52,31,9,3,95,3617,1080
33500,"Minot, ND",2023-12-01,33,41,8,1,83,3700,1113
33500,"Minot, ND",2024-01-01,43,38,15,0,96,3796,1156
33500,"Minot, ND",2024-02-01,36,27,9,1,73,3869,1192
33500,"Minot, ND",2024-03-01,36,41,10,0,87,3956,1228
33500,"Minot, ND",2024-04-01,24,32,11,1,68,4024,1252
33500,"Minot, ND",2024-05-01,46,36,8,0,90,4114,1298
33500,"Minot, ND",2024-06-01,39,44,7,0,90,4204,1337
33500,"Minot, ND",2024-07-01,35,35,5,1,76,4280,1372
33500,"Minot, ND",2024-08-01,24,52,7,1,84,4364,1396
33500,"Minot, ND",2024-09-01,23,35,4,1,63,4427,1419
33500,"Minot, ND",2024-10-01,44,36,4,0,84,4511,1463
33500,"Minot, ND",2024-11-01,38,35,7,0,80,4591,1501
33500,"Minot, ND",2024-12-01,36,42,7,1,86,4677,1537
33500,"Minot, ND",2025-01-01,48,41,5,0,94,4771,1585
33500,"Minot, ND",2025-02-01,43,31,6,0,80,4851,1628
33500,"Minot, ND",2025-03-01,47,40,4,0,91,4942,1675
33500,"Minot, ND",2025-04-01,32,32,5,0,69,5011,1707
33500,"Minot, ND",2025-05-01,47,37,11,0,95,5106,1754
33500,"Minot, ND",2025-06-01,51,26,12,2,91,5197,1805
33500,"Minot, ND",2025-07-01,68,23,6,2,99,5296,1873
33500,"Minot, ND",2025-08-01,37,35,4,0,76,5372,1910
33500,"Minot, ND",2025-09-01,2,1,1,0,4,5376,1912
29200,"Lafayette-West Lafayette, IN",2019-01-01,5,33,6,1,45,45,5
29200,"Lafayette-West Lafayette, IN",2019-02-01,2,43,7,0,52,97,7
29200,"Lafayette-West Lafayette, IN",2019-03-01,4,44,9,0,57,154,11
29200,"Lafayette-West Lafayette, IN",2019-04-01,2,46,9,1,58,212,13
29200,"Lafayette-West Lafayette, IN",2019-05-01,5,66,7,1,79,291,18
29200,"Lafayette-West Lafayette, IN",2019-06-01,4,58,3,1,66,357,22
29200,"Lafayette-West Lafayette, IN",2019-07-01,8,41,8,1,58,415,30
29200,"Lafayette-West Lafayette, IN",2019-08-01,5,52,10,0,67,482,35
29200,"Lafayette-West Lafayette, IN",2019-09-01,8,61,7,1,77,559,43
29200,"Lafayette-West Lafayette, IN",2019-10-01,16,68,12,0,96,655,59
29200,"Lafayette-West Lafayette, IN",2019-11-01,9,83,15,1,108,763,68
29200,"Lafayette-West Lafayette, IN",2019-12-01,13,74,16,0,103,866,81
29200,"Lafayette-West Lafayette, IN",2020-01-01,11,66,14,1,92,958,92
29200,"Lafayette-West Lafayette, IN",2020-02-01,15,74,7,1,97,1055,107
29200,"Lafayette-West Lafayette, IN",2020-03-01,19,120,24,0,163,1218,126
29200,"Lafayette-West Lafayette, IN",2020-04-01,59,114,16,3,192,1410,185
29200,"Lafayette-West Lafayette, IN",2020-05-01,129,250,36,4,419,1829,314
29200,"Lafayette-West Lafayette, IN",2020-06-01,73,160,20,4,257,2086,387
29200,"Lafayette-West Lafayette, IN",2020-07-01,87,188,26,5,306,2392,474
29200,"Lafayette-West Lafayette, IN",2020-08-01,80,236,25,2,343,2735,554
29200,"Lafayette-West Lafayette, IN",2020-09-01,91,195,22,2,310,3045,645
29200,"Lafayette-West Lafayette, IN",2020-10-01,74,178,32,2,286,3331,719
29200,"Lafayette-West Lafayette, IN",2020-11-01,57,133,24,2,216,3547,776
29200,"Lafayette-West Lafayette, IN",2020-12-01,73,106,17,0,196,3743,849
29200,"Lafayette-West Lafayette, IN",2021-01-01,131,167,29,0,327,4070,980
29200,"Lafayette-West Lafayette, IN",2021-02-01,104,205,28,2,339,4409,1084
29200,"Lafayette-West Lafayette, IN",2021-03-01,139,231,44,3,417,4826,1223
29200,"Lafayette-West Lafayette, IN",2021-04-01,119,213,41,4,377,5203,1342
29200,"Lafayette-West Lafayette, IN",2021-05-01,143,185,32,0,360,5563,1485
29200,"Lafayette-West Lafayette, IN",2021-06-01,71,132,20,1,224,5787,1556
29200,"Lafayette-West Lafayette, IN",2021-07-01,79,142,36,4,261,6048,1635
29200,"Lafayette-West Lafayette, IN",2021-08-01,92,208,47,4,351,6399,1727
29200,"Lafayette-West Lafayette, IN",2021-09-01,101,249,51,3,404,6803,1828
29200,"Lafayette-West Lafayette, IN",2021-10-01,88,175,41,4,308,7111,1916
29200,"Lafayette-West Lafayette, IN",2021-11-01,69,143,33,3,248,7359,1985
29200,"Lafayette-West Lafayette, IN",2021-12-01,134,173,40,3,350,7709,2119
29200,"Lafayette-West Lafayette, IN",2022-01-01,150,205,54,4,413,8122,2269
29200,"Lafayette-West Lafayette, IN",2022-02-01,142,161,30,5,338,8460,2411
29200,"Lafayette-West Lafayette, IN",2022-03-01,116,167,40,5,328,8788,2527
29200,"Lafayette-West Lafayette, IN",2022-04-01,86,166,35,6,293,9081,2613
29200,"Lafayette-West Lafayette, IN",2022-05-01,111,150,30,2,293,9374,2724
29200,"Lafayette-West Lafayette, IN",2022-06-01,73,74,25,1,173,9547,2797
29200,"Lafayette-West Lafayette, IN",2022-07-01,82,111,24,4,221,9768,2879
29200,"Lafayette-West Lafayette, IN",2022-08-01,111,143,31,8,293,10061,2990
29200,"Lafayette-West Lafayette, IN",2022-09-01,99,152,34,1,286,10347,3089
29200,"Lafayette-West Lafayette, IN",2022-10-01,104,136,31,3,274,10621,3193
29200,"Lafayette-West Lafayette, IN",2022-11-01,110,114,34,1,259,10880,3303
29200,"Lafayette-West Lafayette, IN",2022-12-01,124,124,23,2,273,11153,3427
29200,"Lafayette-West Lafayette, IN",2023-01-01,142,138,39,6,325,11478,3569
29200,"Lafayette-West Lafayette, IN",2023-02-01,151,126,36,1,314,11792,3720
29200,"Lafayette-West Lafayette, IN",2023-03-01,171,148,39,3,361,12153,3891
29200,"Lafayette-West Lafayette, IN",2023-04-01,118,137,27,7,289,12442,4009
29200,"Lafayette-West Lafayette, IN",2023-05-01,92,84,22,5,203,12645,4101
29200,"Lafayette-West Lafayette, IN",2023-06-01,55,59,12,1,127,12772,4156
29200,"Lafayette-West Lafayette, IN",2023-07-01,43,61,14,0,118,12890,4199
29200,"Lafayette-West Lafayette, IN",2023-08-01,94,91,23,0,208,13098,4293
29200,"Lafayette-West Lafayette, IN",2023-09-01,122,97,40,2,261,13359,4415
29200,"Lafayette-West Lafayette, IN",2023-10-01,131,140,41,5,317,13676,4546
29200,"Lafayette-West Lafayette, IN",2023-11-01,137,142,25,0,304,13980,4683
29200,"Lafayette-West Lafayette, IN",2023-12-01,130,105,36,0,271,14251,4813
29200,"Lafayette-West Lafayette, IN",2024-01-01,146,130,40,4,320,14571,4959
29200,"Lafayette-West Lafayette, IN",2024-02-01,126,111,31,3,271,14842,5085
29200,"Lafayette-West Lafayette, IN",2024-03-01,155,122,36,3,316,15158,5240
29200,"Lafayette-West Lafayette, IN",2024-04-01,140,106,31,2,279,15437,5380
29200,"Lafayette-West Lafayette, IN",2024-05-01,108,116,23,2,249,15686,5488
29200,"Lafayette-West Lafayette, IN",2024-06-01,48,79,14,3,144,15830,5536
29200,"Lafayette-West Lafayette, IN",2024-07-01,52,60,7,3,122,15952,5588
29200,"Lafayette-West Lafayette, IN",2024-08-01,86,97,26,1,210,16162,5674
29200,"Lafayette-West Lafayette, IN",2024-09-01,148,139,30,1,318,16480,5822
29200,"Lafayette-West Lafayette, IN",2024-10-01,128,129,37,3,297,16777,5950
29200,"Lafayette-West Lafayette, IN",2024-11-01,155,138,34,5,332,17109,6105
29200,"Lafayette-West Lafayette, IN",2024-12-01,178,138,25,6,347,17456,6283
29200,"Lafayette-West Lafayette, IN",2025-01-01,144,127,31,2,304,17760,6427
29200,"Lafayette-West Lafayette, IN",2025-02-01,184,88,30,2,304,18064,6611
29200,"Lafayette-West Lafayette, IN",2025-03-01,185,112,29,2,328,18392,6796
29200,"Lafayette-West Lafayette, IN",2025-04-01,166,122,37,6,331,18723,6962
29200,"Lafayette-West Lafayette, IN",2025-05-01,169,124,15,2,310,19033,7131
29200,"Lafayette-West Lafayette, IN",2025-06-01,119,84,32,4,239,19272,7250
29200,"Lafayette-West Lafayette, IN",2025-07-01,118,86,27,2,233,19505,7368
29200,"Lafayette-West Lafayette, IN",2025-08-01,117,111,21,3,252,19757,7485
29200,"Lafayette-West Lafayette, IN",2025-09-01,2,3,2,0,7,19764,7487
17060,"Chillicothe, OH",2019-01-01,0,1,1,0,2,2,0
17060,"Chillicothe, OH",2019-02-01,0,5,0,0,5,7,0
17060,"Chillicothe, OH",2019-03-01,0,7,4,1,12,19,0
17060,"Chillicothe, OH",2019-04-01,0,6,1,0,7,26,0
17060,"Chillicothe, OH",2019-05-01,0,12,3,0,15,41,0
17060,"Chillicothe, OH",2019-06-01,2,21,7,1,31,72,2
17060,"Chillicothe, OH",2019-07-01,4,32,10,0,46,118,6
17060,"Chillicothe, OH",2019-08-01,2,14,5,1,22,140,8
17060,"Chillicothe, OH",2019-09-01,6,28,4,0,38,178,14
17060,"Chillicothe, OH",2019-10-01,3,22,6,0,31,209,17
17060,"Chillicothe, OH",2019-11-01,2,23,6,0,31,240,19
17060,"Chillicothe, OH",2019-12-01,2,18,2,0,22,262,21
17060,"Chillicothe, OH",2020-01-01,1,13,4,0,18,280,22
17060,"Chillicothe, OH",2020-02-01,4,17,6,1,28,308,26
17060,"Chillicothe, OH",2020-03-01,6,28,7,0,41,349,32
17060,"Chillicothe, OH",2020-04-01,24,39,16,1,80,429,56
17060,"Chillicothe, OH",2020-05-01,19,55,12,0,86,515,75
17060,"Chillicothe, OH",2020-06-01,18,50,6,1,75,590,93
17060,"Chillicothe, OH",2020-07-01,12,47,9,1,69,659,105
17060,"Chillicothe, OH",2020-08-01,14,42,12,0,68,727,119
17060,"Chillicothe, OH",2020-09-01,13,37,6,0,56,783,132
17060,"Chillicothe, OH",2020-10-01,14,35,6,0,55,838,146
17060,"Chillicothe, OH",2020-11-01,9,29,10,2,50,888,155
17060,"Chillicothe, OH",2020-12-01,12,53,7,2,74,962,167
17060,"Chillicothe, OH",2021-01-01,32,56,10,0,98,1060,199
17060,"Chillicothe, OH",2021-02-01,24,36,12,1,73,1133,223
17060,"Chillicothe, OH",2021-03-01,18,39,18,3,78,1211,241
17060,"Chillicothe, OH",2021-04-01,25,78,11,2,116,1327,266
17060,"Chillicothe, OH",2021-05-01,31,69,18,2,120,1447,297
17060,"Chillicothe, OH",2021-06-01,22,67,17,0,106,1553,319
17060,"Chillicothe, OH",2021-07-01,26,54,21,2,103,1656,345
17060,"Chillicothe, OH",2021-08-01,9,47,13,1,70,1726,354
17060,"Chillicothe, OH",2021-09-01,20,60,23,0,103,1829,374
17060,"Chillicothe, OH",2021-10-01,14,69,15,1,99,1928,388
17060,"Chillicothe, OH",2021-11-01,17,47,17,0,81,2009,405
17060,"Chillicothe, OH",2021-12-01,35,50,16,4,105,2114,440
17060,"Chillicothe, OH",2022-01-01,37,82,23,3,145,2259,477
17060,"Chillicothe, OH",2022-02-01,26,42,21,2,91,2350,503
17060,"Chillicothe, OH",2022-03-01,28,71,22,0,121,2471,531
17060,"Chillicothe, OH",2022-04-01,14,68,10,1,93,2564,545
17060,"Chillicothe, OH",2022-05-01,22,53,12,1,88,2652,567
17060,"Chillicothe, OH",2022-06-01,23,39,16,0,78,2730,590
17060,"Chillicothe, OH",2022-07-01,24,44,14,0,82,2812,614
17060,"Chillicothe, OH",2022-08-01,15,36,13,1,65,2877,629
17060,"Chillicothe, OH",2022-09-01,28,59,20,2,109,2986,657
17060,"Chillicothe, OH",2022-10-01,26,47,13,1,87,3073,683
17060,"Chillicothe, OH",2022-11-01,23,39,18,0,80,3153,706
17060,"Chillicothe, OH",2022-12-01,23,40,8,3,74,3227,729
17060,"Chillicothe, OH",2023-01-01,21,54,17,2,94,3321,750
17060,"Chillicothe, OH",2023-02-01,19,39,15,2,75,3396,769
17060,"Chillicothe, OH",2023-03-01,31,55,24,1,111,3507,800
17060,"Chillicothe, OH",2023-04-01,26,45,9,2,82,3589,826
17060,"Chillicothe, OH",2023-05-01,25,33,6,1,65,3654,851
17060,"Chillicothe, OH",2023-06-01,26,35,14,1,76,3730,877
17060,"Chillicothe, OH",2023-07-01,22,40,18,1,81,3811,899
17060,"Chillicothe, OH",2023-08-01,16,33,6,0,55,3866,915
17060,"Chillicothe, OH",2023-09-01,20,28,10,1,59,3925,935
17060,"Chillicothe, OH",2023-10-01,20,36,26,3,85,4010,955
17060,"Chillicothe, OH",2023-11-01,45,49,16,3,113,4123,1000
17060,"Chillicothe, OH",2023-12-01,39,54,14,2,109,4232,1039
17060,"Chillicothe, OH",2024-01-01,37,50,12,0,99,4331,1076
17060,"Chillicothe, OH",2024-02-01,30,52,19,1,102,4433,1106
17060,"Chillicothe, OH",2024-03-01,39,64,15,2,120,4553,1145
17060,"Chillicothe, OH",2024-04-01,23,27,12,1,63,4616,1168
17060,"Chillicothe, OH",2024-05-01,20,36,7,2,65,4681,1188
17060,"Chillicothe, OH",2024-06-01,29,29,8,1,67,4748,1217
17060,"Chillicothe, OH",2024-07-01,13,23,10,0,46,4794,1230
17060,"Chillicothe, OH",2024-08-01,8,21,7,0,36,4830,1238
17060,"Chillicothe, OH",2024-09-01,16,26,8,0,50,4880,1254
17060,"Chillicothe, OH",2024-10-01,37,43,19,1,100,4980,1291
17060,"Chillicothe, OH",2024-11-01,41,31,20,1,93,5073,1332
17060,"Chillicothe, OH",2024-12-01,52,47,15,2,116,5189,1384
17060,"Chillicothe, OH",2025-01-01,45,49,13,2,109,5298,1429
17060,"Chillicothe, OH",2025-02-01,42,41,17,1,101,5399,1471
17060,"Chillicothe, OH",2025-03-01,63,53,23,1,140,5539,1534
17060,"Chillicothe, OH",2025-04-01,48,34,16,2,100,5639,1582
17060,"Chillicothe, OH",2025-05-01,52,44,19,7,122,5761,1634
17060,"Chillicothe, OH",2025-06-01,48,46,22,1,117,5878,1682
17060,"Chillicothe, OH",2025-07-01,43,51,15,3,112,5990,1725
17060,"Chillicothe, OH",2025-08-01,27,31,10,2,70,6060,1752
28450,"Kenosha, WI",2019-01-01,1,58,21,2,82,82,1
28450,"Kenosha, WI",2019-02-01,2,70,15,3,90,172,3
28450,"Kenosha, WI",2019-03-01,4,91,20,0,115,287,7
28450,"Kenosha, WI",2019-04-01,3,70,21,0,94,381,10
28450,"Kenosha, WI",2019-05-01,4,59,20,2,85,466,14
28450,"Kenosha, WI",2019-06-01,6,53,13,1,73,539,20
28450,"Kenosha, WI",2019-07-01,3,56,14,1,74,613,23
28450,"Kenosha, WI",2019-08-01,7,54,17,0,78,691,30
28450,"Kenosha, WI",2019-09-01,7,74,13,0,94,785,37
28450,"Kenosha, WI",2019-10-01,9,50,15,1,75,860,46
28450,"Kenosha, WI",2019-11-01,8,78,22,3,111,971,54
28450,"Kenosha, WI",2019-12-01,7,47,6,0,60,1031,61
28450,"Kenosha, WI",2020-01-01,16,72,15,0,103,1134,77
28450,"Kenosha, WI",2020-02-01,15,62,24,0,101,1235,92
28450,"Kenosha, WI",2020-03-01,13,77,22,7,119,1354,105
28450,"Kenosha, WI",2020-04-01,85,167,48,4,304,1658,190
28450,"Kenosha, WI",2020-05-01,88,163,38,3,292,1950,278
28450,"Kenosha, WI",2020-06-01,68,128,14,4,214,2164,346
28450,"Kenosha, WI",2020-07-01,63,202,30,6,301,2465,409
28450,"Kenosha, WI",2020-08-01,57,151,43,2,253,2718,466
28450,"Kenosha, WI",2020-09-01,45,144,34,4,227,2945,511
28450,"Kenosha, WI",2020-10-01,45,157,36,4,242,3187,556
28450,"Kenosha, WI",2020-11-01,40,97,31,0,168,3355,596
28450,"Kenosha, WI",2020-12-01,43,89,14,3,149,3504,639
28450,"Kenosha, WI",2021-01-01,88,193,49,4,334,3838,727
28450,"Kenosha, WI",2021-02-01,86,156,38,2,282,4120,813
28450,"Kenosha, WI",2021-03-01,77,185,45,4,311,4431,890
28450,"Kenosha, WI",2021-04-01,90,173,36,9,308,4739,980
28450,"Kenosha, WI",2021-05-01,92,217,46,7,362,5101,1072
28450,"Kenosha, WI",2021-06-01,95,218,39,3,355,5456,1167
28450,"Kenosha, WI",2021-07-01,68,196,53,3,320,5776,1235
28450,"Kenosha, WI",2021-08-01,64,191,53,8,316,6092,1299
28450,"Kenosha, WI",2021-09-01,59,164,65,6,294,6386,1358
28450,"Kenosha, WI",2021-10-01,52,167,44,4,267,6653,1410
28450,"Kenosha, WI",2021-11-01,75,168,56,2,301,6954,1485
28450,"Kenosha, WI",2021-12-01,101,170,41,6,318,7272,1586
28450,"Kenosha, WI",2022-01-01,72,193,56,4,325,7597,1658
28450,"Kenosha, WI",2022-02-01,57,164,52,6,279,7876,1715
28450,"Kenosha, WI",2022-03-01,81,145,49,3,278,8154,1796
28450,"Kenosha, WI",2022-04-01,55,132,46,3,236,8390,1851
28450,"Kenosha, WI",2022-05-01,64,149,39,3,255,8645,1915
28450,"Kenosha, WI",2022-06-01,38,61,30,1,130,8775,1953
28450,"Kenosha, WI",2022-07-01,53,69,31,5,158,8933,2006
28450,"Kenosha, WI",2022-08-01,62,96,39,6,203,9136,2068
28450,"Kenosha, WI",2022-09-01,52,117,37,7,213,9349,2120
28450,"Kenosha, WI",2022-10-01,58,125,35,5,223,9572,2178
28450,"Kenosha, WI",2022-11-01,58,100,22,3,183,9755,2236
28450,"Kenosha, WI",2022-12-01,62,109,41,3,215,9970,2298
28450,"Kenosha, WI",2023-01-01,88,118,41,4,251,10221,2386
28450,"Kenosha, WI",2023-02-01,84,108,42,7,241,10462,2470
28450,"Kenosha, WI",2023-03-01,87,123,51,6,267,10729,2557
28450,"Kenosha, WI",2023-04-01,64,112,40,3,219,10948,2621
28450,"Kenosha, WI",2023-05-01,35,60,28,2,125,11073,2656
28450,"Kenosha, WI",2023-06-01,31,51,14,2,98,11171,2687
28450,"Kenosha, WI",2023-07-01,75,118,38,2,233,11404,2762
28450,"Kenosha, WI",2023-08-01,79,107,39,10,235,11639,2841
28450,"Kenosha, WI",2023-09-01,82,124,36,0,242,11881,2923
28450,"Kenosha, WI",2023-10-01,75,144,38,10,267,12148,2998
28450,"Kenosha, WI",2023-11-01,87,126,47,9,269,12417,3085
28450,"Kenosha, WI",2023-12-01,114,141,45,4,304,12721,3199
28450,"Kenosha, WI",2024-01-01,107,150,58,0,315,13036,3306
28450,"Kenosha, WI",2024-02-01,101,138,43,9,291,13327,3407
28450,"Kenosha, WI",2024-03-01,116,150,42,5,313,13640,3523
28450,"Kenosha, WI",2024-04-01,91,141,31,0,263,13903,3614
28450,"Kenosha, WI",2024-05-01,117,147,73,3,340,14243,3731
28450,"Kenosha, WI",2024-06-01,100,137,35,10,282,14525,3831
28450,"Kenosha, WI",2024-07-01,82,128,34,3,247,14772,3913
28450,"Kenosha, WI",2024-08-01,84,129,43,5,261,15033,3997
28450,"Kenosha, WI",2024-09-01,77,130,51,8,266,15299,4074
28450,"Kenosha, WI",2024-10-01,94,137,35,6,272,15571,4168
28450,"Kenosha, WI",2024-11-01,104,129,42,7,282,15853,4272
28450,"Kenosha, WI",2024-12-01,134,131,42,4,311,16164,4406
28450,"Kenosha, WI",2025-01-01,109,126,27,2,264,16428,4515
28450,"Kenosha, WI",2025-02-01,110,113,27,1,251,16679,4625
28450,"Kenosha, WI",2025-03-01,108,111,36,7,262,16941,4733
28450,"Kenosha, WI",2025-04-01,104,127,28,4,263,17204,4837
28450,"Kenosha, WI",2025-05-01,100,96,28,4,228,17432,4937
28450,"Kenosha, WI",2025-06-01,114,94,47,5,260,17692,5051
28450,"Kenosha, WI",2025-07-01,107,113,49,4,273,17965,5158
28450,"Kenosha, WI",2025-08-01,100,93,36,2,231,18196,5258
36660,"Opelousas, LA",2019-01-01,0,1,0,0,1,1,0
36660,"Opelousas, LA",2019-02-01,0,1,0,0,1,2,0
36660,"Opelousas, LA",2019-03-01,0,6,0,0,6,8,0
36660,"Opelousas, LA",2019-04-01,0,4,1,0,5,13,0
36660,"Opelousas, LA",2019-05-01,0,3,2,0,5,18,0
36660,"Opelousas, LA",2019-06-01,0,1,1,0,2,20,0
36660,"Opelousas, LA",2019-07-01,0,1,1,0,2,22,0
36660,"Opelousas, LA",2019-08-01,0,5,3,0,8,30,0
36660,"Opelousas, LA",2019-09-01,0,7,0,0,7,37,0
36660,"Opelousas, LA",2019-10-01,0,1,0,0,1,38,0
36660,"Opelousas, LA",2019-11-01,0,7,1,0,8,46,0
36660,"Opelousas, LA",2019-12-01,0,2,0,0,2,48,0
36660,"Opelousas, LA",2020-01-01,0,2,2,1,5,53,0
36660,"Opelousas, LA",2020-02-01,0,1,2,0,3,56,0
36660,"Opelousas, LA",2020-03-01,0,8,3,0,11,67,0
36660,"Opelousas, LA",2020-04-01,1,1,0,1,3,70,1
36660,"Opelousas, LA",2020-05-01,1,16,0,0,17,87,2
36660,"Opelousas, LA",2020-06-01,2,13,4,0,19,106,4
36660,"Opelousas, LA",2020-07-01,3,9,1,1,14,120,7
36660,"Opelousas, LA",2020-08-01,1,16,1,1,19,139,8
36660,"Opelousas, LA",2020-09-01,3,20,6,0,29,168,11
36660,"Opelousas, LA",2020-10-01,3,14,2,0,19,187,14
36660,"Opelousas, LA",2020-11-01,4,24,5,0,33,220,18
36660,"Opelousas, LA",2020-12-01,11,23,3,0,37,257,29
36660,"Opelousas, LA",2021-01-01,5,23,6,0,34,291,34
36660,"Opelousas, LA",2021-02-01,4,19,6,0,29,320,38
36660,"Opelousas, LA",2021-03-01,7,26,10,0,43,363,45
36660,"Opelousas, LA",2021-04-01,5,29,6,0,40,403,50
36660,"Opelousas, LA",2021-05-01,11,48,10,0,69,472,61
36660,"Opelousas, LA",2021-06-01,14,42,6,0,62,534,75
36660,"Opelousas, LA",2021-07-01,9,35,4,1,49,583,84
36660,"Opelousas, LA",2021-08-01,11,27,10,0,48,631,95
36660,"Opelousas, LA",2021-09-01,16,46,8,1,71,702,111
36660,"Opelousas, LA",2021-10-01,11,29,8,2,50,752,122
36660,"Opelousas, LA",2021-11-01,2,17,4,0,23,775,124
36660,"Opelousas, LA",2021-12-01,19,39,5,0,63,838,143
36660,"Opelousas, LA",2022-01-01,9,36,8,1,54,892,152
36660,"Opelousas, LA",2022-02-01,12,30,3,0,45,937,164
36660,"Opelousas, LA",2022-03-01,23,37,8,2,70,1007,187
36660,"Opelousas, LA",2022-04-01,24,29,7,0,60,1067,211
36660,"Opelousas, LA",2022-05-01,22,28,7,0,57,1124,233
36660,"Opelousas, LA",2022-06-01,8,28,5,0,41,1165,241
36660,"Opelousas, LA",2022-07-01,7,33,8,1,49,1214,248
36660,"Opelousas, LA",2022-08-01,10,21,8,0,39,1253,258
36660,"Opelousas, LA",2022-09-01,13,32,9,0,54,1307,271
36660,"Opelousas, LA",2022-10-01,15,25,10,0,50,1357,286
36660,"Opelousas, LA",2022-11-01,14,34,7,0,55,1412,300
36660,"Opelousas, LA",2022-12-01,20,34,9,0,63,1475,320
36660,"Opelousas, LA",2023-01-01,14,47,6,1,68,1543,334
36660,"Opelousas, LA",2023-02-01,15,29,5,1,50,1593,349
36660,"Opelousas, LA",2023-03-01,23,51,6,1,81,1674,372
36660,"Opelousas, LA",2023-04-01,22,37,7,2,68,1742,394
36660,"Opelousas, LA",2023-05-01,17,31,10,0,58,1800,411
36660,"Opelousas, LA",2023-06-01,8,33,5,1,47,1847,419
36660,"Opelousas, LA",2023-07-01,17,22,10,1,50,1897,436
36660,"Opelousas, LA",2023-08-01,18,35,8,0,61,1958,454
36660,"Opelousas, LA",2023-09-01,25,41,15,2,83,2041,479
36660,"Opelousas, LA",2023-10-01,29,34,8,0,71,2112,508
36660,"Opelousas, LA",2023-11-01,28,45,6,0,79,2191,536
36660,"Opelousas, LA",2023-12-01,36,53,8,2,99,2290,572
36660,"Opelousas, LA",2024-01-01,36,43,10,1,90,2380,608
36660,"Opelousas, LA",2024-02-01,31,39,5,5,80,2460,639
36660,"Opelousas, LA",2024-03-01,32,34,15,2,83,2543,671
36660,"Opelousas, LA",2024-04-01,25,62,14,0,101,2644,696
36660,"Opelousas, LA",2024-05-01,38,71,11,0,120,2764,734
36660,"Opelousas, LA",2024-06-01,47,61,17,2,127,2891,781
36660,"Opelousas, LA",2024-07-01,26,52,13,2,93,2984,807
36660,"Opelousas, LA",2024-08-01,23,51,17,1,92,3076,830
36660,"Opelousas, LA",2024-09-01,32,46,10,2,90,3166,862
36660,"Opelousas, LA",2024-10-01,28,38,10,0,76,3242,890
36660,"Opelousas, LA",2024-11-01,37,58,13,0,108,3350,927
36660,"Opelousas, LA",2024-12-01,32,40,5,0,77,3427,959
36660,"Opelousas, LA",2025-01-01,21,39,7,2,69,3496,980
36660,"Opelousas, LA",2025-02-01,36,34,8,2,80,3576,1016
36660,"Opelousas, LA",2025-03-01,42,33,14,1,90,3666,1058
36660,"Opelousas, LA",2025-04-01,39,58,15,5,117,3783,1097
36660,"Opelousas, LA",2025-05-01,36,52,13,0,101,3884,1133
36660,"Opelousas, LA",2025-06-01,39,62,17,0,118,4002,1172
36660,"Opelousas, LA",2025-07-01,40,50,20,1,111,4113,1212
36660,"Opelousas, LA",2025-08-01,23,58,8,2,91,4204,1235
36660,"Opelousas, LA",2025-09-01,1,1,0,0,2,4206,1236
33580,"Mitchell, SD",2019-02-01,0,1,0,0,1,1,0
33580,"Mitchell, SD",2019-03-01,0,2,1,0,3,4,0
33580,"Mitchell, SD",2019-04-01,0,1,0,0,1,5,0
33580,"Mitchell, SD",2019-05-01,0,0,1,0,1,6,0
33580,"Mitchell, SD",2019-06-01,0,1,0,0,1,7,0
33580,"Mitchell, SD",2019-07-01,1,0,1,0,2,9,1
33580,"Mitchell, SD",2019-08-01,0,0,1,0,1,10,1
33580,"Mitchell, SD",2019-09-01,0,1,0,0,1,11,1
33580,"Mitchell, SD",2019-10-01,0,1,0,0,1,12,1
33580,"Mitchell, SD",2019-11-01,0,2,0,0,2,14,1
33580,"Mitchell, SD",2019-12-01,0,2,0,0,2,16,1
33580,"Mitchell, SD",2020-01-01,0,2,0,0,2,18,1
33580,"Mitchell, SD",2020-02-01,0,1,0,0,1,19,1
33580,"Mitchell, SD",2020-03-01,0,0,1,0,1,20,1
33580,"Mitchell, SD",2020-04-01,0,0,2,0,2,22,1
33580,"Mitchell, SD",2020-05-01,0,1,1,0,2,24,1
33580,"Mitchell, SD",2020-06-01,0,1,0,0,1,25,1
33580,"Mitchell, SD",2020-07-01,1,2,1,0,4,29,2
33580,"Mitchell, SD",2020-08-01,1,5,0,0,6,35,3
33580,"Mitchell, SD",2020-09-01,0,6,1,0,7,42,3
33580,"Mitchell, SD",2020-10-01,2,6,0,0,8,50,5
33580,"Mitchell, SD",2020-11-01,4,6,0,0,10,60,9
33580,"Mitchell, SD",2020-12-01,7,8,1,0,16,76,16
33580,"Mitchell, SD",2021-01-01,5,13,0,0,18,94,21
33580,"Mitchell, SD",2021-02-01,1,8,5,0,14,108,22
33580,"Mitchell, SD",2021-03-01,5,12,2,0,19,127,27
33580,"Mitchell, SD",2021-04-01,4,9,1,0,14,141,31
33580,"Mitchell, SD",2021-05-01,8,18,2,0,28,169,39
33580,"Mitchell, SD",2021-06-01,6,10,4,0,20,189,45
33580,"Mitchell, SD",2021-07-01,4,10,3,0,17,206,49
33580,"Mitchell, SD",2021-08-01,6,5,0,0,11,217,55
33580,"Mitchell, SD",2021-09-01,3,8,2,0,13,230,58
33580,"Mitchell, SD",2021-10-01,9,12,1,0,22,252,67
33580,"Mitchell, SD",2021-11-01,8,6,2,1,17,269,75
33580,"Mitchell, SD",2021-12-01,4,5,0,0,9,278,79
33580,"Mitchell, SD",2022-01-01,20,10,3,1,34,312,99
33580,"Mitchell, SD",2022-02-01,6,6,2,0,14,326,105
33580,"Mitchell, SD",2022-03-01,6,12,2,0,20,346,111
33580,"Mitchell, SD",2022-04-01,4,3,1,0,8,354,115
33580,"Mitchell, SD",2022-05-01,5,10,5,0,20,374,120
33580,"Mitchell, SD",2022-06-01,4,9,2,1,16,390,124
33580,"Mitchell, SD",2022-07-01,7,10,3,0,20,410,131
33580,"Mitchell, SD",2022-08-01,5,11,1,0,17,427,136
33580,"Mitchell, SD",2022-09-01,7,7,3,0,17,444,143
33580,"Mitchell, SD",2022-10-01,4,7,0,0,11,455,147
33580,"Mitchell, SD",2022-11-01,4,11,2,0,17,472,151
33580,"Mitchell, SD",2022-12-01,5,5,2,0,12,484,156
33580,"Mitchell, SD",2023-01-01,7,12,2,1,22,506,163
33580,"Mitchell, SD",2023-02-01,12,6,3,0,21,527,175
33580,"Mitchell, SD",2023-03-01,7,12,1,1,21,548,182
33580,"Mitchell, SD",2023-04-01,4,10,3,1,18,566,186
33580,"Mitchell, SD",2023-05-01,6,6,6,0,18,584,192
33580,"Mitchell, SD",2023-06-01,1,3,2,0,6,590,193
33580,"Mitchell, SD",2023-07-01,3,5,2,0,10,600,196
33580,"Mitchell, SD",2023-08-01,12,6,1,1,20,620,208
33580,"Mitchell, SD",2023-09-01,6,11,1,0,18,638,214
33580,"Mitchell, SD",2023-10-01,8,2,1,0,11,649,222
33580,"Mitchell, SD",2023-11-01,8,14,7,0,29,678,230
33580,"Mitchell, SD",2023-12-01,1,4,1,0,6,684,231
33580,"Mitchell, SD",2024-01-01,7,4,4,0,15,699,238
33580,"Mitchell, SD",2024-02-01,13,7,3,1,24,723,251
33580,"Mitchell, SD",2024-03-01,16,13,5,0,34,757,267
33580,"Mitchell, SD",2024-04-01,11,7,2,0,20,777,278
33580,"Mitchell, SD",2024-05-01,8,7,0,1,16,793,286
33580,"Mitchell, SD",2024-06-01,6,5,2,0,13,806,292
33580,"Mitchell, SD",2024-07-01,5,2,0,0,7,813,297
33580,"Mitchell, SD",2024-08-01,4,10,2,0,16,829,301
33580,"Mitchell, SD",2024-09-01,8,3,0,0,11,840,309
33580,"Mitchell, SD",2024-10-01,28,14,2,0,44,884,337
33580,"Mitchell, SD",2024-11-01,15,7,6,0,28,912,352
33580,"Mitchell, SD",2024-12-01,9,9,3,0,21,933,361
33580,"Mitchell, SD",2025-01-01,16,14,1,0,31,964,377
33580,"Mitchell, SD",2025-02-01,14,7,1,0,22,986,391
33580,"Mitchell, SD",2025-03-01,15,7,2,0,24,1010,406
33580,"Mitchell, SD",2025-04-01,11,10,8,0,29,1039,417
33580,"Mitchell, SD",2025-05-01,11,3,3,0,17,1056,428
33580,"Mitchell, SD",2025-06-01,11,11,2,0,24,1080,439
33580,"Mitchell, SD",2025-07-01,5,8,4,0,17,1097,444
33580,"Mitchell, SD",2025-08-01,19,3,2,0,24,1121,463
13180,"Beaver Dam, WI",2019-01-01,0,0,1,0,1,1,0
13180,"Beaver Dam, WI",2019-02-01,0,1,0,0,1,2,0
13180,"Beaver Dam, WI",2019-03-01,0,1,0,0,1,3,0
13180,"Beaver Dam, WI",2019-04-01,0,2,0,0,2,5,0
13180,"Beaver Dam, WI",2019-05-01,0,0,1,0,1,6,0
13180,"Beaver Dam, WI",2019-06-01,0,0,1,0,1,7,0
13180,"Beaver Dam, WI",2019-08-01,0,1,0,0,1,8,0
13180,"Beaver Dam, WI",2019-09-01,0,1,0,0,1,9,0
13180,"Beaver Dam, WI",2019-10-01,0,1,2,0,3,12,0
13180,"Beaver Dam, WI",2019-11-01,0,1,0,0,1,13,0
13180,"Beaver Dam, WI",2019-12-01,1,4,2,0,7,20,1
13180,"Beaver Dam, WI",2020-01-01,0,0,1,0,1,21,1
13180,"Beaver Dam, WI",2020-02-01,0,1,1,0,2,23,1
13180,"Beaver Dam, WI",2020-03-01,0,1,1,0,2,25,1
13180,"Beaver Dam, WI",2020-04-01,0,5,1,0,6,31,1
13180,"Beaver Dam, WI",2020-05-01,0,4,2,0,6,37,1
13180,"Beaver Dam, WI",2020-06-01,2,3,2,0,7,44,3
13180,"Beaver Dam, WI",2020-07-01,2,2,1,0,5,49,5
13180,"Beaver Dam, WI",2020-08-01,2,2,0,1,5,54,7
13180,"Beaver Dam, WI",2020-09-01,1,3,2,0,6,60,8
13180,"Beaver Dam, WI",2020-10-01,2,4,2,0,8,68,10
13180,"Beaver Dam, WI",2020-11-01,1,3,2,0,6,74,11
13180,"Beaver Dam, WI",2020-12-01,1,1,1,0,3,77,12
13180,"Beaver Dam, WI",2021-01-01,1,5,1,0,7,84,13
13180,"Beaver Dam, WI",2021-02-01,2,2,2,0,6,90,15
13180,"Beaver Dam, WI",2021-03-01,4,3,3,0,10,100,19
13180,"Beaver Dam, WI",2021-04-01,1,12,3,0,16,116,20
13180,"Beaver Dam, WI",2021-05-01,10,16,5,0,31,147,30
13180,"Beaver Dam, WI",2021-06-01,8,10,3,1,22,169,38
13180,"Beaver Dam, WI",2021-07-01,4,18,2,1,25,194,42
13180,"Beaver Dam, WI",2021-08-01,10,13,7,0,30,224,52
13180,"Beaver Dam, WI",2021-09-01,10,11,6,1,28,252,62
13180,"Beaver Dam, WI",2021-10-01,9,19,7,1,36,288,71
13180,"Beaver Dam, WI",2021-11-01,13,16,7,0,36,324,84
13180,"Beaver Dam, WI",2021-12-01,10,13,6,0,29,353,94
13180,"Beaver Dam, WI",2022-01-01,15,28,6,2,51,404,109
13180,"Beaver Dam, WI",2022-02-01,9,14,9,0,32,436,118
13180,"Beaver Dam, WI",2022-03-01,15,16,6,4,41,477,133
13180,"Beaver Dam, WI",2022-04-01,11,23,7,0,41,518,144
13180,"Beaver Dam, WI",2022-05-01,12,16,6,0,34,552,156
13180,"Beaver Dam, WI",2022-06-01,10,13,4,0,27,579,166
13180,"Beaver Dam, WI",2022-07-01,6,17,4,0,27,606,172
13180,"Beaver Dam, WI",2022-08-01,9,19,5,2,35,641,181
13180,"Beaver Dam, WI",2022-09-01,5,10,6,0,21,662,186
13180,"Beaver Dam, WI",2022-10-01,7,15,5,0,27,689,193
13180,"Beaver Dam, WI",2022-11-01,4,15,5,1,25,714,197
13180,"Beaver Dam, WI",2022-12-01,10,19,4,1,34,748,207
13180,"Beaver Dam, WI",2023-01-01,13,13,4,0,30,778,220
13180,"Beaver Dam, WI",2023-02-01,11,9,5,0,25,803,231
13180,"Beaver Dam, WI",2023-03-01,10,21,7,1,39,842,241
13180,"Beaver Dam, WI",2023-04-01,6,22,6,1,35,877,247
13180,"Beaver Dam, WI",2023-05-01,8,17,3,0,28,905,255
13180,"Beaver Dam, WI",2023-06-01,9,14,9,0,32,937,264
13180,"Beaver Dam, WI",2023-07-01,13,15,3,1,32,969,277
13180,"Beaver Dam, WI",2023-08-01,11,14,3,0,28,997,288
13180,"Beaver Dam, WI",2023-09-01,13,14,6,0,33,1030,301
13180,"Beaver Dam, WI",2023-10-01,13,12,7,1,33,1063,314
13180,"Beaver Dam, WI",2023-11-01,13,24,3,1,41,1104,327
13180,"Beaver Dam, WI",2023-12-01,7,16,4,0,27,1131,334
13180,"Beaver Dam, WI",2024-01-01,10,15,3,0,28,1159,344
13180,"Beaver Dam, WI",2024-02-01,12,11,3,0,26,1185,356
13180,"Beaver Dam, WI",2024-03-01,16,12,3,1,32,1217,372
13180,"Beaver Dam, WI",2024-04-01,11,15,6,0,32,1249,383
13180,"Beaver Dam, WI",2024-05-01,14,12,7,2,35,1284,397
13180,"Beaver Dam, WI",2024-06-01,11,14,0,0,25,1309,408
13180,"Beaver Dam, WI",2024-07-01,14,14,8,0,36,1345,422
13180,"Beaver Dam, WI",2024-08-01,11,6,6,2,25,1370,433
13180,"Beaver Dam, WI",2024-09-01,7,15,7,1,30,1400,440
13180,"Beaver Dam, WI",2024-10-01,17,12,6,1,36,1436,457
13180,"Beaver Dam, WI",2024-11-01,13,14,7,0,34,1470,470
13180,"Beaver Dam, WI",2024-12-01,9,14,6,1,30,1500,479
13180,"Beaver Dam, WI",2025-01-01,17,15,8,0,40,1540,496
13180,"Beaver Dam, WI",2025-02-01,10,15,5,0,30,1570,506
13180,"Beaver Dam, WI",2025-03-01,12,16,6,0,34,1604,518
13180,"Beaver Dam, WI",2025-04-01,17,10,7,0,34,1638,535
13180,"Beaver Dam, WI",2025-05-01,8,13,4,0,25,1663,543
13180,"Beaver Dam, WI",2025-06-01,8,16,6,0,30,1693,551
13180,"Beaver Dam, WI",2025-07-01,15,17,9,1,42,1735,566
13180,"Beaver Dam, WI",2025-08-01,10,12,4,0,26,1761,576
19540,"Decatur, IN",2019-01-01,0,1,0,0,1,1,0
19540,"Decatur, IN",2019-03-01,1,0,0,0,1,2,1
19540,"Decatur, IN",2019-04-01,0,1,0,0,1,3,1
19540,"Decatur, IN",2019-05-01,0,1,0,0,1,4,1
19540,"Decatur, IN",2019-06-01,0,1,1,0,2,6,1
19540,"Decatur, IN",2019-07-01,0,3,0,0,3,9,1
19540,"Decatur, IN",2019-08-01,0,2,0,0,2,11,1
19540,"Decatur, IN",2019-09-01,0,1,1,0,2,13,1
19540,"Decatur, IN",2019-11-01,0,3,1,0,4,17,1
19540,"Decatur, IN",2019-12-01,0,3,0,0,3,20,1
19540,"Decatur, IN",2020-01-01,0,1,3,0,4,24,1
19540,"Decatur, IN",2020-02-01,0,2,1,0,3,27,1
19540,"Decatur, IN",2020-03-01,0,2,2,0,4,31,1
19540,"Decatur, IN",2020-04-01,0,4,1,1,6,37,1
19540,"Decatur, IN",2020-05-01,1,7,0,0,8,45,2
19540,"Decatur, IN",2020-06-01,0,3,0,0,3,48,2
19540,"Decatur, IN",2020-07-01,4,2,3,0,9,57,6
19540,"Decatur, IN",2020-08-01,0,4,2,0,6,63,6
19540,"Decatur, IN",2020-09-01,2,2,2,0,6,69,8
19540,"Decatur, IN",2020-10-01,1,2,2,0,5,74,9
19540,"Decatur, IN",2020-11-01,1,5,1,0,7,81,10
19540,"Decatur, IN",2020-12-01,1,4,0,0,5,86,11
19540,"Decatur, IN",2021-01-01,1,4,5,0,10,96,12
19540,"Decatur, IN",2021-02-01,3,10,0,0,13,109,15
19540,"Decatur, IN",2021-03-01,1,9,3,0,13,122,16
19540,"Decatur, IN",2021-04-01,3,20,0,0,23,145,19
19540,"Decatur, IN",2021-05-01,2,13,2,1,18,163,21
19540,"Decatur, IN",2021-06-01,5,15,4,0,24,187,26
19540,"Decatur, IN",2021-07-01,2,14,3,1,20,207,28
19540,"Decatur, IN",2021-08-01,5,12,7,2,26,233,33
19540,"Decatur, IN",2021-09-01,4,19,7,0,30,263,37
19540,"Decatur, IN",2021-10-01,4,16,2,3,25,288,41
19540,"Decatur, IN",2021-11-01,4,13,9,0,26,314,45
19540,"Decatur, IN",2021-12-01,10,19,6,1,36,350,55
19540,"Decatur, IN",2022-01-01,3,14,4,1,22,372,58
19540,"Decatur, IN",2022-02-01,8,15,4,1,28,400,66
19540,"Decatur, IN",2022-03-01,9,14,5,1,29,429,75
19540,"Decatur, IN",2022-04-01,5,17,3,0,25,454,80
19540,"Decatur, IN",2022-05-01,12,16,4,0,32,486,92
19540,"Decatur, IN",2022-06-01,2,9,2,0,13,499,94
19540,"Decatur, IN",2022-07-01,8,8,4,0,20,519,102
19540,"Decatur, IN",2022-08-01,4,11,5,0,20,539,106
19540,"Decatur, IN",2022-09-01,4,10,6,1,21,560,110
19540,"Decatur, IN",2022-10-01,2,7,8,0,17,577,112
19540,"Decatur, IN",2022-11-01,6,21,6,0,33,610,118
19540,"Decatur, IN",2022-12-01,6,12,1,0,19,629,124
19540,"Decatur, IN",2023-01-01,10,11,5,2,28,657,134
19540,"Decatur, IN",2023-02-01,6,12,3,1,22,679,140
19540,"Decatur, IN",2023-03-01,12,18,5,0,35,714,152
19540,"Decatur, IN",2023-04-01,4,12,2,0,18,732,156
19540,"Decatur, IN",2023-05-01,7,7,0,0,14,746,163
19540,"Decatur, IN",2023-06-01,3,12,2,0,17,763,166
19540,"Decatur, IN",2023-07-01,10,4,3,0,17,780,176
19540,"Decatur, IN",2023-08-01,11,13,3,0,27,807,187
19540,"Decatur, IN",2023-09-01,10,10,4,1,25,832,197
19540,"Decatur, IN",2023-10-01,5,13,5,0,23,855,202
19540,"Decatur, IN",2023-11-01,16,15,2,0,33,888,218
19540,"Decatur, IN",2023-12-01,10,16,3,0,29,917,228
19540,"Decatur, IN",2024-01-01,7,15,5,0,27,944,235
19540,"Decatur, IN",2024-02-01,7,9,9,2,27,971,242
19540,"Decatur, IN",2024-03-01,13,6,4,0,23,994,255
19540,"Decatur, IN",2024-04-01,12,10,2,0,24,1018,267
19540,"Decatur, IN",2024-05-01,10,9,6,0,25,1043,277
19540,"Decatur, IN",2024-06-01,5,13,4,1,23,1066,282
19540,"Decatur, IN",2024-07-01,5,13,6,0,24,1090,287
19540,"Decatur, IN",2024-08-01,4,3,1,0,8,1098,291
19540,"Decatur, IN",2024-09-01,9,8,3,1,21,1119,300
19540,"Decatur, IN",2024-10-01,5,9,6,0,20,1139,305
19540,"Decatur, IN",2024-11-01,4,11,5,0,20,1159,309
19540,"Decatur, IN",2024-12-01,13,17,4,1,35,1194,322
19540,"Decatur, IN",2025-01-01,9,8,5,1,23,1217,331
19540,"Decatur, IN",2025-02-01,6,7,2,0,15,1232,337
19540,"Decatur, IN",2025-03-01,12,12,7,0,31,1263,349
19540,"Decatur, IN",2025-04-01,16,15,7,0,38,1301,365
19540,"Decatur, IN",2025-05-01,10,11,5,0,26,1327,375
19540,"Decatur, IN",2025-06-01,14,14,8,1,37,1364,389
19540,"Decatur, IN",2025-07-01,15,12,6,0,33,1397,404
19540,"Decatur, IN",2025-08-01,5,7,2,0,14,1411,409
26580,"Huntington-Ashland, WV-KY-OH",2019-01-01,0,21,9,0,30,30,0
26580,"Huntington-Ashland, WV-KY-OH",2019-02-01,0,33,5,0,38,68,0
26580,"Huntington-Ashland, WV-KY-OH",2019-03-01,2,36,11,1,50,118,2
26580,"Huntington-Ashland, WV-KY-OH",2019-04-01,0,58,5,1,64,182,2
26580,"Huntington-Ashland, WV-KY-OH",2019-05-01,2,57,10,0,69,251,4
26580,"Huntington-Ashland, WV-KY-OH",2019-06-01,3,44,11,1,59,310,7
26580,"Huntington-Ashland, WV-KY-OH",2019-07-01,2,38,7,0,47,357,9
26580,"Huntington-Ashland, WV-KY-OH",2019-08-01,4,41,4,1,50,407,13
26580,"Huntington-Ashland, WV-KY-OH",2019-09-01,5,38,4,1,48,455,18
26580,"Huntington-Ashland, WV-KY-OH",2019-10-01,0,20,4,0,24,479,18
26580,"Huntington-Ashland, WV-KY-OH",2019-11-01,1,31,6,1,39,518,19
26580,"Huntington-Ashland, WV-KY-OH",2019-12-01,2,45,6,1,54,572,21
26580,"Huntington-Ashland, WV-KY-OH",2020-01-01,7,32,7,2,48,620,28
26580,"Huntington-Ashland, WV-KY-OH",2020-02-01,19,45,12,0,76,696,47
26580,"Huntington-Ashland, WV-KY-OH",2020-03-01,26,81,22,1,130,826,73
26580,"Huntington-Ashland, WV-KY-OH",2020-04-01,41,120,24,3,188,1014,114
26580,"Huntington-Ashland, WV-KY-OH",2020-05-01,51,161,29,0,241,1255,165
26580,"Huntington-Ashland, WV-KY-OH",2020-06-01,28,101,19,1,149,1404,193
26580,"Huntington-Ashland, WV-KY-OH",2020-07-01,31,116,18,0,165,1569,224
26580,"Huntington-Ashland, WV-KY-OH",2020-08-01,26,160,25,3,214,1783,250
26580,"Huntington-Ashland, WV-KY-OH",2020-09-01,34,103,28,1,166,1949,284
26580,"Huntington-Ashland, WV-KY-OH",2020-10-01,32,100,29,2,163,2112,316
26580,"Huntington-Ashland, WV-KY-OH",2020-11-01,14,61,13,2,90,2202,330
26580,"Huntington-Ashland, WV-KY-OH",2020-12-01,29,62,15,1,107,2309,359
26580,"Huntington-Ashland, WV-KY-OH",2021-01-01,75,192,41,1,309,2618,434
26580,"Huntington-Ashland, WV-KY-OH",2021-02-01,36,80,20,0,136,2754,470
26580,"Huntington-Ashland, WV-KY-OH",2021-03-01,92,196,39,4,331,3085,562
26580,"Huntington-Ashland, WV-KY-OH",2021-04-01,71,187,39,5,302,3387,633
26580,"Huntington-Ashland, WV-KY-OH",2021-05-01,37,93,14,2,146,3533,670
26580,"Huntington-Ashland, WV-KY-OH",2021-06-01,25,87,17,2,131,3664,695
26580,"Huntington-Ashland, WV-KY-OH",2021-07-01,23,55,20,1,99,3763,718
26580,"Huntington-Ashland, WV-KY-OH",2021-08-01,24,84,16,2,126,3889,742
26580,"Huntington-Ashland, WV-KY-OH",2021-09-01,34,94,25,0,153,4042,776
26580,"Huntington-Ashland, WV-KY-OH",2021-10-01,23,79,22,1,125,4167,799
26580,"Huntington-Ashland, WV-KY-OH",2021-11-01,22,65,18,2,107,4274,821
26580,"Huntington-Ashland, WV-KY-OH",2021-12-01,37,69,23,1,130,4404,858
26580,"Huntington-Ashland, WV-KY-OH",2022-01-01,60,97,22,4,183,4587,918
26580,"Huntington-Ashland, WV-KY-OH",2022-02-01,29,56,16,3,104,4691,947
26580,"Huntington-Ashland, WV-KY-OH",2022-03-01,51,85,36,5,177,4868,998
26580,"Huntington-Ashland, WV-KY-OH",2022-04-01,32,88,21,2,143,5011,1030
26580,"Huntington-Ashland, WV-KY-OH",2022-05-01,38,86,24,1,149,5160,1068
26580,"Huntington-Ashland, WV-KY-OH",2022-06-01,36,81,31,0,148,5308,1104
26580,"Huntington-Ashland, WV-KY-OH",2022-07-01,42,67,22,1,132,5440,1146
26580,"Huntington-Ashland, WV-KY-OH",2022-08-01,57,102,40,0,199,5639,1203
26580,"Huntington-Ashland, WV-KY-OH",2022-09-01,34,86,29,0,149,5788,1237
26580,"Huntington-Ashland, WV-KY-OH",2022-10-01,40,87,26,1,154,5942,1277
26580,"Huntington-Ashland, WV-KY-OH",2022-11-01,53,94,28,2,177,6119,1330
26580,"Huntington-Ashland, WV-KY-OH",2022-12-01,54,128,25,3,210,6329,1384
26580,"Huntington-Ashland, WV-KY-OH",2023-01-01,59,102,36,4,201,6530,1443
26580,"Huntington-Ashland, WV-KY-OH",2023-02-01,79,118,46,6,249,6779,1522
26580,"Huntington-Ashland, WV-KY-OH",2023-03-01,102,132,39,7,280,7059,1624
26580,"Huntington-Ashland, WV-KY-OH",2023-04-01,70,136,40,1,247,7306,1694
26580,"Huntington-Ashland, WV-KY-OH",2023-05-01,41,54,17,2,114,7420,1735
26580,"Huntington-Ashland, WV-KY-OH",2023-06-01,31,50,19,1,101,7521,1766
26580,"Huntington-Ashland, WV-KY-OH",2023-07-01,36,54,20,1,111,7632,1802
26580,"Huntington-Ashland, WV-KY-OH",2023-08-01,38,61,19,2,120,7752,1840
26580,"Huntington-Ashland, WV-KY-OH",2023-09-01,50,74,21,3,148,7900,1890
26580,"Huntington-Ashland, WV-KY-OH",2023-10-01,75,82,43,0,200,8100,1965
26580,"Huntington-Ashland, WV-KY-OH",2023-11-01,81,122,41,4,248,8348,2046
26580,"Huntington-Ashland, WV-KY-OH",2023-12-01,89,111,28,2,230,8578,2135
26580,"Huntington-Ashland, WV-KY-OH",2024-01-01,82,103,28,3,216,8794,2217
26580,"Huntington-Ashland, WV-KY-OH",2024-02-01,91,98,32,3,224,9018,2308
26580,"Huntington-Ashland, WV-KY-OH",2024-03-01,97,118,40,2,257,9275,2405
26580,"Huntington-Ashland, WV-KY-OH",2024-04-01,85,97,33,4,219,9494,2490
26580,"Huntington-Ashland, WV-KY-OH",2024-05-01,94,102,42,3,241,9735,2584
26580,"Huntington-Ashland, WV-KY-OH",2024-06-01,87,118,36,7,248,9983,2671
26580,"Huntington-Ashland, WV-KY-OH",2024-07-01,58,94,35,5,192,10175,2729
26580,"Huntington-Ashland, WV-KY-OH",2024-08-01,50,88,42,1,181,10356,2779
26580,"Huntington-Ashland, WV-KY-OH",2024-09-01,80,113,39,4,236,10592,2859
26580,"Huntington-Ashland, WV-KY-OH",2024-10-01,90,122,38,3,253,10845,2949
26580,"Huntington-Ashland, WV-KY-OH",2024-11-01,85,113,29,5,232,11077,3034
26580,"Huntington-Ashland, WV-KY-OH",2024-12-01,89,87,36,1,213,11290,3123
26580,"Huntington-Ashland, WV-KY-OH",2025-01-01,90,122,34,5,251,11541,3213
26580,"Huntington-Ashland, WV-KY-OH",2025-02-01,121,119,43,3,286,11827,3334
26580,"Huntington-Ashland, WV-KY-OH",2025-03-01,139,111,38,9,297,12124,3473
26580,"Huntington-Ashland, WV-KY-OH",2025-04-01,114,130,40,5,289,12413,3587
26580,"Huntington-Ashland, WV-KY-OH",2025-05-01,134,152,43,3,332,12745,3721
26580,"Huntington-Ashland, WV-KY-OH",2025-06-01,125,179,40,9,353,13098,3846
26580,"Huntington-Ashland, WV-KY-OH",2025-07-01,74,114,56,1,245,13343,3920
26580,"Huntington-Ashland, WV-KY-OH",2025-08-01,82,111,43,3,239,13582,4002
26580,"Huntington-Ashland, WV-KY-OH",2025-09-01,1,4,0,0,5,13587,4003
47420,"Wahpeton, ND-MN",2019-03-01,0,1,0,0,1,1,0
47420,"Wahpeton, ND-MN",2019-06-01,0,1,0,0,1,2,0
47420,"Wahpeton, ND-MN",2019-08-01,0,1,1,0,2,4,0
47420,"Wahpeton, ND-MN",2019-11-01,1,0,0,0,1,5,1
47420,"Wahpeton, ND-MN",2020-03-01,0,1,0,0,1,6,1
47420,"Wahpeton, ND-MN",2020-04-01,0,3,0,0,3,9,1
47420,"Wahpeton, ND-MN",2020-05-01,0,1,1,0,2,11,1
47420,"Wahpeton, ND-MN",2020-06-01,0,1,0,0,1,12,1
47420,"Wahpeton, ND-MN",2020-07-01,1,1,0,0,2,14,2
47420,"Wahpeton, ND-MN",2020-08-01,0,2,0,0,2,16,2
47420,"Wahpeton, ND-MN",2020-09-01,2,1,0,0,3,19,4
47420,"Wahpeton, ND-MN",2020-10-01,0,2,0,0,2,21,4
47420,"Wahpeton, ND-MN",2020-11-01,1,0,0,0,1,22,5
47420,"Wahpeton, ND-MN",2021-01-01,0,0,1,0,1,23,5
47420,"Wahpeton, ND-MN",2021-02-01,2,1,1,0,4,27,7
47420,"Wahpeton, ND-MN",2021-03-01,2,0,1,0,3,30,9
47420,"Wahpeton, ND-MN",2021-04-01,0,0,1,0,1,31,9
47420,"Wahpeton, ND-MN",2021-05-01,2,2,0,0,4,35,11
47420,"Wahpeton, ND-MN",2021-06-01,1,2,1,0,4,39,12
47420,"Wahpeton, ND-MN",2021-07-01,1,1,0,0,2,41,13
47420,"Wahpeton, ND-MN",2021-08-01,1,1,0,0,2,43,14
47420,"Wahpeton, ND-MN",2021-09-01,2,0,0,1,3,46,16
47420,"Wahpeton, ND-MN",2021-10-01,0,3,1,0,4,50,16
47420,"Wahpeton, ND-MN",2021-11-01,2,6,2,0,10,60,18
47420,"Wahpeton, ND-MN",2021-12-01,4,4,1,0,9,69,22
47420,"Wahpeton, ND-MN",2022-01-01,6,17,2,0,25,94,28
47420,"Wahpeton, ND-MN",2022-02-01,7,6,3,0,16,110,35
47420,"Wahpeton, ND-MN",2022-03-01,5,4,2,1,12,122,40
47420,"Wahpeton, ND-MN",2022-04-01,3,4,0,0,7,129,43
47420,"Wahpeton, ND-MN",2022-05-01,4,5,1,3,13,142,47
47420,"Wahpeton, ND-MN",2022-06-01,2,3,1,1,7,149,49
47420,"Wahpeton, ND-MN",2022-07-01,2,2,3,0,7,156,51
47420,"Wahpeton, ND-MN",2022-08-01,10,8,2,0,20,176,61
47420,"Wahpeton, ND-MN",2022-09-01,5,5,0,1,11,187,66
47420,"Wahpeton, ND-MN",2022-10-01,12,1,0,0,13,200,78
47420,"Wahpeton, ND-MN",2022-11-01,3,6,0,0,9,209,81
47420,"Wahpeton, ND-MN",2022-12-01,6,2,1,0,9,218,87
47420,"Wahpeton, ND-MN",2023-01-01,4,4,1,0,9,227,91
47420,"Wahpeton, ND-MN",2023-02-01,7,3,1,0,11,238,98
47420,"Wahpeton, ND-MN",2023-03-01,6,6,0,0,12,250,104
47420,"Wahpeton, ND-MN",2023-04-01,4,7,1,0,12,262,108
47420,"Wahpeton, ND-MN",2023-05-01,3,2,1,0,6,268,111
47420,"Wahpeton, ND-MN",2023-06-01,3,6,0,0,9,277,114
47420,"Wahpeton, ND-MN",2023-07-01,5,4,3,0,12,289,119
47420,"Wahpeton, ND-MN",2023-08-01,9,2,2,0,13,302,128
47420,"Wahpeton, ND-MN",2023-09-01,6,8,0,0,14,316,134
47420,"Wahpeton, ND-MN",2023-10-01,4,5,2,0,11,327,138
47420,"Wahpeton, ND-MN",2023-11-01,3,2,1,0,6,333,141
47420,"Wahpeton, ND-MN",2023-12-01,5,4,1,0,10,343,146
47420,"Wahpeton, ND-MN",2024-01-01,10,8,1,0,19,362,156
47420,"Wahpeton, ND-MN",2024-02-01,11,8,1,1,21,383,167
47420,"Wahpeton, ND-MN",2024-03-01,7,11,1,2,21,404,174
47420,"Wahpeton, ND-MN",2024-04-01,6,6,0,0,12,416,180
47420,"Wahpeton, ND-MN",2024-05-01,6,7,0,1,14,430,186
47420,"Wahpeton, ND-MN",2024-06-01,7,11,2,0,20,450,193
47420,"Wahpeton, ND-MN",2024-07-01,3,5,3,0,11,461,196
47420,"Wahpeton, ND-MN",2024-08-01,7,8,0,0,15,476,203
47420,"Wahpeton, ND-MN",2024-09-01,9,6,2,0,17,493,212
47420,"Wahpeton, ND-MN",2024-10-01,5,12,1,0,18,511,217
47420,"Wahpeton, ND-MN",2024-11-01,11,9,0,0,20,531,228
47420,"Wahpeton, ND-MN",2024-12-01,11,8,3,1,23,554,239
47420,"Wahpeton, ND-MN",2025-01-01,9,8,1,0,18,572,248
47420,"Wahpeton, ND-MN",2025-02-01,7,3,1,0,11,583,255
47420,"Wahpeton, ND-MN",2025-03-01,11,7,1,1,20,603,266
47420,"Wahpeton, ND-MN",2025-04-01,4,0,1,0,5,608,270
47420,"Wahpeton, ND-MN",2025-05-01,7,5,1,0,13,621,277
47420,"Wahpeton, ND-MN",2025-06-01,4,3,2,0,9,630,281
47420,"Wahpeton, ND-MN",2025-07-01,6,5,1,0,12,642,287
47420,"Wahpeton, ND-MN",2025-08-01,3,6,0,0,9,651,290
15420,"Burley, ID",2019-01-01,0,2,2,0,4,4,0
15420,"Burley, ID",2019-02-01,0,1,1,0,2,6,0
15420,"Burley, ID",2019-03-01,0,0,1,0,1,7,0
15420,"Burley, ID",2019-04-01,0,2,1,0,3,10,0
15420,"Burley, ID",2019-05-01,0,3,0,0,3,13,0
15420,"Burley, ID",2019-06-01,0,5,0,0,5,18,0
15420,"Burley, ID",2019-07-01,0,5,2,0,7,25,0
15420,"Burley, ID",2019-08-01,1,9,1,0,11,36,1
15420,"Burley, ID",2019-09-01,1,9,1,0,11,47,2
15420,"Burley, ID",2019-10-01,0,7,0,0,7,54,2
15420,"Burley, ID",2019-11-01,1,6,1,0,8,62,3
15420,"Burley, ID",2019-12-01,1,2,1,0,4,66,4
15420,"Burley, ID",2020-01-01,2,5,0,0,7,73,6
15420,"Burley, ID",2020-02-01,0,6,1,0,7,80,6
15420,"Burley, ID",2020-03-01,0,6,5,0,11,91,6
15420,"Burley, ID",2020-04-01,2,18,2,1,23,114,8
15420,"Burley, ID",2020-05-01,2,11,1,0,14,128,10
15420,"Burley, ID",2020-06-01,1,11,2,0,14,142,11
15420,"Burley, ID",2020-07-01,3,12,5,0,20,162,14
15420,"Burley, ID",2020-08-01,3,13,0,0,16,178,17
15420,"Burley, ID",2020-09-01,5,6,0,0,11,189,22
15420,"Burley, ID",2020-10-01,5,14,2,1,22,211,27
15420,"Burley, ID",2020-11-01,3,9,5,0,17,228,30
15420,"Burley, ID",2020-12-01,1,15,2,0,18,246,31
15420,"Burley, ID",2021-01-01,6,16,2,0,24,270,37
15420,"Burley, ID",2021-02-01,4,12,5,0,21,291,41
15420,"Burley, ID",2021-03-01,4,19,4,0,27,318,45
15420,"Burley, ID",2021-04-01,5,22,4,0,31,349,50
15420,"Burley, ID",2021-05-01,4,19,5,0,28,377,54
15420,"Burley, ID",2021-06-01,2,11,3,1,17,394,56
15420,"Burley, ID",2021-07-01,4,19,6,0,29,423,60
15420,"Burley, ID",2021-08-01,6,11,7,0,24,447,66
15420,"Burley, ID",2021-09-01,3,22,4,0,29,476,69
15420,"Burley, ID",2021-10-01,5,18,1,0,24,500,74
15420,"Burley, ID",2021-11-01,9,16,3,0,28,528,83
15420,"Burley, ID",2021-12-01,4,17,6,0,27,555,87
15420,"Burley, ID",2022-01-01,9,20,5,0,34,589,96
15420,"Burley, ID",2022-02-01,6,23,6,0,35,624,102
15420,"Burley, ID",2022-03-01,10,21,7,1,39,663,112
15420,"Burley, ID",2022-04-01,11,15,6,0,32,695,123
15420,"Burley, ID",2022-05-01,5,13,2,0,20,715,128
15420,"Burley, ID",2022-06-01,5,10,7,0,22,737,133
15420,"Burley, ID",2022-07-01,8,15,7,0,30,767,141
15420,"Burley, ID",2022-08-01,4,22,5,0,31,798,145
15420,"Burley, ID",2022-09-01,7,14,2,0,23,821,152
15420,"Burley, ID",2022-10-01,15,15,4,0,34,855,167
15420,"Burley, ID",2022-11-01,9,21,4,0,34,889,176
15420,"Burley, ID",2022-12-01,12,18,2,1,33,922,188
15420,"Burley, ID",2023-01-01,10,20,6,1,37,959,198
15420,"Burley, ID",2023-02-01,9,12,5,0,26,985,207
15420,"Burley, ID",2023-03-01,9,18,1,1,29,1014,216
15420,"Burley, ID",2023-04-01,11,16,4,0,31,1045,227
15420,"Burley, ID",2023-05-01,4,4,3,0,11,1056,231
15420,"Burley, ID",2023-06-01,8,12,3,0,23,1079,239
15420,"Burley, ID",2023-07-01,13,14,3,0,30,1109,252
15420,"Burley, ID",2023-08-01,7,10,3,0,20,1129,259
15420,"Burley, ID",2023-09-01,8,13,4,0,25,1154,267
15420,"Burley, ID",2023-10-01,14,17,6,0,37,1191,281
15420,"Burley, ID",2023-11-01,23,17,6,0,46,1237,304
15420,"Burley, ID",2023-12-01,11,13,2,0,26,1263,315
15420,"Burley, ID",2024-01-01,14,21,5,1,41,1304,329
15420,"Burley, ID",2024-02-01,9,17,3,0,29,1333,338
15420,"Burley, ID",2024-03-01,12,15,4,1,32,1365,350
15420,"Burley, ID",2024-04-01,14,9,3,0,26,1391,364
15420,"Burley, ID",2024-05-01,16,24,0,1,41,1432,380
15420,"Burley, ID",2024-06-01,8,10,5,0,23,1455,388
15420,"Burley, ID",2024-07-01,8,10,4,0,22,1477,396
15420,"Burley, ID",2024-08-01,9,13,1,0,23,1500,405
15420,"Burley, ID",2024-09-01,6,14,6,0,26,1526,411
15420,"Burley, ID",2024-10-01,6,15,2,0,23,1549,417
15420,"Burley, ID",2024-11-01,11,15,7,1,34,1583,428
15420,"Burley, ID",2024-12-01,15,17,3,1,36,1619,443
15420,"Burley, ID",2025-01-01,13,17,3,1,34,1653,456
15420,"Burley, ID",2025-02-01,9,14,6,0,29,1682,465
15420,"Burley, ID",2025-03-01,10,11,4,0,25,1707,475
15420,"Burley, ID",2025-04-01,8,15,5,0,28,1735,483
15420,"Burley, ID",2025-05-01,10,18,3,2,33,1768,493
15420,"Burley, ID",2025-06-01,9,16,5,0,30,1798,502
15420,"Burley, ID",2025-07-01,8,16,4,0,28,1826,510
15420,"Burley, ID",2025-08-01,10,9,4,2,25,1851,520
15420,"Burley, ID",2025-09-01,0,3,0,0,3,1854,520
29060,"Laconia, NH",2019-02-01,0,1,2,0,3,3,0
29060,"Laconia, NH",2019-04-01,1,1,0,0,2,5,1
29060,"Laconia, NH",2019-05-01,0,2,1,0,3,8,1
29060,"Laconia, NH",2019-07-01,0,2,0,0,2,10,1
29060,"Laconia, NH",2019-08-01,2,6,0,0,8,18,3
29060,"Laconia, NH",2019-09-01,0,5,0,2,7,25,3
29060,"Laconia, NH",2019-10-01,0,3,0,0,3,28,3
29060,"Laconia, NH",2019-11-01,0,4,0,0,4,32,3
29060,"Laconia, NH",2019-12-01,0,5,1,0,6,38,3
29060,"Laconia, NH",2020-01-01,0,4,1,0,5,43,3
29060,"Laconia, NH",2020-02-01,0,7,1,0,8,51,3
29060,"Laconia, NH",2020-03-01,1,3,2,0,6,57,4
29060,"Laconia, NH",2020-04-01,3,5,0,0,8,65,7
29060,"Laconia, NH",2020-05-01,1,9,2,0,12,77,8
29060,"Laconia, NH",2020-06-01,2,6,1,0,9,86,10
29060,"Laconia, NH",2020-07-01,2,7,3,0,12,98,12
29060,"Laconia, NH",2020-08-01,3,10,3,0,16,114,15
29060,"Laconia, NH",2020-09-01,4,9,3,0,16,130,19
29060,"Laconia, NH",2020-10-01,4,14,2,1,21,151,23
29060,"Laconia, NH",2020-11-01,5,16,3,0,24,175,28
29060,"Laconia, NH",2020-12-01,15,12,0,0,27,202,43
29060,"Laconia, NH",2021-01-01,7,21,3,0,31,233,50
29060,"Laconia, NH",2021-02-01,7,16,5,0,28,261,57
29060,"Laconia, NH",2021-03-01,12,19,6,1,38,299,69
29060,"Laconia, NH",2021-04-01,7,24,7,0,38,337,76
29060,"Laconia, NH",2021-05-01,10,19,2,0,31,368,86
29060,"Laconia, NH",2021-06-01,8,26,7,0,41,409,94
29060,"Laconia, NH",2021-07-01,4,26,7,1,38,447,98
29060,"Laconia, NH",2021-08-01,13,24,6,0,43,490,111
29060,"Laconia, NH",2021-09-01,6,18,5,1,30,520,117
29060,"Laconia, NH",2021-10-01,13,23,7,0,43,563,130
29060,"Laconia, NH",2021-11-01,8,21,6,0,35,598,138
29060,"Laconia, NH",2021-12-01,12,32,8,0,52,650,150
29060,"Laconia, NH",2022-01-01,13,39,7,0,59,709,163
29060,"Laconia, NH",2022-02-01,14,22,9,1,46,755,177
29060,"Laconia, NH",2022-03-01,11,30,9,1,51,806,188
29060,"Laconia, NH",2022-04-01,11,29,7,0,47,853,199
29060,"Laconia, NH",2022-05-01,24,29,8,1,62,915,223
29060,"Laconia, NH",2022-06-01,9,24,7,1,41,956,232
29060,"Laconia, NH",2022-07-01,12,24,6,0,42,998,244
29060,"Laconia, NH",2022-08-01,6,13,8,1,28,1026,250
29060,"Laconia, NH",2022-09-01,9,21,6,0,36,1062,259
29060,"Laconia, NH",2022-10-01,11,19,9,2,41,1103,270
29060,"Laconia, NH",2022-11-01,12,19,6,2,39,1142,282
29060,"Laconia, NH",2022-12-01,20,18,2,0,40,1182,302
29060,"Laconia, NH",2023-01-01,18,22,13,1,54,1236,320
29060,"Laconia, NH",2023-02-01,12,17,9,0,38,1274,332
29060,"Laconia, NH",2023-03-01,11,11,5,0,27,1301,343
29060,"Laconia, NH",2023-04-01,10,18,7,0,35,1336,353
29060,"Laconia, NH",2023-05-01,11,29,6,0,46,1382,364
29060,"Laconia, NH",2023-06-01,13,22,10,0,45,1427,377
29060,"Laconia, NH",2023-07-01,12,28,4,0,44,1471,389
29060,"Laconia, NH",2023-08-01,8,22,5,0,35,1506,397
29060,"Laconia, NH",2023-09-01,17,26,5,0,48,1554,414
29060,"Laconia, NH",2023-10-01,9,21,11,2,43,1597,423
29060,"Laconia, NH",2023-11-01,12,28,8,0,48,1645,435
29060,"Laconia, NH",2023-12-01,13,23,7,0,43,1688,448
29060,"Laconia, NH",2024-01-01,28,26,9,1,64,1752,476
29060,"Laconia, NH",2024-02-01,18,17,4,1,40,1792,494
29060,"Laconia, NH",2024-03-01,15,29,10,1,55,1847,509
29060,"Laconia, NH",2024-04-01,14,26,3,0,43,1890,523
29060,"Laconia, NH",2024-05-01,18,24,4,1,47,1937,541
29060,"Laconia, NH",2024-06-01,14,23,3,1,41,1978,555
29060,"Laconia, NH",2024-07-01,12,21,7,1,41,2019,567
29060,"Laconia, NH",2024-08-01,13,24,9,2,48,2067,580
29060,"Laconia, NH",2024-09-01,21,22,3,1,47,2114,601
29060,"Laconia, NH",2024-10-01,13,21,10,1,45,2159,614
29060,"Laconia, NH",2024-11-01,20,17,10,1,48,2207,634
29060,"Laconia, NH",2024-12-01,23,18,5,1,47,2254,657
29060,"Laconia, NH",2025-01-01,10,20,8,1,39,2293,667
29060,"Laconia, NH",2025-02-01,8,17,5,0,30,2323,675
29060,"Laconia, NH",2025-03-01,12,17,4,1,34,2357,687
29060,"Laconia, NH",2025-04-01,23,22,13,1,59,2416,710
29060,"Laconia, NH",2025-05-01,18,16,6,1,41,2457,728
29060,"Laconia, NH",2025-06-01,20,21,6,0,47,2504,748
29060,"Laconia, NH",2025-07-01,12,28,8,0,48,2552,760
29060,"Laconia, NH",2025-08-01,14,9,8,1,32,2584,774
44220,"Springfield, OH",2019-01-01,0,50,12,1,63,63,0
44220,"Springfield, OH",2019-02-01,5,46,8,0,59,122,5
44220,"Springfield, OH",2019-03-01,4,70,21,2,97,219,9
44220,"Springfield, OH",2019-04-01,8,74,17,3,102,321,17
44220,"Springfield, OH",2019-05-01,6,74,18,1,99,420,23
44220,"Springfield, OH",2019-06-01,7,42,14,2,65,485,30
44220,"Springfield, OH",2019-07-01,8,46,14,1,69,554,38
44220,"Springfield, OH",2019-08-01,5,47,18,1,71,625,43
44220,"Springfield, OH",2019-09-01,8,61,13,0,82,707,51
44220,"Springfield, OH",2019-10-01,13,65,17,2,97,804,64
44220,"Springfield, OH",2019-11-01,10,58,11,2,81,885,74
44220,"Springfield, OH",2019-12-01,5,39,11,0,55,940,79
44220,"Springfield, OH",2020-01-01,9,57,12,1,79,1019,88
44220,"Springfield, OH",2020-02-01,16,55,16,1,88,1107,104
44220,"Springfield, OH",2020-03-01,17,74,12,0,103,1210,121
44220,"Springfield, OH",2020-04-01,35,120,29,7,191,1401,156
44220,"Springfield, OH",2020-05-01,89,146,41,1,277,1678,245
44220,"Springfield, OH",2020-06-01,40,123,21,0,184,1862,285
44220,"Springfield, OH",2020-07-01,36,119,38,2,195,2057,321
44220,"Springfield, OH",2020-08-01,48,126,35,4,213,2270,369
44220,"Springfield, OH",2020-09-01,41,118,21,1,181,2451,410
44220,"Springfield, OH",2020-10-01,38,131,37,4,210,2661,448
44220,"Springfield, OH",2020-11-01,19,85,25,1,130,2791,467
44220,"Springfield, OH",2020-12-01,40,82,20,2,144,2935,507
44220,"Springfield, OH",2021-01-01,88,191,53,6,338,3273,595
44220,"Springfield, OH",2021-02-01,51,170,41,5,267,3540,646
44220,"Springfield, OH",2021-03-01,63,169,40,7,279,3819,709
44220,"Springfield, OH",2021-04-01,53,169,45,4,271,4090,762
44220,"Springfield, OH",2021-05-01,70,184,45,5,304,4394,832
44220,"Springfield, OH",2021-06-01,53,154,36,5,248,4642,885
44220,"Springfield, OH",2021-07-01,44,117,21,2,184,4826,929
44220,"Springfield, OH",2021-08-01,41,90,42,3,176,5002,970
44220,"Springfield, OH",2021-09-01,48,135,53,4,240,5242,1018
44220,"Springfield, OH",2021-10-01,51,120,34,4,209,5451,1069
44220,"Springfield, OH",2021-11-01,38,105,42,7,192,5643,1107
44220,"Springfield, OH",2021-12-01,67,99,49,5,220,5863,1174
44220,"Springfield, OH",2022-01-01,77,167,57,6,307,6170,1251
44220,"Springfield, OH",2022-02-01,49,112,41,3,205,6375,1300
44220,"Springfield, OH",2022-03-01,58,108,40,3,209,6584,1358
44220,"Springfield, OH",2022-04-01,42,125,40,6,213,6797,1400
44220,"Springfield, OH",2022-05-01,27,62,22,3,114,6911,1427
44220,"Springfield, OH",2022-06-01,43,54,17,0,114,7025,1470
44220,"Springfield, OH",2022-07-01,25,47,11,1,84,7109,1495
44220,"Springfield, OH",2022-08-01,26,55,20,3,104,7213,1521
44220,"Springfield, OH",2022-09-01,30,58,30,5,123,7336,1551
44220,"Springfield, OH",2022-10-01,28,65,21,3,117,7453,1579
44220,"Springfield, OH",2022-11-01,61,100,36,3,200,7653,1640
44220,"Springfield, OH",2022-12-01,55,83,29,4,171,7824,1695
44220,"Springfield, OH",2023-01-01,67,90,32,10,199,8023,1762
44220,"Springfield, OH",2023-02-01,65,81,36,6,188,8211,1827
44220,"Springfield, OH",2023-03-01,68,127,35,4,234,8445,1895
44220,"Springfield, OH",2023-04-01,45,90,29,2,166,8611,1940
44220,"Springfield, OH",2023-05-01,32,49,19,0,100,8711,1972
44220,"Springfield, OH",2023-06-01,12,39,10,0,61,8772,1984
44220,"Springfield, OH",2023-07-01,22,37,8,3,70,8842,2006
44220,"Springfield, OH",2023-08-01,24,57,17,1,99,8941,2030
44220,"Springfield, OH",2023-09-01,47,79,29,2,157,9098,2077
44220,"Springfield, OH",2023-10-01,54,104,38,3,199,9297,2131
44220,"Springfield, OH",2023-11-01,59,108,42,2,211,9508,2190
44220,"Springfield, OH",2023-12-01,75,92,39,3,209,9717,2265
44220,"Springfield, OH",2024-01-01,70,113,29,6,218,9935,2335
44220,"Springfield, OH",2024-02-01,75,106,23,6,210,10145,2410
44220,"Springfield, OH",2024-03-01,81,103,28,7,219,10364,2491
44220,"Springfield, OH",2024-04-01,49,83,38,2,172,10536,2540
44220,"Springfield, OH",2024-05-01,59,99,32,3,193,10729,2599
44220,"Springfield, OH",2024-06-01,54,60,29,3,146,10875,2653
44220,"Springfield, OH",2024-07-01,56,94,26,6,182,11057,2709
44220,"Springfield, OH",2024-08-01,37,91,15,2,145,11202,2746
44220,"Springfield, OH",2024-09-01,53,105,30,1,189,11391,2799
44220,"Springfield, OH",2024-10-01,68,109,37,6,220,11611,2867
44220,"Springfield, OH",2024-11-01,74,112,28,2,216,11827,2941
44220,"Springfield, OH",2024-12-01,82,102,32,6,222,12049,3023
44220,"Springfield, OH",2025-01-01,64,116,39,6,225,12274,3087
44220,"Springfield, OH",2025-02-01,78,100,22,0,200,12474,3165
44220,"Springfield, OH",2025-03-01,86,110,34,6,236,12710,3251
44220,"Springfield, OH",2025-04-01,88,111,25,3,227,12937,3339
44220,"Springfield, OH",2025-05-01,71,126,42,3,242,13179,3410
44220,"Springfield, OH",2025-06-01,78,121,26,1,226,13405,3488
44220,"Springfield, OH",2025-07-01,55,106,23,5,189,13594,3543
44220,"Springfield, OH",2025-08-01,55,74,27,3,159,13753,3598
44220,"Springfield, OH",2025-09-01,2,1,1,0,4,13757,3600
47180,"Vincennes, IN",2019-01-01,0,2,1,0,3,3,0
47180,"Vincennes, IN",2019-02-01,0,1,0,0,1,4,0
47180,"Vincennes, IN",2019-03-01,0,3,0,0,3,7,0
47180,"Vincennes, IN",2019-04-01,0,2,0,0,2,9,0
47180,"Vincennes, IN",2019-05-01,0,4,0,0,4,13,0
47180,"Vincennes, IN",2019-06-01,1,2,2,0,5,18,1
47180,"Vincennes, IN",2019-07-01,0,11,3,0,14,32,1
47180,"Vincennes, IN",2019-08-01,0,7,1,0,8,40,1
47180,"Vincennes, IN",2019-09-01,1,6,0,0,7,47,2
47180,"Vincennes, IN",2019-10-01,5,9,1,0,15,62,7
47180,"Vincennes, IN",2019-11-01,0,15,0,0,15,77,7
47180,"Vincennes, IN",2019-12-01,2,5,1,1,9,86,9
47180,"Vincennes, IN",2020-01-01,1,7,1,1,10,96,10
47180,"Vincennes, IN",2020-02-01,4,9,0,0,13,109,14
47180,"Vincennes, IN",2020-03-01,1,14,5,0,20,129,15
47180,"Vincennes, IN",2020-04-01,3,15,4,0,22,151,18
47180,"Vincennes, IN",2020-05-01,6,11,2,0,19,170,24
47180,"Vincennes, IN",2020-06-01,0,11,3,1,15,185,24
47180,"Vincennes, IN",2020-07-01,4,12,1,0,17,202,28
47180,"Vincennes, IN",2020-08-01,2,12,1,0,15,217,30
47180,"Vincennes, IN",2020-09-01,12,6,4,0,22,239,42
47180,"Vincennes, IN",2020-10-01,8,14,3,0,25,264,50
47180,"Vincennes, IN",2020-11-01,6,6,4,0,16,280,56
47180,"Vincennes, IN",2020-12-01,8,8,3,0,19,299,64
47180,"Vincennes, IN",2021-01-01,6,18,3,0,27,326,70
47180,"Vincennes, IN",2021-02-01,8,16,2,0,26,352,78
47180,"Vincennes, IN",2021-03-01,5,19,3,2,29,381,83
47180,"Vincennes, IN",2021-04-01,10,19,6,0,35,416,93
47180,"Vincennes, IN",2021-05-01,12,23,6,0,41,457,105
47180,"Vincennes, IN",2021-06-01,7,11,6,1,25,482,112
47180,"Vincennes, IN",2021-07-01,9,23,6,0,38,520,121
47180,"Vincennes, IN",2021-08-01,7,17,4,0,28,548,128
47180,"Vincennes, IN",2021-09-01,11,20,7,1,39,587,139
47180,"Vincennes, IN",2021-10-01,2,16,8,1,27,614,141
47180,"Vincennes, IN",2021-11-01,9,21,9,2,41,655,150
47180,"Vincennes, IN",2021-12-01,10,15,8,1,34,689,160
47180,"Vincennes, IN",2022-01-01,12,21,9,0,42,731,172
47180,"Vincennes, IN",2022-02-01,10,20,7,1,38,769,182
47180,"Vincennes, IN",2022-03-01,19,19,10,1,49,818,201
47180,"Vincennes, IN",2022-04-01,10,15,5,0,30,848,211
47180,"Vincennes, IN",2022-05-01,11,21,9,0,41,889,222
47180,"Vincennes, IN",2022-06-01,8,18,3,0,29,918,230
47180,"Vincennes, IN",2022-07-01,6,13,3,0,22,940,236
47180,"Vincennes, IN",2022-08-01,9,11,4,0,24,964,245
47180,"Vincennes, IN",2022-09-01,8,8,4,0,20,984,253
47180,"Vincennes, IN",2022-10-01,11,14,2,0,27,1011,264
47180,"Vincennes, IN",2022-11-01,12,16,7,0,35,1046,276
47180,"Vincennes, IN",2022-12-01,15,16,0,0,31,1077,291
47180,"Vincennes, IN",2023-01-01,22,16,4,0,42,1119,313
47180,"Vincennes, IN",2023-02-01,16,13,4,1,34,1153,329
47180,"Vincennes, IN",2023-03-01,29,19,5,0,53,1206,358
47180,"Vincennes, IN",2023-04-01,12,25,1,1,39,1245,370
47180,"Vincennes, IN",2023-05-01,14,16,5,0,35,1280,384
47180,"Vincennes, IN",2023-06-01,8,11,10,0,29,1309,392
47180,"Vincennes, IN",2023-07-01,11,19,5,0,35,1344,403
47180,"Vincennes, IN",2023-08-01,7,11,2,0,20,1364,410
47180,"Vincennes, IN",2023-09-01,7,11,8,1,27,1391,417
47180,"Vincennes, IN",2023-10-01,21,19,3,0,43,1434,438
47180,"Vincennes, IN",2023-11-01,15,12,5,1,33,1467,453
47180,"Vincennes, IN",2023-12-01,10,14,8,0,32,1499,463
47180,"Vincennes, IN",2024-01-01,19,32,9,0,60,1559,482
47180,"Vincennes, IN",2024-02-01,15,21,1,0,37,1596,497
47180,"Vincennes, IN",2024-03-01,20,22,3,2,47,1643,517
47180,"Vincennes, IN",2024-04-01,10,13,8,0,31,1674,527
47180,"Vincennes, IN",2024-05-01,14,18,4,0,36,1710,541
47180,"Vincennes, IN",2024-06-01,4,5,4,0,13,1723,545
47180,"Vincennes, IN",2024-07-01,7,7,1,0,15,1738,552
47180,"Vincennes, IN",2024-08-01,4,10,2,0,16,1754,556
47180,"Vincennes, IN",2024-09-01,5,12,5,0,22,1776,561
47180,"Vincennes, IN",2024-10-01,20,23,4,0,47,1823,581
47180,"Vincennes, IN",2024-11-01,24,17,3,0,44,1867,605
47180,"Vincennes, IN",2024-12-01,23,25,3,2,53,1920,628
47180,"Vincennes, IN",2025-01-01,18,25,8,0,51,1971,646
47180,"Vincennes, IN",2025-02-01,21,12,5,1,39,2010,667
47180,"Vincennes, IN",2025-03-01,28,26,8,0,62,2072,695
47180,"Vincennes, IN",2025-04-01,31,13,5,0,49,2121,726
47180,"Vincennes, IN",2025-05-01,23,24,1,0,48,2169,749
47180,"Vincennes, IN",2025-06-01,16,24,4,0,44,2213,765
47180,"Vincennes, IN",2025-07-01,13,21,4,2,40,2253,778
47180,"Vincennes, IN",2025-08-01,19,19,4,1,43,2296,797
46820,"Vermillion, SD",2019-01-01,0,1,0,0,1,1,0
46820,"Vermillion, SD",2019-03-01,0,1,0,0,1,2,0
46820,"Vermillion, SD",2019-04-01,0,1,0,0,1,3,0
46820,"Vermillion, SD",2019-05-01,0,1,0,0,1,4,0
46820,"Vermillion, SD",2019-06-01,0,0,1,0,1,5,0
46820,"Vermillion, SD",2019-08-01,1,1,0,0,2,7,1
46820,"Vermillion, SD",2019-09-01,0,2,0,0,2,9,1
46820,"Vermillion, SD",2019-11-01,1,0,0,0,1,10,2
46820,"Vermillion, SD",2020-02-01,3,3,1,0,7,17,5
46820,"Vermillion, SD",2020-03-01,3,4,0,0,7,24,8
46820,"Vermillion, SD",2020-04-01,2,4,0,0,6,30,10
46820,"Vermillion, SD",2020-05-01,8,6,0,0,14,44,18
46820,"Vermillion, SD",2020-06-01,5,4,1,0,10,54,23
46820,"Vermillion, SD",2020-07-01,4,3,0,0,7,61,27
46820,"Vermillion, SD",2020-08-01,3,3,2,0,8,69,30
46820,"Vermillion, SD",2020-09-01,0,2,1,0,3,72,30
46820,"Vermillion, SD",2020-10-01,1,1,1,1,4,76,31
46820,"Vermillion, SD",2020-11-01,3,8,1,0,12,88,34
46820,"Vermillion, SD",2020-12-01,3,8,1,0,12,100,37
46820,"Vermillion, SD",2021-01-01,7,15,0,0,22,122,44
46820,"Vermillion, SD",2021-02-01,6,7,3,0,16,138,50
46820,"Vermillion, SD",2021-03-01,9,15,2,0,26,164,59
46820,"Vermillion, SD",2021-04-01,8,14,0,0,22,186,67
46820,"Vermillion, SD",2021-05-01,7,12,0,0,19,205,74
46820,"Vermillion, SD",2021-06-01,9,8,0,0,17,222,83
46820,"Vermillion, SD",2021-07-01,8,6,1,0,15,237,91
46820,"Vermillion, SD",2021-08-01,5,15,1,0,21,258,96
46820,"Vermillion, SD",2021-09-01,8,8,0,0,16,274,104
46820,"Vermillion, SD",2021-10-01,2,4,1,0,7,281,106
46820,"Vermillion, SD",2021-11-01,6,7,0,0,13,294,112
46820,"Vermillion, SD",2021-12-01,8,9,2,0,19,313,120
46820,"Vermillion, SD",2022-01-01,9,19,4,1,33,346,129
46820,"Vermillion, SD",2022-02-01,6,3,2,0,11,357,135
46820,"Vermillion, SD",2022-03-01,14,11,4,0,29,386,149
46820,"Vermillion, SD",2022-04-01,8,8,0,0,16,402,157
46820,"Vermillion, SD",2022-05-01,4,6,4,0,14,416,161
46820,"Vermillion, SD",2022-06-01,8,4,1,0,13,429,169
46820,"Vermillion, SD",2022-07-01,5,6,3,0,14,443,174
46820,"Vermillion, SD",2022-08-01,14,13,5,0,32,475,188
46820,"Vermillion, SD",2022-09-01,14,13,7,1,35,510,202
46820,"Vermillion, SD",2022-10-01,11,9,0,0,20,530,213
46820,"Vermillion, SD",2022-11-01,14,9,2,0,25,555,227
46820,"Vermillion, SD",2022-12-01,13,12,3,0,28,583,240
46820,"Vermillion, SD",2023-01-01,14,6,0,0,20,603,254
46820,"Vermillion, SD",2023-02-01,8,12,3,1,24,627,262
46820,"Vermillion, SD",2023-03-01,16,7,4,0,27,654,278
46820,"Vermillion, SD",2023-04-01,3,11,2,0,16,670,281
46820,"Vermillion, SD",2023-05-01,5,10,1,0,16,686,286
46820,"Vermillion, SD",2023-06-01,8,5,2,0,15,701,294
46820,"Vermillion, SD",2023-07-01,3,4,2,0,9,710,297
46820,"Vermillion, SD",2023-08-01,4,3,1,0,8,718,301
46820,"Vermillion, SD",2023-09-01,6,5,1,0,12,730,307
46820,"Vermillion, SD",2023-10-01,7,9,2,0,18,748,314
46820,"Vermillion, SD",2023-11-01,9,8,1,0,18,766,323
46820,"Vermillion, SD",2023-12-01,14,8,1,1,24,790,337
46820,"Vermillion, SD",2024-01-01,5,5,3,0,13,803,342
46820,"Vermillion, SD",2024-02-01,13,5,2,0,20,823,355
46820,"Vermillion, SD",2024-03-01,10,12,0,0,22,845,365
46820,"Vermillion, SD",2024-04-01,5,4,2,0,11,856,370
46820,"Vermillion, SD",2024-05-01,3,4,0,0,7,863,373
46820,"Vermillion, SD",2024-06-01,8,7,0,0,15,878,381
46820,"Vermillion, SD",2024-07-01,8,5,1,1,15,893,389
46820,"Vermillion, SD",2024-08-01,9,5,0,0,14,907,398
46820,"Vermillion, SD",2024-09-01,0,1,1,0,2,909,398
46820,"Vermillion, SD",2024-10-01,12,6,1,0,19,928,410
46820,"Vermillion, SD",2024-11-01,14,5,2,0,21,949,424
46820,"Vermillion, SD",2024-12-01,11,7,1,0,19,968,435
46820,"Vermillion, SD",2025-01-01,14,2,1,0,17,985,449
46820,"Vermillion, SD",2025-02-01,14,8,0,0,22,1007,463
46820,"Vermillion, SD",2025-03-01,10,13,4,0,27,1034,473
46820,"Vermillion, SD",2025-04-01,5,7,0,0,12,1046,478
46820,"Vermillion, SD",2025-05-01,6,15,2,0,23,1069,484
46820,"Vermillion, SD",2025-06-01,14,11,5,0,30,1099,498
46820,"Vermillion, SD",2025-07-01,7,7,1,0,15,1114,505
46820,"Vermillion, SD",2025-08-01,7,2,1,0,10,1124,512
46820,"Vermillion, SD",2025-09-01,1,0,0,0,1,1125,513
28540,"Ketchikan, AK",2021-01-01,0,0,1,0,1,1,0
28540,"Ketchikan, AK",2021-03-01,0,2,1,0,3,4,0
28540,"Ketchikan, AK",2021-08-01,0,1,0,0,1,5,0
28540,"Ketchikan, AK",2021-09-01,0,2,0,1,3,8,0
28540,"Ketchikan, AK",2021-11-01,0,2,1,0,3,11,0
28540,"Ketchikan, AK",2021-12-01,1,1,0,0,2,13,1
28540,"Ketchikan, AK",2022-01-01,2,1,2,0,5,18,3
28540,"Ketchikan, AK",2022-02-01,1,0,0,0,1,19,4
28540,"Ketchikan, AK",2022-03-01,0,0,1,0,1,20,4
28540,"Ketchikan, AK",2022-04-01,1,1,1,0,3,23,5
28540,"Ketchikan, AK",2022-07-01,1,1,0,0,2,25,6
28540,"Ketchikan, AK",2022-08-01,1,0,0,0,1,26,7
28540,"Ketchikan, AK",2022-09-01,0,2,0,0,2,28,7
28540,"Ketchikan, AK",2022-10-01,0,3,1,0,4,32,7
28540,"Ketchikan, AK",2022-11-01,0,1,0,0,1,33,7
28540,"Ketchikan, AK",2023-02-01,1,0,0,0,1,34,8
28540,"Ketchikan, AK",2023-03-01,2,0,0,0,2,36,10
28540,"Ketchikan, AK",2023-06-01,0,1,0,0,1,37,10
28540,"Ketchikan, AK",2023-07-01,0,1,1,0,2,39,10
28540,"Ketchikan, AK",2023-08-01,1,1,0,0,2,41,11
28540,"Ketchikan, AK",2023-09-01,0,1,0,0,1,42,11
28540,"Ketchikan, AK",2023-10-01,0,2,0,0,2,44,11
28540,"Ketchikan, AK",2023-11-01,0,4,2,0,6,50,11
28540,"Ketchikan, AK",2023-12-01,1,3,0,0,4,54,12
28540,"Ketchikan, AK",2024-01-01,1,0,1,0,2,56,13
28540,"Ketchikan, AK",2024-03-01,0,1,0,0,1,57,13
28540,"Ketchikan, AK",2024-04-01,0,1,1,0,2,59,13
28540,"Ketchikan, AK",2024-05-01,1,2,0,0,3,62,14
28540,"Ketchikan, AK",2024-06-01,2,1,0,0,3,65,16
28540,"Ketchikan, AK",2024-07-01,1,1,0,0,2,67,17
28540,"Ketchikan, AK",2024-08-01,0,1,0,0,1,68,17
28540,"Ketchikan, AK",2024-09-01,1,1,0,0,2,70,18
28540,"Ketchikan, AK",2024-10-01,0,2,0,0,2,72,18
28540,"Ketchikan, AK",2024-11-01,0,1,0,0,1,73,18
28540,"Ketchikan, AK",2024-12-01,2,2,0,0,4,77,20
28540,"Ketchikan, AK",2025-02-01,1,1,0,0,2,79,21
28540,"Ketchikan, AK",2025-04-01,0,1,1,0,2,81,21
28540,"Ketchikan, AK",2025-05-01,2,0,0,0,2,83,23
28540,"Ketchikan, AK",2025-06-01,1,2,0,0,3,86,24
24100,"Gloversville, NY",2019-01-01,0,1,0,0,1,1,0
24100,"Gloversville, NY",2019-03-01,0,1,0,0,1,2,0
24100,"Gloversville, NY",2019-04-01,1,1,0,0,2,4,1
24100,"Gloversville, NY",2019-05-01,0,1,0,0,1,5,1
24100,"Gloversville, NY",2019-06-01,0,1,1,0,2,7,1
24100,"Gloversville, NY",2019-08-01,1,1,0,0,2,9,2
24100,"Gloversville, NY",2019-09-01,0,1,1,0,2,11,2
24100,"Gloversville, NY",2019-10-01,0,0,1,0,1,12,2
24100,"Gloversville, NY",2019-11-01,0,0,1,0,1,13,2
24100,"Gloversville, NY",2019-12-01,0,2,0,0,2,15,2
24100,"Gloversville, NY",2020-01-01,0,1,0,0,1,16,2
24100,"Gloversville, NY",2020-02-01,0,2,0,0,2,18,2
24100,"Gloversville, NY",2020-03-01,0,1,0,0,1,19,2
24100,"Gloversville, NY",2020-04-01,0,3,0,0,3,22,2
24100,"Gloversville, NY",2020-05-01,2,1,1,0,4,26,4
24100,"Gloversville, NY",2020-06-01,2,6,0,0,8,34,6
24100,"Gloversville, NY",2020-07-01,0,3,1,0,4,38,6
24100,"Gloversville, NY",2020-08-01,0,9,3,0,12,50,6
24100,"Gloversville, NY",2020-09-01,1,9,1,0,11,61,7
24100,"Gloversville, NY",2020-10-01,1,19,2,0,22,83,8
24100,"Gloversville, NY",2020-11-01,3,15,3,0,21,104,11
24100,"Gloversville, NY",2020-12-01,9,12,2,2,25,129,20
24100,"Gloversville, NY",2021-01-01,15,21,3,2,41,170,35
24100,"Gloversville, NY",2021-02-01,15,22,9,1,47,217,50
24100,"Gloversville, NY",2021-03-01,10,20,11,0,41,258,60
24100,"Gloversville, NY",2021-04-01,3,14,3,0,20,278,63
24100,"Gloversville, NY",2021-05-01,9,35,11,3,58,336,72
24100,"Gloversville, NY",2021-06-01,10,24,8,1,43,379,82
24100,"Gloversville, NY",2021-07-01,9,29,9,1,48,427,91
24100,"Gloversville, NY",2021-08-01,12,22,10,1,45,472,103
24100,"Gloversville, NY",2021-09-01,4,32,7,0,43,515,107
24100,"Gloversville, NY",2021-10-01,9,34,8,0,51,566,116
24100,"Gloversville, NY",2021-11-01,4,20,8,0,32,598,120
24100,"Gloversville, NY",2021-12-01,7,31,7,1,46,644,127
24100,"Gloversville, NY",2022-01-01,13,41,6,1,61,705,140
24100,"Gloversville, NY",2022-02-01,10,23,10,1,44,749,150
24100,"Gloversville, NY",2022-03-01,7,23,15,1,46,795,157
24100,"Gloversville, NY",2022-04-01,10,33,7,0,50,845,167
24100,"Gloversville, NY",2022-05-01,15,29,4,1,49,894,182
24100,"Gloversville, NY",2022-06-01,5,18,5,0,28,922,187
24100,"Gloversville, NY",2022-07-01,8,21,4,1,34,956,195
24100,"Gloversville, NY",2022-08-01,13,24,9,0,46,1002,208
24100,"Gloversville, NY",2022-09-01,7,19,10,1,37,1039,215
24100,"Gloversville, NY",2022-10-01,6,18,7,1,32,1071,221
24100,"Gloversville, NY",2022-11-01,19,18,10,1,48,1119,240
24100,"Gloversville, NY",2022-12-01,9,24,8,0,41,1160,249
24100,"Gloversville, NY",2023-01-01,9,22,12,2,45,1205,258
24100,"Gloversville, NY",2023-02-01,14,23,7,0,44,1249,272
24100,"Gloversville, NY",2023-03-01,22,33,10,0,65,1314,294
24100,"Gloversville, NY",2023-04-01,15,23,1,0,39,1353,309
24100,"Gloversville, NY",2023-05-01,6,15,5,2,28,1381,315
24100,"Gloversville, NY",2023-06-01,12,22,8,0,42,1423,327
24100,"Gloversville, NY",2023-07-01,14,23,5,1,43,1466,341
24100,"Gloversville, NY",2023-08-01,2,4,1,0,7,1473,343
24100,"Gloversville, NY",2023-09-01,6,7,3,0,16,1489,349
24100,"Gloversville, NY",2023-10-01,6,19,11,0,36,1525,355
24100,"Gloversville, NY",2023-11-01,8,21,5,0,34,1559,363
24100,"Gloversville, NY",2023-12-01,4,22,8,1,35,1594,367
24100,"Gloversville, NY",2024-01-01,15,18,12,1,46,1640,382
24100,"Gloversville, NY",2024-02-01,15,19,5,0,39,1679,397
24100,"Gloversville, NY",2024-03-01,17,22,7,0,46,1725,414
24100,"Gloversville, NY",2024-04-01,9,12,10,0,31,1756,423
24100,"Gloversville, NY",2024-05-01,13,17,4,0,34,1790,436
24100,"Gloversville, NY",2024-06-01,11,14,3,0,28,1818,447
24100,"Gloversville, NY",2024-07-01,4,18,3,0,25,1843,451
24100,"Gloversville, NY",2024-08-01,13,19,9,1,42,1885,464
24100,"Gloversville, NY",2024-09-01,11,18,6,0,35,1920,475
24100,"Gloversville, NY",2024-10-01,20,20,8,1,49,1969,495
24100,"Gloversville, NY",2024-11-01,19,30,3,0,52,2021,514
24100,"Gloversville, NY",2024-12-01,24,30,5,0,59,2080,538
24100,"Gloversville, NY",2025-01-01,32,30,9,2,73,2153,570
24100,"Gloversville, NY",2025-02-01,21,18,11,0,50,2203,591
24100,"Gloversville, NY",2025-03-01,15,36,6,1,58,2261,606
24100,"Gloversville, NY",2025-04-01,14,34,11,0,59,2320,620
24100,"Gloversville, NY",2025-05-01,32,22,3,1,58,2378,652
24100,"Gloversville, NY",2025-06-01,19,24,12,1,56,2434,671
24100,"Gloversville, NY",2025-07-01,15,39,5,0,59,2493,686
24100,"Gloversville, NY",2025-08-01,7,20,8,0,35,2528,693
48780,"Williston, ND",2019-02-01,0,3,1,0,4,4,0
48780,"Williston, ND",2019-03-01,0,2,2,0,4,8,0
48780,"Williston, ND",2019-04-01,0,5,1,0,6,14,0
48780,"Williston, ND",2019-05-01,0,2,0,0,2,16,0
48780,"Williston, ND",2019-06-01,0,1,2,0,3,19,0
48780,"Williston, ND",2019-07-01,1,13,1,1,16,35,1
48780,"Williston, ND",2019-08-01,0,7,0,0,7,42,1
48780,"Williston, ND",2019-09-01,0,10,1,2,13,55,1
48780,"Williston, ND",2019-10-01,0,12,0,0,12,67,1
48780,"Williston, ND",2019-11-01,3,13,4,0,20,87,4
48780,"Williston, ND",2019-12-01,2,12,3,2,19,106,6
48780,"Williston, ND",2020-01-01,0,18,3,0,21,127,6
48780,"Williston, ND",2020-02-01,2,11,1,0,14,141,8
48780,"Williston, ND",2020-03-01,2,13,6,0,21,162,10
48780,"Williston, ND",2020-04-01,3,24,12,1,40,202,13
48780,"Williston, ND",2020-05-01,4,16,8,0,28,230,17
48780,"Williston, ND",2020-06-01,6,23,6,0,35,265,23
48780,"Williston, ND",2020-07-01,7,20,3,1,31,296,30
48780,"Williston, ND",2020-08-01,3,31,6,2,42,338,33
48780,"Williston, ND",2020-09-01,7,18,2,0,27,365,40
48780,"Williston, ND",2020-10-01,8,24,7,0,39,404,48
48780,"Williston, ND",2020-11-01,7,19,1,0,27,431,55
48780,"Williston, ND",2020-12-01,6,21,3,0,30,461,61
48780,"Williston, ND",2021-01-01,7,27,8,0,42,503,68
48780,"Williston, ND",2021-02-01,7,27,2,0,36,539,75
48780,"Williston, ND",2021-03-01,10,31,6,0,47,586,85
48780,"Williston, ND",2021-04-01,10,39,8,0,57,643,95
48780,"Williston, ND",2021-05-01,10,24,7,1,42,685,105
48780,"Williston, ND",2021-06-01,8,33,7,1,49,734,113
48780,"Williston, ND",2021-07-01,9,30,7,3,49,783,122
48780,"Williston, ND",2021-08-01,8,20,5,0,33,816,130
48780,"Williston, ND",2021-09-01,7,22,2,1,32,848,137
48780,"Williston, ND",2021-10-01,3,38,7,0,48,896,140
48780,"Williston, ND",2021-11-01,9,30,6,0,45,941,149
48780,"Williston, ND",2021-12-01,10,37,8,1,56,997,159
48780,"Williston, ND",2022-01-01,19,30,9,1,59,1056,178
48780,"Williston, ND",2022-02-01,8,33,4,1,46,1102,186
48780,"Williston, ND",2022-03-01,17,24,16,0,57,1159,203
48780,"Williston, ND",2022-04-01,10,24,5,0,39,1198,213
48780,"Williston, ND",2022-05-01,8,26,5,0,39,1237,221
48780,"Williston, ND",2022-06-01,8,27,6,1,42,1279,229
48780,"Williston, ND",2022-07-01,12,29,10,0,51,1330,241
48780,"Williston, ND",2022-08-01,16,35,6,0,57,1387,257
48780,"Williston, ND",2022-09-01,15,17,6,1,39,1426,272
48780,"Williston, ND",2022-10-01,14,30,5,0,49,1475,286
48780,"Williston, ND",2022-11-01,12,37,9,3,61,1536,298
48780,"Williston, ND",2022-12-01,8,25,5,0,38,1574,306
48780,"Williston, ND",2023-01-01,24,35,9,0,68,1642,330
48780,"Williston, ND",2023-02-01,17,17,10,0,44,1686,347
48780,"Williston, ND",2023-03-01,15,35,3,1,54,1740,362
48780,"Williston, ND",2023-04-01,13,16,6,3,38,1778,375
48780,"Williston, ND",2023-05-01,19,21,8,1,49,1827,394
48780,"Williston, ND",2023-06-01,16,20,3,0,39,1866,410
48780,"Williston, ND",2023-07-01,17,16,5,0,38,1904,427
48780,"Williston, ND",2023-08-01,6,14,2,0,22,1926,433
48780,"Williston, ND",2023-09-01,12,25,9,0,46,1972,445
48780,"Williston, ND",2023-10-01,17,41,12,0,70,2042,462
48780,"Williston, ND",2023-11-01,13,22,6,1,42,2084,475
48780,"Williston, ND",2023-12-01,18,37,11,1,67,2151,493
48780,"Williston, ND",2024-01-01,23,40,12,2,77,2228,516
48780,"Williston, ND",2024-02-01,20,26,9,0,55,2283,536
48780,"Williston, ND",2024-03-01,21,27,12,0,60,2343,557
48780,"Williston, ND",2024-04-01,10,28,11,0,49,2392,567
48780,"Williston, ND",2024-05-01,11,38,10,1,60,2452,578
48780,"Williston, ND",2024-06-01,18,42,10,0,70,2522,596
48780,"Williston, ND",2024-07-01,6,21,7,0,34,2556,602
48780,"Williston, ND",2024-08-01,12,17,7,0,36,2592,614
48780,"Williston, ND",2024-09-01,11,22,7,0,40,2632,625
48780,"Williston, ND",2024-10-01,21,40,9,0,70,2702,646
48780,"Williston, ND",2024-11-01,18,16,12,0,46,2748,664
48780,"Williston, ND",2024-12-01,19,34,7,0,60,2808,683
48780,"Williston, ND",2025-01-01,22,40,8,0,70,2878,705
48780,"Williston, ND",2025-02-01,12,20,9,1,42,2920,717
48780,"Williston, ND",2025-03-01,16,21,1,0,38,2958,733
48780,"Williston, ND",2025-04-01,18,20,5,0,43,3001,751
48780,"Williston, ND",2025-05-01,20,28,8,0,56,3057,771
48780,"Williston, ND",2025-06-01,17,30,11,0,58,3115,788
48780,"Williston, ND",2025-07-01,24,34,8,0,66,3181,812
48780,"Williston, ND",2025-08-01,32,23,8,2,65,3246,844
48780,"Williston, ND",2025-09-01,2,0,0,0,2,3248,846
39300,"Providence-Warwick, RI-MA",2019-01-01,2,142,31,3,178,178,2
39300,"Providence-Warwick, RI-MA",2019-02-01,5,141,32,3,181,359,7
39300,"Providence-Warwick, RI-MA",2019-03-01,15,181,28,3,227,586,22
39300,"Providence-Warwick, RI-MA",2019-04-01,6,184,40,1,231,817,28
39300,"Providence-Warwick, RI-MA",2019-05-01,11,151,30,2,194,1011,39
39300,"Providence-Warwick, RI-MA",2019-06-01,13,107,20,1,141,1152,52
39300,"Providence-Warwick, RI-MA",2019-07-01,9,106,23,3,141,1293,61
39300,"Providence-Warwick, RI-MA",2019-08-01,17,178,20,1,216,1509,78
39300,"Providence-Warwick, RI-MA",2019-09-01,11,169,35,3,218,1727,89
39300,"Providence-Warwick, RI-MA",2019-10-01,16,147,46,3,212,1939,105
39300,"Providence-Warwick, RI-MA",2019-11-01,14,134,17,1,166,2105,119
39300,"Providence-Warwick, RI-MA",2019-12-01,22,135,29,9,195,2300,141
39300,"Providence-Warwick, RI-MA",2020-01-01,26,134,29,4,193,2493,167
39300,"Providence-Warwick, RI-MA",2020-02-01,21,88,23,1,133,2626,188
39300,"Providence-Warwick, RI-MA",2020-03-01,29,207,56,9,301,2927,217
39300,"Providence-Warwick, RI-MA",2020-04-01,77,329,78,9,493,3420,294
39300,"Providence-Warwick, RI-MA",2020-05-01,204,497,97,15,813,4233,498
39300,"Providence-Warwick, RI-MA",2020-06-01,188,449,84,7,728,4961,686
39300,"Providence-Warwick, RI-MA",2020-07-01,177,557,91,3,828,5789,863
39300,"Providence-Warwick, RI-MA",2020-08-01,161,635,86,15,897,6686,1024
39300,"Providence-Warwick, RI-MA",2020-09-01,141,595,114,14,864,7550,1165
39300,"Providence-Warwick, RI-MA",2020-10-01,108,433,88,8,637,8187,1273
39300,"Providence-Warwick, RI-MA",2020-11-01,103,325,47,6,481,8668,1376
39300,"Providence-Warwick, RI-MA",2020-12-01,143,366,71,7,587,9255,1519
39300,"Providence-Warwick, RI-MA",2021-01-01,268,571,136,14,989,10244,1787
39300,"Providence-Warwick, RI-MA",2021-02-01,212,557,115,14,898,11142,1999
39300,"Providence-Warwick, RI-MA",2021-03-01,240,540,121,10,911,12053,2239
39300,"Providence-Warwick, RI-MA",2021-04-01,233,635,121,13,1002,13055,2472
39300,"Providence-Warwick, RI-MA",2021-05-01,243,630,132,7,1012,14067,2715
39300,"Providence-Warwick, RI-MA",2021-06-01,236,724,128,16,1104,15171,2951
39300,"Providence-Warwick, RI-MA",2021-07-01,254,686,170,13,1123,16294,3205
39300,"Providence-Warwick, RI-MA",2021-08-01,204,671,127,15,1017,17311,3409
39300,"Providence-Warwick, RI-MA",2021-09-01,171,779,177,22,1149,18460,3580
39300,"Providence-Warwick, RI-MA",2021-10-01,74,317,56,3,450,18910,3654
39300,"Providence-Warwick, RI-MA",2021-11-01,140,387,82,8,617,19527,3794
39300,"Providence-Warwick, RI-MA",2021-12-01,236,580,121,13,950,20477,4030
39300,"Providence-Warwick, RI-MA",2022-01-01,260,649,139,7,1055,21532,4290
39300,"Providence-Warwick, RI-MA",2022-02-01,177,534,109,13,833,22365,4467
39300,"Providence-Warwick, RI-MA",2022-03-01,131,353,83,6,573,22938,4598
39300,"Providence-Warwick, RI-MA",2022-04-01,113,308,83,11,515,23453,4711
39300,"Providence-Warwick, RI-MA",2022-05-01,211,503,115,10,839,24292,4922
39300,"Providence-Warwick, RI-MA",2022-06-01,113,268,58,7,446,24738,5035
39300,"Providence-Warwick, RI-MA",2022-07-01,117,269,74,4,464,25202,5152
39300,"Providence-Warwick, RI-MA",2022-08-01,106,335,72,9,522,25724,5258
39300,"Providence-Warwick, RI-MA",2022-09-01,181,525,132,8,846,26570,5439
39300,"Providence-Warwick, RI-MA",2022-10-01,187,466,123,14,790,27360,5626
39300,"Providence-Warwick, RI-MA",2022-11-01,183,413,112,10,718,28078,5809
39300,"Providence-Warwick, RI-MA",2022-12-01,278,486,116,10,890,28968,6087
39300,"Providence-Warwick, RI-MA",2023-01-01,328,533,141,18,1020,29988,6415
39300,"Providence-Warwick, RI-MA",2023-02-01,242,469,126,13,850,30838,6657
39300,"Providence-Warwick, RI-MA",2023-03-01,292,535,123,14,964,31802,6949
39300,"Providence-Warwick, RI-MA",2023-04-01,219,408,118,8,753,32555,7168
39300,"Providence-Warwick, RI-MA",2023-05-01,144,238,43,6,431,32986,7312
39300,"Providence-Warwick, RI-MA",2023-06-01,122,209,46,4,381,33367,7434
39300,"Providence-Warwick, RI-MA",2023-07-01,165,291,56,7,519,33886,7599
39300,"Providence-Warwick, RI-MA",2023-08-01,138,267,49,3,457,34343,7737
39300,"Providence-Warwick, RI-MA",2023-09-01,306,536,160,10,1012,35355,8043
39300,"Providence-Warwick, RI-MA",2023-10-01,276,537,161,15,989,36344,8319
39300,"Providence-Warwick, RI-MA",2023-11-01,308,532,151,12,1003,37347,8627
39300,"Providence-Warwick, RI-MA",2023-12-01,342,493,141,15,991,38338,8969
39300,"Providence-Warwick, RI-MA",2024-01-01,349,530,151,7,1037,39375,9318
39300,"Providence-Warwick, RI-MA",2024-02-01,326,508,145,26,1005,40380,9644
39300,"Providence-Warwick, RI-MA",2024-03-01,328,447,142,13,930,41310,9972
39300,"Providence-Warwick, RI-MA",2024-04-01,314,472,116,14,916,42226,10286
39300,"Providence-Warwick, RI-MA",2024-05-01,376,396,127,12,911,43137,10662
39300,"Providence-Warwick, RI-MA",2024-06-01,351,413,118,10,892,44029,11013
39300,"Providence-Warwick, RI-MA",2024-07-01,261,397,81,6,745,44774,11274
39300,"Providence-Warwick, RI-MA",2024-08-01,216,417,108,13,754,45528,11490
39300,"Providence-Warwick, RI-MA",2024-09-01,295,497,120,8,920,46448,11785
39300,"Providence-Warwick, RI-MA",2024-10-01,226,368,115,8,717,47165,12011
39300,"Providence-Warwick, RI-MA",2024-11-01,127,223,47,0,397,47562,12138
39300,"Providence-Warwick, RI-MA",2024-12-01,236,311,75,7,629,48191,12374
39300,"Providence-Warwick, RI-MA",2025-01-01,314,434,112,12,872,49063,12688
39300,"Providence-Warwick, RI-MA",2025-02-01,351,442,140,4,937,50000,13039
39300,"Providence-Warwick, RI-MA",2025-03-01,376,433,145,12,966,50966,13415
39300,"Providence-Warwick, RI-MA",2025-04-01,348,458,121,5,932,51898,13763
39300,"Providence-Warwick, RI-MA",2025-05-01,415,444,127,16,1002,52900,14178
39300,"Providence-Warwick, RI-MA",2025-06-01,418,443,121,14,996,53896,14596
39300,"Providence-Warwick, RI-MA",2025-07-01,384,432,137,9,962,54858,14980
39300,"Providence-Warwick, RI-MA",2025-08-01,305,378,113,11,807,55665,15285
39300,"Providence-Warwick, RI-MA",2025-09-01,8,11,2,0,21,55686,15293
37800,"Pella, IA",2019-01-01,0,1,0,0,1,1,0
37800,"Pella, IA",2019-02-01,1,1,0,0,2,3,1
37800,"Pella, IA",2019-05-01,1,1,0,0,2,5,2
37800,"Pella, IA",2019-06-01,0,1,0,0,1,6,2
37800,"Pella, IA",2019-07-01,0,1,0,0,1,7,2
37800,"Pella, IA",2019-08-01,0,1,0,0,1,8,2
37800,"Pella, IA",2019-10-01,0,2,0,0,2,10,2
37800,"Pella, IA",2019-11-01,0,1,0,0,1,11,2
37800,"Pella, IA",2020-01-01,0,1,1,0,2,13,2
37800,"Pella, IA",2020-02-01,1,1,1,0,3,16,3
37800,"Pella, IA",2020-04-01,1,6,1,0,8,24,4
37800,"Pella, IA",2020-05-01,1,5,1,0,7,31,5
37800,"Pella, IA",2020-06-01,0,3,1,0,4,35,5
37800,"Pella, IA",2020-07-01,3,3,0,0,6,41,8
37800,"Pella, IA",2020-08-01,1,4,2,0,7,48,9
37800,"Pella, IA",2020-09-01,1,4,1,0,6,54,10
37800,"Pella, IA",2020-10-01,3,5,2,0,10,64,13
37800,"Pella, IA",2020-11-01,4,3,1,0,8,72,17
37800,"Pella, IA",2020-12-01,3,6,0,0,9,81,20
37800,"Pella, IA",2021-01-01,5,6,2,0,13,94,25
37800,"Pella, IA",2021-02-01,9,5,1,0,15,109,34
37800,"Pella, IA",2021-03-01,3,2,1,0,6,115,37
37800,"Pella, IA",2021-04-01,6,13,4,0,23,138,43
37800,"Pella, IA",2021-05-01,4,16,3,0,23,161,47
37800,"Pella, IA",2021-06-01,7,7,2,1,17,178,54
37800,"Pella, IA",2021-07-01,7,13,5,0,25,203,61
37800,"Pella, IA",2021-08-01,7,17,4,0,28,231,68
37800,"Pella, IA",2021-09-01,1,14,4,0,19,250,69
37800,"Pella, IA",2021-10-01,5,12,4,0,21,271,74
37800,"Pella, IA",2021-11-01,10,11,2,0,23,294,84
37800,"Pella, IA",2021-12-01,12,12,2,0,26,320,96
37800,"Pella, IA",2022-01-01,11,20,3,0,34,354,107
37800,"Pella, IA",2022-02-01,15,12,2,0,29,383,122
37800,"Pella, IA",2022-03-01,11,13,6,0,30,413,133
37800,"Pella, IA",2022-04-01,6,11,2,0,19,432,139
37800,"Pella, IA",2022-05-01,2,8,2,0,12,444,141
37800,"Pella, IA",2022-06-01,2,12,2,0,16,460,143
37800,"Pella, IA",2022-07-01,6,10,4,0,20,480,149
37800,"Pella, IA",2022-08-01,1,12,5,0,18,498,150
37800,"Pella, IA",2022-09-01,6,16,1,0,23,521,156
37800,"Pella, IA",2022-10-01,4,8,3,1,16,537,160
37800,"Pella, IA",2022-11-01,14,8,2,0,24,561,174
37800,"Pella, IA",2022-12-01,4,11,3,0,18,579,178
37800,"Pella, IA",2023-01-01,5,12,1,0,18,597,183
37800,"Pella, IA",2023-02-01,14,9,2,2,27,624,197
37800,"Pella, IA",2023-03-01,12,14,4,0,30,654,209
37800,"Pella, IA",2023-04-01,9,7,3,0,19,673,218
37800,"Pella, IA",2023-05-01,4,9,4,1,18,691,222
37800,"Pella, IA",2023-06-01,5,3,1,0,9,700,227
37800,"Pella, IA",2023-07-01,4,8,1,0,13,713,231
37800,"Pella, IA",2023-08-01,9,5,2,1,17,730,240
37800,"Pella, IA",2023-09-01,6,10,3,0,19,749,246
37800,"Pella, IA",2023-10-01,8,10,0,0,18,767,254
37800,"Pella, IA",2023-11-01,11,10,5,0,26,793,265
37800,"Pella, IA",2023-12-01,7,10,8,0,25,818,272
37800,"Pella, IA",2024-01-01,14,16,3,0,33,851,286
37800,"Pella, IA",2024-02-01,12,8,4,0,24,875,298
37800,"Pella, IA",2024-03-01,10,10,5,0,25,900,308
37800,"Pella, IA",2024-04-01,9,6,0,0,15,915,317
37800,"Pella, IA",2024-05-01,8,10,0,0,18,933,325
37800,"Pella, IA",2024-06-01,13,14,2,0,29,962,338
37800,"Pella, IA",2024-07-01,3,7,1,1,12,974,341
37800,"Pella, IA",2024-08-01,4,6,3,1,14,988,345
37800,"Pella, IA",2024-09-01,3,11,2,0,16,1004,348
37800,"Pella, IA",2024-10-01,8,9,2,0,19,1023,356
37800,"Pella, IA",2024-11-01,9,9,1,0,19,1042,365
37800,"Pella, IA",2024-12-01,9,14,4,1,28,1070,374
37800,"Pella, IA",2025-01-01,9,6,5,0,20,1090,383
37800,"Pella, IA",2025-02-01,12,7,3,0,22,1112,395
37800,"Pella, IA",2025-03-01,15,15,2,0,32,1144,410
37800,"Pella, IA",2025-04-01,8,7,5,0,20,1164,418
37800,"Pella, IA",2025-05-01,11,15,4,0,30,1194,429
37800,"Pella, IA",2025-06-01,9,10,8,0,27,1221,438
37800,"Pella, IA",2025-07-01,12,10,2,1,25,1246,450
37800,"Pella, IA",2025-08-01,12,6,0,0,18,1264,462
38240,"Pinehurst-Southern Pines, NC",2019-01-01,0,4,3,0,7,7,0
38240,"Pinehurst-Southern Pines, NC",2019-02-01,0,11,1,0,12,19,0
38240,"Pinehurst-Southern Pines, NC",2019-03-01,0,10,4,0,14,33,0
38240,"Pinehurst-Southern Pines, NC",2019-04-01,1,13,8,0,22,55,1
38240,"Pinehurst-Southern Pines, NC",2019-05-01,2,25,6,1,34,89,3
38240,"Pinehurst-Southern Pines, NC",2019-06-01,2,39,10,0,51,140,5
38240,"Pinehurst-Southern Pines, NC",2019-07-01,1,38,9,2,50,190,6
38240,"Pinehurst-Southern Pines, NC",2019-08-01,1,17,3,0,21,211,7
38240,"Pinehurst-Southern Pines, NC",2019-09-01,4,16,9,0,29,240,11
38240,"Pinehurst-Southern Pines, NC",2019-10-01,0,19,13,0,32,272,11
38240,"Pinehurst-Southern Pines, NC",2019-11-01,3,21,6,0,30,302,14
38240,"Pinehurst-Southern Pines, NC",2019-12-01,2,22,10,0,34,336,16
38240,"Pinehurst-Southern Pines, NC",2020-01-01,2,16,5,2,25,361,18
38240,"Pinehurst-Southern Pines, NC",2020-02-01,6,12,8,2,28,389,24
38240,"Pinehurst-Southern Pines, NC",2020-03-01,6,42,5,1,54,443,30
38240,"Pinehurst-Southern Pines, NC",2020-04-01,13,58,13,4,88,531,43
38240,"Pinehurst-Southern Pines, NC",2020-05-01,25,92,13,2,132,663,68
38240,"Pinehurst-Southern Pines, NC",2020-06-01,13,71,13,2,99,762,81
38240,"Pinehurst-Southern Pines, NC",2020-07-01,18,50,15,1,84,846,99
38240,"Pinehurst-Southern Pines, NC",2020-08-01,27,102,18,1,148,994,126
38240,"Pinehurst-Southern Pines, NC",2020-09-01,18,65,18,0,101,1095,144
38240,"Pinehurst-Southern Pines, NC",2020-10-01,12,49,7,1,69,1164,156
38240,"Pinehurst-Southern Pines, NC",2020-11-01,10,56,6,1,73,1237,166
38240,"Pinehurst-Southern Pines, NC",2020-12-01,11,50,8,1,70,1307,177
38240,"Pinehurst-Southern Pines, NC",2021-01-01,33,79,14,0,126,1433,210
38240,"Pinehurst-Southern Pines, NC",2021-02-01,25,69,15,1,110,1543,235
38240,"Pinehurst-Southern Pines, NC",2021-03-01,25,62,12,1,100,1643,260
38240,"Pinehurst-Southern Pines, NC",2021-04-01,37,88,30,1,156,1799,297
38240,"Pinehurst-Southern Pines, NC",2021-05-01,33,102,21,3,159,1958,330
38240,"Pinehurst-Southern Pines, NC",2021-06-01,25,72,20,5,122,2080,355
38240,"Pinehurst-Southern Pines, NC",2021-07-01,30,90,22,1,143,2223,385
38240,"Pinehurst-Southern Pines, NC",2021-08-01,21,85,29,5,140,2363,406
38240,"Pinehurst-Southern Pines, NC",2021-09-01,19,69,14,2,104,2467,425
38240,"Pinehurst-Southern Pines, NC",2021-10-01,17,61,14,3,95,2562,442
38240,"Pinehurst-Southern Pines, NC",2021-11-01,33,58,19,2,112,2674,475
38240,"Pinehurst-Southern Pines, NC",2021-12-01,31,66,17,5,119,2793,506
38240,"Pinehurst-Southern Pines, NC",2022-01-01,32,74,28,5,139,2932,538
38240,"Pinehurst-Southern Pines, NC",2022-02-01,25,67,9,1,102,3034,563
38240,"Pinehurst-Southern Pines, NC",2022-03-01,31,67,28,2,128,3162,594
38240,"Pinehurst-Southern Pines, NC",2022-04-01,31,61,22,4,118,3280,625
38240,"Pinehurst-Southern Pines, NC",2022-05-01,38,82,16,1,137,3417,663
38240,"Pinehurst-Southern Pines, NC",2022-06-01,28,65,21,2,116,3533,691
38240,"Pinehurst-Southern Pines, NC",2022-07-01,27,55,16,2,100,3633,718
38240,"Pinehurst-Southern Pines, NC",2022-08-01,31,78,17,2,128,3761,749
38240,"Pinehurst-Southern Pines, NC",2022-09-01,28,68,32,0,128,3889,777
38240,"Pinehurst-Southern Pines, NC",2022-10-01,26,67,17,2,112,4001,803
38240,"Pinehurst-Southern Pines, NC",2022-11-01,28,73,19,2,122,4123,831
38240,"Pinehurst-Southern Pines, NC",2022-12-01,40,50,21,0,111,4234,871
38240,"Pinehurst-Southern Pines, NC",2023-01-01,48,68,21,1,138,4372,919
38240,"Pinehurst-Southern Pines, NC",2023-02-01,25,53,13,0,91,4463,944
38240,"Pinehurst-Southern Pines, NC",2023-03-01,36,63,26,2,127,4590,980
38240,"Pinehurst-Southern Pines, NC",2023-04-01,28,55,13,1,97,4687,1008
38240,"Pinehurst-Southern Pines, NC",2023-05-01,29,49,14,3,95,4782,1037
38240,"Pinehurst-Southern Pines, NC",2023-06-01,24,36,14,3,77,4859,1061
38240,"Pinehurst-Southern Pines, NC",2023-07-01,14,39,17,0,70,4929,1075
38240,"Pinehurst-Southern Pines, NC",2023-08-01,26,37,12,1,76,5005,1101
38240,"Pinehurst-Southern Pines, NC",2023-09-01,26,44,25,1,96,5101,1127
38240,"Pinehurst-Southern Pines, NC",2023-10-01,29,51,14,2,96,5197,1156
38240,"Pinehurst-Southern Pines, NC",2023-11-01,58,54,21,0,133,5330,1214
38240,"Pinehurst-Southern Pines, NC",2023-12-01,45,58,21,3,127,5457,1259
38240,"Pinehurst-Southern Pines, NC",2024-01-01,36,53,17,4,110,5567,1295
38240,"Pinehurst-Southern Pines, NC",2024-02-01,33,38,16,1,88,5655,1328
38240,"Pinehurst-Southern Pines, NC",2024-03-01,38,51,11,2,102,5757,1366
38240,"Pinehurst-Southern Pines, NC",2024-04-01,36,64,23,2,125,5882,1402
38240,"Pinehurst-Southern Pines, NC",2024-05-01,46,60,19,1,126,6008,1448
38240,"Pinehurst-Southern Pines, NC",2024-06-01,34,42,25,3,104,6112,1482
38240,"Pinehurst-Southern Pines, NC",2024-07-01,33,38,22,0,93,6205,1515
38240,"Pinehurst-Southern Pines, NC",2024-08-01,33,60,16,2,111,6316,1548
38240,"Pinehurst-Southern Pines, NC",2024-09-01,48,55,28,0,131,6447,1596
38240,"Pinehurst-Southern Pines, NC",2024-10-01,47,57,22,2,128,6575,1643
38240,"Pinehurst-Southern Pines, NC",2024-11-01,38,64,16,3,121,6696,1681
38240,"Pinehurst-Southern Pines, NC",2024-12-01,48,65,23,2,138,6834,1729
38240,"Pinehurst-Southern Pines, NC",2025-01-01,49,72,24,3,148,6982,1778
38240,"Pinehurst-Southern Pines, NC",2025-02-01,54,41,16,2,113,7095,1832
38240,"Pinehurst-Southern Pines, NC",2025-03-01,59,58,22,6,145,7240,1891
38240,"Pinehurst-Southern Pines, NC",2025-04-01,46,61,24,3,134,7374,1937
38240,"Pinehurst-Southern Pines, NC",2025-05-01,75,69,35,1,180,7554,2012
38240,"Pinehurst-Southern Pines, NC",2025-06-01,60,76,27,0,163,7717,2072
38240,"Pinehurst-Southern Pines, NC",2025-07-01,34,61,15,0,110,7827,2106
38240,"Pinehurst-Southern Pines, NC",2025-08-01,36,46,16,4,102,7929,2142
38240,"Pinehurst-Southern Pines, NC",2025-09-01,0,1,1,0,2,7931,2142
44420,"Staunton-Stuarts Draft, VA",2019-01-01,0,1,2,0,3,3,0
44420,"Staunton-Stuarts Draft, VA",2019-02-01,0,3,1,1,5,8,0
44420,"Staunton-Stuarts Draft, VA",2019-03-01,2,8,4,0,14,22,2
44420,"Staunton-Stuarts Draft, VA",2019-04-01,0,15,3,0,18,40,2
44420,"Staunton-Stuarts Draft, VA",2019-05-01,4,42,7,0,53,93,6
44420,"Staunton-Stuarts Draft, VA",2019-06-01,5,26,6,1,38,131,11
44420,"Staunton-Stuarts Draft, VA",2019-07-01,4,16,6,0,26,157,15
44420,"Staunton-Stuarts Draft, VA",2019-08-01,3,27,4,0,34,191,18
44420,"Staunton-Stuarts Draft, VA",2019-09-01,2,27,5,1,35,226,20
44420,"Staunton-Stuarts Draft, VA",2019-10-01,1,18,8,0,27,253,21
44420,"Staunton-Stuarts Draft, VA",2019-11-01,4,25,9,2,40,293,25
44420,"Staunton-Stuarts Draft, VA",2019-12-01,2,23,8,0,33,326,27
44420,"Staunton-Stuarts Draft, VA",2020-01-01,2,30,6,3,41,367,29
44420,"Staunton-Stuarts Draft, VA",2020-02-01,5,23,7,0,35,402,34
44420,"Staunton-Stuarts Draft, VA",2020-03-01,5,43,14,2,64,466,39
44420,"Staunton-Stuarts Draft, VA",2020-04-01,20,62,6,1,89,555,59
44420,"Staunton-Stuarts Draft, VA",2020-05-01,31,99,18,3,151,706,90
44420,"Staunton-Stuarts Draft, VA",2020-06-01,12,41,6,0,59,765,102
44420,"Staunton-Stuarts Draft, VA",2020-07-01,17,69,17,1,104,869,119
44420,"Staunton-Stuarts Draft, VA",2020-08-01,30,99,19,0,148,1017,149
44420,"Staunton-Stuarts Draft, VA",2020-09-01,28,54,13,0,95,1112,177
44420,"Staunton-Stuarts Draft, VA",2020-10-01,25,51,5,1,82,1194,202
44420,"Staunton-Stuarts Draft, VA",2020-11-01,11,39,9,0,59,1253,213
44420,"Staunton-Stuarts Draft, VA",2020-12-01,11,34,9,0,54,1307,224
44420,"Staunton-Stuarts Draft, VA",2021-01-01,29,59,17,2,107,1414,253
44420,"Staunton-Stuarts Draft, VA",2021-02-01,15,61,10,1,87,1501,268
44420,"Staunton-Stuarts Draft, VA",2021-03-01,41,85,28,2,156,1657,309
44420,"Staunton-Stuarts Draft, VA",2021-04-01,40,90,13,3,146,1803,349
44420,"Staunton-Stuarts Draft, VA",2021-05-01,19,68,10,1,98,1901,368
44420,"Staunton-Stuarts Draft, VA",2021-06-01,27,68,19,0,114,2015,395
44420,"Staunton-Stuarts Draft, VA",2021-07-01,27,52,11,1,91,2106,422
44420,"Staunton-Stuarts Draft, VA",2021-08-01,20,64,16,0,100,2206,442
44420,"Staunton-Stuarts Draft, VA",2021-09-01,19,55,15,3,92,2298,461
44420,"Staunton-Stuarts Draft, VA",2021-10-01,11,31,15,0,57,2355,472
44420,"Staunton-Stuarts Draft, VA",2021-11-01,22,55,15,2,94,2449,494
44420,"Staunton-Stuarts Draft, VA",2021-12-01,30,51,17,1,99,2548,524
44420,"Staunton-Stuarts Draft, VA",2022-01-01,26,93,21,1,141,2689,550
44420,"Staunton-Stuarts Draft, VA",2022-02-01,21,46,21,4,92,2781,571
44420,"Staunton-Stuarts Draft, VA",2022-03-01,25,52,15,2,94,2875,596
44420,"Staunton-Stuarts Draft, VA",2022-04-01,25,65,18,1,109,2984,621
44420,"Staunton-Stuarts Draft, VA",2022-05-01,45,63,17,2,127,3111,666
44420,"Staunton-Stuarts Draft, VA",2022-06-01,17,40,11,0,68,3179,683
44420,"Staunton-Stuarts Draft, VA",2022-07-01,14,32,10,0,56,3235,697
44420,"Staunton-Stuarts Draft, VA",2022-08-01,35,46,21,0,102,3337,732
44420,"Staunton-Stuarts Draft, VA",2022-09-01,18,61,15,0,94,3431,750
44420,"Staunton-Stuarts Draft, VA",2022-10-01,24,48,25,0,97,3528,774
44420,"Staunton-Stuarts Draft, VA",2022-11-01,32,52,18,0,102,3630,806
44420,"Staunton-Stuarts Draft, VA",2022-12-01,39,64,18,3,124,3754,845
44420,"Staunton-Stuarts Draft, VA",2023-01-01,24,58,12,0,94,3848,869
44420,"Staunton-Stuarts Draft, VA",2023-02-01,22,41,16,1,80,3928,891
44420,"Staunton-Stuarts Draft, VA",2023-03-01,55,63,36,4,158,4086,946
44420,"Staunton-Stuarts Draft, VA",2023-04-01,30,52,9,2,93,4179,976
44420,"Staunton-Stuarts Draft, VA",2023-05-01,26,35,15,2,78,4257,1002
44420,"Staunton-Stuarts Draft, VA",2023-06-01,25,30,13,0,68,4325,1027
44420,"Staunton-Stuarts Draft, VA",2023-07-01,19,30,10,0,59,4384,1046
44420,"Staunton-Stuarts Draft, VA",2023-08-01,33,43,13,1,90,4474,1079
44420,"Staunton-Stuarts Draft, VA",2023-09-01,18,44,17,1,80,4554,1097
44420,"Staunton-Stuarts Draft, VA",2023-10-01,28,50,18,1,97,4651,1125
44420,"Staunton-Stuarts Draft, VA",2023-11-01,31,51,25,2,109,4760,1156
44420,"Staunton-Stuarts Draft, VA",2023-12-01,46,66,18,2,132,4892,1202
44420,"Staunton-Stuarts Draft, VA",2024-01-01,51,53,17,2,123,5015,1253
44420,"Staunton-Stuarts Draft, VA",2024-02-01,36,53,12,4,105,5120,1289
44420,"Staunton-Stuarts Draft, VA",2024-03-01,52,60,20,2,134,5254,1341
44420,"Staunton-Stuarts Draft, VA",2024-04-01,39,50,21,1,111,5365,1380
44420,"Staunton-Stuarts Draft, VA",2024-05-01,38,49,13,0,100,5465,1418
44420,"Staunton-Stuarts Draft, VA",2024-06-01,38,45,14,3,100,5565,1456
44420,"Staunton-Stuarts Draft, VA",2024-07-01,29,34,6,1,70,5635,1485
44420,"Staunton-Stuarts Draft, VA",2024-08-01,21,27,9,1,58,5693,1506
44420,"Staunton-Stuarts Draft, VA",2024-09-01,30,49,8,1,88,5781,1536
44420,"Staunton-Stuarts Draft, VA",2024-10-01,66,82,33,2,183,5964,1602
44420,"Staunton-Stuarts Draft, VA",2024-11-01,60,54,19,6,139,6103,1662
44420,"Staunton-Stuarts Draft, VA",2024-12-01,64,53,18,2,137,6240,1726
44420,"Staunton-Stuarts Draft, VA",2025-01-01,51,67,20,0,138,6378,1777
44420,"Staunton-Stuarts Draft, VA",2025-02-01,48,48,14,0,110,6488,1825
44420,"Staunton-Stuarts Draft, VA",2025-03-01,50,39,22,2,113,6601,1875
44420,"Staunton-Stuarts Draft, VA",2025-04-01,52,56,23,1,132,6733,1927
44420,"Staunton-Stuarts Draft, VA",2025-05-01,53,62,21,3,139,6872,1980
44420,"Staunton-Stuarts Draft, VA",2025-06-01,50,57,15,3,125,6997,2030
44420,"Staunton-Stuarts Draft, VA",2025-07-01,46,37,11,2,96,7093,2076
44420,"Staunton-Stuarts Draft, VA",2025-08-01,31,33,5,2,71,7164,2107
44420,"Staunton-Stuarts Draft, VA",2025-09-01,0,2,0,0,2,7166,2107
23340,"Fremont, NE",2019-01-01,0,3,0,1,4,4,0
23340,"Fremont, NE",2019-02-01,0,2,2,0,4,8,0
23340,"Fremont, NE",2019-03-01,0,6,1,0,7,15,0
23340,"Fremont, NE",2019-04-01,0,6,2,0,8,23,0
23340,"Fremont, NE",2019-05-01,0,5,1,0,6,29,0
23340,"Fremont, NE",2019-06-01,1,6,0,0,7,36,1
23340,"Fremont, NE",2019-07-01,1,21,5,0,27,63,2
23340,"Fremont, NE",2019-08-01,1,12,4,0,17,80,3
23340,"Fremont, NE",2019-09-01,1,12,2,0,15,95,4
23340,"Fremont, NE",2019-10-01,0,8,5,0,13,108,4
23340,"Fremont, NE",2019-11-01,3,9,1,0,13,121,7
23340,"Fremont, NE",2019-12-01,1,9,1,0,11,132,8
23340,"Fremont, NE",2020-01-01,2,19,3,0,24,156,10
23340,"Fremont, NE",2020-02-01,1,7,2,0,10,166,11
23340,"Fremont, NE",2020-03-01,2,15,4,0,21,187,13
23340,"Fremont, NE",2020-04-01,4,22,5,1,32,219,17
23340,"Fremont, NE",2020-05-01,8,17,6,0,31,250,25
23340,"Fremont, NE",2020-06-01,8,24,2,1,35,285,33
23340,"Fremont, NE",2020-07-01,4,18,4,1,27,312,37
23340,"Fremont, NE",2020-08-01,3,19,3,2,27,339,40
23340,"Fremont, NE",2020-09-01,5,17,3,1,26,365,45
23340,"Fremont, NE",2020-10-01,6,14,3,1,24,389,51
23340,"Fremont, NE",2020-11-01,9,10,2,0,21,410,60
23340,"Fremont, NE",2020-12-01,10,15,7,0,32,442,70
23340,"Fremont, NE",2021-01-01,16,19,3,2,40,482,86
23340,"Fremont, NE",2021-02-01,9,12,5,1,27,509,95
23340,"Fremont, NE",2021-03-01,12,25,3,0,40,549,107
23340,"Fremont, NE",2021-04-01,4,9,0,0,13,562,111
23340,"Fremont, NE",2021-05-01,6,22,3,0,31,593,117
23340,"Fremont, NE",2021-06-01,10,20,8,0,38,631,127
23340,"Fremont, NE",2021-07-01,4,19,3,0,26,657,131
23340,"Fremont, NE",2021-08-01,6,16,6,2,30,687,137
23340,"Fremont, NE",2021-09-01,3,22,3,1,29,716,140
23340,"Fremont, NE",2021-10-01,7,16,4,1,28,744,147
23340,"Fremont, NE",2021-11-01,10,17,3,0,30,774,157
23340,"Fremont, NE",2021-12-01,12,13,7,1,33,807,169
23340,"Fremont, NE",2022-01-01,11,10,7,0,28,835,180
23340,"Fremont, NE",2022-02-01,5,14,6,0,25,860,185
23340,"Fremont, NE",2022-03-01,14,26,4,0,44,904,199
23340,"Fremont, NE",2022-04-01,7,22,6,0,35,939,206
23340,"Fremont, NE",2022-05-01,12,15,6,0,33,972,218
23340,"Fremont, NE",2022-06-01,5,19,3,0,27,999,223
23340,"Fremont, NE",2022-07-01,13,19,3,0,35,1034,236
23340,"Fremont, NE",2022-08-01,9,21,8,0,38,1072,245
23340,"Fremont, NE",2022-09-01,9,25,7,0,41,1113,254
23340,"Fremont, NE",2022-10-01,9,24,1,0,34,1147,263
23340,"Fremont, NE",2022-11-01,7,22,4,1,34,1181,270
23340,"Fremont, NE",2022-12-01,8,28,3,0,39,1220,278
23340,"Fremont, NE",2023-01-01,11,18,5,0,34,1254,289
23340,"Fremont, NE",2023-02-01,13,18,11,0,42,1296,302
23340,"Fremont, NE",2023-03-01,20,34,6,3,63,1359,322
23340,"Fremont, NE",2023-04-01,11,20,2,0,33,1392,333
23340,"Fremont, NE",2023-05-01,6,16,5,0,27,1419,339
23340,"Fremont, NE",2023-06-01,9,24,4,2,39,1458,348
23340,"Fremont, NE",2023-07-01,12,20,3,0,35,1493,360
23340,"Fremont, NE",2023-08-01,3,9,3,0,15,1508,363
23340,"Fremont, NE",2023-09-01,9,12,3,0,24,1532,372
23340,"Fremont, NE",2023-10-01,11,17,9,0,37,1569,383
23340,"Fremont, NE",2023-11-01,17,15,9,1,42,1611,400
23340,"Fremont, NE",2023-12-01,21,23,10,0,54,1665,421
23340,"Fremont, NE",2024-01-01,8,27,8,2,45,1710,429
23340,"Fremont, NE",2024-02-01,15,22,7,0,44,1754,444
23340,"Fremont, NE",2024-03-01,14,29,5,0,48,1802,458
23340,"Fremont, NE",2024-04-01,6,22,5,0,33,1835,464
23340,"Fremont, NE",2024-05-01,8,17,5,0,30,1865,472
23340,"Fremont, NE",2024-06-01,10,15,4,1,30,1895,482
23340,"Fremont, NE",2024-07-01,6,12,1,1,20,1915,488
23340,"Fremont, NE",2024-08-01,11,9,3,0,23,1938,499
23340,"Fremont, NE",2024-09-01,10,13,2,0,25,1963,509
23340,"Fremont, NE",2024-10-01,14,21,7,2,44,2007,523
23340,"Fremont, NE",2024-11-01,16,21,5,1,43,2050,539
23340,"Fremont, NE",2024-12-01,15,13,6,0,34,2084,554
23340,"Fremont, NE",2025-01-01,8,13,4,0,25,2109,562
23340,"Fremont, NE",2025-02-01,13,18,6,0,37,2146,575
23340,"Fremont, NE",2025-03-01,15,19,2,0,36,2182,590
23340,"Fremont, NE",2025-04-01,17,12,5,0,34,2216,607
23340,"Fremont, NE",2025-05-01,7,15,5,0,27,2243,614
23340,"Fremont, NE",2025-06-01,13,20,4,0,37,2280,627
23340,"Fremont, NE",2025-07-01,7,17,6,2,32,2312,634
23340,"Fremont, NE",2025-08-01,4,3,2,1,10,2322,638
34220,"Moultrie, GA",2019-02-01,0,0,1,0,1,1,0
34220,"Moultrie, GA",2019-04-01,1,3,1,0,5,6,1
34220,"Moultrie, GA",2019-05-01,0,1,1,0,2,8,1
34220,"Moultrie, GA",2019-06-01,0,1,0,0,1,9,1
34220,"Moultrie, GA",2019-07-01,0,2,2,0,4,13,1
34220,"Moultrie, GA",2019-08-01,0,3,2,0,5,18,1
34220,"Moultrie, GA",2019-09-01,0,1,0,0,1,19,1
34220,"Moultrie, GA",2019-10-01,1,2,2,0,5,24,2
34220,"Moultrie, GA",2019-11-01,1,2,0,0,3,27,3
34220,"Moultrie, GA",2020-01-01,0,3,2,0,5,32,3
34220,"Moultrie, GA",2020-02-01,0,6,0,0,6,38,3
34220,"Moultrie, GA",2020-03-01,0,3,0,0,3,41,3
34220,"Moultrie, GA",2020-04-01,0,8,2,0,10,51,3
34220,"Moultrie, GA",2020-05-01,0,9,2,0,11,62,3
34220,"Moultrie, GA",2020-06-01,3,2,1,0,6,68,6
34220,"Moultrie, GA",2020-07-01,4,4,1,0,9,77,10
34220,"Moultrie, GA",2020-08-01,5,9,0,0,14,91,15
34220,"Moultrie, GA",2020-09-01,3,10,7,0,20,111,18
34220,"Moultrie, GA",2020-10-01,6,27,1,2,36,147,24
34220,"Moultrie, GA",2020-11-01,6,25,4,0,35,182,30
34220,"Moultrie, GA",2020-12-01,5,22,6,0,33,215,35
34220,"Moultrie, GA",2021-01-01,9,34,3,2,48,263,44
34220,"Moultrie, GA",2021-02-01,8,28,14,2,52,315,52
34220,"Moultrie, GA",2021-03-01,9,15,5,2,31,346,61
34220,"Moultrie, GA",2021-04-01,11,34,3,1,49,395,72
34220,"Moultrie, GA",2021-05-01,11,61,9,0,81,476,83
34220,"Moultrie, GA",2021-06-01,7,34,6,1,48,524,90
34220,"Moultrie, GA",2021-07-01,6,31,9,1,47,571,96
34220,"Moultrie, GA",2021-08-01,8,32,13,1,54,625,104
34220,"Moultrie, GA",2021-09-01,9,32,10,3,54,679,113
34220,"Moultrie, GA",2021-10-01,7,34,17,0,58,737,120
34220,"Moultrie, GA",2021-11-01,8,33,9,0,50,787,128
34220,"Moultrie, GA",2021-12-01,7,21,5,2,35,822,135
34220,"Moultrie, GA",2022-01-01,12,19,10,1,42,864,147
34220,"Moultrie, GA",2022-02-01,8,19,10,1,38,902,155
34220,"Moultrie, GA",2022-03-01,15,27,13,1,56,958,170
34220,"Moultrie, GA",2022-04-01,7,23,9,0,39,997,177
34220,"Moultrie, GA",2022-05-01,12,33,7,0,52,1049,189
34220,"Moultrie, GA",2022-06-01,6,12,9,1,28,1077,195
34220,"Moultrie, GA",2022-07-01,5,28,5,0,38,1115,200
34220,"Moultrie, GA",2022-08-01,4,20,7,0,31,1146,204
34220,"Moultrie, GA",2022-09-01,5,21,5,2,33,1179,209
34220,"Moultrie, GA",2022-10-01,4,23,7,0,34,1213,213
34220,"Moultrie, GA",2022-11-01,8,27,6,1,42,1255,221
34220,"Moultrie, GA",2022-12-01,11,14,9,0,34,1289,232
34220,"Moultrie, GA",2023-01-01,4,11,3,1,19,1308,236
34220,"Moultrie, GA",2023-02-01,7,25,8,1,41,1349,243
34220,"Moultrie, GA",2023-03-01,14,24,12,1,51,1400,257
34220,"Moultrie, GA",2023-04-01,17,24,8,1,50,1450,274
34220,"Moultrie, GA",2023-05-01,13,10,6,0,29,1479,287
34220,"Moultrie, GA",2023-06-01,10,17,5,1,33,1512,297
34220,"Moultrie, GA",2023-07-01,12,20,6,0,38,1550,309
34220,"Moultrie, GA",2023-08-01,6,12,5,1,24,1574,315
34220,"Moultrie, GA",2023-09-01,3,14,6,0,23,1597,318
34220,"Moultrie, GA",2023-10-01,17,22,6,0,45,1642,335
34220,"Moultrie, GA",2023-11-01,9,26,10,1,46,1688,344
34220,"Moultrie, GA",2023-12-01,16,17,4,0,37,1725,360
34220,"Moultrie, GA",2024-01-01,11,26,9,1,47,1772,371
34220,"Moultrie, GA",2024-02-01,18,20,9,2,49,1821,389
34220,"Moultrie, GA",2024-03-01,18,31,7,0,56,1877,407
34220,"Moultrie, GA",2024-04-01,13,26,6,0,45,1922,420
34220,"Moultrie, GA",2024-05-01,10,17,7,0,34,1956,430
34220,"Moultrie, GA",2024-06-01,9,12,4,0,25,1981,439
34220,"Moultrie, GA",2024-07-01,3,10,3,0,16,1997,442
34220,"Moultrie, GA",2024-08-01,2,23,5,0,30,2027,444
34220,"Moultrie, GA",2024-09-01,9,18,4,0,31,2058,453
34220,"Moultrie, GA",2024-10-01,11,23,10,0,44,2102,464
34220,"Moultrie, GA",2024-11-01,16,29,5,1,51,2153,480
34220,"Moultrie, GA",2024-12-01,8,26,4,1,39,2192,488
34220,"Moultrie, GA",2025-01-01,12,23,10,0,45,2237,500
34220,"Moultrie, GA",2025-02-01,17,16,6,1,40,2277,517
34220,"Moultrie, GA",2025-03-01,11,37,9,1,58,2335,528
34220,"Moultrie, GA",2025-04-01,12,36,8,0,56,2391,540
34220,"Moultrie, GA",2025-05-01,25,28,13,0,66,2457,565
34220,"Moultrie, GA",2025-06-01,5,22,9,1,37,2494,570
34220,"Moultrie, GA",2025-07-01,11,22,6,0,39,2533,581
34220,"Moultrie, GA",2025-08-01,12,17,9,2,40,2573,593
34220,"Moultrie, GA",2025-09-01,0,1,0,0,1,2574,593
24640,"Greenfield, MA",2019-01-01,0,4,4,0,8,8,0
24640,"Greenfield, MA",2019-02-01,1,14,2,0,17,25,1
24640,"Greenfield, MA",2019-03-01,1,8,6,0,15,40,2
24640,"Greenfield, MA",2019-04-01,1,12,1,0,14,54,3
24640,"Greenfield, MA",2019-05-01,0,13,3,1,17,71,3
24640,"Greenfield, MA",2019-06-01,0,14,3,0,17,88,3
24640,"Greenfield, MA",2019-07-01,2,18,8,1,29,117,5
24640,"Greenfield, MA",2019-08-01,2,21,5,0,28,145,7
24640,"Greenfield, MA",2019-09-01,1,22,4,0,27,172,8
24640,"Greenfield, MA",2019-10-01,2,30,3,2,37,209,10
24640,"Greenfield, MA",2019-11-01,0,14,5,1,20,229,10
24640,"Greenfield, MA",2019-12-01,2,11,5,0,18,247,12
24640,"Greenfield, MA",2020-01-01,2,23,4,1,30,277,14
24640,"Greenfield, MA",2020-02-01,3,14,4,1,22,299,17
24640,"Greenfield, MA",2020-03-01,0,9,2,0,11,310,17
24640,"Greenfield, MA",2020-04-01,5,32,3,2,42,352,22
24640,"Greenfield, MA",2020-05-01,17,37,3,1,58,410,39
24640,"Greenfield, MA",2020-06-01,9,36,5,0,50,460,48
24640,"Greenfield, MA",2020-07-01,12,48,7,0,67,527,60
24640,"Greenfield, MA",2020-08-01,13,41,4,0,58,585,73
24640,"Greenfield, MA",2020-09-01,9,31,9,0,49,634,82
24640,"Greenfield, MA",2020-10-01,9,21,5,1,36,670,91
24640,"Greenfield, MA",2020-11-01,8,16,1,0,25,695,99
24640,"Greenfield, MA",2020-12-01,9,13,2,0,24,719,108
24640,"Greenfield, MA",2021-01-01,15,43,3,1,62,781,123
24640,"Greenfield, MA",2021-02-01,16,35,9,1,61,842,139
24640,"Greenfield, MA",2021-03-01,14,38,8,1,61,903,153
24640,"Greenfield, MA",2021-04-01,12,37,7,1,57,960,165
24640,"Greenfield, MA",2021-05-01,10,41,6,0,57,1017,175
24640,"Greenfield, MA",2021-06-01,9,26,9,0,44,1061,184
24640,"Greenfield, MA",2021-07-01,7,24,9,0,40,1101,191
24640,"Greenfield, MA",2021-08-01,12,35,14,1,62,1163,203
24640,"Greenfield, MA",2021-09-01,9,44,6,0,59,1222,212
24640,"Greenfield, MA",2021-10-01,4,15,5,1,25,1247,216
24640,"Greenfield, MA",2021-11-01,8,16,6,1,31,1278,224
24640,"Greenfield, MA",2021-12-01,11,34,3,1,49,1327,235
24640,"Greenfield, MA",2022-01-01,12,44,8,2,66,1393,247
24640,"Greenfield, MA",2022-02-01,7,20,3,1,31,1424,254
24640,"Greenfield, MA",2022-03-01,17,35,9,0,61,1485,271
24640,"Greenfield, MA",2022-04-01,11,23,7,1,42,1527,282
24640,"Greenfield, MA",2022-05-01,6,23,8,0,37,1564,288
24640,"Greenfield, MA",2022-06-01,2,4,4,0,10,1574,290
24640,"Greenfield, MA",2022-07-01,3,12,2,0,17,1591,293
24640,"Greenfield, MA",2022-08-01,7,9,2,1,19,1610,300
24640,"Greenfield, MA",2022-09-01,6,28,8,0,42,1652,306
24640,"Greenfield, MA",2022-10-01,8,23,2,2,35,1687,314
24640,"Greenfield, MA",2022-11-01,12,36,10,1,59,1746,326
24640,"Greenfield, MA",2022-12-01,15,20,8,1,44,1790,341
24640,"Greenfield, MA",2023-01-01,12,37,4,1,54,1844,353
24640,"Greenfield, MA",2023-02-01,14,33,7,1,55,1899,367
24640,"Greenfield, MA",2023-03-01,14,25,12,0,51,1950,381
24640,"Greenfield, MA",2023-04-01,10,30,3,1,44,1994,391
24640,"Greenfield, MA",2023-05-01,8,14,1,0,23,2017,399
24640,"Greenfield, MA",2023-06-01,4,7,2,0,13,2030,403
24640,"Greenfield, MA",2023-07-01,4,15,3,0,22,2052,407
24640,"Greenfield, MA",2023-08-01,3,12,3,0,18,2070,410
24640,"Greenfield, MA",2023-09-01,9,22,11,0,42,2112,419
24640,"Greenfield, MA",2023-10-01,22,25,6,0,53,2165,441
24640,"Greenfield, MA",2023-11-01,22,27,10,0,59,2224,463
24640,"Greenfield, MA",2023-12-01,30,37,8,1,76,2300,493
24640,"Greenfield, MA",2024-01-01,26,37,10,1,74,2374,519
24640,"Greenfield, MA",2024-02-01,29,27,8,0,64,2438,548
24640,"Greenfield, MA",2024-03-01,29,33,9,0,71,2509,577
24640,"Greenfield, MA",2024-04-01,30,32,10,1,73,2582,607
24640,"Greenfield, MA",2024-05-01,20,20,10,0,50,2632,627
24640,"Greenfield, MA",2024-06-01,24,21,7,0,52,2684,651
24640,"Greenfield, MA",2024-07-01,12,21,5,0,38,2722,663
24640,"Greenfield, MA",2024-08-01,15,26,8,3,52,2774,678
24640,"Greenfield, MA",2024-09-01,15,16,7,0,38,2812,693
24640,"Greenfield, MA",2024-10-01,24,30,5,0,59,2871,717
24640,"Greenfield, MA",2024-11-01,19,30,9,0,58,2929,736
24640,"Greenfield, MA",2024-12-01,19,31,10,1,61,2990,755
24640,"Greenfield, MA",2025-01-01,18,30,6,0,54,3044,773
24640,"Greenfield, MA",2025-02-01,15,16,7,0,38,3082,788
24640,"Greenfield, MA",2025-03-01,18,13,4,0,35,3117,806
24640,"Greenfield, MA",2025-04-01,13,20,10,0,43,3160,819
24640,"Greenfield, MA",2025-05-01,19,23,10,1,53,3213,838
24640,"Greenfield, MA",2025-06-01,12,17,5,0,34,3247,850
24640,"Greenfield, MA",2025-07-01,16,14,4,1,35,3282,866
24640,"Greenfield, MA",2025-08-01,9,18,2,0,29,3311,875
28620,"Kill Devil Hills, NC",2019-01-01,0,0,1,0,1,1,0
28620,"Kill Devil Hills, NC",2019-02-01,0,3,3,0,6,7,0
28620,"Kill Devil Hills, NC",2019-03-01,0,5,1,0,6,13,0
28620,"Kill Devil Hills, NC",2019-04-01,0,2,1,0,3,16,0
28620,"Kill Devil Hills, NC",2019-05-01,0,3,3,0,6,22,0
28620,"Kill Devil Hills, NC",2019-06-01,1,1,1,0,3,25,1
28620,"Kill Devil Hills, NC",2019-07-01,0,1,2,0,3,28,1
28620,"Kill Devil Hills, NC",2019-08-01,0,0,2,0,2,30,1
28620,"Kill Devil Hills, NC",2019-09-01,0,6,2,1,9,39,1
28620,"Kill Devil Hills, NC",2019-10-01,0,1,2,0,3,42,1
28620,"Kill Devil Hills, NC",2019-11-01,0,4,2,0,6,48,1
28620,"Kill Devil Hills, NC",2019-12-01,0,4,0,0,4,52,1
28620,"Kill Devil Hills, NC",2020-01-01,2,1,2,1,6,58,3
28620,"Kill Devil Hills, NC",2020-02-01,0,2,0,1,3,61,3
28620,"Kill Devil Hills, NC",2020-03-01,1,5,6,1,13,74,4
28620,"Kill Devil Hills, NC",2020-04-01,3,11,9,2,25,99,7
28620,"Kill Devil Hills, NC",2020-05-01,9,10,2,0,21,120,16
28620,"Kill Devil Hills, NC",2020-06-01,8,13,3,1,25,145,24
28620,"Kill Devil Hills, NC",2020-07-01,4,13,1,0,18,163,28
28620,"Kill Devil Hills, NC",2020-08-01,6,9,8,0,23,186,34
28620,"Kill Devil Hills, NC",2020-09-01,2,13,5,1,21,207,36
28620,"Kill Devil Hills, NC",2020-10-01,3,14,2,0,19,226,39
28620,"Kill Devil Hills, NC",2020-11-01,1,3,6,0,10,236,40
28620,"Kill Devil Hills, NC",2020-12-01,6,11,1,0,18,254,46
28620,"Kill Devil Hills, NC",2021-01-01,6,11,8,0,25,279,52
28620,"Kill Devil Hills, NC",2021-02-01,9,6,3,1,19,298,61
28620,"Kill Devil Hills, NC",2021-03-01,8,20,7,0,35,333,69
28620,"Kill Devil Hills, NC",2021-04-01,9,20,6,0,35,368,78
28620,"Kill Devil Hills, NC",2021-05-01,10,24,5,1,40,408,88
28620,"Kill Devil Hills, NC",2021-06-01,12,24,8,1,45,453,100
28620,"Kill Devil Hills, NC",2021-07-01,11,20,7,0,38,491,111
28620,"Kill Devil Hills, NC",2021-08-01,4,23,8,3,38,529,115
28620,"Kill Devil Hills, NC",2021-09-01,5,23,10,0,38,567,120
28620,"Kill Devil Hills, NC",2021-10-01,5,16,5,1,27,594,125
28620,"Kill Devil Hills, NC",2021-11-01,7,11,9,1,28,622,132
28620,"Kill Devil Hills, NC",2021-12-01,10,19,8,0,37,659,142
28620,"Kill Devil Hills, NC",2022-01-01,8,36,9,0,53,712,150
28620,"Kill Devil Hills, NC",2022-02-01,8,25,5,1,39,751,158
28620,"Kill Devil Hills, NC",2022-03-01,13,26,7,0,46,797,171
28620,"Kill Devil Hills, NC",2022-04-01,10,19,8,1,38,835,181
28620,"Kill Devil Hills, NC",2022-05-01,11,20,7,2,40,875,192
28620,"Kill Devil Hills, NC",2022-06-01,11,20,8,0,39,914,203
28620,"Kill Devil Hills, NC",2022-07-01,5,25,8,0,38,952,208
28620,"Kill Devil Hills, NC",2022-08-01,8,25,6,0,39,991,216
28620,"Kill Devil Hills, NC",2022-09-01,7,10,4,2,23,1014,223
28620,"Kill Devil Hills, NC",2022-10-01,10,12,9,0,31,1045,233
28620,"Kill Devil Hills, NC",2022-11-01,6,15,9,0,30,1075,239
28620,"Kill Devil Hills, NC",2022-12-01,17,12,7,0,36,1111,256
28620,"Kill Devil Hills, NC",2023-01-01,12,22,13,1,48,1159,268
28620,"Kill Devil Hills, NC",2023-02-01,12,17,2,0,31,1190,280
28620,"Kill Devil Hills, NC",2023-03-01,17,16,7,0,40,1230,297
28620,"Kill Devil Hills, NC",2023-04-01,12,12,7,0,31,1261,309
28620,"Kill Devil Hills, NC",2023-05-01,17,22,4,0,43,1304,326
28620,"Kill Devil Hills, NC",2023-06-01,10,8,9,1,28,1332,336
28620,"Kill Devil Hills, NC",2023-07-01,13,21,14,1,49,1381,349
28620,"Kill Devil Hills, NC",2023-08-01,16,17,8,1,42,1423,365
28620,"Kill Devil Hills, NC",2023-09-01,10,23,4,1,38,1461,375
28620,"Kill Devil Hills, NC",2023-10-01,10,22,8,0,40,1501,385
28620,"Kill Devil Hills, NC",2023-11-01,11,15,11,2,39,1540,396
28620,"Kill Devil Hills, NC",2023-12-01,15,21,5,1,42,1582,411
28620,"Kill Devil Hills, NC",2024-01-01,15,19,7,1,42,1624,426
28620,"Kill Devil Hills, NC",2024-02-01,10,21,5,1,37,1661,436
28620,"Kill Devil Hills, NC",2024-03-01,18,16,8,1,43,1704,454
28620,"Kill Devil Hills, NC",2024-04-01,18,16,9,1,44,1748,472
28620,"Kill Devil Hills, NC",2024-05-01,16,19,6,0,41,1789,488
28620,"Kill Devil Hills, NC",2024-06-01,16,26,15,2,59,1848,504
28620,"Kill Devil Hills, NC",2024-07-01,23,18,7,0,48,1896,527
28620,"Kill Devil Hills, NC",2024-08-01,12,16,11,1,40,1936,539
28620,"Kill Devil Hills, NC",2024-09-01,18,18,12,2,50,1986,557
28620,"Kill Devil Hills, NC",2024-10-01,14,18,8,0,40,2026,571
28620,"Kill Devil Hills, NC",2024-11-01,9,20,4,0,33,2059,580
28620,"Kill Devil Hills, NC",2024-12-01,18,16,6,0,40,2099,598
28620,"Kill Devil Hills, NC",2025-01-01,18,14,5,1,38,2137,616
28620,"Kill Devil Hills, NC",2025-02-01,17,20,11,0,48,2185,633
28620,"Kill Devil Hills, NC",2025-03-01,20,14,9,0,43,2228,653
28620,"Kill Devil Hills, NC",2025-04-01,26,9,4,0,39,2267,679
28620,"Kill Devil Hills, NC",2025-05-01,24,26,15,1,66,2333,703
28620,"Kill Devil Hills, NC",2025-06-01,21,24,9,1,55,2388,724
28620,"Kill Devil Hills, NC",2025-07-01,25,22,9,0,56,2444,749
28620,"Kill Devil Hills, NC",2025-08-01,11,16,8,2,37,2481,760
28620,"Kill Devil Hills, NC",2025-09-01,0,1,0,0,1,2482,760
47780,"Washington, IN",2019-01-01,0,0,1,0,1,1,0
47780,"Washington, IN",2019-02-01,0,1,0,0,1,2,0
47780,"Washington, IN",2019-04-01,0,1,0,0,1,3,0
47780,"Washington, IN",2019-06-01,0,1,0,0,1,4,0
47780,"Washington, IN",2019-07-01,0,2,1,0,3,7,0
47780,"Washington, IN",2019-10-01,1,3,0,0,4,11,1
47780,"Washington, IN",2019-11-01,0,1,0,0,1,12,1
47780,"Washington, IN",2019-12-01,0,2,0,0,2,14,1
47780,"Washington, IN",2020-02-01,1,2,0,0,3,17,2
47780,"Washington, IN",2020-03-01,0,1,0,0,1,18,2
47780,"Washington, IN",2020-04-01,1,2,0,1,4,22,3
47780,"Washington, IN",2020-05-01,1,4,0,0,5,27,4
47780,"Washington, IN",2020-06-01,1,4,0,0,5,32,5
47780,"Washington, IN",2020-07-01,1,2,0,0,3,35,6
47780,"Washington, IN",2020-08-01,0,1,1,0,2,37,6
47780,"Washington, IN",2020-09-01,2,3,0,0,5,42,8
47780,"Washington, IN",2020-10-01,1,1,1,0,3,45,9
47780,"Washington, IN",2020-11-01,3,2,0,0,5,50,12
47780,"Washington, IN",2020-12-01,2,2,1,0,5,55,14
47780,"Washington, IN",2021-01-01,2,1,2,0,5,60,16
47780,"Washington, IN",2021-02-01,1,4,0,0,5,65,17
47780,"Washington, IN",2021-03-01,2,7,1,1,11,76,19
47780,"Washington, IN",2021-04-01,1,5,2,0,8,84,20
47780,"Washington, IN",2021-05-01,2,13,1,0,16,100,22
47780,"Washington, IN",2021-06-01,2,4,4,0,10,110,24
47780,"Washington, IN",2021-07-01,3,18,1,0,22,132,27
47780,"Washington, IN",2021-08-01,4,13,2,0,19,151,31
47780,"Washington, IN",2021-09-01,4,13,4,0,21,172,35
47780,"Washington, IN",2021-10-01,6,11,4,0,21,193,41
47780,"Washington, IN",2021-11-01,10,10,11,2,33,226,51
47780,"Washington, IN",2021-12-01,7,13,5,1,26,252,58
47780,"Washington, IN",2022-01-01,5,16,5,1,27,279,63
47780,"Washington, IN",2022-02-01,9,14,5,1,29,308,72
47780,"Washington, IN",2022-03-01,8,12,5,0,25,333,80
47780,"Washington, IN",2022-04-01,7,11,3,0,21,354,87
47780,"Washington, IN",2022-05-01,4,9,4,0,17,371,91
47780,"Washington, IN",2022-06-01,2,15,5,0,22,393,93
47780,"Washington, IN",2022-07-01,5,10,2,0,17,410,98
47780,"Washington, IN",2022-08-01,3,10,4,1,18,428,101
47780,"Washington, IN",2022-09-01,6,7,3,1,17,445,107
47780,"Washington, IN",2022-10-01,8,16,4,1,29,474,115
47780,"Washington, IN",2022-11-01,11,17,3,0,31,505,126
47780,"Washington, IN",2022-12-01,8,12,2,0,22,527,134
47780,"Washington, IN",2023-01-01,8,16,2,0,26,553,142
47780,"Washington, IN",2023-02-01,8,17,4,0,29,582,150
47780,"Washington, IN",2023-03-01,9,10,3,0,22,604,159
47780,"Washington, IN",2023-04-01,6,7,1,1,15,619,165
47780,"Washington, IN",2023-05-01,9,11,2,0,22,641,174
47780,"Washington, IN",2023-06-01,6,5,3,0,14,655,180
47780,"Washington, IN",2023-07-01,8,19,2,0,29,684,188
47780,"Washington, IN",2023-08-01,6,9,2,0,17,701,194
47780,"Washington, IN",2023-09-01,6,5,5,0,16,717,200
47780,"Washington, IN",2023-10-01,5,16,3,0,24,741,205
47780,"Washington, IN",2023-11-01,3,14,6,0,23,764,208
47780,"Washington, IN",2023-12-01,5,9,1,0,15,779,213
47780,"Washington, IN",2024-01-01,12,15,3,0,30,809,225
47780,"Washington, IN",2024-02-01,9,18,1,0,28,837,234
47780,"Washington, IN",2024-03-01,6,14,2,1,23,860,240
47780,"Washington, IN",2024-04-01,1,11,3,0,15,875,241
47780,"Washington, IN",2024-05-01,5,10,2,0,17,892,246
47780,"Washington, IN",2024-06-01,0,5,1,1,7,899,246
47780,"Washington, IN",2024-07-01,2,9,1,0,12,911,248
47780,"Washington, IN",2024-08-01,1,5,2,0,8,919,249
47780,"Washington, IN",2024-09-01,3,7,3,0,13,932,252
47780,"Washington, IN",2024-10-01,7,14,2,0,23,955,259
47780,"Washington, IN",2024-11-01,8,14,4,0,26,981,267
47780,"Washington, IN",2024-12-01,7,19,3,0,29,1010,274
47780,"Washington, IN",2025-01-01,3,16,3,1,23,1033,277
47780,"Washington, IN",2025-02-01,8,13,1,1,23,1056,285
47780,"Washington, IN",2025-03-01,15,11,6,0,32,1088,300
47780,"Washington, IN",2025-04-01,2,9,1,0,12,1100,302
47780,"Washington, IN",2025-05-01,5,19,2,0,26,1126,307
47780,"Washington, IN",2025-06-01,5,11,1,0,17,1143,312
47780,"Washington, IN",2025-07-01,5,6,1,0,12,1155,317
47780,"Washington, IN",2025-08-01,10,12,0,0,22,1177,327
47780,"Washington, IN",2025-09-01,0,0,1,0,1,1178,327
41740,"San Diego-Chula Vista-Carlsbad, CA",2019-01-01,19,531,133,15,698,698,19
41740,"San Diego-Chula Vista-Carlsbad, CA",2019-02-01,22,441,78,12,553,1251,41
41740,"San Diego-Chula Vista-Carlsbad, CA",2019-03-01,38,584,121,21,764,2015,79
41740,"San Diego-Chula Vista-Carlsbad, CA",2019-04-01,53,572,99,14,738,2753,132
41740,"San Diego-Chula Vista-Carlsbad, CA",2019-05-01,55,615,116,12,798,3551,187
41740,"San Diego-Chula Vista-Carlsbad, CA",2019-06-01,47,407,59,11,524,4075,234
41740,"San Diego-Chula Vista-Carlsbad, CA",2019-07-01,76,690,103,14,883,4958,310
41740,"San Diego-Chula Vista-Carlsbad, CA",2019-08-01,67,661,120,14,862,5820,377
41740,"San Diego-Chula Vista-Carlsbad, CA",2019-09-01,82,720,144,14,960,6780,459
41740,"San Diego-Chula Vista-Carlsbad, CA",2019-10-01,72,564,98,10,744,7524,531
41740,"San Diego-Chula Vista-Carlsbad, CA",2019-11-01,56,432,77,5,570,8094,587
41740,"San Diego-Chula Vista-Carlsbad, CA",2019-12-01,63,405,94,8,570,8664,650
41740,"San Diego-Chula Vista-Carlsbad, CA",2020-01-01,116,695,134,15,960,9624,766
41740,"San Diego-Chula Vista-Carlsbad, CA",2020-02-01,70,461,103,10,644,10268,836
41740,"San Diego-Chula Vista-Carlsbad, CA",2020-03-01,116,603,172,16,907,11175,952
41740,"San Diego-Chula Vista-Carlsbad, CA",2020-04-01,480,1647,444,61,2632,13807,1432
41740,"San Diego-Chula Vista-Carlsbad, CA",2020-05-01,725,1615,300,46,2686,16493,2157
41740,"San Diego-Chula Vista-Carlsbad, CA",2020-06-01,716,1611,268,34,2629,19122,2873
41740,"San Diego-Chula Vista-Carlsbad, CA",2020-07-01,786,2002,334,48,3170,22292,3659
41740,"San Diego-Chula Vista-Carlsbad, CA",2020-08-01,641,1987,381,38,3047,25339,4300
41740,"San Diego-Chula Vista-Carlsbad, CA",2020-09-01,610,1885,410,64,2969,28308,4910
41740,"San Diego-Chula Vista-Carlsbad, CA",2020-10-01,568,2039,336,41,2984,31292,5478
41740,"San Diego-Chula Vista-Carlsbad, CA",2020-11-01,464,1542,265,37,2308,33600,5942
41740,"San Diego-Chula Vista-Carlsbad, CA",2020-12-01,526,1527,321,47,2421,36021,6468
41740,"San Diego-Chula Vista-Carlsbad, CA",2021-01-01,774,1986,455,56,3271,39292,7242
41740,"San Diego-Chula Vista-Carlsbad, CA",2021-02-01,314,932,247,53,1546,40838,7556
41740,"San Diego-Chula Vista-Carlsbad, CA",2021-03-01,698,1849,457,60,3064,43902,8254
41740,"San Diego-Chula Vista-Carlsbad, CA",2021-04-01,649,1815,430,74,2968,46870,8903
41740,"San Diego-Chula Vista-Carlsbad, CA",2021-05-01,376,1113,240,58,1787,48657,9279
41740,"San Diego-Chula Vista-Carlsbad, CA",2021-06-01,555,1299,260,48,2162,50819,9834
41740,"San Diego-Chula Vista-Carlsbad, CA",2021-07-01,296,767,240,54,1357,52176,10130
41740,"San Diego-Chula Vista-Carlsbad, CA",2021-08-01,241,793,266,44,1344,53520,10371
41740,"San Diego-Chula Vista-Carlsbad, CA",2021-09-01,486,1704,468,67,2725,56245,10857
41740,"San Diego-Chula Vista-Carlsbad, CA",2021-10-01,154,640,298,41,1133,57378,11011
41740,"San Diego-Chula Vista-Carlsbad, CA",2021-11-01,140,485,209,21,855,58233,11151
41740,"San Diego-Chula Vista-Carlsbad, CA",2021-12-01,243,649,188,37,1117,59350,11394
41740,"San Diego-Chula Vista-Carlsbad, CA",2022-01-01,629,1666,513,87,2895,62245,12023
41740,"San Diego-Chula Vista-Carlsbad, CA",2022-02-01,338,905,347,58,1648,63893,12361
41740,"San Diego-Chula Vista-Carlsbad, CA",2022-03-01,143,617,336,58,1154,65047,12504
41740,"San Diego-Chula Vista-Carlsbad, CA",2022-04-01,142,626,362,48,1178,66225,12646
41740,"San Diego-Chula Vista-Carlsbad, CA",2022-05-01,196,675,356,52,1279,67504,12842
41740,"San Diego-Chula Vista-Carlsbad, CA",2022-06-01,134,482,286,41,943,68447,12976
41740,"San Diego-Chula Vista-Carlsbad, CA",2022-07-01,140,453,238,27,858,69305,13116
41740,"San Diego-Chula Vista-Carlsbad, CA",2022-08-01,140,465,300,39,944,70249,13256
41740,"San Diego-Chula Vista-Carlsbad, CA",2022-09-01,175,596,246,32,1049,71298,13431
41740,"San Diego-Chula Vista-Carlsbad, CA",2022-10-01,408,941,311,39,1699,72997,13839
41740,"San Diego-Chula Vista-Carlsbad, CA",2022-11-01,627,1509,415,45,2596,75593,14466
41740,"San Diego-Chula Vista-Carlsbad, CA",2022-12-01,1023,1742,487,40,3292,78885,15489
41740,"San Diego-Chula Vista-Carlsbad, CA",2023-01-01,512,1145,263,31,1951,80836,16001
41740,"San Diego-Chula Vista-Carlsbad, CA",2023-02-01,311,820,246,25,1402,82238,16312
41740,"San Diego-Chula Vista-Carlsbad, CA",2023-03-01,789,1577,481,49,2896,85134,17101
41740,"San Diego-Chula Vista-Carlsbad, CA",2023-04-01,608,1274,334,29,2245,87379,17709
41740,"San Diego-Chula Vista-Carlsbad, CA",2023-05-01,338,761,188,19,1306,88685,18047
41740,"San Diego-Chula Vista-Carlsbad, CA",2023-06-01,284,741,164,12,1201,89886,18331
41740,"San Diego-Chula Vista-Carlsbad, CA",2023-07-01,287,628,185,16,1116,91002,18618
41740,"San Diego-Chula Vista-Carlsbad, CA",2023-08-01,283,756,181,18,1238,92240,18901
41740,"San Diego-Chula Vista-Carlsbad, CA",2023-09-01,284,810,195,25,1314,93554,19185
41740,"San Diego-Chula Vista-Carlsbad, CA",2023-10-01,282,818,207,16,1323,94877,19467
41740,"San Diego-Chula Vista-Carlsbad, CA",2023-11-01,306,887,234,36,1463,96340,19773
41740,"San Diego-Chula Vista-Carlsbad, CA",2023-12-01,264,782,198,20,1264,97604,20037
41740,"San Diego-Chula Vista-Carlsbad, CA",2024-01-01,261,823,245,26,1355,98959,20298
41740,"San Diego-Chula Vista-Carlsbad, CA",2024-02-01,288,816,245,30,1379,100338,20586
41740,"San Diego-Chula Vista-Carlsbad, CA",2024-03-01,245,706,220,19,1190,101528,20831
41740,"San Diego-Chula Vista-Carlsbad, CA",2024-04-01,297,827,206,22,1352,102880,21128
41740,"San Diego-Chula Vista-Carlsbad, CA",2024-05-01,426,1115,286,41,1868,104748,21554
41740,"San Diego-Chula Vista-Carlsbad, CA",2024-06-01,300,953,290,37,1580,106328,21854
41740,"San Diego-Chula Vista-Carlsbad, CA",2024-07-01,205,925,249,24,1403,107731,22059
41740,"San Diego-Chula Vista-Carlsbad, CA",2024-08-01,129,775,182,28,1114,108845,22188
41740,"San Diego-Chula Vista-Carlsbad, CA",2024-09-01,166,677,169,20,1032,109877,22354
41740,"San Diego-Chula Vista-Carlsbad, CA",2024-10-01,163,576,123,6,868,110745,22517
41740,"San Diego-Chula Vista-Carlsbad, CA",2024-11-01,140,551,115,12,818,111563,22657
41740,"San Diego-Chula Vista-Carlsbad, CA",2024-12-01,144,544,114,8,810,112373,22801
41740,"San Diego-Chula Vista-Carlsbad, CA",2025-01-01,144,544,93,11,792,113165,22945
41740,"San Diego-Chula Vista-Carlsbad, CA",2025-02-01,118,429,101,9,657,113822,23063
41740,"San Diego-Chula Vista-Carlsbad, CA",2025-03-01,143,407,91,14,655,114477,23206
41740,"San Diego-Chula Vista-Carlsbad, CA",2025-04-01,97,384,123,36,640,115117,23303
41740,"San Diego-Chula Vista-Carlsbad, CA",2025-05-01,214,497,195,33,939,116056,23517
41740,"San Diego-Chula Vista-Carlsbad, CA",2025-06-01,123,298,140,38,599,116655,23640
41740,"San Diego-Chula Vista-Carlsbad, CA",2025-07-01,149,336,228,66,779,117434,23789
41740,"San Diego-Chula Vista-Carlsbad, CA",2025-08-01,105,249,119,4,477,117911,23894
41740,"San Diego-Chula Vista-Carlsbad, CA",2025-09-01,5,6,1,0,12,117923,23899
12420,"Austin-Round Rock-San Marcos, TX",2019-01-01,15,402,84,7,508,508,15
12420,"Austin-Round Rock-San Marcos, TX",2019-02-01,11,332,61,2,406,914,26
12420,"Austin-Round Rock-San Marcos, TX",2019-03-01,14,445,87,9,555,1469,40
12420,"Austin-Round Rock-San Marcos, TX",2019-04-01,40,573,106,9,728,2197,80
12420,"Austin-Round Rock-San Marcos, TX",2019-05-01,20,700,114,12,846,3043,100
12420,"Austin-Round Rock-San Marcos, TX",2019-06-01,35,666,128,6,835,3878,135
12420,"Austin-Round Rock-San Marcos, TX",2019-07-01,52,668,134,14,868,4746,187
12420,"Austin-Round Rock-San Marcos, TX",2019-08-01,48,708,162,18,936,5682,235
12420,"Austin-Round Rock-San Marcos, TX",2019-09-01,72,778,169,9,1028,6710,307
12420,"Austin-Round Rock-San Marcos, TX",2019-10-01,83,695,151,15,944,7654,390
12420,"Austin-Round Rock-San Marcos, TX",2019-11-01,66,594,122,11,793,8447,456
12420,"Austin-Round Rock-San Marcos, TX",2019-12-01,81,582,116,8,787,9234,537
12420,"Austin-Round Rock-San Marcos, TX",2020-01-01,63,561,129,9,762,9996,600
12420,"Austin-Round Rock-San Marcos, TX",2020-02-01,62,480,99,9,650,10646,662
12420,"Austin-Round Rock-San Marcos, TX",2020-03-01,117,778,191,18,1104,11750,779
12420,"Austin-Round Rock-San Marcos, TX",2020-04-01,292,1616,421,52,2381,14131,1071
12420,"Austin-Round Rock-San Marcos, TX",2020-05-01,606,1762,329,53,2750,16881,1677
12420,"Austin-Round Rock-San Marcos, TX",2020-06-01,549,1705,224,26,2504,19385,2226
12420,"Austin-Round Rock-San Marcos, TX",2020-07-01,662,2099,368,38,3167,22552,2888
12420,"Austin-Round Rock-San Marcos, TX",2020-08-01,511,2153,357,42,3063,25615,3399
12420,"Austin-Round Rock-San Marcos, TX",2020-09-01,575,1993,322,36,2926,28541,3974
12420,"Austin-Round Rock-San Marcos, TX",2020-10-01,380,1410,275,29,2094,30635,4354
12420,"Austin-Round Rock-San Marcos, TX",2020-11-01,230,909,184,23,1346,31981,4584
12420,"Austin-Round Rock-San Marcos, TX",2020-12-01,442,1313,310,43,2108,34089,5026
12420,"Austin-Round Rock-San Marcos, TX",2021-01-01,823,2039,393,44,3299,37388,5849
12420,"Austin-Round Rock-San Marcos, TX",2021-02-01,506,1383,261,20,2170,39558,6355
12420,"Austin-Round Rock-San Marcos, TX",2021-03-01,825,1834,346,36,3041,42599,7180
12420,"Austin-Round Rock-San Marcos, TX",2021-04-01,770,1999,380,41,3190,45789,7950
12420,"Austin-Round Rock-San Marcos, TX",2021-05-01,902,2300,375,41,3618,49407,8852
12420,"Austin-Round Rock-San Marcos, TX",2021-06-01,754,2421,413,47,3635,53042,9606
12420,"Austin-Round Rock-San Marcos, TX",2021-07-01,607,2000,363,31,3001,56043,10213
12420,"Austin-Round Rock-San Marcos, TX",2021-08-01,569,2083,402,47,3101,59144,10782
12420,"Austin-Round Rock-San Marcos, TX",2021-09-01,595,2117,456,49,3217,62361,11377
12420,"Austin-Round Rock-San Marcos, TX",2021-10-01,525,1619,419,44,2607,64968,11902
12420,"Austin-Round Rock-San Marcos, TX",2021-11-01,564,1648,346,42,2600,67568,12466
12420,"Austin-Round Rock-San Marcos, TX",2021-12-01,856,1762,386,60,3064,70632,13322
12420,"Austin-Round Rock-San Marcos, TX",2022-01-01,915,2294,548,51,3808,74440,14237
12420,"Austin-Round Rock-San Marcos, TX",2022-02-01,630,1558,377,72,2637,77077,14867
12420,"Austin-Round Rock-San Marcos, TX",2022-03-01,651,1607,428,52,2738,79815,15518
12420,"Austin-Round Rock-San Marcos, TX",2022-04-01,629,1615,403,53,2700,82515,16147
12420,"Austin-Round Rock-San Marcos, TX",2022-05-01,719,1700,353,40,2812,85327,16866
12420,"Austin-Round Rock-San Marcos, TX",2022-06-01,636,1466,335,32,2469,87796,17502
12420,"Austin-Round Rock-San Marcos, TX",2022-07-01,625,1431,325,43,2424,90220,18127
12420,"Austin-Round Rock-San Marcos, TX",2022-08-01,739,1756,418,39,2952,93172,18866
12420,"Austin-Round Rock-San Marcos, TX",2022-09-01,759,1710,477,51,2997,96169,19625
12420,"Austin-Round Rock-San Marcos, TX",2022-10-01,695,1508,389,54,2646,98815,20320
12420,"Austin-Round Rock-San Marcos, TX",2022-11-01,749,1596,399,47,2791,101606,21069
12420,"Austin-Round Rock-San Marcos, TX",2022-12-01,883,1420,363,31,2697,104303,21952
12420,"Austin-Round Rock-San Marcos, TX",2023-01-01,820,1494,383,46,2743,107046,22772
12420,"Austin-Round Rock-San Marcos, TX",2023-02-01,781,1374,358,41,2554,109600,23553
12420,"Austin-Round Rock-San Marcos, TX",2023-03-01,860,1678,380,49,2967,112567,24413
12420,"Austin-Round Rock-San Marcos, TX",2023-04-01,706,1388,322,30,2446,115013,25119
12420,"Austin-Round Rock-San Marcos, TX",2023-05-01,780,1449,350,23,2602,117615,25899
12420,"Austin-Round Rock-San Marcos, TX",2023-06-01,500,1005,233,10,1748,119363,26399
12420,"Austin-Round Rock-San Marcos, TX",2023-07-01,517,1011,224,22,1774,121137,26916
12420,"Austin-Round Rock-San Marcos, TX",2023-08-01,619,1378,327,23,2347,123484,27535
12420,"Austin-Round Rock-San Marcos, TX",2023-09-01,734,1406,367,26,2533,126017,28269
12420,"Austin-Round Rock-San Marcos, TX",2023-10-01,768,1556,339,27,2690,128707,29037
12420,"Austin-Round Rock-San Marcos, TX",2023-11-01,903,1581,373,33,2890,131597,29940
12420,"Austin-Round Rock-San Marcos, TX",2023-12-01,950,1458,347,36,2791,134388,30890
12420,"Austin-Round Rock-San Marcos, TX",2024-01-01,840,1594,407,35,2876,137264,31730
12420,"Austin-Round Rock-San Marcos, TX",2024-02-01,807,1361,368,32,2568,139832,32537
12420,"Austin-Round Rock-San Marcos, TX",2024-03-01,959,1370,327,30,2686,142518,33496
12420,"Austin-Round Rock-San Marcos, TX",2024-04-01,804,1260,276,29,2369,144887,34300
12420,"Austin-Round Rock-San Marcos, TX",2024-05-01,933,1522,382,32,2869,147756,35233
12420,"Austin-Round Rock-San Marcos, TX",2024-06-01,660,1276,285,29,2250,150006,35893
12420,"Austin-Round Rock-San Marcos, TX",2024-07-01,751,1653,399,33,2836,152842,36644
12420,"Austin-Round Rock-San Marcos, TX",2024-08-01,642,1596,343,37,2618,155460,37286
12420,"Austin-Round Rock-San Marcos, TX",2024-09-01,669,1403,326,37,2435,157895,37955
12420,"Austin-Round Rock-San Marcos, TX",2024-10-01,847,1670,374,42,2933,160828,38802
12420,"Austin-Round Rock-San Marcos, TX",2024-11-01,848,1500,330,26,2704,163532,39650
12420,"Austin-Round Rock-San Marcos, TX",2024-12-01,865,1430,350,31,2676,166208,40515
12420,"Austin-Round Rock-San Marcos, TX",2025-01-01,766,1463,313,34,2576,168784,41281
12420,"Austin-Round Rock-San Marcos, TX",2025-02-01,771,1239,265,23,2298,171082,42052
12420,"Austin-Round Rock-San Marcos, TX",2025-03-01,858,1254,257,30,2399,173481,42910
12420,"Austin-Round Rock-San Marcos, TX",2025-04-01,889,1273,267,31,2460,175941,43799
12420,"Austin-Round Rock-San Marcos, TX",2025-05-01,1036,1291,332,32,2691,178632,44835
12420,"Austin-Round Rock-San Marcos, TX",2025-06-01,1006,1295,315,18,2634,181266,45841
12420,"Austin-Round Rock-San Marcos, TX",2025-07-01,939,1179,283,20,2421,183687,46780
12420,"Austin-Round Rock-San Marcos, TX",2025-08-01,782,1090,235,26,2133,185820,47562
12420,"Austin-Round Rock-San Marcos, TX",2025-09-01,24,37,11,1,73,185893,47586
14300,"Bonham, TX",2019-01-01,0,2,0,0,2,2,0
14300,"Bonham, TX",2019-03-01,0,0,1,0,1,3,0
14300,"Bonham, TX",2019-05-01,0,2,0,0,2,5,0
14300,"Bonham, TX",2019-06-01,0,1,1,0,2,7,0
14300,"Bonham, TX",2019-07-01,0,5,0,0,5,12,0
14300,"Bonham, TX",2019-08-01,0,5,1,0,6,18,0
14300,"Bonham, TX",2019-09-01,0,1,1,0,2,20,0
14300,"Bonham, TX",2019-11-01,0,3,0,0,3,23,0
14300,"Bonham, TX",2019-12-01,0,4,0,0,4,27,0
14300,"Bonham, TX",2020-01-01,1,1,0,0,2,29,1
14300,"Bonham, TX",2020-02-01,1,1,1,0,3,32,2
14300,"Bonham, TX",2020-03-01,0,1,1,0,2,34,2
14300,"Bonham, TX",2020-04-01,0,2,1,0,3,37,2
14300,"Bonham, TX",2020-05-01,0,4,0,0,4,41,2
14300,"Bonham, TX",2020-06-01,0,3,0,0,3,44,2
14300,"Bonham, TX",2020-07-01,2,7,0,1,10,54,4
14300,"Bonham, TX",2020-08-01,1,4,2,0,7,61,5
14300,"Bonham, TX",2020-09-01,4,4,1,0,9,70,9
14300,"Bonham, TX",2020-10-01,2,3,3,0,8,78,11
14300,"Bonham, TX",2020-11-01,1,7,0,0,8,86,12
14300,"Bonham, TX",2020-12-01,1,3,1,0,5,91,13
14300,"Bonham, TX",2021-01-01,3,5,0,0,8,99,16
14300,"Bonham, TX",2021-02-01,1,2,3,0,6,105,17
14300,"Bonham, TX",2021-03-01,2,5,4,0,11,116,19
14300,"Bonham, TX",2021-04-01,2,9,1,0,12,128,21
14300,"Bonham, TX",2021-05-01,4,8,4,1,17,145,25
14300,"Bonham, TX",2021-06-01,1,10,3,1,15,160,26
14300,"Bonham, TX",2021-07-01,3,8,3,0,14,174,29
14300,"Bonham, TX",2021-08-01,2,7,3,0,12,186,31
14300,"Bonham, TX",2021-09-01,1,15,3,2,21,207,32
14300,"Bonham, TX",2021-10-01,5,11,5,0,21,228,37
14300,"Bonham, TX",2021-11-01,7,13,7,1,28,256,44
14300,"Bonham, TX",2021-12-01,10,18,6,1,35,291,54
14300,"Bonham, TX",2022-01-01,4,18,6,0,28,319,58
14300,"Bonham, TX",2022-02-01,2,9,3,0,14,333,60
14300,"Bonham, TX",2022-03-01,8,23,8,1,40,373,68
14300,"Bonham, TX",2022-04-01,3,10,3,0,16,389,71
14300,"Bonham, TX",2022-05-01,3,5,6,0,14,403,74
14300,"Bonham, TX",2022-06-01,3,15,4,0,22,425,77
14300,"Bonham, TX",2022-07-01,2,9,6,2,19,444,79
14300,"Bonham, TX",2022-08-01,4,5,6,0,15,459,83
14300,"Bonham, TX",2022-09-01,6,15,3,1,25,484,89
14300,"Bonham, TX",2022-10-01,3,9,6,0,18,502,92
14300,"Bonham, TX",2022-11-01,17,12,7,1,37,539,109
14300,"Bonham, TX",2022-12-01,5,7,7,0,19,558,114
14300,"Bonham, TX",2023-01-01,2,8,5,1,16,574,116
14300,"Bonham, TX",2023-02-01,7,15,2,0,24,598,123
14300,"Bonham, TX",2023-03-01,8,14,3,1,26,624,131
14300,"Bonham, TX",2023-04-01,3,9,5,1,18,642,134
14300,"Bonham, TX",2023-05-01,3,13,6,1,23,665,137
14300,"Bonham, TX",2023-06-01,4,8,4,1,17,682,141
14300,"Bonham, TX",2023-07-01,3,9,5,0,17,699,144
14300,"Bonham, TX",2023-08-01,4,3,4,1,12,711,148
14300,"Bonham, TX",2023-09-01,1,4,2,2,9,720,149
14300,"Bonham, TX",2023-10-01,7,7,3,1,18,738,156
14300,"Bonham, TX",2023-11-01,6,8,4,0,18,756,162
14300,"Bonham, TX",2023-12-01,6,10,7,1,24,780,168
14300,"Bonham, TX",2024-01-01,8,12,5,0,25,805,176
14300,"Bonham, TX",2024-02-01,11,5,4,0,20,825,187
14300,"Bonham, TX",2024-03-01,6,16,6,1,29,854,193
14300,"Bonham, TX",2024-04-01,6,12,4,0,22,876,199
14300,"Bonham, TX",2024-05-01,3,7,3,0,13,889,202
14300,"Bonham, TX",2024-06-01,4,10,2,0,16,905,206
14300,"Bonham, TX",2024-07-01,3,9,3,0,15,920,209
14300,"Bonham, TX",2024-08-01,3,4,2,0,9,929,212
14300,"Bonham, TX",2024-09-01,5,13,4,0,22,951,217
14300,"Bonham, TX",2024-10-01,12,21,1,0,34,985,229
14300,"Bonham, TX",2024-11-01,7,12,5,0,24,1009,236
14300,"Bonham, TX",2024-12-01,14,11,8,2,35,1044,250
14300,"Bonham, TX",2025-01-01,9,19,8,0,36,1080,259
14300,"Bonham, TX",2025-02-01,6,6,3,0,15,1095,265
14300,"Bonham, TX",2025-03-01,9,6,1,1,17,1112,274
14300,"Bonham, TX",2025-04-01,16,13,2,1,32,1144,290
14300,"Bonham, TX",2025-05-01,10,24,8,0,42,1186,300
14300,"Bonham, TX",2025-06-01,9,17,3,1,30,1216,309
14300,"Bonham, TX",2025-07-01,11,18,7,2,38,1254,320
14300,"Bonham, TX",2025-08-01,7,11,2,0,20,1274,327
38820,"Port Angeles, WA",2019-01-01,0,1,0,0,1,1,0
38820,"Port Angeles, WA",2019-02-01,1,1,2,0,4,5,1
38820,"Port Angeles, WA",2019-03-01,0,2,1,0,3,8,1
38820,"Port Angeles, WA",2019-04-01,0,4,0,0,4,12,1
38820,"Port Angeles, WA",2019-05-01,0,2,0,0,2,14,1
38820,"Port Angeles, WA",2019-06-01,0,4,0,0,4,18,1
38820,"Port Angeles, WA",2019-07-01,0,2,0,0,2,20,1
38820,"Port Angeles, WA",2019-08-01,0,6,1,0,7,27,1
38820,"Port Angeles, WA",2019-09-01,0,1,2,0,3,30,1
38820,"Port Angeles, WA",2019-10-01,2,4,3,0,9,39,3
38820,"Port Angeles, WA",2019-11-01,0,4,1,0,5,44,3
38820,"Port Angeles, WA",2019-12-01,0,2,0,0,2,46,3
38820,"Port Angeles, WA",2020-01-01,0,3,1,0,4,50,3
38820,"Port Angeles, WA",2020-02-01,1,12,5,0,18,68,4
38820,"Port Angeles, WA",2020-03-01,5,14,2,3,24,92,9
38820,"Port Angeles, WA",2020-04-01,1,23,9,1,34,126,10
38820,"Port Angeles, WA",2020-05-01,2,16,4,0,22,148,12
38820,"Port Angeles, WA",2020-06-01,2,20,4,1,27,175,14
38820,"Port Angeles, WA",2020-07-01,6,21,6,1,34,209,20
38820,"Port Angeles, WA",2020-08-01,4,16,3,0,23,232,24
38820,"Port Angeles, WA",2020-09-01,2,15,4,0,21,253,26
38820,"Port Angeles, WA",2020-10-01,3,13,2,1,19,272,29
38820,"Port Angeles, WA",2020-11-01,4,14,4,0,22,294,33
38820,"Port Angeles, WA",2020-12-01,2,18,8,0,28,322,35
38820,"Port Angeles, WA",2021-01-01,5,10,11,1,27,349,40
38820,"Port Angeles, WA",2021-02-01,1,13,4,1,19,368,41
38820,"Port Angeles, WA",2021-03-01,8,16,7,2,33,401,49
38820,"Port Angeles, WA",2021-04-01,7,16,4,0,27,428,56
38820,"Port Angeles, WA",2021-05-01,5,16,8,1,30,458,61
38820,"Port Angeles, WA",2021-06-01,10,25,3,0,38,496,71
38820,"Port Angeles, WA",2021-07-01,4,27,2,0,33,529,75
38820,"Port Angeles, WA",2021-08-01,6,20,1,0,27,556,81
38820,"Port Angeles, WA",2021-09-01,5,24,5,0,34,590,86
38820,"Port Angeles, WA",2021-10-01,2,20,7,1,30,620,88
38820,"Port Angeles, WA",2021-11-01,10,15,7,1,33,653,98
38820,"Port Angeles, WA",2021-12-01,2,21,4,1,28,681,100
38820,"Port Angeles, WA",2022-01-01,9,34,6,4,53,734,109
38820,"Port Angeles, WA",2022-02-01,3,17,7,1,28,762,112
38820,"Port Angeles, WA",2022-03-01,5,20,2,1,28,790,117
38820,"Port Angeles, WA",2022-04-01,6,18,6,0,30,820,123
38820,"Port Angeles, WA",2022-05-01,10,17,6,1,34,854,133
38820,"Port Angeles, WA",2022-06-01,8,9,1,1,19,873,141
38820,"Port Angeles, WA",2022-07-01,7,19,3,0,29,902,148
38820,"Port Angeles, WA",2022-08-01,11,19,5,0,35,937,159
38820,"Port Angeles, WA",2022-09-01,4,12,2,2,20,957,163
38820,"Port Angeles, WA",2022-10-01,10,11,10,0,31,988,173
38820,"Port Angeles, WA",2022-11-01,5,16,9,1,31,1019,178
38820,"Port Angeles, WA",2022-12-01,8,12,6,0,26,1045,186
38820,"Port Angeles, WA",2023-01-01,7,16,3,0,26,1071,193
38820,"Port Angeles, WA",2023-02-01,2,12,2,2,18,1089,195
38820,"Port Angeles, WA",2023-03-01,3,13,6,0,22,1111,198
38820,"Port Angeles, WA",2023-04-01,4,11,6,0,21,1132,202
38820,"Port Angeles, WA",2023-05-01,6,12,3,0,21,1153,208
38820,"Port Angeles, WA",2023-06-01,6,19,5,0,30,1183,214
38820,"Port Angeles, WA",2023-07-01,9,12,2,0,23,1206,223
38820,"Port Angeles, WA",2023-08-01,4,7,2,0,13,1219,227
38820,"Port Angeles, WA",2023-09-01,4,8,2,0,14,1233,231
38820,"Port Angeles, WA",2023-10-01,9,16,6,0,31,1264,240
38820,"Port Angeles, WA",2023-11-01,7,9,4,0,20,1284,247
38820,"Port Angeles, WA",2023-12-01,9,15,8,2,34,1318,256
38820,"Port Angeles, WA",2024-01-01,9,22,4,0,35,1353,265
38820,"Port Angeles, WA",2024-02-01,16,20,6,1,43,1396,281
38820,"Port Angeles, WA",2024-03-01,3,10,5,0,18,1414,284
38820,"Port Angeles, WA",2024-04-01,5,16,2,2,25,1439,289
38820,"Port Angeles, WA",2024-05-01,5,13,1,3,22,1461,294
38820,"Port Angeles, WA",2024-06-01,6,9,2,1,18,1479,300
38820,"Port Angeles, WA",2024-07-01,7,10,8,0,25,1504,307
38820,"Port Angeles, WA",2024-08-01,4,21,6,0,31,1535,311
38820,"Port Angeles, WA",2024-09-01,10,20,3,0,33,1568,321
38820,"Port Angeles, WA",2024-10-01,11,22,3,3,39,1607,332
38820,"Port Angeles, WA",2024-11-01,12,6,4,0,22,1629,344
38820,"Port Angeles, WA",2024-12-01,7,21,4,0,32,1661,351
38820,"Port Angeles, WA",2025-01-01,13,20,9,2,44,1705,364
38820,"Port Angeles, WA",2025-02-01,10,9,7,1,27,1732,374
38820,"Port Angeles, WA",2025-03-01,9,10,8,0,27,1759,383
38820,"Port Angeles, WA",2025-04-01,11,8,3,0,22,1781,394
38820,"Port Angeles, WA",2025-05-01,16,11,5,0,32,1813,410
38820,"Port Angeles, WA",2025-06-01,7,15,3,0,25,1838,417
38820,"Port Angeles, WA",2025-07-01,9,13,4,0,26,1864,426
38820,"Port Angeles, WA",2025-08-01,5,18,3,1,27,1891,431
25420,"Harrisburg-Carlisle, PA",2019-01-01,0,63,12,0,75,75,0
25420,"Harrisburg-Carlisle, PA",2019-02-01,6,85,23,1,115,190,6
25420,"Harrisburg-Carlisle, PA",2019-03-01,4,115,15,2,136,326,10
25420,"Harrisburg-Carlisle, PA",2019-04-01,5,108,26,3,142,468,15
25420,"Harrisburg-Carlisle, PA",2019-05-01,0,120,22,1,143,611,15
25420,"Harrisburg-Carlisle, PA",2019-06-01,8,90,14,2,114,725,23
25420,"Harrisburg-Carlisle, PA",2019-07-01,3,64,20,2,89,814,26
25420,"Harrisburg-Carlisle, PA",2019-08-01,9,122,27,2,160,974,35
25420,"Harrisburg-Carlisle, PA",2019-09-01,6,117,35,3,161,1135,41
25420,"Harrisburg-Carlisle, PA",2019-10-01,11,101,13,0,125,1260,52
25420,"Harrisburg-Carlisle, PA",2019-11-01,10,74,14,0,98,1358,62
25420,"Harrisburg-Carlisle, PA",2019-12-01,14,96,28,3,141,1499,76
25420,"Harrisburg-Carlisle, PA",2020-01-01,16,101,24,3,144,1643,92
25420,"Harrisburg-Carlisle, PA",2020-02-01,11,85,15,2,113,1756,103
25420,"Harrisburg-Carlisle, PA",2020-03-01,18,105,33,2,158,1914,121
25420,"Harrisburg-Carlisle, PA",2020-04-01,88,273,81,8,450,2364,209
25420,"Harrisburg-Carlisle, PA",2020-05-01,147,366,76,5,594,2958,356
25420,"Harrisburg-Carlisle, PA",2020-06-01,110,328,60,8,506,3464,466
25420,"Harrisburg-Carlisle, PA",2020-07-01,166,450,84,6,706,4170,632
25420,"Harrisburg-Carlisle, PA",2020-08-01,143,520,95,9,767,4937,775
25420,"Harrisburg-Carlisle, PA",2020-09-01,120,425,80,6,631,5568,895
25420,"Harrisburg-Carlisle, PA",2020-10-01,93,397,62,4,556,6124,988
25420,"Harrisburg-Carlisle, PA",2020-11-01,71,194,37,2,304,6428,1059
25420,"Harrisburg-Carlisle, PA",2020-12-01,60,153,22,4,239,6667,1119
25420,"Harrisburg-Carlisle, PA",2021-01-01,142,347,61,9,559,7226,1261
25420,"Harrisburg-Carlisle, PA",2021-02-01,139,414,90,9,652,7878,1400
25420,"Harrisburg-Carlisle, PA",2021-03-01,182,412,100,17,711,8589,1582
25420,"Harrisburg-Carlisle, PA",2021-04-01,192,435,99,11,737,9326,1774
25420,"Harrisburg-Carlisle, PA",2021-05-01,185,420,87,6,698,10024,1959
25420,"Harrisburg-Carlisle, PA",2021-06-01,107,316,66,3,492,10516,2066
25420,"Harrisburg-Carlisle, PA",2021-07-01,105,334,67,8,514,11030,2171
25420,"Harrisburg-Carlisle, PA",2021-08-01,108,265,57,7,437,11467,2279
25420,"Harrisburg-Carlisle, PA",2021-09-01,90,323,72,10,495,11962,2369
25420,"Harrisburg-Carlisle, PA",2021-10-01,35,141,31,2,209,12171,2404
25420,"Harrisburg-Carlisle, PA",2021-11-01,55,163,29,2,249,12420,2459
25420,"Harrisburg-Carlisle, PA",2021-12-01,123,303,79,3,508,12928,2582
25420,"Harrisburg-Carlisle, PA",2022-01-01,145,432,92,10,679,13607,2727
25420,"Harrisburg-Carlisle, PA",2022-02-01,56,168,33,4,261,13868,2783
25420,"Harrisburg-Carlisle, PA",2022-03-01,101,278,71,7,457,14325,2884
25420,"Harrisburg-Carlisle, PA",2022-04-01,78,162,32,2,274,14599,2962
25420,"Harrisburg-Carlisle, PA",2022-05-01,121,244,64,4,433,15032,3083
25420,"Harrisburg-Carlisle, PA",2022-06-01,57,113,32,1,203,15235,3140
25420,"Harrisburg-Carlisle, PA",2022-07-01,57,123,35,5,220,15455,3197
25420,"Harrisburg-Carlisle, PA",2022-08-01,69,152,43,5,269,15724,3266
25420,"Harrisburg-Carlisle, PA",2022-09-01,121,289,91,4,505,16229,3387
25420,"Harrisburg-Carlisle, PA",2022-10-01,89,192,56,1,338,16567,3476
25420,"Harrisburg-Carlisle, PA",2022-11-01,147,286,78,6,517,17084,3623
25420,"Harrisburg-Carlisle, PA",2022-12-01,188,273,72,6,539,17623,3811
25420,"Harrisburg-Carlisle, PA",2023-01-01,163,334,100,4,601,18224,3974
25420,"Harrisburg-Carlisle, PA",2023-02-01,149,271,76,9,505,18729,4123
25420,"Harrisburg-Carlisle, PA",2023-03-01,185,354,104,6,649,19378,4308
25420,"Harrisburg-Carlisle, PA",2023-04-01,115,260,68,5,448,19826,4423
25420,"Harrisburg-Carlisle, PA",2023-05-01,72,140,30,4,246,20072,4495
25420,"Harrisburg-Carlisle, PA",2023-06-01,47,89,20,2,158,20230,4542
25420,"Harrisburg-Carlisle, PA",2023-07-01,53,104,16,1,174,20404,4595
25420,"Harrisburg-Carlisle, PA",2023-08-01,68,143,38,1,250,20654,4663
25420,"Harrisburg-Carlisle, PA",2023-09-01,144,300,87,7,538,21192,4807
25420,"Harrisburg-Carlisle, PA",2023-10-01,149,302,86,10,547,21739,4956
25420,"Harrisburg-Carlisle, PA",2023-11-01,158,259,103,10,530,22269,5114
25420,"Harrisburg-Carlisle, PA",2023-12-01,180,289,81,6,556,22825,5294
25420,"Harrisburg-Carlisle, PA",2024-01-01,193,342,100,7,642,23467,5487
25420,"Harrisburg-Carlisle, PA",2024-02-01,203,303,87,4,597,24064,5690
25420,"Harrisburg-Carlisle, PA",2024-03-01,184,275,88,3,550,24614,5874
25420,"Harrisburg-Carlisle, PA",2024-04-01,144,252,61,6,463,25077,6018
25420,"Harrisburg-Carlisle, PA",2024-05-01,77,155,29,2,263,25340,6095
25420,"Harrisburg-Carlisle, PA",2024-06-01,68,143,40,3,254,25594,6163
25420,"Harrisburg-Carlisle, PA",2024-07-01,220,325,87,8,640,26234,6383
25420,"Harrisburg-Carlisle, PA",2024-08-01,165,276,75,11,527,26761,6548
25420,"Harrisburg-Carlisle, PA",2024-09-01,159,240,69,9,477,27238,6707
25420,"Harrisburg-Carlisle, PA",2024-10-01,219,275,80,10,584,27822,6926
25420,"Harrisburg-Carlisle, PA",2024-11-01,218,284,75,9,586,28408,7144
25420,"Harrisburg-Carlisle, PA",2024-12-01,238,316,78,4,636,29044,7382
25420,"Harrisburg-Carlisle, PA",2025-01-01,224,316,83,6,629,29673,7606
25420,"Harrisburg-Carlisle, PA",2025-02-01,202,263,83,3,551,30224,7808
25420,"Harrisburg-Carlisle, PA",2025-03-01,219,240,88,7,554,30778,8027
25420,"Harrisburg-Carlisle, PA",2025-04-01,207,265,74,12,558,31336,8234
25420,"Harrisburg-Carlisle, PA",2025-05-01,236,301,87,11,635,31971,8470
25420,"Harrisburg-Carlisle, PA",2025-06-01,234,245,74,6,559,32530,8704
25420,"Harrisburg-Carlisle, PA",2025-07-01,212,240,65,3,520,33050,8916
25420,"Harrisburg-Carlisle, PA",2025-08-01,139,218,56,6,419,33469,9055
25420,"Harrisburg-Carlisle, PA",2025-09-01,8,2,0,0,10,33479,9063
40980,"Saginaw, MI",2019-01-01,0,10,4,1,15,15,0
40980,"Saginaw, MI",2019-02-01,0,30,10,0,40,55,0
40980,"Saginaw, MI",2019-03-01,3,44,9,0,56,111,3
40980,"Saginaw, MI",2019-04-01,2,47,10,2,61,172,5
40980,"Saginaw, MI",2019-05-01,3,42,6,3,54,226,8
40980,"Saginaw, MI",2019-06-01,1,24,10,1,36,262,9
40980,"Saginaw, MI",2019-07-01,0,26,14,0,40,302,9
40980,"Saginaw, MI",2019-08-01,2,39,13,2,56,358,11
40980,"Saginaw, MI",2019-09-01,6,25,4,1,36,394,17
40980,"Saginaw, MI",2019-10-01,1,25,7,0,33,427,18
40980,"Saginaw, MI",2019-11-01,3,31,7,0,41,468,21
40980,"Saginaw, MI",2019-12-01,6,29,12,0,47,515,27
40980,"Saginaw, MI",2020-01-01,4,33,4,0,41,556,31
40980,"Saginaw, MI",2020-02-01,6,42,5,0,53,609,37
40980,"Saginaw, MI",2020-03-01,11,45,6,1,63,672,48
40980,"Saginaw, MI",2020-04-01,26,80,18,3,127,799,74
40980,"Saginaw, MI",2020-05-01,53,122,28,3,206,1005,127
40980,"Saginaw, MI",2020-06-01,36,120,17,5,178,1183,163
40980,"Saginaw, MI",2020-07-01,54,148,37,0,239,1422,217
40980,"Saginaw, MI",2020-08-01,50,165,28,1,244,1666,267
40980,"Saginaw, MI",2020-09-01,45,117,18,3,183,1849,312
40980,"Saginaw, MI",2020-10-01,46,119,23,3,191,2040,358
40980,"Saginaw, MI",2020-11-01,32,83,17,2,134,2174,390
40980,"Saginaw, MI",2020-12-01,24,64,14,0,102,2276,414
40980,"Saginaw, MI",2021-01-01,59,123,27,2,211,2487,473
40980,"Saginaw, MI",2021-02-01,83,144,34,2,263,2750,556
40980,"Saginaw, MI",2021-03-01,79,154,38,3,274,3024,635
40980,"Saginaw, MI",2021-04-01,55,169,27,5,256,3280,690
40980,"Saginaw, MI",2021-05-01,40,117,19,3,179,3459,730
40980,"Saginaw, MI",2021-06-01,69,177,38,0,284,3743,799
40980,"Saginaw, MI",2021-07-01,48,139,28,3,218,3961,847
40980,"Saginaw, MI",2021-08-01,32,117,25,0,174,4135,879
40980,"Saginaw, MI",2021-09-01,42,109,25,2,178,4313,921
40980,"Saginaw, MI",2021-10-01,17,64,13,2,96,4409,938
40980,"Saginaw, MI",2021-11-01,31,68,23,4,126,4535,969
40980,"Saginaw, MI",2021-12-01,65,132,30,2,229,4764,1034
40980,"Saginaw, MI",2022-01-01,87,174,44,4,309,5073,1121
40980,"Saginaw, MI",2022-02-01,64,129,33,5,231,5304,1185
40980,"Saginaw, MI",2022-03-01,57,89,35,4,185,5489,1242
40980,"Saginaw, MI",2022-04-01,40,70,11,1,122,5611,1282
40980,"Saginaw, MI",2022-05-01,30,83,19,1,133,5744,1312
40980,"Saginaw, MI",2022-06-01,28,78,10,1,117,5861,1340
40980,"Saginaw, MI",2022-07-01,32,64,17,3,116,5977,1372
40980,"Saginaw, MI",2022-08-01,66,136,38,5,245,6222,1438
40980,"Saginaw, MI",2022-09-01,76,143,50,7,276,6498,1514
40980,"Saginaw, MI",2022-10-01,49,113,36,10,208,6706,1563
40980,"Saginaw, MI",2022-11-01,50,94,25,1,170,6876,1613
40980,"Saginaw, MI",2022-12-01,79,99,26,2,206,7082,1692
40980,"Saginaw, MI",2023-01-01,67,105,30,2,204,7286,1759
40980,"Saginaw, MI",2023-02-01,67,96,38,4,205,7491,1826
40980,"Saginaw, MI",2023-03-01,95,156,38,8,297,7788,1921
40980,"Saginaw, MI",2023-04-01,46,94,28,3,171,7959,1967
40980,"Saginaw, MI",2023-05-01,45,65,13,1,124,8083,2012
40980,"Saginaw, MI",2023-06-01,45,49,15,3,112,8195,2057
40980,"Saginaw, MI",2023-07-01,40,60,26,8,134,8329,2097
40980,"Saginaw, MI",2023-08-01,38,76,27,2,143,8472,2135
40980,"Saginaw, MI",2023-09-01,45,76,30,1,152,8624,2180
40980,"Saginaw, MI",2023-10-01,72,100,30,3,205,8829,2252
40980,"Saginaw, MI",2023-11-01,83,114,31,7,235,9064,2335
40980,"Saginaw, MI",2023-12-01,94,143,39,5,281,9345,2429
40980,"Saginaw, MI",2024-01-01,97,126,39,2,264,9609,2526
40980,"Saginaw, MI",2024-02-01,107,103,36,5,251,9860,2633
40980,"Saginaw, MI",2024-03-01,141,143,45,6,335,10195,2774
40980,"Saginaw, MI",2024-04-01,85,110,42,3,240,10435,2859
40980,"Saginaw, MI",2024-05-01,108,109,41,2,260,10695,2967
40980,"Saginaw, MI",2024-06-01,96,128,41,3,268,10963,3063
40980,"Saginaw, MI",2024-07-01,75,82,36,3,196,11159,3138
40980,"Saginaw, MI",2024-08-01,52,103,29,5,189,11348,3190
40980,"Saginaw, MI",2024-09-01,65,93,33,8,199,11547,3255
40980,"Saginaw, MI",2024-10-01,102,149,34,4,289,11836,3357
40980,"Saginaw, MI",2024-11-01,118,107,32,6,263,12099,3475
40980,"Saginaw, MI",2024-12-01,109,103,31,3,246,12345,3584
40980,"Saginaw, MI",2025-01-01,121,117,38,4,280,12625,3705
40980,"Saginaw, MI",2025-02-01,112,83,40,4,239,12864,3817
40980,"Saginaw, MI",2025-03-01,119,120,31,2,272,13136,3936
40980,"Saginaw, MI",2025-04-01,128,94,33,2,257,13393,4064
40980,"Saginaw, MI",2025-05-01,118,107,28,2,255,13648,4182
40980,"Saginaw, MI",2025-06-01,48,60,17,0,125,13773,4230
40980,"Saginaw, MI",2025-07-01,38,55,12,1,106,13879,4268
40980,"Saginaw, MI",2025-08-01,81,78,26,5,190,14069,4349
40980,"Saginaw, MI",2025-09-01,2,1,0,0,3,14072,4351
20460,"Durant, OK",2019-01-01,0,1,3,0,4,4,0
20460,"Durant, OK",2019-02-01,0,1,3,0,4,8,0
20460,"Durant, OK",2019-03-01,0,4,1,1,6,14,0
20460,"Durant, OK",2019-04-01,0,3,2,0,5,19,0
20460,"Durant, OK",2019-05-01,0,3,2,0,5,24,0
20460,"Durant, OK",2019-06-01,0,3,1,0,4,28,0
20460,"Durant, OK",2019-07-01,1,7,0,1,9,37,1
20460,"Durant, OK",2019-08-01,0,9,4,0,13,50,1
20460,"Durant, OK",2019-09-01,1,20,6,1,28,78,2
20460,"Durant, OK",2019-10-01,1,12,4,0,17,95,3
20460,"Durant, OK",2019-11-01,1,13,5,0,19,114,4
20460,"Durant, OK",2019-12-01,0,15,4,0,19,133,4
20460,"Durant, OK",2020-01-01,1,14,1,0,16,149,5
20460,"Durant, OK",2020-02-01,5,10,2,0,17,166,10
20460,"Durant, OK",2020-03-01,3,9,6,0,18,184,13
20460,"Durant, OK",2020-04-01,9,22,3,0,34,218,22
20460,"Durant, OK",2020-05-01,4,25,6,0,35,253,26
20460,"Durant, OK",2020-06-01,6,25,4,0,35,288,32
20460,"Durant, OK",2020-07-01,5,30,5,0,40,328,37
20460,"Durant, OK",2020-08-01,9,30,4,2,45,373,46
20460,"Durant, OK",2020-09-01,5,30,6,1,42,415,51
20460,"Durant, OK",2020-10-01,6,13,3,0,22,437,57
20460,"Durant, OK",2020-11-01,8,17,3,0,28,465,65
20460,"Durant, OK",2020-12-01,11,25,8,3,47,512,76
20460,"Durant, OK",2021-01-01,6,21,2,0,29,541,82
20460,"Durant, OK",2021-02-01,8,12,6,0,26,567,90
20460,"Durant, OK",2021-03-01,10,23,7,1,41,608,100
20460,"Durant, OK",2021-04-01,15,27,7,1,50,658,115
20460,"Durant, OK",2021-05-01,15,41,11,0,67,725,130
20460,"Durant, OK",2021-06-01,15,30,8,1,54,779,145
20460,"Durant, OK",2021-07-01,11,34,6,2,53,832,156
20460,"Durant, OK",2021-08-01,7,32,3,2,44,876,163
20460,"Durant, OK",2021-09-01,7,34,4,2,47,923,170
20460,"Durant, OK",2021-10-01,9,24,4,0,37,960,179
20460,"Durant, OK",2021-11-01,10,29,5,0,44,1004,189
20460,"Durant, OK",2021-12-01,15,36,9,3,63,1067,204
20460,"Durant, OK",2022-01-01,16,51,10,0,77,1144,220
20460,"Durant, OK",2022-02-01,12,24,4,0,40,1184,232
20460,"Durant, OK",2022-03-01,18,38,15,2,73,1257,250
20460,"Durant, OK",2022-04-01,12,36,8,0,56,1313,262
20460,"Durant, OK",2022-05-01,16,25,10,3,54,1367,278
20460,"Durant, OK",2022-06-01,10,35,5,0,50,1417,288
20460,"Durant, OK",2022-07-01,10,39,10,1,60,1477,298
20460,"Durant, OK",2022-08-01,12,30,8,0,50,1527,310
20460,"Durant, OK",2022-09-01,12,25,8,0,45,1572,322
20460,"Durant, OK",2022-10-01,9,41,11,0,61,1633,331
20460,"Durant, OK",2022-11-01,20,34,8,2,64,1697,351
20460,"Durant, OK",2022-12-01,16,39,8,1,64,1761,367
20460,"Durant, OK",2023-01-01,11,22,14,0,47,1808,378
20460,"Durant, OK",2023-02-01,19,28,13,0,60,1868,397
20460,"Durant, OK",2023-03-01,21,51,12,3,87,1955,418
20460,"Durant, OK",2023-04-01,11,36,9,0,56,2011,429
20460,"Durant, OK",2023-05-01,6,22,8,1,37,2048,435
20460,"Durant, OK",2023-06-01,9,20,12,0,41,2089,444
20460,"Durant, OK",2023-07-01,17,23,10,0,50,2139,461
20460,"Durant, OK",2023-08-01,7,15,4,0,26,2165,468
20460,"Durant, OK",2023-09-01,8,23,5,0,36,2201,476
20460,"Durant, OK",2023-10-01,14,25,9,1,49,2250,490
20460,"Durant, OK",2023-11-01,27,35,13,2,77,2327,517
20460,"Durant, OK",2023-12-01,30,44,11,1,86,2413,547
20460,"Durant, OK",2024-01-01,27,42,13,2,84,2497,574
20460,"Durant, OK",2024-02-01,18,32,5,2,57,2554,592
20460,"Durant, OK",2024-03-01,26,38,13,0,77,2631,618
20460,"Durant, OK",2024-04-01,36,24,10,0,70,2701,654
20460,"Durant, OK",2024-05-01,21,24,7,0,52,2753,675
20460,"Durant, OK",2024-06-01,31,25,9,1,66,2819,706
20460,"Durant, OK",2024-07-01,18,32,12,2,64,2883,724
20460,"Durant, OK",2024-08-01,32,43,6,2,83,2966,756
20460,"Durant, OK",2024-09-01,27,41,9,3,80,3046,783
20460,"Durant, OK",2024-10-01,28,39,11,0,78,3124,811
20460,"Durant, OK",2024-11-01,29,34,9,2,74,3198,840
20460,"Durant, OK",2024-12-01,37,43,12,1,93,3291,877
20460,"Durant, OK",2025-01-01,35,43,10,1,89,3380,912
20460,"Durant, OK",2025-02-01,39,29,10,0,78,3458,951
20460,"Durant, OK",2025-03-01,25,37,14,0,76,3534,976
20460,"Durant, OK",2025-04-01,34,41,7,2,84,3618,1010
20460,"Durant, OK",2025-05-01,20,22,10,0,52,3670,1030
20460,"Durant, OK",2025-06-01,32,38,10,1,81,3751,1062
20460,"Durant, OK",2025-07-01,22,22,7,0,51,3802,1084
20460,"Durant, OK",2025-08-01,29,22,5,1,57,3859,1113
20460,"Durant, OK",2025-09-01,0,1,1,0,2,3861,1113
39540,"Racine-Mount Pleasant, WI",2019-01-01,0,55,23,3,81,81,0
39540,"Racine-Mount Pleasant, WI",2019-02-01,3,64,12,3,82,163,3
39540,"Racine-Mount Pleasant, WI",2019-03-01,6,79,25,2,112,275,9
39540,"Racine-Mount Pleasant, WI",2019-04-01,3,50,30,1,84,359,12
39540,"Racine-Mount Pleasant, WI",2019-05-01,4,53,18,2,77,436,16
39540,"Racine-Mount Pleasant, WI",2019-06-01,6,47,13,1,67,503,22
39540,"Racine-Mount Pleasant, WI",2019-07-01,3,52,9,1,65,568,25
39540,"Racine-Mount Pleasant, WI",2019-08-01,6,40,17,1,64,632,31
39540,"Racine-Mount Pleasant, WI",2019-09-01,5,64,18,0,87,719,36
39540,"Racine-Mount Pleasant, WI",2019-10-01,7,47,16,1,71,790,43
39540,"Racine-Mount Pleasant, WI",2019-11-01,9,72,22,4,107,897,52
39540,"Racine-Mount Pleasant, WI",2019-12-01,2,43,8,0,53,950,54
39540,"Racine-Mount Pleasant, WI",2020-01-01,12,74,20,1,107,1057,66
39540,"Racine-Mount Pleasant, WI",2020-02-01,10,70,23,0,103,1160,76
39540,"Racine-Mount Pleasant, WI",2020-03-01,15,69,16,5,105,1265,91
39540,"Racine-Mount Pleasant, WI",2020-04-01,72,159,45,6,282,1547,163
39540,"Racine-Mount Pleasant, WI",2020-05-01,72,154,36,4,266,1813,235
39540,"Racine-Mount Pleasant, WI",2020-06-01,67,113,12,5,197,2010,302
39540,"Racine-Mount Pleasant, WI",2020-07-01,61,179,30,6,276,2286,363
39540,"Racine-Mount Pleasant, WI",2020-08-01,58,153,37,3,251,2537,421
39540,"Racine-Mount Pleasant, WI",2020-09-01,54,139,35,6,234,2771,475
39540,"Racine-Mount Pleasant, WI",2020-10-01,47,138,27,5,217,2988,522
39540,"Racine-Mount Pleasant, WI",2020-11-01,33,113,29,1,176,3164,555
39540,"Racine-Mount Pleasant, WI",2020-12-01,37,87,16,3,143,3307,592
39540,"Racine-Mount Pleasant, WI",2021-01-01,99,191,42,5,337,3644,691
39540,"Racine-Mount Pleasant, WI",2021-02-01,71,156,42,1,270,3914,762
39540,"Racine-Mount Pleasant, WI",2021-03-01,77,183,53,4,317,4231,839
39540,"Racine-Mount Pleasant, WI",2021-04-01,86,180,41,5,312,4543,925
39540,"Racine-Mount Pleasant, WI",2021-05-01,93,197,51,5,346,4889,1018
39540,"Racine-Mount Pleasant, WI",2021-06-01,72,212,52,3,339,5228,1090
39540,"Racine-Mount Pleasant, WI",2021-07-01,68,182,48,7,305,5533,1158
39540,"Racine-Mount Pleasant, WI",2021-08-01,60,176,49,9,294,5827,1218
39540,"Racine-Mount Pleasant, WI",2021-09-01,62,171,60,8,301,6128,1280
39540,"Racine-Mount Pleasant, WI",2021-10-01,55,155,54,5,269,6397,1335
39540,"Racine-Mount Pleasant, WI",2021-11-01,63,145,44,5,257,6654,1398
39540,"Racine-Mount Pleasant, WI",2021-12-01,99,156,44,2,301,6955,1497
39540,"Racine-Mount Pleasant, WI",2022-01-01,69,196,61,5,331,7286,1566
39540,"Racine-Mount Pleasant, WI",2022-02-01,62,140,54,5,261,7547,1628
39540,"Racine-Mount Pleasant, WI",2022-03-01,78,135,49,5,267,7814,1706
39540,"Racine-Mount Pleasant, WI",2022-04-01,60,135,39,6,240,8054,1766
39540,"Racine-Mount Pleasant, WI",2022-05-01,61,165,37,2,265,8319,1827
39540,"Racine-Mount Pleasant, WI",2022-06-01,37,65,29,1,132,8451,1864
39540,"Racine-Mount Pleasant, WI",2022-07-01,53,88,33,5,179,8630,1917
39540,"Racine-Mount Pleasant, WI",2022-08-01,67,91,42,4,204,8834,1984
39540,"Racine-Mount Pleasant, WI",2022-09-01,54,118,35,4,211,9045,2038
39540,"Racine-Mount Pleasant, WI",2022-10-01,58,115,43,4,220,9265,2096
39540,"Racine-Mount Pleasant, WI",2022-11-01,49,94,34,4,181,9446,2145
39540,"Racine-Mount Pleasant, WI",2022-12-01,58,86,45,3,192,9638,2203
39540,"Racine-Mount Pleasant, WI",2023-01-01,89,120,37,3,249,9887,2292
39540,"Racine-Mount Pleasant, WI",2023-02-01,78,106,41,6,231,10118,2370
39540,"Racine-Mount Pleasant, WI",2023-03-01,88,113,50,8,259,10377,2458
39540,"Racine-Mount Pleasant, WI",2023-04-01,64,122,46,3,235,10612,2522
39540,"Racine-Mount Pleasant, WI",2023-05-01,39,68,30,3,140,10752,2561
39540,"Racine-Mount Pleasant, WI",2023-06-01,28,56,18,2,104,10856,2589
39540,"Racine-Mount Pleasant, WI",2023-07-01,72,124,45,1,242,11098,2661
39540,"Racine-Mount Pleasant, WI",2023-08-01,82,126,39,6,253,11351,2743
39540,"Racine-Mount Pleasant, WI",2023-09-01,80,133,34,4,251,11602,2823
39540,"Racine-Mount Pleasant, WI",2023-10-01,70,128,30,10,238,11840,2893
39540,"Racine-Mount Pleasant, WI",2023-11-01,77,136,48,7,268,12108,2970
39540,"Racine-Mount Pleasant, WI",2023-12-01,104,128,39,5,276,12384,3074
39540,"Racine-Mount Pleasant, WI",2024-01-01,108,148,63,2,321,12705,3182
39540,"Racine-Mount Pleasant, WI",2024-02-01,99,136,43,8,286,12991,3281
39540,"Racine-Mount Pleasant, WI",2024-03-01,104,141,42,4,291,13282,3385
39540,"Racine-Mount Pleasant, WI",2024-04-01,98,149,40,1,288,13570,3483
39540,"Racine-Mount Pleasant, WI",2024-05-01,114,151,56,3,324,13894,3597
39540,"Racine-Mount Pleasant, WI",2024-06-01,109,160,32,8,309,14203,3706
39540,"Racine-Mount Pleasant, WI",2024-07-01,85,141,41,3,270,14473,3791
39540,"Racine-Mount Pleasant, WI",2024-08-01,80,155,47,6,288,14761,3871
39540,"Racine-Mount Pleasant, WI",2024-09-01,73,135,51,11,270,15031,3944
39540,"Racine-Mount Pleasant, WI",2024-10-01,91,133,42,7,273,15304,4035
39540,"Racine-Mount Pleasant, WI",2024-11-01,95,143,49,8,295,15599,4130
39540,"Racine-Mount Pleasant, WI",2024-12-01,112,120,40,5,277,15876,4242
39540,"Racine-Mount Pleasant, WI",2025-01-01,108,137,34,4,283,16159,4350
39540,"Racine-Mount Pleasant, WI",2025-02-01,109,100,27,6,242,16401,4459
39540,"Racine-Mount Pleasant, WI",2025-03-01,98,129,28,6,261,16662,4557
39540,"Racine-Mount Pleasant, WI",2025-04-01,102,124,31,5,262,16924,4659
39540,"Racine-Mount Pleasant, WI",2025-05-01,104,115,33,4,256,17180,4763
39540,"Racine-Mount Pleasant, WI",2025-06-01,127,103,43,5,278,17458,4890
39540,"Racine-Mount Pleasant, WI",2025-07-01,94,114,43,3,254,17712,4984
39540,"Racine-Mount Pleasant, WI",2025-08-01,72,88,29,3,192,17904,5056
39540,"Racine-Mount Pleasant, WI",2025-09-01,0,1,1,0,2,17906,5056
15980,"Cape Coral-Fort Myers, FL",2019-01-01,5,80,25,1,111,111,5
15980,"Cape Coral-Fort Myers, FL",2019-02-01,6,69,27,3,105,216,11
15980,"Cape Coral-Fort Myers, FL",2019-03-01,6,103,32,2,143,359,17
15980,"Cape Coral-Fort Myers, FL",2019-04-01,4,137,31,6,178,537,21
15980,"Cape Coral-Fort Myers, FL",2019-05-01,14,143,44,5,206,743,35
15980,"Cape Coral-Fort Myers, FL",2019-06-01,7,81,17,2,107,850,42
15980,"Cape Coral-Fort Myers, FL",2019-07-01,8,95,32,4,139,989,50
15980,"Cape Coral-Fort Myers, FL",2019-08-01,12,95,29,5,141,1130,62
15980,"Cape Coral-Fort Myers, FL",2019-09-01,11,120,48,4,183,1313,73
15980,"Cape Coral-Fort Myers, FL",2019-10-01,7,99,30,3,139,1452,80
15980,"Cape Coral-Fort Myers, FL",2019-11-01,9,69,27,1,106,1558,89
15980,"Cape Coral-Fort Myers, FL",2019-12-01,18,74,30,4,126,1684,107
15980,"Cape Coral-Fort Myers, FL",2020-01-01,20,117,43,3,183,1867,127
15980,"Cape Coral-Fort Myers, FL",2020-02-01,20,93,30,6,149,2016,147
15980,"Cape Coral-Fort Myers, FL",2020-03-01,19,118,48,8,193,2209,166
15980,"Cape Coral-Fort Myers, FL",2020-04-01,59,249,93,11,412,2621,225
15980,"Cape Coral-Fort Myers, FL",2020-05-01,116,305,102,20,543,3164,341
15980,"Cape Coral-Fort Myers, FL",2020-06-01,51,181,46,7,285,3449,392
15980,"Cape Coral-Fort Myers, FL",2020-07-01,85,288,71,10,454,3903,477
15980,"Cape Coral-Fort Myers, FL",2020-08-01,110,377,130,17,634,4537,587
15980,"Cape Coral-Fort Myers, FL",2020-09-01,125,351,91,20,587,5124,712
15980,"Cape Coral-Fort Myers, FL",2020-10-01,79,264,85,7,435,5559,791
15980,"Cape Coral-Fort Myers, FL",2020-11-01,50,133,40,12,235,5794,841
15980,"Cape Coral-Fort Myers, FL",2020-12-01,96,283,88,9,476,6270,937
15980,"Cape Coral-Fort Myers, FL",2021-01-01,260,582,201,29,1072,7342,1197
15980,"Cape Coral-Fort Myers, FL",2021-02-01,190,500,140,18,848,8190,1387
15980,"Cape Coral-Fort Myers, FL",2021-03-01,261,543,163,26,993,9183,1648
15980,"Cape Coral-Fort Myers, FL",2021-04-01,220,592,165,25,1002,10185,1868
15980,"Cape Coral-Fort Myers, FL",2021-05-01,286,617,181,18,1102,11287,2154
15980,"Cape Coral-Fort Myers, FL",2021-06-01,105,352,122,17,596,11883,2259
15980,"Cape Coral-Fort Myers, FL",2021-07-01,93,340,104,10,547,12430,2352
15980,"Cape Coral-Fort Myers, FL",2021-08-01,102,402,136,22,662,13092,2454
15980,"Cape Coral-Fort Myers, FL",2021-09-01,96,358,142,16,612,13704,2550
15980,"Cape Coral-Fort Myers, FL",2021-10-01,55,189,49,6,299,14003,2605
15980,"Cape Coral-Fort Myers, FL",2021-11-01,126,281,119,12,538,14541,2731
15980,"Cape Coral-Fort Myers, FL",2021-12-01,181,478,181,22,862,15403,2912
15980,"Cape Coral-Fort Myers, FL",2022-01-01,350,824,266,31,1471,16874,3262
15980,"Cape Coral-Fort Myers, FL",2022-02-01,120,283,124,24,551,17425,3382
15980,"Cape Coral-Fort Myers, FL",2022-03-01,261,567,191,27,1046,18471,3643
15980,"Cape Coral-Fort Myers, FL",2022-04-01,199,537,203,23,962,19433,3842
15980,"Cape Coral-Fort Myers, FL",2022-05-01,220,503,170,20,913,20346,4062
15980,"Cape Coral-Fort Myers, FL",2022-06-01,62,164,75,12,313,20659,4124
15980,"Cape Coral-Fort Myers, FL",2022-07-01,63,143,56,7,269,20928,4187
15980,"Cape Coral-Fort Myers, FL",2022-08-01,54,143,49,7,253,21181,4241
15980,"Cape Coral-Fort Myers, FL",2022-09-01,146,279,130,11,566,21747,4387
15980,"Cape Coral-Fort Myers, FL",2022-10-01,318,497,189,25,1029,22776,4705
15980,"Cape Coral-Fort Myers, FL",2022-11-01,269,438,171,23,901,23677,4974
15980,"Cape Coral-Fort Myers, FL",2022-12-01,219,439,125,11,794,24471,5193
15980,"Cape Coral-Fort Myers, FL",2023-01-01,231,407,159,30,827,25298,5424
15980,"Cape Coral-Fort Myers, FL",2023-02-01,197,398,136,19,750,26048,5621
15980,"Cape Coral-Fort Myers, FL",2023-03-01,234,475,147,20,876,26924,5855
15980,"Cape Coral-Fort Myers, FL",2023-04-01,223,428,162,21,834,27758,6078
15980,"Cape Coral-Fort Myers, FL",2023-05-01,112,230,71,7,420,28178,6190
15980,"Cape Coral-Fort Myers, FL",2023-06-01,62,137,51,3,253,28431,6252
15980,"Cape Coral-Fort Myers, FL",2023-07-01,62,186,40,4,292,28723,6314
15980,"Cape Coral-Fort Myers, FL",2023-08-01,66,177,56,5,304,29027,6380
15980,"Cape Coral-Fort Myers, FL",2023-09-01,73,227,63,7,370,29397,6453
15980,"Cape Coral-Fort Myers, FL",2023-10-01,88,212,76,8,384,29781,6541
15980,"Cape Coral-Fort Myers, FL",2023-11-01,123,388,118,5,634,30415,6664
15980,"Cape Coral-Fort Myers, FL",2023-12-01,193,507,171,22,893,31308,6857
15980,"Cape Coral-Fort Myers, FL",2024-01-01,257,667,179,16,1119,32427,7114
15980,"Cape Coral-Fort Myers, FL",2024-02-01,238,506,177,21,942,33369,7352
15980,"Cape Coral-Fort Myers, FL",2024-03-01,295,569,188,17,1069,34438,7647
15980,"Cape Coral-Fort Myers, FL",2024-04-01,264,506,160,19,949,35387,7911
15980,"Cape Coral-Fort Myers, FL",2024-05-01,254,468,163,13,898,36285,8165
15980,"Cape Coral-Fort Myers, FL",2024-06-01,93,253,78,10,434,36719,8258
15980,"Cape Coral-Fort Myers, FL",2024-07-01,51,151,58,6,266,36985,8309
15980,"Cape Coral-Fort Myers, FL",2024-08-01,67,122,33,6,228,37213,8376
15980,"Cape Coral-Fort Myers, FL",2024-09-01,28,134,38,2,202,37415,8404
15980,"Cape Coral-Fort Myers, FL",2024-10-01,112,352,83,8,555,37970,8516
15980,"Cape Coral-Fort Myers, FL",2024-11-01,164,408,107,11,690,38660,8680
15980,"Cape Coral-Fort Myers, FL",2024-12-01,155,371,100,6,632,39292,8835
15980,"Cape Coral-Fort Myers, FL",2025-01-01,207,479,134,16,836,40128,9042
15980,"Cape Coral-Fort Myers, FL",2025-02-01,208,409,159,16,792,40920,9250
15980,"Cape Coral-Fort Myers, FL",2025-03-01,209,465,123,15,812,41732,9459
15980,"Cape Coral-Fort Myers, FL",2025-04-01,195,354,138,8,695,42427,9654
15980,"Cape Coral-Fort Myers, FL",2025-05-01,111,198,50,6,365,42792,9765
15980,"Cape Coral-Fort Myers, FL",2025-06-01,60,138,35,2,235,43027,9825
15980,"Cape Coral-Fort Myers, FL",2025-07-01,53,117,30,3,203,43230,9878
15980,"Cape Coral-Fort Myers, FL",2025-08-01,80,190,58,4,332,43562,9958
21640,"Eufaula, AL-GA",2019-03-01,0,2,0,0,2,2,0
21640,"Eufaula, AL-GA",2019-05-01,0,1,0,0,1,3,0
21640,"Eufaula, AL-GA",2019-10-01,0,1,0,0,1,4,0
21640,"Eufaula, AL-GA",2020-02-01,0,1,0,0,1,5,0
21640,"Eufaula, AL-GA",2020-03-01,1,0,1,1,3,8,1
21640,"Eufaula, AL-GA",2020-04-01,0,3,0,0,3,11,1
21640,"Eufaula, AL-GA",2020-05-01,0,2,1,0,3,14,1
21640,"Eufaula, AL-GA",2020-06-01,1,3,0,0,4,18,2
21640,"Eufaula, AL-GA",2020-07-01,0,1,0,0,1,19,2
21640,"Eufaula, AL-GA",2020-08-01,0,5,1,0,6,25,2
21640,"Eufaula, AL-GA",2020-09-01,1,4,0,0,5,30,3
21640,"Eufaula, AL-GA",2020-10-01,2,2,0,0,4,34,5
21640,"Eufaula, AL-GA",2020-12-01,0,2,1,0,3,37,5
21640,"Eufaula, AL-GA",2021-01-01,0,5,3,0,8,45,5
21640,"Eufaula, AL-GA",2021-02-01,0,3,3,0,6,51,5
21640,"Eufaula, AL-GA",2021-03-01,1,4,1,0,6,57,6
21640,"Eufaula, AL-GA",2021-04-01,2,9,0,0,11,68,8
21640,"Eufaula, AL-GA",2021-05-01,0,14,4,0,18,86,8
21640,"Eufaula, AL-GA",2021-06-01,3,11,7,0,21,107,11
21640,"Eufaula, AL-GA",2021-07-01,4,11,2,1,18,125,15
21640,"Eufaula, AL-GA",2021-08-01,2,5,1,0,8,133,17
21640,"Eufaula, AL-GA",2021-09-01,0,10,2,0,12,145,17
21640,"Eufaula, AL-GA",2021-10-01,2,12,1,0,15,160,19
21640,"Eufaula, AL-GA",2021-11-01,3,10,4,0,17,177,22
21640,"Eufaula, AL-GA",2021-12-01,5,19,4,0,28,205,27
21640,"Eufaula, AL-GA",2022-01-01,4,12,6,0,22,227,31
21640,"Eufaula, AL-GA",2022-02-01,4,11,1,0,16,243,35
21640,"Eufaula, AL-GA",2022-03-01,11,12,1,0,24,267,46
21640,"Eufaula, AL-GA",2022-04-01,1,11,1,0,13,280,47
21640,"Eufaula, AL-GA",2022-05-01,3,7,3,0,13,293,50
21640,"Eufaula, AL-GA",2022-06-01,2,15,4,0,21,314,52
21640,"Eufaula, AL-GA",2022-07-01,3,7,2,0,12,326,55
21640,"Eufaula, AL-GA",2022-08-01,4,11,3,0,18,344,59
21640,"Eufaula, AL-GA",2022-09-01,1,12,1,0,14,358,60
21640,"Eufaula, AL-GA",2022-10-01,1,6,3,0,10,368,61
21640,"Eufaula, AL-GA",2022-11-01,5,12,2,0,19,387,66
21640,"Eufaula, AL-GA",2022-12-01,8,12,3,0,23,410,74
21640,"Eufaula, AL-GA",2023-01-01,5,8,4,1,18,428,79
21640,"Eufaula, AL-GA",2023-02-01,2,9,4,1,16,444,81
21640,"Eufaula, AL-GA",2023-03-01,5,15,3,0,23,467,86
21640,"Eufaula, AL-GA",2023-04-01,4,17,4,0,25,492,90
21640,"Eufaula, AL-GA",2023-05-01,3,9,3,1,16,508,93
21640,"Eufaula, AL-GA",2023-06-01,3,16,2,2,23,531,96
21640,"Eufaula, AL-GA",2023-07-01,4,11,1,0,16,547,100
21640,"Eufaula, AL-GA",2023-08-01,4,8,1,1,14,561,104
21640,"Eufaula, AL-GA",2023-09-01,1,8,4,0,13,574,105
21640,"Eufaula, AL-GA",2023-10-01,8,17,2,1,28,602,113
21640,"Eufaula, AL-GA",2023-11-01,4,3,0,0,7,609,117
21640,"Eufaula, AL-GA",2023-12-01,7,6,2,1,16,625,124
21640,"Eufaula, AL-GA",2024-01-01,7,9,5,0,21,646,131
21640,"Eufaula, AL-GA",2024-02-01,5,8,3,0,16,662,136
21640,"Eufaula, AL-GA",2024-03-01,17,10,5,0,32,694,153
21640,"Eufaula, AL-GA",2024-04-01,10,4,2,0,16,710,163
21640,"Eufaula, AL-GA",2024-05-01,7,6,5,0,18,728,170
21640,"Eufaula, AL-GA",2024-06-01,1,12,3,1,17,745,171
21640,"Eufaula, AL-GA",2024-07-01,3,10,1,0,14,759,174
21640,"Eufaula, AL-GA",2024-08-01,6,16,3,0,25,784,180
21640,"Eufaula, AL-GA",2024-09-01,4,6,5,0,15,799,184
21640,"Eufaula, AL-GA",2024-10-01,3,4,3,0,10,809,187
21640,"Eufaula, AL-GA",2024-11-01,6,10,5,0,21,830,193
21640,"Eufaula, AL-GA",2024-12-01,8,3,5,0,16,846,201
21640,"Eufaula, AL-GA",2025-01-01,8,7,0,0,15,861,209
21640,"Eufaula, AL-GA",2025-02-01,13,8,4,1,26,887,222
21640,"Eufaula, AL-GA",2025-03-01,7,15,4,0,26,913,229
21640,"Eufaula, AL-GA",2025-04-01,6,14,4,0,24,937,235
21640,"Eufaula, AL-GA",2025-05-01,8,13,3,1,25,962,243
21640,"Eufaula, AL-GA",2025-06-01,6,11,6,0,23,985,249
21640,"Eufaula, AL-GA",2025-07-01,9,6,1,0,16,1001,258
21640,"Eufaula, AL-GA",2025-08-01,7,2,5,0,14,1015,265
38340,"Pittsfield, MA",2019-01-01,0,1,0,0,1,1,0
38340,"Pittsfield, MA",2019-02-01,0,2,1,1,4,5,0
38340,"Pittsfield, MA",2019-03-01,0,5,3,0,8,13,0
38340,"Pittsfield, MA",2019-04-01,0,15,9,0,24,37,0
38340,"Pittsfield, MA",2019-05-01,1,20,13,0,34,71,1
38340,"Pittsfield, MA",2019-06-01,0,12,7,0,19,90,1
38340,"Pittsfield, MA",2019-07-01,1,11,5,1,18,108,2
38340,"Pittsfield, MA",2019-08-01,1,19,5,2,27,135,3
38340,"Pittsfield, MA",2019-09-01,1,18,9,1,29,164,4
38340,"Pittsfield, MA",2019-10-01,2,17,4,1,24,188,6
38340,"Pittsfield, MA",2019-11-01,0,10,4,0,14,202,6
38340,"Pittsfield, MA",2019-12-01,2,14,5,1,22,224,8
38340,"Pittsfield, MA",2020-01-01,0,12,3,1,16,240,8
38340,"Pittsfield, MA",2020-02-01,1,14,1,0,16,256,9
38340,"Pittsfield, MA",2020-03-01,1,17,4,0,22,278,10
38340,"Pittsfield, MA",2020-04-01,4,26,8,2,40,318,14
38340,"Pittsfield, MA",2020-05-01,13,39,10,0,62,380,27
38340,"Pittsfield, MA",2020-06-01,17,34,13,0,64,444,44
38340,"Pittsfield, MA",2020-07-01,11,29,4,0,44,488,55
38340,"Pittsfield, MA",2020-08-01,10,43,12,0,65,553,65
38340,"Pittsfield, MA",2020-09-01,7,35,13,2,57,610,72
38340,"Pittsfield, MA",2020-10-01,8,16,4,0,28,638,80
38340,"Pittsfield, MA",2020-11-01,9,11,1,0,21,659,89
38340,"Pittsfield, MA",2020-12-01,11,23,10,1,45,704,100
38340,"Pittsfield, MA",2021-01-01,16,35,11,1,63,767,116
38340,"Pittsfield, MA",2021-02-01,9,23,7,2,41,808,125
38340,"Pittsfield, MA",2021-03-01,17,45,14,3,79,887,142
38340,"Pittsfield, MA",2021-04-01,21,45,15,3,84,971,163
38340,"Pittsfield, MA",2021-05-01,13,48,8,1,70,1041,176
38340,"Pittsfield, MA",2021-06-01,15,44,12,0,71,1112,191
38340,"Pittsfield, MA",2021-07-01,12,40,10,1,63,1175,203
38340,"Pittsfield, MA",2021-08-01,14,53,12,2,81,1256,217
38340,"Pittsfield, MA",2021-09-01,14,53,11,1,79,1335,231
38340,"Pittsfield, MA",2021-10-01,7,22,6,0,35,1370,238
38340,"Pittsfield, MA",2021-11-01,11,25,7,0,43,1413,249
38340,"Pittsfield, MA",2021-12-01,14,43,8,0,65,1478,263
38340,"Pittsfield, MA",2022-01-01,25,59,15,2,101,1579,288
38340,"Pittsfield, MA",2022-02-01,14,18,10,0,42,1621,302
38340,"Pittsfield, MA",2022-03-01,16,46,7,1,70,1691,318
38340,"Pittsfield, MA",2022-04-01,17,40,10,0,67,1758,335
38340,"Pittsfield, MA",2022-05-01,10,39,11,1,61,1819,345
38340,"Pittsfield, MA",2022-06-01,12,31,5,1,49,1868,357
38340,"Pittsfield, MA",2022-07-01,14,19,8,1,42,1910,371
38340,"Pittsfield, MA",2022-08-01,14,36,10,0,60,1970,385
38340,"Pittsfield, MA",2022-09-01,14,34,9,1,58,2028,399
38340,"Pittsfield, MA",2022-10-01,3,37,8,1,49,2077,402
38340,"Pittsfield, MA",2022-11-01,14,37,14,0,65,2142,416
38340,"Pittsfield, MA",2022-12-01,21,29,12,0,62,2204,437
38340,"Pittsfield, MA",2023-01-01,20,30,10,0,60,2264,457
38340,"Pittsfield, MA",2023-02-01,12,25,10,2,49,2313,469
38340,"Pittsfield, MA",2023-03-01,12,39,10,0,61,2374,481
38340,"Pittsfield, MA",2023-04-01,19,26,9,0,54,2428,500
38340,"Pittsfield, MA",2023-05-01,18,22,2,1,43,2471,518
38340,"Pittsfield, MA",2023-06-01,14,19,5,0,38,2509,532
38340,"Pittsfield, MA",2023-07-01,18,19,6,3,46,2555,550
38340,"Pittsfield, MA",2023-08-01,15,22,9,0,46,2601,565
38340,"Pittsfield, MA",2023-09-01,15,25,5,2,47,2648,580
38340,"Pittsfield, MA",2023-10-01,14,36,5,0,55,2703,594
38340,"Pittsfield, MA",2023-11-01,11,31,10,2,54,2757,605
38340,"Pittsfield, MA",2023-12-01,23,36,9,1,69,2826,628
38340,"Pittsfield, MA",2024-01-01,18,22,19,1,60,2886,646
38340,"Pittsfield, MA",2024-02-01,24,34,15,1,74,2960,670
38340,"Pittsfield, MA",2024-03-01,17,22,13,0,52,3012,687
38340,"Pittsfield, MA",2024-04-01,23,29,8,0,60,3072,710
38340,"Pittsfield, MA",2024-05-01,17,31,5,3,56,3128,727
38340,"Pittsfield, MA",2024-06-01,22,41,11,1,75,3203,749
38340,"Pittsfield, MA",2024-07-01,27,39,7,2,75,3278,776
38340,"Pittsfield, MA",2024-08-01,23,51,17,2,93,3371,799
38340,"Pittsfield, MA",2024-09-01,8,28,10,0,46,3417,807
38340,"Pittsfield, MA",2024-10-01,18,47,15,0,80,3497,825
38340,"Pittsfield, MA",2024-11-01,21,36,7,0,64,3561,846
38340,"Pittsfield, MA",2024-12-01,19,49,6,3,77,3638,865
38340,"Pittsfield, MA",2025-01-01,35,41,12,2,90,3728,900
38340,"Pittsfield, MA",2025-02-01,31,30,6,2,69,3797,931
38340,"Pittsfield, MA",2025-03-01,21,40,7,2,70,3867,952
38340,"Pittsfield, MA",2025-04-01,36,35,12,1,84,3951,988
38340,"Pittsfield, MA",2025-05-01,25,25,9,2,61,4012,1013
38340,"Pittsfield, MA",2025-06-01,29,30,13,2,74,4086,1042
38340,"Pittsfield, MA",2025-07-01,30,38,11,1,80,4166,1072
38340,"Pittsfield, MA",2025-08-01,17,21,7,3,48,4214,1089
38340,"Pittsfield, MA",2025-09-01,2,1,1,0,4,4218,1091
30620,"Lima, OH",2019-01-01,0,4,3,0,7,7,0
30620,"Lima, OH",2019-02-01,0,9,1,0,10,17,0
30620,"Lima, OH",2019-03-01,2,30,7,0,39,56,2
30620,"Lima, OH",2019-04-01,3,50,12,0,65,121,5
30620,"Lima, OH",2019-05-01,0,22,8,3,33,154,5
30620,"Lima, OH",2019-06-01,1,30,8,0,39,193,6
30620,"Lima, OH",2019-07-01,3,25,14,2,44,237,9
30620,"Lima, OH",2019-08-01,6,19,6,2,33,270,15
30620,"Lima, OH",2019-09-01,4,16,7,1,28,298,19
30620,"Lima, OH",2019-10-01,9,17,7,1,34,332,28
30620,"Lima, OH",2019-11-01,11,23,3,0,37,369,39
30620,"Lima, OH",2019-12-01,1,34,5,0,40,409,40
30620,"Lima, OH",2020-01-01,6,28,7,0,41,450,46
30620,"Lima, OH",2020-02-01,12,24,8,1,45,495,58
30620,"Lima, OH",2020-03-01,13,35,17,1,66,561,71
30620,"Lima, OH",2020-04-01,10,56,10,1,77,638,81
30620,"Lima, OH",2020-05-01,32,74,16,3,125,763,113
30620,"Lima, OH",2020-06-01,19,49,10,1,79,842,132
30620,"Lima, OH",2020-07-01,31,71,14,1,117,959,163
30620,"Lima, OH",2020-08-01,23,54,11,1,89,1048,186
30620,"Lima, OH",2020-09-01,41,64,8,2,115,1163,227
30620,"Lima, OH",2020-10-01,40,70,18,2,130,1293,267
30620,"Lima, OH",2020-11-01,32,53,13,2,100,1393,299
30620,"Lima, OH",2020-12-01,22,62,8,2,94,1487,321
30620,"Lima, OH",2021-01-01,58,85,14,4,161,1648,379
30620,"Lima, OH",2021-02-01,50,61,15,2,128,1776,429
30620,"Lima, OH",2021-03-01,60,92,21,1,174,1950,489
30620,"Lima, OH",2021-04-01,56,96,17,1,170,2120,545
30620,"Lima, OH",2021-05-01,44,80,15,1,140,2260,589
30620,"Lima, OH",2021-06-01,39,69,16,1,125,2385,628
30620,"Lima, OH",2021-07-01,37,77,21,1,136,2521,665
30620,"Lima, OH",2021-08-01,35,61,21,3,120,2641,700
30620,"Lima, OH",2021-09-01,32,79,26,1,138,2779,732
30620,"Lima, OH",2021-10-01,33,56,27,1,117,2896,765
30620,"Lima, OH",2021-11-01,31,52,16,2,101,2997,796
30620,"Lima, OH",2021-12-01,40,70,12,2,124,3121,836
30620,"Lima, OH",2022-01-01,56,89,24,3,172,3293,892
30620,"Lima, OH",2022-02-01,64,49,18,2,133,3426,956
30620,"Lima, OH",2022-03-01,47,63,19,1,130,3556,1003
30620,"Lima, OH",2022-04-01,35,56,20,0,111,3667,1038
30620,"Lima, OH",2022-05-01,44,54,26,1,125,3792,1082
30620,"Lima, OH",2022-06-01,25,42,12,2,81,3873,1107
30620,"Lima, OH",2022-07-01,37,54,23,1,115,3988,1144
30620,"Lima, OH",2022-08-01,42,63,16,0,121,4109,1186
30620,"Lima, OH",2022-09-01,52,58,16,3,129,4238,1238
30620,"Lima, OH",2022-10-01,35,51,15,0,101,4339,1273
30620,"Lima, OH",2022-11-01,33,66,18,1,118,4457,1306
30620,"Lima, OH",2022-12-01,48,53,15,0,116,4573,1354
30620,"Lima, OH",2023-01-01,53,54,20,1,128,4701,1407
30620,"Lima, OH",2023-02-01,57,48,19,4,128,4829,1464
30620,"Lima, OH",2023-03-01,60,80,19,3,162,4991,1524
30620,"Lima, OH",2023-04-01,47,49,15,0,111,5102,1571
30620,"Lima, OH",2023-05-01,36,39,16,3,94,5196,1607
30620,"Lima, OH",2023-06-01,32,48,12,1,93,5289,1639
30620,"Lima, OH",2023-07-01,42,50,15,3,110,5399,1681
30620,"Lima, OH",2023-08-01,49,53,7,2,111,5510,1730
30620,"Lima, OH",2023-09-01,51,59,12,1,123,5633,1781
30620,"Lima, OH",2023-10-01,73,70,16,1,160,5793,1854
30620,"Lima, OH",2023-11-01,61,68,25,4,158,5951,1915
30620,"Lima, OH",2023-12-01,63,73,27,1,164,6115,1978
30620,"Lima, OH",2024-01-01,67,71,36,1,175,6290,2045
30620,"Lima, OH",2024-02-01,70,62,23,6,161,6451,2115
30620,"Lima, OH",2024-03-01,65,69,21,1,156,6607,2180
30620,"Lima, OH",2024-04-01,61,53,20,3,137,6744,2241
30620,"Lima, OH",2024-05-01,64,55,14,0,133,6877,2305
30620,"Lima, OH",2024-06-01,48,78,10,2,138,7015,2353
30620,"Lima, OH",2024-07-01,36,50,12,2,100,7115,2389
30620,"Lima, OH",2024-08-01,24,36,13,0,73,7188,2413
30620,"Lima, OH",2024-09-01,44,58,14,3,119,7307,2457
30620,"Lima, OH",2024-10-01,72,62,17,2,153,7460,2529
30620,"Lima, OH",2024-11-01,88,59,20,2,169,7629,2617
30620,"Lima, OH",2024-12-01,76,63,21,4,164,7793,2693
30620,"Lima, OH",2025-01-01,82,71,22,0,175,7968,2775
30620,"Lima, OH",2025-02-01,62,54,16,0,132,8100,2837
30620,"Lima, OH",2025-03-01,83,74,17,2,176,8276,2920
30620,"Lima, OH",2025-04-01,55,80,16,1,152,8428,2975
30620,"Lima, OH",2025-05-01,79,72,11,4,166,8594,3054
30620,"Lima, OH",2025-06-01,34,35,16,1,86,8680,3088
30620,"Lima, OH",2025-07-01,38,41,10,1,90,8770,3126
30620,"Lima, OH",2025-08-01,68,72,12,0,152,8922,3194
30620,"Lima, OH",2025-09-01,3,0,0,0,3,8925,3197
37460,"Panama City-Panama City Beach, FL",2019-01-01,0,37,9,0,46,46,0
37460,"Panama City-Panama City Beach, FL",2019-02-01,2,56,14,1,73,119,2
37460,"Panama City-Panama City Beach, FL",2019-03-01,1,55,10,1,67,186,3
37460,"Panama City-Panama City Beach, FL",2019-04-01,0,65,15,2,82,268,3
37460,"Panama City-Panama City Beach, FL",2019-05-01,2,79,22,0,103,371,5
37460,"Panama City-Panama City Beach, FL",2019-06-01,4,82,20,0,106,477,9
37460,"Panama City-Panama City Beach, FL",2019-07-01,3,61,21,0,85,562,12
37460,"Panama City-Panama City Beach, FL",2019-08-01,3,84,31,0,118,680,15
37460,"Panama City-Panama City Beach, FL",2019-09-01,4,86,23,1,114,794,19
37460,"Panama City-Panama City Beach, FL",2019-10-01,8,82,23,2,115,909,27
37460,"Panama City-Panama City Beach, FL",2019-11-01,3,65,17,2,87,996,30
37460,"Panama City-Panama City Beach, FL",2019-12-01,0,38,17,1,56,1052,30
37460,"Panama City-Panama City Beach, FL",2020-01-01,5,51,21,0,77,1129,35
37460,"Panama City-Panama City Beach, FL",2020-02-01,10,75,22,1,108,1237,45
37460,"Panama City-Panama City Beach, FL",2020-03-01,7,83,26,4,120,1357,52
37460,"Panama City-Panama City Beach, FL",2020-04-01,28,143,35,4,210,1567,80
37460,"Panama City-Panama City Beach, FL",2020-05-01,58,220,66,2,346,1913,138
37460,"Panama City-Panama City Beach, FL",2020-06-01,43,210,42,4,299,2212,181
37460,"Panama City-Panama City Beach, FL",2020-07-01,54,258,49,8,369,2581,235
37460,"Panama City-Panama City Beach, FL",2020-08-01,68,303,83,9,463,3044,303
37460,"Panama City-Panama City Beach, FL",2020-09-01,61,273,65,6,405,3449,364
37460,"Panama City-Panama City Beach, FL",2020-10-01,42,134,41,4,221,3670,406
37460,"Panama City-Panama City Beach, FL",2020-11-01,30,136,31,1,198,3868,436
37460,"Panama City-Panama City Beach, FL",2020-12-01,21,84,28,1,134,4002,457
37460,"Panama City-Panama City Beach, FL",2021-01-01,62,182,48,3,295,4297,519
37460,"Panama City-Panama City Beach, FL",2021-02-01,32,119,28,1,180,4477,551
37460,"Panama City-Panama City Beach, FL",2021-03-01,83,246,76,11,416,4893,634
37460,"Panama City-Panama City Beach, FL",2021-04-01,91,312,59,3,465,5358,725
37460,"Panama City-Panama City Beach, FL",2021-05-01,83,325,75,2,485,5843,808
37460,"Panama City-Panama City Beach, FL",2021-06-01,100,315,75,9,499,6342,908
37460,"Panama City-Panama City Beach, FL",2021-07-01,86,273,79,5,443,6785,994
37460,"Panama City-Panama City Beach, FL",2021-08-01,81,318,87,12,498,7283,1075
37460,"Panama City-Panama City Beach, FL",2021-09-01,74,202,82,10,368,7651,1149
37460,"Panama City-Panama City Beach, FL",2021-10-01,38,149,56,3,246,7897,1187
37460,"Panama City-Panama City Beach, FL",2021-11-01,29,133,46,5,213,8110,1216
37460,"Panama City-Panama City Beach, FL",2021-12-01,60,149,40,4,253,8363,1276
37460,"Panama City-Panama City Beach, FL",2022-01-01,85,255,73,12,425,8788,1361
37460,"Panama City-Panama City Beach, FL",2022-02-01,62,137,57,6,262,9050,1423
37460,"Panama City-Panama City Beach, FL",2022-03-01,98,221,62,6,387,9437,1521
37460,"Panama City-Panama City Beach, FL",2022-04-01,81,241,71,7,400,9837,1602
37460,"Panama City-Panama City Beach, FL",2022-05-01,109,256,70,9,444,10281,1711
37460,"Panama City-Panama City Beach, FL",2022-06-01,102,254,73,8,437,10718,1813
37460,"Panama City-Panama City Beach, FL",2022-07-01,84,272,93,10,459,11177,1897
37460,"Panama City-Panama City Beach, FL",2022-08-01,67,232,75,7,381,11558,1964
37460,"Panama City-Panama City Beach, FL",2022-09-01,61,222,66,3,352,11910,2025
37460,"Panama City-Panama City Beach, FL",2022-10-01,63,158,71,7,299,12209,2088
37460,"Panama City-Panama City Beach, FL",2022-11-01,70,184,47,7,308,12517,2158
37460,"Panama City-Panama City Beach, FL",2022-12-01,75,191,52,4,322,12839,2233
37460,"Panama City-Panama City Beach, FL",2023-01-01,94,182,73,5,354,13193,2327
37460,"Panama City-Panama City Beach, FL",2023-02-01,103,165,65,9,342,13535,2430
37460,"Panama City-Panama City Beach, FL",2023-03-01,125,248,84,4,461,13996,2555
37460,"Panama City-Panama City Beach, FL",2023-04-01,91,202,49,8,350,14346,2646
37460,"Panama City-Panama City Beach, FL",2023-05-01,55,135,40,6,236,14582,2701
37460,"Panama City-Panama City Beach, FL",2023-06-01,60,141,45,2,248,14830,2761
37460,"Panama City-Panama City Beach, FL",2023-07-01,86,151,52,7,296,15126,2847
37460,"Panama City-Panama City Beach, FL",2023-08-01,49,128,34,3,214,15340,2896
37460,"Panama City-Panama City Beach, FL",2023-09-01,54,123,37,3,217,15557,2950
37460,"Panama City-Panama City Beach, FL",2023-10-01,67,121,54,3,245,15802,3017
37460,"Panama City-Panama City Beach, FL",2023-11-01,81,139,47,5,272,16074,3098
37460,"Panama City-Panama City Beach, FL",2023-12-01,68,140,39,5,252,16326,3166
37460,"Panama City-Panama City Beach, FL",2024-01-01,86,145,42,4,277,16603,3252
37460,"Panama City-Panama City Beach, FL",2024-02-01,118,213,71,6,408,17011,3370
37460,"Panama City-Panama City Beach, FL",2024-03-01,154,250,68,9,481,17492,3524
37460,"Panama City-Panama City Beach, FL",2024-04-01,123,189,69,9,390,17882,3647
37460,"Panama City-Panama City Beach, FL",2024-05-01,102,165,47,3,317,18199,3749
37460,"Panama City-Panama City Beach, FL",2024-06-01,111,221,61,3,396,18595,3860
37460,"Panama City-Panama City Beach, FL",2024-07-01,126,236,73,9,444,19039,3986
37460,"Panama City-Panama City Beach, FL",2024-08-01,120,211,66,7,404,19443,4106
37460,"Panama City-Panama City Beach, FL",2024-09-01,73,129,57,2,261,19704,4179
37460,"Panama City-Panama City Beach, FL",2024-10-01,98,197,67,5,367,20071,4277
37460,"Panama City-Panama City Beach, FL",2024-11-01,60,128,33,2,223,20294,4337
37460,"Panama City-Panama City Beach, FL",2024-12-01,59,98,35,4,196,20490,4396
37460,"Panama City-Panama City Beach, FL",2025-01-01,100,185,62,8,355,20845,4496
37460,"Panama City-Panama City Beach, FL",2025-02-01,127,164,45,7,343,21188,4623
37460,"Panama City-Panama City Beach, FL",2025-03-01,147,206,65,5,423,21611,4770
37460,"Panama City-Panama City Beach, FL",2025-04-01,132,198,60,6,396,22007,4902
37460,"Panama City-Panama City Beach, FL",2025-05-01,143,218,58,6,425,22432,5045
37460,"Panama City-Panama City Beach, FL",2025-06-01,147,226,56,7,436,22868,5192
37460,"Panama City-Panama City Beach, FL",2025-07-01,139,212,55,5,411,23279,5331
37460,"Panama City-Panama City Beach, FL",2025-08-01,129,182,63,1,375,23654,5460
37460,"Panama City-Panama City Beach, FL",2025-09-01,2,4,3,0,9,23663,5462
43060,"Shawnee, OK",2019-01-01,0,5,3,0,8,8,0
43060,"Shawnee, OK",2019-02-01,0,5,3,0,8,16,0
43060,"Shawnee, OK",2019-03-01,0,3,5,0,8,24,0
43060,"Shawnee, OK",2019-04-01,0,8,4,1,13,37,0
43060,"Shawnee, OK",2019-05-01,0,14,3,0,17,54,0
43060,"Shawnee, OK",2019-06-01,0,12,4,1,17,71,0
43060,"Shawnee, OK",2019-07-01,0,9,3,0,12,83,0
43060,"Shawnee, OK",2019-08-01,3,20,9,0,32,115,3
43060,"Shawnee, OK",2019-09-01,2,20,3,0,25,140,5
43060,"Shawnee, OK",2019-10-01,1,17,7,0,25,165,6
43060,"Shawnee, OK",2019-11-01,4,17,6,0,27,192,10
43060,"Shawnee, OK",2019-12-01,1,13,2,0,16,208,11
43060,"Shawnee, OK",2020-01-01,2,13,3,0,18,226,13
43060,"Shawnee, OK",2020-02-01,0,17,9,1,27,253,13
43060,"Shawnee, OK",2020-03-01,8,28,7,1,44,297,21
43060,"Shawnee, OK",2020-04-01,11,37,9,1,58,355,32
43060,"Shawnee, OK",2020-05-01,16,28,11,3,58,413,48
43060,"Shawnee, OK",2020-06-01,7,38,8,0,53,466,55
43060,"Shawnee, OK",2020-07-01,17,42,12,0,71,537,72
43060,"Shawnee, OK",2020-08-01,8,26,6,0,40,577,80
43060,"Shawnee, OK",2020-09-01,14,41,6,0,61,638,94
43060,"Shawnee, OK",2020-10-01,14,37,8,0,59,697,108
43060,"Shawnee, OK",2020-11-01,9,27,6,2,44,741,117
43060,"Shawnee, OK",2020-12-01,10,37,8,1,56,797,127
43060,"Shawnee, OK",2021-01-01,19,49,15,2,85,882,146
43060,"Shawnee, OK",2021-02-01,24,46,13,0,83,965,170
43060,"Shawnee, OK",2021-03-01,20,54,13,2,89,1054,190
43060,"Shawnee, OK",2021-04-01,19,66,6,0,91,1145,209
43060,"Shawnee, OK",2021-05-01,16,54,12,0,82,1227,225
43060,"Shawnee, OK",2021-06-01,14,49,9,0,72,1299,239
43060,"Shawnee, OK",2021-07-01,16,50,14,2,82,1381,255
43060,"Shawnee, OK",2021-08-01,9,47,14,1,71,1452,264
43060,"Shawnee, OK",2021-09-01,14,49,20,1,84,1536,278
43060,"Shawnee, OK",2021-10-01,6,42,11,1,60,1596,284
43060,"Shawnee, OK",2021-11-01,16,40,7,2,65,1661,300
43060,"Shawnee, OK",2021-12-01,22,50,20,3,95,1756,322
43060,"Shawnee, OK",2022-01-01,33,80,16,4,133,1889,355
43060,"Shawnee, OK",2022-02-01,12,44,15,2,73,1962,367
43060,"Shawnee, OK",2022-03-01,28,58,20,1,107,2069,395
43060,"Shawnee, OK",2022-04-01,20,46,17,1,84,2153,415
43060,"Shawnee, OK",2022-05-01,15,52,14,1,82,2235,430
43060,"Shawnee, OK",2022-06-01,21,30,17,0,68,2303,451
43060,"Shawnee, OK",2022-07-01,12,20,9,0,41,2344,463
43060,"Shawnee, OK",2022-08-01,21,54,9,2,86,2430,484
43060,"Shawnee, OK",2022-09-01,17,39,9,1,66,2496,501
43060,"Shawnee, OK",2022-10-01,16,25,11,0,52,2548,517
43060,"Shawnee, OK",2022-11-01,31,52,13,0,96,2644,548
43060,"Shawnee, OK",2022-12-01,24,37,17,4,82,2726,572
43060,"Shawnee, OK",2023-01-01,23,24,16,0,63,2789,595
43060,"Shawnee, OK",2023-02-01,29,62,13,3,107,2896,624
43060,"Shawnee, OK",2023-03-01,43,61,17,3,124,3020,667
43060,"Shawnee, OK",2023-04-01,14,49,15,0,78,3098,681
43060,"Shawnee, OK",2023-05-01,10,19,8,1,38,3136,691
43060,"Shawnee, OK",2023-06-01,18,27,14,2,61,3197,709
43060,"Shawnee, OK",2023-07-01,18,32,9,1,60,3257,727
43060,"Shawnee, OK",2023-08-01,10,9,4,1,24,3281,737
43060,"Shawnee, OK",2023-09-01,19,27,8,1,55,3336,756
43060,"Shawnee, OK",2023-10-01,19,31,10,0,60,3396,775
43060,"Shawnee, OK",2023-11-01,31,53,16,0,100,3496,806
43060,"Shawnee, OK",2023-12-01,37,30,22,2,91,3587,843
43060,"Shawnee, OK",2024-01-01,52,42,18,0,112,3699,895
43060,"Shawnee, OK",2024-02-01,34,55,13,2,104,3803,929
43060,"Shawnee, OK",2024-03-01,49,48,12,1,110,3913,978
43060,"Shawnee, OK",2024-04-01,21,37,12,2,72,3985,999
43060,"Shawnee, OK",2024-05-01,18,29,7,2,56,4041,1017
43060,"Shawnee, OK",2024-06-01,16,16,4,1,37,4078,1033
43060,"Shawnee, OK",2024-07-01,23,13,8,1,45,4123,1056
43060,"Shawnee, OK",2024-08-01,14,25,8,1,48,4171,1070
43060,"Shawnee, OK",2024-09-01,9,15,6,0,30,4201,1079
43060,"Shawnee, OK",2024-10-01,38,32,13,2,85,4286,1117
43060,"Shawnee, OK",2024-11-01,47,47,16,0,110,4396,1164
43060,"Shawnee, OK",2024-12-01,47,54,23,2,126,4522,1211
43060,"Shawnee, OK",2025-01-01,57,66,25,4,152,4674,1268
43060,"Shawnee, OK",2025-02-01,55,45,14,3,117,4791,1323
43060,"Shawnee, OK",2025-03-01,46,48,16,2,112,4903,1369
43060,"Shawnee, OK",2025-04-01,48,42,21,2,113,5016,1417
43060,"Shawnee, OK",2025-05-01,43,46,14,2,105,5121,1460
43060,"Shawnee, OK",2025-06-01,26,35,10,1,72,5193,1486
43060,"Shawnee, OK",2025-07-01,30,29,10,4,73,5266,1516
43060,"Shawnee, OK",2025-08-01,38,39,16,1,94,5360,1554
43060,"Shawnee, OK",2025-09-01,1,0,0,0,1,5361,1555
29260,"La Grande, OR",2019-01-01,0,1,0,0,1,1,0
29260,"La Grande, OR",2019-02-01,0,2,0,0,2,3,0
29260,"La Grande, OR",2019-03-01,0,1,0,0,1,4,0
29260,"La Grande, OR",2019-05-01,1,0,0,0,1,5,1
29260,"La Grande, OR",2019-06-01,0,2,0,0,2,7,1
29260,"La Grande, OR",2019-10-01,0,1,0,0,1,8,1
29260,"La Grande, OR",2019-11-01,1,0,0,0,1,9,2
29260,"La Grande, OR",2019-12-01,0,2,1,0,3,12,2
29260,"La Grande, OR",2020-01-01,1,0,0,0,1,13,3
29260,"La Grande, OR",2020-02-01,0,1,1,0,2,15,3
29260,"La Grande, OR",2020-03-01,0,1,0,0,1,16,3
29260,"La Grande, OR",2020-04-01,0,4,0,0,4,20,3
29260,"La Grande, OR",2020-05-01,1,1,0,0,2,22,4
29260,"La Grande, OR",2020-06-01,0,1,2,0,3,25,4
29260,"La Grande, OR",2020-07-01,0,1,1,0,2,27,4
29260,"La Grande, OR",2020-08-01,0,2,0,0,2,29,4
29260,"La Grande, OR",2020-09-01,0,4,0,0,4,33,4
29260,"La Grande, OR",2020-10-01,2,6,1,0,9,42,6
29260,"La Grande, OR",2020-11-01,2,9,1,0,12,54,8
29260,"La Grande, OR",2020-12-01,9,8,0,0,17,71,17
29260,"La Grande, OR",2021-01-01,6,17,3,0,26,97,23
29260,"La Grande, OR",2021-02-01,5,2,0,0,7,104,28
29260,"La Grande, OR",2021-03-01,3,5,2,0,10,114,31
29260,"La Grande, OR",2021-04-01,3,7,3,0,13,127,34
29260,"La Grande, OR",2021-05-01,2,5,2,0,9,136,36
29260,"La Grande, OR",2021-06-01,2,4,1,0,7,143,38
29260,"La Grande, OR",2021-07-01,1,10,2,0,13,156,39
29260,"La Grande, OR",2021-08-01,2,8,4,1,15,171,41
29260,"La Grande, OR",2021-09-01,1,10,1,0,12,183,42
29260,"La Grande, OR",2021-10-01,4,10,3,0,17,200,46
29260,"La Grande, OR",2021-11-01,6,11,3,0,20,220,52
29260,"La Grande, OR",2021-12-01,7,11,2,0,20,240,59
29260,"La Grande, OR",2022-01-01,9,11,1,1,22,262,68
29260,"La Grande, OR",2022-02-01,1,10,2,0,13,275,69
29260,"La Grande, OR",2022-03-01,3,6,2,0,11,286,72
29260,"La Grande, OR",2022-04-01,7,4,0,0,11,297,79
29260,"La Grande, OR",2022-05-01,0,7,3,0,10,307,79
29260,"La Grande, OR",2022-06-01,8,11,1,1,21,328,87
29260,"La Grande, OR",2022-07-01,3,9,3,0,15,343,90
29260,"La Grande, OR",2022-08-01,7,8,2,1,18,361,97
29260,"La Grande, OR",2022-09-01,12,8,4,0,24,385,109
29260,"La Grande, OR",2022-10-01,7,5,1,0,13,398,116
29260,"La Grande, OR",2022-11-01,4,11,2,1,18,416,120
29260,"La Grande, OR",2022-12-01,6,9,4,0,19,435,126
29260,"La Grande, OR",2023-01-01,11,10,3,0,24,459,137
29260,"La Grande, OR",2023-02-01,4,3,1,0,8,467,141
29260,"La Grande, OR",2023-03-01,12,10,1,0,23,490,153
29260,"La Grande, OR",2023-04-01,6,12,6,0,24,514,159
29260,"La Grande, OR",2023-05-01,5,3,1,0,9,523,164
29260,"La Grande, OR",2023-06-01,7,11,1,0,19,542,171
29260,"La Grande, OR",2023-07-01,8,7,3,0,18,560,179
29260,"La Grande, OR",2023-08-01,2,3,0,0,5,565,181
29260,"La Grande, OR",2023-09-01,4,4,1,0,9,574,185
29260,"La Grande, OR",2023-10-01,8,9,3,0,20,594,193
29260,"La Grande, OR",2023-11-01,11,8,1,0,20,614,204
29260,"La Grande, OR",2023-12-01,4,8,1,1,14,628,208
29260,"La Grande, OR",2024-01-01,6,6,3,0,15,643,214
29260,"La Grande, OR",2024-02-01,5,7,2,1,15,658,219
29260,"La Grande, OR",2024-03-01,2,4,2,0,8,666,221
29260,"La Grande, OR",2024-04-01,3,8,2,1,14,680,224
29260,"La Grande, OR",2024-05-01,4,6,0,0,10,690,228
29260,"La Grande, OR",2024-06-01,3,1,1,0,5,695,231
29260,"La Grande, OR",2024-07-01,2,3,0,0,5,700,233
29260,"La Grande, OR",2024-08-01,1,3,0,0,4,704,234
29260,"La Grande, OR",2024-09-01,5,3,2,0,10,714,239
29260,"La Grande, OR",2024-10-01,10,4,0,0,14,728,249
29260,"La Grande, OR",2024-11-01,19,8,1,0,28,756,268
29260,"La Grande, OR",2024-12-01,8,7,0,0,15,771,276
29260,"La Grande, OR",2025-01-01,5,4,0,0,9,780,281
29260,"La Grande, OR",2025-02-01,5,6,2,0,13,793,286
29260,"La Grande, OR",2025-03-01,12,4,2,0,18,811,298
29260,"La Grande, OR",2025-04-01,12,6,1,1,20,831,310
29260,"La Grande, OR",2025-05-01,10,5,4,0,19,850,320
29260,"La Grande, OR",2025-06-01,9,10,0,1,20,870,329
29260,"La Grande, OR",2025-07-01,4,9,2,1,16,886,333
29260,"La Grande, OR",2025-08-01,8,6,2,0,16,902,341
18300,"Coos Bay-North Bend, OR",2019-01-01,0,1,0,0,1,1,0
18300,"Coos Bay-North Bend, OR",2019-02-01,0,1,0,0,1,2,0
18300,"Coos Bay-North Bend, OR",2019-04-01,0,3,0,0,3,5,0
18300,"Coos Bay-North Bend, OR",2019-05-01,0,1,1,0,2,7,0
18300,"Coos Bay-North Bend, OR",2019-06-01,0,0,2,0,2,9,0
18300,"Coos Bay-North Bend, OR",2019-07-01,0,0,0,1,1,10,0
18300,"Coos Bay-North Bend, OR",2019-08-01,0,3,0,0,3,13,0
18300,"Coos Bay-North Bend, OR",2019-09-01,0,1,1,0,2,15,0
18300,"Coos Bay-North Bend, OR",2019-10-01,0,4,3,1,8,23,0
18300,"Coos Bay-North Bend, OR",2019-11-01,0,2,3,0,5,28,0
18300,"Coos Bay-North Bend, OR",2019-12-01,0,2,1,0,3,31,0
18300,"Coos Bay-North Bend, OR",2020-01-01,0,1,2,1,4,35,0
18300,"Coos Bay-North Bend, OR",2020-02-01,0,2,2,0,4,39,0
18300,"Coos Bay-North Bend, OR",2020-03-01,0,2,1,1,4,43,0
18300,"Coos Bay-North Bend, OR",2020-04-01,2,2,1,0,5,48,2
18300,"Coos Bay-North Bend, OR",2020-05-01,0,5,2,0,7,55,2
18300,"Coos Bay-North Bend, OR",2020-06-01,1,1,3,0,5,60,3
18300,"Coos Bay-North Bend, OR",2020-07-01,2,6,2,0,10,70,5
18300,"Coos Bay-North Bend, OR",2020-08-01,0,8,1,0,9,79,5
18300,"Coos Bay-North Bend, OR",2020-09-01,3,6,5,0,14,93,8
18300,"Coos Bay-North Bend, OR",2020-10-01,1,12,2,1,16,109,9
18300,"Coos Bay-North Bend, OR",2020-11-01,0,5,3,0,8,117,9
18300,"Coos Bay-North Bend, OR",2020-12-01,0,3,1,0,4,121,9
18300,"Coos Bay-North Bend, OR",2021-01-01,4,8,2,0,14,135,13
18300,"Coos Bay-North Bend, OR",2021-02-01,2,6,0,0,8,143,15
18300,"Coos Bay-North Bend, OR",2021-03-01,2,6,7,0,15,158,17
18300,"Coos Bay-North Bend, OR",2021-04-01,4,11,4,1,20,178,21
18300,"Coos Bay-North Bend, OR",2021-05-01,7,34,5,0,46,224,28
18300,"Coos Bay-North Bend, OR",2021-06-01,12,24,6,0,42,266,40
18300,"Coos Bay-North Bend, OR",2021-07-01,4,21,8,0,33,299,44
18300,"Coos Bay-North Bend, OR",2021-08-01,9,16,6,1,32,331,53
18300,"Coos Bay-North Bend, OR",2021-09-01,8,33,14,1,56,387,61
18300,"Coos Bay-North Bend, OR",2021-10-01,8,19,8,1,36,423,69
18300,"Coos Bay-North Bend, OR",2021-11-01,10,23,10,3,46,469,79
18300,"Coos Bay-North Bend, OR",2021-12-01,13,17,6,2,38,507,92
18300,"Coos Bay-North Bend, OR",2022-01-01,12,25,9,1,47,554,104
18300,"Coos Bay-North Bend, OR",2022-02-01,18,26,6,0,50,604,122
18300,"Coos Bay-North Bend, OR",2022-03-01,5,22,10,0,37,641,127
18300,"Coos Bay-North Bend, OR",2022-04-01,10,21,12,0,43,684,137
18300,"Coos Bay-North Bend, OR",2022-05-01,13,21,9,1,44,728,150
18300,"Coos Bay-North Bend, OR",2022-06-01,12,13,3,0,28,756,162
18300,"Coos Bay-North Bend, OR",2022-07-01,10,12,6,1,29,785,172
18300,"Coos Bay-North Bend, OR",2022-08-01,11,23,8,1,43,828,183
18300,"Coos Bay-North Bend, OR",2022-09-01,12,15,10,1,38,866,195
18300,"Coos Bay-North Bend, OR",2022-10-01,9,27,5,1,42,908,204
18300,"Coos Bay-North Bend, OR",2022-11-01,6,15,8,0,29,937,210
18300,"Coos Bay-North Bend, OR",2022-12-01,6,16,6,1,29,966,216
18300,"Coos Bay-North Bend, OR",2023-01-01,7,16,5,2,30,996,223
18300,"Coos Bay-North Bend, OR",2023-02-01,9,19,11,2,41,1037,232
18300,"Coos Bay-North Bend, OR",2023-03-01,7,20,9,2,38,1075,239
18300,"Coos Bay-North Bend, OR",2023-04-01,10,12,4,1,27,1102,249
18300,"Coos Bay-North Bend, OR",2023-05-01,8,6,10,0,24,1126,257
18300,"Coos Bay-North Bend, OR",2023-06-01,7,17,5,0,29,1155,264
18300,"Coos Bay-North Bend, OR",2023-07-01,2,11,6,0,19,1174,266
18300,"Coos Bay-North Bend, OR",2023-08-01,3,6,1,2,12,1186,269
18300,"Coos Bay-North Bend, OR",2023-09-01,12,9,3,1,25,1211,281
18300,"Coos Bay-North Bend, OR",2023-10-01,16,18,5,0,39,1250,297
18300,"Coos Bay-North Bend, OR",2023-11-01,15,16,3,0,34,1284,312
18300,"Coos Bay-North Bend, OR",2023-12-01,12,21,6,0,39,1323,324
18300,"Coos Bay-North Bend, OR",2024-01-01,14,21,9,0,44,1367,338
18300,"Coos Bay-North Bend, OR",2024-02-01,12,19,5,1,37,1404,350
18300,"Coos Bay-North Bend, OR",2024-03-01,14,9,8,0,31,1435,364
18300,"Coos Bay-North Bend, OR",2024-04-01,12,10,8,0,30,1465,376
18300,"Coos Bay-North Bend, OR",2024-05-01,12,17,6,0,35,1500,388
18300,"Coos Bay-North Bend, OR",2024-06-01,11,20,2,0,33,1533,399
18300,"Coos Bay-North Bend, OR",2024-07-01,18,11,4,1,34,1567,417
18300,"Coos Bay-North Bend, OR",2024-08-01,8,9,2,0,19,1586,425
18300,"Coos Bay-North Bend, OR",2024-09-01,13,10,5,1,29,1615,438
18300,"Coos Bay-North Bend, OR",2024-10-01,9,15,5,0,29,1644,447
18300,"Coos Bay-North Bend, OR",2024-11-01,10,16,3,0,29,1673,457
18300,"Coos Bay-North Bend, OR",2024-12-01,22,8,6,0,36,1709,479
18300,"Coos Bay-North Bend, OR",2025-01-01,12,18,6,1,37,1746,491
18300,"Coos Bay-North Bend, OR",2025-02-01,12,11,5,2,30,1776,503
18300,"Coos Bay-North Bend, OR",2025-03-01,26,13,8,0,47,1823,529
18300,"Coos Bay-North Bend, OR",2025-04-01,20,11,5,3,39,1862,549
18300,"Coos Bay-North Bend, OR",2025-05-01,17,16,2,1,36,1898,566
18300,"Coos Bay-North Bend, OR",2025-06-01,12,18,6,1,37,1935,578
18300,"Coos Bay-North Bend, OR",2025-07-01,13,15,6,0,34,1969,591
18300,"Coos Bay-North Bend, OR",2025-08-01,20,16,7,1,44,2013,611
27540,"Jasper, IN",2019-02-01,0,3,2,0,5,5,0
27540,"Jasper, IN",2019-04-01,0,1,0,0,1,6,0
27540,"Jasper, IN",2019-05-01,0,1,0,0,1,7,0
27540,"Jasper, IN",2019-07-01,0,2,0,0,2,9,0
27540,"Jasper, IN",2019-09-01,0,0,2,0,2,11,0
27540,"Jasper, IN",2019-10-01,1,1,1,0,3,14,1
27540,"Jasper, IN",2019-11-01,0,1,0,0,1,15,1
27540,"Jasper, IN",2019-12-01,0,1,1,0,2,17,1
27540,"Jasper, IN",2020-01-01,0,2,0,0,2,19,1
27540,"Jasper, IN",2020-02-01,1,3,0,0,4,23,2
27540,"Jasper, IN",2020-03-01,0,2,1,0,3,26,2
27540,"Jasper, IN",2020-04-01,0,2,2,0,4,30,2
27540,"Jasper, IN",2020-05-01,4,8,5,0,17,47,6
27540,"Jasper, IN",2020-06-01,1,2,1,0,4,51,7
27540,"Jasper, IN",2020-07-01,1,7,1,0,9,60,8
27540,"Jasper, IN",2020-08-01,1,6,1,0,8,68,9
27540,"Jasper, IN",2020-09-01,2,9,0,0,11,79,11
27540,"Jasper, IN",2020-10-01,4,10,2,0,16,95,15
27540,"Jasper, IN",2020-11-01,6,14,7,0,27,122,21
27540,"Jasper, IN",2020-12-01,4,17,1,0,22,144,25
27540,"Jasper, IN",2021-01-01,4,17,9,0,30,174,29
27540,"Jasper, IN",2021-02-01,9,15,3,0,27,201,38
27540,"Jasper, IN",2021-03-01,8,14,3,1,26,227,46
27540,"Jasper, IN",2021-04-01,9,6,3,0,18,245,55
27540,"Jasper, IN",2021-05-01,3,16,6,0,25,270,58
27540,"Jasper, IN",2021-06-01,4,9,2,0,15,285,62
27540,"Jasper, IN",2021-07-01,4,9,3,1,17,302,66
27540,"Jasper, IN",2021-08-01,6,10,2,0,18,320,72
27540,"Jasper, IN",2021-09-01,6,31,7,1,45,365,78
27540,"Jasper, IN",2021-10-01,4,19,6,0,29,394,82
27540,"Jasper, IN",2021-11-01,11,29,10,0,50,444,93
27540,"Jasper, IN",2021-12-01,9,24,4,2,39,483,102
27540,"Jasper, IN",2022-01-01,17,26,8,1,52,535,119
27540,"Jasper, IN",2022-02-01,10,20,6,0,36,571,129
27540,"Jasper, IN",2022-03-01,13,17,7,1,38,609,142
27540,"Jasper, IN",2022-04-01,8,18,5,1,32,641,150
27540,"Jasper, IN",2022-05-01,3,25,5,0,33,674,153
27540,"Jasper, IN",2022-06-01,6,10,4,0,20,694,159
27540,"Jasper, IN",2022-07-01,12,21,4,0,37,731,171
27540,"Jasper, IN",2022-08-01,5,12,5,0,22,753,176
27540,"Jasper, IN",2022-09-01,4,18,6,3,31,784,180
27540,"Jasper, IN",2022-10-01,7,14,10,1,32,816,187
27540,"Jasper, IN",2022-11-01,5,26,5,0,36,852,192
27540,"Jasper, IN",2022-12-01,11,15,6,0,32,884,203
27540,"Jasper, IN",2023-01-01,5,14,3,0,22,906,208
27540,"Jasper, IN",2023-02-01,6,21,5,0,32,938,214
27540,"Jasper, IN",2023-03-01,12,21,7,0,40,978,226
27540,"Jasper, IN",2023-04-01,3,17,7,1,28,1006,229
27540,"Jasper, IN",2023-05-01,7,17,4,3,31,1037,236
27540,"Jasper, IN",2023-06-01,5,13,5,0,23,1060,241
27540,"Jasper, IN",2023-07-01,8,23,3,0,34,1094,249
27540,"Jasper, IN",2023-08-01,1,12,6,0,19,1113,250
27540,"Jasper, IN",2023-09-01,4,16,5,1,26,1139,254
27540,"Jasper, IN",2023-10-01,14,16,3,0,33,1172,268
27540,"Jasper, IN",2023-11-01,8,19,8,0,35,1207,276
27540,"Jasper, IN",2023-12-01,9,20,1,0,30,1237,285
27540,"Jasper, IN",2024-01-01,10,24,5,0,39,1276,295
27540,"Jasper, IN",2024-02-01,6,17,5,0,28,1304,301
27540,"Jasper, IN",2024-03-01,13,15,3,0,31,1335,314
27540,"Jasper, IN",2024-04-01,6,20,2,0,28,1363,320
27540,"Jasper, IN",2024-05-01,5,10,2,0,17,1380,325
27540,"Jasper, IN",2024-06-01,6,4,2,0,12,1392,331
27540,"Jasper, IN",2024-07-01,9,9,0,0,18,1410,340
27540,"Jasper, IN",2024-08-01,9,15,3,0,27,1437,349
27540,"Jasper, IN",2024-09-01,5,23,0,0,28,1465,354
27540,"Jasper, IN",2024-10-01,11,8,3,1,23,1488,365
27540,"Jasper, IN",2024-11-01,13,18,2,2,35,1523,378
27540,"Jasper, IN",2024-12-01,14,18,5,1,38,1561,392
27540,"Jasper, IN",2025-01-01,13,13,4,1,31,1592,405
27540,"Jasper, IN",2025-02-01,16,21,3,1,41,1633,421
27540,"Jasper, IN",2025-03-01,11,14,6,1,32,1665,432
27540,"Jasper, IN",2025-04-01,7,15,2,0,24,1689,439
27540,"Jasper, IN",2025-05-01,17,20,6,1,44,1733,456
27540,"Jasper, IN",2025-06-01,13,13,3,0,29,1762,469
27540,"Jasper, IN",2025-07-01,10,9,4,0,23,1785,479
27540,"Jasper, IN",2025-08-01,8,15,4,0,27,1812,487
15740,"Cambridge, OH",2019-03-01,0,0,2,0,2,2,0
15740,"Cambridge, OH",2019-04-01,0,5,1,0,6,8,0
15740,"Cambridge, OH",2019-05-01,0,3,2,0,5,13,0
15740,"Cambridge, OH",2019-06-01,0,2,0,0,2,15,0
15740,"Cambridge, OH",2019-08-01,0,0,1,0,1,16,0
15740,"Cambridge, OH",2019-09-01,1,3,3,0,7,23,1
15740,"Cambridge, OH",2019-10-01,0,6,0,0,6,29,1
15740,"Cambridge, OH",2019-11-01,0,4,0,0,4,33,1
15740,"Cambridge, OH",2019-12-01,0,3,0,0,3,36,1
15740,"Cambridge, OH",2020-01-01,0,3,2,0,5,41,1
15740,"Cambridge, OH",2020-02-01,0,4,1,0,5,46,1
15740,"Cambridge, OH",2020-03-01,1,8,1,0,10,56,2
15740,"Cambridge, OH",2020-04-01,3,4,3,0,10,66,5
15740,"Cambridge, OH",2020-05-01,4,13,1,0,18,84,9
15740,"Cambridge, OH",2020-06-01,3,11,2,0,16,100,12
15740,"Cambridge, OH",2020-07-01,1,6,3,0,10,110,13
15740,"Cambridge, OH",2020-08-01,3,9,0,0,12,122,16
15740,"Cambridge, OH",2020-09-01,4,20,6,0,30,152,20
15740,"Cambridge, OH",2020-10-01,13,33,3,1,50,202,33
15740,"Cambridge, OH",2020-11-01,7,13,4,1,25,227,40
15740,"Cambridge, OH",2020-12-01,7,24,6,0,37,264,47
15740,"Cambridge, OH",2021-01-01,11,28,3,0,42,306,58
15740,"Cambridge, OH",2021-02-01,12,32,8,0,52,358,70
15740,"Cambridge, OH",2021-03-01,11,24,4,4,43,401,81
15740,"Cambridge, OH",2021-04-01,18,33,8,1,60,461,99
15740,"Cambridge, OH",2021-05-01,11,35,17,2,65,526,110
15740,"Cambridge, OH",2021-06-01,7,21,8,0,36,562,117
15740,"Cambridge, OH",2021-07-01,6,23,5,1,35,597,123
15740,"Cambridge, OH",2021-08-01,3,22,4,0,29,626,126
15740,"Cambridge, OH",2021-09-01,4,21,4,2,31,657,130
15740,"Cambridge, OH",2021-10-01,11,25,8,0,44,701,141
15740,"Cambridge, OH",2021-11-01,5,16,4,0,25,726,146
15740,"Cambridge, OH",2021-12-01,10,18,5,1,34,760,156
15740,"Cambridge, OH",2022-01-01,15,22,7,1,45,805,171
15740,"Cambridge, OH",2022-02-01,14,20,8,0,42,847,185
15740,"Cambridge, OH",2022-03-01,5,17,6,1,29,876,190
15740,"Cambridge, OH",2022-04-01,9,21,1,0,31,907,199
15740,"Cambridge, OH",2022-05-01,4,16,6,0,26,933,203
15740,"Cambridge, OH",2022-06-01,3,9,5,0,17,950,206
15740,"Cambridge, OH",2022-07-01,9,19,4,1,33,983,215
15740,"Cambridge, OH",2022-08-01,6,14,7,0,27,1010,221
15740,"Cambridge, OH",2022-09-01,8,17,2,0,27,1037,229
15740,"Cambridge, OH",2022-10-01,8,13,2,0,23,1060,237
15740,"Cambridge, OH",2022-11-01,6,17,6,1,30,1090,243
15740,"Cambridge, OH",2022-12-01,10,13,8,0,31,1121,253
15740,"Cambridge, OH",2023-01-01,5,19,2,1,27,1148,258
15740,"Cambridge, OH",2023-02-01,12,16,7,1,36,1184,270
15740,"Cambridge, OH",2023-03-01,13,21,7,0,41,1225,283
15740,"Cambridge, OH",2023-04-01,9,19,3,1,32,1257,292
15740,"Cambridge, OH",2023-05-01,8,14,4,0,26,1283,300
15740,"Cambridge, OH",2023-06-01,8,10,5,1,24,1307,308
15740,"Cambridge, OH",2023-07-01,11,14,10,0,35,1342,319
15740,"Cambridge, OH",2023-08-01,5,14,8,1,28,1370,324
15740,"Cambridge, OH",2023-09-01,5,17,2,0,24,1394,329
15740,"Cambridge, OH",2023-10-01,11,29,6,0,46,1440,340
15740,"Cambridge, OH",2023-11-01,16,22,7,0,45,1485,356
15740,"Cambridge, OH",2023-12-01,12,17,12,0,41,1526,368
15740,"Cambridge, OH",2024-01-01,20,14,9,0,43,1569,388
15740,"Cambridge, OH",2024-02-01,23,15,6,0,44,1613,411
15740,"Cambridge, OH",2024-03-01,24,25,1,1,51,1664,435
15740,"Cambridge, OH",2024-04-01,6,13,4,0,23,1687,441
15740,"Cambridge, OH",2024-05-01,11,12,2,1,26,1713,452
15740,"Cambridge, OH",2024-06-01,9,9,0,0,18,1731,461
15740,"Cambridge, OH",2024-07-01,9,3,4,2,18,1749,470
15740,"Cambridge, OH",2024-08-01,4,6,2,0,12,1761,474
15740,"Cambridge, OH",2024-09-01,12,15,3,1,31,1792,486
15740,"Cambridge, OH",2024-10-01,26,20,6,2,54,1846,512
15740,"Cambridge, OH",2024-11-01,19,18,8,0,45,1891,531
15740,"Cambridge, OH",2024-12-01,23,19,5,0,47,1938,554
15740,"Cambridge, OH",2025-01-01,19,18,7,0,44,1982,573
15740,"Cambridge, OH",2025-02-01,15,13,4,0,32,2014,588
15740,"Cambridge, OH",2025-03-01,30,12,2,1,45,2059,618
15740,"Cambridge, OH",2025-04-01,18,13,5,3,39,2098,636
15740,"Cambridge, OH",2025-05-01,16,18,1,0,35,2133,652
15740,"Cambridge, OH",2025-06-01,21,13,5,2,41,2174,673
15740,"Cambridge, OH",2025-07-01,19,8,6,0,33,2207,692
15740,"Cambridge, OH",2025-08-01,20,13,9,0,42,2249,712
15740,"Cambridge, OH",2025-09-01,0,0,1,0,1,2250,712
37140,"Paducah, KY-IL",2019-01-01,1,7,0,0,8,8,1
37140,"Paducah, KY-IL",2019-02-01,0,1,2,0,3,11,1
37140,"Paducah, KY-IL",2019-03-01,0,5,1,0,6,17,1
37140,"Paducah, KY-IL",2019-04-01,0,11,5,0,16,33,1
37140,"Paducah, KY-IL",2019-05-01,0,23,11,0,34,67,1
37140,"Paducah, KY-IL",2019-06-01,0,25,3,0,28,95,1
37140,"Paducah, KY-IL",2019-07-01,0,16,6,0,22,117,1
37140,"Paducah, KY-IL",2019-08-01,1,21,6,1,29,146,2
37140,"Paducah, KY-IL",2019-09-01,0,18,2,0,20,166,2
37140,"Paducah, KY-IL",2019-10-01,0,17,5,1,23,189,2
37140,"Paducah, KY-IL",2019-11-01,1,24,12,0,37,226,3
37140,"Paducah, KY-IL",2019-12-01,2,19,5,0,26,252,5
37140,"Paducah, KY-IL",2020-01-01,3,26,8,1,38,290,8
37140,"Paducah, KY-IL",2020-02-01,2,15,8,2,27,317,10
37140,"Paducah, KY-IL",2020-03-01,5,24,17,1,47,364,15
37140,"Paducah, KY-IL",2020-04-01,10,46,10,1,67,431,25
37140,"Paducah, KY-IL",2020-05-01,22,56,17,0,95,526,47
37140,"Paducah, KY-IL",2020-06-01,17,50,11,0,78,604,64
37140,"Paducah, KY-IL",2020-07-01,12,57,18,3,90,694,76
37140,"Paducah, KY-IL",2020-08-01,13,75,22,1,111,805,89
37140,"Paducah, KY-IL",2020-09-01,7,42,8,1,58,863,96
37140,"Paducah, KY-IL",2020-10-01,5,46,12,1,64,927,101
37140,"Paducah, KY-IL",2020-11-01,9,47,8,1,65,992,110
37140,"Paducah, KY-IL",2020-12-01,11,38,13,1,63,1055,121
37140,"Paducah, KY-IL",2021-01-01,17,58,16,0,91,1146,138
37140,"Paducah, KY-IL",2021-02-01,10,48,8,2,68,1214,148
37140,"Paducah, KY-IL",2021-03-01,20,76,16,1,113,1327,168
37140,"Paducah, KY-IL",2021-04-01,19,82,20,2,123,1450,187
37140,"Paducah, KY-IL",2021-05-01,23,116,25,0,164,1614,210
37140,"Paducah, KY-IL",2021-06-01,16,72,18,2,108,1722,226
37140,"Paducah, KY-IL",2021-07-01,14,80,25,2,121,1843,240
37140,"Paducah, KY-IL",2021-08-01,16,78,22,3,119,1962,256
37140,"Paducah, KY-IL",2021-09-01,16,74,22,2,114,2076,272
37140,"Paducah, KY-IL",2021-10-01,7,53,16,0,76,2152,279
37140,"Paducah, KY-IL",2021-11-01,23,58,16,1,98,2250,302
37140,"Paducah, KY-IL",2021-12-01,10,83,22,2,117,2367,312
37140,"Paducah, KY-IL",2022-01-01,19,89,25,1,134,2501,331
37140,"Paducah, KY-IL",2022-02-01,16,84,21,0,121,2622,347
37140,"Paducah, KY-IL",2022-03-01,22,77,19,1,119,2741,369
37140,"Paducah, KY-IL",2022-04-01,10,61,16,2,89,2830,379
37140,"Paducah, KY-IL",2022-05-01,22,65,18,2,107,2937,401
37140,"Paducah, KY-IL",2022-06-01,15,51,15,0,81,3018,416
37140,"Paducah, KY-IL",2022-07-01,25,69,18,1,113,3131,441
37140,"Paducah, KY-IL",2022-08-01,26,75,13,1,115,3246,467
37140,"Paducah, KY-IL",2022-09-01,20,54,18,3,95,3341,487
37140,"Paducah, KY-IL",2022-10-01,27,50,17,4,98,3439,514
37140,"Paducah, KY-IL",2022-11-01,25,57,18,2,102,3541,539
37140,"Paducah, KY-IL",2022-12-01,19,57,14,5,95,3636,558
37140,"Paducah, KY-IL",2023-01-01,21,41,18,2,82,3718,579
37140,"Paducah, KY-IL",2023-02-01,29,49,21,0,99,3817,608
37140,"Paducah, KY-IL",2023-03-01,35,88,23,4,150,3967,643
37140,"Paducah, KY-IL",2023-04-01,17,78,22,3,120,4087,660
37140,"Paducah, KY-IL",2023-05-01,21,61,15,1,98,4185,681
37140,"Paducah, KY-IL",2023-06-01,14,47,20,0,81,4266,695
37140,"Paducah, KY-IL",2023-07-01,15,57,12,0,84,4350,710
37140,"Paducah, KY-IL",2023-08-01,19,28,15,3,65,4415,729
37140,"Paducah, KY-IL",2023-09-01,23,43,19,2,87,4502,752
37140,"Paducah, KY-IL",2023-10-01,13,46,19,3,81,4583,765
37140,"Paducah, KY-IL",2023-11-01,25,58,23,1,107,4690,790
37140,"Paducah, KY-IL",2023-12-01,27,62,19,0,108,4798,817
37140,"Paducah, KY-IL",2024-01-01,21,43,24,4,92,4890,838
37140,"Paducah, KY-IL",2024-02-01,28,48,22,1,99,4989,866
37140,"Paducah, KY-IL",2024-03-01,37,55,18,2,112,5101,903
37140,"Paducah, KY-IL",2024-04-01,29,67,18,4,118,5219,932
37140,"Paducah, KY-IL",2024-05-01,22,50,12,3,87,5306,954
37140,"Paducah, KY-IL",2024-06-01,29,49,21,3,102,5408,983
37140,"Paducah, KY-IL",2024-07-01,27,50,11,1,89,5497,1010
37140,"Paducah, KY-IL",2024-08-01,16,52,17,2,87,5584,1026
37140,"Paducah, KY-IL",2024-09-01,27,46,16,1,90,5674,1053
37140,"Paducah, KY-IL",2024-10-01,41,78,26,7,152,5826,1094
37140,"Paducah, KY-IL",2024-11-01,33,81,23,2,139,5965,1127
37140,"Paducah, KY-IL",2024-12-01,45,66,15,1,127,6092,1172
37140,"Paducah, KY-IL",2025-01-01,44,57,18,0,119,6211,1216
37140,"Paducah, KY-IL",2025-02-01,34,61,19,2,116,6327,1250
37140,"Paducah, KY-IL",2025-03-01,33,48,25,2,108,6435,1283
37140,"Paducah, KY-IL",2025-04-01,39,58,20,2,119,6554,1322
37140,"Paducah, KY-IL",2025-05-01,22,48,14,3,87,6641,1344
37140,"Paducah, KY-IL",2025-06-01,23,45,15,1,84,6725,1367
37140,"Paducah, KY-IL",2025-07-01,20,28,16,1,65,6790,1387
37140,"Paducah, KY-IL",2025-08-01,30,48,18,1,97,6887,1417
37140,"Paducah, KY-IL",2025-09-01,1,0,0,0,1,6888,1418
44500,"Stephenville, TX",2019-01-01,0,1,1,0,2,2,0
44500,"Stephenville, TX",2019-02-01,0,1,1,0,2,4,0
44500,"Stephenville, TX",2019-03-01,0,1,0,0,1,5,0
44500,"Stephenville, TX",2019-04-01,0,6,0,0,6,11,0
44500,"Stephenville, TX",2019-05-01,0,9,3,0,12,23,0
44500,"Stephenville, TX",2019-06-01,0,40,2,0,42,65,0
44500,"Stephenville, TX",2019-07-01,2,38,3,1,44,109,2
44500,"Stephenville, TX",2019-08-01,0,19,2,0,21,130,2
44500,"Stephenville, TX",2019-09-01,3,38,4,0,45,175,5
44500,"Stephenville, TX",2019-10-01,0,20,5,0,25,200,5
44500,"Stephenville, TX",2019-11-01,4,11,2,0,17,217,9
44500,"Stephenville, TX",2019-12-01,5,13,1,0,19,236,14
44500,"Stephenville, TX",2020-01-01,4,19,3,1,27,263,18
44500,"Stephenville, TX",2020-02-01,8,18,3,0,29,292,26
44500,"Stephenville, TX",2020-03-01,8,37,3,0,48,340,34
44500,"Stephenville, TX",2020-04-01,12,62,5,2,81,421,46
44500,"Stephenville, TX",2020-05-01,18,38,6,0,62,483,64
44500,"Stephenville, TX",2020-06-01,14,39,5,0,58,541,78
44500,"Stephenville, TX",2020-07-01,19,35,4,0,58,599,97
44500,"Stephenville, TX",2020-08-01,30,36,3,2,71,670,127
44500,"Stephenville, TX",2020-09-01,23,37,4,1,65,735,150
44500,"Stephenville, TX",2020-10-01,26,31,6,0,63,798,176
44500,"Stephenville, TX",2020-11-01,22,22,2,0,46,844,198
44500,"Stephenville, TX",2020-12-01,14,38,6,1,59,903,212
44500,"Stephenville, TX",2021-01-01,48,45,7,0,100,1003,260
44500,"Stephenville, TX",2021-02-01,32,29,1,1,63,1066,292
44500,"Stephenville, TX",2021-03-01,70,34,8,1,113,1179,362
44500,"Stephenville, TX",2021-04-01,52,48,4,1,105,1284,414
44500,"Stephenville, TX",2021-05-01,32,57,3,0,92,1376,446
44500,"Stephenville, TX",2021-06-01,24,34,4,1,63,1439,470
44500,"Stephenville, TX",2021-07-01,13,34,7,0,54,1493,483
44500,"Stephenville, TX",2021-08-01,19,31,5,0,55,1548,502
44500,"Stephenville, TX",2021-09-01,36,27,11,1,75,1623,538
44500,"Stephenville, TX",2021-10-01,29,26,6,0,61,1684,567
44500,"Stephenville, TX",2021-11-01,19,18,6,2,45,1729,586
44500,"Stephenville, TX",2021-12-01,42,30,3,1,76,1805,628
44500,"Stephenville, TX",2022-01-01,48,35,9,0,92,1897,676
44500,"Stephenville, TX",2022-02-01,38,12,5,0,55,1952,714
44500,"Stephenville, TX",2022-03-01,37,36,6,1,80,2032,751
44500,"Stephenville, TX",2022-04-01,32,29,6,0,67,2099,783
44500,"Stephenville, TX",2022-05-01,17,21,4,1,43,2142,800
44500,"Stephenville, TX",2022-06-01,27,31,7,1,66,2208,827
44500,"Stephenville, TX",2022-07-01,25,26,8,1,60,2268,852
44500,"Stephenville, TX",2022-08-01,19,21,6,0,46,2314,871
44500,"Stephenville, TX",2022-09-01,43,23,8,1,75,2389,914
44500,"Stephenville, TX",2022-10-01,56,33,4,0,93,2482,970
44500,"Stephenville, TX",2022-11-01,58,20,9,1,88,2570,1028
44500,"Stephenville, TX",2022-12-01,60,29,8,1,98,2668,1088
44500,"Stephenville, TX",2023-01-01,33,21,6,0,60,2728,1121
44500,"Stephenville, TX",2023-02-01,71,24,7,0,102,2830,1192
44500,"Stephenville, TX",2023-03-01,80,26,8,1,115,2945,1272
44500,"Stephenville, TX",2023-04-01,44,20,12,0,76,3021,1316
44500,"Stephenville, TX",2023-05-01,29,15,11,0,55,3076,1345
44500,"Stephenville, TX",2023-06-01,18,18,6,0,42,3118,1363
44500,"Stephenville, TX",2023-07-01,24,13,3,0,40,3158,1387
44500,"Stephenville, TX",2023-08-01,15,8,3,0,26,3184,1402
44500,"Stephenville, TX",2023-09-01,35,7,2,0,44,3228,1437
44500,"Stephenville, TX",2023-10-01,54,16,7,1,78,3306,1491
44500,"Stephenville, TX",2023-11-01,74,25,8,2,109,3415,1565
44500,"Stephenville, TX",2023-12-01,50,22,9,0,81,3496,1615
44500,"Stephenville, TX",2024-01-01,58,26,6,1,91,3587,1673
44500,"Stephenville, TX",2024-02-01,80,20,6,0,106,3693,1753
44500,"Stephenville, TX",2024-03-01,86,17,10,1,114,3807,1839
44500,"Stephenville, TX",2024-04-01,41,27,9,0,77,3884,1880
44500,"Stephenville, TX",2024-05-01,26,13,4,0,43,3927,1906
44500,"Stephenville, TX",2024-06-01,7,14,1,0,22,3949,1913
44500,"Stephenville, TX",2024-07-01,10,6,0,0,16,3965,1923
44500,"Stephenville, TX",2024-08-01,38,14,5,1,58,4023,1961
44500,"Stephenville, TX",2024-09-01,55,21,8,0,84,4107,2016
44500,"Stephenville, TX",2024-10-01,64,22,8,0,94,4201,2080
44500,"Stephenville, TX",2024-11-01,57,22,7,1,87,4288,2137
44500,"Stephenville, TX",2024-12-01,38,30,10,0,78,4366,2175
44500,"Stephenville, TX",2025-01-01,41,20,4,0,65,4431,2216
44500,"Stephenville, TX",2025-02-01,56,20,3,2,81,4512,2272
44500,"Stephenville, TX",2025-03-01,55,20,5,1,81,4593,2327
44500,"Stephenville, TX",2025-04-01,46,26,1,1,74,4667,2373
44500,"Stephenville, TX",2025-05-01,61,16,5,0,82,4749,2434
44500,"Stephenville, TX",2025-06-01,45,24,6,1,76,4825,2479
44500,"Stephenville, TX",2025-07-01,32,14,6,0,52,4877,2511
44500,"Stephenville, TX",2025-08-01,42,17,6,0,65,4942,2553
44500,"Stephenville, TX",2025-09-01,1,1,0,0,2,4944,2554
43660,"Snyder, TX",2019-05-01,0,2,0,0,2,2,0
43660,"Snyder, TX",2019-09-01,0,2,0,0,2,4,0
43660,"Snyder, TX",2020-01-01,0,1,0,0,1,5,0
43660,"Snyder, TX",2020-02-01,0,1,0,0,1,6,0
43660,"Snyder, TX",2020-03-01,0,2,1,1,4,10,0
43660,"Snyder, TX",2020-05-01,0,1,0,0,1,11,0
43660,"Snyder, TX",2020-07-01,0,2,1,0,3,14,0
43660,"Snyder, TX",2020-08-01,0,1,2,0,3,17,0
43660,"Snyder, TX",2020-09-01,0,3,1,0,4,21,0
43660,"Snyder, TX",2020-10-01,0,1,0,0,1,22,0
43660,"Snyder, TX",2020-11-01,0,4,0,0,4,26,0
43660,"Snyder, TX",2020-12-01,0,1,0,0,1,27,0
43660,"Snyder, TX",2021-01-01,1,1,1,0,3,30,1
43660,"Snyder, TX",2021-03-01,0,3,2,0,5,35,1
43660,"Snyder, TX",2021-04-01,4,6,3,0,13,48,5
43660,"Snyder, TX",2021-05-01,5,19,3,0,27,75,10
43660,"Snyder, TX",2021-06-01,3,3,2,1,9,84,13
43660,"Snyder, TX",2021-07-01,2,14,1,1,18,102,15
43660,"Snyder, TX",2021-08-01,6,9,1,0,16,118,21
43660,"Snyder, TX",2021-09-01,1,9,3,0,13,131,22
43660,"Snyder, TX",2021-10-01,0,8,2,0,10,141,22
43660,"Snyder, TX",2021-11-01,2,11,3,1,17,158,24
43660,"Snyder, TX",2021-12-01,2,9,4,0,15,173,26
43660,"Snyder, TX",2022-01-01,3,11,5,1,20,193,29
43660,"Snyder, TX",2022-02-01,4,6,4,0,14,207,33
43660,"Snyder, TX",2022-03-01,3,14,2,0,19,226,36
43660,"Snyder, TX",2022-04-01,3,8,2,0,13,239,39
43660,"Snyder, TX",2022-05-01,4,5,4,0,13,252,43
43660,"Snyder, TX",2022-06-01,3,6,1,0,10,262,46
43660,"Snyder, TX",2022-07-01,5,11,3,0,19,281,51
43660,"Snyder, TX",2022-08-01,3,2,1,0,6,287,54
43660,"Snyder, TX",2022-09-01,4,5,0,0,9,296,58
43660,"Snyder, TX",2022-10-01,2,6,3,0,11,307,60
43660,"Snyder, TX",2022-11-01,4,8,3,0,15,322,64
43660,"Snyder, TX",2022-12-01,4,5,2,0,11,333,68
43660,"Snyder, TX",2023-01-01,1,5,3,0,9,342,69
43660,"Snyder, TX",2023-02-01,4,8,2,0,14,356,73
43660,"Snyder, TX",2023-03-01,0,7,4,1,12,368,73
43660,"Snyder, TX",2023-04-01,6,7,0,0,13,381,79
43660,"Snyder, TX",2023-05-01,2,7,1,0,10,391,81
43660,"Snyder, TX",2023-06-01,5,6,2,0,13,404,86
43660,"Snyder, TX",2023-07-01,4,5,2,0,11,415,90
43660,"Snyder, TX",2023-08-01,2,4,1,0,7,422,92
43660,"Snyder, TX",2023-09-01,5,1,3,0,9,431,97
43660,"Snyder, TX",2023-10-01,1,5,3,0,9,440,98
43660,"Snyder, TX",2023-11-01,3,6,1,1,11,451,101
43660,"Snyder, TX",2023-12-01,2,6,1,0,9,460,103
43660,"Snyder, TX",2024-01-01,8,9,3,0,20,480,111
43660,"Snyder, TX",2024-02-01,4,8,1,0,13,493,115
43660,"Snyder, TX",2024-03-01,5,9,0,0,14,507,120
43660,"Snyder, TX",2024-04-01,4,4,3,0,11,518,124
43660,"Snyder, TX",2024-05-01,3,8,2,0,13,531,127
43660,"Snyder, TX",2024-06-01,2,6,0,0,8,539,129
43660,"Snyder, TX",2024-07-01,0,5,0,0,5,544,129
43660,"Snyder, TX",2024-08-01,1,3,0,0,4,548,130
43660,"Snyder, TX",2024-09-01,3,5,1,1,10,558,133
43660,"Snyder, TX",2024-10-01,1,9,1,0,11,569,134
43660,"Snyder, TX",2024-11-01,5,3,1,0,9,578,139
43660,"Snyder, TX",2024-12-01,9,6,5,0,20,598,148
43660,"Snyder, TX",2025-01-01,10,6,2,1,19,617,158
43660,"Snyder, TX",2025-02-01,4,7,2,0,13,630,162
43660,"Snyder, TX",2025-03-01,6,9,1,1,17,647,168
43660,"Snyder, TX",2025-04-01,5,8,2,0,15,662,173
43660,"Snyder, TX",2025-05-01,10,8,0,0,18,680,183
43660,"Snyder, TX",2025-06-01,7,4,3,1,15,695,190
43660,"Snyder, TX",2025-07-01,1,6,1,0,8,703,191
43660,"Snyder, TX",2025-08-01,2,6,2,0,10,713,193
47220,"Vineland, NJ",2019-01-01,0,9,5,1,15,15,0
47220,"Vineland, NJ",2019-02-01,1,19,9,1,30,45,1
47220,"Vineland, NJ",2019-03-01,0,37,6,0,43,88,1
47220,"Vineland, NJ",2019-04-01,3,33,6,0,42,130,4
47220,"Vineland, NJ",2019-05-01,0,36,8,3,47,177,4
47220,"Vineland, NJ",2019-06-01,2,17,6,0,25,202,6
47220,"Vineland, NJ",2019-07-01,4,30,5,2,41,243,10
47220,"Vineland, NJ",2019-08-01,2,23,7,0,32,275,12
47220,"Vineland, NJ",2019-09-01,2,17,1,0,20,295,14
47220,"Vineland, NJ",2019-10-01,1,4,3,0,8,303,15
47220,"Vineland, NJ",2019-11-01,1,12,2,0,15,318,16
47220,"Vineland, NJ",2019-12-01,5,14,4,0,23,341,21
47220,"Vineland, NJ",2020-01-01,1,14,8,0,23,364,22
47220,"Vineland, NJ",2020-02-01,0,15,6,2,23,387,22
47220,"Vineland, NJ",2020-03-01,4,17,8,1,30,417,26
47220,"Vineland, NJ",2020-04-01,16,53,22,1,92,509,42
47220,"Vineland, NJ",2020-05-01,37,86,17,6,146,655,79
47220,"Vineland, NJ",2020-06-01,33,76,20,1,130,785,112
47220,"Vineland, NJ",2020-07-01,27,95,20,1,143,928,139
47220,"Vineland, NJ",2020-08-01,17,119,19,2,157,1085,156
47220,"Vineland, NJ",2020-09-01,23,92,21,1,137,1222,179
47220,"Vineland, NJ",2020-10-01,33,98,21,4,156,1378,212
47220,"Vineland, NJ",2020-11-01,32,82,23,1,138,1516,244
47220,"Vineland, NJ",2020-12-01,30,72,19,3,124,1640,274
47220,"Vineland, NJ",2021-01-01,45,111,28,6,190,1830,319
47220,"Vineland, NJ",2021-02-01,36,75,18,0,129,1959,355
47220,"Vineland, NJ",2021-03-01,35,110,30,1,176,2135,390
47220,"Vineland, NJ",2021-04-01,32,82,34,5,153,2288,422
47220,"Vineland, NJ",2021-05-01,45,119,26,2,192,2480,467
47220,"Vineland, NJ",2021-06-01,42,143,31,4,220,2700,509
47220,"Vineland, NJ",2021-07-01,44,141,26,5,216,2916,553
47220,"Vineland, NJ",2021-08-01,43,154,39,5,241,3157,596
47220,"Vineland, NJ",2021-09-01,41,120,37,5,203,3360,637
47220,"Vineland, NJ",2021-10-01,29,130,43,3,205,3565,666
47220,"Vineland, NJ",2021-11-01,25,99,32,2,158,3723,691
47220,"Vineland, NJ",2021-12-01,47,127,24,2,200,3923,738
47220,"Vineland, NJ",2022-01-01,49,122,39,6,216,4139,787
47220,"Vineland, NJ",2022-02-01,35,92,20,2,149,4288,822
47220,"Vineland, NJ",2022-03-01,31,103,29,3,166,4454,853
47220,"Vineland, NJ",2022-04-01,40,113,27,1,181,4635,893
47220,"Vineland, NJ",2022-05-01,46,98,24,1,169,4804,939
47220,"Vineland, NJ",2022-06-01,15,53,8,0,76,4880,954
47220,"Vineland, NJ",2022-07-01,11,30,11,1,53,4933,965
47220,"Vineland, NJ",2022-08-01,10,22,4,0,36,4969,975
47220,"Vineland, NJ",2022-09-01,33,62,16,5,116,5085,1008
47220,"Vineland, NJ",2022-10-01,42,84,21,4,151,5236,1050
47220,"Vineland, NJ",2022-11-01,22,93,24,2,141,5377,1072
47220,"Vineland, NJ",2022-12-01,51,92,24,3,170,5547,1123
47220,"Vineland, NJ",2023-01-01,45,76,26,1,148,5695,1168
47220,"Vineland, NJ",2023-02-01,40,78,24,1,143,5838,1208
47220,"Vineland, NJ",2023-03-01,37,85,25,3,150,5988,1245
47220,"Vineland, NJ",2023-04-01,33,88,19,2,142,6130,1278
47220,"Vineland, NJ",2023-05-01,24,58,14,0,96,6226,1302
47220,"Vineland, NJ",2023-06-01,11,29,7,3,50,6276,1313
47220,"Vineland, NJ",2023-07-01,13,28,6,0,47,6323,1326
47220,"Vineland, NJ",2023-08-01,18,43,14,2,77,6400,1344
47220,"Vineland, NJ",2023-09-01,27,71,18,2,118,6518,1371
47220,"Vineland, NJ",2023-10-01,21,82,36,1,140,6658,1392
47220,"Vineland, NJ",2023-11-01,22,85,33,2,142,6800,1414
47220,"Vineland, NJ",2023-12-01,24,91,29,1,145,6945,1438
47220,"Vineland, NJ",2024-01-01,32,88,37,6,163,7108,1470
47220,"Vineland, NJ",2024-02-01,23,71,39,3,136,7244,1493
47220,"Vineland, NJ",2024-03-01,29,73,20,3,125,7369,1522
47220,"Vineland, NJ",2024-04-01,24,62,18,3,107,7476,1546
47220,"Vineland, NJ",2024-05-01,23,72,32,3,130,7606,1569
47220,"Vineland, NJ",2024-06-01,21,61,25,4,111,7717,1590
47220,"Vineland, NJ",2024-07-01,16,58,24,3,101,7818,1606
47220,"Vineland, NJ",2024-08-01,18,78,17,2,115,7933,1624
47220,"Vineland, NJ",2024-09-01,15,58,9,1,83,8016,1639
47220,"Vineland, NJ",2024-10-01,19,72,15,0,106,8122,1658
47220,"Vineland, NJ",2024-11-01,20,76,19,3,118,8240,1678
47220,"Vineland, NJ",2024-12-01,22,92,24,1,139,8379,1700
47220,"Vineland, NJ",2025-01-01,45,128,30,1,204,8583,1745
47220,"Vineland, NJ",2025-02-01,35,97,27,7,166,8749,1780
47220,"Vineland, NJ",2025-03-01,35,95,27,4,161,8910,1815
47220,"Vineland, NJ",2025-04-01,36,94,27,5,162,9072,1851
47220,"Vineland, NJ",2025-05-01,42,85,34,2,163,9235,1893
47220,"Vineland, NJ",2025-06-01,49,105,35,6,195,9430,1942
47220,"Vineland, NJ",2025-07-01,41,102,30,5,178,9608,1983
47220,"Vineland, NJ",2025-08-01,19,78,28,1,126,9734,2002
47220,"Vineland, NJ",2025-09-01,0,1,1,0,2,9736,2002
29340,"Lake Charles, LA",2019-01-01,1,5,4,0,10,10,1
29340,"Lake Charles, LA",2019-02-01,1,12,2,0,15,25,2
29340,"Lake Charles, LA",2019-03-01,0,17,5,1,23,48,2
29340,"Lake Charles, LA",2019-04-01,0,26,12,1,39,87,2
29340,"Lake Charles, LA",2019-05-01,0,18,4,2,24,111,2
29340,"Lake Charles, LA",2019-06-01,2,16,4,0,22,133,4
29340,"Lake Charles, LA",2019-07-01,1,26,8,1,36,169,5
29340,"Lake Charles, LA",2019-08-01,1,35,7,1,44,213,6
29340,"Lake Charles, LA",2019-09-01,3,44,13,0,60,273,9
29340,"Lake Charles, LA",2019-10-01,2,32,11,0,45,318,11
29340,"Lake Charles, LA",2019-11-01,2,37,5,1,45,363,13
29340,"Lake Charles, LA",2019-12-01,6,32,6,1,45,408,19
29340,"Lake Charles, LA",2020-01-01,2,37,4,0,43,451,21
29340,"Lake Charles, LA",2020-02-01,4,43,12,0,59,510,25
29340,"Lake Charles, LA",2020-03-01,7,48,13,2,70,580,32
29340,"Lake Charles, LA",2020-04-01,21,80,25,2,128,708,53
29340,"Lake Charles, LA",2020-05-01,20,100,33,3,156,864,73
29340,"Lake Charles, LA",2020-06-01,36,123,18,1,178,1042,109
29340,"Lake Charles, LA",2020-07-01,24,124,24,2,174,1216,133
29340,"Lake Charles, LA",2020-08-01,34,177,32,3,246,1462,167
29340,"Lake Charles, LA",2020-09-01,26,75,14,1,116,1578,193
29340,"Lake Charles, LA",2020-10-01,24,91,21,1,137,1715,217
29340,"Lake Charles, LA",2020-11-01,20,105,16,2,143,1858,237
29340,"Lake Charles, LA",2020-12-01,38,135,19,4,196,2054,275
29340,"Lake Charles, LA",2021-01-01,53,168,41,3,265,2319,328
29340,"Lake Charles, LA",2021-02-01,42,104,22,2,170,2489,370
29340,"Lake Charles, LA",2021-03-01,60,130,34,3,227,2716,430
29340,"Lake Charles, LA",2021-04-01,60,162,40,8,270,2986,490
29340,"Lake Charles, LA",2021-05-01,61,211,29,4,305,3291,551
29340,"Lake Charles, LA",2021-06-01,70,183,38,6,297,3588,621
29340,"Lake Charles, LA",2021-07-01,62,192,37,1,292,3880,683
29340,"Lake Charles, LA",2021-08-01,71,235,60,6,372,4252,754
29340,"Lake Charles, LA",2021-09-01,55,168,42,4,269,4521,809
29340,"Lake Charles, LA",2021-10-01,50,136,30,5,221,4742,859
29340,"Lake Charles, LA",2021-11-01,26,65,14,1,106,4848,885
29340,"Lake Charles, LA",2021-12-01,42,133,33,3,211,5059,927
29340,"Lake Charles, LA",2022-01-01,36,104,26,3,169,5228,963
29340,"Lake Charles, LA",2022-02-01,39,74,23,1,137,5365,1002
29340,"Lake Charles, LA",2022-03-01,66,150,45,2,263,5628,1068
29340,"Lake Charles, LA",2022-04-01,45,141,36,2,224,5852,1113
29340,"Lake Charles, LA",2022-05-01,60,129,30,0,219,6071,1173
29340,"Lake Charles, LA",2022-06-01,54,77,15,2,148,6219,1227
29340,"Lake Charles, LA",2022-07-01,26,91,24,2,143,6362,1253
29340,"Lake Charles, LA",2022-08-01,42,85,20,2,149,6511,1295
29340,"Lake Charles, LA",2022-09-01,56,110,40,1,207,6718,1351
29340,"Lake Charles, LA",2022-10-01,57,87,31,1,176,6894,1408
29340,"Lake Charles, LA",2022-11-01,58,101,32,2,193,7087,1466
29340,"Lake Charles, LA",2022-12-01,72,112,34,3,221,7308,1538
29340,"Lake Charles, LA",2023-01-01,69,119,38,5,231,7539,1607
29340,"Lake Charles, LA",2023-02-01,67,95,34,1,197,7736,1674
29340,"Lake Charles, LA",2023-03-01,100,130,34,7,271,8007,1774
29340,"Lake Charles, LA",2023-04-01,51,113,34,3,201,8208,1825
29340,"Lake Charles, LA",2023-05-01,38,56,15,1,110,8318,1863
29340,"Lake Charles, LA",2023-06-01,40,60,18,2,120,8438,1903
29340,"Lake Charles, LA",2023-07-01,36,41,13,1,91,8529,1939
29340,"Lake Charles, LA",2023-08-01,40,64,15,0,119,8648,1979
29340,"Lake Charles, LA",2023-09-01,66,87,29,5,187,8835,2045
29340,"Lake Charles, LA",2023-10-01,55,89,23,6,173,9008,2100
29340,"Lake Charles, LA",2023-11-01,99,145,29,2,275,9283,2199
29340,"Lake Charles, LA",2023-12-01,106,121,41,4,272,9555,2305
29340,"Lake Charles, LA",2024-01-01,100,132,49,3,284,9839,2405
29340,"Lake Charles, LA",2024-02-01,90,99,29,5,223,10062,2495
29340,"Lake Charles, LA",2024-03-01,119,134,28,2,283,10345,2614
29340,"Lake Charles, LA",2024-04-01,85,132,33,3,253,10598,2699
29340,"Lake Charles, LA",2024-05-01,79,119,37,1,236,10834,2778
29340,"Lake Charles, LA",2024-06-01,56,74,15,3,148,10982,2834
29340,"Lake Charles, LA",2024-07-01,67,76,27,2,172,11154,2901
29340,"Lake Charles, LA",2024-08-01,55,47,20,1,123,11277,2956
29340,"Lake Charles, LA",2024-09-01,79,93,27,1,200,11477,3035
29340,"Lake Charles, LA",2024-10-01,121,134,40,4,299,11776,3156
29340,"Lake Charles, LA",2024-11-01,90,118,42,5,255,12031,3246
29340,"Lake Charles, LA",2024-12-01,143,144,35,3,325,12356,3389
29340,"Lake Charles, LA",2025-01-01,87,102,32,5,226,12582,3476
29340,"Lake Charles, LA",2025-02-01,102,98,35,1,236,12818,3578
29340,"Lake Charles, LA",2025-03-01,137,113,38,3,291,13109,3715
29340,"Lake Charles, LA",2025-04-01,139,141,39,0,319,13428,3854
29340,"Lake Charles, LA",2025-05-01,137,160,45,6,348,13776,3991
29340,"Lake Charles, LA",2025-06-01,129,138,55,5,327,14103,4120
29340,"Lake Charles, LA",2025-07-01,112,101,29,3,245,14348,4232
29340,"Lake Charles, LA",2025-08-01,137,146,27,1,311,14659,4369
29340,"Lake Charles, LA",2025-09-01,4,2,1,1,8,14667,4373
11260,"Anchorage, AK",2019-01-01,0,40,7,2,49,49,0
11260,"Anchorage, AK",2019-02-01,1,49,6,0,56,105,1
11260,"Anchorage, AK",2019-03-01,1,67,18,1,87,192,2
11260,"Anchorage, AK",2019-04-01,3,85,16,1,105,297,5
11260,"Anchorage, AK",2019-05-01,4,80,23,1,108,405,9
11260,"Anchorage, AK",2019-06-01,5,78,13,1,97,502,14
11260,"Anchorage, AK",2019-07-01,7,63,8,0,78,580,21
11260,"Anchorage, AK",2019-08-01,7,58,13,1,79,659,28
11260,"Anchorage, AK",2019-09-01,3,72,11,1,87,746,31
11260,"Anchorage, AK",2019-10-01,3,48,10,2,63,809,34
11260,"Anchorage, AK",2019-11-01,11,114,24,1,150,959,45
11260,"Anchorage, AK",2019-12-01,12,121,21,0,154,1113,57
11260,"Anchorage, AK",2020-01-01,10,99,22,1,132,1245,67
11260,"Anchorage, AK",2020-02-01,14,103,19,1,137,1382,81
11260,"Anchorage, AK",2020-03-01,25,167,43,6,241,1623,106
11260,"Anchorage, AK",2020-04-01,44,207,35,6,292,1915,150
11260,"Anchorage, AK",2020-05-01,54,176,24,7,261,2176,204
11260,"Anchorage, AK",2020-06-01,36,143,29,0,208,2384,240
11260,"Anchorage, AK",2020-07-01,62,264,35,4,365,2749,302
11260,"Anchorage, AK",2020-08-01,66,349,52,7,474,3223,368
11260,"Anchorage, AK",2020-09-01,48,213,26,4,291,3514,416
11260,"Anchorage, AK",2020-10-01,54,207,35,3,299,3813,470
11260,"Anchorage, AK",2020-11-01,46,200,41,1,288,4101,516
11260,"Anchorage, AK",2020-12-01,32,108,21,1,162,4263,548
11260,"Anchorage, AK",2021-01-01,65,203,29,5,302,4565,613
11260,"Anchorage, AK",2021-02-01,38,100,16,0,154,4719,651
11260,"Anchorage, AK",2021-03-01,81,229,63,7,380,5099,732
11260,"Anchorage, AK",2021-04-01,68,197,33,6,304,5403,800
11260,"Anchorage, AK",2021-05-01,73,161,26,0,260,5663,873
11260,"Anchorage, AK",2021-06-01,66,230,39,3,338,6001,939
11260,"Anchorage, AK",2021-07-01,93,234,55,3,385,6386,1032
11260,"Anchorage, AK",2021-08-01,87,221,35,6,349,6735,1119
11260,"Anchorage, AK",2021-09-01,53,222,39,8,322,7057,1172
11260,"Anchorage, AK",2021-10-01,50,162,36,4,252,7309,1222
11260,"Anchorage, AK",2021-11-01,85,238,48,4,375,7684,1307
11260,"Anchorage, AK",2021-12-01,77,265,49,8,399,8083,1384
11260,"Anchorage, AK",2022-01-01,115,257,61,4,437,8520,1499
11260,"Anchorage, AK",2022-02-01,87,212,34,2,335,8855,1586
11260,"Anchorage, AK",2022-03-01,80,219,20,7,326,9181,1666
11260,"Anchorage, AK",2022-04-01,37,85,18,1,141,9322,1703
11260,"Anchorage, AK",2022-05-01,72,132,30,2,236,9558,1775
11260,"Anchorage, AK",2022-06-01,70,128,34,4,236,9794,1845
11260,"Anchorage, AK",2022-07-01,100,217,36,2,355,10149,1945
11260,"Anchorage, AK",2022-08-01,114,240,56,2,412,10561,2059
11260,"Anchorage, AK",2022-09-01,73,173,40,4,290,10851,2132
11260,"Anchorage, AK",2022-10-01,92,189,39,7,327,11178,2224
11260,"Anchorage, AK",2022-11-01,95,208,33,6,342,11520,2319
11260,"Anchorage, AK",2022-12-01,70,165,38,4,277,11797,2389
11260,"Anchorage, AK",2023-01-01,106,192,59,1,358,12155,2495
11260,"Anchorage, AK",2023-02-01,74,147,28,4,253,12408,2569
11260,"Anchorage, AK",2023-03-01,90,170,62,5,327,12735,2659
11260,"Anchorage, AK",2023-04-01,78,178,29,3,288,13023,2737
11260,"Anchorage, AK",2023-05-01,66,95,21,2,184,13207,2803
11260,"Anchorage, AK",2023-06-01,46,59,13,0,118,13325,2849
11260,"Anchorage, AK",2023-07-01,40,64,11,1,116,13441,2889
11260,"Anchorage, AK",2023-08-01,78,146,39,4,267,13708,2967
11260,"Anchorage, AK",2023-09-01,87,123,35,3,248,13956,3054
11260,"Anchorage, AK",2023-10-01,100,143,33,6,282,14238,3154
11260,"Anchorage, AK",2023-11-01,127,148,38,5,318,14556,3281
11260,"Anchorage, AK",2023-12-01,116,170,39,4,329,14885,3397
11260,"Anchorage, AK",2024-01-01,112,156,45,1,314,15199,3509
11260,"Anchorage, AK",2024-02-01,99,126,41,4,270,15469,3608
11260,"Anchorage, AK",2024-03-01,95,133,40,3,271,15740,3703
11260,"Anchorage, AK",2024-04-01,57,62,13,2,134,15874,3760
11260,"Anchorage, AK",2024-05-01,46,50,13,0,109,15983,3806
11260,"Anchorage, AK",2024-06-01,93,101,29,5,228,16211,3899
11260,"Anchorage, AK",2024-07-01,110,130,30,3,273,16484,4009
11260,"Anchorage, AK",2024-08-01,90,129,27,7,253,16737,4099
11260,"Anchorage, AK",2024-09-01,75,80,33,1,189,16926,4174
11260,"Anchorage, AK",2024-10-01,112,107,17,1,237,17163,4286
11260,"Anchorage, AK",2024-11-01,111,129,42,4,286,17449,4397
11260,"Anchorage, AK",2024-12-01,112,128,34,4,278,17727,4509
11260,"Anchorage, AK",2025-01-01,127,144,28,1,300,18027,4636
11260,"Anchorage, AK",2025-02-01,102,113,30,4,249,18276,4738
11260,"Anchorage, AK",2025-03-01,92,96,35,3,226,18502,4830
11260,"Anchorage, AK",2025-04-01,120,122,35,6,283,18785,4950
11260,"Anchorage, AK",2025-05-01,134,129,28,2,293,19078,5084
11260,"Anchorage, AK",2025-06-01,143,93,29,3,268,19346,5227
11260,"Anchorage, AK",2025-07-01,139,99,21,1,260,19606,5366
11260,"Anchorage, AK",2025-08-01,113,105,22,0,240,19846,5479
11260,"Anchorage, AK",2025-09-01,5,2,0,0,7,19853,5484
32740,"Meadville, PA",2019-01-01,0,1,1,0,2,2,0
32740,"Meadville, PA",2019-02-01,0,2,0,0,2,4,0
32740,"Meadville, PA",2019-03-01,0,1,1,0,2,6,0
32740,"Meadville, PA",2019-04-01,0,2,1,0,3,9,0
32740,"Meadville, PA",2019-05-01,0,2,3,0,5,14,0
32740,"Meadville, PA",2019-06-01,0,1,1,0,2,16,0
32740,"Meadville, PA",2019-07-01,1,5,0,0,6,22,1
32740,"Meadville, PA",2019-08-01,1,4,0,0,5,27,2
32740,"Meadville, PA",2019-09-01,0,1,1,0,2,29,2
32740,"Meadville, PA",2019-10-01,0,4,0,0,4,33,2
32740,"Meadville, PA",2019-11-01,0,2,0,0,2,35,2
32740,"Meadville, PA",2019-12-01,1,5,0,0,6,41,3
32740,"Meadville, PA",2020-01-01,2,1,1,0,4,45,5
32740,"Meadville, PA",2020-02-01,4,10,5,1,20,65,9
32740,"Meadville, PA",2020-03-01,1,20,4,1,26,91,10
32740,"Meadville, PA",2020-04-01,3,28,4,0,35,126,13
32740,"Meadville, PA",2020-05-01,9,23,7,1,40,166,22
32740,"Meadville, PA",2020-06-01,5,25,5,1,36,202,27
32740,"Meadville, PA",2020-07-01,5,16,3,0,24,226,32
32740,"Meadville, PA",2020-08-01,2,30,5,0,37,263,34
32740,"Meadville, PA",2020-09-01,5,18,8,1,32,295,39
32740,"Meadville, PA",2020-10-01,3,18,5,0,26,321,42
32740,"Meadville, PA",2020-11-01,5,16,3,0,24,345,47
32740,"Meadville, PA",2020-12-01,5,21,5,0,31,376,52
32740,"Meadville, PA",2021-01-01,6,15,5,0,26,402,58
32740,"Meadville, PA",2021-02-01,14,23,4,1,42,444,72
32740,"Meadville, PA",2021-03-01,14,17,9,0,40,484,86
32740,"Meadville, PA",2021-04-01,9,15,9,0,33,517,95
32740,"Meadville, PA",2021-05-01,11,26,6,1,44,561,106
32740,"Meadville, PA",2021-06-01,10,22,4,1,37,598,116
32740,"Meadville, PA",2021-07-01,5,17,9,0,31,629,121
32740,"Meadville, PA",2021-08-01,5,26,6,0,37,666,126
32740,"Meadville, PA",2021-09-01,8,20,4,0,32,698,134
32740,"Meadville, PA",2021-10-01,17,21,8,0,46,744,151
32740,"Meadville, PA",2021-11-01,6,25,9,1,41,785,157
32740,"Meadville, PA",2021-12-01,13,15,8,1,37,822,170
32740,"Meadville, PA",2022-01-01,17,22,3,1,43,865,187
32740,"Meadville, PA",2022-02-01,12,14,6,1,33,898,199
32740,"Meadville, PA",2022-03-01,7,19,9,1,36,934,206
32740,"Meadville, PA",2022-04-01,8,22,6,0,36,970,214
32740,"Meadville, PA",2022-05-01,6,21,6,0,33,1003,220
32740,"Meadville, PA",2022-06-01,15,12,5,0,32,1035,235
32740,"Meadville, PA",2022-07-01,10,9,3,1,23,1058,245
32740,"Meadville, PA",2022-08-01,8,12,3,0,23,1081,253
32740,"Meadville, PA",2022-09-01,11,16,4,2,33,1114,264
32740,"Meadville, PA",2022-10-01,9,15,4,0,28,1142,273
32740,"Meadville, PA",2022-11-01,16,20,4,0,40,1182,289
32740,"Meadville, PA",2022-12-01,10,10,7,0,27,1209,299
32740,"Meadville, PA",2023-01-01,7,21,10,0,38,1247,306
32740,"Meadville, PA",2023-02-01,5,14,4,2,25,1272,311
32740,"Meadville, PA",2023-03-01,15,22,6,1,44,1316,326
32740,"Meadville, PA",2023-04-01,10,19,4,0,33,1349,336
32740,"Meadville, PA",2023-05-01,8,9,5,0,22,1371,344
32740,"Meadville, PA",2023-06-01,7,12,7,0,26,1397,351
32740,"Meadville, PA",2023-07-01,6,18,0,0,24,1421,357
32740,"Meadville, PA",2023-08-01,7,20,6,0,33,1454,364
32740,"Meadville, PA",2023-09-01,10,19,4,0,33,1487,374
32740,"Meadville, PA",2023-10-01,17,15,2,1,35,1522,391
32740,"Meadville, PA",2023-11-01,11,13,3,2,29,1551,402
32740,"Meadville, PA",2023-12-01,21,18,5,0,44,1595,423
32740,"Meadville, PA",2024-01-01,17,29,4,0,50,1645,440
32740,"Meadville, PA",2024-02-01,23,13,5,1,42,1687,463
32740,"Meadville, PA",2024-03-01,15,19,5,0,39,1726,478
32740,"Meadville, PA",2024-04-01,15,14,10,1,40,1766,493
32740,"Meadville, PA",2024-05-01,15,10,4,0,29,1795,508
32740,"Meadville, PA",2024-06-01,22,13,5,1,41,1836,530
32740,"Meadville, PA",2024-07-01,13,10,3,0,26,1862,543
32740,"Meadville, PA",2024-08-01,18,16,2,1,37,1899,561
32740,"Meadville, PA",2024-09-01,11,9,6,0,26,1925,572
32740,"Meadville, PA",2024-10-01,15,11,6,0,32,1957,587
32740,"Meadville, PA",2024-11-01,18,23,3,0,44,2001,605
32740,"Meadville, PA",2024-12-01,21,18,3,0,42,2043,626
32740,"Meadville, PA",2025-01-01,19,16,5,1,41,2084,645
32740,"Meadville, PA",2025-02-01,14,20,4,0,38,2122,659
32740,"Meadville, PA",2025-03-01,21,20,7,1,49,2171,680
32740,"Meadville, PA",2025-04-01,18,19,3,3,43,2214,698
32740,"Meadville, PA",2025-05-01,27,17,2,0,46,2260,725
32740,"Meadville, PA",2025-06-01,19,24,5,0,48,2308,744
32740,"Meadville, PA",2025-07-01,19,17,5,0,41,2349,763
32740,"Meadville, PA",2025-08-01,13,19,7,0,39,2388,776
32740,"Meadville, PA",2025-09-01,1,0,0,0,1,2389,777
17140,"Cincinnati, OH-KY-IN",2019-01-01,14,514,133,7,668,668,14
17140,"Cincinnati, OH-KY-IN",2019-02-01,24,301,82,6,413,1081,38
17140,"Cincinnati, OH-KY-IN",2019-03-01,38,522,133,13,706,1787,76
17140,"Cincinnati, OH-KY-IN",2019-04-01,40,716,146,15,917,2704,116
17140,"Cincinnati, OH-KY-IN",2019-05-01,44,788,139,19,990,3694,160
17140,"Cincinnati, OH-KY-IN",2019-06-01,41,573,130,11,755,4449,201
17140,"Cincinnati, OH-KY-IN",2019-07-01,89,755,174,17,1035,5484,290
17140,"Cincinnati, OH-KY-IN",2019-08-01,54,649,176,13,892,6376,344
17140,"Cincinnati, OH-KY-IN",2019-09-01,53,597,122,15,787,7163,397
17140,"Cincinnati, OH-KY-IN",2019-10-01,58,537,128,10,733,7896,455
17140,"Cincinnati, OH-KY-IN",2019-11-01,72,515,86,6,679,8575,527
17140,"Cincinnati, OH-KY-IN",2019-12-01,81,419,84,10,594,9169,608
17140,"Cincinnati, OH-KY-IN",2020-01-01,110,494,117,6,727,9896,718
17140,"Cincinnati, OH-KY-IN",2020-02-01,128,537,139,8,812,10708,846
17140,"Cincinnati, OH-KY-IN",2020-03-01,122,570,131,10,833,11541,968
17140,"Cincinnati, OH-KY-IN",2020-04-01,535,1275,302,33,2145,13686,1503
17140,"Cincinnati, OH-KY-IN",2020-05-01,1034,1948,351,35,3368,17054,2537
17140,"Cincinnati, OH-KY-IN",2020-06-01,502,1302,223,15,2042,19096,3039
17140,"Cincinnati, OH-KY-IN",2020-07-01,495,1446,253,24,2218,21314,3534
17140,"Cincinnati, OH-KY-IN",2020-08-01,408,1494,322,28,2252,23566,3942
17140,"Cincinnati, OH-KY-IN",2020-09-01,382,1315,282,32,2011,25577,4324
17140,"Cincinnati, OH-KY-IN",2020-10-01,350,1161,246,34,1791,27368,4674
17140,"Cincinnati, OH-KY-IN",2020-11-01,208,690,138,6,1042,28410,4882
17140,"Cincinnati, OH-KY-IN",2020-12-01,356,734,155,13,1258,29668,5238
17140,"Cincinnati, OH-KY-IN",2021-01-01,681,1441,322,35,2479,32147,5919
17140,"Cincinnati, OH-KY-IN",2021-02-01,516,1134,287,29,1966,34113,6435
17140,"Cincinnati, OH-KY-IN",2021-03-01,536,1192,288,33,2049,36162,6971
17140,"Cincinnati, OH-KY-IN",2021-04-01,501,1251,299,40,2091,38253,7472
17140,"Cincinnati, OH-KY-IN",2021-05-01,583,1265,251,28,2127,40380,8055
17140,"Cincinnati, OH-KY-IN",2021-06-01,505,1340,298,48,2191,42571,8560
17140,"Cincinnati, OH-KY-IN",2021-07-01,316,941,242,20,1519,44090,8876
17140,"Cincinnati, OH-KY-IN",2021-08-01,282,945,241,33,1501,45591,9158
17140,"Cincinnati, OH-KY-IN",2021-09-01,384,1396,361,59,2200,47791,9542
17140,"Cincinnati, OH-KY-IN",2021-10-01,320,834,264,21,1439,49230,9862
17140,"Cincinnati, OH-KY-IN",2021-11-01,365,871,258,21,1515,50745,10227
17140,"Cincinnati, OH-KY-IN",2021-12-01,641,1038,266,38,1983,52728,10868
17140,"Cincinnati, OH-KY-IN",2022-01-01,734,1425,402,48,2609,55337,11602
17140,"Cincinnati, OH-KY-IN",2022-02-01,442,992,278,41,1753,57090,12044
17140,"Cincinnati, OH-KY-IN",2022-03-01,542,1051,308,29,1930,59020,12586
17140,"Cincinnati, OH-KY-IN",2022-04-01,469,1064,316,32,1881,60901,13055
17140,"Cincinnati, OH-KY-IN",2022-05-01,256,494,141,8,899,61800,13311
17140,"Cincinnati, OH-KY-IN",2022-06-01,302,554,198,16,1070,62870,13613
17140,"Cincinnati, OH-KY-IN",2022-07-01,234,475,147,12,868,63738,13847
17140,"Cincinnati, OH-KY-IN",2022-08-01,202,472,146,16,836,64574,14049
17140,"Cincinnati, OH-KY-IN",2022-09-01,326,701,205,27,1259,65833,14375
17140,"Cincinnati, OH-KY-IN",2022-10-01,304,601,192,29,1126,66959,14679
17140,"Cincinnati, OH-KY-IN",2022-11-01,469,885,235,33,1622,68581,15148
17140,"Cincinnati, OH-KY-IN",2022-12-01,543,790,224,43,1600,70181,15691
17140,"Cincinnati, OH-KY-IN",2023-01-01,502,912,296,31,1741,71922,16193
17140,"Cincinnati, OH-KY-IN",2023-02-01,447,716,242,30,1435,73357,16640
17140,"Cincinnati, OH-KY-IN",2023-03-01,604,842,275,41,1762,75119,17244
17140,"Cincinnati, OH-KY-IN",2023-04-01,408,749,195,32,1384,76503,17652
17140,"Cincinnati, OH-KY-IN",2023-05-01,275,439,120,12,846,77349,17927
17140,"Cincinnati, OH-KY-IN",2023-06-01,168,343,84,7,602,77951,18095
17140,"Cincinnati, OH-KY-IN",2023-07-01,182,365,99,20,666,78617,18277
17140,"Cincinnati, OH-KY-IN",2023-08-01,254,589,155,13,1011,79628,18531
17140,"Cincinnati, OH-KY-IN",2023-09-01,403,806,224,22,1455,81083,18934
17140,"Cincinnati, OH-KY-IN",2023-10-01,506,881,295,26,1708,82791,19440
17140,"Cincinnati, OH-KY-IN",2023-11-01,546,868,291,28,1733,84524,19986
17140,"Cincinnati, OH-KY-IN",2023-12-01,676,811,248,34,1769,86293,20662
17140,"Cincinnati, OH-KY-IN",2024-01-01,662,895,274,40,1871,88164,21324
17140,"Cincinnati, OH-KY-IN",2024-02-01,572,745,265,30,1612,89776,21896
17140,"Cincinnati, OH-KY-IN",2024-03-01,573,794,215,22,1604,91380,22469
17140,"Cincinnati, OH-KY-IN",2024-04-01,517,729,198,17,1461,92841,22986
17140,"Cincinnati, OH-KY-IN",2024-05-01,687,902,250,31,1870,94711,23673
17140,"Cincinnati, OH-KY-IN",2024-06-01,575,870,183,23,1651,96362,24248
17140,"Cincinnati, OH-KY-IN",2024-07-01,497,782,219,22,1520,97882,24745
17140,"Cincinnati, OH-KY-IN",2024-08-01,418,801,198,26,1443,99325,25163
17140,"Cincinnati, OH-KY-IN",2024-09-01,515,824,204,29,1572,100897,25678
17140,"Cincinnati, OH-KY-IN",2024-10-01,606,847,237,20,1710,102607,26284
17140,"Cincinnati, OH-KY-IN",2024-11-01,672,783,234,19,1708,104315,26956
17140,"Cincinnati, OH-KY-IN",2024-12-01,800,785,241,33,1859,106174,27756
17140,"Cincinnati, OH-KY-IN",2025-01-01,721,761,231,17,1730,107904,28477
17140,"Cincinnati, OH-KY-IN",2025-02-01,687,675,230,19,1611,109515,29164
17140,"Cincinnati, OH-KY-IN",2025-03-01,741,828,247,29,1845,111360,29905
17140,"Cincinnati, OH-KY-IN",2025-04-01,782,831,224,33,1870,113230,30687
17140,"Cincinnati, OH-KY-IN",2025-05-01,823,809,197,23,1852,115082,31510
17140,"Cincinnati, OH-KY-IN",2025-06-01,850,803,246,31,1930,117012,32360
17140,"Cincinnati, OH-KY-IN",2025-07-01,709,806,282,39,1836,118848,33069
17140,"Cincinnati, OH-KY-IN",2025-08-01,604,631,211,33,1479,120327,33673
17140,"Cincinnati, OH-KY-IN",2025-09-01,11,16,5,0,32,120359,33684
38740,"Poplar Bluff, MO",2019-01-01,0,7,7,0,14,14,0
38740,"Poplar Bluff, MO",2019-02-01,0,12,5,0,17,31,0
38740,"Poplar Bluff, MO",2019-03-01,0,9,5,0,14,45,0
38740,"Poplar Bluff, MO",2019-04-01,0,2,1,0,3,48,0
38740,"Poplar Bluff, MO",2019-05-01,0,1,2,0,3,51,0
38740,"Poplar Bluff, MO",2019-08-01,0,3,1,0,4,55,0
38740,"Poplar Bluff, MO",2019-09-01,1,0,2,0,3,58,1
38740,"Poplar Bluff, MO",2019-10-01,0,2,0,0,2,60,1
38740,"Poplar Bluff, MO",2019-11-01,1,1,1,0,3,63,2
38740,"Poplar Bluff, MO",2019-12-01,0,6,2,0,8,71,2
38740,"Poplar Bluff, MO",2020-01-01,0,3,1,0,4,75,2
38740,"Poplar Bluff, MO",2020-02-01,0,0,1,0,1,76,2
38740,"Poplar Bluff, MO",2020-03-01,0,2,3,0,5,81,2
38740,"Poplar Bluff, MO",2020-04-01,0,7,0,0,7,88,2
38740,"Poplar Bluff, MO",2020-05-01,2,5,2,0,9,97,4
38740,"Poplar Bluff, MO",2020-06-01,0,8,1,0,9,106,4
38740,"Poplar Bluff, MO",2020-07-01,0,6,1,1,8,114,4
38740,"Poplar Bluff, MO",2020-08-01,0,9,1,0,10,124,4
38740,"Poplar Bluff, MO",2020-09-01,1,8,4,1,14,138,5
38740,"Poplar Bluff, MO",2020-10-01,3,12,4,0,19,157,8
38740,"Poplar Bluff, MO",2020-11-01,4,16,6,0,26,183,12
38740,"Poplar Bluff, MO",2020-12-01,7,18,6,0,31,214,19
38740,"Poplar Bluff, MO",2021-01-01,8,30,14,3,55,269,27
38740,"Poplar Bluff, MO",2021-02-01,7,21,8,0,36,305,34
38740,"Poplar Bluff, MO",2021-03-01,8,24,6,0,38,343,42
38740,"Poplar Bluff, MO",2021-04-01,8,37,7,1,53,396,50
38740,"Poplar Bluff, MO",2021-05-01,14,36,6,0,56,452,64
38740,"Poplar Bluff, MO",2021-06-01,17,30,11,0,58,510,81
38740,"Poplar Bluff, MO",2021-07-01,10,46,4,0,60,570,91
38740,"Poplar Bluff, MO",2021-08-01,10,42,8,0,60,630,101
38740,"Poplar Bluff, MO",2021-09-01,9,38,9,0,56,686,110
38740,"Poplar Bluff, MO",2021-10-01,10,26,9,1,46,732,120
38740,"Poplar Bluff, MO",2021-11-01,7,38,11,0,56,788,127
38740,"Poplar Bluff, MO",2021-12-01,17,29,9,4,59,847,144
38740,"Poplar Bluff, MO",2022-01-01,23,47,20,1,91,938,167
38740,"Poplar Bluff, MO",2022-02-01,14,35,13,0,62,1000,181
38740,"Poplar Bluff, MO",2022-03-01,16,37,8,2,63,1063,197
38740,"Poplar Bluff, MO",2022-04-01,14,34,11,0,59,1122,211
38740,"Poplar Bluff, MO",2022-05-01,15,51,6,0,72,1194,226
38740,"Poplar Bluff, MO",2022-06-01,14,31,7,1,53,1247,240
38740,"Poplar Bluff, MO",2022-07-01,15,42,7,1,65,1312,255
38740,"Poplar Bluff, MO",2022-08-01,18,43,8,0,69,1381,273
38740,"Poplar Bluff, MO",2022-09-01,10,28,4,1,43,1424,283
38740,"Poplar Bluff, MO",2022-10-01,12,35,6,1,54,1478,295
38740,"Poplar Bluff, MO",2022-11-01,14,34,14,2,64,1542,309
38740,"Poplar Bluff, MO",2022-12-01,22,23,8,2,55,1597,331
38740,"Poplar Bluff, MO",2023-01-01,10,28,14,1,53,1650,341
38740,"Poplar Bluff, MO",2023-02-01,8,28,8,2,46,1696,349
38740,"Poplar Bluff, MO",2023-03-01,15,49,8,1,73,1769,364
38740,"Poplar Bluff, MO",2023-04-01,19,17,7,0,43,1812,383
38740,"Poplar Bluff, MO",2023-05-01,11,21,4,1,37,1849,394
38740,"Poplar Bluff, MO",2023-06-01,12,21,9,2,44,1893,406
38740,"Poplar Bluff, MO",2023-07-01,14,23,12,2,51,1944,420
38740,"Poplar Bluff, MO",2023-08-01,9,15,6,0,30,1974,429
38740,"Poplar Bluff, MO",2023-09-01,6,23,6,0,35,2009,435
38740,"Poplar Bluff, MO",2023-10-01,16,25,12,0,53,2062,451
38740,"Poplar Bluff, MO",2023-11-01,10,27,10,0,47,2109,461
38740,"Poplar Bluff, MO",2023-12-01,16,27,6,2,51,2160,477
38740,"Poplar Bluff, MO",2024-01-01,21,32,9,0,62,2222,498
38740,"Poplar Bluff, MO",2024-02-01,23,23,4,0,50,2272,521
38740,"Poplar Bluff, MO",2024-03-01,8,28,6,3,45,2317,529
38740,"Poplar Bluff, MO",2024-04-01,16,27,4,1,48,2365,545
38740,"Poplar Bluff, MO",2024-05-01,13,18,3,1,35,2400,558
38740,"Poplar Bluff, MO",2024-06-01,14,14,6,0,34,2434,572
38740,"Poplar Bluff, MO",2024-07-01,2,8,3,1,14,2448,574
38740,"Poplar Bluff, MO",2024-08-01,9,18,6,1,34,2482,583
38740,"Poplar Bluff, MO",2024-09-01,10,13,4,0,27,2509,593
38740,"Poplar Bluff, MO",2024-10-01,20,28,12,1,61,2570,613
38740,"Poplar Bluff, MO",2024-11-01,23,23,8,0,54,2624,636
38740,"Poplar Bluff, MO",2024-12-01,25,31,9,2,67,2691,661
38740,"Poplar Bluff, MO",2025-01-01,14,14,8,0,36,2727,675
38740,"Poplar Bluff, MO",2025-02-01,19,27,10,1,57,2784,694
38740,"Poplar Bluff, MO",2025-03-01,29,32,14,4,79,2863,723
38740,"Poplar Bluff, MO",2025-04-01,28,36,4,2,70,2933,751
38740,"Poplar Bluff, MO",2025-05-01,26,27,8,2,63,2996,777
38740,"Poplar Bluff, MO",2025-06-01,16,26,6,0,48,3044,793
38740,"Poplar Bluff, MO",2025-07-01,28,23,10,0,61,3105,821
38740,"Poplar Bluff, MO",2025-08-01,26,30,8,1,65,3170,847
38740,"Poplar Bluff, MO",2025-09-01,0,1,0,0,1,3171,847
23380,"Fremont, OH",2019-01-01,0,3,1,0,4,4,0
23380,"Fremont, OH",2019-02-01,0,5,2,0,7,11,0
23380,"Fremont, OH",2019-03-01,0,8,1,2,11,22,0
23380,"Fremont, OH",2019-04-01,0,3,4,1,8,30,0
23380,"Fremont, OH",2019-05-01,0,5,2,2,9,39,0
23380,"Fremont, OH",2019-06-01,0,14,4,0,18,57,0
23380,"Fremont, OH",2019-07-01,2,8,5,0,15,72,2
23380,"Fremont, OH",2019-08-01,1,13,3,1,18,90,3
23380,"Fremont, OH",2019-09-01,1,16,8,0,25,115,4
23380,"Fremont, OH",2019-10-01,0,12,3,0,15,130,4
23380,"Fremont, OH",2019-11-01,0,17,3,0,20,150,4
23380,"Fremont, OH",2019-12-01,0,11,3,0,14,164,4
23380,"Fremont, OH",2020-01-01,2,15,6,0,23,187,6
23380,"Fremont, OH",2020-02-01,1,19,7,0,27,214,7
23380,"Fremont, OH",2020-03-01,2,14,5,0,21,235,9
23380,"Fremont, OH",2020-04-01,4,18,7,1,30,265,13
23380,"Fremont, OH",2020-05-01,8,33,5,1,47,312,21
23380,"Fremont, OH",2020-06-01,10,23,5,0,38,350,31
23380,"Fremont, OH",2020-07-01,9,15,3,1,28,378,40
23380,"Fremont, OH",2020-08-01,12,24,5,0,41,419,52
23380,"Fremont, OH",2020-09-01,6,19,0,1,26,445,58
23380,"Fremont, OH",2020-10-01,11,11,7,1,30,475,69
23380,"Fremont, OH",2020-11-01,6,12,3,0,21,496,75
23380,"Fremont, OH",2020-12-01,6,30,9,0,45,541,81
23380,"Fremont, OH",2021-01-01,11,17,9,0,37,578,92
23380,"Fremont, OH",2021-02-01,7,23,3,2,35,613,99
23380,"Fremont, OH",2021-03-01,11,22,5,0,38,651,110
23380,"Fremont, OH",2021-04-01,16,37,6,0,59,710,126
23380,"Fremont, OH",2021-05-01,15,33,10,0,58,768,141
23380,"Fremont, OH",2021-06-01,12,41,8,0,61,829,153
23380,"Fremont, OH",2021-07-01,9,24,5,3,41,870,162
23380,"Fremont, OH",2021-08-01,9,24,4,1,38,908,171
23380,"Fremont, OH",2021-09-01,5,35,7,3,50,958,176
23380,"Fremont, OH",2021-10-01,13,23,15,0,51,1009,189
23380,"Fremont, OH",2021-11-01,12,19,9,0,40,1049,201
23380,"Fremont, OH",2021-12-01,15,44,4,0,63,1112,216
23380,"Fremont, OH",2022-01-01,12,41,13,1,67,1179,228
23380,"Fremont, OH",2022-02-01,10,39,9,4,62,1241,238
23380,"Fremont, OH",2022-03-01,19,43,10,0,72,1313,257
23380,"Fremont, OH",2022-04-01,16,37,10,1,64,1377,273
23380,"Fremont, OH",2022-05-01,11,29,6,0,46,1423,284
23380,"Fremont, OH",2022-06-01,9,23,7,0,39,1462,293
23380,"Fremont, OH",2022-07-01,9,27,14,0,50,1512,302
23380,"Fremont, OH",2022-08-01,14,22,8,1,45,1557,316
23380,"Fremont, OH",2022-09-01,10,43,11,0,64,1621,326
23380,"Fremont, OH",2022-10-01,11,31,10,0,52,1673,337
23380,"Fremont, OH",2022-11-01,13,46,9,0,68,1741,350
23380,"Fremont, OH",2022-12-01,16,20,6,1,43,1784,366
23380,"Fremont, OH",2023-01-01,15,15,3,1,34,1818,381
23380,"Fremont, OH",2023-02-01,14,27,7,1,49,1867,395
23380,"Fremont, OH",2023-03-01,39,36,10,2,87,1954,434
23380,"Fremont, OH",2023-04-01,11,24,9,0,44,1998,445
23380,"Fremont, OH",2023-05-01,13,21,3,1,38,2036,458
23380,"Fremont, OH",2023-06-01,16,13,7,0,36,2072,474
23380,"Fremont, OH",2023-07-01,16,18,10,1,45,2117,490
23380,"Fremont, OH",2023-08-01,9,16,6,1,32,2149,499
23380,"Fremont, OH",2023-09-01,21,24,7,0,52,2201,520
23380,"Fremont, OH",2023-10-01,17,26,7,1,51,2252,537
23380,"Fremont, OH",2023-11-01,23,31,11,2,67,2319,560
23380,"Fremont, OH",2023-12-01,22,22,6,1,51,2370,582
23380,"Fremont, OH",2024-01-01,21,28,11,2,62,2432,603
23380,"Fremont, OH",2024-02-01,23,21,10,2,56,2488,626
23380,"Fremont, OH",2024-03-01,34,25,8,0,67,2555,660
23380,"Fremont, OH",2024-04-01,31,26,10,3,70,2625,691
23380,"Fremont, OH",2024-05-01,20,22,8,0,50,2675,711
23380,"Fremont, OH",2024-06-01,19,17,7,1,44,2719,730
23380,"Fremont, OH",2024-07-01,14,23,8,0,45,2764,744
23380,"Fremont, OH",2024-08-01,12,11,7,0,30,2794,756
23380,"Fremont, OH",2024-09-01,29,30,13,0,72,2866,785
23380,"Fremont, OH",2024-10-01,32,38,5,0,75,2941,817
23380,"Fremont, OH",2024-11-01,33,38,12,0,83,3024,850
23380,"Fremont, OH",2024-12-01,26,30,15,1,72,3096,876
23380,"Fremont, OH",2025-01-01,30,34,6,2,72,3168,906
23380,"Fremont, OH",2025-02-01,44,25,9,1,79,3247,950
23380,"Fremont, OH",2025-03-01,26,35,16,1,78,3325,976
23380,"Fremont, OH",2025-04-01,29,20,13,3,65,3390,1005
23380,"Fremont, OH",2025-05-01,24,26,10,2,62,3452,1029
23380,"Fremont, OH",2025-06-01,22,33,9,0,64,3516,1051
23380,"Fremont, OH",2025-07-01,32,36,13,0,81,3597,1083
23380,"Fremont, OH",2025-08-01,19,32,14,1,66,3663,1102
26660,"Huntsville, TX",2019-01-01,1,22,3,0,26,26,1
26660,"Huntsville, TX",2019-02-01,0,13,2,0,15,41,1
26660,"Huntsville, TX",2019-03-01,0,52,7,1,60,101,1
26660,"Huntsville, TX",2019-04-01,5,70,6,0,81,182,6
26660,"Huntsville, TX",2019-05-01,0,64,12,0,76,258,6
26660,"Huntsville, TX",2019-06-01,1,33,4,0,38,296,7
26660,"Huntsville, TX",2019-07-01,3,27,5,0,35,331,10
26660,"Huntsville, TX",2019-08-01,3,45,11,2,61,392,13
26660,"Huntsville, TX",2019-09-01,3,37,6,1,47,439,16
26660,"Huntsville, TX",2019-10-01,7,42,8,0,57,496,23
26660,"Huntsville, TX",2019-11-01,3,30,4,0,37,533,26
26660,"Huntsville, TX",2019-12-01,1,23,7,2,33,566,27
26660,"Huntsville, TX",2020-01-01,6,43,7,0,56,622,33
26660,"Huntsville, TX",2020-02-01,5,28,1,1,35,657,38
26660,"Huntsville, TX",2020-03-01,5,28,7,0,40,697,43
26660,"Huntsville, TX",2020-04-01,19,60,12,1,92,789,62
26660,"Huntsville, TX",2020-05-01,34,102,9,0,145,934,96
26660,"Huntsville, TX",2020-06-01,25,50,4,1,80,1014,121
26660,"Huntsville, TX",2020-07-01,49,92,15,0,156,1170,170
26660,"Huntsville, TX",2020-08-01,40,88,7,1,136,1306,210
26660,"Huntsville, TX",2020-09-01,72,100,7,3,182,1488,282
26660,"Huntsville, TX",2020-10-01,42,61,5,2,110,1598,324
26660,"Huntsville, TX",2020-11-01,8,22,3,2,35,1633,332
26660,"Huntsville, TX",2020-12-01,35,43,3,1,82,1715,367
26660,"Huntsville, TX",2021-01-01,110,134,22,3,269,1984,477
26660,"Huntsville, TX",2021-02-01,49,60,9,0,118,2102,526
26660,"Huntsville, TX",2021-03-01,80,121,9,4,214,2316,606
26660,"Huntsville, TX",2021-04-01,76,141,19,1,237,2553,682
26660,"Huntsville, TX",2021-05-01,61,121,23,2,207,2760,743
26660,"Huntsville, TX",2021-06-01,59,82,15,1,157,2917,802
26660,"Huntsville, TX",2021-07-01,11,33,9,0,53,2970,813
26660,"Huntsville, TX",2021-08-01,46,71,13,1,131,3101,859
26660,"Huntsville, TX",2021-09-01,49,84,16,0,149,3250,908
26660,"Huntsville, TX",2021-10-01,50,72,13,4,139,3389,958
26660,"Huntsville, TX",2021-11-01,21,29,10,1,61,3450,979
26660,"Huntsville, TX",2021-12-01,55,56,10,1,122,3572,1034
26660,"Huntsville, TX",2022-01-01,41,45,10,4,100,3672,1075
26660,"Huntsville, TX",2022-02-01,38,48,7,1,94,3766,1113
26660,"Huntsville, TX",2022-03-01,55,52,13,1,121,3887,1168
26660,"Huntsville, TX",2022-04-01,47,49,9,0,105,3992,1215
26660,"Huntsville, TX",2022-05-01,35,36,12,0,83,4075,1250
26660,"Huntsville, TX",2022-06-01,16,13,5,0,34,4109,1266
26660,"Huntsville, TX",2022-07-01,19,29,6,0,54,4163,1285
26660,"Huntsville, TX",2022-08-01,86,77,16,0,179,4342,1371
26660,"Huntsville, TX",2022-09-01,114,87,13,1,215,4557,1485
26660,"Huntsville, TX",2022-10-01,50,36,6,0,92,4649,1535
26660,"Huntsville, TX",2022-11-01,99,62,10,0,171,4820,1634
26660,"Huntsville, TX",2022-12-01,92,57,11,1,161,4981,1726
26660,"Huntsville, TX",2023-01-01,72,53,11,0,136,5117,1798
26660,"Huntsville, TX",2023-02-01,87,35,11,0,133,5250,1885
26660,"Huntsville, TX",2023-03-01,100,64,16,2,182,5432,1985
26660,"Huntsville, TX",2023-04-01,68,58,13,0,139,5571,2053
26660,"Huntsville, TX",2023-05-01,28,31,4,2,65,5636,2081
26660,"Huntsville, TX",2023-06-01,18,21,3,0,42,5678,2099
26660,"Huntsville, TX",2023-07-01,23,24,5,1,53,5731,2122
26660,"Huntsville, TX",2023-08-01,22,14,9,2,47,5778,2144
26660,"Huntsville, TX",2023-09-01,45,33,10,1,89,5867,2189
26660,"Huntsville, TX",2023-10-01,63,28,15,1,107,5974,2252
26660,"Huntsville, TX",2023-11-01,73,46,14,3,136,6110,2325
26660,"Huntsville, TX",2023-12-01,87,43,20,2,152,6262,2412
26660,"Huntsville, TX",2024-01-01,82,54,17,1,154,6416,2494
26660,"Huntsville, TX",2024-02-01,117,34,11,0,162,6578,2611
26660,"Huntsville, TX",2024-03-01,104,46,13,1,164,6742,2715
26660,"Huntsville, TX",2024-04-01,86,45,12,1,144,6886,2801
26660,"Huntsville, TX",2024-05-01,55,37,7,2,101,6987,2856
26660,"Huntsville, TX",2024-06-01,47,32,2,0,81,7068,2903
26660,"Huntsville, TX",2024-07-01,59,36,12,2,109,7177,2962
26660,"Huntsville, TX",2024-08-01,72,59,12,2,145,7322,3034
26660,"Huntsville, TX",2024-09-01,103,65,13,4,185,7507,3137
26660,"Huntsville, TX",2024-10-01,111,56,13,0,180,7687,3248
26660,"Huntsville, TX",2024-11-01,90,48,12,3,153,7840,3338
26660,"Huntsville, TX",2024-12-01,70,40,19,1,130,7970,3408
26660,"Huntsville, TX",2025-01-01,68,55,19,4,146,8116,3476
26660,"Huntsville, TX",2025-02-01,86,47,18,0,151,8267,3562
26660,"Huntsville, TX",2025-03-01,87,46,11,1,145,8412,3649
26660,"Huntsville, TX",2025-04-01,90,41,9,1,141,8553,3739
26660,"Huntsville, TX",2025-05-01,82,66,20,2,170,8723,3821
26660,"Huntsville, TX",2025-06-01,60,52,19,2,133,8856,3881
26660,"Huntsville, TX",2025-07-01,65,36,20,0,121,8977,3946
26660,"Huntsville, TX",2025-08-01,58,38,15,3,114,9091,4004
26660,"Huntsville, TX",2025-09-01,1,2,1,0,4,9095,4005
42340,"Savannah, GA",2019-01-01,2,114,52,9,177,177,2
42340,"Savannah, GA",2019-02-01,3,125,62,4,194,371,5
42340,"Savannah, GA",2019-03-01,4,158,56,4,222,593,9
42340,"Savannah, GA",2019-04-01,5,218,86,9,318,911,14
42340,"Savannah, GA",2019-05-01,5,194,56,6,261,1172,19
42340,"Savannah, GA",2019-06-01,9,150,55,9,223,1395,28
42340,"Savannah, GA",2019-07-01,8,152,52,11,223,1618,36
42340,"Savannah, GA",2019-08-01,13,217,76,10,316,1934,49
42340,"Savannah, GA",2019-09-01,8,188,70,8,274,2208,57
42340,"Savannah, GA",2019-10-01,17,169,65,5,256,2464,74
42340,"Savannah, GA",2019-11-01,13,167,62,6,248,2712,87
42340,"Savannah, GA",2019-12-01,10,161,54,6,231,2943,97
42340,"Savannah, GA",2020-01-01,13,225,78,12,328,3271,110
42340,"Savannah, GA",2020-02-01,30,182,64,7,283,3554,140
42340,"Savannah, GA",2020-03-01,32,251,117,17,417,3971,172
42340,"Savannah, GA",2020-04-01,45,368,167,26,606,4577,217
42340,"Savannah, GA",2020-05-01,120,608,188,29,945,5522,337
42340,"Savannah, GA",2020-06-01,100,449,140,19,708,6230,437
42340,"Savannah, GA",2020-07-01,135,610,199,35,979,7209,572
42340,"Savannah, GA",2020-08-01,164,920,236,42,1362,8571,736
42340,"Savannah, GA",2020-09-01,147,709,187,32,1075,9646,883
42340,"Savannah, GA",2020-10-01,73,395,136,18,622,10268,956
42340,"Savannah, GA",2020-11-01,51,304,101,18,474,10742,1007
42340,"Savannah, GA",2020-12-01,103,412,136,23,674,11416,1110
42340,"Savannah, GA",2021-01-01,208,742,235,35,1220,12636,1318
42340,"Savannah, GA",2021-02-01,161,646,208,33,1048,13684,1479
42340,"Savannah, GA",2021-03-01,217,765,242,50,1274,14958,1696
42340,"Savannah, GA",2021-04-01,224,918,231,49,1422,16380,1920
42340,"Savannah, GA",2021-05-01,236,967,305,38,1546,17926,2156
42340,"Savannah, GA",2021-06-01,186,844,243,50,1323,19249,2342
42340,"Savannah, GA",2021-07-01,157,587,181,30,955,20204,2499
42340,"Savannah, GA",2021-08-01,200,782,260,57,1299,21503,2699
42340,"Savannah, GA",2021-09-01,171,867,344,61,1443,22946,2870
42340,"Savannah, GA",2021-10-01,147,595,242,43,1027,23973,3017
42340,"Savannah, GA",2021-11-01,198,668,220,39,1125,25098,3215
42340,"Savannah, GA",2021-12-01,212,692,264,43,1211,26309,3427
42340,"Savannah, GA",2022-01-01,235,821,365,71,1492,27801,3662
42340,"Savannah, GA",2022-02-01,176,536,242,43,997,28798,3838
42340,"Savannah, GA",2022-03-01,240,834,318,52,1444,30242,4078
42340,"Savannah, GA",2022-04-01,191,754,302,72,1319,31561,4269
42340,"Savannah, GA",2022-05-01,214,728,288,25,1255,32816,4483
42340,"Savannah, GA",2022-06-01,193,639,231,34,1097,33913,4676
42340,"Savannah, GA",2022-07-01,164,507,234,34,939,34852,4840
42340,"Savannah, GA",2022-08-01,166,703,312,41,1222,36074,5006
42340,"Savannah, GA",2022-09-01,156,696,295,50,1197,37271,5162
42340,"Savannah, GA",2022-10-01,217,774,334,61,1386,38657,5379
42340,"Savannah, GA",2022-11-01,234,746,333,67,1380,40037,5613
42340,"Savannah, GA",2022-12-01,239,681,304,60,1284,41321,5852
42340,"Savannah, GA",2023-01-01,195,647,316,53,1211,42532,6047
42340,"Savannah, GA",2023-02-01,184,623,283,52,1142,43674,6231
42340,"Savannah, GA",2023-03-01,310,846,379,56,1591,45265,6541
42340,"Savannah, GA",2023-04-01,215,641,276,39,1171,46436,6756
42340,"Savannah, GA",2023-05-01,169,473,178,19,839,47275,6925
42340,"Savannah, GA",2023-06-01,130,362,137,18,647,47922,7055
42340,"Savannah, GA",2023-07-01,140,398,148,21,707,48629,7195
42340,"Savannah, GA",2023-08-01,188,562,231,30,1011,49640,7383
42340,"Savannah, GA",2023-09-01,186,640,260,34,1120,50760,7569
42340,"Savannah, GA",2023-10-01,252,680,249,27,1208,51968,7821
42340,"Savannah, GA",2023-11-01,242,613,240,31,1126,53094,8063
42340,"Savannah, GA",2023-12-01,258,640,221,40,1159,54253,8321
42340,"Savannah, GA",2024-01-01,244,613,251,30,1138,55391,8565
42340,"Savannah, GA",2024-02-01,247,559,198,25,1029,56420,8812
42340,"Savannah, GA",2024-03-01,316,533,194,25,1068,57488,9128
42340,"Savannah, GA",2024-04-01,265,514,153,16,948,58436,9393
42340,"Savannah, GA",2024-05-01,264,500,159,19,942,59378,9657
42340,"Savannah, GA",2024-06-01,245,509,135,23,912,60290,9902
42340,"Savannah, GA",2024-07-01,204,422,113,9,748,61038,10106
42340,"Savannah, GA",2024-08-01,216,467,113,14,810,61848,10322
42340,"Savannah, GA",2024-09-01,199,420,151,15,785,62633,10521
42340,"Savannah, GA",2024-10-01,238,430,111,16,795,63428,10759
42340,"Savannah, GA",2024-11-01,213,409,89,8,719,64147,10972
42340,"Savannah, GA",2024-12-01,260,379,93,8,740,64887,11232
42340,"Savannah, GA",2025-01-01,218,337,103,6,664,65551,11450
42340,"Savannah, GA",2025-02-01,194,279,87,15,575,66126,11644
42340,"Savannah, GA",2025-03-01,228,330,103,11,672,66798,11872
42340,"Savannah, GA",2025-04-01,244,312,91,20,667,67465,12116
42340,"Savannah, GA",2025-05-01,221,345,114,7,687,68152,12337
42340,"Savannah, GA",2025-06-01,223,323,93,14,653,68805,12560
42340,"Savannah, GA",2025-07-01,188,279,87,9,563,69368,12748
42340,"Savannah, GA",2025-08-01,148,250,71,10,479,69847,12896
42340,"Savannah, GA",2025-09-01,4,8,1,0,13,69860,12900
40060,"Richmond, VA",2019-01-01,5,190,55,3,253,253,5
40060,"Richmond, VA",2019-02-01,8,209,66,8,291,544,13
40060,"Richmond, VA",2019-03-01,21,290,62,6,379,923,34
40060,"Richmond, VA",2019-04-01,18,335,68,3,424,1347,52
40060,"Richmond, VA",2019-05-01,25,412,78,2,517,1864,77
40060,"Richmond, VA",2019-06-01,15,181,35,1,232,2096,92
40060,"Richmond, VA",2019-07-01,26,257,54,6,343,2439,118
40060,"Richmond, VA",2019-08-01,12,153,36,8,209,2648,130
40060,"Richmond, VA",2019-09-01,23,267,61,6,357,3005,153
40060,"Richmond, VA",2019-10-01,31,267,70,5,373,3378,184
40060,"Richmond, VA",2019-11-01,33,322,53,5,413,3791,217
40060,"Richmond, VA",2019-12-01,13,212,41,7,273,4064,230
40060,"Richmond, VA",2020-01-01,37,289,63,8,397,4461,267
40060,"Richmond, VA",2020-02-01,41,260,50,5,356,4817,308
40060,"Richmond, VA",2020-03-01,59,311,70,7,447,5264,367
40060,"Richmond, VA",2020-04-01,300,786,190,17,1293,6557,667
40060,"Richmond, VA",2020-05-01,638,1276,216,18,2148,8705,1305
40060,"Richmond, VA",2020-06-01,429,920,149,12,1510,10215,1734
40060,"Richmond, VA",2020-07-01,416,1075,194,19,1704,11919,2150
40060,"Richmond, VA",2020-08-01,317,1081,210,18,1626,13545,2467
40060,"Richmond, VA",2020-09-01,275,1011,193,18,1497,15042,2742
40060,"Richmond, VA",2020-10-01,203,813,158,17,1191,16233,2945
40060,"Richmond, VA",2020-11-01,199,584,113,18,914,17147,3144
40060,"Richmond, VA",2020-12-01,119,288,56,6,469,17616,3263
40060,"Richmond, VA",2021-01-01,408,852,204,23,1487,19103,3671
40060,"Richmond, VA",2021-02-01,343,807,193,19,1362,20465,4014
40060,"Richmond, VA",2021-03-01,371,865,196,15,1447,21912,4385
40060,"Richmond, VA",2021-04-01,338,964,230,18,1550,23462,4723
40060,"Richmond, VA",2021-05-01,473,1186,247,26,1932,25394,5196
40060,"Richmond, VA",2021-06-01,329,880,211,21,1441,26835,5525
40060,"Richmond, VA",2021-07-01,286,853,200,19,1358,28193,5811
40060,"Richmond, VA",2021-08-01,308,1039,217,24,1588,29781,6119
40060,"Richmond, VA",2021-09-01,295,1028,283,30,1636,31417,6414
40060,"Richmond, VA",2021-10-01,235,744,220,30,1229,32646,6649
40060,"Richmond, VA",2021-11-01,291,640,180,27,1138,33784,6940
40060,"Richmond, VA",2021-12-01,440,730,207,31,1408,35192,7380
40060,"Richmond, VA",2022-01-01,461,863,247,29,1600,36792,7841
40060,"Richmond, VA",2022-02-01,280,540,178,23,1021,37813,8121
40060,"Richmond, VA",2022-03-01,315,735,195,23,1268,39081,8436
40060,"Richmond, VA",2022-04-01,307,790,212,21,1330,40411,8743
40060,"Richmond, VA",2022-05-01,448,756,229,25,1458,41869,9191
40060,"Richmond, VA",2022-06-01,96,271,75,5,447,42316,9287
40060,"Richmond, VA",2022-07-01,111,226,55,9,401,42717,9398
40060,"Richmond, VA",2022-08-01,230,482,141,13,866,43583,9628
40060,"Richmond, VA",2022-09-01,111,328,93,5,537,44120,9739
40060,"Richmond, VA",2022-10-01,286,596,196,15,1093,45213,10025
40060,"Richmond, VA",2022-11-01,343,680,177,16,1216,46429,10368
40060,"Richmond, VA",2022-12-01,455,596,191,24,1266,47695,10823
40060,"Richmond, VA",2023-01-01,404,690,204,25,1323,49018,11227
40060,"Richmond, VA",2023-02-01,278,533,177,17,1005,50023,11505
40060,"Richmond, VA",2023-03-01,443,597,222,24,1286,51309,11948
40060,"Richmond, VA",2023-04-01,320,539,155,8,1022,52331,12268
40060,"Richmond, VA",2023-05-01,281,393,109,14,797,53128,12549
40060,"Richmond, VA",2023-06-01,156,243,59,6,464,53592,12705
40060,"Richmond, VA",2023-07-01,208,317,72,3,600,54192,12913
40060,"Richmond, VA",2023-08-01,320,565,176,20,1081,55273,13233
40060,"Richmond, VA",2023-09-01,321,632,184,17,1154,56427,13554
40060,"Richmond, VA",2023-10-01,360,584,205,30,1179,57606,13914
40060,"Richmond, VA",2023-11-01,339,545,188,14,1086,58692,14253
40060,"Richmond, VA",2023-12-01,488,515,181,21,1205,59897,14741
40060,"Richmond, VA",2024-01-01,398,598,230,31,1257,61154,15139
40060,"Richmond, VA",2024-02-01,390,554,165,17,1126,62280,15529
40060,"Richmond, VA",2024-03-01,398,536,165,20,1119,63399,15927
40060,"Richmond, VA",2024-04-01,278,487,134,10,909,64308,16205
40060,"Richmond, VA",2024-05-01,507,600,164,18,1289,65597,16712
40060,"Richmond, VA",2024-06-01,469,623,179,24,1295,66892,17181
40060,"Richmond, VA",2024-07-01,524,656,191,31,1402,68294,17705
40060,"Richmond, VA",2024-08-01,393,672,183,28,1276,69570,18098
40060,"Richmond, VA",2024-09-01,326,579,160,21,1086,70656,18424
40060,"Richmond, VA",2024-10-01,417,668,204,29,1318,71974,18841
40060,"Richmond, VA",2024-11-01,409,627,187,22,1245,73219,19250
40060,"Richmond, VA",2024-12-01,579,549,165,20,1313,74532,19829
40060,"Richmond, VA",2025-01-01,474,612,173,17,1276,75808,20303
40060,"Richmond, VA",2025-02-01,436,465,122,16,1039,76847,20739
40060,"Richmond, VA",2025-03-01,502,542,164,14,1222,78069,21241
40060,"Richmond, VA",2025-04-01,512,534,194,23,1263,79332,21753
40060,"Richmond, VA",2025-05-01,618,544,159,23,1344,80676,22371
40060,"Richmond, VA",2025-06-01,604,569,170,17,1360,82036,22975
40060,"Richmond, VA",2025-07-01,559,517,160,16,1252,83288,23534
40060,"Richmond, VA",2025-08-01,391,452,148,26,1017,84305,23925
40060,"Richmond, VA",2025-09-01,7,8,2,1,18,84323,23932
21980,"Fallon, NV",2019-02-01,0,1,0,0,1,1,0
21980,"Fallon, NV",2019-03-01,1,0,3,0,4,5,1
21980,"Fallon, NV",2019-04-01,0,2,1,0,3,8,1
21980,"Fallon, NV",2019-05-01,0,1,0,0,1,9,1
21980,"Fallon, NV",2019-07-01,0,1,1,1,3,12,1
21980,"Fallon, NV",2019-08-01,0,3,0,0,3,15,1
21980,"Fallon, NV",2019-09-01,0,2,0,0,2,17,1
21980,"Fallon, NV",2019-10-01,0,1,1,0,2,19,1
21980,"Fallon, NV",2019-11-01,0,1,1,0,2,21,1
21980,"Fallon, NV",2019-12-01,0,3,0,0,3,24,1
21980,"Fallon, NV",2020-01-01,0,5,0,0,5,29,1
21980,"Fallon, NV",2020-02-01,0,2,0,0,2,31,1
21980,"Fallon, NV",2020-03-01,0,2,1,0,3,34,1
21980,"Fallon, NV",2020-04-01,2,6,2,0,10,44,3
21980,"Fallon, NV",2020-05-01,0,1,0,0,1,45,3
21980,"Fallon, NV",2020-06-01,2,3,0,1,6,51,5
21980,"Fallon, NV",2020-07-01,1,7,0,0,8,59,6
21980,"Fallon, NV",2020-08-01,4,9,0,0,13,72,10
21980,"Fallon, NV",2020-09-01,1,5,2,0,8,80,11
21980,"Fallon, NV",2020-10-01,5,4,3,0,12,92,16
21980,"Fallon, NV",2020-11-01,3,17,2,0,22,114,19
21980,"Fallon, NV",2020-12-01,5,12,3,1,21,135,24
21980,"Fallon, NV",2021-01-01,4,8,8,0,20,155,28
21980,"Fallon, NV",2021-02-01,4,13,3,0,20,175,32
21980,"Fallon, NV",2021-03-01,3,11,3,1,18,193,35
21980,"Fallon, NV",2021-04-01,3,9,7,0,19,212,38
21980,"Fallon, NV",2021-05-01,7,30,5,1,43,255,45
21980,"Fallon, NV",2021-06-01,5,16,4,1,26,281,50
21980,"Fallon, NV",2021-07-01,5,27,5,0,37,318,55
21980,"Fallon, NV",2021-08-01,6,25,0,3,34,352,61
21980,"Fallon, NV",2021-09-01,7,17,5,0,29,381,68
21980,"Fallon, NV",2021-10-01,2,28,6,2,38,419,70
21980,"Fallon, NV",2021-11-01,5,21,4,0,30,449,75
21980,"Fallon, NV",2021-12-01,5,17,9,0,31,480,80
21980,"Fallon, NV",2022-01-01,4,16,7,0,27,507,84
21980,"Fallon, NV",2022-02-01,5,14,2,1,22,529,89
21980,"Fallon, NV",2022-03-01,6,12,6,0,24,553,95
21980,"Fallon, NV",2022-04-01,4,15,3,0,22,575,99
21980,"Fallon, NV",2022-05-01,3,18,3,0,24,599,102
21980,"Fallon, NV",2022-06-01,9,24,3,0,36,635,111
21980,"Fallon, NV",2022-07-01,7,18,3,0,28,663,118
21980,"Fallon, NV",2022-08-01,12,30,2,1,45,708,130
21980,"Fallon, NV",2022-09-01,9,18,5,0,32,740,139
21980,"Fallon, NV",2022-10-01,5,20,7,1,33,773,144
21980,"Fallon, NV",2022-11-01,3,22,4,0,29,802,147
21980,"Fallon, NV",2022-12-01,5,16,4,0,25,827,152
21980,"Fallon, NV",2023-01-01,7,15,3,0,25,852,159
21980,"Fallon, NV",2023-02-01,9,13,5,2,29,881,168
21980,"Fallon, NV",2023-03-01,14,19,14,2,49,930,182
21980,"Fallon, NV",2023-04-01,7,15,4,3,29,959,189
21980,"Fallon, NV",2023-05-01,9,13,3,0,25,984,198
21980,"Fallon, NV",2023-06-01,4,20,3,1,28,1012,202
21980,"Fallon, NV",2023-07-01,6,12,2,0,20,1032,208
21980,"Fallon, NV",2023-08-01,3,11,4,0,18,1050,211
21980,"Fallon, NV",2023-09-01,7,10,3,0,20,1070,218
21980,"Fallon, NV",2023-10-01,5,17,3,1,26,1096,223
21980,"Fallon, NV",2023-11-01,5,14,3,0,22,1118,228
21980,"Fallon, NV",2023-12-01,10,17,3,1,31,1149,238
21980,"Fallon, NV",2024-01-01,10,21,6,1,38,1187,248
21980,"Fallon, NV",2024-02-01,15,12,7,0,34,1221,263
21980,"Fallon, NV",2024-03-01,9,17,5,0,31,1252,272
21980,"Fallon, NV",2024-04-01,3,11,2,1,17,1269,275
21980,"Fallon, NV",2024-05-01,10,15,7,0,32,1301,285
21980,"Fallon, NV",2024-06-01,5,14,1,0,20,1321,290
21980,"Fallon, NV",2024-07-01,5,8,3,2,18,1339,295
21980,"Fallon, NV",2024-08-01,2,10,4,0,16,1355,297
21980,"Fallon, NV",2024-09-01,8,7,3,1,19,1374,305
21980,"Fallon, NV",2024-10-01,4,28,2,1,35,1409,309
21980,"Fallon, NV",2024-11-01,10,26,2,0,38,1447,319
21980,"Fallon, NV",2024-12-01,14,20,5,1,40,1487,333
21980,"Fallon, NV",2025-01-01,13,20,9,1,43,1530,346
21980,"Fallon, NV",2025-02-01,10,23,8,0,41,1571,356
21980,"Fallon, NV",2025-03-01,7,30,5,0,42,1613,363
21980,"Fallon, NV",2025-04-01,11,9,2,0,22,1635,374
21980,"Fallon, NV",2025-05-01,6,24,5,1,36,1671,380
21980,"Fallon, NV",2025-06-01,7,8,4,0,19,1690,387
21980,"Fallon, NV",2025-07-01,2,10,3,0,15,1705,389
21980,"Fallon, NV",2025-08-01,5,9,3,0,17,1722,394
21980,"Fallon, NV",2025-09-01,0,1,0,0,1,1723,394
41500,"Salinas, CA",2019-01-01,1,41,11,0,53,53,1
41500,"Salinas, CA",2019-02-01,1,47,5,0,53,106,2
41500,"Salinas, CA",2019-03-01,1,53,8,1,63,169,3
41500,"Salinas, CA",2019-04-01,5,54,12,1,72,241,8
41500,"Salinas, CA",2019-05-01,3,58,12,0,73,314,11
41500,"Salinas, CA",2019-06-01,0,51,10,1,62,376,11
41500,"Salinas, CA",2019-07-01,5,39,8,1,53,429,16
41500,"Salinas, CA",2019-08-01,2,62,14,2,80,509,18
41500,"Salinas, CA",2019-09-01,5,42,8,0,55,564,23
41500,"Salinas, CA",2019-10-01,7,45,7,0,59,623,30
41500,"Salinas, CA",2019-11-01,7,49,6,0,62,685,37
41500,"Salinas, CA",2019-12-01,10,67,9,0,86,771,47
41500,"Salinas, CA",2020-01-01,14,62,14,1,91,862,61
41500,"Salinas, CA",2020-02-01,7,59,18,2,86,948,68
41500,"Salinas, CA",2020-03-01,6,61,14,2,83,1031,74
41500,"Salinas, CA",2020-04-01,32,135,31,3,201,1232,106
41500,"Salinas, CA",2020-05-01,38,108,19,3,168,1400,144
41500,"Salinas, CA",2020-06-01,38,128,25,4,195,1595,182
41500,"Salinas, CA",2020-07-01,40,127,18,2,187,1782,222
41500,"Salinas, CA",2020-08-01,38,162,29,1,230,2012,260
41500,"Salinas, CA",2020-09-01,45,123,27,1,196,2208,305
41500,"Salinas, CA",2020-10-01,34,120,20,3,177,2385,339
41500,"Salinas, CA",2020-11-01,32,110,23,0,165,2550,371
41500,"Salinas, CA",2020-12-01,12,45,16,2,75,2625,383
41500,"Salinas, CA",2021-01-01,30,57,17,4,108,2733,413
41500,"Salinas, CA",2021-02-01,23,58,17,2,100,2833,436
41500,"Salinas, CA",2021-03-01,33,111,33,1,178,3011,469
41500,"Salinas, CA",2021-04-01,21,80,16,1,118,3129,490
41500,"Salinas, CA",2021-05-01,29,104,23,2,158,3287,519
41500,"Salinas, CA",2021-06-01,36,95,16,2,149,3436,555
41500,"Salinas, CA",2021-07-01,19,61,27,2,109,3545,574
41500,"Salinas, CA",2021-08-01,17,64,20,3,104,3649,591
41500,"Salinas, CA",2021-09-01,42,124,31,4,201,3850,633
41500,"Salinas, CA",2021-10-01,10,53,20,0,83,3933,643
41500,"Salinas, CA",2021-11-01,14,41,13,1,69,4002,657
41500,"Salinas, CA",2021-12-01,13,62,16,8,99,4101,670
41500,"Salinas, CA",2022-01-01,39,106,36,12,193,4294,709
41500,"Salinas, CA",2022-02-01,25,58,33,14,130,4424,734
41500,"Salinas, CA",2022-03-01,10,44,25,10,89,4513,744
41500,"Salinas, CA",2022-04-01,10,41,29,7,87,4600,754
41500,"Salinas, CA",2022-05-01,16,47,23,10,96,4696,770
41500,"Salinas, CA",2022-06-01,16,44,23,8,91,4787,786
41500,"Salinas, CA",2022-07-01,16,52,23,4,95,4882,802
41500,"Salinas, CA",2022-08-01,17,72,29,4,122,5004,819
41500,"Salinas, CA",2022-09-01,19,72,34,4,129,5133,838
41500,"Salinas, CA",2022-10-01,42,100,27,1,170,5303,880
41500,"Salinas, CA",2022-11-01,57,116,37,4,214,5517,937
41500,"Salinas, CA",2022-12-01,88,115,40,3,246,5763,1025
41500,"Salinas, CA",2023-01-01,59,103,36,5,203,5966,1084
41500,"Salinas, CA",2023-02-01,49,71,23,4,147,6113,1133
41500,"Salinas, CA",2023-03-01,62,120,43,3,228,6341,1195
41500,"Salinas, CA",2023-04-01,39,89,34,4,166,6507,1234
41500,"Salinas, CA",2023-05-01,27,67,21,4,119,6626,1261
41500,"Salinas, CA",2023-06-01,26,58,27,3,114,6740,1287
41500,"Salinas, CA",2023-07-01,20,55,22,3,100,6840,1307
41500,"Salinas, CA",2023-08-01,18,59,24,8,109,6949,1325
41500,"Salinas, CA",2023-09-01,21,62,48,6,137,7086,1346
41500,"Salinas, CA",2023-10-01,27,80,34,8,149,7235,1373
41500,"Salinas, CA",2023-11-01,35,86,68,17,206,7441,1408
41500,"Salinas, CA",2023-12-01,24,89,44,8,165,7606,1432
41500,"Salinas, CA",2024-01-01,23,84,49,4,160,7766,1455
41500,"Salinas, CA",2024-02-01,37,93,38,9,177,7943,1492
41500,"Salinas, CA",2024-03-01,26,92,52,14,184,8127,1518
41500,"Salinas, CA",2024-04-01,32,85,43,6,166,8293,1550
41500,"Salinas, CA",2024-05-01,18,115,63,13,209,8502,1568
41500,"Salinas, CA",2024-06-01,22,108,66,12,208,8710,1590
41500,"Salinas, CA",2024-07-01,34,143,52,9,238,8948,1624
41500,"Salinas, CA",2024-08-01,17,117,46,15,195,9143,1641
41500,"Salinas, CA",2024-09-01,18,76,48,7,149,9292,1659
41500,"Salinas, CA",2024-10-01,21,76,35,9,141,9433,1680
41500,"Salinas, CA",2024-11-01,27,74,16,1,118,9551,1707
41500,"Salinas, CA",2024-12-01,19,73,21,7,120,9671,1726
41500,"Salinas, CA",2025-01-01,21,63,20,8,112,9783,1747
41500,"Salinas, CA",2025-02-01,25,56,19,4,104,9887,1772
41500,"Salinas, CA",2025-03-01,27,61,20,0,108,9995,1799
41500,"Salinas, CA",2025-04-01,17,44,6,0,67,10062,1816
41500,"Salinas, CA",2025-05-01,33,73,10,1,117,10179,1849
41500,"Salinas, CA",2025-06-01,24,38,10,1,73,10252,1873
41500,"Salinas, CA",2025-07-01,19,34,9,0,62,10314,1892
41500,"Salinas, CA",2025-08-01,17,29,3,0,49,10363,1909
41500,"Salinas, CA",2025-09-01,0,1,0,0,1,10364,1909
47700,"Warsaw, IN",2019-01-01,0,4,1,0,5,5,0
47700,"Warsaw, IN",2019-02-01,0,2,0,0,2,7,0
47700,"Warsaw, IN",2019-03-01,0,3,2,0,5,12,0
47700,"Warsaw, IN",2019-04-01,1,4,1,0,6,18,1
47700,"Warsaw, IN",2019-05-01,0,6,0,0,6,24,1
47700,"Warsaw, IN",2019-06-01,1,4,0,0,5,29,2
47700,"Warsaw, IN",2019-07-01,0,4,0,0,4,33,2
47700,"Warsaw, IN",2019-08-01,0,0,1,0,1,34,2
47700,"Warsaw, IN",2019-09-01,1,1,1,0,3,37,3
47700,"Warsaw, IN",2019-10-01,0,6,1,0,7,44,3
47700,"Warsaw, IN",2019-11-01,1,3,1,0,5,49,4
47700,"Warsaw, IN",2019-12-01,1,5,1,1,8,57,5
47700,"Warsaw, IN",2020-01-01,1,7,6,0,14,71,6
47700,"Warsaw, IN",2020-02-01,0,11,3,0,14,85,6
47700,"Warsaw, IN",2020-03-01,4,18,11,0,33,118,10
47700,"Warsaw, IN",2020-04-01,12,33,10,0,55,173,22
47700,"Warsaw, IN",2020-05-01,10,35,6,1,52,225,32
47700,"Warsaw, IN",2020-06-01,11,24,2,0,37,262,43
47700,"Warsaw, IN",2020-07-01,6,23,7,0,36,298,49
47700,"Warsaw, IN",2020-08-01,5,41,7,0,53,351,54
47700,"Warsaw, IN",2020-09-01,8,36,7,0,51,402,62
47700,"Warsaw, IN",2020-10-01,6,17,14,0,37,439,68
47700,"Warsaw, IN",2020-11-01,14,31,4,0,49,488,82
47700,"Warsaw, IN",2020-12-01,19,37,5,4,65,553,101
47700,"Warsaw, IN",2021-01-01,24,33,9,2,68,621,125
47700,"Warsaw, IN",2021-02-01,29,34,5,0,68,689,154
47700,"Warsaw, IN",2021-03-01,18,40,3,1,62,751,172
47700,"Warsaw, IN",2021-04-01,18,46,9,4,77,828,190
47700,"Warsaw, IN",2021-05-01,21,47,7,2,77,905,211
47700,"Warsaw, IN",2021-06-01,30,45,12,0,87,992,241
47700,"Warsaw, IN",2021-07-01,17,37,11,1,66,1058,258
47700,"Warsaw, IN",2021-08-01,14,39,9,1,63,1121,272
47700,"Warsaw, IN",2021-09-01,20,50,13,2,85,1206,292
47700,"Warsaw, IN",2021-10-01,18,38,14,1,71,1277,310
47700,"Warsaw, IN",2021-11-01,14,44,13,1,72,1349,324
47700,"Warsaw, IN",2021-12-01,35,57,12,2,106,1455,359
47700,"Warsaw, IN",2022-01-01,24,54,16,2,96,1551,383
47700,"Warsaw, IN",2022-02-01,23,33,10,1,67,1618,406
47700,"Warsaw, IN",2022-03-01,28,50,19,3,100,1718,434
47700,"Warsaw, IN",2022-04-01,21,42,8,0,71,1789,455
47700,"Warsaw, IN",2022-05-01,21,37,11,1,70,1859,476
47700,"Warsaw, IN",2022-06-01,16,49,7,1,73,1932,492
47700,"Warsaw, IN",2022-07-01,16,46,11,2,75,2007,508
47700,"Warsaw, IN",2022-08-01,21,51,16,2,90,2097,529
47700,"Warsaw, IN",2022-09-01,16,40,16,3,75,2172,545
47700,"Warsaw, IN",2022-10-01,16,36,10,2,64,2236,561
47700,"Warsaw, IN",2022-11-01,26,49,18,1,94,2330,587
47700,"Warsaw, IN",2022-12-01,24,59,14,2,99,2429,611
47700,"Warsaw, IN",2023-01-01,21,46,8,1,76,2505,632
47700,"Warsaw, IN",2023-02-01,24,28,10,3,65,2570,656
47700,"Warsaw, IN",2023-03-01,28,33,6,3,70,2640,684
47700,"Warsaw, IN",2023-04-01,21,32,10,3,66,2706,705
47700,"Warsaw, IN",2023-05-01,14,29,6,2,51,2757,719
47700,"Warsaw, IN",2023-06-01,15,31,8,0,54,2811,734
47700,"Warsaw, IN",2023-07-01,17,35,10,1,63,2874,751
47700,"Warsaw, IN",2023-08-01,11,27,9,2,49,2923,762
47700,"Warsaw, IN",2023-09-01,15,30,9,0,54,2977,777
47700,"Warsaw, IN",2023-10-01,18,31,11,0,60,3037,795
47700,"Warsaw, IN",2023-11-01,21,41,4,0,66,3103,816
47700,"Warsaw, IN",2023-12-01,23,33,12,3,71,3174,839
47700,"Warsaw, IN",2024-01-01,26,30,14,0,70,3244,865
47700,"Warsaw, IN",2024-02-01,26,28,14,1,69,3313,891
47700,"Warsaw, IN",2024-03-01,23,28,8,2,61,3374,914
47700,"Warsaw, IN",2024-04-01,15,31,8,1,55,3429,929
47700,"Warsaw, IN",2024-05-01,30,29,8,3,70,3499,959
47700,"Warsaw, IN",2024-06-01,14,14,4,4,36,3535,973
47700,"Warsaw, IN",2024-07-01,10,19,3,0,32,3567,983
47700,"Warsaw, IN",2024-08-01,12,21,5,0,38,3605,995
47700,"Warsaw, IN",2024-09-01,6,14,5,0,25,3630,1001
47700,"Warsaw, IN",2024-10-01,18,26,9,1,54,3684,1019
47700,"Warsaw, IN",2024-11-01,21,33,13,1,68,3752,1040
47700,"Warsaw, IN",2024-12-01,36,29,9,0,74,3826,1076
47700,"Warsaw, IN",2025-01-01,26,31,14,0,71,3897,1102
47700,"Warsaw, IN",2025-02-01,29,34,11,1,75,3972,1131
47700,"Warsaw, IN",2025-03-01,42,38,5,0,85,4057,1173
47700,"Warsaw, IN",2025-04-01,25,30,14,1,70,4127,1198
47700,"Warsaw, IN",2025-05-01,22,22,12,1,57,4184,1220
47700,"Warsaw, IN",2025-06-01,25,30,10,1,66,4250,1245
47700,"Warsaw, IN",2025-07-01,20,31,9,1,61,4311,1265
47700,"Warsaw, IN",2025-08-01,10,20,7,1,38,4349,1275
47700,"Warsaw, IN",2025-09-01,0,2,1,0,3,4352,1275
27380,"Jacksonville, TX",2019-01-01,0,2,0,0,2,2,0
27380,"Jacksonville, TX",2019-02-01,0,2,0,0,2,4,0
27380,"Jacksonville, TX",2019-03-01,0,1,0,0,1,5,0
27380,"Jacksonville, TX",2019-04-01,0,2,1,0,3,8,0
27380,"Jacksonville, TX",2019-05-01,0,0,1,0,1,9,0
27380,"Jacksonville, TX",2019-06-01,0,1,0,0,1,10,0
27380,"Jacksonville, TX",2019-07-01,0,2,1,0,3,13,0
27380,"Jacksonville, TX",2019-08-01,0,2,0,0,2,15,0
27380,"Jacksonville, TX",2019-09-01,0,2,0,0,2,17,0
27380,"Jacksonville, TX",2019-10-01,0,1,0,0,1,18,0
27380,"Jacksonville, TX",2019-11-01,0,1,2,0,3,21,0
27380,"Jacksonville, TX",2019-12-01,0,4,0,0,4,25,0
27380,"Jacksonville, TX",2020-01-01,0,2,1,0,3,28,0
27380,"Jacksonville, TX",2020-02-01,1,2,0,1,4,32,1
27380,"Jacksonville, TX",2020-03-01,0,2,0,0,2,34,1
27380,"Jacksonville, TX",2020-04-01,0,7,2,1,10,44,1
27380,"Jacksonville, TX",2020-05-01,4,10,2,0,16,60,5
27380,"Jacksonville, TX",2020-06-01,0,4,0,1,5,65,5
27380,"Jacksonville, TX",2020-07-01,1,6,2,0,9,74,6
27380,"Jacksonville, TX",2020-08-01,2,14,2,0,18,92,8
27380,"Jacksonville, TX",2020-09-01,2,7,1,0,10,102,10
27380,"Jacksonville, TX",2020-10-01,2,12,5,0,19,121,12
27380,"Jacksonville, TX",2020-11-01,3,15,5,1,24,145,15
27380,"Jacksonville, TX",2020-12-01,5,18,2,0,25,170,20
27380,"Jacksonville, TX",2021-01-01,6,27,10,0,43,213,26
27380,"Jacksonville, TX",2021-02-01,7,20,3,0,30,243,33
27380,"Jacksonville, TX",2021-03-01,12,27,3,1,43,286,45
27380,"Jacksonville, TX",2021-04-01,7,15,4,0,26,312,52
27380,"Jacksonville, TX",2021-05-01,12,27,5,0,44,356,64
27380,"Jacksonville, TX",2021-06-01,5,19,9,1,34,390,69
27380,"Jacksonville, TX",2021-07-01,5,23,8,0,36,426,74
27380,"Jacksonville, TX",2021-08-01,6,18,7,0,31,457,80
27380,"Jacksonville, TX",2021-09-01,11,30,9,0,50,507,91
27380,"Jacksonville, TX",2021-10-01,5,21,4,1,31,538,96
27380,"Jacksonville, TX",2021-11-01,5,20,5,2,32,570,101
27380,"Jacksonville, TX",2021-12-01,3,22,5,1,31,601,104
27380,"Jacksonville, TX",2022-01-01,6,28,5,0,39,640,110
27380,"Jacksonville, TX",2022-02-01,9,22,3,0,34,674,119
27380,"Jacksonville, TX",2022-03-01,12,29,13,0,54,728,131
27380,"Jacksonville, TX",2022-04-01,9,19,7,0,35,763,140
27380,"Jacksonville, TX",2022-05-01,15,28,4,0,47,810,155
27380,"Jacksonville, TX",2022-06-01,11,25,10,0,46,856,166
27380,"Jacksonville, TX",2022-07-01,4,17,4,0,25,881,170
27380,"Jacksonville, TX",2022-08-01,8,16,8,1,33,914,178
27380,"Jacksonville, TX",2022-09-01,10,26,9,0,45,959,188
27380,"Jacksonville, TX",2022-10-01,8,13,8,0,29,988,196
27380,"Jacksonville, TX",2022-11-01,5,17,4,0,26,1014,201
27380,"Jacksonville, TX",2022-12-01,18,33,8,2,61,1075,219
27380,"Jacksonville, TX",2023-01-01,8,23,8,0,39,1114,227
27380,"Jacksonville, TX",2023-02-01,20,15,2,0,37,1151,247
27380,"Jacksonville, TX",2023-03-01,23,40,11,1,75,1226,270
27380,"Jacksonville, TX",2023-04-01,15,18,5,1,39,1265,285
27380,"Jacksonville, TX",2023-05-01,17,15,8,1,41,1306,302
27380,"Jacksonville, TX",2023-06-01,15,25,8,0,48,1354,317
27380,"Jacksonville, TX",2023-07-01,13,21,9,1,44,1398,330
27380,"Jacksonville, TX",2023-08-01,7,6,3,0,16,1414,337
27380,"Jacksonville, TX",2023-09-01,6,16,3,0,25,1439,343
27380,"Jacksonville, TX",2023-10-01,9,20,8,0,37,1476,352
27380,"Jacksonville, TX",2023-11-01,26,17,8,0,51,1527,378
27380,"Jacksonville, TX",2023-12-01,11,28,8,0,47,1574,389
27380,"Jacksonville, TX",2024-01-01,15,23,11,1,50,1624,404
27380,"Jacksonville, TX",2024-02-01,15,26,11,0,52,1676,419
27380,"Jacksonville, TX",2024-03-01,25,38,9,0,72,1748,444
27380,"Jacksonville, TX",2024-04-01,11,24,5,0,40,1788,455
27380,"Jacksonville, TX",2024-05-01,6,17,0,0,23,1811,461
27380,"Jacksonville, TX",2024-06-01,8,22,3,0,33,1844,469
27380,"Jacksonville, TX",2024-07-01,8,16,7,1,32,1876,477
27380,"Jacksonville, TX",2024-08-01,14,21,4,4,43,1919,491
27380,"Jacksonville, TX",2024-09-01,13,18,6,1,38,1957,504
27380,"Jacksonville, TX",2024-10-01,23,30,7,0,60,2017,527
27380,"Jacksonville, TX",2024-11-01,16,24,9,2,51,2068,543
27380,"Jacksonville, TX",2024-12-01,20,19,8,0,47,2115,563
27380,"Jacksonville, TX",2025-01-01,18,27,12,2,59,2174,581
27380,"Jacksonville, TX",2025-02-01,9,24,6,3,42,2216,590
27380,"Jacksonville, TX",2025-03-01,25,21,3,0,49,2265,615
27380,"Jacksonville, TX",2025-04-01,16,25,12,0,53,2318,631
27380,"Jacksonville, TX",2025-05-01,21,28,9,0,58,2376,652
27380,"Jacksonville, TX",2025-06-01,21,36,12,0,69,2445,673
27380,"Jacksonville, TX",2025-07-01,18,22,4,1,45,2490,691
27380,"Jacksonville, TX",2025-08-01,11,21,10,1,43,2533,702
24660,"Greensboro-High Point, NC",2019-01-01,3,171,33,3,210,210,3
24660,"Greensboro-High Point, NC",2019-02-01,4,180,48,3,235,445,7
24660,"Greensboro-High Point, NC",2019-03-01,13,189,51,4,257,702,20
24660,"Greensboro-High Point, NC",2019-04-01,13,233,45,5,296,998,33
24660,"Greensboro-High Point, NC",2019-05-01,16,290,49,5,360,1358,49
24660,"Greensboro-High Point, NC",2019-06-01,3,117,27,2,149,1507,52
24660,"Greensboro-High Point, NC",2019-07-01,10,137,23,2,172,1679,62
24660,"Greensboro-High Point, NC",2019-08-01,9,150,34,5,198,1877,71
24660,"Greensboro-High Point, NC",2019-09-01,14,186,39,4,243,2120,85
24660,"Greensboro-High Point, NC",2019-10-01,19,243,49,2,313,2433,104
24660,"Greensboro-High Point, NC",2019-11-01,18,202,43,1,264,2697,122
24660,"Greensboro-High Point, NC",2019-12-01,24,172,38,2,236,2933,146
24660,"Greensboro-High Point, NC",2020-01-01,40,195,45,5,285,3218,186
24660,"Greensboro-High Point, NC",2020-02-01,32,175,34,0,241,3459,218
24660,"Greensboro-High Point, NC",2020-03-01,43,247,62,7,359,3818,261
24660,"Greensboro-High Point, NC",2020-04-01,136,623,137,18,914,4732,397
24660,"Greensboro-High Point, NC",2020-05-01,257,673,122,10,1062,5794,654
24660,"Greensboro-High Point, NC",2020-06-01,160,378,54,3,595,6389,814
24660,"Greensboro-High Point, NC",2020-07-01,211,705,116,11,1043,7432,1025
24660,"Greensboro-High Point, NC",2020-08-01,253,884,144,13,1294,8726,1278
24660,"Greensboro-High Point, NC",2020-09-01,240,760,125,7,1132,9858,1518
24660,"Greensboro-High Point, NC",2020-10-01,124,471,82,5,682,10540,1642
24660,"Greensboro-High Point, NC",2020-11-01,111,270,34,10,425,10965,1753
24660,"Greensboro-High Point, NC",2020-12-01,83,206,38,2,329,11294,1836
24660,"Greensboro-High Point, NC",2021-01-01,418,893,130,14,1455,12749,2254
24660,"Greensboro-High Point, NC",2021-02-01,327,833,139,15,1314,14063,2581
24660,"Greensboro-High Point, NC",2021-03-01,389,835,151,16,1391,15454,2970
24660,"Greensboro-High Point, NC",2021-04-01,350,876,166,16,1408,16862,3320
24660,"Greensboro-High Point, NC",2021-05-01,272,605,127,9,1013,17875,3592
24660,"Greensboro-High Point, NC",2021-06-01,163,376,78,12,629,18504,3755
24660,"Greensboro-High Point, NC",2021-07-01,250,744,139,11,1144,19648,4005
24660,"Greensboro-High Point, NC",2021-08-01,398,1161,264,25,1848,21496,4403
24660,"Greensboro-High Point, NC",2021-09-01,336,1054,222,27,1639,23135,4739
24660,"Greensboro-High Point, NC",2021-10-01,166,429,94,4,693,23828,4905
24660,"Greensboro-High Point, NC",2021-11-01,231,515,146,9,901,24729,5136
24660,"Greensboro-High Point, NC",2021-12-01,378,627,171,14,1190,25919,5514
24660,"Greensboro-High Point, NC",2022-01-01,406,911,198,23,1538,27457,5920
24660,"Greensboro-High Point, NC",2022-02-01,379,708,172,23,1282,28739,6299
24660,"Greensboro-High Point, NC",2022-03-01,337,678,170,11,1196,29935,6636
24660,"Greensboro-High Point, NC",2022-04-01,350,644,164,11,1169,31104,6986
24660,"Greensboro-High Point, NC",2022-05-01,347,691,149,10,1197,32301,7333
24660,"Greensboro-High Point, NC",2022-06-01,132,226,61,3,422,32723,7465
24660,"Greensboro-High Point, NC",2022-07-01,150,207,53,5,415,33138,7615
24660,"Greensboro-High Point, NC",2022-08-01,225,409,100,17,751,33889,7840
24660,"Greensboro-High Point, NC",2022-09-01,168,350,96,8,622,34511,8008
24660,"Greensboro-High Point, NC",2022-10-01,285,493,138,14,930,35441,8293
24660,"Greensboro-High Point, NC",2022-11-01,363,547,199,9,1118,36559,8656
24660,"Greensboro-High Point, NC",2022-12-01,403,510,144,11,1068,37627,9059
24660,"Greensboro-High Point, NC",2023-01-01,338,479,166,12,995,38622,9397
24660,"Greensboro-High Point, NC",2023-02-01,302,463,147,20,932,39554,9699
24660,"Greensboro-High Point, NC",2023-03-01,477,568,177,13,1235,40789,10176
24660,"Greensboro-High Point, NC",2023-04-01,342,496,133,17,988,41777,10518
24660,"Greensboro-High Point, NC",2023-05-01,246,284,72,5,607,42384,10764
24660,"Greensboro-High Point, NC",2023-06-01,141,192,44,4,381,42765,10905
24660,"Greensboro-High Point, NC",2023-07-01,126,195,40,5,366,43131,11031
24660,"Greensboro-High Point, NC",2023-08-01,220,328,84,7,639,43770,11251
24660,"Greensboro-High Point, NC",2023-09-01,304,470,154,19,947,44717,11555
24660,"Greensboro-High Point, NC",2023-10-01,212,317,91,6,626,45343,11767
24660,"Greensboro-High Point, NC",2023-11-01,340,463,150,14,967,46310,12107
24660,"Greensboro-High Point, NC",2023-12-01,425,537,172,14,1148,47458,12532
24660,"Greensboro-High Point, NC",2024-01-01,429,510,158,12,1109,48567,12961
24660,"Greensboro-High Point, NC",2024-02-01,447,460,144,13,1064,49631,13408
24660,"Greensboro-High Point, NC",2024-03-01,483,431,140,18,1072,50703,13891
24660,"Greensboro-High Point, NC",2024-04-01,305,390,128,11,834,51537,14196
24660,"Greensboro-High Point, NC",2024-05-01,354,358,107,10,829,52366,14550
24660,"Greensboro-High Point, NC",2024-06-01,300,406,132,13,851,53217,14850
24660,"Greensboro-High Point, NC",2024-07-01,339,437,150,14,940,54157,15189
24660,"Greensboro-High Point, NC",2024-08-01,265,364,112,10,751,54908,15454
24660,"Greensboro-High Point, NC",2024-09-01,383,520,157,21,1081,55989,15837
24660,"Greensboro-High Point, NC",2024-10-01,444,525,162,33,1164,57153,16281
24660,"Greensboro-High Point, NC",2024-11-01,420,470,181,27,1098,58251,16701
24660,"Greensboro-High Point, NC",2024-12-01,514,463,179,20,1176,59427,17215
24660,"Greensboro-High Point, NC",2025-01-01,419,517,157,16,1109,60536,17634
24660,"Greensboro-High Point, NC",2025-02-01,389,374,114,7,884,61420,18023
24660,"Greensboro-High Point, NC",2025-03-01,490,443,154,21,1108,62528,18513
24660,"Greensboro-High Point, NC",2025-04-01,467,441,137,18,1063,63591,18980
24660,"Greensboro-High Point, NC",2025-05-01,521,512,162,25,1220,64811,19501
24660,"Greensboro-High Point, NC",2025-06-01,463,510,163,28,1164,65975,19964
24660,"Greensboro-High Point, NC",2025-07-01,397,409,148,20,974,66949,20361
24660,"Greensboro-High Point, NC",2025-08-01,348,357,124,15,844,67793,20709
24660,"Greensboro-High Point, NC",2025-09-01,9,10,0,0,19,67812,20718
13820,"Birmingham, AL",2019-01-01,6,156,36,2,200,200,6
13820,"Birmingham, AL",2019-02-01,7,147,22,3,179,379,13
13820,"Birmingham, AL",2019-03-01,3,208,52,1,264,643,16
13820,"Birmingham, AL",2019-04-01,8,254,43,3,308,951,24
13820,"Birmingham, AL",2019-05-01,7,237,48,2,294,1245,31
13820,"Birmingham, AL",2019-06-01,6,162,38,2,208,1453,37
13820,"Birmingham, AL",2019-07-01,10,165,44,3,222,1675,47
13820,"Birmingham, AL",2019-08-01,11,290,56,8,365,2040,58
13820,"Birmingham, AL",2019-09-01,13,224,52,2,291,2331,71
13820,"Birmingham, AL",2019-10-01,10,194,36,5,245,2576,81
13820,"Birmingham, AL",2019-11-01,13,207,38,1,259,2835,94
13820,"Birmingham, AL",2019-12-01,19,215,46,1,281,3116,113
13820,"Birmingham, AL",2020-01-01,27,231,42,4,304,3420,140
13820,"Birmingham, AL",2020-02-01,26,240,50,1,317,3737,166
13820,"Birmingham, AL",2020-03-01,29,263,52,4,348,4085,195
13820,"Birmingham, AL",2020-04-01,97,508,119,8,732,4817,292
13820,"Birmingham, AL",2020-05-01,221,755,110,14,1100,5917,513
13820,"Birmingham, AL",2020-06-01,201,689,102,5,997,6914,714
13820,"Birmingham, AL",2020-07-01,207,831,142,9,1189,8103,921
13820,"Birmingham, AL",2020-08-01,203,949,141,17,1310,9413,1124
13820,"Birmingham, AL",2020-09-01,159,783,160,14,1116,10529,1283
13820,"Birmingham, AL",2020-10-01,108,569,75,8,760,11289,1391
13820,"Birmingham, AL",2020-11-01,83,362,48,2,495,11784,1474
13820,"Birmingham, AL",2020-12-01,109,343,51,3,506,12290,1583
13820,"Birmingham, AL",2021-01-01,127,420,73,6,626,12916,1710
13820,"Birmingham, AL",2021-02-01,114,344,55,6,519,13435,1824
13820,"Birmingham, AL",2021-03-01,205,611,119,9,944,14379,2029
13820,"Birmingham, AL",2021-04-01,392,1285,227,31,1935,16314,2421
13820,"Birmingham, AL",2021-05-01,372,1122,173,14,1681,17995,2793
13820,"Birmingham, AL",2021-06-01,277,1011,206,24,1518,19513,3070
13820,"Birmingham, AL",2021-07-01,271,983,178,17,1449,20962,3341
13820,"Birmingham, AL",2021-08-01,258,924,186,25,1393,22355,3599
13820,"Birmingham, AL",2021-09-01,254,1031,225,23,1533,23888,3853
13820,"Birmingham, AL",2021-10-01,233,849,205,12,1299,25187,4086
13820,"Birmingham, AL",2021-11-01,246,755,178,16,1195,26382,4332
13820,"Birmingham, AL",2021-12-01,330,765,175,19,1289,27671,4662
13820,"Birmingham, AL",2022-01-01,308,848,188,17,1361,29032,4970
13820,"Birmingham, AL",2022-02-01,242,573,148,15,978,30010,5212
13820,"Birmingham, AL",2022-03-01,274,761,172,11,1218,31228,5486
13820,"Birmingham, AL",2022-04-01,229,684,161,17,1091,32319,5715
13820,"Birmingham, AL",2022-05-01,318,689,159,15,1181,33500,6033
13820,"Birmingham, AL",2022-06-01,232,548,103,14,897,34397,6265
13820,"Birmingham, AL",2022-07-01,252,543,136,7,938,35335,6517
13820,"Birmingham, AL",2022-08-01,239,576,147,14,976,36311,6756
13820,"Birmingham, AL",2022-09-01,206,553,148,16,923,37234,6962
13820,"Birmingham, AL",2022-10-01,257,599,143,13,1012,38246,7219
13820,"Birmingham, AL",2022-11-01,267,574,169,10,1020,39266,7486
13820,"Birmingham, AL",2022-12-01,334,561,167,15,1077,40343,7820
13820,"Birmingham, AL",2023-01-01,294,582,143,17,1036,41379,8114
13820,"Birmingham, AL",2023-02-01,251,480,148,17,896,42275,8365
13820,"Birmingham, AL",2023-03-01,352,714,173,19,1258,43533,8717
13820,"Birmingham, AL",2023-04-01,307,605,162,16,1090,44623,9024
13820,"Birmingham, AL",2023-05-01,266,454,128,16,864,45487,9290
13820,"Birmingham, AL",2023-06-01,131,241,65,6,443,45930,9421
13820,"Birmingham, AL",2023-07-01,139,285,76,9,509,46439,9560
13820,"Birmingham, AL",2023-08-01,242,429,140,20,831,47270,9802
13820,"Birmingham, AL",2023-09-01,290,513,137,14,954,48224,10092
13820,"Birmingham, AL",2023-10-01,252,502,116,10,880,49104,10344
13820,"Birmingham, AL",2023-11-01,305,524,124,21,974,50078,10649
13820,"Birmingham, AL",2023-12-01,409,473,162,14,1058,51136,11058
13820,"Birmingham, AL",2024-01-01,341,542,157,17,1057,52193,11399
13820,"Birmingham, AL",2024-02-01,343,474,163,17,997,53190,11742
13820,"Birmingham, AL",2024-03-01,371,527,177,23,1098,54288,12113
13820,"Birmingham, AL",2024-04-01,309,439,117,18,883,55171,12422
13820,"Birmingham, AL",2024-05-01,381,466,146,14,1007,56178,12803
13820,"Birmingham, AL",2024-06-01,338,487,121,18,964,57142,13141
13820,"Birmingham, AL",2024-07-01,315,483,146,22,966,58108,13456
13820,"Birmingham, AL",2024-08-01,343,519,160,22,1044,59152,13799
13820,"Birmingham, AL",2024-09-01,345,523,153,21,1042,60194,14144
13820,"Birmingham, AL",2024-10-01,330,487,171,22,1010,61204,14474
13820,"Birmingham, AL",2024-11-01,361,502,150,13,1026,62230,14835
13820,"Birmingham, AL",2024-12-01,447,526,137,13,1123,63353,15282
13820,"Birmingham, AL",2025-01-01,372,454,163,17,1006,64359,15654
13820,"Birmingham, AL",2025-02-01,335,376,127,8,846,65205,15989
13820,"Birmingham, AL",2025-03-01,430,455,119,16,1020,66225,16419
13820,"Birmingham, AL",2025-04-01,435,475,140,19,1069,67294,16854
13820,"Birmingham, AL",2025-05-01,519,514,153,23,1209,68503,17373
13820,"Birmingham, AL",2025-06-01,492,547,186,17,1242,69745,17865
13820,"Birmingham, AL",2025-07-01,414,450,142,24,1030,70775,18279
13820,"Birmingham, AL",2025-08-01,331,413,111,17,872,71647,18610
13820,"Birmingham, AL",2025-09-01,14,7,5,0,26,71673,18624
35740,"Norfolk, NE",2019-03-01,0,1,1,0,2,2,0
35740,"Norfolk, NE",2019-05-01,0,1,1,1,3,5,0
35740,"Norfolk, NE",2019-07-01,0,1,0,0,1,6,0
35740,"Norfolk, NE",2019-08-01,0,4,2,0,6,12,0
35740,"Norfolk, NE",2019-09-01,0,2,0,0,2,14,0
35740,"Norfolk, NE",2019-10-01,0,1,1,0,2,16,0
35740,"Norfolk, NE",2019-11-01,0,0,1,0,1,17,0
35740,"Norfolk, NE",2020-01-01,0,0,1,0,1,18,0
35740,"Norfolk, NE",2020-02-01,0,3,0,0,3,21,0
35740,"Norfolk, NE",2020-03-01,0,5,0,1,6,27,0
35740,"Norfolk, NE",2020-04-01,1,3,1,1,6,33,1
35740,"Norfolk, NE",2020-05-01,1,2,1,0,4,37,2
35740,"Norfolk, NE",2020-06-01,1,1,0,0,2,39,3
35740,"Norfolk, NE",2020-07-01,3,4,0,0,7,46,6
35740,"Norfolk, NE",2020-08-01,0,3,1,1,5,51,6
35740,"Norfolk, NE",2020-09-01,0,8,1,1,10,61,6
35740,"Norfolk, NE",2020-10-01,7,20,4,1,32,93,13
35740,"Norfolk, NE",2020-11-01,11,21,3,0,35,128,24
35740,"Norfolk, NE",2020-12-01,16,37,2,2,57,185,40
35740,"Norfolk, NE",2021-01-01,19,25,4,0,48,233,59
35740,"Norfolk, NE",2021-02-01,16,12,2,0,30,263,75
35740,"Norfolk, NE",2021-03-01,16,18,6,0,40,303,91
35740,"Norfolk, NE",2021-04-01,5,16,1,0,22,325,96
35740,"Norfolk, NE",2021-05-01,11,18,2,1,32,357,107
35740,"Norfolk, NE",2021-06-01,11,24,4,0,39,396,118
35740,"Norfolk, NE",2021-07-01,8,18,4,0,30,426,126
35740,"Norfolk, NE",2021-08-01,9,22,6,0,37,463,135
35740,"Norfolk, NE",2021-09-01,7,11,4,2,24,487,142
35740,"Norfolk, NE",2021-10-01,8,9,5,0,22,509,150
35740,"Norfolk, NE",2021-11-01,7,16,6,0,29,538,157
35740,"Norfolk, NE",2021-12-01,10,18,1,0,29,567,167
35740,"Norfolk, NE",2022-01-01,15,26,5,1,47,614,182
35740,"Norfolk, NE",2022-02-01,5,14,2,0,21,635,187
35740,"Norfolk, NE",2022-03-01,15,12,4,1,32,667,202
35740,"Norfolk, NE",2022-04-01,8,15,2,0,25,692,210
35740,"Norfolk, NE",2022-05-01,5,19,4,0,28,720,215
35740,"Norfolk, NE",2022-06-01,6,15,2,0,23,743,221
35740,"Norfolk, NE",2022-07-01,6,9,1,0,16,759,227
35740,"Norfolk, NE",2022-08-01,6,10,3,1,20,779,233
35740,"Norfolk, NE",2022-09-01,13,11,3,1,28,807,246
35740,"Norfolk, NE",2022-10-01,13,9,5,0,27,834,259
35740,"Norfolk, NE",2022-11-01,16,4,1,0,21,855,275
35740,"Norfolk, NE",2022-12-01,14,11,8,0,33,888,289
35740,"Norfolk, NE",2023-01-01,8,12,9,0,29,917,297
35740,"Norfolk, NE",2023-02-01,13,15,2,1,31,948,310
35740,"Norfolk, NE",2023-03-01,21,27,7,0,55,1003,331
35740,"Norfolk, NE",2023-04-01,12,15,2,0,29,1032,343
35740,"Norfolk, NE",2023-05-01,10,12,4,1,27,1059,353
35740,"Norfolk, NE",2023-06-01,15,5,4,0,24,1083,368
35740,"Norfolk, NE",2023-07-01,14,16,2,1,33,1116,382
35740,"Norfolk, NE",2023-08-01,5,6,1,0,12,1128,387
35740,"Norfolk, NE",2023-09-01,9,9,5,0,23,1151,396
35740,"Norfolk, NE",2023-10-01,17,18,6,0,41,1192,413
35740,"Norfolk, NE",2023-11-01,18,16,5,0,39,1231,431
35740,"Norfolk, NE",2023-12-01,14,16,7,0,37,1268,445
35740,"Norfolk, NE",2024-01-01,18,14,4,1,37,1305,463
35740,"Norfolk, NE",2024-02-01,22,12,1,0,35,1340,485
35740,"Norfolk, NE",2024-03-01,21,22,8,1,52,1392,506
35740,"Norfolk, NE",2024-04-01,14,13,4,0,31,1423,520
35740,"Norfolk, NE",2024-05-01,3,9,0,1,13,1436,523
35740,"Norfolk, NE",2024-06-01,4,7,2,0,13,1449,527
35740,"Norfolk, NE",2024-07-01,7,7,2,0,16,1465,534
35740,"Norfolk, NE",2024-08-01,3,7,0,0,10,1475,537
35740,"Norfolk, NE",2024-09-01,14,24,5,0,43,1518,551
35740,"Norfolk, NE",2024-10-01,13,9,3,0,25,1543,564
35740,"Norfolk, NE",2024-11-01,5,19,5,1,30,1573,569
35740,"Norfolk, NE",2024-12-01,22,18,9,0,49,1622,591
35740,"Norfolk, NE",2025-01-01,20,19,4,0,43,1665,611
35740,"Norfolk, NE",2025-02-01,11,22,2,1,36,1701,622
35740,"Norfolk, NE",2025-03-01,17,14,3,0,34,1735,639
35740,"Norfolk, NE",2025-04-01,10,20,2,0,32,1767,649
35740,"Norfolk, NE",2025-05-01,6,12,6,0,24,1791,655
35740,"Norfolk, NE",2025-06-01,11,10,3,0,24,1815,666
35740,"Norfolk, NE",2025-07-01,10,16,3,0,29,1844,676
35740,"Norfolk, NE",2025-08-01,8,7,1,0,16,1860,684
34260,"Mountain Home, AR",2019-01-01,0,3,2,0,5,5,0
34260,"Mountain Home, AR",2019-03-01,0,0,1,0,1,6,0
34260,"Mountain Home, AR",2019-04-01,1,0,0,0,1,7,1
34260,"Mountain Home, AR",2019-05-01,0,2,1,0,3,10,1
34260,"Mountain Home, AR",2019-06-01,0,5,0,0,5,15,1
34260,"Mountain Home, AR",2019-07-01,0,5,3,0,8,23,1
34260,"Mountain Home, AR",2019-08-01,1,9,2,0,12,35,2
34260,"Mountain Home, AR",2019-09-01,1,4,0,0,5,40,3
34260,"Mountain Home, AR",2019-10-01,0,8,1,0,9,49,3
34260,"Mountain Home, AR",2019-11-01,0,4,1,0,5,54,3
34260,"Mountain Home, AR",2019-12-01,1,5,2,0,8,62,4
34260,"Mountain Home, AR",2020-01-01,3,9,1,0,13,75,7
34260,"Mountain Home, AR",2020-02-01,1,6,3,1,11,86,8
34260,"Mountain Home, AR",2020-03-01,2,9,4,0,15,101,10
34260,"Mountain Home, AR",2020-04-01,5,8,7,2,22,123,15
34260,"Mountain Home, AR",2020-05-01,5,16,3,0,24,147,20
34260,"Mountain Home, AR",2020-06-01,8,23,3,0,34,181,28
34260,"Mountain Home, AR",2020-07-01,4,11,4,0,19,200,32
34260,"Mountain Home, AR",2020-08-01,1,6,2,0,9,209,33
34260,"Mountain Home, AR",2020-09-01,2,13,5,0,20,229,35
34260,"Mountain Home, AR",2020-10-01,4,12,5,0,21,250,39
34260,"Mountain Home, AR",2020-11-01,5,7,1,0,13,263,44
34260,"Mountain Home, AR",2020-12-01,7,9,4,0,20,283,51
34260,"Mountain Home, AR",2021-01-01,8,18,9,0,35,318,59
34260,"Mountain Home, AR",2021-02-01,9,19,1,0,29,347,68
34260,"Mountain Home, AR",2021-03-01,3,12,5,0,20,367,71
34260,"Mountain Home, AR",2021-04-01,2,13,3,1,19,386,73
34260,"Mountain Home, AR",2021-05-01,7,20,10,0,37,423,80
34260,"Mountain Home, AR",2021-06-01,8,19,7,0,34,457,88
34260,"Mountain Home, AR",2021-07-01,7,29,6,0,42,499,95
34260,"Mountain Home, AR",2021-08-01,3,23,7,1,34,533,98
34260,"Mountain Home, AR",2021-09-01,5,17,3,0,25,558,103
34260,"Mountain Home, AR",2021-10-01,5,17,5,1,28,586,108
34260,"Mountain Home, AR",2021-11-01,8,11,4,0,23,609,116
34260,"Mountain Home, AR",2021-12-01,6,15,8,0,29,638,122
34260,"Mountain Home, AR",2022-01-01,7,19,6,0,32,670,129
34260,"Mountain Home, AR",2022-02-01,7,17,7,0,31,701,136
34260,"Mountain Home, AR",2022-03-01,8,20,5,1,34,735,144
34260,"Mountain Home, AR",2022-04-01,4,15,5,1,25,760,148
34260,"Mountain Home, AR",2022-05-01,7,18,3,0,28,788,155
34260,"Mountain Home, AR",2022-06-01,3,9,6,0,18,806,158
34260,"Mountain Home, AR",2022-07-01,6,22,6,1,35,841,164
34260,"Mountain Home, AR",2022-08-01,6,13,5,1,25,866,170
34260,"Mountain Home, AR",2022-09-01,8,12,4,0,24,890,178
34260,"Mountain Home, AR",2022-10-01,4,13,2,0,19,909,182
34260,"Mountain Home, AR",2022-11-01,1,8,6,0,15,924,183
34260,"Mountain Home, AR",2022-12-01,7,15,5,1,28,952,190
34260,"Mountain Home, AR",2023-01-01,6,16,8,0,30,982,196
34260,"Mountain Home, AR",2023-02-01,14,17,4,0,35,1017,210
34260,"Mountain Home, AR",2023-03-01,16,15,9,0,40,1057,226
34260,"Mountain Home, AR",2023-04-01,5,15,6,0,26,1083,231
34260,"Mountain Home, AR",2023-05-01,3,7,4,1,15,1098,234
34260,"Mountain Home, AR",2023-06-01,9,13,7,0,29,1127,243
34260,"Mountain Home, AR",2023-07-01,15,20,5,0,40,1167,258
34260,"Mountain Home, AR",2023-08-01,4,5,4,1,14,1181,262
34260,"Mountain Home, AR",2023-09-01,7,8,1,1,17,1198,269
34260,"Mountain Home, AR",2023-10-01,11,15,9,1,36,1234,280
34260,"Mountain Home, AR",2023-11-01,15,15,5,0,35,1269,295
34260,"Mountain Home, AR",2023-12-01,13,9,8,2,32,1301,308
34260,"Mountain Home, AR",2024-01-01,10,10,2,0,22,1323,318
34260,"Mountain Home, AR",2024-02-01,11,15,4,2,32,1355,329
34260,"Mountain Home, AR",2024-03-01,20,11,7,0,38,1393,349
34260,"Mountain Home, AR",2024-04-01,13,14,4,0,31,1424,362
34260,"Mountain Home, AR",2024-05-01,14,14,5,0,33,1457,376
34260,"Mountain Home, AR",2024-06-01,7,8,0,0,15,1472,383
34260,"Mountain Home, AR",2024-07-01,4,6,1,0,11,1483,387
34260,"Mountain Home, AR",2024-08-01,3,11,1,0,15,1498,390
34260,"Mountain Home, AR",2024-09-01,12,4,2,0,18,1516,402
34260,"Mountain Home, AR",2024-10-01,12,10,3,1,26,1542,414
34260,"Mountain Home, AR",2024-11-01,12,13,4,0,29,1571,426
34260,"Mountain Home, AR",2024-12-01,20,15,3,1,39,1610,446
34260,"Mountain Home, AR",2025-01-01,14,5,3,1,23,1633,460
34260,"Mountain Home, AR",2025-02-01,15,12,5,0,32,1665,475
34260,"Mountain Home, AR",2025-03-01,11,17,6,0,34,1699,486
34260,"Mountain Home, AR",2025-04-01,18,13,6,1,38,1737,504
34260,"Mountain Home, AR",2025-05-01,16,18,4,0,38,1775,520
34260,"Mountain Home, AR",2025-06-01,23,15,7,1,46,1821,543
34260,"Mountain Home, AR",2025-07-01,22,18,6,0,46,1867,565
34260,"Mountain Home, AR",2025-08-01,11,10,3,1,25,1892,576
28260,"Kearney, NE",2019-01-01,1,1,2,0,4,4,1
28260,"Kearney, NE",2019-02-01,0,1,1,0,2,6,1
28260,"Kearney, NE",2019-03-01,1,7,4,1,13,19,2
28260,"Kearney, NE",2019-04-01,0,4,2,0,6,25,2
28260,"Kearney, NE",2019-05-01,0,15,4,0,19,44,2
28260,"Kearney, NE",2019-06-01,0,19,2,1,22,66,2
28260,"Kearney, NE",2019-07-01,0,18,3,0,21,87,2
28260,"Kearney, NE",2019-08-01,1,16,4,1,22,109,3
28260,"Kearney, NE",2019-09-01,0,21,3,0,24,133,3
28260,"Kearney, NE",2019-10-01,0,13,3,0,16,149,3
28260,"Kearney, NE",2019-11-01,0,16,1,0,17,166,3
28260,"Kearney, NE",2019-12-01,0,12,2,1,15,181,3
28260,"Kearney, NE",2020-01-01,0,15,7,0,22,203,3
28260,"Kearney, NE",2020-02-01,4,16,1,1,22,225,7
28260,"Kearney, NE",2020-03-01,3,20,4,0,27,252,10
28260,"Kearney, NE",2020-04-01,14,40,4,1,59,311,24
28260,"Kearney, NE",2020-05-01,21,39,4,0,64,375,45
28260,"Kearney, NE",2020-06-01,12,23,3,0,38,413,57
28260,"Kearney, NE",2020-07-01,7,33,5,0,45,458,64
28260,"Kearney, NE",2020-08-01,9,26,11,2,48,506,73
28260,"Kearney, NE",2020-09-01,13,26,7,0,46,552,86
28260,"Kearney, NE",2020-10-01,10,33,6,1,50,602,96
28260,"Kearney, NE",2020-11-01,9,33,4,0,46,648,105
28260,"Kearney, NE",2020-12-01,13,22,2,1,38,686,118
28260,"Kearney, NE",2021-01-01,10,31,9,1,51,737,128
28260,"Kearney, NE",2021-02-01,14,23,6,0,43,780,142
28260,"Kearney, NE",2021-03-01,22,33,10,0,65,845,164
28260,"Kearney, NE",2021-04-01,8,25,6,1,40,885,172
28260,"Kearney, NE",2021-05-01,15,27,9,0,51,936,187
28260,"Kearney, NE",2021-06-01,15,35,12,0,62,998,202
28260,"Kearney, NE",2021-07-01,11,15,10,0,36,1034,213
28260,"Kearney, NE",2021-08-01,14,26,7,1,48,1082,227
28260,"Kearney, NE",2021-09-01,13,37,8,0,58,1140,240
28260,"Kearney, NE",2021-10-01,13,37,6,0,56,1196,253
28260,"Kearney, NE",2021-11-01,14,27,12,0,53,1249,267
28260,"Kearney, NE",2021-12-01,27,42,8,0,77,1326,294
28260,"Kearney, NE",2022-01-01,29,35,12,0,76,1402,323
28260,"Kearney, NE",2022-02-01,18,26,10,3,57,1459,341
28260,"Kearney, NE",2022-03-01,25,30,6,0,61,1520,366
28260,"Kearney, NE",2022-04-01,17,25,8,0,50,1570,383
28260,"Kearney, NE",2022-05-01,26,43,5,0,74,1644,409
28260,"Kearney, NE",2022-06-01,18,28,5,0,51,1695,427
28260,"Kearney, NE",2022-07-01,19,34,11,0,64,1759,446
28260,"Kearney, NE",2022-08-01,23,40,10,1,74,1833,469
28260,"Kearney, NE",2022-09-01,24,29,6,1,60,1893,493
28260,"Kearney, NE",2022-10-01,16,41,11,2,70,1963,509
28260,"Kearney, NE",2022-11-01,18,37,11,3,69,2032,527
28260,"Kearney, NE",2022-12-01,28,26,9,0,63,2095,555
28260,"Kearney, NE",2023-01-01,22,31,13,1,67,2162,577
28260,"Kearney, NE",2023-02-01,27,42,13,1,83,2245,604
28260,"Kearney, NE",2023-03-01,31,53,16,1,101,2346,635
28260,"Kearney, NE",2023-04-01,26,33,9,0,68,2414,661
28260,"Kearney, NE",2023-05-01,11,30,6,0,47,2461,672
28260,"Kearney, NE",2023-06-01,12,15,9,0,36,2497,684
28260,"Kearney, NE",2023-07-01,25,32,10,3,70,2567,709
28260,"Kearney, NE",2023-08-01,9,13,3,2,27,2594,718
28260,"Kearney, NE",2023-09-01,15,31,13,0,59,2653,733
28260,"Kearney, NE",2023-10-01,30,37,9,0,76,2729,763
28260,"Kearney, NE",2023-11-01,36,49,17,1,103,2832,799
28260,"Kearney, NE",2023-12-01,39,35,11,0,85,2917,838
28260,"Kearney, NE",2024-01-01,25,38,13,1,77,2994,863
28260,"Kearney, NE",2024-02-01,31,30,5,1,67,3061,894
28260,"Kearney, NE",2024-03-01,15,24,4,2,45,3106,909
28260,"Kearney, NE",2024-04-01,31,29,15,1,76,3182,940
28260,"Kearney, NE",2024-05-01,26,47,12,3,88,3270,966
28260,"Kearney, NE",2024-06-01,13,29,8,1,51,3321,979
28260,"Kearney, NE",2024-07-01,14,25,5,2,46,3367,993
28260,"Kearney, NE",2024-08-01,17,26,3,1,47,3414,1010
28260,"Kearney, NE",2024-09-01,16,34,13,0,63,3477,1026
28260,"Kearney, NE",2024-10-01,41,47,8,1,97,3574,1067
28260,"Kearney, NE",2024-11-01,31,37,5,1,74,3648,1098
28260,"Kearney, NE",2024-12-01,39,40,7,1,87,3735,1137
28260,"Kearney, NE",2025-01-01,33,31,11,0,75,3810,1170
28260,"Kearney, NE",2025-02-01,21,31,9,0,61,3871,1191
28260,"Kearney, NE",2025-03-01,23,36,6,0,65,3936,1214
28260,"Kearney, NE",2025-04-01,37,39,10,0,86,4022,1251
28260,"Kearney, NE",2025-05-01,38,45,4,1,88,4110,1289
28260,"Kearney, NE",2025-06-01,45,37,11,1,94,4204,1334
28260,"Kearney, NE",2025-07-01,27,46,6,1,80,4284,1361
28260,"Kearney, NE",2025-08-01,25,27,7,0,59,4343,1386
28260,"Kearney, NE",2025-09-01,0,1,1,0,2,4345,1386
34500,"Mount Vernon, IL",2019-01-01,0,4,0,0,4,4,0
34500,"Mount Vernon, IL",2019-02-01,0,1,2,0,3,7,0
34500,"Mount Vernon, IL",2019-03-01,0,3,0,0,3,10,0
34500,"Mount Vernon, IL",2019-04-01,0,3,1,0,4,14,0
34500,"Mount Vernon, IL",2019-05-01,0,0,1,0,1,15,0
34500,"Mount Vernon, IL",2019-06-01,0,3,1,0,4,19,0
34500,"Mount Vernon, IL",2019-07-01,0,3,3,0,6,25,0
34500,"Mount Vernon, IL",2019-08-01,2,23,5,3,33,58,2
34500,"Mount Vernon, IL",2019-09-01,4,10,3,0,17,75,6
34500,"Mount Vernon, IL",2019-10-01,0,10,2,0,12,87,6
34500,"Mount Vernon, IL",2019-11-01,3,7,4,0,14,101,9
34500,"Mount Vernon, IL",2019-12-01,1,3,0,0,4,105,10
34500,"Mount Vernon, IL",2020-01-01,2,5,4,1,12,117,12
34500,"Mount Vernon, IL",2020-02-01,1,14,1,0,16,133,13
34500,"Mount Vernon, IL",2020-03-01,4,21,10,0,35,168,17
34500,"Mount Vernon, IL",2020-04-01,4,27,6,1,38,206,21
34500,"Mount Vernon, IL",2020-05-01,4,26,5,2,37,243,25
34500,"Mount Vernon, IL",2020-06-01,6,24,5,1,36,279,31
34500,"Mount Vernon, IL",2020-07-01,6,13,9,0,28,307,37
34500,"Mount Vernon, IL",2020-08-01,3,19,1,2,25,332,40
34500,"Mount Vernon, IL",2020-09-01,5,16,7,0,28,360,45
34500,"Mount Vernon, IL",2020-10-01,3,15,6,0,24,384,48
34500,"Mount Vernon, IL",2020-11-01,4,20,0,0,24,408,52
34500,"Mount Vernon, IL",2020-12-01,8,15,4,0,27,435,60
34500,"Mount Vernon, IL",2021-01-01,15,24,10,0,49,484,75
34500,"Mount Vernon, IL",2021-02-01,6,20,4,1,31,515,81
34500,"Mount Vernon, IL",2021-03-01,14,26,7,0,47,562,95
34500,"Mount Vernon, IL",2021-04-01,10,35,8,0,53,615,105
34500,"Mount Vernon, IL",2021-05-01,15,24,8,0,47,662,120
34500,"Mount Vernon, IL",2021-06-01,11,29,6,0,46,708,131
34500,"Mount Vernon, IL",2021-07-01,9,35,2,2,48,756,140
34500,"Mount Vernon, IL",2021-08-01,7,32,9,0,48,804,147
34500,"Mount Vernon, IL",2021-09-01,11,25,12,0,48,852,158
34500,"Mount Vernon, IL",2021-10-01,9,30,6,0,45,897,167
34500,"Mount Vernon, IL",2021-11-01,12,27,15,1,55,952,179
34500,"Mount Vernon, IL",2021-12-01,7,24,11,2,44,996,186
34500,"Mount Vernon, IL",2022-01-01,13,34,9,0,56,1052,199
34500,"Mount Vernon, IL",2022-02-01,5,20,11,0,36,1088,204
34500,"Mount Vernon, IL",2022-03-01,12,30,11,1,54,1142,216
34500,"Mount Vernon, IL",2022-04-01,12,34,6,1,53,1195,228
34500,"Mount Vernon, IL",2022-05-01,7,20,4,0,31,1226,235
34500,"Mount Vernon, IL",2022-06-01,17,14,7,0,38,1264,252
34500,"Mount Vernon, IL",2022-07-01,9,26,5,2,42,1306,261
34500,"Mount Vernon, IL",2022-08-01,8,26,7,0,41,1347,269
34500,"Mount Vernon, IL",2022-09-01,10,29,10,1,50,1397,279
34500,"Mount Vernon, IL",2022-10-01,5,19,8,1,33,1430,284
34500,"Mount Vernon, IL",2022-11-01,7,23,5,0,35,1465,291
34500,"Mount Vernon, IL",2022-12-01,17,21,3,0,41,1506,308
34500,"Mount Vernon, IL",2023-01-01,13,22,12,0,47,1553,321
34500,"Mount Vernon, IL",2023-02-01,14,18,7,0,39,1592,335
34500,"Mount Vernon, IL",2023-03-01,25,31,13,1,70,1662,360
34500,"Mount Vernon, IL",2023-04-01,11,23,7,1,42,1704,371
34500,"Mount Vernon, IL",2023-05-01,11,26,7,0,44,1748,382
34500,"Mount Vernon, IL",2023-06-01,8,21,9,0,38,1786,390
34500,"Mount Vernon, IL",2023-07-01,14,22,9,0,45,1831,404
34500,"Mount Vernon, IL",2023-08-01,14,26,7,0,47,1878,418
34500,"Mount Vernon, IL",2023-09-01,17,23,11,0,51,1929,435
34500,"Mount Vernon, IL",2023-10-01,14,17,13,1,45,1974,449
34500,"Mount Vernon, IL",2023-11-01,9,30,4,1,44,2018,458
34500,"Mount Vernon, IL",2023-12-01,12,23,7,1,43,2061,470
34500,"Mount Vernon, IL",2024-01-01,20,26,6,0,52,2113,490
34500,"Mount Vernon, IL",2024-02-01,17,20,3,0,40,2153,507
34500,"Mount Vernon, IL",2024-03-01,23,33,9,0,65,2218,530
34500,"Mount Vernon, IL",2024-04-01,20,24,8,0,52,2270,550
34500,"Mount Vernon, IL",2024-05-01,16,19,8,0,43,2313,566
34500,"Mount Vernon, IL",2024-06-01,8,12,2,0,22,2335,574
34500,"Mount Vernon, IL",2024-07-01,7,7,3,0,17,2352,581
34500,"Mount Vernon, IL",2024-08-01,9,19,5,0,33,2385,590
34500,"Mount Vernon, IL",2024-09-01,10,8,6,0,24,2409,600
34500,"Mount Vernon, IL",2024-10-01,15,15,8,0,38,2447,615
34500,"Mount Vernon, IL",2024-11-01,22,33,8,0,63,2510,637
34500,"Mount Vernon, IL",2024-12-01,29,39,13,0,81,2591,666
34500,"Mount Vernon, IL",2025-01-01,24,28,6,0,58,2649,690
34500,"Mount Vernon, IL",2025-02-01,39,29,12,0,80,2729,729
34500,"Mount Vernon, IL",2025-03-01,46,31,5,2,84,2813,775
34500,"Mount Vernon, IL",2025-04-01,35,33,15,1,84,2897,810
34500,"Mount Vernon, IL",2025-05-01,36,28,8,0,72,2969,846
34500,"Mount Vernon, IL",2025-06-01,20,20,4,1,45,3014,866
34500,"Mount Vernon, IL",2025-07-01,28,18,7,0,53,3067,894
34500,"Mount Vernon, IL",2025-08-01,13,29,6,0,48,3115,907
34500,"Mount Vernon, IL",2025-09-01,2,0,0,0,2,3117,909
30780,"Little Rock-North Little Rock-Conway, AR",2019-01-01,0,53,19,2,74,74,0
30780,"Little Rock-North Little Rock-Conway, AR",2019-02-01,1,39,12,3,55,129,1
30780,"Little Rock-North Little Rock-Conway, AR",2019-03-01,0,67,21,4,92,221,1
30780,"Little Rock-North Little Rock-Conway, AR",2019-04-01,3,72,18,2,95,316,4
30780,"Little Rock-North Little Rock-Conway, AR",2019-05-01,5,119,22,1,147,463,9
30780,"Little Rock-North Little Rock-Conway, AR",2019-06-01,6,89,23,2,120,583,15
30780,"Little Rock-North Little Rock-Conway, AR",2019-07-01,4,78,12,0,94,677,19
30780,"Little Rock-North Little Rock-Conway, AR",2019-08-01,2,103,15,2,122,799,21
30780,"Little Rock-North Little Rock-Conway, AR",2019-09-01,9,113,24,2,148,947,30
30780,"Little Rock-North Little Rock-Conway, AR",2019-10-01,7,53,11,1,72,1019,37
30780,"Little Rock-North Little Rock-Conway, AR",2019-11-01,11,98,31,4,144,1163,48
30780,"Little Rock-North Little Rock-Conway, AR",2019-12-01,15,62,23,3,103,1266,63
30780,"Little Rock-North Little Rock-Conway, AR",2020-01-01,15,99,29,1,144,1410,78
30780,"Little Rock-North Little Rock-Conway, AR",2020-02-01,14,87,21,0,122,1532,92
30780,"Little Rock-North Little Rock-Conway, AR",2020-03-01,26,147,39,3,215,1747,118
30780,"Little Rock-North Little Rock-Conway, AR",2020-04-01,73,322,70,5,470,2217,191
30780,"Little Rock-North Little Rock-Conway, AR",2020-05-01,108,398,66,3,575,2792,299
30780,"Little Rock-North Little Rock-Conway, AR",2020-06-01,118,379,56,4,557,3349,417
30780,"Little Rock-North Little Rock-Conway, AR",2020-07-01,148,479,64,4,695,4044,565
30780,"Little Rock-North Little Rock-Conway, AR",2020-08-01,127,488,74,7,696,4740,692
30780,"Little Rock-North Little Rock-Conway, AR",2020-09-01,121,457,71,10,659,5399,813
30780,"Little Rock-North Little Rock-Conway, AR",2020-10-01,94,387,88,5,574,5973,907
30780,"Little Rock-North Little Rock-Conway, AR",2020-11-01,59,218,56,3,336,6309,966
30780,"Little Rock-North Little Rock-Conway, AR",2020-12-01,100,278,64,6,448,6757,1066
30780,"Little Rock-North Little Rock-Conway, AR",2021-01-01,225,589,110,13,937,7694,1291
30780,"Little Rock-North Little Rock-Conway, AR",2021-02-01,146,375,87,13,621,8315,1437
30780,"Little Rock-North Little Rock-Conway, AR",2021-03-01,198,473,86,10,767,9082,1635
30780,"Little Rock-North Little Rock-Conway, AR",2021-04-01,200,653,111,9,973,10055,1835
30780,"Little Rock-North Little Rock-Conway, AR",2021-05-01,180,445,60,9,694,10749,2015
30780,"Little Rock-North Little Rock-Conway, AR",2021-06-01,203,650,143,12,1008,11757,2218
30780,"Little Rock-North Little Rock-Conway, AR",2021-07-01,68,266,49,1,384,12141,2286
30780,"Little Rock-North Little Rock-Conway, AR",2021-08-01,109,323,68,8,508,12649,2395
30780,"Little Rock-North Little Rock-Conway, AR",2021-09-01,101,350,99,6,556,13205,2496
30780,"Little Rock-North Little Rock-Conway, AR",2021-10-01,54,198,49,2,303,13508,2550
30780,"Little Rock-North Little Rock-Conway, AR",2021-11-01,92,256,61,3,412,13920,2642
30780,"Little Rock-North Little Rock-Conway, AR",2021-12-01,222,476,130,8,836,14756,2864
30780,"Little Rock-North Little Rock-Conway, AR",2022-01-01,182,414,109,14,719,15475,3046
30780,"Little Rock-North Little Rock-Conway, AR",2022-02-01,153,421,100,6,680,16155,3199
30780,"Little Rock-North Little Rock-Conway, AR",2022-03-01,220,479,127,14,840,16995,3419
30780,"Little Rock-North Little Rock-Conway, AR",2022-04-01,205,474,102,7,788,17783,3624
30780,"Little Rock-North Little Rock-Conway, AR",2022-05-01,100,215,54,2,371,18154,3724
30780,"Little Rock-North Little Rock-Conway, AR",2022-06-01,142,292,67,3,504,18658,3866
30780,"Little Rock-North Little Rock-Conway, AR",2022-07-01,69,163,45,4,281,18939,3935
30780,"Little Rock-North Little Rock-Conway, AR",2022-08-01,108,198,49,8,363,19302,4043
30780,"Little Rock-North Little Rock-Conway, AR",2022-09-01,133,274,83,7,497,19799,4176
30780,"Little Rock-North Little Rock-Conway, AR",2022-10-01,164,274,85,7,530,20329,4340
30780,"Little Rock-North Little Rock-Conway, AR",2022-11-01,211,439,121,18,789,21118,4551
30780,"Little Rock-North Little Rock-Conway, AR",2022-12-01,245,410,120,15,790,21908,4796
30780,"Little Rock-North Little Rock-Conway, AR",2023-01-01,211,352,102,11,676,22584,5007
30780,"Little Rock-North Little Rock-Conway, AR",2023-02-01,199,335,107,10,651,23235,5206
30780,"Little Rock-North Little Rock-Conway, AR",2023-03-01,309,486,130,12,937,24172,5515
30780,"Little Rock-North Little Rock-Conway, AR",2023-04-01,226,359,99,11,695,24867,5741
30780,"Little Rock-North Little Rock-Conway, AR",2023-05-01,144,240,74,3,461,25328,5885
30780,"Little Rock-North Little Rock-Conway, AR",2023-06-01,126,155,39,5,325,25653,6011
30780,"Little Rock-North Little Rock-Conway, AR",2023-07-01,86,139,36,4,265,25918,6097
30780,"Little Rock-North Little Rock-Conway, AR",2023-08-01,182,301,96,5,584,26502,6279
30780,"Little Rock-North Little Rock-Conway, AR",2023-09-01,222,317,98,8,645,27147,6501
30780,"Little Rock-North Little Rock-Conway, AR",2023-10-01,242,356,98,7,703,27850,6743
30780,"Little Rock-North Little Rock-Conway, AR",2023-11-01,271,374,122,11,778,28628,7014
30780,"Little Rock-North Little Rock-Conway, AR",2023-12-01,280,313,93,6,692,29320,7294
30780,"Little Rock-North Little Rock-Conway, AR",2024-01-01,293,389,89,9,780,30100,7587
30780,"Little Rock-North Little Rock-Conway, AR",2024-02-01,281,304,106,16,707,30807,7868
30780,"Little Rock-North Little Rock-Conway, AR",2024-03-01,274,324,96,11,705,31512,8142
30780,"Little Rock-North Little Rock-Conway, AR",2024-04-01,198,258,79,7,542,32054,8340
30780,"Little Rock-North Little Rock-Conway, AR",2024-05-01,229,294,84,6,613,32667,8569
30780,"Little Rock-North Little Rock-Conway, AR",2024-06-01,236,356,97,8,697,33364,8805
30780,"Little Rock-North Little Rock-Conway, AR",2024-07-01,175,250,90,7,522,33886,8980
30780,"Little Rock-North Little Rock-Conway, AR",2024-08-01,172,244,74,9,499,34385,9152
30780,"Little Rock-North Little Rock-Conway, AR",2024-09-01,245,358,105,15,723,35108,9397
30780,"Little Rock-North Little Rock-Conway, AR",2024-10-01,255,360,105,9,729,35837,9652
30780,"Little Rock-North Little Rock-Conway, AR",2024-11-01,270,331,104,16,721,36558,9922
30780,"Little Rock-North Little Rock-Conway, AR",2024-12-01,326,334,103,8,771,37329,10248
30780,"Little Rock-North Little Rock-Conway, AR",2025-01-01,306,344,98,10,758,38087,10554
30780,"Little Rock-North Little Rock-Conway, AR",2025-02-01,289,291,106,10,696,38783,10843
30780,"Little Rock-North Little Rock-Conway, AR",2025-03-01,354,322,125,10,811,39594,11197
30780,"Little Rock-North Little Rock-Conway, AR",2025-04-01,361,331,86,14,792,40386,11558
30780,"Little Rock-North Little Rock-Conway, AR",2025-05-01,392,380,101,16,889,41275,11950
30780,"Little Rock-North Little Rock-Conway, AR",2025-06-01,311,343,119,11,784,42059,12261
30780,"Little Rock-North Little Rock-Conway, AR",2025-07-01,313,329,101,15,758,42817,12574
30780,"Little Rock-North Little Rock-Conway, AR",2025-08-01,235,286,96,4,621,43438,12809
30780,"Little Rock-North Little Rock-Conway, AR",2025-09-01,9,0,0,0,9,43447,12818
27860,"Jonesboro, AR",2019-01-01,0,4,0,0,4,4,0
27860,"Jonesboro, AR",2019-02-01,0,2,1,0,3,7,0
27860,"Jonesboro, AR",2019-03-01,0,16,2,0,18,25,0
27860,"Jonesboro, AR",2019-04-01,1,22,4,0,27,52,1
27860,"Jonesboro, AR",2019-05-01,1,20,6,0,27,79,2
27860,"Jonesboro, AR",2019-06-01,0,23,4,0,27,106,2
27860,"Jonesboro, AR",2019-07-01,1,12,7,0,20,126,3
27860,"Jonesboro, AR",2019-08-01,0,19,7,1,27,153,3
27860,"Jonesboro, AR",2019-09-01,5,29,5,1,40,193,8
27860,"Jonesboro, AR",2019-10-01,4,9,3,0,16,209,12
27860,"Jonesboro, AR",2019-11-01,3,22,3,0,28,237,15
27860,"Jonesboro, AR",2019-12-01,3,13,8,0,24,261,18
27860,"Jonesboro, AR",2020-01-01,2,26,10,0,38,299,20
27860,"Jonesboro, AR",2020-02-01,5,25,9,0,39,338,25
27860,"Jonesboro, AR",2020-03-01,5,40,10,0,55,393,30
27860,"Jonesboro, AR",2020-04-01,13,75,16,0,104,497,43
27860,"Jonesboro, AR",2020-05-01,26,80,12,1,119,616,69
27860,"Jonesboro, AR",2020-06-01,20,60,8,0,88,704,89
27860,"Jonesboro, AR",2020-07-01,19,90,13,1,123,827,108
27860,"Jonesboro, AR",2020-08-01,26,128,12,0,166,993,134
27860,"Jonesboro, AR",2020-09-01,27,80,12,2,121,1114,161
27860,"Jonesboro, AR",2020-10-01,19,88,18,0,125,1239,180
27860,"Jonesboro, AR",2020-11-01,22,68,10,0,100,1339,202
27860,"Jonesboro, AR",2020-12-01,20,64,4,1,89,1428,222
27860,"Jonesboro, AR",2021-01-01,45,122,20,1,188,1616,267
27860,"Jonesboro, AR",2021-02-01,37,82,20,0,139,1755,304
27860,"Jonesboro, AR",2021-03-01,52,128,18,4,202,1957,356
27860,"Jonesboro, AR",2021-04-01,57,178,20,3,258,2215,413
27860,"Jonesboro, AR",2021-05-01,54,136,18,1,209,2424,467
27860,"Jonesboro, AR",2021-06-01,27,95,18,1,141,2565,494
27860,"Jonesboro, AR",2021-07-01,31,87,18,4,140,2705,525
27860,"Jonesboro, AR",2021-08-01,38,106,20,2,166,2871,563
27860,"Jonesboro, AR",2021-09-01,36,106,17,3,162,3033,599
27860,"Jonesboro, AR",2021-10-01,36,86,30,1,153,3186,635
27860,"Jonesboro, AR",2021-11-01,17,62,13,0,92,3278,652
27860,"Jonesboro, AR",2021-12-01,43,103,22,1,169,3447,695
27860,"Jonesboro, AR",2022-01-01,43,88,22,3,156,3603,738
27860,"Jonesboro, AR",2022-02-01,45,97,22,2,166,3769,783
27860,"Jonesboro, AR",2022-03-01,58,142,25,2,227,3996,841
27860,"Jonesboro, AR",2022-04-01,38,79,20,2,139,4135,879
27860,"Jonesboro, AR",2022-05-01,38,105,15,0,158,4293,917
27860,"Jonesboro, AR",2022-06-01,42,75,14,0,131,4424,959
27860,"Jonesboro, AR",2022-07-01,37,78,21,1,137,4561,996
27860,"Jonesboro, AR",2022-08-01,49,104,24,2,179,4740,1045
27860,"Jonesboro, AR",2022-09-01,49,107,34,3,193,4933,1094
27860,"Jonesboro, AR",2022-10-01,54,108,29,1,192,5125,1148
27860,"Jonesboro, AR",2022-11-01,51,96,26,2,175,5300,1199
27860,"Jonesboro, AR",2022-12-01,44,84,15,2,145,5445,1243
27860,"Jonesboro, AR",2023-01-01,58,80,24,0,162,5607,1301
27860,"Jonesboro, AR",2023-02-01,57,83,27,2,169,5776,1358
27860,"Jonesboro, AR",2023-03-01,97,132,37,3,269,6045,1455
27860,"Jonesboro, AR",2023-04-01,68,73,22,5,168,6213,1523
27860,"Jonesboro, AR",2023-05-01,37,71,17,1,126,6339,1560
27860,"Jonesboro, AR",2023-06-01,36,56,21,4,117,6456,1596
27860,"Jonesboro, AR",2023-07-01,49,61,16,1,127,6583,1645
27860,"Jonesboro, AR",2023-08-01,37,71,14,1,123,6706,1682
27860,"Jonesboro, AR",2023-09-01,56,65,31,1,153,6859,1738
27860,"Jonesboro, AR",2023-10-01,51,72,28,1,152,7011,1789
27860,"Jonesboro, AR",2023-11-01,57,99,22,0,178,7189,1846
27860,"Jonesboro, AR",2023-12-01,93,115,33,3,244,7433,1939
27860,"Jonesboro, AR",2024-01-01,107,113,30,2,252,7685,2046
27860,"Jonesboro, AR",2024-02-01,112,98,31,3,244,7929,2158
27860,"Jonesboro, AR",2024-03-01,108,103,21,2,234,8163,2266
27860,"Jonesboro, AR",2024-04-01,88,104,22,2,216,8379,2354
27860,"Jonesboro, AR",2024-05-01,51,51,22,4,128,8507,2405
27860,"Jonesboro, AR",2024-06-01,61,65,22,3,151,8658,2466
27860,"Jonesboro, AR",2024-07-01,55,53,16,1,125,8783,2521
27860,"Jonesboro, AR",2024-08-01,30,55,16,2,103,8886,2551
27860,"Jonesboro, AR",2024-09-01,64,62,20,1,147,9033,2615
27860,"Jonesboro, AR",2024-10-01,89,123,23,2,237,9270,2704
27860,"Jonesboro, AR",2024-11-01,93,97,29,3,222,9492,2797
27860,"Jonesboro, AR",2024-12-01,97,97,34,3,231,9723,2894
27860,"Jonesboro, AR",2025-01-01,109,85,26,0,220,9943,3003
27860,"Jonesboro, AR",2025-02-01,117,76,21,2,216,10159,3120
27860,"Jonesboro, AR",2025-03-01,119,87,23,5,234,10393,3239
27860,"Jonesboro, AR",2025-04-01,130,95,33,5,263,10656,3369
27860,"Jonesboro, AR",2025-05-01,128,118,32,5,283,10939,3497
27860,"Jonesboro, AR",2025-06-01,96,105,36,1,238,11177,3593
27860,"Jonesboro, AR",2025-07-01,80,87,26,2,195,11372,3673
27860,"Jonesboro, AR",2025-08-01,89,76,23,3,191,11563,3762
27860,"Jonesboro, AR",2025-09-01,0,3,0,0,3,11566,3762
46140,"Tulsa, OK",2019-01-01,7,253,59,5,324,324,7
46140,"Tulsa, OK",2019-02-01,22,208,55,9,294,618,29
46140,"Tulsa, OK",2019-03-01,20,252,46,7,325,943,49
46140,"Tulsa, OK",2019-04-01,16,272,60,7,355,1298,65
46140,"Tulsa, OK",2019-05-01,16,304,70,8,398,1696,81
46140,"Tulsa, OK",2019-06-01,20,327,73,10,430,2126,101
46140,"Tulsa, OK",2019-07-01,10,131,29,0,170,2296,111
46140,"Tulsa, OK",2019-08-01,5,116,22,0,143,2439,116
46140,"Tulsa, OK",2019-09-01,24,203,46,2,275,2714,140
46140,"Tulsa, OK",2019-10-01,24,199,57,4,284,2998,164
46140,"Tulsa, OK",2019-11-01,32,202,61,8,303,3301,196
46140,"Tulsa, OK",2019-12-01,16,165,39,1,221,3522,212
46140,"Tulsa, OK",2020-01-01,24,191,49,4,268,3790,236
46140,"Tulsa, OK",2020-02-01,31,141,43,3,218,4008,267
46140,"Tulsa, OK",2020-03-01,24,179,58,5,266,4274,291
46140,"Tulsa, OK",2020-04-01,204,635,147,21,1007,5281,495
46140,"Tulsa, OK",2020-05-01,429,893,225,22,1569,6850,924
46140,"Tulsa, OK",2020-06-01,160,499,102,9,770,7620,1084
46140,"Tulsa, OK",2020-07-01,198,659,132,20,1009,8629,1282
46140,"Tulsa, OK",2020-08-01,132,529,114,14,789,9418,1414
46140,"Tulsa, OK",2020-09-01,161,559,104,10,834,10252,1575
46140,"Tulsa, OK",2020-10-01,141,456,136,9,742,10994,1716
46140,"Tulsa, OK",2020-11-01,74,239,46,8,367,11361,1790
46140,"Tulsa, OK",2020-12-01,120,340,76,11,547,11908,1910
46140,"Tulsa, OK",2021-01-01,304,796,173,26,1299,13207,2214
46140,"Tulsa, OK",2021-02-01,269,719,157,18,1163,14370,2483
46140,"Tulsa, OK",2021-03-01,367,826,229,36,1458,15828,2850
46140,"Tulsa, OK",2021-04-01,258,689,150,19,1116,16944,3108
46140,"Tulsa, OK",2021-05-01,141,396,71,12,620,17564,3249
46140,"Tulsa, OK",2021-06-01,133,420,114,7,674,18238,3382
46140,"Tulsa, OK",2021-07-01,103,353,79,11,546,18784,3485
46140,"Tulsa, OK",2021-08-01,132,472,91,19,714,19498,3617
46140,"Tulsa, OK",2021-09-01,194,696,213,25,1128,20626,3811
46140,"Tulsa, OK",2021-10-01,84,280,77,8,449,21075,3895
46140,"Tulsa, OK",2021-11-01,155,436,120,14,725,21800,4050
46140,"Tulsa, OK",2021-12-01,335,666,223,14,1238,23038,4385
46140,"Tulsa, OK",2022-01-01,299,701,193,24,1217,24255,4684
46140,"Tulsa, OK",2022-02-01,152,405,131,15,703,24958,4836
46140,"Tulsa, OK",2022-03-01,222,674,192,19,1107,26065,5058
46140,"Tulsa, OK",2022-04-01,86,266,67,13,432,26497,5144
46140,"Tulsa, OK",2022-05-01,152,396,117,10,675,27172,5296
46140,"Tulsa, OK",2022-06-01,84,233,72,3,392,27564,5380
46140,"Tulsa, OK",2022-07-01,82,203,55,5,345,27909,5462
46140,"Tulsa, OK",2022-08-01,75,209,67,6,357,28266,5537
46140,"Tulsa, OK",2022-09-01,80,217,68,10,375,28641,5617
46140,"Tulsa, OK",2022-10-01,146,336,121,7,610,29251,5763
46140,"Tulsa, OK",2022-11-01,296,626,181,22,1125,30376,6059
46140,"Tulsa, OK",2022-12-01,295,561,152,13,1021,31397,6354
46140,"Tulsa, OK",2023-01-01,216,447,156,17,836,32233,6570
46140,"Tulsa, OK",2023-02-01,356,589,184,15,1144,33377,6926
46140,"Tulsa, OK",2023-03-01,433,731,218,29,1411,34788,7359
46140,"Tulsa, OK",2023-04-01,263,523,163,12,961,35749,7622
46140,"Tulsa, OK",2023-05-01,135,229,73,4,441,36190,7757
46140,"Tulsa, OK",2023-06-01,110,180,47,4,341,36531,7867
46140,"Tulsa, OK",2023-07-01,96,175,51,5,327,36858,7963
46140,"Tulsa, OK",2023-08-01,114,249,79,9,451,37309,8077
46140,"Tulsa, OK",2023-09-01,89,201,57,12,359,37668,8166
46140,"Tulsa, OK",2023-10-01,209,436,119,10,774,38442,8375
46140,"Tulsa, OK",2023-11-01,396,559,185,23,1163,39605,8771
46140,"Tulsa, OK",2023-12-01,355,534,183,11,1083,40688,9126
46140,"Tulsa, OK",2024-01-01,396,563,164,22,1145,41833,9522
46140,"Tulsa, OK",2024-02-01,375,460,167,15,1017,42850,9897
46140,"Tulsa, OK",2024-03-01,379,535,159,15,1088,43938,10276
46140,"Tulsa, OK",2024-04-01,349,449,125,18,941,44879,10625
46140,"Tulsa, OK",2024-05-01,340,467,133,18,958,45837,10965
46140,"Tulsa, OK",2024-06-01,340,377,120,13,850,46687,11305
46140,"Tulsa, OK",2024-07-01,253,379,116,10,758,47445,11558
46140,"Tulsa, OK",2024-08-01,117,208,59,4,388,47833,11675
46140,"Tulsa, OK",2024-09-01,103,164,42,6,315,48148,11778
46140,"Tulsa, OK",2024-10-01,173,240,67,7,487,48635,11951
46140,"Tulsa, OK",2024-11-01,436,540,140,12,1128,49763,12387
46140,"Tulsa, OK",2024-12-01,450,520,143,13,1126,50889,12837
46140,"Tulsa, OK",2025-01-01,429,529,146,13,1117,52006,13266
46140,"Tulsa, OK",2025-02-01,461,415,126,14,1016,53022,13727
46140,"Tulsa, OK",2025-03-01,471,453,133,7,1064,54086,14198
46140,"Tulsa, OK",2025-04-01,420,433,109,13,975,55061,14618
46140,"Tulsa, OK",2025-05-01,480,515,118,13,1126,56187,15098
46140,"Tulsa, OK",2025-06-01,469,491,134,14,1108,57295,15567
46140,"Tulsa, OK",2025-07-01,284,285,70,10,649,57944,15851
46140,"Tulsa, OK",2025-08-01,340,381,117,8,846,58790,16191
46140,"Tulsa, OK",2025-09-01,12,6,1,1,20,58810,16203
45300,"Tampa-St. Petersburg-Clearwater, FL",2019-01-01,14,444,163,11,632,632,14
45300,"Tampa-St. Petersburg-Clearwater, FL",2019-02-01,18,460,145,24,647,1279,32
45300,"Tampa-St. Petersburg-Clearwater, FL",2019-03-01,27,561,164,15,767,2046,59
45300,"Tampa-St. Petersburg-Clearwater, FL",2019-04-01,44,580,168,18,810,2856,103
45300,"Tampa-St. Petersburg-Clearwater, FL",2019-05-01,29,561,150,12,752,3608,132
45300,"Tampa-St. Petersburg-Clearwater, FL",2019-06-01,30,370,107,8,515,4123,162
45300,"Tampa-St. Petersburg-Clearwater, FL",2019-07-01,43,472,159,14,688,4811,205
45300,"Tampa-St. Petersburg-Clearwater, FL",2019-08-01,63,654,212,23,952,5763,268
45300,"Tampa-St. Petersburg-Clearwater, FL",2019-09-01,45,473,140,19,677,6440,313
45300,"Tampa-St. Petersburg-Clearwater, FL",2019-10-01,43,329,107,13,492,6932,356
45300,"Tampa-St. Petersburg-Clearwater, FL",2019-11-01,41,386,105,10,542,7474,397
45300,"Tampa-St. Petersburg-Clearwater, FL",2019-12-01,69,421,143,18,651,8125,466
45300,"Tampa-St. Petersburg-Clearwater, FL",2020-01-01,62,462,171,17,712,8837,528
45300,"Tampa-St. Petersburg-Clearwater, FL",2020-02-01,72,391,133,20,616,9453,600
45300,"Tampa-St. Petersburg-Clearwater, FL",2020-03-01,57,408,147,10,622,10075,657
45300,"Tampa-St. Petersburg-Clearwater, FL",2020-04-01,313,1377,450,49,2189,12264,970
45300,"Tampa-St. Petersburg-Clearwater, FL",2020-05-01,461,1412,418,39,2330,14594,1431
45300,"Tampa-St. Petersburg-Clearwater, FL",2020-06-01,339,1088,268,32,1727,16321,1770
45300,"Tampa-St. Petersburg-Clearwater, FL",2020-07-01,399,1367,361,47,2174,18495,2169
45300,"Tampa-St. Petersburg-Clearwater, FL",2020-08-01,608,2141,542,58,3349,21844,2777
45300,"Tampa-St. Petersburg-Clearwater, FL",2020-09-01,486,1872,475,72,2905,24749,3263
45300,"Tampa-St. Petersburg-Clearwater, FL",2020-10-01,219,832,223,20,1294,26043,3482
45300,"Tampa-St. Petersburg-Clearwater, FL",2020-11-01,221,829,250,25,1325,27368,3703
45300,"Tampa-St. Petersburg-Clearwater, FL",2020-12-01,268,744,212,27,1251,28619,3971
45300,"Tampa-St. Petersburg-Clearwater, FL",2021-01-01,779,2046,582,72,3479,32098,4750
45300,"Tampa-St. Petersburg-Clearwater, FL",2021-02-01,529,1461,422,64,2476,34574,5279
45300,"Tampa-St. Petersburg-Clearwater, FL",2021-03-01,878,2254,689,90,3911,38485,6157
45300,"Tampa-St. Petersburg-Clearwater, FL",2021-04-01,952,2549,731,88,4320,42805,7109
45300,"Tampa-St. Petersburg-Clearwater, FL",2021-05-01,923,2329,574,64,3890,46695,8032
45300,"Tampa-St. Petersburg-Clearwater, FL",2021-06-01,670,1939,487,56,3152,49847,8702
45300,"Tampa-St. Petersburg-Clearwater, FL",2021-07-01,672,2171,582,72,3497,53344,9374
45300,"Tampa-St. Petersburg-Clearwater, FL",2021-08-01,485,1708,498,54,2745,56089,9859
45300,"Tampa-St. Petersburg-Clearwater, FL",2021-09-01,389,1379,426,36,2230,58319,10248
45300,"Tampa-St. Petersburg-Clearwater, FL",2021-10-01,204,775,259,34,1272,59591,10452
45300,"Tampa-St. Petersburg-Clearwater, FL",2021-11-01,534,1467,436,68,2505,62096,10986
45300,"Tampa-St. Petersburg-Clearwater, FL",2021-12-01,762,1674,537,78,3051,65147,11748
45300,"Tampa-St. Petersburg-Clearwater, FL",2022-01-01,1076,2596,797,110,4579,69726,12824
45300,"Tampa-St. Petersburg-Clearwater, FL",2022-02-01,715,1705,518,69,3007,72733,13539
45300,"Tampa-St. Petersburg-Clearwater, FL",2022-03-01,853,2051,689,72,3665,76398,14392
45300,"Tampa-St. Petersburg-Clearwater, FL",2022-04-01,786,2134,678,66,3664,80062,15178
45300,"Tampa-St. Petersburg-Clearwater, FL",2022-05-01,907,1917,597,62,3483,83545,16085
45300,"Tampa-St. Petersburg-Clearwater, FL",2022-06-01,418,982,281,24,1705,85250,16503
45300,"Tampa-St. Petersburg-Clearwater, FL",2022-07-01,387,1011,283,40,1721,86971,16890
45300,"Tampa-St. Petersburg-Clearwater, FL",2022-08-01,367,980,354,36,1737,88708,17257
45300,"Tampa-St. Petersburg-Clearwater, FL",2022-09-01,675,1445,495,48,2663,91371,17932
45300,"Tampa-St. Petersburg-Clearwater, FL",2022-10-01,932,1996,709,81,3718,95089,18864
45300,"Tampa-St. Petersburg-Clearwater, FL",2022-11-01,702,1547,532,61,2842,97931,19566
45300,"Tampa-St. Petersburg-Clearwater, FL",2022-12-01,770,1485,482,58,2795,100726,20336
45300,"Tampa-St. Petersburg-Clearwater, FL",2023-01-01,812,1584,561,61,3018,103744,21148
45300,"Tampa-St. Petersburg-Clearwater, FL",2023-02-01,637,1288,465,47,2437,106181,21785
45300,"Tampa-St. Petersburg-Clearwater, FL",2023-03-01,864,1722,584,54,3224,109405,22649
45300,"Tampa-St. Petersburg-Clearwater, FL",2023-04-01,666,1506,444,41,2657,112062,23315
45300,"Tampa-St. Petersburg-Clearwater, FL",2023-05-01,483,944,273,20,1720,113782,23798
45300,"Tampa-St. Petersburg-Clearwater, FL",2023-06-01,315,737,198,24,1274,115056,24113
45300,"Tampa-St. Petersburg-Clearwater, FL",2023-07-01,269,666,202,23,1160,116216,24382
45300,"Tampa-St. Petersburg-Clearwater, FL",2023-08-01,243,650,164,15,1072,117288,24625
45300,"Tampa-St. Petersburg-Clearwater, FL",2023-09-01,452,1067,383,28,1930,119218,25077
45300,"Tampa-St. Petersburg-Clearwater, FL",2023-10-01,711,1707,589,60,3067,122285,25788
45300,"Tampa-St. Petersburg-Clearwater, FL",2023-11-01,717,1574,569,44,2904,125189,26505
45300,"Tampa-St. Petersburg-Clearwater, FL",2023-12-01,762,1555,512,44,2873,128062,27267
45300,"Tampa-St. Petersburg-Clearwater, FL",2024-01-01,793,1672,579,60,3104,131166,28060
45300,"Tampa-St. Petersburg-Clearwater, FL",2024-02-01,820,1530,523,49,2922,134088,28880
45300,"Tampa-St. Petersburg-Clearwater, FL",2024-03-01,1000,1665,546,55,3266,137354,29880
45300,"Tampa-St. Petersburg-Clearwater, FL",2024-04-01,949,1708,514,49,3220,140574,30829
45300,"Tampa-St. Petersburg-Clearwater, FL",2024-05-01,1110,1786,605,68,3569,144143,31939
45300,"Tampa-St. Petersburg-Clearwater, FL",2024-06-01,811,1482,483,46,2822,146965,32750
45300,"Tampa-St. Petersburg-Clearwater, FL",2024-07-01,355,777,232,18,1382,148347,33105
45300,"Tampa-St. Petersburg-Clearwater, FL",2024-08-01,186,556,149,14,905,149252,33291
45300,"Tampa-St. Petersburg-Clearwater, FL",2024-09-01,451,1071,312,31,1865,151117,33742
45300,"Tampa-St. Petersburg-Clearwater, FL",2024-10-01,695,1440,455,38,2628,153745,34437
45300,"Tampa-St. Petersburg-Clearwater, FL",2024-11-01,717,1476,447,41,2681,156426,35154
45300,"Tampa-St. Petersburg-Clearwater, FL",2024-12-01,731,1356,410,32,2529,158955,35885
45300,"Tampa-St. Petersburg-Clearwater, FL",2025-01-01,851,1528,490,44,2913,161868,36736
45300,"Tampa-St. Petersburg-Clearwater, FL",2025-02-01,702,1176,394,39,2311,164179,37438
45300,"Tampa-St. Petersburg-Clearwater, FL",2025-03-01,790,1301,429,42,2562,166741,38228
45300,"Tampa-St. Petersburg-Clearwater, FL",2025-04-01,876,1308,385,43,2612,169353,39104
45300,"Tampa-St. Petersburg-Clearwater, FL",2025-05-01,986,1438,493,40,2957,172310,40090
45300,"Tampa-St. Petersburg-Clearwater, FL",2025-06-01,952,1534,515,50,3051,175361,41042
45300,"Tampa-St. Petersburg-Clearwater, FL",2025-07-01,818,1357,460,37,2672,178033,41860
45300,"Tampa-St. Petersburg-Clearwater, FL",2025-08-01,684,1234,410,40,2368,180401,42544
45300,"Tampa-St. Petersburg-Clearwater, FL",2025-09-01,18,23,10,0,51,180452,42562
10940,"Alma, MI",2019-01-01,0,1,1,0,2,2,0
10940,"Alma, MI",2019-02-01,0,3,0,0,3,5,0
10940,"Alma, MI",2019-03-01,0,1,0,0,1,6,0
10940,"Alma, MI",2019-04-01,0,1,0,0,1,7,0
10940,"Alma, MI",2019-05-01,0,3,1,0,4,11,0
10940,"Alma, MI",2019-06-01,0,2,2,0,4,15,0
10940,"Alma, MI",2019-07-01,0,2,1,0,3,18,0
10940,"Alma, MI",2019-08-01,0,2,2,0,4,22,0
10940,"Alma, MI",2019-09-01,0,3,0,0,3,25,0
10940,"Alma, MI",2019-10-01,0,5,1,0,6,31,0
10940,"Alma, MI",2019-11-01,0,4,1,0,5,36,0
10940,"Alma, MI",2019-12-01,0,2,2,0,4,40,0
10940,"Alma, MI",2020-01-01,2,5,0,0,7,47,2
10940,"Alma, MI",2020-02-01,1,1,1,0,3,50,3
10940,"Alma, MI",2020-03-01,2,7,3,0,12,62,5
10940,"Alma, MI",2020-04-01,1,13,3,0,17,79,6
10940,"Alma, MI",2020-05-01,8,15,4,0,27,106,14
10940,"Alma, MI",2020-06-01,6,7,4,1,18,124,20
10940,"Alma, MI",2020-07-01,4,13,5,0,22,146,24
10940,"Alma, MI",2020-08-01,5,21,1,0,27,173,29
10940,"Alma, MI",2020-09-01,1,16,7,0,24,197,30
10940,"Alma, MI",2020-10-01,10,27,2,0,39,236,40
10940,"Alma, MI",2020-11-01,7,30,6,0,43,279,47
10940,"Alma, MI",2020-12-01,13,31,3,0,47,326,60
10940,"Alma, MI",2021-01-01,11,24,5,0,40,366,71
10940,"Alma, MI",2021-02-01,11,19,5,0,35,401,82
10940,"Alma, MI",2021-03-01,12,31,4,0,47,448,94
10940,"Alma, MI",2021-04-01,11,26,6,0,43,491,105
10940,"Alma, MI",2021-05-01,9,25,8,0,42,533,114
10940,"Alma, MI",2021-06-01,14,22,6,0,42,575,128
10940,"Alma, MI",2021-07-01,13,23,4,2,42,617,141
10940,"Alma, MI",2021-08-01,9,26,5,0,40,657,150
10940,"Alma, MI",2021-09-01,18,22,2,0,42,699,168
10940,"Alma, MI",2021-10-01,12,30,6,0,48,747,180
10940,"Alma, MI",2021-11-01,9,19,4,0,32,779,189
10940,"Alma, MI",2021-12-01,11,17,9,0,37,816,200
10940,"Alma, MI",2022-01-01,17,24,5,1,47,863,217
10940,"Alma, MI",2022-02-01,10,19,4,0,33,896,227
10940,"Alma, MI",2022-03-01,7,25,10,1,43,939,234
10940,"Alma, MI",2022-04-01,9,17,6,0,32,971,243
10940,"Alma, MI",2022-05-01,4,12,2,0,18,989,247
10940,"Alma, MI",2022-06-01,5,14,5,1,25,1014,252
10940,"Alma, MI",2022-07-01,5,10,6,0,21,1035,257
10940,"Alma, MI",2022-08-01,7,13,6,0,26,1061,264
10940,"Alma, MI",2022-09-01,7,13,3,1,24,1085,271
10940,"Alma, MI",2022-10-01,4,13,3,0,20,1105,275
10940,"Alma, MI",2022-11-01,9,26,1,1,37,1142,284
10940,"Alma, MI",2022-12-01,8,13,6,0,27,1169,292
10940,"Alma, MI",2023-01-01,9,18,4,1,32,1201,301
10940,"Alma, MI",2023-02-01,11,12,7,0,30,1231,312
10940,"Alma, MI",2023-03-01,24,21,8,1,54,1285,336
10940,"Alma, MI",2023-04-01,12,17,6,0,35,1320,348
10940,"Alma, MI",2023-05-01,11,11,2,0,24,1344,359
10940,"Alma, MI",2023-06-01,5,12,3,0,20,1364,364
10940,"Alma, MI",2023-07-01,15,10,4,0,29,1393,379
10940,"Alma, MI",2023-08-01,12,15,6,0,33,1426,391
10940,"Alma, MI",2023-09-01,18,16,6,0,40,1466,409
10940,"Alma, MI",2023-10-01,13,22,6,0,41,1507,422
10940,"Alma, MI",2023-11-01,21,17,7,1,46,1553,443
10940,"Alma, MI",2023-12-01,13,23,9,0,45,1598,456
10940,"Alma, MI",2024-01-01,18,15,11,1,45,1643,474
10940,"Alma, MI",2024-02-01,22,21,8,0,51,1694,496
10940,"Alma, MI",2024-03-01,23,17,9,0,49,1743,519
10940,"Alma, MI",2024-04-01,21,9,7,0,37,1780,540
10940,"Alma, MI",2024-05-01,16,18,6,1,41,1821,556
10940,"Alma, MI",2024-06-01,12,9,5,1,27,1848,568
10940,"Alma, MI",2024-07-01,8,10,2,1,21,1869,576
10940,"Alma, MI",2024-08-01,8,11,5,3,27,1896,584
10940,"Alma, MI",2024-09-01,10,8,3,0,21,1917,594
10940,"Alma, MI",2024-10-01,19,21,3,2,45,1962,613
10940,"Alma, MI",2024-11-01,24,16,6,1,47,2009,637
10940,"Alma, MI",2024-12-01,16,16,7,1,40,2049,653
10940,"Alma, MI",2025-01-01,28,18,10,1,57,2106,681
10940,"Alma, MI",2025-02-01,18,15,3,2,38,2144,699
10940,"Alma, MI",2025-03-01,18,20,9,1,48,2192,717
10940,"Alma, MI",2025-04-01,18,14,3,0,35,2227,735
10940,"Alma, MI",2025-05-01,16,14,3,0,33,2260,751
10940,"Alma, MI",2025-06-01,12,15,5,0,32,2292,763
10940,"Alma, MI",2025-07-01,12,21,4,0,37,2329,775
10940,"Alma, MI",2025-08-01,8,16,3,1,28,2357,783
10940,"Alma, MI",2025-09-01,0,1,0,0,1,2358,783
16340,"Cedartown, GA",2019-01-01,0,1,0,0,1,1,0
16340,"Cedartown, GA",2019-03-01,0,5,1,0,6,7,0
16340,"Cedartown, GA",2019-04-01,1,4,1,0,6,13,1
16340,"Cedartown, GA",2019-05-01,0,2,2,0,4,17,1
16340,"Cedartown, GA",2019-06-01,0,1,1,0,2,19,1
16340,"Cedartown, GA",2019-07-01,0,2,0,0,2,21,1
16340,"Cedartown, GA",2019-08-01,0,6,1,0,7,28,1
16340,"Cedartown, GA",2019-09-01,0,4,1,0,5,33,1
16340,"Cedartown, GA",2019-10-01,0,4,0,0,4,37,1
16340,"Cedartown, GA",2019-11-01,1,2,0,0,3,40,2
16340,"Cedartown, GA",2019-12-01,0,0,3,0,3,43,2
16340,"Cedartown, GA",2020-01-01,0,6,2,0,8,51,2
16340,"Cedartown, GA",2020-02-01,0,5,2,0,7,58,2
16340,"Cedartown, GA",2020-03-01,0,3,1,0,4,62,2
16340,"Cedartown, GA",2020-04-01,1,6,5,0,12,74,3
16340,"Cedartown, GA",2020-05-01,3,12,3,1,19,93,6
16340,"Cedartown, GA",2020-06-01,3,9,4,0,16,109,9
16340,"Cedartown, GA",2020-07-01,5,10,4,0,19,128,14
16340,"Cedartown, GA",2020-08-01,3,17,4,0,24,152,17
16340,"Cedartown, GA",2020-09-01,2,11,5,1,19,171,19
16340,"Cedartown, GA",2020-10-01,3,19,7,0,29,200,22
16340,"Cedartown, GA",2020-11-01,6,13,5,1,25,225,28
16340,"Cedartown, GA",2020-12-01,6,14,6,0,26,251,34
16340,"Cedartown, GA",2021-01-01,6,18,12,0,36,287,40
16340,"Cedartown, GA",2021-02-01,7,23,3,0,33,320,47
16340,"Cedartown, GA",2021-03-01,8,27,3,0,38,358,55
16340,"Cedartown, GA",2021-04-01,11,39,7,0,57,415,66
16340,"Cedartown, GA",2021-05-01,9,41,4,0,54,469,75
16340,"Cedartown, GA",2021-06-01,8,32,9,1,50,519,83
16340,"Cedartown, GA",2021-07-01,5,33,6,3,47,566,88
16340,"Cedartown, GA",2021-08-01,8,41,5,1,55,621,96
16340,"Cedartown, GA",2021-09-01,6,23,10,1,40,661,102
16340,"Cedartown, GA",2021-10-01,4,27,14,0,45,706,106
16340,"Cedartown, GA",2021-11-01,4,33,8,1,46,752,110
16340,"Cedartown, GA",2021-12-01,12,35,11,0,58,810,122
16340,"Cedartown, GA",2022-01-01,3,31,17,2,53,863,125
16340,"Cedartown, GA",2022-02-01,2,13,5,1,21,884,127
16340,"Cedartown, GA",2022-03-01,9,32,8,0,49,933,136
16340,"Cedartown, GA",2022-04-01,8,49,6,1,64,997,144
16340,"Cedartown, GA",2022-05-01,9,27,6,1,43,1040,153
16340,"Cedartown, GA",2022-06-01,12,36,5,0,53,1093,165
16340,"Cedartown, GA",2022-07-01,6,18,4,1,29,1122,171
16340,"Cedartown, GA",2022-08-01,2,24,8,0,34,1156,173
16340,"Cedartown, GA",2022-09-01,5,23,12,0,40,1196,178
16340,"Cedartown, GA",2022-10-01,15,34,8,1,58,1254,193
16340,"Cedartown, GA",2022-11-01,13,24,5,0,42,1296,206
16340,"Cedartown, GA",2022-12-01,9,20,7,0,36,1332,215
16340,"Cedartown, GA",2023-01-01,6,28,8,1,43,1375,221
16340,"Cedartown, GA",2023-02-01,12,20,7,2,41,1416,233
16340,"Cedartown, GA",2023-03-01,10,32,7,2,51,1467,243
16340,"Cedartown, GA",2023-04-01,6,19,4,2,31,1498,249
16340,"Cedartown, GA",2023-05-01,12,14,6,1,33,1531,261
16340,"Cedartown, GA",2023-06-01,7,12,7,0,26,1557,268
16340,"Cedartown, GA",2023-07-01,13,17,11,0,41,1598,281
16340,"Cedartown, GA",2023-08-01,4,13,2,1,20,1618,285
16340,"Cedartown, GA",2023-09-01,5,14,9,0,28,1646,290
16340,"Cedartown, GA",2023-10-01,11,26,9,1,47,1693,301
16340,"Cedartown, GA",2023-11-01,11,23,10,0,44,1737,312
16340,"Cedartown, GA",2023-12-01,15,22,10,2,49,1786,327
16340,"Cedartown, GA",2024-01-01,12,28,12,2,54,1840,339
16340,"Cedartown, GA",2024-02-01,12,25,7,0,44,1884,351
16340,"Cedartown, GA",2024-03-01,20,20,7,2,49,1933,371
16340,"Cedartown, GA",2024-04-01,6,14,4,1,25,1958,377
16340,"Cedartown, GA",2024-05-01,7,8,3,0,18,1976,384
16340,"Cedartown, GA",2024-06-01,7,18,4,1,30,2006,391
16340,"Cedartown, GA",2024-07-01,8,15,4,0,27,2033,399
16340,"Cedartown, GA",2024-08-01,13,23,8,1,45,2078,412
16340,"Cedartown, GA",2024-09-01,8,11,5,0,24,2102,420
16340,"Cedartown, GA",2024-10-01,15,25,11,1,52,2154,435
16340,"Cedartown, GA",2024-11-01,8,31,11,1,51,2205,443
16340,"Cedartown, GA",2024-12-01,16,21,13,0,50,2255,459
16340,"Cedartown, GA",2025-01-01,19,21,4,3,47,2302,478
16340,"Cedartown, GA",2025-02-01,11,30,6,1,48,2350,489
16340,"Cedartown, GA",2025-03-01,15,21,9,0,45,2395,504
16340,"Cedartown, GA",2025-04-01,23,24,6,1,54,2449,527
16340,"Cedartown, GA",2025-05-01,20,21,12,3,56,2505,547
16340,"Cedartown, GA",2025-06-01,19,36,11,1,67,2572,566
16340,"Cedartown, GA",2025-07-01,8,17,11,1,37,2609,574
16340,"Cedartown, GA",2025-08-01,7,13,4,0,24,2633,581
37260,"Palatka, FL",2019-01-01,0,7,4,0,11,11,0
37260,"Palatka, FL",2019-02-01,0,4,4,0,8,19,0
37260,"Palatka, FL",2019-03-01,0,3,4,0,7,26,0
37260,"Palatka, FL",2019-04-01,0,9,0,0,9,35,0
37260,"Palatka, FL",2019-05-01,0,10,4,0,14,49,0
37260,"Palatka, FL",2019-06-01,2,2,4,2,10,59,2
37260,"Palatka, FL",2019-07-01,1,20,5,1,27,86,3
37260,"Palatka, FL",2019-08-01,0,18,6,0,24,110,3
37260,"Palatka, FL",2019-09-01,1,8,2,1,12,122,4
37260,"Palatka, FL",2019-10-01,2,6,4,1,13,135,6
37260,"Palatka, FL",2019-11-01,0,5,2,1,8,143,6
37260,"Palatka, FL",2019-12-01,1,10,5,0,16,159,7
37260,"Palatka, FL",2020-01-01,1,16,1,2,20,179,8
37260,"Palatka, FL",2020-02-01,1,10,2,0,13,192,9
37260,"Palatka, FL",2020-03-01,1,14,2,0,17,209,10
37260,"Palatka, FL",2020-04-01,7,20,4,0,31,240,17
37260,"Palatka, FL",2020-05-01,10,15,6,1,32,272,27
37260,"Palatka, FL",2020-06-01,2,17,1,0,20,292,29
37260,"Palatka, FL",2020-07-01,4,24,8,0,36,328,33
37260,"Palatka, FL",2020-08-01,9,33,8,0,50,378,42
37260,"Palatka, FL",2020-09-01,8,23,9,2,42,420,50
37260,"Palatka, FL",2020-10-01,1,15,4,0,20,440,51
37260,"Palatka, FL",2020-11-01,5,18,4,1,28,468,56
37260,"Palatka, FL",2020-12-01,3,17,7,1,28,496,59
37260,"Palatka, FL",2021-01-01,11,28,10,2,51,547,70
37260,"Palatka, FL",2021-02-01,8,28,13,3,52,599,78
37260,"Palatka, FL",2021-03-01,12,29,12,0,53,652,90
37260,"Palatka, FL",2021-04-01,9,38,12,2,61,713,99
37260,"Palatka, FL",2021-05-01,19,49,9,1,78,791,118
37260,"Palatka, FL",2021-06-01,9,47,13,0,69,860,127
37260,"Palatka, FL",2021-07-01,6,33,19,1,59,919,133
37260,"Palatka, FL",2021-08-01,10,29,15,2,56,975,143
37260,"Palatka, FL",2021-09-01,7,30,15,2,54,1029,150
37260,"Palatka, FL",2021-10-01,4,31,9,1,45,1074,154
37260,"Palatka, FL",2021-11-01,10,30,12,4,56,1130,164
37260,"Palatka, FL",2021-12-01,15,38,15,0,68,1198,179
37260,"Palatka, FL",2022-01-01,16,43,21,2,82,1280,195
37260,"Palatka, FL",2022-02-01,6,25,9,0,40,1320,201
37260,"Palatka, FL",2022-03-01,15,51,11,6,83,1403,216
37260,"Palatka, FL",2022-04-01,17,38,15,6,76,1479,233
37260,"Palatka, FL",2022-05-01,10,28,13,2,53,1532,243
37260,"Palatka, FL",2022-06-01,8,21,12,0,41,1573,251
37260,"Palatka, FL",2022-07-01,11,25,15,4,55,1628,262
37260,"Palatka, FL",2022-08-01,8,27,6,5,46,1674,270
37260,"Palatka, FL",2022-09-01,10,19,11,0,40,1714,280
37260,"Palatka, FL",2022-10-01,12,37,14,2,65,1779,292
37260,"Palatka, FL",2022-11-01,12,26,15,1,54,1833,304
37260,"Palatka, FL",2022-12-01,11,31,9,3,54,1887,315
37260,"Palatka, FL",2023-01-01,15,31,14,2,62,1949,330
37260,"Palatka, FL",2023-02-01,5,20,10,4,39,1988,335
37260,"Palatka, FL",2023-03-01,23,26,9,1,59,2047,358
37260,"Palatka, FL",2023-04-01,12,14,16,0,42,2089,370
37260,"Palatka, FL",2023-05-01,13,15,7,1,36,2125,383
37260,"Palatka, FL",2023-06-01,5,18,10,0,33,2158,388
37260,"Palatka, FL",2023-07-01,10,16,8,2,36,2194,398
37260,"Palatka, FL",2023-08-01,13,14,10,0,37,2231,411
37260,"Palatka, FL",2023-09-01,7,18,13,2,40,2271,418
37260,"Palatka, FL",2023-10-01,10,35,12,4,61,2332,428
37260,"Palatka, FL",2023-11-01,9,35,14,0,58,2390,437
37260,"Palatka, FL",2023-12-01,19,13,13,1,46,2436,456
37260,"Palatka, FL",2024-01-01,20,27,11,4,62,2498,476
37260,"Palatka, FL",2024-02-01,11,30,14,0,55,2553,487
37260,"Palatka, FL",2024-03-01,15,19,9,3,46,2599,502
37260,"Palatka, FL",2024-04-01,17,33,7,2,59,2658,519
37260,"Palatka, FL",2024-05-01,15,19,10,0,44,2702,534
37260,"Palatka, FL",2024-06-01,6,22,8,4,40,2742,540
37260,"Palatka, FL",2024-07-01,9,19,7,2,37,2779,549
37260,"Palatka, FL",2024-08-01,6,12,9,1,28,2807,555
37260,"Palatka, FL",2024-09-01,13,33,11,3,60,2867,568
37260,"Palatka, FL",2024-10-01,8,30,14,4,56,2923,576
37260,"Palatka, FL",2024-11-01,22,32,14,0,68,2991,598
37260,"Palatka, FL",2024-12-01,17,36,13,0,66,3057,615
37260,"Palatka, FL",2025-01-01,11,24,11,3,49,3106,626
37260,"Palatka, FL",2025-02-01,8,18,14,0,40,3146,634
37260,"Palatka, FL",2025-03-01,16,21,10,1,48,3194,650
37260,"Palatka, FL",2025-04-01,17,24,10,1,52,3246,667
37260,"Palatka, FL",2025-05-01,18,24,8,0,50,3296,685
37260,"Palatka, FL",2025-06-01,17,29,11,3,60,3356,702
37260,"Palatka, FL",2025-07-01,6,24,11,3,44,3400,708
37260,"Palatka, FL",2025-08-01,7,15,6,0,28,3428,715
26700,"Huron, SD",2019-05-01,0,1,0,0,1,1,0
26700,"Huron, SD",2019-10-01,0,1,0,0,1,2,0
26700,"Huron, SD",2019-12-01,0,0,1,0,1,3,0
26700,"Huron, SD",2020-02-01,0,1,0,0,1,4,0
26700,"Huron, SD",2020-03-01,1,1,0,0,2,6,1
26700,"Huron, SD",2020-07-01,0,0,1,0,1,7,1
26700,"Huron, SD",2020-08-01,0,3,1,0,4,11,1
26700,"Huron, SD",2020-09-01,0,1,1,0,2,13,1
26700,"Huron, SD",2020-10-01,0,1,0,1,2,15,1
26700,"Huron, SD",2020-11-01,0,1,0,0,1,16,1
26700,"Huron, SD",2021-01-01,0,1,0,0,1,17,1
26700,"Huron, SD",2021-02-01,0,1,1,0,2,19,1
26700,"Huron, SD",2021-03-01,0,3,0,0,3,22,1
26700,"Huron, SD",2021-04-01,1,1,0,0,2,24,2
26700,"Huron, SD",2021-05-01,3,9,3,0,15,39,5
26700,"Huron, SD",2021-06-01,0,6,0,0,6,45,5
26700,"Huron, SD",2021-07-01,2,6,2,0,10,55,7
26700,"Huron, SD",2021-08-01,1,8,0,0,9,64,8
26700,"Huron, SD",2021-09-01,0,2,2,0,4,68,8
26700,"Huron, SD",2021-10-01,6,12,1,0,19,87,14
26700,"Huron, SD",2021-11-01,2,8,1,0,11,98,16
26700,"Huron, SD",2021-12-01,1,2,1,0,4,102,17
26700,"Huron, SD",2022-01-01,1,6,2,1,10,112,18
26700,"Huron, SD",2022-02-01,0,6,2,0,8,120,18
26700,"Huron, SD",2022-03-01,0,3,2,0,5,125,18
26700,"Huron, SD",2022-04-01,3,6,1,0,10,135,21
26700,"Huron, SD",2022-05-01,1,9,2,0,12,147,22
26700,"Huron, SD",2022-06-01,8,4,3,1,16,163,30
26700,"Huron, SD",2022-07-01,2,5,1,0,8,171,32
26700,"Huron, SD",2022-08-01,0,3,1,0,4,175,32
26700,"Huron, SD",2022-09-01,2,3,0,0,5,180,34
26700,"Huron, SD",2022-10-01,0,6,1,0,7,187,34
26700,"Huron, SD",2022-11-01,1,4,1,0,6,193,35
26700,"Huron, SD",2022-12-01,2,3,1,0,6,199,37
26700,"Huron, SD",2023-01-01,3,2,1,0,6,205,40
26700,"Huron, SD",2023-02-01,3,2,0,0,5,210,43
26700,"Huron, SD",2023-03-01,5,2,2,0,9,219,48
26700,"Huron, SD",2023-04-01,3,3,2,1,9,228,51
26700,"Huron, SD",2023-05-01,3,7,2,1,13,241,54
26700,"Huron, SD",2023-06-01,1,4,1,0,6,247,55
26700,"Huron, SD",2023-07-01,0,4,2,0,6,253,55
26700,"Huron, SD",2023-08-01,1,2,3,0,6,259,56
26700,"Huron, SD",2023-09-01,3,6,2,0,11,270,59
26700,"Huron, SD",2023-10-01,3,4,1,0,8,278,62
26700,"Huron, SD",2023-11-01,2,6,1,0,9,287,64
26700,"Huron, SD",2023-12-01,2,3,5,0,10,297,66
26700,"Huron, SD",2024-01-01,1,3,3,0,7,304,67
26700,"Huron, SD",2024-02-01,2,6,7,1,16,320,69
26700,"Huron, SD",2024-03-01,3,4,2,0,9,329,72
26700,"Huron, SD",2024-04-01,0,6,0,0,6,335,72
26700,"Huron, SD",2024-05-01,5,5,0,0,10,345,77
26700,"Huron, SD",2024-06-01,1,2,3,0,6,351,78
26700,"Huron, SD",2024-07-01,0,1,0,0,1,352,78
26700,"Huron, SD",2024-08-01,2,3,0,0,5,357,80
26700,"Huron, SD",2024-09-01,1,3,0,0,4,361,81
26700,"Huron, SD",2024-10-01,0,5,3,0,8,369,81
26700,"Huron, SD",2024-11-01,2,2,5,0,9,378,83
26700,"Huron, SD",2024-12-01,3,4,0,0,7,385,86
26700,"Huron, SD",2025-01-01,5,4,0,0,9,394,91
26700,"Huron, SD",2025-02-01,2,6,0,0,8,402,93
26700,"Huron, SD",2025-03-01,5,5,0,0,10,412,98
26700,"Huron, SD",2025-04-01,6,2,1,0,9,421,104
26700,"Huron, SD",2025-05-01,3,2,2,0,7,428,107
26700,"Huron, SD",2025-06-01,0,9,0,0,9,437,107
26700,"Huron, SD",2025-07-01,2,6,1,0,9,446,109
26700,"Huron, SD",2025-08-01,0,2,0,0,2,448,109
38620,"Ponca City, OK",2019-02-01,0,0,0,0,0,0,0
38620,"Ponca City, OK",2019-03-01,0,1,0,0,1,1,0
38620,"Ponca City, OK",2019-04-01,0,1,0,0,1,2,0
38620,"Ponca City, OK",2019-05-01,0,4,0,0,4,6,0
38620,"Ponca City, OK",2019-06-01,1,13,1,0,15,21,1
38620,"Ponca City, OK",2019-07-01,1,14,4,0,19,40,2
38620,"Ponca City, OK",2019-08-01,0,9,3,0,12,52,2
38620,"Ponca City, OK",2019-09-01,1,16,0,0,17,69,3
38620,"Ponca City, OK",2019-10-01,0,6,2,0,8,77,3
38620,"Ponca City, OK",2019-11-01,0,11,3,0,14,91,3
38620,"Ponca City, OK",2019-12-01,0,9,3,0,12,103,3
38620,"Ponca City, OK",2020-01-01,3,8,4,0,15,118,6
38620,"Ponca City, OK",2020-02-01,3,6,4,0,13,131,9
38620,"Ponca City, OK",2020-03-01,2,15,5,0,22,153,11
38620,"Ponca City, OK",2020-04-01,1,13,3,0,17,170,12
38620,"Ponca City, OK",2020-05-01,7,8,5,0,20,190,19
38620,"Ponca City, OK",2020-06-01,11,9,5,0,25,215,30
38620,"Ponca City, OK",2020-07-01,4,7,3,0,14,229,34
38620,"Ponca City, OK",2020-08-01,4,15,3,1,23,252,38
38620,"Ponca City, OK",2020-09-01,2,15,1,0,18,270,40
38620,"Ponca City, OK",2020-10-01,4,10,1,0,15,285,44
38620,"Ponca City, OK",2020-11-01,6,11,2,1,20,305,50
38620,"Ponca City, OK",2020-12-01,3,12,5,2,22,327,53
38620,"Ponca City, OK",2021-01-01,9,18,4,0,31,358,62
38620,"Ponca City, OK",2021-02-01,10,21,8,0,39,397,72
38620,"Ponca City, OK",2021-03-01,13,19,9,1,42,439,85
38620,"Ponca City, OK",2021-04-01,11,18,5,0,34,473,96
38620,"Ponca City, OK",2021-05-01,6,20,5,1,32,505,102
38620,"Ponca City, OK",2021-06-01,7,12,8,0,27,532,109
38620,"Ponca City, OK",2021-07-01,12,20,1,0,33,565,121
38620,"Ponca City, OK",2021-08-01,9,17,1,1,28,593,130
38620,"Ponca City, OK",2021-09-01,4,17,8,0,29,622,134
38620,"Ponca City, OK",2021-10-01,4,19,5,1,29,651,138
38620,"Ponca City, OK",2021-11-01,8,20,4,0,32,683,146
38620,"Ponca City, OK",2021-12-01,11,22,9,1,43,726,157
38620,"Ponca City, OK",2022-01-01,15,24,10,1,50,776,172
38620,"Ponca City, OK",2022-02-01,8,21,2,0,31,807,180
38620,"Ponca City, OK",2022-03-01,16,25,3,0,44,851,196
38620,"Ponca City, OK",2022-04-01,10,11,4,3,28,879,206
38620,"Ponca City, OK",2022-05-01,7,13,4,0,24,903,213
38620,"Ponca City, OK",2022-06-01,11,19,3,0,33,936,224
38620,"Ponca City, OK",2022-07-01,6,16,5,1,28,964,230
38620,"Ponca City, OK",2022-08-01,3,22,6,1,32,996,233
38620,"Ponca City, OK",2022-09-01,8,7,2,1,18,1014,241
38620,"Ponca City, OK",2022-10-01,3,10,3,2,18,1032,244
38620,"Ponca City, OK",2022-11-01,15,14,4,0,33,1065,259
38620,"Ponca City, OK",2022-12-01,10,16,5,0,31,1096,269
38620,"Ponca City, OK",2023-01-01,11,12,6,0,29,1125,280
38620,"Ponca City, OK",2023-02-01,7,13,11,0,31,1156,287
38620,"Ponca City, OK",2023-03-01,14,19,9,0,42,1198,301
38620,"Ponca City, OK",2023-04-01,8,15,6,2,31,1229,309
38620,"Ponca City, OK",2023-05-01,7,17,6,0,30,1259,316
38620,"Ponca City, OK",2023-06-01,7,13,3,0,23,1282,323
38620,"Ponca City, OK",2023-07-01,10,16,5,5,36,1318,333
38620,"Ponca City, OK",2023-08-01,7,4,1,0,12,1330,340
38620,"Ponca City, OK",2023-09-01,3,3,4,0,10,1340,343
38620,"Ponca City, OK",2023-10-01,5,16,2,0,23,1363,348
38620,"Ponca City, OK",2023-11-01,6,17,6,0,29,1392,354
38620,"Ponca City, OK",2023-12-01,13,16,5,1,35,1427,367
38620,"Ponca City, OK",2024-01-01,24,14,3,1,42,1469,391
38620,"Ponca City, OK",2024-02-01,8,10,7,0,25,1494,399
38620,"Ponca City, OK",2024-03-01,11,16,7,0,34,1528,410
38620,"Ponca City, OK",2024-04-01,12,8,3,0,23,1551,422
38620,"Ponca City, OK",2024-05-01,4,8,0,0,12,1563,426
38620,"Ponca City, OK",2024-06-01,6,4,2,0,12,1575,432
38620,"Ponca City, OK",2024-07-01,3,2,2,0,7,1582,435
38620,"Ponca City, OK",2024-08-01,3,9,4,0,16,1598,438
38620,"Ponca City, OK",2024-09-01,11,14,4,1,30,1628,449
38620,"Ponca City, OK",2024-10-01,19,8,8,1,36,1664,468
38620,"Ponca City, OK",2024-11-01,17,10,6,0,33,1697,485
38620,"Ponca City, OK",2024-12-01,15,15,3,0,33,1730,500
38620,"Ponca City, OK",2025-01-01,9,19,7,1,36,1766,509
38620,"Ponca City, OK",2025-02-01,21,28,5,0,54,1820,530
38620,"Ponca City, OK",2025-03-01,13,14,5,0,32,1852,543
38620,"Ponca City, OK",2025-04-01,9,16,1,0,26,1878,552
38620,"Ponca City, OK",2025-05-01,12,16,1,0,29,1907,564
38620,"Ponca City, OK",2025-06-01,8,9,6,0,23,1930,572
38620,"Ponca City, OK",2025-07-01,16,11,1,0,28,1958,588
38620,"Ponca City, OK",2025-08-01,6,10,6,0,22,1980,594
20260,"Duluth, MN-WI",2019-01-01,0,3,1,0,4,4,0
20260,"Duluth, MN-WI",2019-02-01,1,6,2,0,9,13,1
20260,"Duluth, MN-WI",2019-03-01,4,36,4,1,45,58,5
20260,"Duluth, MN-WI",2019-04-01,2,39,6,0,47,105,7
20260,"Duluth, MN-WI",2019-05-01,0,31,9,1,41,146,7
20260,"Duluth, MN-WI",2019-06-01,3,32,6,1,42,188,10
20260,"Duluth, MN-WI",2019-07-01,3,42,1,0,46,234,13
20260,"Duluth, MN-WI",2019-08-01,1,17,8,0,26,260,14
20260,"Duluth, MN-WI",2019-09-01,4,36,7,1,48,308,18
20260,"Duluth, MN-WI",2019-10-01,8,27,8,0,43,351,26
20260,"Duluth, MN-WI",2019-11-01,1,20,3,3,27,378,27
20260,"Duluth, MN-WI",2019-12-01,9,30,5,0,44,422,36
20260,"Duluth, MN-WI",2020-01-01,11,29,5,2,47,469,47
20260,"Duluth, MN-WI",2020-02-01,9,39,4,0,52,521,56
20260,"Duluth, MN-WI",2020-03-01,13,47,15,0,75,596,69
20260,"Duluth, MN-WI",2020-04-01,40,95,14,3,152,748,109
20260,"Duluth, MN-WI",2020-05-01,84,97,1,5,187,935,193
20260,"Duluth, MN-WI",2020-06-01,43,101,11,0,155,1090,236
20260,"Duluth, MN-WI",2020-07-01,58,93,6,1,158,1248,294
20260,"Duluth, MN-WI",2020-08-01,51,116,12,4,183,1431,345
20260,"Duluth, MN-WI",2020-09-01,61,111,11,3,186,1617,406
20260,"Duluth, MN-WI",2020-10-01,52,93,14,0,159,1776,458
20260,"Duluth, MN-WI",2020-11-01,68,82,12,0,162,1938,526
20260,"Duluth, MN-WI",2020-12-01,40,48,4,0,92,2030,566
20260,"Duluth, MN-WI",2021-01-01,74,108,13,1,196,2226,640
20260,"Duluth, MN-WI",2021-02-01,73,95,19,3,190,2416,713
20260,"Duluth, MN-WI",2021-03-01,87,106,14,1,208,2624,800
20260,"Duluth, MN-WI",2021-04-01,52,94,24,1,171,2795,852
20260,"Duluth, MN-WI",2021-05-01,66,93,15,3,177,2972,918
20260,"Duluth, MN-WI",2021-06-01,57,82,13,1,153,3125,975
20260,"Duluth, MN-WI",2021-07-01,49,69,11,1,130,3255,1024
20260,"Duluth, MN-WI",2021-08-01,65,104,18,1,188,3443,1089
20260,"Duluth, MN-WI",2021-09-01,57,81,24,3,165,3608,1146
20260,"Duluth, MN-WI",2021-10-01,51,73,18,0,142,3750,1197
20260,"Duluth, MN-WI",2021-11-01,61,47,15,1,124,3874,1258
20260,"Duluth, MN-WI",2021-12-01,52,65,7,0,124,3998,1310
20260,"Duluth, MN-WI",2022-01-01,87,107,26,3,223,4221,1397
20260,"Duluth, MN-WI",2022-02-01,78,84,16,0,178,4399,1475
20260,"Duluth, MN-WI",2022-03-01,65,91,14,1,171,4570,1540
20260,"Duluth, MN-WI",2022-04-01,39,46,10,2,97,4667,1579
20260,"Duluth, MN-WI",2022-05-01,59,67,9,2,137,4804,1638
20260,"Duluth, MN-WI",2022-06-01,47,40,8,2,97,4901,1685
20260,"Duluth, MN-WI",2022-07-01,48,48,12,0,108,5009,1733
20260,"Duluth, MN-WI",2022-08-01,50,69,15,1,135,5144,1783
20260,"Duluth, MN-WI",2022-09-01,72,60,4,1,137,5281,1855
20260,"Duluth, MN-WI",2022-10-01,71,48,9,0,128,5409,1926
20260,"Duluth, MN-WI",2022-11-01,48,53,11,0,112,5521,1974
20260,"Duluth, MN-WI",2022-12-01,57,57,9,0,123,5644,2031
20260,"Duluth, MN-WI",2023-01-01,64,66,18,0,148,5792,2095
20260,"Duluth, MN-WI",2023-02-01,70,56,9,0,135,5927,2165
20260,"Duluth, MN-WI",2023-03-01,88,57,23,2,170,6097,2253
20260,"Duluth, MN-WI",2023-04-01,73,58,19,4,154,6251,2326
20260,"Duluth, MN-WI",2023-05-01,51,30,8,0,89,6340,2377
20260,"Duluth, MN-WI",2023-06-01,37,34,7,1,79,6419,2414
20260,"Duluth, MN-WI",2023-07-01,32,38,9,0,79,6498,2446
20260,"Duluth, MN-WI",2023-08-01,47,45,15,1,108,6606,2493
20260,"Duluth, MN-WI",2023-09-01,59,41,9,0,109,6715,2552
20260,"Duluth, MN-WI",2023-10-01,61,40,6,0,107,6822,2613
20260,"Duluth, MN-WI",2023-11-01,64,52,16,1,133,6955,2677
20260,"Duluth, MN-WI",2023-12-01,42,44,12,3,101,7056,2719
20260,"Duluth, MN-WI",2024-01-01,90,47,13,1,151,7207,2809
20260,"Duluth, MN-WI",2024-02-01,70,63,11,0,144,7351,2879
20260,"Duluth, MN-WI",2024-03-01,56,43,16,2,117,7468,2935
20260,"Duluth, MN-WI",2024-04-01,58,32,12,1,103,7571,2993
20260,"Duluth, MN-WI",2024-05-01,58,45,9,0,112,7683,3051
20260,"Duluth, MN-WI",2024-06-01,53,31,5,0,89,7772,3104
20260,"Duluth, MN-WI",2024-07-01,41,31,13,0,85,7857,3145
20260,"Duluth, MN-WI",2024-08-01,31,23,9,0,63,7920,3176
20260,"Duluth, MN-WI",2024-09-01,61,47,12,3,123,8043,3237
20260,"Duluth, MN-WI",2024-10-01,76,44,13,1,134,8177,3313
20260,"Duluth, MN-WI",2024-11-01,83,57,12,0,152,8329,3396
20260,"Duluth, MN-WI",2024-12-01,80,50,19,2,151,8480,3476
20260,"Duluth, MN-WI",2025-01-01,85,44,16,0,145,8625,3561
20260,"Duluth, MN-WI",2025-02-01,90,44,17,1,152,8777,3651
20260,"Duluth, MN-WI",2025-03-01,99,50,13,0,162,8939,3750
20260,"Duluth, MN-WI",2025-04-01,72,43,9,1,125,9064,3822
20260,"Duluth, MN-WI",2025-05-01,75,42,9,0,126,9190,3897
20260,"Duluth, MN-WI",2025-06-01,90,49,8,1,148,9338,3987
20260,"Duluth, MN-WI",2025-07-01,58,45,15,1,119,9457,4045
20260,"Duluth, MN-WI",2025-08-01,54,29,9,0,92,9549,4099
20260,"Duluth, MN-WI",2025-09-01,3,0,1,0,4,9553,4102
36700,"Orangeburg, SC",2019-01-01,0,6,2,0,8,8,0
36700,"Orangeburg, SC",2019-02-01,0,4,2,1,7,15,0
36700,"Orangeburg, SC",2019-03-01,0,6,1,0,7,22,0
36700,"Orangeburg, SC",2019-04-01,0,10,4,0,14,36,0
36700,"Orangeburg, SC",2019-05-01,0,15,7,1,23,59,0
36700,"Orangeburg, SC",2019-06-01,0,19,1,1,21,80,0
36700,"Orangeburg, SC",2019-07-01,1,16,5,0,22,102,1
36700,"Orangeburg, SC",2019-08-01,0,23,6,1,30,132,1
36700,"Orangeburg, SC",2019-09-01,0,20,4,0,24,156,1
36700,"Orangeburg, SC",2019-10-01,1,22,0,0,23,179,2
36700,"Orangeburg, SC",2019-11-01,2,21,5,1,29,208,4
36700,"Orangeburg, SC",2019-12-01,2,17,0,0,19,227,6
36700,"Orangeburg, SC",2020-01-01,2,15,7,0,24,251,8
36700,"Orangeburg, SC",2020-02-01,4,20,2,0,26,277,12
36700,"Orangeburg, SC",2020-03-01,0,22,7,0,29,306,12
36700,"Orangeburg, SC",2020-04-01,3,38,6,0,47,353,15
36700,"Orangeburg, SC",2020-05-01,10,40,11,1,62,415,25
36700,"Orangeburg, SC",2020-06-01,8,27,4,0,39,454,33
36700,"Orangeburg, SC",2020-07-01,8,35,5,1,49,503,41
36700,"Orangeburg, SC",2020-08-01,13,60,9,3,85,588,54
36700,"Orangeburg, SC",2020-09-01,11,52,8,0,71,659,65
36700,"Orangeburg, SC",2020-10-01,7,30,4,0,41,700,72
36700,"Orangeburg, SC",2020-11-01,10,35,5,1,51,751,82
36700,"Orangeburg, SC",2020-12-01,19,40,6,0,65,816,101
36700,"Orangeburg, SC",2021-01-01,26,75,12,0,113,929,127
36700,"Orangeburg, SC",2021-02-01,19,35,13,2,69,998,146
36700,"Orangeburg, SC",2021-03-01,24,60,7,0,91,1089,170
36700,"Orangeburg, SC",2021-04-01,36,75,13,1,125,1214,206
36700,"Orangeburg, SC",2021-05-01,36,79,6,1,122,1336,242
36700,"Orangeburg, SC",2021-06-01,32,68,18,1,119,1455,274
36700,"Orangeburg, SC",2021-07-01,26,70,15,2,113,1568,300
36700,"Orangeburg, SC",2021-08-01,21,65,14,1,101,1669,321
36700,"Orangeburg, SC",2021-09-01,28,72,17,4,121,1790,349
36700,"Orangeburg, SC",2021-10-01,28,51,7,0,86,1876,377
36700,"Orangeburg, SC",2021-11-01,23,57,14,0,94,1970,400
36700,"Orangeburg, SC",2021-12-01,29,72,22,2,125,2095,429
36700,"Orangeburg, SC",2022-01-01,31,45,13,1,90,2185,460
36700,"Orangeburg, SC",2022-02-01,25,49,8,0,82,2267,485
36700,"Orangeburg, SC",2022-03-01,35,68,18,2,123,2390,520
36700,"Orangeburg, SC",2022-04-01,23,65,15,1,104,2494,543
36700,"Orangeburg, SC",2022-05-01,23,60,20,1,104,2598,566
36700,"Orangeburg, SC",2022-06-01,21,43,14,0,78,2676,587
36700,"Orangeburg, SC",2022-07-01,20,45,10,3,78,2754,607
36700,"Orangeburg, SC",2022-08-01,17,43,8,3,71,2825,624
36700,"Orangeburg, SC",2022-09-01,15,33,18,3,69,2894,639
36700,"Orangeburg, SC",2022-10-01,19,35,12,0,66,2960,658
36700,"Orangeburg, SC",2022-11-01,34,28,16,4,82,3042,692
36700,"Orangeburg, SC",2022-12-01,36,37,13,1,87,3129,728
36700,"Orangeburg, SC",2023-01-01,25,41,17,4,87,3216,753
36700,"Orangeburg, SC",2023-02-01,27,35,14,0,76,3292,780
36700,"Orangeburg, SC",2023-03-01,51,50,21,0,122,3414,831
36700,"Orangeburg, SC",2023-04-01,44,41,15,2,102,3516,875
36700,"Orangeburg, SC",2023-05-01,27,40,10,1,78,3594,902
36700,"Orangeburg, SC",2023-06-01,27,46,13,0,86,3680,929
36700,"Orangeburg, SC",2023-07-01,32,29,10,1,72,3752,961
36700,"Orangeburg, SC",2023-08-01,29,36,12,0,77,3829,990
36700,"Orangeburg, SC",2023-09-01,41,50,14,1,106,3935,1031
36700,"Orangeburg, SC",2023-10-01,34,26,10,0,70,4005,1065
36700,"Orangeburg, SC",2023-11-01,28,37,10,3,78,4083,1093
36700,"Orangeburg, SC",2023-12-01,52,43,5,1,101,4184,1145
36700,"Orangeburg, SC",2024-01-01,47,42,8,5,102,4286,1192
36700,"Orangeburg, SC",2024-02-01,39,34,6,3,82,4368,1231
36700,"Orangeburg, SC",2024-03-01,46,53,16,3,118,4486,1277
36700,"Orangeburg, SC",2024-04-01,43,32,8,2,85,4571,1320
36700,"Orangeburg, SC",2024-05-01,39,46,14,1,100,4671,1359
36700,"Orangeburg, SC",2024-06-01,43,41,14,1,99,4770,1402
36700,"Orangeburg, SC",2024-07-01,42,52,16,2,112,4882,1444
36700,"Orangeburg, SC",2024-08-01,42,52,13,0,107,4989,1486
36700,"Orangeburg, SC",2024-09-01,53,36,9,1,99,5088,1539
36700,"Orangeburg, SC",2024-10-01,54,48,13,2,117,5205,1593
36700,"Orangeburg, SC",2024-11-01,61,36,10,3,110,5315,1654
36700,"Orangeburg, SC",2024-12-01,57,26,12,1,96,5411,1711
36700,"Orangeburg, SC",2025-01-01,36,25,17,2,80,5491,1747
36700,"Orangeburg, SC",2025-02-01,30,22,12,1,65,5556,1777
36700,"Orangeburg, SC",2025-03-01,46,27,15,3,91,5647,1823
36700,"Orangeburg, SC",2025-04-01,47,35,21,3,106,5753,1870
36700,"Orangeburg, SC",2025-05-01,45,34,13,2,94,5847,1915
36700,"Orangeburg, SC",2025-06-01,37,47,18,1,103,5950,1952
36700,"Orangeburg, SC",2025-07-01,39,31,15,5,90,6040,1991
36700,"Orangeburg, SC",2025-08-01,42,28,10,1,81,6121,2033
36700,"Orangeburg, SC",2025-09-01,0,1,0,0,1,6122,2033
38260,"Pittsburg, KS",2019-01-01,0,1,0,0,1,1,0
38260,"Pittsburg, KS",2019-02-01,0,1,0,0,1,2,0
38260,"Pittsburg, KS",2019-03-01,0,1,1,0,2,4,0
38260,"Pittsburg, KS",2019-04-01,1,5,1,0,7,11,1
38260,"Pittsburg, KS",2019-05-01,0,2,1,0,3,14,1
38260,"Pittsburg, KS",2019-06-01,0,7,0,0,7,21,1
38260,"Pittsburg, KS",2019-07-01,2,28,3,2,35,56,3
38260,"Pittsburg, KS",2019-08-01,2,22,3,0,27,83,5
38260,"Pittsburg, KS",2019-09-01,2,23,4,0,29,112,7
38260,"Pittsburg, KS",2019-10-01,4,12,0,0,16,128,11
38260,"Pittsburg, KS",2019-11-01,4,19,4,0,27,155,15
38260,"Pittsburg, KS",2019-12-01,1,16,3,0,20,175,16
38260,"Pittsburg, KS",2020-01-01,7,12,3,0,22,197,23
38260,"Pittsburg, KS",2020-02-01,6,18,4,0,28,225,29
38260,"Pittsburg, KS",2020-03-01,3,16,5,0,24,249,32
38260,"Pittsburg, KS",2020-04-01,11,32,1,0,44,293,43
38260,"Pittsburg, KS",2020-05-01,15,46,6,1,68,361,58
38260,"Pittsburg, KS",2020-06-01,7,29,1,0,37,398,65
38260,"Pittsburg, KS",2020-07-01,11,28,5,0,44,442,76
38260,"Pittsburg, KS",2020-08-01,9,28,5,0,42,484,85
38260,"Pittsburg, KS",2020-09-01,8,21,4,0,33,517,93
38260,"Pittsburg, KS",2020-10-01,10,16,4,1,31,548,103
38260,"Pittsburg, KS",2020-11-01,6,16,6,0,28,576,109
38260,"Pittsburg, KS",2020-12-01,7,22,0,0,29,605,116
38260,"Pittsburg, KS",2021-01-01,22,22,2,1,47,652,138
38260,"Pittsburg, KS",2021-02-01,10,20,2,0,32,684,148
38260,"Pittsburg, KS",2021-03-01,15,40,7,1,63,747,163
38260,"Pittsburg, KS",2021-04-01,19,33,7,1,60,807,182
38260,"Pittsburg, KS",2021-05-01,13,18,5,0,36,843,195
38260,"Pittsburg, KS",2021-06-01,15,22,3,1,41,884,210
38260,"Pittsburg, KS",2021-07-01,17,24,5,0,46,930,227
38260,"Pittsburg, KS",2021-08-01,16,30,7,1,54,984,243
38260,"Pittsburg, KS",2021-09-01,22,27,5,1,55,1039,265
38260,"Pittsburg, KS",2021-10-01,18,15,3,1,37,1076,283
38260,"Pittsburg, KS",2021-11-01,17,11,9,0,37,1113,300
38260,"Pittsburg, KS",2021-12-01,19,30,6,2,57,1170,319
38260,"Pittsburg, KS",2022-01-01,18,38,11,0,67,1237,337
38260,"Pittsburg, KS",2022-02-01,28,24,6,2,60,1297,365
38260,"Pittsburg, KS",2022-03-01,15,33,5,0,53,1350,380
38260,"Pittsburg, KS",2022-04-01,8,23,3,0,34,1384,388
38260,"Pittsburg, KS",2022-05-01,7,23,5,0,35,1419,395
38260,"Pittsburg, KS",2022-06-01,14,20,5,0,39,1458,409
38260,"Pittsburg, KS",2022-07-01,10,26,7,0,43,1501,419
38260,"Pittsburg, KS",2022-08-01,9,16,5,0,30,1531,428
38260,"Pittsburg, KS",2022-09-01,16,16,5,0,37,1568,444
38260,"Pittsburg, KS",2022-10-01,21,18,9,0,48,1616,465
38260,"Pittsburg, KS",2022-11-01,26,24,8,1,59,1675,491
38260,"Pittsburg, KS",2022-12-01,22,26,4,1,53,1728,513
38260,"Pittsburg, KS",2023-01-01,19,20,5,0,44,1772,532
38260,"Pittsburg, KS",2023-02-01,27,18,5,1,51,1823,559
38260,"Pittsburg, KS",2023-03-01,30,41,11,0,82,1905,589
38260,"Pittsburg, KS",2023-04-01,12,19,7,0,38,1943,601
38260,"Pittsburg, KS",2023-05-01,22,25,8,0,55,1998,623
38260,"Pittsburg, KS",2023-06-01,15,12,2,1,30,2028,638
38260,"Pittsburg, KS",2023-07-01,14,13,5,1,33,2061,652
38260,"Pittsburg, KS",2023-08-01,11,15,4,0,30,2091,663
38260,"Pittsburg, KS",2023-09-01,9,9,4,0,22,2113,672
38260,"Pittsburg, KS",2023-10-01,20,12,0,0,32,2145,692
38260,"Pittsburg, KS",2023-11-01,26,22,4,0,52,2197,718
38260,"Pittsburg, KS",2023-12-01,26,22,5,1,54,2251,744
38260,"Pittsburg, KS",2024-01-01,24,24,4,0,52,2303,768
38260,"Pittsburg, KS",2024-02-01,41,18,7,1,67,2370,809
38260,"Pittsburg, KS",2024-03-01,44,20,6,1,71,2441,853
38260,"Pittsburg, KS",2024-04-01,20,21,2,1,44,2485,873
38260,"Pittsburg, KS",2024-05-01,16,14,4,0,34,2519,889
38260,"Pittsburg, KS",2024-06-01,18,1,3,0,22,2541,907
38260,"Pittsburg, KS",2024-07-01,4,8,3,0,15,2556,911
38260,"Pittsburg, KS",2024-08-01,19,12,1,0,32,2588,930
38260,"Pittsburg, KS",2024-09-01,15,8,3,0,26,2614,945
38260,"Pittsburg, KS",2024-10-01,39,16,10,0,65,2679,984
38260,"Pittsburg, KS",2024-11-01,32,18,7,0,57,2736,1016
38260,"Pittsburg, KS",2024-12-01,35,21,6,0,62,2798,1051
38260,"Pittsburg, KS",2025-01-01,30,19,10,0,59,2857,1081
38260,"Pittsburg, KS",2025-02-01,44,28,6,0,78,2935,1125
38260,"Pittsburg, KS",2025-03-01,44,22,11,1,78,3013,1169
38260,"Pittsburg, KS",2025-04-01,27,26,7,0,60,3073,1196
38260,"Pittsburg, KS",2025-05-01,31,19,8,2,60,3133,1227
38260,"Pittsburg, KS",2025-06-01,26,14,4,0,44,3177,1253
38260,"Pittsburg, KS",2025-07-01,26,14,2,0,42,3219,1279
38260,"Pittsburg, KS",2025-08-01,17,11,3,0,31,3250,1296
38260,"Pittsburg, KS",2025-09-01,1,0,0,0,1,3251,1297
34780,"Muskogee, OK",2019-01-01,0,7,3,0,10,10,0
34780,"Muskogee, OK",2019-02-01,0,5,1,0,6,16,0
34780,"Muskogee, OK",2019-03-01,0,3,3,0,6,22,0
34780,"Muskogee, OK",2019-04-01,0,11,1,0,12,34,0
34780,"Muskogee, OK",2019-05-01,0,10,5,0,15,49,0
34780,"Muskogee, OK",2019-06-01,2,17,4,2,25,74,2
34780,"Muskogee, OK",2019-07-01,3,18,5,0,26,100,5
34780,"Muskogee, OK",2019-08-01,0,8,2,0,10,110,5
34780,"Muskogee, OK",2019-09-01,1,16,2,1,20,130,6
34780,"Muskogee, OK",2019-10-01,2,8,3,0,13,143,8
34780,"Muskogee, OK",2019-11-01,2,13,6,0,21,164,10
34780,"Muskogee, OK",2019-12-01,1,17,4,0,22,186,11
34780,"Muskogee, OK",2020-01-01,1,16,6,3,26,212,12
34780,"Muskogee, OK",2020-02-01,3,14,3,1,21,233,15
34780,"Muskogee, OK",2020-03-01,4,14,5,2,25,258,19
34780,"Muskogee, OK",2020-04-01,11,45,16,3,75,333,30
34780,"Muskogee, OK",2020-05-01,16,44,8,0,68,401,46
34780,"Muskogee, OK",2020-06-01,8,34,11,1,54,455,54
34780,"Muskogee, OK",2020-07-01,9,37,14,1,61,516,63
34780,"Muskogee, OK",2020-08-01,8,36,13,1,58,574,71
34780,"Muskogee, OK",2020-09-01,5,30,9,1,45,619,76
34780,"Muskogee, OK",2020-10-01,5,22,4,0,31,650,81
34780,"Muskogee, OK",2020-11-01,7,30,5,0,42,692,88
34780,"Muskogee, OK",2020-12-01,8,38,9,1,56,748,96
34780,"Muskogee, OK",2021-01-01,15,66,16,3,100,848,111
34780,"Muskogee, OK",2021-02-01,17,53,19,2,91,939,128
34780,"Muskogee, OK",2021-03-01,21,70,19,3,113,1052,149
34780,"Muskogee, OK",2021-04-01,18,59,16,0,93,1145,167
34780,"Muskogee, OK",2021-05-01,16,60,10,2,88,1233,183
34780,"Muskogee, OK",2021-06-01,14,44,20,1,79,1312,197
34780,"Muskogee, OK",2021-07-01,20,58,21,2,101,1413,217
34780,"Muskogee, OK",2021-08-01,12,48,20,5,85,1498,229
34780,"Muskogee, OK",2021-09-01,15,70,26,4,115,1613,244
34780,"Muskogee, OK",2021-10-01,9,33,13,4,59,1672,253
34780,"Muskogee, OK",2021-11-01,11,36,11,1,59,1731,264
34780,"Muskogee, OK",2021-12-01,17,43,18,2,80,1811,281
34780,"Muskogee, OK",2022-01-01,18,61,17,2,98,1909,299
34780,"Muskogee, OK",2022-02-01,6,29,11,3,49,1958,305
34780,"Muskogee, OK",2022-03-01,26,54,21,0,101,2059,331
34780,"Muskogee, OK",2022-04-01,14,45,10,0,69,2128,345
34780,"Muskogee, OK",2022-05-01,16,40,19,1,76,2204,361
34780,"Muskogee, OK",2022-06-01,17,33,19,0,69,2273,378
34780,"Muskogee, OK",2022-07-01,17,30,8,1,56,2329,395
34780,"Muskogee, OK",2022-08-01,14,43,10,2,69,2398,409
34780,"Muskogee, OK",2022-09-01,3,21,10,1,35,2433,412
34780,"Muskogee, OK",2022-10-01,21,39,10,1,71,2504,433
34780,"Muskogee, OK",2022-11-01,18,31,19,4,72,2576,451
34780,"Muskogee, OK",2022-12-01,20,37,17,2,76,2652,471
34780,"Muskogee, OK",2023-01-01,12,41,11,0,64,2716,483
34780,"Muskogee, OK",2023-02-01,27,39,16,1,83,2799,510
34780,"Muskogee, OK",2023-03-01,41,63,20,4,128,2927,551
34780,"Muskogee, OK",2023-04-01,23,40,13,0,76,3003,574
34780,"Muskogee, OK",2023-05-01,17,19,16,1,53,3056,591
34780,"Muskogee, OK",2023-06-01,22,36,9,0,67,3123,613
34780,"Muskogee, OK",2023-07-01,17,35,7,1,60,3183,630
34780,"Muskogee, OK",2023-08-01,21,26,11,2,60,3243,651
34780,"Muskogee, OK",2023-09-01,12,18,11,4,45,3288,663
34780,"Muskogee, OK",2023-10-01,15,28,8,3,54,3342,678
34780,"Muskogee, OK",2023-11-01,19,39,16,3,77,3419,697
34780,"Muskogee, OK",2023-12-01,29,49,17,1,96,3515,726
34780,"Muskogee, OK",2024-01-01,20,47,18,2,87,3602,746
34780,"Muskogee, OK",2024-02-01,29,33,16,3,81,3683,775
34780,"Muskogee, OK",2024-03-01,29,37,14,2,82,3765,804
34780,"Muskogee, OK",2024-04-01,27,25,8,0,60,3825,831
34780,"Muskogee, OK",2024-05-01,16,42,8,1,67,3892,847
34780,"Muskogee, OK",2024-06-01,17,12,5,1,35,3927,864
34780,"Muskogee, OK",2024-07-01,8,8,6,0,22,3949,872
34780,"Muskogee, OK",2024-08-01,6,11,2,1,20,3969,878
34780,"Muskogee, OK",2024-09-01,9,21,6,2,38,4007,887
34780,"Muskogee, OK",2024-10-01,34,36,17,1,88,4095,921
34780,"Muskogee, OK",2024-11-01,41,45,13,2,101,4196,962
34780,"Muskogee, OK",2024-12-01,57,54,12,1,124,4320,1019
34780,"Muskogee, OK",2025-01-01,40,39,19,1,99,4419,1059
34780,"Muskogee, OK",2025-02-01,39,40,15,1,95,4514,1098
34780,"Muskogee, OK",2025-03-01,55,41,14,2,112,4626,1153
34780,"Muskogee, OK",2025-04-01,57,44,6,1,108,4734,1210
34780,"Muskogee, OK",2025-05-01,50,51,17,1,119,4853,1260
34780,"Muskogee, OK",2025-06-01,52,45,20,3,120,4973,1312
34780,"Muskogee, OK",2025-07-01,51,50,12,1,114,5087,1363
34780,"Muskogee, OK",2025-08-01,29,32,16,1,78,5165,1392
42940,"Sevierville, TN",2019-01-01,1,15,7,0,23,23,1
42940,"Sevierville, TN",2019-02-01,0,11,7,1,19,42,1
42940,"Sevierville, TN",2019-03-01,1,18,5,0,24,66,2
42940,"Sevierville, TN",2019-04-01,0,25,11,1,37,103,2
42940,"Sevierville, TN",2019-05-01,0,41,23,2,66,169,2
42940,"Sevierville, TN",2019-06-01,5,26,18,2,51,220,7
42940,"Sevierville, TN",2019-07-01,1,38,22,0,61,281,8
42940,"Sevierville, TN",2019-08-01,1,38,19,2,60,341,9
42940,"Sevierville, TN",2019-09-01,4,40,11,0,55,396,13
42940,"Sevierville, TN",2019-10-01,5,37,17,0,59,455,18
42940,"Sevierville, TN",2019-11-01,7,45,12,2,66,521,25
42940,"Sevierville, TN",2019-12-01,3,36,16,4,59,580,28
42940,"Sevierville, TN",2020-01-01,5,37,11,1,54,634,33
42940,"Sevierville, TN",2020-02-01,4,38,12,1,55,689,37
42940,"Sevierville, TN",2020-03-01,6,43,16,1,66,755,43
42940,"Sevierville, TN",2020-04-01,18,99,12,4,133,888,61
42940,"Sevierville, TN",2020-05-01,24,116,30,2,172,1060,85
42940,"Sevierville, TN",2020-06-01,19,89,27,2,137,1197,104
42940,"Sevierville, TN",2020-07-01,20,121,43,2,186,1383,124
42940,"Sevierville, TN",2020-08-01,30,173,52,1,256,1639,154
42940,"Sevierville, TN",2020-09-01,20,153,31,2,206,1845,174
42940,"Sevierville, TN",2020-10-01,14,107,31,0,152,1997,188
42940,"Sevierville, TN",2020-11-01,16,110,26,2,154,2151,204
42940,"Sevierville, TN",2020-12-01,19,73,27,2,121,2272,223
42940,"Sevierville, TN",2021-01-01,41,178,59,3,281,2553,264
42940,"Sevierville, TN",2021-02-01,31,133,32,3,199,2752,295
42940,"Sevierville, TN",2021-03-01,43,153,35,9,240,2992,338
42940,"Sevierville, TN",2021-04-01,35,169,49,4,257,3249,373
42940,"Sevierville, TN",2021-05-01,36,177,42,2,257,3506,409
42940,"Sevierville, TN",2021-06-01,38,151,54,2,245,3751,447
42940,"Sevierville, TN",2021-07-01,42,123,46,4,215,3966,489
42940,"Sevierville, TN",2021-08-01,47,178,59,3,287,4253,536
42940,"Sevierville, TN",2021-09-01,41,166,65,2,274,4527,577
42940,"Sevierville, TN",2021-10-01,44,127,43,5,219,4746,621
42940,"Sevierville, TN",2021-11-01,36,139,45,4,224,4970,657
42940,"Sevierville, TN",2021-12-01,68,161,50,6,285,5255,725
42940,"Sevierville, TN",2022-01-01,44,154,55,7,260,5515,769
42940,"Sevierville, TN",2022-02-01,37,115,37,1,190,5705,806
42940,"Sevierville, TN",2022-03-01,44,168,52,5,269,5974,850
42940,"Sevierville, TN",2022-04-01,52,122,42,4,220,6194,902
42940,"Sevierville, TN",2022-05-01,48,137,26,2,213,6407,950
42940,"Sevierville, TN",2022-06-01,40,86,39,2,167,6574,990
42940,"Sevierville, TN",2022-07-01,38,89,33,7,167,6741,1028
42940,"Sevierville, TN",2022-08-01,48,132,38,3,221,6962,1076
42940,"Sevierville, TN",2022-09-01,43,133,46,3,225,7187,1119
42940,"Sevierville, TN",2022-10-01,44,135,52,7,238,7425,1163
42940,"Sevierville, TN",2022-11-01,41,112,47,3,203,7628,1204
42940,"Sevierville, TN",2022-12-01,62,143,53,4,262,7890,1266
42940,"Sevierville, TN",2023-01-01,51,137,45,2,235,8125,1317
42940,"Sevierville, TN",2023-02-01,44,98,40,3,185,8310,1361
42940,"Sevierville, TN",2023-03-01,75,138,59,5,277,8587,1436
42940,"Sevierville, TN",2023-04-01,39,118,46,4,207,8794,1475
42940,"Sevierville, TN",2023-05-01,29,71,27,1,128,8922,1504
42940,"Sevierville, TN",2023-06-01,27,63,23,8,121,9043,1531
42940,"Sevierville, TN",2023-07-01,41,85,30,3,159,9202,1572
42940,"Sevierville, TN",2023-08-01,34,91,38,4,167,9369,1606
42940,"Sevierville, TN",2023-09-01,57,113,36,4,210,9579,1663
42940,"Sevierville, TN",2023-10-01,66,130,42,1,239,9818,1729
42940,"Sevierville, TN",2023-11-01,66,136,48,2,252,10070,1795
42940,"Sevierville, TN",2023-12-01,80,134,57,6,277,10347,1875
42940,"Sevierville, TN",2024-01-01,72,143,57,5,277,10624,1947
42940,"Sevierville, TN",2024-02-01,67,122,51,6,246,10870,2014
42940,"Sevierville, TN",2024-03-01,99,139,46,9,293,11163,2113
42940,"Sevierville, TN",2024-04-01,67,128,35,11,241,11404,2180
42940,"Sevierville, TN",2024-05-01,84,137,45,6,272,11676,2264
42940,"Sevierville, TN",2024-06-01,93,147,35,7,282,11958,2357
42940,"Sevierville, TN",2024-07-01,77,139,26,4,246,12204,2434
42940,"Sevierville, TN",2024-08-01,79,130,48,7,264,12468,2513
42940,"Sevierville, TN",2024-09-01,77,127,41,4,249,12717,2590
42940,"Sevierville, TN",2024-10-01,66,141,42,7,256,12973,2656
42940,"Sevierville, TN",2024-11-01,86,137,43,5,271,13244,2742
42940,"Sevierville, TN",2024-12-01,82,148,48,6,284,13528,2824
42940,"Sevierville, TN",2025-01-01,106,136,39,1,282,13810,2930
42940,"Sevierville, TN",2025-02-01,74,97,33,0,204,14014,3004
42940,"Sevierville, TN",2025-03-01,91,107,26,1,225,14239,3095
42940,"Sevierville, TN",2025-04-01,90,108,21,4,223,14462,3185
42940,"Sevierville, TN",2025-05-01,83,108,37,8,236,14698,3268
42940,"Sevierville, TN",2025-06-01,66,127,47,6,246,14944,3334
42940,"Sevierville, TN",2025-07-01,73,115,39,5,232,15176,3407
42940,"Sevierville, TN",2025-08-01,57,70,24,7,158,15334,3464
42940,"Sevierville, TN",2025-09-01,3,0,0,0,3,15337,3467
17300,"Clarksville, TN-KY",2019-01-01,1,27,8,0,36,36,1
17300,"Clarksville, TN-KY",2019-02-01,2,41,14,1,58,94,3
17300,"Clarksville, TN-KY",2019-03-01,1,84,13,0,98,192,4
17300,"Clarksville, TN-KY",2019-04-01,5,101,16,4,126,318,9
17300,"Clarksville, TN-KY",2019-05-01,2,125,22,2,151,469,11
17300,"Clarksville, TN-KY",2019-06-01,4,111,17,2,134,603,15
17300,"Clarksville, TN-KY",2019-07-01,10,129,21,1,161,764,25
17300,"Clarksville, TN-KY",2019-08-01,8,142,30,1,181,945,33
17300,"Clarksville, TN-KY",2019-09-01,7,111,15,2,135,1080,40
17300,"Clarksville, TN-KY",2019-10-01,4,110,11,1,126,1206,44
17300,"Clarksville, TN-KY",2019-11-01,13,119,22,1,155,1361,57
17300,"Clarksville, TN-KY",2019-12-01,8,97,15,0,120,1481,65
17300,"Clarksville, TN-KY",2020-01-01,19,140,21,1,181,1662,84
17300,"Clarksville, TN-KY",2020-02-01,21,125,26,1,173,1835,105
17300,"Clarksville, TN-KY",2020-03-01,28,206,34,3,271,2106,133
17300,"Clarksville, TN-KY",2020-04-01,44,298,57,5,404,2510,177
17300,"Clarksville, TN-KY",2020-05-01,98,325,52,3,478,2988,275
17300,"Clarksville, TN-KY",2020-06-01,61,246,39,1,347,3335,336
17300,"Clarksville, TN-KY",2020-07-01,93,305,39,5,442,3777,429
17300,"Clarksville, TN-KY",2020-08-01,115,458,60,5,638,4415,544
17300,"Clarksville, TN-KY",2020-09-01,80,361,41,4,486,4901,624
17300,"Clarksville, TN-KY",2020-10-01,77,288,45,3,413,5314,701
17300,"Clarksville, TN-KY",2020-11-01,46,213,21,2,282,5596,747
17300,"Clarksville, TN-KY",2020-12-01,59,195,30,4,288,5884,806
17300,"Clarksville, TN-KY",2021-01-01,138,414,73,5,630,6514,944
17300,"Clarksville, TN-KY",2021-02-01,81,329,45,6,461,6975,1025
17300,"Clarksville, TN-KY",2021-03-01,128,407,56,8,599,7574,1153
17300,"Clarksville, TN-KY",2021-04-01,163,496,72,5,736,8310,1316
17300,"Clarksville, TN-KY",2021-05-01,161,547,89,4,801,9111,1477
17300,"Clarksville, TN-KY",2021-06-01,138,433,53,6,630,9741,1615
17300,"Clarksville, TN-KY",2021-07-01,66,264,32,2,364,10105,1681
17300,"Clarksville, TN-KY",2021-08-01,115,360,49,4,528,10633,1796
17300,"Clarksville, TN-KY",2021-09-01,126,380,74,7,587,11220,1922
17300,"Clarksville, TN-KY",2021-10-01,61,212,35,3,311,11531,1983
17300,"Clarksville, TN-KY",2021-11-01,91,215,41,5,352,11883,2074
17300,"Clarksville, TN-KY",2021-12-01,148,321,51,4,524,12407,2222
17300,"Clarksville, TN-KY",2022-01-01,142,445,63,5,655,13062,2364
17300,"Clarksville, TN-KY",2022-02-01,78,206,51,2,337,13399,2442
17300,"Clarksville, TN-KY",2022-03-01,201,424,85,7,717,14116,2643
17300,"Clarksville, TN-KY",2022-04-01,158,328,85,2,573,14689,2801
17300,"Clarksville, TN-KY",2022-05-01,124,273,56,4,457,15146,2925
17300,"Clarksville, TN-KY",2022-06-01,98,240,44,4,386,15532,3023
17300,"Clarksville, TN-KY",2022-07-01,74,162,25,2,263,15795,3097
17300,"Clarksville, TN-KY",2022-08-01,93,222,35,2,352,16147,3190
17300,"Clarksville, TN-KY",2022-09-01,145,405,89,4,643,16790,3335
17300,"Clarksville, TN-KY",2022-10-01,131,291,54,3,479,17269,3466
17300,"Clarksville, TN-KY",2022-11-01,141,288,58,7,494,17763,3607
17300,"Clarksville, TN-KY",2022-12-01,133,290,60,5,488,18251,3740
17300,"Clarksville, TN-KY",2023-01-01,161,278,85,9,533,18784,3901
17300,"Clarksville, TN-KY",2023-02-01,136,219,54,5,414,19198,4037
17300,"Clarksville, TN-KY",2023-03-01,195,320,76,6,597,19795,4232
17300,"Clarksville, TN-KY",2023-04-01,150,243,47,4,444,20239,4382
17300,"Clarksville, TN-KY",2023-05-01,90,132,30,2,254,20493,4472
17300,"Clarksville, TN-KY",2023-06-01,54,110,22,2,188,20681,4526
17300,"Clarksville, TN-KY",2023-07-01,83,130,32,3,248,20929,4609
17300,"Clarksville, TN-KY",2023-08-01,111,180,37,1,329,21258,4720
17300,"Clarksville, TN-KY",2023-09-01,140,245,57,11,453,21711,4860
17300,"Clarksville, TN-KY",2023-10-01,114,173,34,3,324,22035,4974
17300,"Clarksville, TN-KY",2023-11-01,146,254,58,2,460,22495,5120
17300,"Clarksville, TN-KY",2023-12-01,189,276,74,4,543,23038,5309
17300,"Clarksville, TN-KY",2024-01-01,176,272,61,2,511,23549,5485
17300,"Clarksville, TN-KY",2024-02-01,168,187,52,4,411,23960,5653
17300,"Clarksville, TN-KY",2024-03-01,192,240,52,2,486,24446,5845
17300,"Clarksville, TN-KY",2024-04-01,131,170,46,3,350,24796,5976
17300,"Clarksville, TN-KY",2024-05-01,104,139,35,3,281,25077,6080
17300,"Clarksville, TN-KY",2024-06-01,90,120,30,4,244,25321,6170
17300,"Clarksville, TN-KY",2024-07-01,158,229,52,6,445,25766,6328
17300,"Clarksville, TN-KY",2024-08-01,127,213,58,1,399,26165,6455
17300,"Clarksville, TN-KY",2024-09-01,154,206,38,5,403,26568,6609
17300,"Clarksville, TN-KY",2024-10-01,216,228,62,5,511,27079,6825
17300,"Clarksville, TN-KY",2024-11-01,186,249,59,6,500,27579,7011
17300,"Clarksville, TN-KY",2024-12-01,217,227,69,5,518,28097,7228
17300,"Clarksville, TN-KY",2025-01-01,180,211,48,3,442,28539,7408
17300,"Clarksville, TN-KY",2025-02-01,153,173,50,2,378,28917,7561
17300,"Clarksville, TN-KY",2025-03-01,170,183,51,5,409,29326,7731
17300,"Clarksville, TN-KY",2025-04-01,180,216,55,3,454,29780,7911
17300,"Clarksville, TN-KY",2025-05-01,216,204,58,4,482,30262,8127
17300,"Clarksville, TN-KY",2025-06-01,224,230,62,4,520,30782,8351
17300,"Clarksville, TN-KY",2025-07-01,174,187,42,7,410,31192,8525
17300,"Clarksville, TN-KY",2025-08-01,112,156,28,2,298,31490,8637
17300,"Clarksville, TN-KY",2025-09-01,4,7,1,0,12,31502,8641
32060,"Marion-Herrin, IL",2019-01-01,0,3,0,0,3,3,0
32060,"Marion-Herrin, IL",2019-02-01,1,4,1,0,6,9,1
32060,"Marion-Herrin, IL",2019-03-01,0,6,3,0,9,18,1
32060,"Marion-Herrin, IL",2019-04-01,0,26,6,0,32,50,1
32060,"Marion-Herrin, IL",2019-05-01,2,7,1,0,10,60,3
32060,"Marion-Herrin, IL",2019-06-01,1,15,2,0,18,78,4
32060,"Marion-Herrin, IL",2019-07-01,3,18,2,0,23,101,7
32060,"Marion-Herrin, IL",2019-08-01,0,14,4,0,18,119,7
32060,"Marion-Herrin, IL",2019-09-01,2,15,6,0,23,142,9
32060,"Marion-Herrin, IL",2019-10-01,0,12,2,1,15,157,9
32060,"Marion-Herrin, IL",2019-11-01,2,23,8,1,34,191,11
32060,"Marion-Herrin, IL",2019-12-01,2,20,4,0,26,217,13
32060,"Marion-Herrin, IL",2020-01-01,8,25,5,1,39,256,21
32060,"Marion-Herrin, IL",2020-02-01,3,20,2,0,25,281,24
32060,"Marion-Herrin, IL",2020-03-01,5,30,4,2,41,322,29
32060,"Marion-Herrin, IL",2020-04-01,10,48,8,1,67,389,39
32060,"Marion-Herrin, IL",2020-05-01,14,55,8,2,79,468,53
32060,"Marion-Herrin, IL",2020-06-01,9,40,4,0,53,521,62
32060,"Marion-Herrin, IL",2020-07-01,10,61,9,0,80,601,72
32060,"Marion-Herrin, IL",2020-08-01,11,57,15,3,86,687,83
32060,"Marion-Herrin, IL",2020-09-01,13,41,9,0,63,750,96
32060,"Marion-Herrin, IL",2020-10-01,8,41,4,0,53,803,104
32060,"Marion-Herrin, IL",2020-11-01,12,30,2,0,44,847,116
32060,"Marion-Herrin, IL",2020-12-01,9,25,9,0,43,890,125
32060,"Marion-Herrin, IL",2021-01-01,22,38,13,1,74,964,147
32060,"Marion-Herrin, IL",2021-02-01,21,52,8,0,81,1045,168
32060,"Marion-Herrin, IL",2021-03-01,33,55,17,0,105,1150,201
32060,"Marion-Herrin, IL",2021-04-01,31,58,11,1,101,1251,232
32060,"Marion-Herrin, IL",2021-05-01,18,53,11,2,84,1335,250
32060,"Marion-Herrin, IL",2021-06-01,15,50,7,1,73,1408,265
32060,"Marion-Herrin, IL",2021-07-01,6,40,9,0,55,1463,271
32060,"Marion-Herrin, IL",2021-08-01,21,56,21,1,99,1562,292
32060,"Marion-Herrin, IL",2021-09-01,9,25,9,1,44,1606,301
32060,"Marion-Herrin, IL",2021-10-01,12,40,7,0,59,1665,313
32060,"Marion-Herrin, IL",2021-11-01,19,45,24,2,90,1755,332
32060,"Marion-Herrin, IL",2021-12-01,13,39,12,0,64,1819,345
32060,"Marion-Herrin, IL",2022-01-01,30,63,16,2,111,1930,375
32060,"Marion-Herrin, IL",2022-02-01,22,45,18,0,85,2015,397
32060,"Marion-Herrin, IL",2022-03-01,33,57,21,2,113,2128,430
32060,"Marion-Herrin, IL",2022-04-01,17,47,11,1,76,2204,447
32060,"Marion-Herrin, IL",2022-05-01,22,39,14,0,75,2279,469
32060,"Marion-Herrin, IL",2022-06-01,26,30,10,1,67,2346,495
32060,"Marion-Herrin, IL",2022-07-01,12,53,9,2,76,2422,507
32060,"Marion-Herrin, IL",2022-08-01,9,34,8,0,51,2473,516
32060,"Marion-Herrin, IL",2022-09-01,20,57,16,0,93,2566,536
32060,"Marion-Herrin, IL",2022-10-01,27,40,11,1,79,2645,563
32060,"Marion-Herrin, IL",2022-11-01,22,54,11,0,87,2732,585
32060,"Marion-Herrin, IL",2022-12-01,23,47,14,2,86,2818,608
32060,"Marion-Herrin, IL",2023-01-01,20,28,9,1,58,2876,628
32060,"Marion-Herrin, IL",2023-02-01,22,41,10,0,73,2949,650
32060,"Marion-Herrin, IL",2023-03-01,45,54,24,0,123,3072,695
32060,"Marion-Herrin, IL",2023-04-01,18,45,21,2,86,3158,713
32060,"Marion-Herrin, IL",2023-05-01,16,29,14,0,59,3217,729
32060,"Marion-Herrin, IL",2023-06-01,22,26,9,0,57,3274,751
32060,"Marion-Herrin, IL",2023-07-01,14,23,13,0,50,3324,765
32060,"Marion-Herrin, IL",2023-08-01,17,19,7,1,44,3368,782
32060,"Marion-Herrin, IL",2023-09-01,17,28,9,0,54,3422,799
32060,"Marion-Herrin, IL",2023-10-01,25,36,14,1,76,3498,824
32060,"Marion-Herrin, IL",2023-11-01,25,56,11,0,92,3590,849
32060,"Marion-Herrin, IL",2023-12-01,32,48,15,1,96,3686,881
32060,"Marion-Herrin, IL",2024-01-01,34,54,13,2,103,3789,915
32060,"Marion-Herrin, IL",2024-02-01,42,32,9,0,83,3872,957
32060,"Marion-Herrin, IL",2024-03-01,54,58,17,1,130,4002,1011
32060,"Marion-Herrin, IL",2024-04-01,33,42,11,0,86,4088,1044
32060,"Marion-Herrin, IL",2024-05-01,21,23,7,0,51,4139,1065
32060,"Marion-Herrin, IL",2024-06-01,16,21,5,0,42,4181,1081
32060,"Marion-Herrin, IL",2024-07-01,12,12,8,1,33,4214,1093
32060,"Marion-Herrin, IL",2024-08-01,24,37,7,1,69,4283,1117
32060,"Marion-Herrin, IL",2024-09-01,48,46,16,2,112,4395,1165
32060,"Marion-Herrin, IL",2024-10-01,47,62,17,3,129,4524,1212
32060,"Marion-Herrin, IL",2024-11-01,64,49,16,3,132,4656,1276
32060,"Marion-Herrin, IL",2024-12-01,87,51,22,2,162,4818,1363
32060,"Marion-Herrin, IL",2025-01-01,70,41,15,2,128,4946,1433
32060,"Marion-Herrin, IL",2025-02-01,56,50,12,2,120,5066,1489
32060,"Marion-Herrin, IL",2025-03-01,77,57,10,0,144,5210,1566
32060,"Marion-Herrin, IL",2025-04-01,82,71,20,2,175,5385,1648
32060,"Marion-Herrin, IL",2025-05-01,54,44,11,0,109,5494,1702
32060,"Marion-Herrin, IL",2025-06-01,29,25,6,0,60,5554,1731
32060,"Marion-Herrin, IL",2025-07-01,36,20,5,0,61,5615,1767
32060,"Marion-Herrin, IL",2025-08-01,19,29,5,1,54,5669,1786
32060,"Marion-Herrin, IL",2025-09-01,5,0,0,0,5,5674,1791
25260,"Hanford-Corcoran, CA",2019-01-01,0,30,13,1,44,44,0
25260,"Hanford-Corcoran, CA",2019-02-01,1,18,4,1,24,68,1
25260,"Hanford-Corcoran, CA",2019-03-01,0,15,1,0,16,84,1
25260,"Hanford-Corcoran, CA",2019-04-01,0,10,3,0,13,97,1
25260,"Hanford-Corcoran, CA",2019-05-01,0,19,0,1,20,117,1
25260,"Hanford-Corcoran, CA",2019-06-01,3,34,7,1,45,162,4
25260,"Hanford-Corcoran, CA",2019-07-01,1,31,6,0,38,200,5
25260,"Hanford-Corcoran, CA",2019-08-01,0,41,16,0,57,257,5
25260,"Hanford-Corcoran, CA",2019-09-01,2,36,5,0,43,300,7
25260,"Hanford-Corcoran, CA",2019-10-01,0,10,3,0,13,313,7
25260,"Hanford-Corcoran, CA",2019-11-01,3,27,3,0,33,346,10
25260,"Hanford-Corcoran, CA",2019-12-01,2,36,3,0,41,387,12
25260,"Hanford-Corcoran, CA",2020-01-01,3,31,5,1,40,427,15
25260,"Hanford-Corcoran, CA",2020-02-01,5,21,5,0,31,458,20
25260,"Hanford-Corcoran, CA",2020-03-01,5,49,20,2,76,534,25
25260,"Hanford-Corcoran, CA",2020-04-01,29,110,21,1,161,695,54
25260,"Hanford-Corcoran, CA",2020-05-01,33,120,24,0,177,872,87
25260,"Hanford-Corcoran, CA",2020-06-01,29,108,16,3,156,1028,116
25260,"Hanford-Corcoran, CA",2020-07-01,34,129,27,2,192,1220,150
25260,"Hanford-Corcoran, CA",2020-08-01,34,122,20,3,179,1399,184
25260,"Hanford-Corcoran, CA",2020-09-01,27,115,18,3,163,1562,211
25260,"Hanford-Corcoran, CA",2020-10-01,30,93,20,1,144,1706,241
25260,"Hanford-Corcoran, CA",2020-11-01,15,56,13,1,85,1791,256
25260,"Hanford-Corcoran, CA",2020-12-01,8,28,10,1,47,1838,264
25260,"Hanford-Corcoran, CA",2021-01-01,19,77,13,1,110,1948,283
25260,"Hanford-Corcoran, CA",2021-02-01,6,38,9,0,53,2001,289
25260,"Hanford-Corcoran, CA",2021-03-01,44,114,26,6,190,2191,333
25260,"Hanford-Corcoran, CA",2021-04-01,31,106,15,0,152,2343,364
25260,"Hanford-Corcoran, CA",2021-05-01,12,52,8,0,72,2415,376
25260,"Hanford-Corcoran, CA",2021-06-01,9,49,4,0,62,2477,385
25260,"Hanford-Corcoran, CA",2021-07-01,13,52,7,0,72,2549,398
25260,"Hanford-Corcoran, CA",2021-08-01,28,74,14,1,117,2666,426
25260,"Hanford-Corcoran, CA",2021-09-01,40,141,31,6,218,2884,466
25260,"Hanford-Corcoran, CA",2021-10-01,5,41,4,0,50,2934,471
25260,"Hanford-Corcoran, CA",2021-11-01,4,24,4,1,33,2967,475
25260,"Hanford-Corcoran, CA",2021-12-01,7,23,5,1,36,3003,482
25260,"Hanford-Corcoran, CA",2022-01-01,20,55,12,4,91,3094,502
25260,"Hanford-Corcoran, CA",2022-02-01,14,39,12,1,66,3160,516
25260,"Hanford-Corcoran, CA",2022-03-01,26,103,20,1,150,3310,542
25260,"Hanford-Corcoran, CA",2022-04-01,13,42,7,0,62,3372,555
25260,"Hanford-Corcoran, CA",2022-05-01,5,23,9,1,38,3410,560
25260,"Hanford-Corcoran, CA",2022-06-01,6,18,7,3,34,3444,566
25260,"Hanford-Corcoran, CA",2022-07-01,7,16,2,0,25,3469,573
25260,"Hanford-Corcoran, CA",2022-08-01,65,144,31,1,241,3710,638
25260,"Hanford-Corcoran, CA",2022-09-01,45,124,27,1,197,3907,683
25260,"Hanford-Corcoran, CA",2022-10-01,27,54,18,3,102,4009,710
25260,"Hanford-Corcoran, CA",2022-11-01,40,86,22,3,151,4160,750
25260,"Hanford-Corcoran, CA",2022-12-01,39,89,19,2,149,4309,789
25260,"Hanford-Corcoran, CA",2023-01-01,25,60,11,1,97,4406,814
25260,"Hanford-Corcoran, CA",2023-02-01,25,65,12,1,103,4509,839
25260,"Hanford-Corcoran, CA",2023-03-01,45,105,18,2,170,4679,884
25260,"Hanford-Corcoran, CA",2023-04-01,29,39,10,0,78,4757,913
25260,"Hanford-Corcoran, CA",2023-05-01,28,32,4,0,64,4821,941
25260,"Hanford-Corcoran, CA",2023-06-01,16,29,9,0,54,4875,957
25260,"Hanford-Corcoran, CA",2023-07-01,19,34,6,1,60,4935,976
25260,"Hanford-Corcoran, CA",2023-08-01,8,35,3,0,46,4981,984
25260,"Hanford-Corcoran, CA",2023-09-01,16,26,5,0,47,5028,1000
25260,"Hanford-Corcoran, CA",2023-10-01,18,28,11,0,57,5085,1018
25260,"Hanford-Corcoran, CA",2023-11-01,10,29,5,0,44,5129,1028
25260,"Hanford-Corcoran, CA",2023-12-01,14,48,4,0,66,5195,1042
25260,"Hanford-Corcoran, CA",2024-01-01,23,34,7,0,64,5259,1065
25260,"Hanford-Corcoran, CA",2024-02-01,14,34,6,1,55,5314,1079
25260,"Hanford-Corcoran, CA",2024-03-01,16,40,4,1,61,5375,1095
25260,"Hanford-Corcoran, CA",2024-04-01,24,48,4,0,76,5451,1119
25260,"Hanford-Corcoran, CA",2024-05-01,23,44,7,0,74,5525,1142
25260,"Hanford-Corcoran, CA",2024-06-01,26,52,7,1,86,5611,1168
25260,"Hanford-Corcoran, CA",2024-07-01,24,50,10,1,85,5696,1192
25260,"Hanford-Corcoran, CA",2024-08-01,17,38,3,1,59,5755,1209
25260,"Hanford-Corcoran, CA",2024-09-01,17,38,8,0,63,5818,1226
25260,"Hanford-Corcoran, CA",2024-10-01,13,36,1,0,50,5868,1239
25260,"Hanford-Corcoran, CA",2024-11-01,18,30,5,0,53,5921,1257
25260,"Hanford-Corcoran, CA",2024-12-01,18,31,9,0,58,5979,1275
25260,"Hanford-Corcoran, CA",2025-01-01,10,23,5,0,38,6017,1285
25260,"Hanford-Corcoran, CA",2025-02-01,13,14,0,0,27,6044,1298
25260,"Hanford-Corcoran, CA",2025-03-01,24,24,9,0,57,6101,1322
25260,"Hanford-Corcoran, CA",2025-04-01,19,22,5,0,46,6147,1341
25260,"Hanford-Corcoran, CA",2025-05-01,25,33,8,0,66,6213,1366
25260,"Hanford-Corcoran, CA",2025-06-01,14,20,4,0,38,6251,1380
25260,"Hanford-Corcoran, CA",2025-07-01,17,25,4,0,46,6297,1397
25260,"Hanford-Corcoran, CA",2025-08-01,10,16,2,1,29,6326,1407
48060,"Watertown-Fort Drum, NY",2019-01-01,1,7,0,0,8,8,1
48060,"Watertown-Fort Drum, NY",2019-02-01,0,7,0,1,8,16,1
48060,"Watertown-Fort Drum, NY",2019-03-01,1,11,0,0,12,28,2
48060,"Watertown-Fort Drum, NY",2019-04-01,0,22,5,0,27,55,2
48060,"Watertown-Fort Drum, NY",2019-05-01,0,14,5,0,19,74,2
48060,"Watertown-Fort Drum, NY",2019-06-01,2,23,0,0,25,99,4
48060,"Watertown-Fort Drum, NY",2019-07-01,0,29,4,2,35,134,4
48060,"Watertown-Fort Drum, NY",2019-08-01,1,31,8,0,40,174,5
48060,"Watertown-Fort Drum, NY",2019-09-01,1,49,7,0,57,231,6
48060,"Watertown-Fort Drum, NY",2019-10-01,5,41,3,0,49,280,11
48060,"Watertown-Fort Drum, NY",2019-11-01,2,48,2,0,52,332,13
48060,"Watertown-Fort Drum, NY",2019-12-01,1,30,0,0,31,363,14
48060,"Watertown-Fort Drum, NY",2020-01-01,5,49,6,0,60,423,19
48060,"Watertown-Fort Drum, NY",2020-02-01,7,46,9,0,62,485,26
48060,"Watertown-Fort Drum, NY",2020-03-01,7,60,15,0,82,567,33
48060,"Watertown-Fort Drum, NY",2020-04-01,21,85,20,2,128,695,54
48060,"Watertown-Fort Drum, NY",2020-05-01,20,102,8,0,130,825,74
48060,"Watertown-Fort Drum, NY",2020-06-01,23,90,6,1,120,945,97
48060,"Watertown-Fort Drum, NY",2020-07-01,27,87,6,1,121,1066,124
48060,"Watertown-Fort Drum, NY",2020-08-01,15,102,8,1,126,1192,139
48060,"Watertown-Fort Drum, NY",2020-09-01,17,76,10,0,103,1295,156
48060,"Watertown-Fort Drum, NY",2020-10-01,15,82,4,0,101,1396,171
48060,"Watertown-Fort Drum, NY",2020-11-01,21,81,5,1,108,1504,192
48060,"Watertown-Fort Drum, NY",2020-12-01,19,48,6,1,74,1578,211
48060,"Watertown-Fort Drum, NY",2021-01-01,27,82,15,1,125,1703,238
48060,"Watertown-Fort Drum, NY",2021-02-01,23,80,8,3,114,1817,261
48060,"Watertown-Fort Drum, NY",2021-03-01,34,96,17,3,150,1967,295
48060,"Watertown-Fort Drum, NY",2021-04-01,34,125,19,0,178,2145,329
48060,"Watertown-Fort Drum, NY",2021-05-01,43,132,4,1,180,2325,372
48060,"Watertown-Fort Drum, NY",2021-06-01,34,91,13,0,138,2463,406
48060,"Watertown-Fort Drum, NY",2021-07-01,32,110,14,2,158,2621,438
48060,"Watertown-Fort Drum, NY",2021-08-01,32,115,15,1,163,2784,470
48060,"Watertown-Fort Drum, NY",2021-09-01,22,94,7,1,124,2908,492
48060,"Watertown-Fort Drum, NY",2021-10-01,11,59,7,0,77,2985,503
48060,"Watertown-Fort Drum, NY",2021-11-01,21,79,9,0,109,3094,524
48060,"Watertown-Fort Drum, NY",2021-12-01,32,92,12,0,136,3230,556
48060,"Watertown-Fort Drum, NY",2022-01-01,53,127,11,0,191,3421,609
48060,"Watertown-Fort Drum, NY",2022-02-01,50,98,18,1,167,3588,659
48060,"Watertown-Fort Drum, NY",2022-03-01,45,108,11,1,165,3753,704
48060,"Watertown-Fort Drum, NY",2022-04-01,38,104,10,1,153,3906,742
48060,"Watertown-Fort Drum, NY",2022-05-01,45,80,11,2,138,4044,787
48060,"Watertown-Fort Drum, NY",2022-06-01,42,84,16,1,143,4187,829
48060,"Watertown-Fort Drum, NY",2022-07-01,41,72,10,1,124,4311,870
48060,"Watertown-Fort Drum, NY",2022-08-01,28,101,22,3,154,4465,898
48060,"Watertown-Fort Drum, NY",2022-09-01,32,93,15,1,141,4606,930
48060,"Watertown-Fort Drum, NY",2022-10-01,43,86,16,0,145,4751,973
48060,"Watertown-Fort Drum, NY",2022-11-01,29,65,7,0,101,4852,1002
48060,"Watertown-Fort Drum, NY",2022-12-01,29,46,14,0,89,4941,1031
48060,"Watertown-Fort Drum, NY",2023-01-01,44,50,14,0,108,5049,1075
48060,"Watertown-Fort Drum, NY",2023-02-01,37,47,9,1,94,5143,1112
48060,"Watertown-Fort Drum, NY",2023-03-01,47,73,18,0,138,5281,1159
48060,"Watertown-Fort Drum, NY",2023-04-01,29,65,14,0,108,5389,1188
48060,"Watertown-Fort Drum, NY",2023-05-01,20,53,6,0,79,5468,1208
48060,"Watertown-Fort Drum, NY",2023-06-01,27,41,9,0,77,5545,1235
48060,"Watertown-Fort Drum, NY",2023-07-01,24,43,8,1,76,5621,1259
48060,"Watertown-Fort Drum, NY",2023-08-01,29,35,4,0,68,5689,1288
48060,"Watertown-Fort Drum, NY",2023-09-01,32,46,9,0,87,5776,1320
48060,"Watertown-Fort Drum, NY",2023-10-01,34,52,10,0,96,5872,1354
48060,"Watertown-Fort Drum, NY",2023-11-01,34,48,14,0,96,5968,1388
48060,"Watertown-Fort Drum, NY",2023-12-01,36,51,7,0,94,6062,1424
48060,"Watertown-Fort Drum, NY",2024-01-01,32,50,12,0,94,6156,1456
48060,"Watertown-Fort Drum, NY",2024-02-01,32,44,12,0,88,6244,1488
48060,"Watertown-Fort Drum, NY",2024-03-01,39,36,12,0,87,6331,1527
48060,"Watertown-Fort Drum, NY",2024-04-01,19,40,11,0,70,6401,1546
48060,"Watertown-Fort Drum, NY",2024-05-01,46,44,11,0,101,6502,1592
48060,"Watertown-Fort Drum, NY",2024-06-01,21,33,8,0,62,6564,1613
48060,"Watertown-Fort Drum, NY",2024-07-01,43,39,10,0,92,6656,1656
48060,"Watertown-Fort Drum, NY",2024-08-01,43,48,7,1,99,6755,1699
48060,"Watertown-Fort Drum, NY",2024-09-01,40,48,9,4,101,6856,1739
48060,"Watertown-Fort Drum, NY",2024-10-01,43,52,10,0,105,6961,1782
48060,"Watertown-Fort Drum, NY",2024-11-01,38,41,11,0,90,7051,1820
48060,"Watertown-Fort Drum, NY",2024-12-01,50,44,14,0,108,7159,1870
48060,"Watertown-Fort Drum, NY",2025-01-01,44,42,11,1,98,7257,1914
48060,"Watertown-Fort Drum, NY",2025-02-01,41,29,6,0,76,7333,1955
48060,"Watertown-Fort Drum, NY",2025-03-01,44,47,14,0,105,7438,1999
48060,"Watertown-Fort Drum, NY",2025-04-01,40,40,11,2,93,7531,2039
48060,"Watertown-Fort Drum, NY",2025-05-01,54,49,8,4,115,7646,2093
48060,"Watertown-Fort Drum, NY",2025-06-01,53,55,13,0,121,7767,2146
48060,"Watertown-Fort Drum, NY",2025-07-01,56,54,14,4,128,7895,2202
48060,"Watertown-Fort Drum, NY",2025-08-01,40,45,6,0,91,7986,2242
48060,"Watertown-Fort Drum, NY",2025-09-01,1,0,0,0,1,7987,2243
18260,"Cookeville, TN",2019-01-01,0,6,2,0,8,8,0
18260,"Cookeville, TN",2019-02-01,1,4,4,0,9,17,1
18260,"Cookeville, TN",2019-03-01,1,3,4,0,8,25,2
18260,"Cookeville, TN",2019-04-01,2,6,5,0,13,38,4
18260,"Cookeville, TN",2019-05-01,1,28,4,1,34,72,5
18260,"Cookeville, TN",2019-06-01,1,21,3,2,27,99,6
18260,"Cookeville, TN",2019-07-01,1,17,8,0,26,125,7
18260,"Cookeville, TN",2019-08-01,1,15,5,0,21,146,8
18260,"Cookeville, TN",2019-09-01,3,33,3,1,40,186,11
18260,"Cookeville, TN",2019-10-01,6,16,10,0,32,218,17
18260,"Cookeville, TN",2019-11-01,4,13,6,0,23,241,21
18260,"Cookeville, TN",2019-12-01,6,19,7,0,32,273,27
18260,"Cookeville, TN",2020-01-01,4,27,2,0,33,306,31
18260,"Cookeville, TN",2020-02-01,9,27,7,1,44,350,40
18260,"Cookeville, TN",2020-03-01,4,34,9,0,47,397,44
18260,"Cookeville, TN",2020-04-01,23,97,15,1,136,533,67
18260,"Cookeville, TN",2020-05-01,23,51,5,0,79,612,90
18260,"Cookeville, TN",2020-06-01,11,52,6,1,70,682,101
18260,"Cookeville, TN",2020-07-01,18,38,8,0,64,746,119
18260,"Cookeville, TN",2020-08-01,18,86,12,2,118,864,137
18260,"Cookeville, TN",2020-09-01,34,78,16,4,132,996,171
18260,"Cookeville, TN",2020-10-01,25,52,14,0,91,1087,196
18260,"Cookeville, TN",2020-11-01,19,39,10,1,69,1156,215
18260,"Cookeville, TN",2020-12-01,17,47,10,0,74,1230,232
18260,"Cookeville, TN",2021-01-01,37,72,22,0,131,1361,269
18260,"Cookeville, TN",2021-02-01,34,59,16,1,110,1471,303
18260,"Cookeville, TN",2021-03-01,60,79,18,4,161,1632,363
18260,"Cookeville, TN",2021-04-01,31,89,17,1,138,1770,394
18260,"Cookeville, TN",2021-05-01,27,96,20,1,144,1914,421
18260,"Cookeville, TN",2021-06-01,33,86,11,1,131,2045,454
18260,"Cookeville, TN",2021-07-01,27,71,14,1,113,2158,481
18260,"Cookeville, TN",2021-08-01,32,81,28,2,143,2301,513
18260,"Cookeville, TN",2021-09-01,31,100,23,3,157,2458,544
18260,"Cookeville, TN",2021-10-01,30,69,28,0,127,2585,574
18260,"Cookeville, TN",2021-11-01,66,82,21,3,172,2757,640
18260,"Cookeville, TN",2021-12-01,44,73,19,4,140,2897,684
18260,"Cookeville, TN",2022-01-01,84,110,36,5,235,3132,768
18260,"Cookeville, TN",2022-02-01,46,64,24,0,134,3266,814
18260,"Cookeville, TN",2022-03-01,60,97,28,1,186,3452,874
18260,"Cookeville, TN",2022-04-01,47,70,13,3,133,3585,921
18260,"Cookeville, TN",2022-05-01,38,83,22,2,145,3730,959
18260,"Cookeville, TN",2022-06-01,46,85,27,0,158,3888,1005
18260,"Cookeville, TN",2022-07-01,32,68,14,0,114,4002,1037
18260,"Cookeville, TN",2022-08-01,58,111,20,6,195,4197,1095
18260,"Cookeville, TN",2022-09-01,66,79,26,1,172,4369,1161
18260,"Cookeville, TN",2022-10-01,57,102,30,1,190,4559,1218
18260,"Cookeville, TN",2022-11-01,69,81,16,2,168,4727,1287
18260,"Cookeville, TN",2022-12-01,66,83,33,5,187,4914,1353
18260,"Cookeville, TN",2023-01-01,71,81,28,3,183,5097,1424
18260,"Cookeville, TN",2023-02-01,62,84,28,1,175,5272,1486
18260,"Cookeville, TN",2023-03-01,86,99,42,4,231,5503,1572
18260,"Cookeville, TN",2023-04-01,33,71,30,3,137,5640,1605
18260,"Cookeville, TN",2023-05-01,31,49,6,1,87,5727,1636
18260,"Cookeville, TN",2023-06-01,31,44,9,3,87,5814,1667
18260,"Cookeville, TN",2023-07-01,29,45,8,1,83,5897,1696
18260,"Cookeville, TN",2023-08-01,35,39,11,0,85,5982,1731
18260,"Cookeville, TN",2023-09-01,43,56,14,2,115,6097,1774
18260,"Cookeville, TN",2023-10-01,44,59,19,1,123,6220,1818
18260,"Cookeville, TN",2023-11-01,77,87,27,2,193,6413,1895
18260,"Cookeville, TN",2023-12-01,93,80,19,1,193,6606,1988
18260,"Cookeville, TN",2024-01-01,88,84,32,9,213,6819,2076
18260,"Cookeville, TN",2024-02-01,79,80,20,2,181,7000,2155
18260,"Cookeville, TN",2024-03-01,74,71,16,1,162,7162,2229
18260,"Cookeville, TN",2024-04-01,50,54,13,0,117,7279,2279
18260,"Cookeville, TN",2024-05-01,49,39,17,1,106,7385,2328
18260,"Cookeville, TN",2024-06-01,60,50,17,0,127,7512,2388
18260,"Cookeville, TN",2024-07-01,53,61,15,0,129,7641,2441
18260,"Cookeville, TN",2024-08-01,32,50,7,1,90,7731,2473
18260,"Cookeville, TN",2024-09-01,68,46,17,1,132,7863,2541
18260,"Cookeville, TN",2024-10-01,93,62,25,1,181,8044,2634
18260,"Cookeville, TN",2024-11-01,82,54,27,3,166,8210,2716
18260,"Cookeville, TN",2024-12-01,89,69,25,2,185,8395,2805
18260,"Cookeville, TN",2025-01-01,95,65,25,2,187,8582,2900
18260,"Cookeville, TN",2025-02-01,80,63,18,1,162,8744,2980
18260,"Cookeville, TN",2025-03-01,83,60,17,3,163,8907,3063
18260,"Cookeville, TN",2025-04-01,86,63,13,1,163,9070,3149
18260,"Cookeville, TN",2025-05-01,90,69,17,1,177,9247,3239
18260,"Cookeville, TN",2025-06-01,82,63,21,2,168,9415,3321
18260,"Cookeville, TN",2025-07-01,75,69,17,2,163,9578,3396
18260,"Cookeville, TN",2025-08-01,66,62,16,1,145,9723,3462
18260,"Cookeville, TN",2025-09-01,5,2,1,0,8,9731,3467
23190,"Franklin, KY",2019-01-01,0,1,1,0,2,2,0
23190,"Franklin, KY",2019-02-01,0,1,1,0,2,4,0
23190,"Franklin, KY",2019-03-01,0,4,2,1,7,11,0
23190,"Franklin, KY",2019-04-01,0,2,0,0,2,13,0
23190,"Franklin, KY",2019-05-01,1,3,0,0,4,17,1
23190,"Franklin, KY",2019-06-01,0,2,0,0,2,19,1
23190,"Franklin, KY",2019-07-01,0,4,1,0,5,24,1
23190,"Franklin, KY",2019-08-01,0,1,1,1,3,27,1
23190,"Franklin, KY",2019-09-01,0,2,1,0,3,30,1
23190,"Franklin, KY",2019-10-01,1,3,1,1,6,36,2
23190,"Franklin, KY",2019-11-01,0,4,1,0,5,41,2
23190,"Franklin, KY",2019-12-01,0,0,1,0,1,42,2
23190,"Franklin, KY",2020-01-01,0,3,0,0,3,45,2
23190,"Franklin, KY",2020-02-01,0,1,0,0,1,46,2
23190,"Franklin, KY",2020-03-01,0,12,2,0,14,60,2
23190,"Franklin, KY",2020-04-01,2,4,2,0,8,68,4
23190,"Franklin, KY",2020-05-01,2,10,2,0,14,82,6
23190,"Franklin, KY",2020-06-01,0,6,0,0,6,88,6
23190,"Franklin, KY",2020-07-01,0,7,0,1,8,96,6
23190,"Franklin, KY",2020-08-01,2,11,0,0,13,109,8
23190,"Franklin, KY",2020-09-01,2,5,4,0,11,120,10
23190,"Franklin, KY",2020-10-01,4,5,5,0,14,134,14
23190,"Franklin, KY",2020-11-01,0,9,1,0,10,144,14
23190,"Franklin, KY",2020-12-01,1,6,3,0,10,154,15
23190,"Franklin, KY",2021-01-01,0,11,5,0,16,170,15
23190,"Franklin, KY",2021-02-01,2,9,0,0,11,181,17
23190,"Franklin, KY",2021-03-01,4,17,4,0,25,206,21
23190,"Franklin, KY",2021-04-01,3,20,7,0,30,236,24
23190,"Franklin, KY",2021-05-01,4,27,4,0,35,271,28
23190,"Franklin, KY",2021-06-01,2,25,4,0,31,302,30
23190,"Franklin, KY",2021-07-01,3,25,6,0,34,336,33
23190,"Franklin, KY",2021-08-01,3,28,14,0,45,381,36
23190,"Franklin, KY",2021-09-01,2,27,15,3,47,428,38
23190,"Franklin, KY",2021-10-01,10,26,14,1,51,479,48
23190,"Franklin, KY",2021-11-01,9,24,8,2,43,522,57
23190,"Franklin, KY",2021-12-01,9,41,13,0,63,585,66
23190,"Franklin, KY",2022-01-01,5,54,9,2,70,655,71
23190,"Franklin, KY",2022-02-01,12,33,12,0,57,712,83
23190,"Franklin, KY",2022-03-01,5,34,11,0,50,762,88
23190,"Franklin, KY",2022-04-01,8,32,10,1,51,813,96
23190,"Franklin, KY",2022-05-01,9,25,11,0,45,858,105
23190,"Franklin, KY",2022-06-01,8,31,16,1,56,914,113
23190,"Franklin, KY",2022-07-01,13,26,13,2,54,968,126
23190,"Franklin, KY",2022-08-01,13,30,14,1,58,1026,139
23190,"Franklin, KY",2022-09-01,12,28,10,0,50,1076,151
23190,"Franklin, KY",2022-10-01,10,36,11,1,58,1134,161
23190,"Franklin, KY",2022-11-01,8,29,14,1,52,1186,169
23190,"Franklin, KY",2022-12-01,8,33,7,0,48,1234,177
23190,"Franklin, KY",2023-01-01,7,39,17,1,64,1298,184
23190,"Franklin, KY",2023-02-01,12,20,10,0,42,1340,196
23190,"Franklin, KY",2023-03-01,17,40,12,0,69,1409,213
23190,"Franklin, KY",2023-04-01,10,20,15,2,47,1456,223
23190,"Franklin, KY",2023-05-01,11,26,9,0,46,1502,234
23190,"Franklin, KY",2023-06-01,9,33,9,4,55,1557,243
23190,"Franklin, KY",2023-07-01,9,20,9,0,38,1595,252
23190,"Franklin, KY",2023-08-01,10,20,17,0,47,1642,262
23190,"Franklin, KY",2023-09-01,10,14,5,1,30,1672,272
23190,"Franklin, KY",2023-10-01,12,36,7,1,56,1728,284
23190,"Franklin, KY",2023-11-01,17,42,9,1,69,1797,301
23190,"Franklin, KY",2023-12-01,16,36,13,2,67,1864,317
23190,"Franklin, KY",2024-01-01,12,43,10,3,68,1932,329
23190,"Franklin, KY",2024-02-01,15,26,14,1,56,1988,344
23190,"Franklin, KY",2024-03-01,20,31,13,3,67,2055,364
23190,"Franklin, KY",2024-04-01,8,27,11,1,47,2102,372
23190,"Franklin, KY",2024-05-01,16,26,13,1,56,2158,388
23190,"Franklin, KY",2024-06-01,8,17,6,1,32,2190,396
23190,"Franklin, KY",2024-07-01,10,26,5,2,43,2233,406
23190,"Franklin, KY",2024-08-01,10,17,7,1,35,2268,416
23190,"Franklin, KY",2024-09-01,15,21,5,1,42,2310,431
23190,"Franklin, KY",2024-10-01,15,40,12,2,69,2379,446
23190,"Franklin, KY",2024-11-01,5,25,11,3,44,2423,451
23190,"Franklin, KY",2024-12-01,11,36,12,2,61,2484,462
23190,"Franklin, KY",2025-01-01,12,39,15,1,67,2551,474
23190,"Franklin, KY",2025-02-01,13,30,9,2,54,2605,487
23190,"Franklin, KY",2025-03-01,11,23,9,1,44,2649,498
23190,"Franklin, KY",2025-04-01,18,22,11,0,51,2700,516
23190,"Franklin, KY",2025-05-01,16,28,7,1,52,2752,532
23190,"Franklin, KY",2025-06-01,6,13,5,2,26,2778,538
23190,"Franklin, KY",2025-07-01,13,15,7,1,36,2814,551
23190,"Franklin, KY",2025-08-01,12,21,5,0,38,2852,563
23190,"Franklin, KY",2025-09-01,1,0,0,0,1,2853,564
44980,"Sunbury, PA",2019-01-01,0,1,0,0,1,1,0
44980,"Sunbury, PA",2019-03-01,0,2,0,0,2,3,0
44980,"Sunbury, PA",2019-04-01,0,4,3,0,7,10,0
44980,"Sunbury, PA",2019-05-01,0,3,4,1,8,18,0
44980,"Sunbury, PA",2019-06-01,1,7,1,0,9,27,1
44980,"Sunbury, PA",2019-07-01,0,13,5,0,18,45,1
44980,"Sunbury, PA",2019-08-01,0,18,3,0,21,66,1
44980,"Sunbury, PA",2019-09-01,0,9,5,0,14,80,1
44980,"Sunbury, PA",2019-10-01,1,12,3,0,16,96,2
44980,"Sunbury, PA",2019-11-01,0,7,1,1,9,105,2
44980,"Sunbury, PA",2019-12-01,1,8,3,0,12,117,3
44980,"Sunbury, PA",2020-01-01,1,11,0,0,12,129,4
44980,"Sunbury, PA",2020-02-01,2,8,4,0,14,143,6
44980,"Sunbury, PA",2020-03-01,0,10,0,0,10,153,6
44980,"Sunbury, PA",2020-04-01,3,13,6,0,22,175,9
44980,"Sunbury, PA",2020-05-01,7,22,7,0,36,211,16
44980,"Sunbury, PA",2020-06-01,4,21,2,1,28,239,20
44980,"Sunbury, PA",2020-07-01,6,30,5,1,42,281,26
44980,"Sunbury, PA",2020-08-01,9,41,9,0,59,340,35
44980,"Sunbury, PA",2020-09-01,11,25,7,2,45,385,46
44980,"Sunbury, PA",2020-10-01,0,15,6,0,21,406,46
44980,"Sunbury, PA",2020-11-01,7,15,4,0,26,432,53
44980,"Sunbury, PA",2020-12-01,5,19,4,1,29,461,58
44980,"Sunbury, PA",2021-01-01,17,23,6,1,47,508,75
44980,"Sunbury, PA",2021-02-01,14,18,6,0,38,546,89
44980,"Sunbury, PA",2021-03-01,9,27,7,1,44,590,98
44980,"Sunbury, PA",2021-04-01,6,22,4,1,33,623,104
44980,"Sunbury, PA",2021-05-01,21,49,8,0,78,701,125
44980,"Sunbury, PA",2021-06-01,9,29,3,1,42,743,134
44980,"Sunbury, PA",2021-07-01,15,34,2,0,51,794,149
44980,"Sunbury, PA",2021-08-01,5,28,8,1,42,836,154
44980,"Sunbury, PA",2021-09-01,14,22,8,0,44,880,168
44980,"Sunbury, PA",2021-10-01,6,24,9,1,40,920,174
44980,"Sunbury, PA",2021-11-01,6,22,6,1,35,955,180
44980,"Sunbury, PA",2021-12-01,10,20,11,0,41,996,190
44980,"Sunbury, PA",2022-01-01,8,42,3,0,53,1049,198
44980,"Sunbury, PA",2022-02-01,9,32,11,0,52,1101,207
44980,"Sunbury, PA",2022-03-01,12,15,8,0,35,1136,219
44980,"Sunbury, PA",2022-04-01,8,24,11,0,43,1179,227
44980,"Sunbury, PA",2022-05-01,8,12,6,2,28,1207,235
44980,"Sunbury, PA",2022-06-01,16,11,6,0,33,1240,251
44980,"Sunbury, PA",2022-07-01,7,15,3,1,26,1266,258
44980,"Sunbury, PA",2022-08-01,13,26,12,0,51,1317,271
44980,"Sunbury, PA",2022-09-01,13,23,7,0,43,1360,284
44980,"Sunbury, PA",2022-10-01,10,27,5,1,43,1403,294
44980,"Sunbury, PA",2022-11-01,12,20,9,1,42,1445,306
44980,"Sunbury, PA",2022-12-01,13,25,6,0,44,1489,319
44980,"Sunbury, PA",2023-01-01,9,25,9,0,43,1532,328
44980,"Sunbury, PA",2023-02-01,9,19,7,0,35,1567,337
44980,"Sunbury, PA",2023-03-01,16,17,9,2,44,1611,353
44980,"Sunbury, PA",2023-04-01,12,21,8,1,42,1653,365
44980,"Sunbury, PA",2023-05-01,18,17,3,1,39,1692,383
44980,"Sunbury, PA",2023-06-01,11,15,7,0,33,1725,394
44980,"Sunbury, PA",2023-07-01,5,9,4,0,18,1743,399
44980,"Sunbury, PA",2023-08-01,14,17,8,0,39,1782,413
44980,"Sunbury, PA",2023-09-01,5,20,3,2,30,1812,418
44980,"Sunbury, PA",2023-10-01,14,17,8,1,40,1852,432
44980,"Sunbury, PA",2023-11-01,22,18,11,0,51,1903,454
44980,"Sunbury, PA",2023-12-01,13,25,10,0,48,1951,467
44980,"Sunbury, PA",2024-01-01,21,18,9,1,49,2000,488
44980,"Sunbury, PA",2024-02-01,20,16,10,0,46,2046,508
44980,"Sunbury, PA",2024-03-01,25,25,13,0,63,2109,533
44980,"Sunbury, PA",2024-04-01,16,19,8,0,43,2152,549
44980,"Sunbury, PA",2024-05-01,16,9,0,0,25,2177,565
44980,"Sunbury, PA",2024-06-01,6,7,5,0,18,2195,571
44980,"Sunbury, PA",2024-07-01,7,15,3,0,25,2220,578
44980,"Sunbury, PA",2024-08-01,6,11,4,0,21,2241,584
44980,"Sunbury, PA",2024-09-01,17,25,11,0,53,2294,601
44980,"Sunbury, PA",2024-10-01,30,33,9,0,72,2366,631
44980,"Sunbury, PA",2024-11-01,28,22,10,1,61,2427,659
44980,"Sunbury, PA",2024-12-01,32,25,8,1,66,2493,691
44980,"Sunbury, PA",2025-01-01,32,31,8,1,72,2565,723
44980,"Sunbury, PA",2025-02-01,23,25,15,2,65,2630,746
44980,"Sunbury, PA",2025-03-01,42,28,10,2,82,2712,788
44980,"Sunbury, PA",2025-04-01,20,22,6,1,49,2761,808
44980,"Sunbury, PA",2025-05-01,27,23,8,0,58,2819,835
44980,"Sunbury, PA",2025-06-01,18,22,9,0,49,2868,853
44980,"Sunbury, PA",2025-07-01,20,18,9,0,47,2915,873
44980,"Sunbury, PA",2025-08-01,23,21,3,1,48,2963,896
34540,"Mount Vernon, OH",2019-01-01,0,1,2,0,3,3,0
34540,"Mount Vernon, OH",2019-02-01,0,3,0,0,3,6,0
34540,"Mount Vernon, OH",2019-03-01,0,6,1,0,7,13,0
34540,"Mount Vernon, OH",2019-04-01,0,7,0,0,7,20,0
34540,"Mount Vernon, OH",2019-05-01,0,6,1,0,7,27,0
34540,"Mount Vernon, OH",2019-06-01,0,3,1,0,4,31,0
34540,"Mount Vernon, OH",2019-07-01,0,14,1,1,16,47,0
34540,"Mount Vernon, OH",2019-08-01,0,12,4,0,16,63,0
34540,"Mount Vernon, OH",2019-09-01,2,13,3,0,18,81,2
34540,"Mount Vernon, OH",2019-10-01,2,11,3,0,16,97,4
34540,"Mount Vernon, OH",2019-11-01,0,13,3,0,16,113,4
34540,"Mount Vernon, OH",2019-12-01,1,10,1,0,12,125,5
34540,"Mount Vernon, OH",2020-01-01,2,17,3,0,22,147,7
34540,"Mount Vernon, OH",2020-02-01,1,2,5,0,8,155,8
34540,"Mount Vernon, OH",2020-03-01,2,18,5,1,26,181,10
34540,"Mount Vernon, OH",2020-04-01,16,17,7,0,40,221,26
34540,"Mount Vernon, OH",2020-05-01,9,22,6,2,39,260,35
34540,"Mount Vernon, OH",2020-06-01,7,18,4,0,29,289,42
34540,"Mount Vernon, OH",2020-07-01,7,17,6,0,30,319,49
34540,"Mount Vernon, OH",2020-08-01,4,16,5,1,26,345,53
34540,"Mount Vernon, OH",2020-09-01,2,21,6,0,29,374,55
34540,"Mount Vernon, OH",2020-10-01,9,15,6,0,30,404,64
34540,"Mount Vernon, OH",2020-11-01,3,14,5,1,23,427,67
34540,"Mount Vernon, OH",2020-12-01,13,11,4,1,29,456,80
34540,"Mount Vernon, OH",2021-01-01,19,19,6,2,46,502,99
34540,"Mount Vernon, OH",2021-02-01,11,22,7,0,40,542,110
34540,"Mount Vernon, OH",2021-03-01,16,25,8,2,51,593,126
34540,"Mount Vernon, OH",2021-04-01,9,22,5,1,37,630,135
34540,"Mount Vernon, OH",2021-05-01,20,29,13,1,63,693,155
34540,"Mount Vernon, OH",2021-06-01,14,19,2,0,35,728,169
34540,"Mount Vernon, OH",2021-07-01,6,19,10,4,39,767,175
34540,"Mount Vernon, OH",2021-08-01,4,25,5,0,34,801,179
34540,"Mount Vernon, OH",2021-09-01,8,22,10,0,40,841,187
34540,"Mount Vernon, OH",2021-10-01,10,21,4,1,36,877,197
34540,"Mount Vernon, OH",2021-11-01,17,25,7,1,50,927,214
34540,"Mount Vernon, OH",2021-12-01,16,19,10,0,45,972,230
34540,"Mount Vernon, OH",2022-01-01,10,33,10,0,53,1025,240
34540,"Mount Vernon, OH",2022-02-01,14,16,3,1,34,1059,254
34540,"Mount Vernon, OH",2022-03-01,13,21,10,2,46,1105,267
34540,"Mount Vernon, OH",2022-04-01,13,32,9,2,56,1161,280
34540,"Mount Vernon, OH",2022-05-01,13,22,9,0,44,1205,293
34540,"Mount Vernon, OH",2022-06-01,4,15,4,0,23,1228,297
34540,"Mount Vernon, OH",2022-07-01,6,7,6,0,19,1247,303
34540,"Mount Vernon, OH",2022-08-01,3,18,4,0,25,1272,306
34540,"Mount Vernon, OH",2022-09-01,9,19,7,0,35,1307,315
34540,"Mount Vernon, OH",2022-10-01,3,20,3,1,27,1334,318
34540,"Mount Vernon, OH",2022-11-01,8,16,7,2,33,1367,326
34540,"Mount Vernon, OH",2022-12-01,17,16,7,0,40,1407,343
34540,"Mount Vernon, OH",2023-01-01,19,21,8,0,48,1455,362
34540,"Mount Vernon, OH",2023-02-01,8,11,14,0,33,1488,370
34540,"Mount Vernon, OH",2023-03-01,11,19,5,1,36,1524,381
34540,"Mount Vernon, OH",2023-04-01,17,14,2,1,34,1558,398
34540,"Mount Vernon, OH",2023-05-01,9,16,3,0,28,1586,407
34540,"Mount Vernon, OH",2023-06-01,12,13,4,1,30,1616,419
34540,"Mount Vernon, OH",2023-07-01,12,13,4,1,30,1646,431
34540,"Mount Vernon, OH",2023-08-01,6,8,2,1,17,1663,437
34540,"Mount Vernon, OH",2023-09-01,8,22,3,0,33,1696,445
34540,"Mount Vernon, OH",2023-10-01,13,21,3,2,39,1735,458
34540,"Mount Vernon, OH",2023-11-01,23,22,10,0,55,1790,481
34540,"Mount Vernon, OH",2023-12-01,22,13,8,2,45,1835,503
34540,"Mount Vernon, OH",2024-01-01,20,16,7,2,45,1880,523
34540,"Mount Vernon, OH",2024-02-01,13,14,8,0,35,1915,536
34540,"Mount Vernon, OH",2024-03-01,20,18,6,1,45,1960,556
34540,"Mount Vernon, OH",2024-04-01,13,15,6,1,35,1995,569
34540,"Mount Vernon, OH",2024-05-01,10,14,3,0,27,2022,579
34540,"Mount Vernon, OH",2024-06-01,10,10,2,1,23,2045,589
34540,"Mount Vernon, OH",2024-07-01,9,15,2,1,27,2072,598
34540,"Mount Vernon, OH",2024-08-01,9,11,6,0,26,2098,607
34540,"Mount Vernon, OH",2024-09-01,19,22,8,0,49,2147,626
34540,"Mount Vernon, OH",2024-10-01,12,22,5,0,39,2186,638
34540,"Mount Vernon, OH",2024-11-01,14,13,5,0,32,2218,652
34540,"Mount Vernon, OH",2024-12-01,21,17,4,0,42,2260,673
34540,"Mount Vernon, OH",2025-01-01,21,20,2,0,43,2303,694
34540,"Mount Vernon, OH",2025-02-01,19,21,5,0,45,2348,713
34540,"Mount Vernon, OH",2025-03-01,18,17,7,0,42,2390,731
34540,"Mount Vernon, OH",2025-04-01,15,18,7,1,41,2431,746
34540,"Mount Vernon, OH",2025-05-01,13,14,5,1,33,2464,759
34540,"Mount Vernon, OH",2025-06-01,18,18,3,1,40,2504,777
34540,"Mount Vernon, OH",2025-07-01,19,19,3,2,43,2547,796
34540,"Mount Vernon, OH",2025-08-01,12,16,3,0,31,2578,808
34540,"Mount Vernon, OH",2025-09-01,0,0,1,0,1,2579,808
39500,"Quincy, IL-MO",2019-01-01,1,3,0,0,4,4,1
39500,"Quincy, IL-MO",2019-03-01,1,2,3,0,6,10,2
39500,"Quincy, IL-MO",2019-04-01,0,2,2,0,4,14,2
39500,"Quincy, IL-MO",2019-05-01,3,40,8,0,51,65,5
39500,"Quincy, IL-MO",2019-06-01,0,14,6,0,20,85,5
39500,"Quincy, IL-MO",2019-07-01,0,18,7,0,25,110,5
39500,"Quincy, IL-MO",2019-08-01,1,8,8,1,18,128,6
39500,"Quincy, IL-MO",2019-09-01,1,15,3,0,19,147,7
39500,"Quincy, IL-MO",2019-10-01,1,9,3,0,13,160,8
39500,"Quincy, IL-MO",2019-11-01,1,8,7,2,18,178,9
39500,"Quincy, IL-MO",2019-12-01,0,5,2,0,7,185,9
39500,"Quincy, IL-MO",2020-01-01,1,10,3,0,14,199,10
39500,"Quincy, IL-MO",2020-02-01,3,15,4,0,22,221,13
39500,"Quincy, IL-MO",2020-03-01,5,20,9,0,34,255,18
39500,"Quincy, IL-MO",2020-04-01,5,34,6,0,45,300,23
39500,"Quincy, IL-MO",2020-05-01,9,39,2,1,51,351,32
39500,"Quincy, IL-MO",2020-06-01,8,27,4,1,40,391,40
39500,"Quincy, IL-MO",2020-07-01,4,27,4,1,36,427,44
39500,"Quincy, IL-MO",2020-08-01,8,27,10,0,45,472,52
39500,"Quincy, IL-MO",2020-09-01,6,19,3,0,28,500,58
39500,"Quincy, IL-MO",2020-10-01,6,25,5,1,37,537,64
39500,"Quincy, IL-MO",2020-11-01,12,29,3,1,45,582,76
39500,"Quincy, IL-MO",2020-12-01,5,31,5,1,42,624,81
39500,"Quincy, IL-MO",2021-01-01,28,35,6,1,70,694,109
39500,"Quincy, IL-MO",2021-02-01,25,30,9,1,65,759,134
39500,"Quincy, IL-MO",2021-03-01,26,36,6,1,69,828,160
39500,"Quincy, IL-MO",2021-04-01,25,49,14,1,89,917,185
39500,"Quincy, IL-MO",2021-05-01,15,44,11,0,70,987,200
39500,"Quincy, IL-MO",2021-06-01,13,37,8,0,58,1045,213
39500,"Quincy, IL-MO",2021-07-01,14,40,4,0,58,1103,227
39500,"Quincy, IL-MO",2021-08-01,11,36,12,1,60,1163,238
39500,"Quincy, IL-MO",2021-09-01,12,36,7,1,56,1219,250
39500,"Quincy, IL-MO",2021-10-01,9,28,5,0,42,1261,259
39500,"Quincy, IL-MO",2021-11-01,16,29,13,0,58,1319,275
39500,"Quincy, IL-MO",2021-12-01,17,31,11,0,59,1378,292
39500,"Quincy, IL-MO",2022-01-01,37,41,8,0,86,1464,329
39500,"Quincy, IL-MO",2022-02-01,14,30,15,0,59,1523,343
39500,"Quincy, IL-MO",2022-03-01,23,39,11,1,74,1597,366
39500,"Quincy, IL-MO",2022-04-01,13,31,7,1,52,1649,379
39500,"Quincy, IL-MO",2022-05-01,10,22,12,0,44,1693,389
39500,"Quincy, IL-MO",2022-06-01,18,33,6,0,57,1750,407
39500,"Quincy, IL-MO",2022-07-01,19,20,6,1,46,1796,426
39500,"Quincy, IL-MO",2022-08-01,12,17,8,0,37,1833,438
39500,"Quincy, IL-MO",2022-09-01,10,31,12,0,53,1886,448
39500,"Quincy, IL-MO",2022-10-01,22,27,4,3,56,1942,470
39500,"Quincy, IL-MO",2022-11-01,22,32,10,0,64,2006,492
39500,"Quincy, IL-MO",2022-12-01,20,25,18,0,63,2069,512
39500,"Quincy, IL-MO",2023-01-01,20,37,14,1,72,2141,532
39500,"Quincy, IL-MO",2023-02-01,18,22,9,2,51,2192,550
39500,"Quincy, IL-MO",2023-03-01,25,31,16,2,74,2266,575
39500,"Quincy, IL-MO",2023-04-01,13,22,12,1,48,2314,588
39500,"Quincy, IL-MO",2023-05-01,16,18,5,1,40,2354,604
39500,"Quincy, IL-MO",2023-06-01,16,23,12,0,51,2405,620
39500,"Quincy, IL-MO",2023-07-01,20,30,6,0,56,2461,640
39500,"Quincy, IL-MO",2023-08-01,12,17,12,1,42,2503,652
39500,"Quincy, IL-MO",2023-09-01,17,15,5,0,37,2540,669
39500,"Quincy, IL-MO",2023-10-01,24,24,8,1,57,2597,693
39500,"Quincy, IL-MO",2023-11-01,19,25,9,0,53,2650,712
39500,"Quincy, IL-MO",2023-12-01,31,29,5,0,65,2715,743
39500,"Quincy, IL-MO",2024-01-01,41,22,6,0,69,2784,784
39500,"Quincy, IL-MO",2024-02-01,38,33,7,1,79,2863,822
39500,"Quincy, IL-MO",2024-03-01,39,33,10,1,83,2946,861
39500,"Quincy, IL-MO",2024-04-01,27,30,8,0,65,3011,888
39500,"Quincy, IL-MO",2024-05-01,21,27,6,0,54,3065,909
39500,"Quincy, IL-MO",2024-06-01,15,17,1,0,33,3098,924
39500,"Quincy, IL-MO",2024-07-01,9,14,3,0,26,3124,933
39500,"Quincy, IL-MO",2024-08-01,8,22,2,0,32,3156,941
39500,"Quincy, IL-MO",2024-09-01,24,27,4,0,55,3211,965
39500,"Quincy, IL-MO",2024-10-01,45,28,11,2,86,3297,1010
39500,"Quincy, IL-MO",2024-11-01,47,35,8,0,90,3387,1057
39500,"Quincy, IL-MO",2024-12-01,52,36,12,0,100,3487,1109
39500,"Quincy, IL-MO",2025-01-01,50,27,10,1,88,3575,1159
39500,"Quincy, IL-MO",2025-02-01,43,30,9,0,82,3657,1202
39500,"Quincy, IL-MO",2025-03-01,43,34,12,2,91,3748,1245
39500,"Quincy, IL-MO",2025-04-01,48,29,3,0,80,3828,1293
39500,"Quincy, IL-MO",2025-05-01,33,34,13,1,81,3909,1326
39500,"Quincy, IL-MO",2025-06-01,32,43,14,2,91,4000,1358
39500,"Quincy, IL-MO",2025-07-01,44,31,8,0,83,4083,1402
39500,"Quincy, IL-MO",2025-08-01,37,27,12,2,78,4161,1439
39500,"Quincy, IL-MO",2025-09-01,0,1,0,0,1,4162,1439
31080,"Los Angeles-Long Beach-Anaheim, CA",2019-01-01,54,1808,324,48,2234,2234,54
31080,"Los Angeles-Long Beach-Anaheim, CA",2019-02-01,66,1622,380,61,2129,4363,120
31080,"Los Angeles-Long Beach-Anaheim, CA",2019-03-01,100,1737,434,54,2325,6688,220
31080,"Los Angeles-Long Beach-Anaheim, CA",2019-04-01,102,1885,435,37,2459,9147,322
31080,"Los Angeles-Long Beach-Anaheim, CA",2019-05-01,123,2185,436,44,2788,11935,445
31080,"Los Angeles-Long Beach-Anaheim, CA",2019-06-01,108,1590,311,52,2061,13996,553
31080,"Los Angeles-Long Beach-Anaheim, CA",2019-07-01,206,2346,454,55,3061,17057,759
31080,"Los Angeles-Long Beach-Anaheim, CA",2019-08-01,153,1933,408,55,2549,19606,912
31080,"Los Angeles-Long Beach-Anaheim, CA",2019-09-01,180,2263,488,54,2985,22591,1092
31080,"Los Angeles-Long Beach-Anaheim, CA",2019-10-01,167,1980,429,50,2626,25217,1259
31080,"Los Angeles-Long Beach-Anaheim, CA",2019-11-01,188,1843,368,42,2441,27658,1447
31080,"Los Angeles-Long Beach-Anaheim, CA",2019-12-01,234,1859,383,41,2517,30175,1681
31080,"Los Angeles-Long Beach-Anaheim, CA",2020-01-01,213,1833,439,44,2529,32704,1894
31080,"Los Angeles-Long Beach-Anaheim, CA",2020-02-01,202,1518,351,50,2121,34825,2096
31080,"Los Angeles-Long Beach-Anaheim, CA",2020-03-01,312,2703,971,103,4089,38914,2408
31080,"Los Angeles-Long Beach-Anaheim, CA",2020-04-01,758,4184,1476,172,6590,45504,3166
31080,"Los Angeles-Long Beach-Anaheim, CA",2020-05-01,1137,3906,1118,131,6292,51796,4303
31080,"Los Angeles-Long Beach-Anaheim, CA",2020-06-01,1235,3831,949,122,6137,57933,5538
31080,"Los Angeles-Long Beach-Anaheim, CA",2020-07-01,1453,5144,1232,152,7981,65914,6991
31080,"Los Angeles-Long Beach-Anaheim, CA",2020-08-01,1440,5905,1464,170,8979,74893,8431
31080,"Los Angeles-Long Beach-Anaheim, CA",2020-09-01,1227,5318,1365,240,8150,83043,9658
31080,"Los Angeles-Long Beach-Anaheim, CA",2020-10-01,1134,4872,1172,229,7407,90450,10792
31080,"Los Angeles-Long Beach-Anaheim, CA",2020-11-01,993,4099,1056,156,6304,96754,11785
31080,"Los Angeles-Long Beach-Anaheim, CA",2020-12-01,1028,3817,1159,304,6308,103062,12813
31080,"Los Angeles-Long Beach-Anaheim, CA",2021-01-01,1094,4310,1194,310,6908,109970,13907
31080,"Los Angeles-Long Beach-Anaheim, CA",2021-02-01,799,3236,997,172,5204,115174,14706
31080,"Los Angeles-Long Beach-Anaheim, CA",2021-03-01,1774,6145,1679,255,9853,125027,16480
31080,"Los Angeles-Long Beach-Anaheim, CA",2021-04-01,1619,5729,1532,249,9129,134156,18099
31080,"Los Angeles-Long Beach-Anaheim, CA",2021-05-01,1862,6109,1520,245,9736,143892,19961
31080,"Los Angeles-Long Beach-Anaheim, CA",2021-06-01,1110,3916,1010,180,6216,150108,21071
31080,"Los Angeles-Long Beach-Anaheim, CA",2021-07-01,753,2669,983,167,4572,154680,21824
31080,"Los Angeles-Long Beach-Anaheim, CA",2021-08-01,694,2895,1063,203,4855,159535,22518
31080,"Los Angeles-Long Beach-Anaheim, CA",2021-09-01,1324,6047,1930,246,9547,169082,23842
31080,"Los Angeles-Long Beach-Anaheim, CA",2021-10-01,410,2302,1247,191,4150,173232,24252
31080,"Los Angeles-Long Beach-Anaheim, CA",2021-11-01,293,1523,668,87,2571,175803,24545
31080,"Los Angeles-Long Beach-Anaheim, CA",2021-12-01,723,2671,855,251,4500,180303,25268
31080,"Los Angeles-Long Beach-Anaheim, CA",2022-01-01,1619,5899,2028,457,10003,190306,26887
31080,"Los Angeles-Long Beach-Anaheim, CA",2022-02-01,451,2218,1272,355,4296,194602,27338
31080,"Los Angeles-Long Beach-Anaheim, CA",2022-03-01,285,1916,1647,302,4150,198752,27623
31080,"Los Angeles-Long Beach-Anaheim, CA",2022-04-01,303,1899,1739,345,4286,203038,27926
31080,"Los Angeles-Long Beach-Anaheim, CA",2022-05-01,291,1741,1387,264,3683,206721,28217
31080,"Los Angeles-Long Beach-Anaheim, CA",2022-06-01,268,1350,985,140,2743,209464,28485
31080,"Los Angeles-Long Beach-Anaheim, CA",2022-07-01,227,1370,945,104,2646,212110,28712
31080,"Los Angeles-Long Beach-Anaheim, CA",2022-08-01,319,1402,767,122,2610,214720,29031
31080,"Los Angeles-Long Beach-Anaheim, CA",2022-09-01,401,1947,913,200,3461,218181,29432
31080,"Los Angeles-Long Beach-Anaheim, CA",2022-10-01,525,1991,953,170,3639,221820,29957
31080,"Los Angeles-Long Beach-Anaheim, CA",2022-11-01,2028,5786,1960,212,9986,231806,31985
31080,"Los Angeles-Long Beach-Anaheim, CA",2022-12-01,2176,5103,1770,218,9267,241073,34161
31080,"Los Angeles-Long Beach-Anaheim, CA",2023-01-01,1160,3519,1111,147,5937,247010,35321
31080,"Los Angeles-Long Beach-Anaheim, CA",2023-02-01,706,2465,982,130,4283,251293,36027
31080,"Los Angeles-Long Beach-Anaheim, CA",2023-03-01,1994,5415,1941,245,9595,260888,38021
31080,"Los Angeles-Long Beach-Anaheim, CA",2023-04-01,856,2677,897,92,4522,265410,38877
31080,"Los Angeles-Long Beach-Anaheim, CA",2023-05-01,516,1900,621,66,3103,268513,39393
31080,"Los Angeles-Long Beach-Anaheim, CA",2023-06-01,407,1767,617,76,2867,271380,39800
31080,"Los Angeles-Long Beach-Anaheim, CA",2023-07-01,375,1835,649,78,2937,274317,40175
31080,"Los Angeles-Long Beach-Anaheim, CA",2023-08-01,598,2580,901,96,4175,278492,40773
31080,"Los Angeles-Long Beach-Anaheim, CA",2023-09-01,538,2607,935,107,4187,282679,41311
31080,"Los Angeles-Long Beach-Anaheim, CA",2023-10-01,469,2567,840,107,3983,286662,41780
31080,"Los Angeles-Long Beach-Anaheim, CA",2023-11-01,496,2709,1045,174,4424,291086,42276
31080,"Los Angeles-Long Beach-Anaheim, CA",2023-12-01,680,3074,1135,122,5011,296097,42956
31080,"Los Angeles-Long Beach-Anaheim, CA",2024-01-01,867,3256,1271,116,5510,301607,43823
31080,"Los Angeles-Long Beach-Anaheim, CA",2024-02-01,917,3456,1410,202,5985,307592,44740
31080,"Los Angeles-Long Beach-Anaheim, CA",2024-03-01,620,2756,1202,179,4757,312349,45360
31080,"Los Angeles-Long Beach-Anaheim, CA",2024-04-01,1044,3301,1166,171,5682,318031,46404
31080,"Los Angeles-Long Beach-Anaheim, CA",2024-05-01,1293,4189,1572,191,7245,325276,47697
31080,"Los Angeles-Long Beach-Anaheim, CA",2024-06-01,1319,3953,1552,269,7093,332369,49016
31080,"Los Angeles-Long Beach-Anaheim, CA",2024-07-01,890,3811,1197,167,6065,338434,49906
31080,"Los Angeles-Long Beach-Anaheim, CA",2024-08-01,574,2894,1111,167,4746,343180,50480
31080,"Los Angeles-Long Beach-Anaheim, CA",2024-09-01,503,2531,892,148,4074,347254,50983
31080,"Los Angeles-Long Beach-Anaheim, CA",2024-10-01,519,2262,708,92,3581,350835,51502
31080,"Los Angeles-Long Beach-Anaheim, CA",2024-11-01,491,1910,574,57,3032,353867,51993
31080,"Los Angeles-Long Beach-Anaheim, CA",2024-12-01,468,1815,573,95,2951,356818,52461
31080,"Los Angeles-Long Beach-Anaheim, CA",2025-01-01,511,2022,569,89,3191,360009,52972
31080,"Los Angeles-Long Beach-Anaheim, CA",2025-02-01,501,1754,584,75,2914,362923,53473
31080,"Los Angeles-Long Beach-Anaheim, CA",2025-03-01,538,1773,509,35,2855,365778,54011
31080,"Los Angeles-Long Beach-Anaheim, CA",2025-04-01,401,1346,387,35,2169,367947,54412
31080,"Los Angeles-Long Beach-Anaheim, CA",2025-05-01,746,2014,566,43,3369,371316,55158
31080,"Los Angeles-Long Beach-Anaheim, CA",2025-06-01,441,1081,302,54,1878,373194,55599
31080,"Los Angeles-Long Beach-Anaheim, CA",2025-07-01,590,1390,438,54,2472,375666,56189
31080,"Los Angeles-Long Beach-Anaheim, CA",2025-08-01,366,1034,261,43,1704,377370,56555
31080,"Los Angeles-Long Beach-Anaheim, CA",2025-09-01,11,18,6,1,36,377406,56566
49780,"Zanesville, OH",2019-01-01,0,6,1,0,7,7,0
49780,"Zanesville, OH",2019-02-01,0,4,1,0,5,12,0
49780,"Zanesville, OH",2019-03-01,0,21,7,0,28,40,0
49780,"Zanesville, OH",2019-04-01,5,54,13,2,74,114,5
49780,"Zanesville, OH",2019-05-01,0,40,15,1,56,170,5
49780,"Zanesville, OH",2019-06-01,1,24,6,0,31,201,6
49780,"Zanesville, OH",2019-07-01,2,24,7,2,35,236,8
49780,"Zanesville, OH",2019-08-01,1,15,8,0,24,260,9
49780,"Zanesville, OH",2019-09-01,5,15,7,0,27,287,14
49780,"Zanesville, OH",2019-10-01,1,16,8,0,25,312,15
49780,"Zanesville, OH",2019-11-01,3,17,3,0,23,335,18
49780,"Zanesville, OH",2019-12-01,1,25,2,0,28,363,19
49780,"Zanesville, OH",2020-01-01,5,13,4,1,23,386,24
49780,"Zanesville, OH",2020-02-01,4,21,6,1,32,418,28
49780,"Zanesville, OH",2020-03-01,4,47,13,1,65,483,32
49780,"Zanesville, OH",2020-04-01,15,61,15,2,93,576,47
49780,"Zanesville, OH",2020-05-01,21,73,17,2,113,689,68
49780,"Zanesville, OH",2020-06-01,13,51,6,2,72,761,81
49780,"Zanesville, OH",2020-07-01,15,52,7,0,74,835,96
49780,"Zanesville, OH",2020-08-01,18,72,13,0,103,938,114
49780,"Zanesville, OH",2020-09-01,20,61,18,2,101,1039,134
49780,"Zanesville, OH",2020-10-01,19,48,11,4,82,1121,153
49780,"Zanesville, OH",2020-11-01,19,40,15,1,75,1196,172
49780,"Zanesville, OH",2020-12-01,17,61,11,2,91,1287,189
49780,"Zanesville, OH",2021-01-01,21,58,16,1,96,1383,210
49780,"Zanesville, OH",2021-02-01,33,71,15,1,120,1503,243
49780,"Zanesville, OH",2021-03-01,40,87,12,5,144,1647,283
49780,"Zanesville, OH",2021-04-01,32,103,20,3,158,1805,315
49780,"Zanesville, OH",2021-05-01,22,77,25,4,128,1933,337
49780,"Zanesville, OH",2021-06-01,18,53,18,0,89,2022,355
49780,"Zanesville, OH",2021-07-01,17,53,18,1,89,2111,372
49780,"Zanesville, OH",2021-08-01,11,59,12,1,83,2194,383
49780,"Zanesville, OH",2021-09-01,14,51,18,4,87,2281,397
49780,"Zanesville, OH",2021-10-01,27,71,22,3,123,2404,424
49780,"Zanesville, OH",2021-11-01,16,62,17,0,95,2499,440
49780,"Zanesville, OH",2021-12-01,30,60,20,3,113,2612,470
49780,"Zanesville, OH",2022-01-01,21,69,20,3,113,2725,491
49780,"Zanesville, OH",2022-02-01,29,56,9,1,95,2820,520
49780,"Zanesville, OH",2022-03-01,21,67,19,4,111,2931,541
49780,"Zanesville, OH",2022-04-01,13,55,13,2,83,3014,554
49780,"Zanesville, OH",2022-05-01,25,62,26,0,113,3127,579
49780,"Zanesville, OH",2022-06-01,17,26,12,1,56,3183,596
49780,"Zanesville, OH",2022-07-01,23,44,19,1,87,3270,619
49780,"Zanesville, OH",2022-08-01,22,56,15,0,93,3363,641
49780,"Zanesville, OH",2022-09-01,28,57,16,1,102,3465,669
49780,"Zanesville, OH",2022-10-01,26,44,13,1,84,3549,695
49780,"Zanesville, OH",2022-11-01,20,53,17,1,91,3640,715
49780,"Zanesville, OH",2022-12-01,29,39,15,2,85,3725,744
49780,"Zanesville, OH",2023-01-01,28,59,19,2,108,3833,772
49780,"Zanesville, OH",2023-02-01,28,47,18,5,98,3931,800
49780,"Zanesville, OH",2023-03-01,40,68,14,4,126,4057,840
49780,"Zanesville, OH",2023-04-01,26,38,16,4,84,4141,866
49780,"Zanesville, OH",2023-05-01,26,35,12,1,74,4215,892
49780,"Zanesville, OH",2023-06-01,23,36,16,4,79,4294,915
49780,"Zanesville, OH",2023-07-01,29,47,13,0,89,4383,944
49780,"Zanesville, OH",2023-08-01,18,32,16,3,69,4452,962
49780,"Zanesville, OH",2023-09-01,32,41,15,4,92,4544,994
49780,"Zanesville, OH",2023-10-01,23,56,16,2,97,4641,1017
49780,"Zanesville, OH",2023-11-01,51,61,30,0,142,4783,1068
49780,"Zanesville, OH",2023-12-01,43,47,23,2,115,4898,1111
49780,"Zanesville, OH",2024-01-01,36,61,27,0,124,5022,1147
49780,"Zanesville, OH",2024-02-01,47,52,15,3,117,5139,1194
49780,"Zanesville, OH",2024-03-01,47,31,21,3,102,5241,1241
49780,"Zanesville, OH",2024-04-01,31,49,20,3,103,5344,1272
49780,"Zanesville, OH",2024-05-01,25,32,8,1,66,5410,1297
49780,"Zanesville, OH",2024-06-01,16,24,3,0,43,5453,1313
49780,"Zanesville, OH",2024-07-01,17,26,8,1,52,5505,1330
49780,"Zanesville, OH",2024-08-01,19,44,11,1,75,5580,1349
49780,"Zanesville, OH",2024-09-01,29,42,19,1,91,5671,1378
49780,"Zanesville, OH",2024-10-01,45,45,10,7,107,5778,1423
49780,"Zanesville, OH",2024-11-01,51,33,26,1,111,5889,1474
49780,"Zanesville, OH",2024-12-01,47,52,13,1,113,6002,1521
49780,"Zanesville, OH",2025-01-01,47,39,15,2,103,6105,1568
49780,"Zanesville, OH",2025-02-01,46,45,11,2,104,6209,1614
49780,"Zanesville, OH",2025-03-01,61,50,15,3,129,6338,1675
49780,"Zanesville, OH",2025-04-01,59,56,11,5,131,6469,1734
49780,"Zanesville, OH",2025-05-01,46,59,21,0,126,6595,1780
49780,"Zanesville, OH",2025-06-01,56,49,12,0,117,6712,1836
49780,"Zanesville, OH",2025-07-01,47,49,21,1,118,6830,1883
49780,"Zanesville, OH",2025-08-01,43,33,13,1,90,6920,1926
49780,"Zanesville, OH",2025-09-01,2,0,0,0,2,6922,1928
34700,"Muscatine, IA",2019-01-01,0,2,0,0,2,2,0
34700,"Muscatine, IA",2019-02-01,0,1,1,0,2,4,0
34700,"Muscatine, IA",2019-03-01,0,4,0,0,4,8,0
34700,"Muscatine, IA",2019-04-01,0,7,3,0,10,18,0
34700,"Muscatine, IA",2019-05-01,0,3,0,0,3,21,0
34700,"Muscatine, IA",2019-06-01,0,1,0,0,1,22,0
34700,"Muscatine, IA",2019-07-01,0,14,1,0,15,37,0
34700,"Muscatine, IA",2019-08-01,0,17,4,0,21,58,0
34700,"Muscatine, IA",2019-09-01,0,7,3,2,12,70,0
34700,"Muscatine, IA",2019-10-01,0,9,4,0,13,83,0
34700,"Muscatine, IA",2019-11-01,0,8,3,0,11,94,0
34700,"Muscatine, IA",2019-12-01,2,6,1,0,9,103,2
34700,"Muscatine, IA",2020-01-01,0,9,3,0,12,115,2
34700,"Muscatine, IA",2020-02-01,3,4,2,0,9,124,5
34700,"Muscatine, IA",2020-03-01,8,13,4,1,26,150,13
34700,"Muscatine, IA",2020-04-01,8,29,12,1,50,200,21
34700,"Muscatine, IA",2020-05-01,14,18,3,0,35,235,35
34700,"Muscatine, IA",2020-06-01,15,14,5,0,34,269,50
34700,"Muscatine, IA",2020-07-01,5,29,5,0,39,308,55
34700,"Muscatine, IA",2020-08-01,2,17,7,0,26,334,57
34700,"Muscatine, IA",2020-09-01,9,14,2,0,25,359,66
34700,"Muscatine, IA",2020-10-01,5,18,2,2,27,386,71
34700,"Muscatine, IA",2020-11-01,2,15,8,0,25,411,73
34700,"Muscatine, IA",2020-12-01,5,13,4,0,22,433,78
34700,"Muscatine, IA",2021-01-01,10,28,3,0,41,474,88
34700,"Muscatine, IA",2021-02-01,11,21,4,1,37,511,99
34700,"Muscatine, IA",2021-03-01,12,32,3,0,47,558,111
34700,"Muscatine, IA",2021-04-01,15,25,3,0,43,601,126
34700,"Muscatine, IA",2021-05-01,9,13,4,0,26,627,135
34700,"Muscatine, IA",2021-06-01,10,19,4,0,33,660,145
34700,"Muscatine, IA",2021-07-01,7,19,5,1,32,692,152
34700,"Muscatine, IA",2021-08-01,4,13,2,0,19,711,156
34700,"Muscatine, IA",2021-09-01,8,15,3,1,27,738,164
34700,"Muscatine, IA",2021-10-01,6,21,4,0,31,769,170
34700,"Muscatine, IA",2021-11-01,10,20,6,0,36,805,180
34700,"Muscatine, IA",2021-12-01,11,22,4,1,38,843,191
34700,"Muscatine, IA",2022-01-01,20,36,12,1,69,912,211
34700,"Muscatine, IA",2022-02-01,13,22,3,0,38,950,224
34700,"Muscatine, IA",2022-03-01,11,29,9,1,50,1000,235
34700,"Muscatine, IA",2022-04-01,8,16,3,1,28,1028,243
34700,"Muscatine, IA",2022-05-01,5,16,7,1,29,1057,248
34700,"Muscatine, IA",2022-06-01,9,18,9,0,36,1093,257
34700,"Muscatine, IA",2022-07-01,5,15,3,0,23,1116,262
34700,"Muscatine, IA",2022-08-01,7,13,4,1,25,1141,269
34700,"Muscatine, IA",2022-09-01,6,13,8,0,27,1168,275
34700,"Muscatine, IA",2022-10-01,7,12,3,0,22,1190,282
34700,"Muscatine, IA",2022-11-01,7,22,5,0,34,1224,289
34700,"Muscatine, IA",2022-12-01,11,15,6,0,32,1256,300
34700,"Muscatine, IA",2023-01-01,19,12,7,0,38,1294,319
34700,"Muscatine, IA",2023-02-01,12,16,7,1,36,1330,331
34700,"Muscatine, IA",2023-03-01,11,27,4,0,42,1372,342
34700,"Muscatine, IA",2023-04-01,9,13,5,0,27,1399,351
34700,"Muscatine, IA",2023-05-01,10,18,1,1,30,1429,361
34700,"Muscatine, IA",2023-06-01,6,10,6,1,23,1452,367
34700,"Muscatine, IA",2023-07-01,11,14,4,1,30,1482,378
34700,"Muscatine, IA",2023-08-01,12,11,3,3,29,1511,390
34700,"Muscatine, IA",2023-09-01,7,7,3,0,17,1528,397
34700,"Muscatine, IA",2023-10-01,6,12,8,0,26,1554,403
34700,"Muscatine, IA",2023-11-01,9,13,4,0,26,1580,412
34700,"Muscatine, IA",2023-12-01,8,21,4,1,34,1614,420
34700,"Muscatine, IA",2024-01-01,7,12,7,0,26,1640,427
34700,"Muscatine, IA",2024-02-01,15,12,7,0,34,1674,442
34700,"Muscatine, IA",2024-03-01,11,19,3,1,34,1708,453
34700,"Muscatine, IA",2024-04-01,11,12,5,0,28,1736,464
34700,"Muscatine, IA",2024-05-01,12,10,2,0,24,1760,476
34700,"Muscatine, IA",2024-06-01,11,6,5,0,22,1782,487
34700,"Muscatine, IA",2024-07-01,8,6,4,0,18,1800,495
34700,"Muscatine, IA",2024-08-01,11,11,6,0,28,1828,506
34700,"Muscatine, IA",2024-09-01,16,14,6,0,36,1864,522
34700,"Muscatine, IA",2024-10-01,19,13,4,0,36,1900,541
34700,"Muscatine, IA",2024-11-01,19,17,4,1,41,1941,560
34700,"Muscatine, IA",2024-12-01,9,21,7,1,38,1979,569
34700,"Muscatine, IA",2025-01-01,15,10,5,0,30,2009,584
34700,"Muscatine, IA",2025-02-01,14,6,6,0,26,2035,598
34700,"Muscatine, IA",2025-03-01,18,22,7,2,49,2084,616
34700,"Muscatine, IA",2025-04-01,16,11,6,2,35,2119,632
34700,"Muscatine, IA",2025-05-01,29,16,2,1,48,2167,661
34700,"Muscatine, IA",2025-06-01,23,23,5,0,51,2218,684
34700,"Muscatine, IA",2025-07-01,19,13,4,1,37,2255,703
34700,"Muscatine, IA",2025-08-01,16,11,7,0,34,2289,719
34700,"Muscatine, IA",2025-09-01,1,0,0,0,1,2290,720
26900,"Indianapolis-Carmel-Greenwood, IN",2019-01-01,18,255,68,7,348,348,18
26900,"Indianapolis-Carmel-Greenwood, IN",2019-02-01,15,279,73,1,368,716,33
26900,"Indianapolis-Carmel-Greenwood, IN",2019-03-01,28,321,92,10,451,1167,61
26900,"Indianapolis-Carmel-Greenwood, IN",2019-04-01,29,338,86,7,460,1627,90
26900,"Indianapolis-Carmel-Greenwood, IN",2019-05-01,27,388,79,5,499,2126,117
26900,"Indianapolis-Carmel-Greenwood, IN",2019-06-01,45,345,99,6,495,2621,162
26900,"Indianapolis-Carmel-Greenwood, IN",2019-07-01,29,216,54,1,300,2921,191
26900,"Indianapolis-Carmel-Greenwood, IN",2019-08-01,11,125,50,3,189,3110,202
26900,"Indianapolis-Carmel-Greenwood, IN",2019-09-01,32,260,65,6,363,3473,234
26900,"Indianapolis-Carmel-Greenwood, IN",2019-10-01,32,308,78,4,422,3895,266
26900,"Indianapolis-Carmel-Greenwood, IN",2019-11-01,59,348,89,12,508,4403,325
26900,"Indianapolis-Carmel-Greenwood, IN",2019-12-01,38,226,64,3,331,4734,363
26900,"Indianapolis-Carmel-Greenwood, IN",2020-01-01,72,338,100,7,517,5251,435
26900,"Indianapolis-Carmel-Greenwood, IN",2020-02-01,76,245,39,9,369,5620,511
26900,"Indianapolis-Carmel-Greenwood, IN",2020-03-01,81,387,115,8,591,6211,592
26900,"Indianapolis-Carmel-Greenwood, IN",2020-04-01,302,784,209,22,1317,7528,894
26900,"Indianapolis-Carmel-Greenwood, IN",2020-05-01,445,1077,217,17,1756,9284,1339
26900,"Indianapolis-Carmel-Greenwood, IN",2020-06-01,188,539,98,14,839,10123,1527
26900,"Indianapolis-Carmel-Greenwood, IN",2020-07-01,345,802,183,16,1346,11469,1872
26900,"Indianapolis-Carmel-Greenwood, IN",2020-08-01,290,983,204,23,1500,12969,2162
26900,"Indianapolis-Carmel-Greenwood, IN",2020-09-01,256,829,189,18,1292,14261,2418
26900,"Indianapolis-Carmel-Greenwood, IN",2020-10-01,220,730,159,12,1121,15382,2638
26900,"Indianapolis-Carmel-Greenwood, IN",2020-11-01,220,582,124,14,940,16322,2858
26900,"Indianapolis-Carmel-Greenwood, IN",2020-12-01,342,667,154,16,1179,17501,3200
26900,"Indianapolis-Carmel-Greenwood, IN",2021-01-01,528,994,244,19,1785,19286,3728
26900,"Indianapolis-Carmel-Greenwood, IN",2021-02-01,379,813,213,27,1432,20718,4107
26900,"Indianapolis-Carmel-Greenwood, IN",2021-03-01,415,829,224,27,1495,22213,4522
26900,"Indianapolis-Carmel-Greenwood, IN",2021-04-01,355,984,222,29,1590,23803,4877
26900,"Indianapolis-Carmel-Greenwood, IN",2021-05-01,462,1025,245,23,1755,25558,5339
26900,"Indianapolis-Carmel-Greenwood, IN",2021-06-01,411,1048,274,15,1748,27306,5750
26900,"Indianapolis-Carmel-Greenwood, IN",2021-07-01,410,1002,242,34,1688,28994,6160
26900,"Indianapolis-Carmel-Greenwood, IN",2021-08-01,350,962,264,32,1608,30602,6510
26900,"Indianapolis-Carmel-Greenwood, IN",2021-09-01,255,930,276,28,1489,32091,6765
26900,"Indianapolis-Carmel-Greenwood, IN",2021-10-01,223,748,229,27,1227,33318,6988
26900,"Indianapolis-Carmel-Greenwood, IN",2021-11-01,270,785,220,26,1301,34619,7258
26900,"Indianapolis-Carmel-Greenwood, IN",2021-12-01,456,840,226,37,1559,36178,7714
26900,"Indianapolis-Carmel-Greenwood, IN",2022-01-01,434,1065,308,43,1850,38028,8148
26900,"Indianapolis-Carmel-Greenwood, IN",2022-02-01,324,740,231,31,1326,39354,8472
26900,"Indianapolis-Carmel-Greenwood, IN",2022-03-01,375,825,266,28,1494,40848,8847
26900,"Indianapolis-Carmel-Greenwood, IN",2022-04-01,284,801,254,27,1366,42214,9131
26900,"Indianapolis-Carmel-Greenwood, IN",2022-05-01,380,787,210,16,1393,43607,9511
26900,"Indianapolis-Carmel-Greenwood, IN",2022-06-01,192,452,134,8,786,44393,9703
26900,"Indianapolis-Carmel-Greenwood, IN",2022-07-01,227,486,143,19,875,45268,9930
26900,"Indianapolis-Carmel-Greenwood, IN",2022-08-01,199,418,127,17,761,46029,10129
26900,"Indianapolis-Carmel-Greenwood, IN",2022-09-01,273,643,172,20,1108,47137,10402
26900,"Indianapolis-Carmel-Greenwood, IN",2022-10-01,265,688,185,29,1167,48304,10667
26900,"Indianapolis-Carmel-Greenwood, IN",2022-11-01,312,650,247,15,1224,49528,10979
26900,"Indianapolis-Carmel-Greenwood, IN",2022-12-01,394,618,209,24,1245,50773,11373
26900,"Indianapolis-Carmel-Greenwood, IN",2023-01-01,351,699,236,22,1308,52081,11724
26900,"Indianapolis-Carmel-Greenwood, IN",2023-02-01,308,586,206,21,1121,53202,12032
26900,"Indianapolis-Carmel-Greenwood, IN",2023-03-01,439,707,268,16,1430,54632,12471
26900,"Indianapolis-Carmel-Greenwood, IN",2023-04-01,272,592,178,18,1060,55692,12743
26900,"Indianapolis-Carmel-Greenwood, IN",2023-05-01,209,383,118,13,723,56415,12952
26900,"Indianapolis-Carmel-Greenwood, IN",2023-06-01,169,336,97,7,609,57024,13121
26900,"Indianapolis-Carmel-Greenwood, IN",2023-07-01,187,362,104,9,662,57686,13308
26900,"Indianapolis-Carmel-Greenwood, IN",2023-08-01,198,383,129,9,719,58405,13506
26900,"Indianapolis-Carmel-Greenwood, IN",2023-09-01,305,654,230,9,1198,59603,13811
26900,"Indianapolis-Carmel-Greenwood, IN",2023-10-01,370,704,214,24,1312,60915,14181
26900,"Indianapolis-Carmel-Greenwood, IN",2023-11-01,407,780,244,25,1456,62371,14588
26900,"Indianapolis-Carmel-Greenwood, IN",2023-12-01,493,663,185,14,1355,63726,15081
26900,"Indianapolis-Carmel-Greenwood, IN",2024-01-01,436,705,226,19,1386,65112,15517
26900,"Indianapolis-Carmel-Greenwood, IN",2024-02-01,380,634,177,16,1207,66319,15897
26900,"Indianapolis-Carmel-Greenwood, IN",2024-03-01,376,622,192,21,1211,67530,16273
26900,"Indianapolis-Carmel-Greenwood, IN",2024-04-01,305,571,147,13,1036,68566,16578
26900,"Indianapolis-Carmel-Greenwood, IN",2024-05-01,414,652,169,20,1255,69821,16992
26900,"Indianapolis-Carmel-Greenwood, IN",2024-06-01,394,625,170,17,1206,71027,17386
26900,"Indianapolis-Carmel-Greenwood, IN",2024-07-01,277,521,132,13,943,71970,17663
26900,"Indianapolis-Carmel-Greenwood, IN",2024-08-01,167,431,98,15,711,72681,17830
26900,"Indianapolis-Carmel-Greenwood, IN",2024-09-01,265,512,139,12,928,73609,18095
26900,"Indianapolis-Carmel-Greenwood, IN",2024-10-01,394,666,181,21,1262,74871,18489
26900,"Indianapolis-Carmel-Greenwood, IN",2024-11-01,391,617,163,20,1191,76062,18880
26900,"Indianapolis-Carmel-Greenwood, IN",2024-12-01,481,561,144,13,1199,77261,19361
26900,"Indianapolis-Carmel-Greenwood, IN",2025-01-01,458,602,187,20,1267,78528,19819
26900,"Indianapolis-Carmel-Greenwood, IN",2025-02-01,451,531,154,8,1144,79672,20270
26900,"Indianapolis-Carmel-Greenwood, IN",2025-03-01,437,585,167,16,1205,80877,20707
26900,"Indianapolis-Carmel-Greenwood, IN",2025-04-01,464,582,171,24,1241,82118,21171
26900,"Indianapolis-Carmel-Greenwood, IN",2025-05-01,568,599,159,15,1341,83459,21739
26900,"Indianapolis-Carmel-Greenwood, IN",2025-06-01,518,616,136,12,1282,84741,22257
26900,"Indianapolis-Carmel-Greenwood, IN",2025-07-01,389,479,131,9,1008,85749,22646
26900,"Indianapolis-Carmel-Greenwood, IN",2025-08-01,322,412,112,18,864,86613,22968
26900,"Indianapolis-Carmel-Greenwood, IN",2025-09-01,4,2,2,0,8,86621,22972
34740,"Muskegon-Norton Shores, MI",2019-01-01,0,5,4,0,9,9,0
34740,"Muskegon-Norton Shores, MI",2019-02-01,0,13,9,0,22,31,0
34740,"Muskegon-Norton Shores, MI",2019-03-01,1,45,9,0,55,86,1
34740,"Muskegon-Norton Shores, MI",2019-04-01,2,34,9,1,46,132,3
34740,"Muskegon-Norton Shores, MI",2019-05-01,1,31,4,0,36,168,4
34740,"Muskegon-Norton Shores, MI",2019-06-01,2,31,6,0,39,207,6
34740,"Muskegon-Norton Shores, MI",2019-07-01,1,26,8,0,35,242,7
34740,"Muskegon-Norton Shores, MI",2019-08-01,4,40,6,2,52,294,11
34740,"Muskegon-Norton Shores, MI",2019-09-01,2,32,5,0,39,333,13
34740,"Muskegon-Norton Shores, MI",2019-10-01,5,19,6,1,31,364,18
34740,"Muskegon-Norton Shores, MI",2019-11-01,1,21,7,1,30,394,19
34740,"Muskegon-Norton Shores, MI",2019-12-01,3,26,7,0,36,430,22
34740,"Muskegon-Norton Shores, MI",2020-01-01,3,26,7,1,37,467,25
34740,"Muskegon-Norton Shores, MI",2020-02-01,1,18,11,1,31,498,26
34740,"Muskegon-Norton Shores, MI",2020-03-01,9,49,11,0,69,567,35
34740,"Muskegon-Norton Shores, MI",2020-04-01,12,78,25,0,115,682,47
34740,"Muskegon-Norton Shores, MI",2020-05-01,45,118,23,4,190,872,92
34740,"Muskegon-Norton Shores, MI",2020-06-01,37,108,24,2,171,1043,129
34740,"Muskegon-Norton Shores, MI",2020-07-01,45,117,20,2,184,1227,174
34740,"Muskegon-Norton Shores, MI",2020-08-01,38,130,22,6,196,1423,212
34740,"Muskegon-Norton Shores, MI",2020-09-01,21,102,18,2,143,1566,233
34740,"Muskegon-Norton Shores, MI",2020-10-01,21,89,22,1,133,1699,254
34740,"Muskegon-Norton Shores, MI",2020-11-01,20,91,16,0,127,1826,274
34740,"Muskegon-Norton Shores, MI",2020-12-01,20,64,16,0,100,1926,294
34740,"Muskegon-Norton Shores, MI",2021-01-01,43,101,25,2,171,2097,337
34740,"Muskegon-Norton Shores, MI",2021-02-01,46,130,32,2,210,2307,383
34740,"Muskegon-Norton Shores, MI",2021-03-01,45,107,33,1,186,2493,428
34740,"Muskegon-Norton Shores, MI",2021-04-01,36,122,30,2,190,2683,464
34740,"Muskegon-Norton Shores, MI",2021-05-01,56,121,19,1,197,2880,520
34740,"Muskegon-Norton Shores, MI",2021-06-01,58,149,26,4,237,3117,578
34740,"Muskegon-Norton Shores, MI",2021-07-01,19,86,12,1,118,3235,597
34740,"Muskegon-Norton Shores, MI",2021-08-01,31,84,18,5,138,3373,628
34740,"Muskegon-Norton Shores, MI",2021-09-01,20,92,28,3,143,3516,648
34740,"Muskegon-Norton Shores, MI",2021-10-01,29,65,14,0,108,3624,677
34740,"Muskegon-Norton Shores, MI",2021-11-01,25,51,16,4,96,3720,702
34740,"Muskegon-Norton Shores, MI",2021-12-01,49,101,21,2,173,3893,751
34740,"Muskegon-Norton Shores, MI",2022-01-01,36,108,27,4,175,4068,787
34740,"Muskegon-Norton Shores, MI",2022-02-01,35,78,33,1,147,4215,822
34740,"Muskegon-Norton Shores, MI",2022-03-01,29,66,18,3,116,4331,851
34740,"Muskegon-Norton Shores, MI",2022-04-01,32,64,20,3,119,4450,883
34740,"Muskegon-Norton Shores, MI",2022-05-01,33,66,18,3,120,4570,916
34740,"Muskegon-Norton Shores, MI",2022-06-01,28,58,16,1,103,4673,944
34740,"Muskegon-Norton Shores, MI",2022-07-01,28,60,10,1,99,4772,972
34740,"Muskegon-Norton Shores, MI",2022-08-01,40,74,15,4,133,4905,1012
34740,"Muskegon-Norton Shores, MI",2022-09-01,31,73,22,2,128,5033,1043
34740,"Muskegon-Norton Shores, MI",2022-10-01,38,60,13,2,113,5146,1081
34740,"Muskegon-Norton Shores, MI",2022-11-01,42,80,22,1,145,5291,1123
34740,"Muskegon-Norton Shores, MI",2022-12-01,48,62,18,0,128,5419,1171
34740,"Muskegon-Norton Shores, MI",2023-01-01,63,82,25,0,170,5589,1234
34740,"Muskegon-Norton Shores, MI",2023-02-01,64,88,23,4,179,5768,1298
34740,"Muskegon-Norton Shores, MI",2023-03-01,65,103,40,3,211,5979,1363
34740,"Muskegon-Norton Shores, MI",2023-04-01,47,85,23,4,159,6138,1410
34740,"Muskegon-Norton Shores, MI",2023-05-01,46,83,23,0,152,6290,1456
34740,"Muskegon-Norton Shores, MI",2023-06-01,51,85,25,3,164,6454,1507
34740,"Muskegon-Norton Shores, MI",2023-07-01,56,70,40,2,168,6622,1563
34740,"Muskegon-Norton Shores, MI",2023-08-01,49,82,24,3,158,6780,1612
34740,"Muskegon-Norton Shores, MI",2023-09-01,67,90,30,2,189,6969,1679
34740,"Muskegon-Norton Shores, MI",2023-10-01,62,78,22,3,165,7134,1741
34740,"Muskegon-Norton Shores, MI",2023-11-01,63,89,28,2,182,7316,1804
34740,"Muskegon-Norton Shores, MI",2023-12-01,86,93,18,4,201,7517,1890
34740,"Muskegon-Norton Shores, MI",2024-01-01,59,97,44,3,203,7720,1949
34740,"Muskegon-Norton Shores, MI",2024-02-01,65,69,27,3,164,7884,2014
34740,"Muskegon-Norton Shores, MI",2024-03-01,79,92,37,6,214,8098,2093
34740,"Muskegon-Norton Shores, MI",2024-04-01,64,81,24,2,171,8269,2157
34740,"Muskegon-Norton Shores, MI",2024-05-01,68,92,23,5,188,8457,2225
34740,"Muskegon-Norton Shores, MI",2024-06-01,50,78,18,0,146,8603,2275
34740,"Muskegon-Norton Shores, MI",2024-07-01,57,93,20,1,171,8774,2332
34740,"Muskegon-Norton Shores, MI",2024-08-01,34,45,10,3,92,8866,2366
34740,"Muskegon-Norton Shores, MI",2024-09-01,52,69,16,2,139,9005,2418
34740,"Muskegon-Norton Shores, MI",2024-10-01,64,93,24,3,184,9189,2482
34740,"Muskegon-Norton Shores, MI",2024-11-01,71,72,31,1,175,9364,2553
34740,"Muskegon-Norton Shores, MI",2024-12-01,86,104,26,1,217,9581,2639
34740,"Muskegon-Norton Shores, MI",2025-01-01,56,78,21,2,157,9738,2695
34740,"Muskegon-Norton Shores, MI",2025-02-01,56,74,21,1,152,9890,2751
34740,"Muskegon-Norton Shores, MI",2025-03-01,82,77,22,3,184,10074,2833
34740,"Muskegon-Norton Shores, MI",2025-04-01,40,51,24,1,116,10190,2873
34740,"Muskegon-Norton Shores, MI",2025-05-01,78,69,30,1,178,10368,2951
34740,"Muskegon-Norton Shores, MI",2025-06-01,77,86,28,1,192,10560,3028
34740,"Muskegon-Norton Shores, MI",2025-07-01,63,65,20,3,151,10711,3091
34740,"Muskegon-Norton Shores, MI",2025-08-01,50,54,22,6,132,10843,3141
34740,"Muskegon-Norton Shores, MI",2025-09-01,3,1,0,0,4,10847,3144
15100,"Brookings, SD",2019-02-01,0,1,0,0,1,1,0
15100,"Brookings, SD",2019-03-01,1,1,1,0,3,4,1
15100,"Brookings, SD",2019-06-01,0,1,0,1,2,6,1
15100,"Brookings, SD",2019-07-01,2,1,1,0,4,10,3
15100,"Brookings, SD",2019-08-01,0,1,1,0,2,12,3
15100,"Brookings, SD",2019-09-01,0,2,0,0,2,14,3
15100,"Brookings, SD",2019-10-01,0,1,0,0,1,15,3
15100,"Brookings, SD",2019-12-01,1,5,2,0,8,23,4
15100,"Brookings, SD",2020-01-01,1,1,1,0,3,26,5
15100,"Brookings, SD",2020-02-01,1,2,0,0,3,29,6
15100,"Brookings, SD",2020-03-01,5,3,1,0,9,38,11
15100,"Brookings, SD",2020-04-01,5,6,2,0,13,51,16
15100,"Brookings, SD",2020-05-01,14,5,2,0,21,72,30
15100,"Brookings, SD",2020-06-01,5,4,0,0,9,81,35
15100,"Brookings, SD",2020-07-01,4,4,2,0,10,91,39
15100,"Brookings, SD",2020-08-01,2,6,1,0,9,100,41
15100,"Brookings, SD",2020-09-01,0,7,0,0,7,107,41
15100,"Brookings, SD",2020-10-01,8,20,0,0,28,135,49
15100,"Brookings, SD",2020-11-01,7,10,0,0,17,152,56
15100,"Brookings, SD",2020-12-01,16,26,1,0,43,195,72
15100,"Brookings, SD",2021-01-01,21,38,2,0,61,256,93
15100,"Brookings, SD",2021-02-01,21,33,4,0,58,314,114
15100,"Brookings, SD",2021-03-01,20,25,2,0,47,361,134
15100,"Brookings, SD",2021-04-01,13,25,2,0,40,401,147
15100,"Brookings, SD",2021-05-01,9,25,2,0,36,437,156
15100,"Brookings, SD",2021-06-01,13,21,4,0,38,475,169
15100,"Brookings, SD",2021-07-01,9,16,2,0,27,502,178
15100,"Brookings, SD",2021-08-01,10,17,1,0,28,530,188
15100,"Brookings, SD",2021-09-01,16,17,3,0,36,566,204
15100,"Brookings, SD",2021-10-01,19,19,2,0,40,606,223
15100,"Brookings, SD",2021-11-01,18,13,3,1,35,641,241
15100,"Brookings, SD",2021-12-01,19,17,3,0,39,680,260
15100,"Brookings, SD",2022-01-01,34,24,2,0,60,740,294
15100,"Brookings, SD",2022-02-01,24,16,0,0,40,780,318
15100,"Brookings, SD",2022-03-01,14,22,2,0,38,818,332
15100,"Brookings, SD",2022-04-01,15,20,1,0,36,854,347
15100,"Brookings, SD",2022-05-01,15,10,1,1,27,881,362
15100,"Brookings, SD",2022-06-01,17,14,2,1,34,915,379
15100,"Brookings, SD",2022-07-01,12,12,4,1,29,944,391
15100,"Brookings, SD",2022-08-01,32,14,6,0,52,996,423
15100,"Brookings, SD",2022-09-01,30,21,3,2,56,1052,453
15100,"Brookings, SD",2022-10-01,22,21,3,1,47,1099,475
15100,"Brookings, SD",2022-11-01,33,19,5,1,58,1157,508
15100,"Brookings, SD",2022-12-01,16,22,7,0,45,1202,524
15100,"Brookings, SD",2023-01-01,38,15,7,0,60,1262,562
15100,"Brookings, SD",2023-02-01,39,14,4,1,58,1320,601
15100,"Brookings, SD",2023-03-01,35,25,8,0,68,1388,636
15100,"Brookings, SD",2023-04-01,16,11,2,0,29,1417,652
15100,"Brookings, SD",2023-05-01,10,16,7,1,34,1451,662
15100,"Brookings, SD",2023-06-01,14,15,1,0,30,1481,676
15100,"Brookings, SD",2023-07-01,20,12,1,0,33,1514,696
15100,"Brookings, SD",2023-08-01,14,7,5,1,27,1541,710
15100,"Brookings, SD",2023-09-01,36,13,3,0,52,1593,746
15100,"Brookings, SD",2023-10-01,24,7,1,1,33,1626,770
15100,"Brookings, SD",2023-11-01,23,11,6,0,40,1666,793
15100,"Brookings, SD",2023-12-01,27,12,2,0,41,1707,820
15100,"Brookings, SD",2024-01-01,37,14,4,0,55,1762,857
15100,"Brookings, SD",2024-02-01,37,9,4,2,52,1814,894
15100,"Brookings, SD",2024-03-01,28,6,1,1,36,1850,922
15100,"Brookings, SD",2024-04-01,22,10,4,0,36,1886,944
15100,"Brookings, SD",2024-05-01,21,9,2,0,32,1918,965
15100,"Brookings, SD",2024-06-01,8,6,1,0,15,1933,973
15100,"Brookings, SD",2024-07-01,11,4,1,0,16,1949,984
15100,"Brookings, SD",2024-08-01,5,7,0,0,12,1961,989
15100,"Brookings, SD",2024-09-01,21,7,1,0,29,1990,1010
15100,"Brookings, SD",2024-10-01,41,17,5,0,63,2053,1051
15100,"Brookings, SD",2024-11-01,34,15,3,0,52,2105,1085
15100,"Brookings, SD",2024-12-01,35,14,2,0,51,2156,1120
15100,"Brookings, SD",2025-01-01,36,17,2,0,55,2211,1156
15100,"Brookings, SD",2025-02-01,44,12,0,0,56,2267,1200
15100,"Brookings, SD",2025-03-01,29,11,8,0,48,2315,1229
15100,"Brookings, SD",2025-04-01,25,12,2,0,39,2354,1254
15100,"Brookings, SD",2025-05-01,24,2,0,2,28,2382,1278
15100,"Brookings, SD",2025-06-01,5,2,2,0,9,2391,1283
15100,"Brookings, SD",2025-07-01,5,5,1,0,11,2402,1288
15100,"Brookings, SD",2025-08-01,5,6,2,0,13,2415,1293
15100,"Brookings, SD",2025-09-01,4,1,0,0,5,2420,1297
21180,"Elkins, WV",2019-08-01,0,2,0,0,2,2,0
21180,"Elkins, WV",2019-10-01,0,2,1,0,3,5,0
21180,"Elkins, WV",2020-02-01,0,2,0,0,2,7,0
21180,"Elkins, WV",2020-03-01,0,3,2,0,5,12,0
21180,"Elkins, WV",2020-04-01,0,2,0,0,2,14,0
21180,"Elkins, WV",2020-05-01,1,3,1,0,5,19,1
21180,"Elkins, WV",2020-06-01,1,2,0,0,3,22,2
21180,"Elkins, WV",2020-07-01,0,2,0,0,2,24,2
21180,"Elkins, WV",2020-08-01,0,5,0,0,5,29,2
21180,"Elkins, WV",2020-09-01,2,2,0,0,4,33,4
21180,"Elkins, WV",2020-10-01,5,2,1,0,8,41,9
21180,"Elkins, WV",2020-11-01,0,5,0,0,5,46,9
21180,"Elkins, WV",2020-12-01,1,2,1,0,4,50,10
21180,"Elkins, WV",2021-01-01,1,6,1,0,8,58,11
21180,"Elkins, WV",2021-02-01,2,4,2,1,9,67,13
21180,"Elkins, WV",2021-03-01,3,2,2,0,7,74,16
21180,"Elkins, WV",2021-04-01,1,13,7,0,21,95,17
21180,"Elkins, WV",2021-05-01,2,12,0,1,15,110,19
21180,"Elkins, WV",2021-06-01,5,21,3,0,29,139,24
21180,"Elkins, WV",2021-07-01,3,11,7,0,21,160,27
21180,"Elkins, WV",2021-08-01,4,12,6,0,22,182,31
21180,"Elkins, WV",2021-09-01,5,22,5,0,32,214,36
21180,"Elkins, WV",2021-10-01,1,16,3,0,20,234,37
21180,"Elkins, WV",2021-11-01,4,6,5,0,15,249,41
21180,"Elkins, WV",2021-12-01,5,15,2,1,23,272,46
21180,"Elkins, WV",2022-01-01,5,22,3,0,30,302,51
21180,"Elkins, WV",2022-02-01,8,16,1,0,25,327,59
21180,"Elkins, WV",2022-03-01,6,8,2,0,16,343,65
21180,"Elkins, WV",2022-04-01,7,8,3,0,18,361,72
21180,"Elkins, WV",2022-05-01,7,14,4,0,25,386,79
21180,"Elkins, WV",2022-06-01,10,12,4,1,27,413,89
21180,"Elkins, WV",2022-07-01,1,8,2,0,11,424,90
21180,"Elkins, WV",2022-08-01,4,16,2,0,22,446,94
21180,"Elkins, WV",2022-09-01,6,8,3,0,17,463,100
21180,"Elkins, WV",2022-10-01,7,8,3,1,19,482,107
21180,"Elkins, WV",2022-11-01,6,11,2,0,19,501,113
21180,"Elkins, WV",2022-12-01,6,15,3,0,24,525,119
21180,"Elkins, WV",2023-01-01,9,13,3,0,25,550,128
21180,"Elkins, WV",2023-02-01,8,10,0,0,18,568,136
21180,"Elkins, WV",2023-03-01,9,11,4,0,24,592,145
21180,"Elkins, WV",2023-04-01,7,6,7,0,20,612,152
21180,"Elkins, WV",2023-05-01,11,11,6,0,28,640,163
21180,"Elkins, WV",2023-06-01,9,8,3,0,20,660,172
21180,"Elkins, WV",2023-07-01,4,14,3,0,21,681,176
21180,"Elkins, WV",2023-08-01,5,11,0,0,16,697,181
21180,"Elkins, WV",2023-09-01,4,6,2,1,13,710,185
21180,"Elkins, WV",2023-10-01,10,18,3,0,31,741,195
21180,"Elkins, WV",2023-11-01,9,17,5,0,31,772,204
21180,"Elkins, WV",2023-12-01,6,15,2,0,23,795,210
21180,"Elkins, WV",2024-01-01,6,9,4,1,20,815,216
21180,"Elkins, WV",2024-02-01,7,11,1,0,19,834,223
21180,"Elkins, WV",2024-03-01,10,9,4,0,23,857,233
21180,"Elkins, WV",2024-04-01,5,12,0,1,18,875,238
21180,"Elkins, WV",2024-05-01,7,11,3,0,21,896,245
21180,"Elkins, WV",2024-06-01,8,16,3,0,27,923,253
21180,"Elkins, WV",2024-07-01,5,3,4,0,12,935,258
21180,"Elkins, WV",2024-08-01,2,7,3,0,12,947,260
21180,"Elkins, WV",2024-09-01,7,13,1,0,21,968,267
21180,"Elkins, WV",2024-10-01,8,12,3,0,23,991,275
21180,"Elkins, WV",2024-11-01,4,6,1,0,11,1002,279
21180,"Elkins, WV",2024-12-01,4,6,6,0,16,1018,283
21180,"Elkins, WV",2025-01-01,3,15,2,0,20,1038,286
21180,"Elkins, WV",2025-02-01,10,11,6,1,28,1066,296
21180,"Elkins, WV",2025-03-01,7,13,6,0,26,1092,303
21180,"Elkins, WV",2025-04-01,14,9,5,0,28,1120,317
21180,"Elkins, WV",2025-05-01,8,13,6,0,27,1147,325
21180,"Elkins, WV",2025-06-01,14,10,5,0,29,1176,339
21180,"Elkins, WV",2025-07-01,8,14,5,1,28,1204,347
21180,"Elkins, WV",2025-08-01,8,7,6,0,21,1225,355
24780,"Greenville, NC",2019-01-01,0,16,7,1,24,24,0
24780,"Greenville, NC",2019-02-01,0,12,6,0,18,42,0
24780,"Greenville, NC",2019-03-01,1,51,15,1,68,110,1
24780,"Greenville, NC",2019-04-01,3,110,23,2,138,248,4
24780,"Greenville, NC",2019-05-01,3,98,18,1,120,368,7
24780,"Greenville, NC",2019-06-01,1,81,16,2,100,468,8
24780,"Greenville, NC",2019-07-01,6,74,16,0,96,564,14
24780,"Greenville, NC",2019-08-01,4,59,17,2,82,646,18
24780,"Greenville, NC",2019-09-01,2,73,16,2,93,739,20
24780,"Greenville, NC",2019-10-01,9,93,13,1,116,855,29
24780,"Greenville, NC",2019-11-01,14,72,12,0,98,953,43
24780,"Greenville, NC",2019-12-01,3,55,7,0,65,1018,46
24780,"Greenville, NC",2020-01-01,8,57,17,3,85,1103,54
24780,"Greenville, NC",2020-02-01,13,102,19,4,138,1241,67
24780,"Greenville, NC",2020-03-01,26,119,17,1,163,1404,93
24780,"Greenville, NC",2020-04-01,66,219,29,4,318,1722,159
24780,"Greenville, NC",2020-05-01,126,301,40,2,469,2191,285
24780,"Greenville, NC",2020-06-01,90,189,16,4,299,2490,375
24780,"Greenville, NC",2020-07-01,78,195,18,3,294,2784,453
24780,"Greenville, NC",2020-08-01,119,385,47,3,554,3338,572
24780,"Greenville, NC",2020-09-01,123,257,29,3,412,3750,695
24780,"Greenville, NC",2020-10-01,68,133,13,0,214,3964,763
24780,"Greenville, NC",2020-11-01,53,77,7,2,139,4103,816
24780,"Greenville, NC",2020-12-01,38,70,12,0,120,4223,854
24780,"Greenville, NC",2021-01-01,127,204,29,2,362,4585,981
24780,"Greenville, NC",2021-02-01,118,230,36,5,389,4974,1099
24780,"Greenville, NC",2021-03-01,164,296,44,3,507,5481,1263
24780,"Greenville, NC",2021-04-01,131,224,42,3,400,5881,1394
24780,"Greenville, NC",2021-05-01,113,221,31,2,367,6248,1507
24780,"Greenville, NC",2021-06-01,83,127,21,1,232,6480,1590
24780,"Greenville, NC",2021-07-01,74,134,14,2,224,6704,1664
24780,"Greenville, NC",2021-08-01,71,122,24,0,217,6921,1735
24780,"Greenville, NC",2021-09-01,93,198,36,3,330,7251,1828
24780,"Greenville, NC",2021-10-01,48,103,12,3,166,7417,1876
24780,"Greenville, NC",2021-11-01,61,72,20,1,154,7571,1937
24780,"Greenville, NC",2021-12-01,108,128,21,1,258,7829,2045
24780,"Greenville, NC",2022-01-01,134,187,41,1,363,8192,2179
24780,"Greenville, NC",2022-02-01,113,129,21,2,265,8457,2292
24780,"Greenville, NC",2022-03-01,122,172,39,2,335,8792,2414
24780,"Greenville, NC",2022-04-01,67,100,23,4,194,8986,2481
24780,"Greenville, NC",2022-05-01,112,137,29,4,282,9268,2593
24780,"Greenville, NC",2022-06-01,72,100,17,4,193,9461,2665
24780,"Greenville, NC",2022-07-01,86,94,27,2,209,9670,2751
24780,"Greenville, NC",2022-08-01,95,130,27,4,256,9926,2846
24780,"Greenville, NC",2022-09-01,100,118,31,3,252,10178,2946
24780,"Greenville, NC",2022-10-01,89,122,28,4,243,10421,3035
24780,"Greenville, NC",2022-11-01,134,148,35,4,321,10742,3169
24780,"Greenville, NC",2022-12-01,145,163,35,4,347,11089,3314
24780,"Greenville, NC",2023-01-01,134,154,52,4,344,11433,3448
24780,"Greenville, NC",2023-02-01,154,124,40,4,322,11755,3602
24780,"Greenville, NC",2023-03-01,172,194,55,5,426,12181,3774
24780,"Greenville, NC",2023-04-01,142,177,41,7,367,12548,3916
24780,"Greenville, NC",2023-05-01,133,145,38,2,318,12866,4049
24780,"Greenville, NC",2023-06-01,109,126,28,1,264,13130,4158
24780,"Greenville, NC",2023-07-01,107,146,42,4,299,13429,4265
24780,"Greenville, NC",2023-08-01,121,124,57,2,304,13733,4386
24780,"Greenville, NC",2023-09-01,129,137,38,5,309,14042,4515
24780,"Greenville, NC",2023-10-01,141,117,34,3,295,14337,4656
24780,"Greenville, NC",2023-11-01,157,142,49,3,351,14688,4813
24780,"Greenville, NC",2023-12-01,208,123,39,4,374,15062,5021
24780,"Greenville, NC",2024-01-01,169,149,52,4,374,15436,5190
24780,"Greenville, NC",2024-02-01,171,125,36,4,336,15772,5361
24780,"Greenville, NC",2024-03-01,177,131,39,7,354,16126,5538
24780,"Greenville, NC",2024-04-01,155,114,48,3,320,16446,5693
24780,"Greenville, NC",2024-05-01,161,137,51,7,356,16802,5854
24780,"Greenville, NC",2024-06-01,125,125,46,6,302,17104,5979
24780,"Greenville, NC",2024-07-01,123,90,32,4,249,17353,6102
24780,"Greenville, NC",2024-08-01,76,113,26,2,217,17570,6178
24780,"Greenville, NC",2024-09-01,154,134,30,3,321,17891,6332
24780,"Greenville, NC",2024-10-01,193,164,47,5,409,18300,6525
24780,"Greenville, NC",2024-11-01,197,150,40,4,391,18691,6722
24780,"Greenville, NC",2024-12-01,192,161,40,2,395,19086,6914
24780,"Greenville, NC",2025-01-01,196,141,51,8,396,19482,7110
24780,"Greenville, NC",2025-02-01,187,113,44,1,345,19827,7297
24780,"Greenville, NC",2025-03-01,223,145,38,6,412,20239,7520
24780,"Greenville, NC",2025-04-01,191,165,47,8,411,20650,7711
24780,"Greenville, NC",2025-05-01,199,145,53,8,405,21055,7910
24780,"Greenville, NC",2025-06-01,170,130,58,12,370,21425,8080
24780,"Greenville, NC",2025-07-01,141,144,55,8,348,21773,8221
24780,"Greenville, NC",2025-08-01,126,135,38,5,304,22077,8347
24780,"Greenville, NC",2025-09-01,5,2,3,0,10,22087,8352
13260,"Bedford, IN",2019-03-01,0,0,1,0,1,1,0
13260,"Bedford, IN",2019-04-01,0,1,3,0,4,5,0
13260,"Bedford, IN",2019-05-01,0,2,1,0,3,8,0
13260,"Bedford, IN",2019-06-01,0,3,2,0,5,13,0
13260,"Bedford, IN",2019-07-01,0,1,0,0,1,14,0
13260,"Bedford, IN",2019-08-01,0,2,3,0,5,19,0
13260,"Bedford, IN",2019-09-01,1,0,1,0,2,21,1
13260,"Bedford, IN",2019-10-01,2,1,0,0,3,24,3
13260,"Bedford, IN",2019-11-01,1,2,2,0,5,29,4
13260,"Bedford, IN",2019-12-01,1,2,1,1,5,34,5
13260,"Bedford, IN",2020-01-01,0,4,2,0,6,40,5
13260,"Bedford, IN",2020-02-01,0,1,0,0,1,41,5
13260,"Bedford, IN",2020-03-01,2,4,1,0,7,48,7
13260,"Bedford, IN",2020-04-01,2,5,0,0,7,55,9
13260,"Bedford, IN",2020-05-01,0,6,3,0,9,64,9
13260,"Bedford, IN",2020-06-01,1,1,1,0,3,67,10
13260,"Bedford, IN",2020-07-01,0,4,2,0,6,73,10
13260,"Bedford, IN",2020-08-01,2,15,1,0,18,91,12
13260,"Bedford, IN",2020-09-01,5,7,3,0,15,106,17
13260,"Bedford, IN",2020-10-01,6,10,4,0,20,126,23
13260,"Bedford, IN",2020-11-01,5,17,8,0,30,156,28
13260,"Bedford, IN",2020-12-01,5,17,7,0,29,185,33
13260,"Bedford, IN",2021-01-01,8,22,7,1,38,223,41
13260,"Bedford, IN",2021-02-01,10,16,0,0,26,249,51
13260,"Bedford, IN",2021-03-01,6,16,3,0,25,274,57
13260,"Bedford, IN",2021-04-01,3,17,5,0,25,299,60
13260,"Bedford, IN",2021-05-01,9,29,6,2,46,345,69
13260,"Bedford, IN",2021-06-01,9,19,5,1,34,379,78
13260,"Bedford, IN",2021-07-01,15,27,5,2,49,428,93
13260,"Bedford, IN",2021-08-01,6,22,10,0,38,466,99
13260,"Bedford, IN",2021-09-01,16,30,9,2,57,523,115
13260,"Bedford, IN",2021-10-01,7,21,11,1,40,563,122
13260,"Bedford, IN",2021-11-01,1,29,14,0,44,607,123
13260,"Bedford, IN",2021-12-01,9,25,10,1,45,652,132
13260,"Bedford, IN",2022-01-01,14,27,12,0,53,705,146
13260,"Bedford, IN",2022-02-01,12,15,6,1,34,739,158
13260,"Bedford, IN",2022-03-01,10,27,11,0,48,787,168
13260,"Bedford, IN",2022-04-01,8,20,10,0,38,825,176
13260,"Bedford, IN",2022-05-01,9,18,6,0,33,858,185
13260,"Bedford, IN",2022-06-01,7,13,5,0,25,883,192
13260,"Bedford, IN",2022-07-01,11,14,1,1,27,910,203
13260,"Bedford, IN",2022-08-01,9,16,9,0,34,944,212
13260,"Bedford, IN",2022-09-01,14,12,6,0,32,976,226
13260,"Bedford, IN",2022-10-01,17,25,4,1,47,1023,243
13260,"Bedford, IN",2022-11-01,10,15,6,0,31,1054,253
13260,"Bedford, IN",2022-12-01,12,22,6,1,41,1095,265
13260,"Bedford, IN",2023-01-01,8,21,8,0,37,1132,273
13260,"Bedford, IN",2023-02-01,7,21,9,1,38,1170,280
13260,"Bedford, IN",2023-03-01,16,19,11,1,47,1217,296
13260,"Bedford, IN",2023-04-01,14,15,11,1,41,1258,310
13260,"Bedford, IN",2023-05-01,15,16,7,1,39,1297,325
13260,"Bedford, IN",2023-06-01,9,12,10,1,32,1329,334
13260,"Bedford, IN",2023-07-01,6,13,5,0,24,1353,340
13260,"Bedford, IN",2023-08-01,12,14,3,0,29,1382,352
13260,"Bedford, IN",2023-09-01,10,15,4,0,29,1411,362
13260,"Bedford, IN",2023-10-01,13,21,7,0,41,1452,375
13260,"Bedford, IN",2023-11-01,16,23,7,0,46,1498,391
13260,"Bedford, IN",2023-12-01,7,21,9,0,37,1535,398
13260,"Bedford, IN",2024-01-01,17,20,5,0,42,1577,415
13260,"Bedford, IN",2024-02-01,8,16,6,1,31,1608,423
13260,"Bedford, IN",2024-03-01,19,15,4,0,38,1646,442
13260,"Bedford, IN",2024-04-01,10,21,7,0,38,1684,452
13260,"Bedford, IN",2024-05-01,10,11,4,0,25,1709,462
13260,"Bedford, IN",2024-06-01,2,11,5,0,18,1727,464
13260,"Bedford, IN",2024-07-01,11,10,5,0,26,1753,475
13260,"Bedford, IN",2024-08-01,5,10,9,0,24,1777,480
13260,"Bedford, IN",2024-09-01,10,12,2,0,24,1801,490
13260,"Bedford, IN",2024-10-01,16,19,3,0,38,1839,506
13260,"Bedford, IN",2024-11-01,21,16,4,0,41,1880,527
13260,"Bedford, IN",2024-12-01,10,14,7,1,32,1912,537
13260,"Bedford, IN",2025-01-01,16,16,5,0,37,1949,553
13260,"Bedford, IN",2025-02-01,24,8,2,0,34,1983,577
13260,"Bedford, IN",2025-03-01,17,11,7,0,35,2018,594
13260,"Bedford, IN",2025-04-01,14,12,5,0,31,2049,608
13260,"Bedford, IN",2025-05-01,14,14,7,1,36,2085,622
13260,"Bedford, IN",2025-06-01,7,16,2,0,25,2110,629
13260,"Bedford, IN",2025-07-01,5,17,7,0,29,2139,634
13260,"Bedford, IN",2025-08-01,12,15,6,1,34,2173,646
13260,"Bedford, IN",2025-09-01,0,2,0,0,2,2175,646
47020,"Victoria, TX",2019-01-01,0,2,1,0,3,3,0
47020,"Victoria, TX",2019-02-01,0,2,1,0,3,6,0
47020,"Victoria, TX",2019-03-01,1,10,4,2,17,23,1
47020,"Victoria, TX",2019-04-01,0,14,5,1,20,43,1
47020,"Victoria, TX",2019-05-01,0,8,2,0,10,53,1
47020,"Victoria, TX",2019-06-01,0,13,3,0,16,69,1
47020,"Victoria, TX",2019-07-01,1,16,3,0,20,89,2
47020,"Victoria, TX",2019-08-01,3,9,4,0,16,105,5
47020,"Victoria, TX",2019-09-01,1,13,3,1,18,123,6
47020,"Victoria, TX",2019-10-01,3,18,3,0,24,147,9
47020,"Victoria, TX",2019-11-01,2,8,5,1,16,163,11
47020,"Victoria, TX",2019-12-01,1,7,5,0,13,176,12
47020,"Victoria, TX",2020-01-01,0,9,5,0,14,190,12
47020,"Victoria, TX",2020-02-01,1,12,4,0,17,207,13
47020,"Victoria, TX",2020-03-01,1,16,9,1,27,234,14
47020,"Victoria, TX",2020-04-01,5,48,7,3,63,297,19
47020,"Victoria, TX",2020-05-01,10,32,8,1,51,348,29
47020,"Victoria, TX",2020-06-01,7,32,6,0,45,393,36
47020,"Victoria, TX",2020-07-01,4,49,12,2,67,460,40
47020,"Victoria, TX",2020-08-01,10,40,11,0,61,521,50
47020,"Victoria, TX",2020-09-01,11,25,12,0,48,569,61
47020,"Victoria, TX",2020-10-01,5,33,9,0,47,616,66
47020,"Victoria, TX",2020-11-01,7,16,5,0,28,644,73
47020,"Victoria, TX",2020-12-01,8,25,4,1,38,682,81
47020,"Victoria, TX",2021-01-01,23,59,7,3,92,774,104
47020,"Victoria, TX",2021-02-01,9,27,8,2,46,820,113
47020,"Victoria, TX",2021-03-01,15,47,9,3,74,894,128
47020,"Victoria, TX",2021-04-01,26,71,10,1,108,1002,154
47020,"Victoria, TX",2021-05-01,36,55,14,2,107,1109,190
47020,"Victoria, TX",2021-06-01,13,43,10,0,66,1175,203
47020,"Victoria, TX",2021-07-01,12,41,8,0,61,1236,215
47020,"Victoria, TX",2021-08-01,11,44,12,1,68,1304,226
47020,"Victoria, TX",2021-09-01,10,44,12,1,67,1371,236
47020,"Victoria, TX",2021-10-01,10,48,7,0,65,1436,246
47020,"Victoria, TX",2021-11-01,9,39,13,0,61,1497,255
47020,"Victoria, TX",2021-12-01,18,39,5,1,63,1560,273
47020,"Victoria, TX",2022-01-01,20,35,10,1,66,1626,293
47020,"Victoria, TX",2022-02-01,14,38,8,1,61,1687,307
47020,"Victoria, TX",2022-03-01,15,40,15,1,71,1758,322
47020,"Victoria, TX",2022-04-01,11,32,13,1,57,1815,333
47020,"Victoria, TX",2022-05-01,21,43,9,0,73,1888,354
47020,"Victoria, TX",2022-06-01,11,37,12,0,60,1948,365
47020,"Victoria, TX",2022-07-01,15,41,10,0,66,2014,380
47020,"Victoria, TX",2022-08-01,16,33,11,1,61,2075,396
47020,"Victoria, TX",2022-09-01,19,35,13,3,70,2145,415
47020,"Victoria, TX",2022-10-01,23,35,6,0,64,2209,438
47020,"Victoria, TX",2022-11-01,26,50,12,1,89,2298,464
47020,"Victoria, TX",2022-12-01,21,47,10,1,79,2377,485
47020,"Victoria, TX",2023-01-01,22,47,10,0,79,2456,507
47020,"Victoria, TX",2023-02-01,24,32,12,0,68,2524,531
47020,"Victoria, TX",2023-03-01,31,53,15,1,100,2624,562
47020,"Victoria, TX",2023-04-01,16,41,12,1,70,2694,578
47020,"Victoria, TX",2023-05-01,15,33,15,0,63,2757,593
47020,"Victoria, TX",2023-06-01,20,24,11,0,55,2812,613
47020,"Victoria, TX",2023-07-01,14,27,15,0,56,2868,627
47020,"Victoria, TX",2023-08-01,10,28,8,0,46,2914,637
47020,"Victoria, TX",2023-09-01,13,23,6,2,44,2958,650
47020,"Victoria, TX",2023-10-01,21,36,8,0,65,3023,671
47020,"Victoria, TX",2023-11-01,36,33,7,2,78,3101,707
47020,"Victoria, TX",2023-12-01,20,38,10,0,68,3169,727
47020,"Victoria, TX",2024-01-01,21,36,14,0,71,3240,748
47020,"Victoria, TX",2024-02-01,24,43,14,2,83,3323,772
47020,"Victoria, TX",2024-03-01,43,44,15,1,103,3426,815
47020,"Victoria, TX",2024-04-01,43,52,9,1,105,3531,858
47020,"Victoria, TX",2024-05-01,38,43,13,1,95,3626,896
47020,"Victoria, TX",2024-06-01,23,47,11,2,83,3709,919
47020,"Victoria, TX",2024-07-01,9,26,2,0,37,3746,928
47020,"Victoria, TX",2024-08-01,11,18,4,0,33,3779,939
47020,"Victoria, TX",2024-09-01,17,35,4,1,57,3836,956
47020,"Victoria, TX",2024-10-01,12,34,10,1,57,3893,968
47020,"Victoria, TX",2024-11-01,22,62,6,2,92,3985,990
47020,"Victoria, TX",2024-12-01,13,40,11,1,65,4050,1003
47020,"Victoria, TX",2025-01-01,32,46,16,3,97,4147,1035
47020,"Victoria, TX",2025-02-01,37,42,17,2,98,4245,1072
47020,"Victoria, TX",2025-03-01,41,45,14,0,100,4345,1113
47020,"Victoria, TX",2025-04-01,37,53,20,0,110,4455,1150
47020,"Victoria, TX",2025-05-01,42,43,14,1,100,4555,1192
47020,"Victoria, TX",2025-06-01,34,63,12,1,110,4665,1226
47020,"Victoria, TX",2025-07-01,21,17,14,0,52,4717,1247
47020,"Victoria, TX",2025-08-01,22,37,8,6,73,4790,1269
47020,"Victoria, TX",2025-09-01,0,2,0,0,2,4792,1269
17020,"Chico, CA",2019-01-01,8,57,7,2,74,74,8
17020,"Chico, CA",2019-02-01,4,61,8,1,74,148,12
17020,"Chico, CA",2019-03-01,5,79,12,1,97,245,17
17020,"Chico, CA",2019-04-01,11,73,7,1,92,337,28
17020,"Chico, CA",2019-05-01,8,63,7,3,81,418,36
17020,"Chico, CA",2019-06-01,9,67,4,0,80,498,45
17020,"Chico, CA",2019-07-01,13,72,7,0,92,590,58
17020,"Chico, CA",2019-08-01,6,84,6,2,98,688,64
17020,"Chico, CA",2019-09-01,16,81,6,2,105,793,80
17020,"Chico, CA",2019-10-01,15,55,6,2,78,871,95
17020,"Chico, CA",2019-11-01,21,58,10,1,90,961,116
17020,"Chico, CA",2019-12-01,10,42,4,0,56,1017,126
17020,"Chico, CA",2020-01-01,18,54,12,1,85,1102,144
17020,"Chico, CA",2020-02-01,3,40,4,0,47,1149,147
17020,"Chico, CA",2020-03-01,9,40,10,2,61,1210,156
17020,"Chico, CA",2020-04-01,67,137,22,2,228,1438,223
17020,"Chico, CA",2020-05-01,61,156,21,4,242,1680,284
17020,"Chico, CA",2020-06-01,74,164,14,0,252,1932,358
17020,"Chico, CA",2020-07-01,99,179,28,2,308,2240,457
17020,"Chico, CA",2020-08-01,92,164,16,1,273,2513,549
17020,"Chico, CA",2020-09-01,91,195,22,3,311,2824,640
17020,"Chico, CA",2020-10-01,81,146,21,3,251,3075,721
17020,"Chico, CA",2020-11-01,75,181,21,2,279,3354,796
17020,"Chico, CA",2020-12-01,36,77,12,1,126,3480,832
17020,"Chico, CA",2021-01-01,52,117,15,0,184,3664,884
17020,"Chico, CA",2021-02-01,41,62,10,4,117,3781,925
17020,"Chico, CA",2021-03-01,70,110,25,2,207,3988,995
17020,"Chico, CA",2021-04-01,63,115,16,2,196,4184,1058
17020,"Chico, CA",2021-05-01,59,85,17,0,161,4345,1117
17020,"Chico, CA",2021-06-01,37,85,18,0,140,4485,1154
17020,"Chico, CA",2021-07-01,48,85,14,2,149,4634,1202
17020,"Chico, CA",2021-08-01,36,107,25,2,170,4804,1238
17020,"Chico, CA",2021-09-01,70,140,30,6,246,5050,1308
17020,"Chico, CA",2021-10-01,25,91,21,6,143,5193,1333
17020,"Chico, CA",2021-11-01,32,69,17,3,121,5314,1365
17020,"Chico, CA",2021-12-01,36,93,21,2,152,5466,1401
17020,"Chico, CA",2022-01-01,84,161,43,8,296,5762,1485
17020,"Chico, CA",2022-02-01,39,89,30,8,166,5928,1524
17020,"Chico, CA",2022-03-01,25,83,40,10,158,6086,1549
17020,"Chico, CA",2022-04-01,32,49,26,6,113,6199,1581
17020,"Chico, CA",2022-05-01,25,63,32,5,125,6324,1606
17020,"Chico, CA",2022-06-01,25,41,20,4,90,6414,1631
17020,"Chico, CA",2022-07-01,30,51,16,0,97,6511,1661
17020,"Chico, CA",2022-08-01,115,182,45,1,343,6854,1776
17020,"Chico, CA",2022-09-01,103,149,51,7,310,7164,1879
17020,"Chico, CA",2022-10-01,77,99,33,2,211,7375,1956
17020,"Chico, CA",2022-11-01,102,127,33,2,264,7639,2058
17020,"Chico, CA",2022-12-01,99,121,26,4,250,7889,2157
17020,"Chico, CA",2023-01-01,60,85,30,2,177,8066,2217
17020,"Chico, CA",2023-02-01,49,59,14,1,123,8189,2266
17020,"Chico, CA",2023-03-01,73,104,27,5,209,8398,2339
17020,"Chico, CA",2023-04-01,43,62,17,3,125,8523,2382
17020,"Chico, CA",2023-05-01,28,60,13,0,101,8624,2410
17020,"Chico, CA",2023-06-01,18,38,10,2,68,8692,2428
17020,"Chico, CA",2023-07-01,37,51,14,1,103,8795,2465
17020,"Chico, CA",2023-08-01,27,52,10,0,89,8884,2492
17020,"Chico, CA",2023-09-01,26,49,22,2,99,8983,2518
17020,"Chico, CA",2023-10-01,32,62,7,1,102,9085,2550
17020,"Chico, CA",2023-11-01,28,80,19,4,131,9216,2578
17020,"Chico, CA",2023-12-01,40,90,20,6,156,9372,2618
17020,"Chico, CA",2024-01-01,56,75,26,4,161,9533,2674
17020,"Chico, CA",2024-02-01,35,73,22,3,133,9666,2709
17020,"Chico, CA",2024-03-01,17,70,27,1,115,9781,2726
17020,"Chico, CA",2024-04-01,33,66,21,5,125,9906,2759
17020,"Chico, CA",2024-05-01,29,70,28,6,133,10039,2788
17020,"Chico, CA",2024-06-01,23,87,38,5,153,10192,2811
17020,"Chico, CA",2024-07-01,39,127,29,7,202,10394,2850
17020,"Chico, CA",2024-08-01,16,83,46,13,158,10552,2866
17020,"Chico, CA",2024-09-01,31,75,37,15,158,10710,2897
17020,"Chico, CA",2024-10-01,17,77,26,3,123,10833,2914
17020,"Chico, CA",2024-11-01,18,79,21,5,123,10956,2932
17020,"Chico, CA",2024-12-01,18,66,19,3,106,11062,2950
17020,"Chico, CA",2025-01-01,22,42,14,2,80,11142,2972
17020,"Chico, CA",2025-02-01,18,36,16,2,72,11214,2990
17020,"Chico, CA",2025-03-01,12,36,8,2,58,11272,3002
17020,"Chico, CA",2025-04-01,9,22,6,0,37,11309,3011
17020,"Chico, CA",2025-05-01,18,30,4,1,53,11362,3029
17020,"Chico, CA",2025-06-01,9,12,3,0,24,11386,3038
17020,"Chico, CA",2025-07-01,16,18,9,1,44,11430,3054
17020,"Chico, CA",2025-08-01,12,19,3,0,34,11464,3066
17020,"Chico, CA",2025-09-01,2,1,0,0,3,11467,3068
32390,"Massena-Ogdensburg, NY",2019-03-01,0,1,0,0,1,1,0
32390,"Massena-Ogdensburg, NY",2019-07-01,0,1,0,2,3,4,0
32390,"Massena-Ogdensburg, NY",2019-08-01,0,1,0,0,1,5,0
32390,"Massena-Ogdensburg, NY",2019-10-01,0,1,0,0,1,6,0
32390,"Massena-Ogdensburg, NY",2019-11-01,0,1,1,1,3,9,0
32390,"Massena-Ogdensburg, NY",2020-02-01,0,1,0,0,1,10,0
32390,"Massena-Ogdensburg, NY",2020-03-01,0,1,1,0,2,12,0
32390,"Massena-Ogdensburg, NY",2020-04-01,1,2,0,0,3,15,1
32390,"Massena-Ogdensburg, NY",2020-05-01,1,1,0,0,2,17,2
32390,"Massena-Ogdensburg, NY",2020-06-01,0,1,0,0,1,18,2
32390,"Massena-Ogdensburg, NY",2020-07-01,0,2,0,0,2,20,2
32390,"Massena-Ogdensburg, NY",2020-08-01,0,3,0,0,3,23,2
32390,"Massena-Ogdensburg, NY",2020-09-01,0,3,1,0,4,27,2
32390,"Massena-Ogdensburg, NY",2020-10-01,0,4,1,0,5,32,2
32390,"Massena-Ogdensburg, NY",2020-11-01,0,1,0,0,1,33,2
32390,"Massena-Ogdensburg, NY",2020-12-01,0,0,1,0,1,34,2
32390,"Massena-Ogdensburg, NY",2021-01-01,1,0,0,1,2,36,3
32390,"Massena-Ogdensburg, NY",2021-03-01,0,3,1,0,4,40,3
32390,"Massena-Ogdensburg, NY",2021-04-01,0,3,0,0,3,43,3
32390,"Massena-Ogdensburg, NY",2021-05-01,11,14,7,1,33,76,14
32390,"Massena-Ogdensburg, NY",2021-06-01,7,11,2,0,20,96,21
32390,"Massena-Ogdensburg, NY",2021-07-01,5,13,3,0,21,117,26
32390,"Massena-Ogdensburg, NY",2021-08-01,3,9,2,0,14,131,29
32390,"Massena-Ogdensburg, NY",2021-09-01,9,17,2,0,28,159,38
32390,"Massena-Ogdensburg, NY",2021-10-01,4,7,1,3,15,174,42
32390,"Massena-Ogdensburg, NY",2021-11-01,4,10,2,0,16,190,46
32390,"Massena-Ogdensburg, NY",2021-12-01,3,16,4,0,23,213,49
32390,"Massena-Ogdensburg, NY",2022-01-01,9,12,5,0,26,239,58
32390,"Massena-Ogdensburg, NY",2022-02-01,7,16,5,0,28,267,65
32390,"Massena-Ogdensburg, NY",2022-03-01,5,19,1,0,25,292,70
32390,"Massena-Ogdensburg, NY",2022-04-01,4,10,4,0,18,310,74
32390,"Massena-Ogdensburg, NY",2022-05-01,4,13,3,0,20,330,78
32390,"Massena-Ogdensburg, NY",2022-06-01,8,12,5,0,25,355,86
32390,"Massena-Ogdensburg, NY",2022-07-01,6,15,2,0,23,378,92
32390,"Massena-Ogdensburg, NY",2022-08-01,1,12,1,0,14,392,93
32390,"Massena-Ogdensburg, NY",2022-09-01,4,3,5,1,13,405,97
32390,"Massena-Ogdensburg, NY",2022-10-01,2,9,2,1,14,419,99
32390,"Massena-Ogdensburg, NY",2022-11-01,6,11,2,0,19,438,105
32390,"Massena-Ogdensburg, NY",2022-12-01,3,7,2,0,12,450,108
32390,"Massena-Ogdensburg, NY",2023-01-01,5,9,2,0,16,466,113
32390,"Massena-Ogdensburg, NY",2023-02-01,6,6,4,0,16,482,119
32390,"Massena-Ogdensburg, NY",2023-03-01,7,6,0,0,13,495,126
32390,"Massena-Ogdensburg, NY",2023-04-01,7,11,2,0,20,515,133
32390,"Massena-Ogdensburg, NY",2023-05-01,4,14,3,0,21,536,137
32390,"Massena-Ogdensburg, NY",2023-06-01,11,10,2,0,23,559,148
32390,"Massena-Ogdensburg, NY",2023-07-01,7,10,5,1,23,582,155
32390,"Massena-Ogdensburg, NY",2023-08-01,10,13,5,0,28,610,165
32390,"Massena-Ogdensburg, NY",2023-09-01,7,9,6,0,22,632,172
32390,"Massena-Ogdensburg, NY",2023-10-01,5,7,2,0,14,646,177
32390,"Massena-Ogdensburg, NY",2023-11-01,8,14,2,0,24,670,185
32390,"Massena-Ogdensburg, NY",2023-12-01,9,8,2,0,19,689,194
32390,"Massena-Ogdensburg, NY",2024-01-01,1,14,3,0,18,707,195
32390,"Massena-Ogdensburg, NY",2024-02-01,4,6,3,0,13,720,199
32390,"Massena-Ogdensburg, NY",2024-03-01,12,10,3,0,25,745,211
32390,"Massena-Ogdensburg, NY",2024-04-01,15,12,7,1,35,780,226
32390,"Massena-Ogdensburg, NY",2024-05-01,8,7,5,1,21,801,234
32390,"Massena-Ogdensburg, NY",2024-06-01,6,5,1,0,12,813,240
32390,"Massena-Ogdensburg, NY",2024-07-01,8,6,2,0,16,829,248
32390,"Massena-Ogdensburg, NY",2024-08-01,11,12,2,0,25,854,259
32390,"Massena-Ogdensburg, NY",2024-09-01,9,6,4,1,20,874,268
32390,"Massena-Ogdensburg, NY",2024-10-01,13,18,3,0,34,908,281
32390,"Massena-Ogdensburg, NY",2024-11-01,11,13,5,0,29,937,292
32390,"Massena-Ogdensburg, NY",2024-12-01,10,16,4,1,31,968,302
32390,"Massena-Ogdensburg, NY",2025-01-01,10,9,5,0,24,992,312
32390,"Massena-Ogdensburg, NY",2025-02-01,16,8,0,1,25,1017,328
32390,"Massena-Ogdensburg, NY",2025-03-01,22,12,5,0,39,1056,350
32390,"Massena-Ogdensburg, NY",2025-04-01,13,15,2,0,30,1086,363
32390,"Massena-Ogdensburg, NY",2025-05-01,15,14,11,0,40,1126,378
32390,"Massena-Ogdensburg, NY",2025-06-01,26,13,5,0,44,1170,404
32390,"Massena-Ogdensburg, NY",2025-07-01,15,17,4,1,37,1207,419
32390,"Massena-Ogdensburg, NY",2025-08-01,11,9,8,1,29,1236,430
47930,"Waterbury-Shelton, CT",2019-01-01,3,87,19,3,112,112,3
47930,"Waterbury-Shelton, CT",2019-02-01,4,82,28,3,117,229,7
47930,"Waterbury-Shelton, CT",2019-03-01,3,131,28,7,169,398,10
47930,"Waterbury-Shelton, CT",2019-04-01,9,120,28,5,162,560,19
47930,"Waterbury-Shelton, CT",2019-05-01,4,105,25,2,136,696,23
47930,"Waterbury-Shelton, CT",2019-06-01,2,40,5,0,47,743,25
47930,"Waterbury-Shelton, CT",2019-07-01,4,101,24,2,131,874,29
47930,"Waterbury-Shelton, CT",2019-08-01,10,98,17,1,126,1000,39
47930,"Waterbury-Shelton, CT",2019-09-01,9,102,27,2,140,1140,48
47930,"Waterbury-Shelton, CT",2019-10-01,6,108,21,5,140,1280,54
47930,"Waterbury-Shelton, CT",2019-11-01,7,72,14,1,94,1374,61
47930,"Waterbury-Shelton, CT",2019-12-01,11,70,21,2,104,1478,72
47930,"Waterbury-Shelton, CT",2020-01-01,20,130,21,0,171,1649,92
47930,"Waterbury-Shelton, CT",2020-02-01,11,77,15,0,103,1752,103
47930,"Waterbury-Shelton, CT",2020-03-01,12,63,22,2,99,1851,115
47930,"Waterbury-Shelton, CT",2020-04-01,66,233,61,5,365,2216,181
47930,"Waterbury-Shelton, CT",2020-05-01,127,343,81,4,555,2771,308
47930,"Waterbury-Shelton, CT",2020-06-01,80,243,60,4,387,3158,388
47930,"Waterbury-Shelton, CT",2020-07-01,90,356,87,7,540,3698,478
47930,"Waterbury-Shelton, CT",2020-08-01,94,427,89,10,620,4318,572
47930,"Waterbury-Shelton, CT",2020-09-01,71,356,91,18,536,4854,643
47930,"Waterbury-Shelton, CT",2020-10-01,47,212,55,6,320,5174,690
47930,"Waterbury-Shelton, CT",2020-11-01,27,117,34,6,184,5358,717
47930,"Waterbury-Shelton, CT",2020-12-01,82,202,38,6,328,5686,799
47930,"Waterbury-Shelton, CT",2021-01-01,122,309,87,7,525,6211,921
47930,"Waterbury-Shelton, CT",2021-02-01,157,416,124,23,720,6931,1078
47930,"Waterbury-Shelton, CT",2021-03-01,143,438,109,16,706,7637,1221
47930,"Waterbury-Shelton, CT",2021-04-01,154,510,112,13,789,8426,1375
47930,"Waterbury-Shelton, CT",2021-05-01,162,487,101,9,759,9185,1537
47930,"Waterbury-Shelton, CT",2021-06-01,153,456,83,7,699,9884,1690
47930,"Waterbury-Shelton, CT",2021-07-01,107,465,92,19,683,10567,1797
47930,"Waterbury-Shelton, CT",2021-08-01,92,426,91,6,615,11182,1889
47930,"Waterbury-Shelton, CT",2021-09-01,82,506,155,12,755,11937,1971
47930,"Waterbury-Shelton, CT",2021-10-01,63,327,82,6,478,12415,2034
47930,"Waterbury-Shelton, CT",2021-11-01,74,259,73,1,407,12822,2108
47930,"Waterbury-Shelton, CT",2021-12-01,154,435,101,10,700,13522,2262
47930,"Waterbury-Shelton, CT",2022-01-01,154,482,95,10,741,14263,2416
47930,"Waterbury-Shelton, CT",2022-02-01,51,189,49,7,296,14559,2467
47930,"Waterbury-Shelton, CT",2022-03-01,133,319,101,5,558,15117,2600
47930,"Waterbury-Shelton, CT",2022-04-01,96,343,99,13,551,15668,2696
47930,"Waterbury-Shelton, CT",2022-05-01,110,280,74,6,470,16138,2806
47930,"Waterbury-Shelton, CT",2022-06-01,54,110,30,2,196,16334,2860
47930,"Waterbury-Shelton, CT",2022-07-01,45,145,33,3,226,16560,2905
47930,"Waterbury-Shelton, CT",2022-08-01,46,125,35,5,211,16771,2951
47930,"Waterbury-Shelton, CT",2022-09-01,69,235,75,8,387,17158,3020
47930,"Waterbury-Shelton, CT",2022-10-01,67,200,56,2,325,17483,3087
47930,"Waterbury-Shelton, CT",2022-11-01,113,286,85,9,493,17976,3200
47930,"Waterbury-Shelton, CT",2022-12-01,154,282,83,7,526,18502,3354
47930,"Waterbury-Shelton, CT",2023-01-01,150,289,98,10,547,19049,3504
47930,"Waterbury-Shelton, CT",2023-02-01,94,184,62,11,351,19400,3598
47930,"Waterbury-Shelton, CT",2023-03-01,127,273,85,10,495,19895,3725
47930,"Waterbury-Shelton, CT",2023-04-01,95,205,58,6,364,20259,3820
47930,"Waterbury-Shelton, CT",2023-05-01,40,96,17,3,156,20415,3860
47930,"Waterbury-Shelton, CT",2023-06-01,33,81,16,1,131,20546,3893
47930,"Waterbury-Shelton, CT",2023-07-01,31,89,18,0,138,20684,3924
47930,"Waterbury-Shelton, CT",2023-08-01,37,77,15,2,131,20815,3961
47930,"Waterbury-Shelton, CT",2023-09-01,100,226,98,4,428,21243,4061
47930,"Waterbury-Shelton, CT",2023-10-01,129,291,85,9,514,21757,4190
47930,"Waterbury-Shelton, CT",2023-11-01,143,289,85,8,525,22282,4333
47930,"Waterbury-Shelton, CT",2023-12-01,145,249,95,9,498,22780,4478
47930,"Waterbury-Shelton, CT",2024-01-01,168,333,101,13,615,23395,4646
47930,"Waterbury-Shelton, CT",2024-02-01,136,270,90,12,508,23903,4782
47930,"Waterbury-Shelton, CT",2024-03-01,139,265,99,9,512,24415,4921
47930,"Waterbury-Shelton, CT",2024-04-01,110,204,70,5,389,24804,5031
47930,"Waterbury-Shelton, CT",2024-05-01,187,256,74,11,528,25332,5218
47930,"Waterbury-Shelton, CT",2024-06-01,155,280,95,15,545,25877,5373
47930,"Waterbury-Shelton, CT",2024-07-01,107,236,85,14,442,26319,5480
47930,"Waterbury-Shelton, CT",2024-08-01,95,236,70,21,422,26741,5575
47930,"Waterbury-Shelton, CT",2024-09-01,89,220,65,10,384,27125,5664
47930,"Waterbury-Shelton, CT",2024-10-01,137,271,82,10,500,27625,5801
47930,"Waterbury-Shelton, CT",2024-11-01,134,257,94,11,496,28121,5935
47930,"Waterbury-Shelton, CT",2024-12-01,198,229,61,2,490,28611,6133
47930,"Waterbury-Shelton, CT",2025-01-01,154,257,63,3,477,29088,6287
47930,"Waterbury-Shelton, CT",2025-02-01,120,201,56,5,382,29470,6407
47930,"Waterbury-Shelton, CT",2025-03-01,142,222,67,8,439,29909,6549
47930,"Waterbury-Shelton, CT",2025-04-01,122,199,61,8,390,30299,6671
47930,"Waterbury-Shelton, CT",2025-05-01,168,211,61,8,448,30747,6839
47930,"Waterbury-Shelton, CT",2025-06-01,176,244,74,6,500,31247,7015
47930,"Waterbury-Shelton, CT",2025-07-01,127,176,57,5,365,31612,7142
47930,"Waterbury-Shelton, CT",2025-08-01,104,143,43,6,296,31908,7246
47930,"Waterbury-Shelton, CT",2025-09-01,0,4,1,0,5,31913,7246
14010,"Bloomington, IL",2019-01-01,2,44,11,0,57,57,2
14010,"Bloomington, IL",2019-02-01,1,62,7,0,70,127,3
14010,"Bloomington, IL",2019-03-01,3,77,13,0,93,220,6
14010,"Bloomington, IL",2019-04-01,5,69,13,1,88,308,11
14010,"Bloomington, IL",2019-05-01,7,77,12,2,98,406,18
14010,"Bloomington, IL",2019-06-01,2,28,3,0,33,439,20
14010,"Bloomington, IL",2019-07-01,9,47,6,0,62,501,29
14010,"Bloomington, IL",2019-08-01,1,30,5,0,36,537,30
14010,"Bloomington, IL",2019-09-01,6,61,13,1,81,618,36
14010,"Bloomington, IL",2019-10-01,8,59,10,0,77,695,44
14010,"Bloomington, IL",2019-11-01,13,67,8,0,88,783,57
14010,"Bloomington, IL",2019-12-01,9,49,4,0,62,845,66
14010,"Bloomington, IL",2020-01-01,12,49,6,0,67,912,78
14010,"Bloomington, IL",2020-02-01,19,66,8,0,93,1005,97
14010,"Bloomington, IL",2020-03-01,21,85,22,0,128,1133,118
14010,"Bloomington, IL",2020-04-01,63,133,15,3,214,1347,181
14010,"Bloomington, IL",2020-05-01,131,258,28,1,418,1765,312
14010,"Bloomington, IL",2020-06-01,75,127,6,2,210,1975,387
14010,"Bloomington, IL",2020-07-01,80,153,16,2,251,2226,467
14010,"Bloomington, IL",2020-08-01,87,197,21,1,306,2532,554
14010,"Bloomington, IL",2020-09-01,95,169,23,1,288,2820,649
14010,"Bloomington, IL",2020-10-01,71,151,13,2,237,3057,720
14010,"Bloomington, IL",2020-11-01,23,62,5,0,90,3147,743
14010,"Bloomington, IL",2020-12-01,44,56,13,0,113,3260,787
14010,"Bloomington, IL",2021-01-01,132,195,26,5,358,3618,919
14010,"Bloomington, IL",2021-02-01,140,221,26,1,388,4006,1059
14010,"Bloomington, IL",2021-03-01,152,214,29,3,398,4404,1211
14010,"Bloomington, IL",2021-04-01,128,216,32,5,381,4785,1339
14010,"Bloomington, IL",2021-05-01,74,123,12,2,211,4996,1413
14010,"Bloomington, IL",2021-06-01,64,91,23,0,178,5174,1477
14010,"Bloomington, IL",2021-07-01,48,71,16,1,136,5310,1525
14010,"Bloomington, IL",2021-08-01,79,136,31,3,249,5559,1604
14010,"Bloomington, IL",2021-09-01,93,125,26,4,248,5807,1697
14010,"Bloomington, IL",2021-10-01,38,82,16,0,136,5943,1735
14010,"Bloomington, IL",2021-11-01,28,87,13,0,128,6071,1763
14010,"Bloomington, IL",2021-12-01,112,146,30,3,291,6362,1875
14010,"Bloomington, IL",2022-01-01,117,181,40,1,339,6701,1992
14010,"Bloomington, IL",2022-02-01,124,149,15,2,290,6991,2116
14010,"Bloomington, IL",2022-03-01,101,155,32,1,289,7280,2217
14010,"Bloomington, IL",2022-04-01,53,98,19,1,171,7451,2270
14010,"Bloomington, IL",2022-05-01,46,44,13,1,104,7555,2316
14010,"Bloomington, IL",2022-06-01,26,54,5,2,87,7642,2342
14010,"Bloomington, IL",2022-07-01,27,43,12,1,83,7725,2369
14010,"Bloomington, IL",2022-08-01,37,48,9,0,94,7819,2406
14010,"Bloomington, IL",2022-09-01,110,149,40,1,300,8119,2516
14010,"Bloomington, IL",2022-10-01,72,101,23,4,200,8319,2588
14010,"Bloomington, IL",2022-11-01,80,95,20,2,197,8516,2668
14010,"Bloomington, IL",2022-12-01,138,112,18,2,270,8786,2806
14010,"Bloomington, IL",2023-01-01,120,136,39,3,298,9084,2926
14010,"Bloomington, IL",2023-02-01,112,93,32,0,237,9321,3038
14010,"Bloomington, IL",2023-03-01,170,151,40,3,364,9685,3208
14010,"Bloomington, IL",2023-04-01,91,142,31,4,268,9953,3299
14010,"Bloomington, IL",2023-05-01,40,50,8,1,99,10052,3339
14010,"Bloomington, IL",2023-06-01,41,39,14,0,94,10146,3380
14010,"Bloomington, IL",2023-07-01,37,43,10,0,90,10236,3417
14010,"Bloomington, IL",2023-08-01,50,64,11,0,125,10361,3467
14010,"Bloomington, IL",2023-09-01,129,91,24,1,245,10606,3596
14010,"Bloomington, IL",2023-10-01,107,100,26,0,233,10839,3703
14010,"Bloomington, IL",2023-11-01,110,105,31,2,248,11087,3813
14010,"Bloomington, IL",2023-12-01,134,94,17,1,246,11333,3947
14010,"Bloomington, IL",2024-01-01,155,78,28,4,265,11598,4102
14010,"Bloomington, IL",2024-02-01,157,94,25,1,277,11875,4259
14010,"Bloomington, IL",2024-03-01,107,89,27,5,228,12103,4366
14010,"Bloomington, IL",2024-04-01,98,90,27,1,216,12319,4464
14010,"Bloomington, IL",2024-05-01,101,95,21,3,220,12539,4565
14010,"Bloomington, IL",2024-06-01,59,70,23,0,152,12691,4624
14010,"Bloomington, IL",2024-07-01,46,44,19,1,110,12801,4670
14010,"Bloomington, IL",2024-08-01,40,55,17,3,115,12916,4710
14010,"Bloomington, IL",2024-09-01,92,85,25,4,206,13122,4802
14010,"Bloomington, IL",2024-10-01,117,95,23,2,237,13359,4919
14010,"Bloomington, IL",2024-11-01,79,46,29,1,155,13514,4998
14010,"Bloomington, IL",2024-12-01,108,69,23,1,201,13715,5106
14010,"Bloomington, IL",2025-01-01,151,95,21,3,270,13985,5257
14010,"Bloomington, IL",2025-02-01,139,81,15,1,236,14221,5396
14010,"Bloomington, IL",2025-03-01,113,57,26,3,199,14420,5509
14010,"Bloomington, IL",2025-04-01,119,74,15,2,210,14630,5628
14010,"Bloomington, IL",2025-05-01,95,65,17,3,180,14810,5723
14010,"Bloomington, IL",2025-06-01,63,68,15,2,148,14958,5786
14010,"Bloomington, IL",2025-07-01,58,48,13,3,122,15080,5844
14010,"Bloomington, IL",2025-08-01,71,43,22,2,138,15218,5915
14010,"Bloomington, IL",2025-09-01,2,2,0,0,4,15222,5917
27220,"Jackson, WY-ID",2019-01-01,0,1,0,0,1,1,0
27220,"Jackson, WY-ID",2019-03-01,0,0,2,0,2,3,0
27220,"Jackson, WY-ID",2019-04-01,0,4,0,0,4,7,0
27220,"Jackson, WY-ID",2019-06-01,0,1,0,0,1,8,0
27220,"Jackson, WY-ID",2019-07-01,1,1,0,0,2,10,1
27220,"Jackson, WY-ID",2019-09-01,0,1,1,0,2,12,1
27220,"Jackson, WY-ID",2019-10-01,0,1,1,0,2,14,1
27220,"Jackson, WY-ID",2019-11-01,1,3,0,0,4,18,2
27220,"Jackson, WY-ID",2019-12-01,0,2,2,0,4,22,2
27220,"Jackson, WY-ID",2020-01-01,0,0,1,0,1,23,2
27220,"Jackson, WY-ID",2020-02-01,0,3,0,0,3,26,2
27220,"Jackson, WY-ID",2020-03-01,0,4,1,0,5,31,2
27220,"Jackson, WY-ID",2020-04-01,1,7,2,0,10,41,3
27220,"Jackson, WY-ID",2020-05-01,0,4,0,0,4,45,3
27220,"Jackson, WY-ID",2020-06-01,1,3,1,0,5,50,4
27220,"Jackson, WY-ID",2020-07-01,0,7,4,0,11,61,4
27220,"Jackson, WY-ID",2020-08-01,2,8,0,1,11,72,6
27220,"Jackson, WY-ID",2020-09-01,4,8,1,0,13,85,10
27220,"Jackson, WY-ID",2020-10-01,2,6,3,0,11,96,12
27220,"Jackson, WY-ID",2020-11-01,1,9,2,0,12,108,13
27220,"Jackson, WY-ID",2020-12-01,3,10,1,0,14,122,16
27220,"Jackson, WY-ID",2021-01-01,3,8,3,1,15,137,19
27220,"Jackson, WY-ID",2021-02-01,3,7,2,0,12,149,22
27220,"Jackson, WY-ID",2021-03-01,1,15,0,0,16,165,23
27220,"Jackson, WY-ID",2021-04-01,4,9,1,0,14,179,27
27220,"Jackson, WY-ID",2021-05-01,1,11,1,0,13,192,28
27220,"Jackson, WY-ID",2021-06-01,5,5,2,0,12,204,33
27220,"Jackson, WY-ID",2021-07-01,0,1,2,0,3,207,33
27220,"Jackson, WY-ID",2021-08-01,2,7,1,1,11,218,35
27220,"Jackson, WY-ID",2021-09-01,3,6,0,0,9,227,38
27220,"Jackson, WY-ID",2021-10-01,2,7,0,2,11,238,40
27220,"Jackson, WY-ID",2021-11-01,2,7,0,0,9,247,42
27220,"Jackson, WY-ID",2021-12-01,4,3,1,0,8,255,46
27220,"Jackson, WY-ID",2022-01-01,8,14,5,0,27,282,54
27220,"Jackson, WY-ID",2022-02-01,4,4,1,0,9,291,58
27220,"Jackson, WY-ID",2022-03-01,1,8,2,1,12,303,59
27220,"Jackson, WY-ID",2022-04-01,2,8,1,0,11,314,61
27220,"Jackson, WY-ID",2022-05-01,2,5,1,0,8,322,63
27220,"Jackson, WY-ID",2022-06-01,4,4,2,0,10,332,67
27220,"Jackson, WY-ID",2022-07-01,1,7,0,0,8,340,68
27220,"Jackson, WY-ID",2022-08-01,2,6,2,0,10,350,70
27220,"Jackson, WY-ID",2022-09-01,2,3,1,0,6,356,72
27220,"Jackson, WY-ID",2022-10-01,5,9,0,0,14,370,77
27220,"Jackson, WY-ID",2022-11-01,1,5,3,0,9,379,78
27220,"Jackson, WY-ID",2022-12-01,5,10,0,0,15,394,83
27220,"Jackson, WY-ID",2023-01-01,2,7,1,0,10,404,85
27220,"Jackson, WY-ID",2023-02-01,3,4,3,2,12,416,88
27220,"Jackson, WY-ID",2023-03-01,6,7,2,0,15,431,94
27220,"Jackson, WY-ID",2023-04-01,3,6,1,0,10,441,97
27220,"Jackson, WY-ID",2023-05-01,2,5,1,0,8,449,99
27220,"Jackson, WY-ID",2023-06-01,1,2,0,1,4,453,100
27220,"Jackson, WY-ID",2023-07-01,2,5,2,0,9,462,102
27220,"Jackson, WY-ID",2023-08-01,3,2,0,0,5,467,105
27220,"Jackson, WY-ID",2023-09-01,2,7,0,0,9,476,107
27220,"Jackson, WY-ID",2023-10-01,2,10,4,0,16,492,109
27220,"Jackson, WY-ID",2023-11-01,3,7,2,0,12,504,112
27220,"Jackson, WY-ID",2023-12-01,6,6,0,1,13,517,118
27220,"Jackson, WY-ID",2024-01-01,3,8,1,0,12,529,121
27220,"Jackson, WY-ID",2024-02-01,1,8,4,0,13,542,122
27220,"Jackson, WY-ID",2024-03-01,2,6,1,0,9,551,124
27220,"Jackson, WY-ID",2024-04-01,2,7,0,0,9,560,126
27220,"Jackson, WY-ID",2024-05-01,4,5,0,0,9,569,130
27220,"Jackson, WY-ID",2024-06-01,1,3,1,0,5,574,131
27220,"Jackson, WY-ID",2024-07-01,2,4,0,0,6,580,133
27220,"Jackson, WY-ID",2024-08-01,2,5,0,0,7,587,135
27220,"Jackson, WY-ID",2024-09-01,2,3,1,0,6,593,137
27220,"Jackson, WY-ID",2024-10-01,6,10,2,0,18,611,143
27220,"Jackson, WY-ID",2024-11-01,5,6,2,0,13,624,148
27220,"Jackson, WY-ID",2024-12-01,2,13,0,0,15,639,150
27220,"Jackson, WY-ID",2025-01-01,4,4,1,0,9,648,154
27220,"Jackson, WY-ID",2025-02-01,5,6,0,0,11,659,159
27220,"Jackson, WY-ID",2025-03-01,0,5,1,0,6,665,159
27220,"Jackson, WY-ID",2025-04-01,0,6,0,0,6,671,159
27220,"Jackson, WY-ID",2025-05-01,3,14,2,0,19,690,162
27220,"Jackson, WY-ID",2025-06-01,6,4,1,0,11,701,168
27220,"Jackson, WY-ID",2025-07-01,4,9,0,0,13,714,172
27220,"Jackson, WY-ID",2025-08-01,0,10,2,1,13,727,172
34820,"Myrtle Beach-Conway-North Myrtle Beach, SC",2019-01-01,0,72,26,2,100,100,0
34820,"Myrtle Beach-Conway-North Myrtle Beach, SC",2019-02-01,4,80,17,3,104,204,4
34820,"Myrtle Beach-Conway-North Myrtle Beach, SC",2019-03-01,5,84,39,1,129,333,9
34820,"Myrtle Beach-Conway-North Myrtle Beach, SC",2019-04-01,5,127,41,7,180,513,14
34820,"Myrtle Beach-Conway-North Myrtle Beach, SC",2019-05-01,7,149,39,3,198,711,21
34820,"Myrtle Beach-Conway-North Myrtle Beach, SC",2019-06-01,3,112,39,6,160,871,24
34820,"Myrtle Beach-Conway-North Myrtle Beach, SC",2019-07-01,6,143,31,4,184,1055,30
34820,"Myrtle Beach-Conway-North Myrtle Beach, SC",2019-08-01,11,130,35,5,181,1236,41
34820,"Myrtle Beach-Conway-North Myrtle Beach, SC",2019-09-01,6,108,22,2,138,1374,47
34820,"Myrtle Beach-Conway-North Myrtle Beach, SC",2019-10-01,4,50,24,3,81,1455,51
34820,"Myrtle Beach-Conway-North Myrtle Beach, SC",2019-11-01,13,84,21,3,121,1576,64
34820,"Myrtle Beach-Conway-North Myrtle Beach, SC",2019-12-01,13,76,25,2,116,1692,77
34820,"Myrtle Beach-Conway-North Myrtle Beach, SC",2020-01-01,18,82,25,5,130,1822,95
34820,"Myrtle Beach-Conway-North Myrtle Beach, SC",2020-02-01,19,83,32,3,137,1959,114
34820,"Myrtle Beach-Conway-North Myrtle Beach, SC",2020-03-01,19,110,36,4,169,2128,133
34820,"Myrtle Beach-Conway-North Myrtle Beach, SC",2020-04-01,70,221,69,11,371,2499,203
34820,"Myrtle Beach-Conway-North Myrtle Beach, SC",2020-05-01,145,396,98,12,651,3150,348
34820,"Myrtle Beach-Conway-North Myrtle Beach, SC",2020-06-01,113,293,77,14,497,3647,461
34820,"Myrtle Beach-Conway-North Myrtle Beach, SC",2020-07-01,86,321,87,9,503,4150,547
34820,"Myrtle Beach-Conway-North Myrtle Beach, SC",2020-08-01,125,466,131,25,747,4897,672
34820,"Myrtle Beach-Conway-North Myrtle Beach, SC",2020-09-01,121,365,99,11,596,5493,793
34820,"Myrtle Beach-Conway-North Myrtle Beach, SC",2020-10-01,46,183,36,4,269,5762,839
34820,"Myrtle Beach-Conway-North Myrtle Beach, SC",2020-11-01,61,141,23,3,228,5990,900
34820,"Myrtle Beach-Conway-North Myrtle Beach, SC",2020-12-01,65,128,48,5,246,6236,965
34820,"Myrtle Beach-Conway-North Myrtle Beach, SC",2021-01-01,147,290,81,6,524,6760,1112
34820,"Myrtle Beach-Conway-North Myrtle Beach, SC",2021-02-01,103,244,68,8,423,7183,1215
34820,"Myrtle Beach-Conway-North Myrtle Beach, SC",2021-03-01,242,403,114,18,777,7960,1457
34820,"Myrtle Beach-Conway-North Myrtle Beach, SC",2021-04-01,182,494,145,20,841,8801,1639
34820,"Myrtle Beach-Conway-North Myrtle Beach, SC",2021-05-01,196,495,143,21,855,9656,1835
34820,"Myrtle Beach-Conway-North Myrtle Beach, SC",2021-06-01,147,555,150,18,870,10526,1982
34820,"Myrtle Beach-Conway-North Myrtle Beach, SC",2021-07-01,131,492,154,21,798,11324,2113
34820,"Myrtle Beach-Conway-North Myrtle Beach, SC",2021-08-01,158,491,156,29,834,12158,2271
34820,"Myrtle Beach-Conway-North Myrtle Beach, SC",2021-09-01,139,440,173,20,772,12930,2410
34820,"Myrtle Beach-Conway-North Myrtle Beach, SC",2021-10-01,78,191,55,7,331,13261,2488
34820,"Myrtle Beach-Conway-North Myrtle Beach, SC",2021-11-01,77,173,62,8,320,13581,2565
34820,"Myrtle Beach-Conway-North Myrtle Beach, SC",2021-12-01,119,222,57,6,404,13985,2684
34820,"Myrtle Beach-Conway-North Myrtle Beach, SC",2022-01-01,146,323,96,17,582,14567,2830
34820,"Myrtle Beach-Conway-North Myrtle Beach, SC",2022-02-01,152,236,96,12,496,15063,2982
34820,"Myrtle Beach-Conway-North Myrtle Beach, SC",2022-03-01,179,351,116,20,666,15729,3161
34820,"Myrtle Beach-Conway-North Myrtle Beach, SC",2022-04-01,153,363,122,13,651,16380,3314
34820,"Myrtle Beach-Conway-North Myrtle Beach, SC",2022-05-01,185,329,111,18,643,17023,3499
34820,"Myrtle Beach-Conway-North Myrtle Beach, SC",2022-06-01,165,303,107,12,587,17610,3664
34820,"Myrtle Beach-Conway-North Myrtle Beach, SC",2022-07-01,159,366,137,8,670,18280,3823
34820,"Myrtle Beach-Conway-North Myrtle Beach, SC",2022-08-01,171,384,153,15,723,19003,3994
34820,"Myrtle Beach-Conway-North Myrtle Beach, SC",2022-09-01,144,311,112,22,589,19592,4138
34820,"Myrtle Beach-Conway-North Myrtle Beach, SC",2022-10-01,138,248,106,11,503,20095,4276
34820,"Myrtle Beach-Conway-North Myrtle Beach, SC",2022-11-01,153,304,105,9,571,20666,4429
34820,"Myrtle Beach-Conway-North Myrtle Beach, SC",2022-12-01,182,244,98,12,536,21202,4611
34820,"Myrtle Beach-Conway-North Myrtle Beach, SC",2023-01-01,170,252,109,22,553,21755,4781
34820,"Myrtle Beach-Conway-North Myrtle Beach, SC",2023-02-01,163,194,94,13,464,22219,4944
34820,"Myrtle Beach-Conway-North Myrtle Beach, SC",2023-03-01,236,357,121,16,730,22949,5180
34820,"Myrtle Beach-Conway-North Myrtle Beach, SC",2023-04-01,190,303,87,8,588,23537,5370
34820,"Myrtle Beach-Conway-North Myrtle Beach, SC",2023-05-01,129,186,61,4,380,23917,5499
34820,"Myrtle Beach-Conway-North Myrtle Beach, SC",2023-06-01,178,289,115,15,597,24514,5677
34820,"Myrtle Beach-Conway-North Myrtle Beach, SC",2023-07-01,157,283,103,14,557,25071,5834
34820,"Myrtle Beach-Conway-North Myrtle Beach, SC",2023-08-01,125,245,80,15,465,25536,5959
34820,"Myrtle Beach-Conway-North Myrtle Beach, SC",2023-09-01,121,191,58,5,375,25911,6080
34820,"Myrtle Beach-Conway-North Myrtle Beach, SC",2023-10-01,113,172,74,8,367,26278,6193
34820,"Myrtle Beach-Conway-North Myrtle Beach, SC",2023-11-01,135,166,74,12,387,26665,6328
34820,"Myrtle Beach-Conway-North Myrtle Beach, SC",2023-12-01,137,182,64,9,392,27057,6465
34820,"Myrtle Beach-Conway-North Myrtle Beach, SC",2024-01-01,158,204,81,10,453,27510,6623
34820,"Myrtle Beach-Conway-North Myrtle Beach, SC",2024-02-01,211,226,88,16,541,28051,6834
34820,"Myrtle Beach-Conway-North Myrtle Beach, SC",2024-03-01,231,262,88,16,597,28648,7065
34820,"Myrtle Beach-Conway-North Myrtle Beach, SC",2024-04-01,183,225,81,5,494,29142,7248
34820,"Myrtle Beach-Conway-North Myrtle Beach, SC",2024-05-01,217,276,96,13,602,29744,7465
34820,"Myrtle Beach-Conway-North Myrtle Beach, SC",2024-06-01,226,243,90,18,577,30321,7691
34820,"Myrtle Beach-Conway-North Myrtle Beach, SC",2024-07-01,213,268,100,15,596,30917,7904
34820,"Myrtle Beach-Conway-North Myrtle Beach, SC",2024-08-01,189,299,114,26,628,31545,8093
34820,"Myrtle Beach-Conway-North Myrtle Beach, SC",2024-09-01,236,248,118,9,611,32156,8329
34820,"Myrtle Beach-Conway-North Myrtle Beach, SC",2024-10-01,241,263,94,18,616,32772,8570
34820,"Myrtle Beach-Conway-North Myrtle Beach, SC",2024-11-01,219,254,112,8,593,33365,8789
34820,"Myrtle Beach-Conway-North Myrtle Beach, SC",2024-12-01,297,244,120,10,671,34036,9086
34820,"Myrtle Beach-Conway-North Myrtle Beach, SC",2025-01-01,269,264,96,12,641,34677,9355
34820,"Myrtle Beach-Conway-North Myrtle Beach, SC",2025-02-01,231,199,74,11,515,35192,9586
34820,"Myrtle Beach-Conway-North Myrtle Beach, SC",2025-03-01,276,222,74,15,587,35779,9862
34820,"Myrtle Beach-Conway-North Myrtle Beach, SC",2025-04-01,250,256,83,20,609,36388,10112
34820,"Myrtle Beach-Conway-North Myrtle Beach, SC",2025-05-01,287,315,102,9,713,37101,10399
34820,"Myrtle Beach-Conway-North Myrtle Beach, SC",2025-06-01,248,303,126,23,700,37801,10647
34820,"Myrtle Beach-Conway-North Myrtle Beach, SC",2025-07-01,221,263,112,14,610,38411,10868
34820,"Myrtle Beach-Conway-North Myrtle Beach, SC",2025-08-01,198,214,91,12,515,38926,11066
34820,"Myrtle Beach-Conway-North Myrtle Beach, SC",2025-09-01,7,4,0,0,11,38937,11073
10660,"Albert Lea, MN",2019-02-01,0,1,0,0,1,1,0
10660,"Albert Lea, MN",2019-03-01,0,0,1,0,1,2,0
10660,"Albert Lea, MN",2019-04-01,0,2,0,0,2,4,0
10660,"Albert Lea, MN",2019-05-01,0,2,0,0,2,6,0
10660,"Albert Lea, MN",2019-06-01,0,1,0,0,1,7,0
10660,"Albert Lea, MN",2019-07-01,0,0,1,0,1,8,0
10660,"Albert Lea, MN",2019-08-01,0,1,2,0,3,11,0
10660,"Albert Lea, MN",2019-09-01,0,0,1,0,1,12,0
10660,"Albert Lea, MN",2019-10-01,0,4,0,0,4,16,0
10660,"Albert Lea, MN",2019-11-01,0,1,0,0,1,17,0
10660,"Albert Lea, MN",2020-01-01,0,4,0,0,4,21,0
10660,"Albert Lea, MN",2020-02-01,1,3,1,0,5,26,1
10660,"Albert Lea, MN",2020-03-01,1,5,3,0,9,35,2
10660,"Albert Lea, MN",2020-04-01,0,5,2,1,8,43,2
10660,"Albert Lea, MN",2020-05-01,3,1,2,0,6,49,5
10660,"Albert Lea, MN",2020-06-01,1,6,1,0,8,57,6
10660,"Albert Lea, MN",2020-07-01,2,2,1,0,5,62,8
10660,"Albert Lea, MN",2020-08-01,1,13,0,0,14,76,9
10660,"Albert Lea, MN",2020-09-01,2,1,3,0,6,82,11
10660,"Albert Lea, MN",2020-10-01,1,14,5,1,21,103,12
10660,"Albert Lea, MN",2020-11-01,9,15,5,0,29,132,21
10660,"Albert Lea, MN",2020-12-01,4,19,4,0,27,159,25
10660,"Albert Lea, MN",2021-01-01,10,11,3,0,24,183,35
10660,"Albert Lea, MN",2021-02-01,7,19,3,0,29,212,42
10660,"Albert Lea, MN",2021-03-01,12,13,5,0,30,242,54
10660,"Albert Lea, MN",2021-04-01,7,13,10,0,30,272,61
10660,"Albert Lea, MN",2021-05-01,7,20,4,0,31,303,68
10660,"Albert Lea, MN",2021-06-01,8,16,4,2,30,333,76
10660,"Albert Lea, MN",2021-07-01,3,18,2,0,23,356,79
10660,"Albert Lea, MN",2021-08-01,1,19,5,0,25,381,80
10660,"Albert Lea, MN",2021-09-01,4,15,3,0,22,403,84
10660,"Albert Lea, MN",2021-10-01,6,18,4,1,29,432,90
10660,"Albert Lea, MN",2021-11-01,3,16,6,1,26,458,93
10660,"Albert Lea, MN",2021-12-01,4,22,6,0,32,490,97
10660,"Albert Lea, MN",2022-01-01,6,9,4,0,19,509,103
10660,"Albert Lea, MN",2022-02-01,11,13,2,1,27,536,114
10660,"Albert Lea, MN",2022-03-01,10,15,5,0,30,566,124
10660,"Albert Lea, MN",2022-04-01,3,10,3,0,16,582,127
10660,"Albert Lea, MN",2022-05-01,8,9,3,0,20,602,135
10660,"Albert Lea, MN",2022-06-01,6,8,2,0,16,618,141
10660,"Albert Lea, MN",2022-07-01,4,11,3,0,18,636,145
10660,"Albert Lea, MN",2022-08-01,6,8,4,0,18,654,151
10660,"Albert Lea, MN",2022-09-01,1,6,4,0,11,665,152
10660,"Albert Lea, MN",2022-10-01,6,7,2,0,15,680,158
10660,"Albert Lea, MN",2022-11-01,4,7,5,0,16,696,162
10660,"Albert Lea, MN",2022-12-01,6,5,2,0,13,709,168
10660,"Albert Lea, MN",2023-01-01,5,8,4,0,17,726,173
10660,"Albert Lea, MN",2023-02-01,3,7,8,0,18,744,176
10660,"Albert Lea, MN",2023-03-01,9,12,3,0,24,768,185
10660,"Albert Lea, MN",2023-04-01,6,8,7,0,21,789,191
10660,"Albert Lea, MN",2023-05-01,4,14,6,0,24,813,195
10660,"Albert Lea, MN",2023-06-01,6,5,2,0,13,826,201
10660,"Albert Lea, MN",2023-07-01,3,9,2,0,14,840,204
10660,"Albert Lea, MN",2023-08-01,3,13,4,1,21,861,207
10660,"Albert Lea, MN",2023-09-01,2,8,1,0,11,872,209
10660,"Albert Lea, MN",2023-10-01,6,13,4,1,24,896,215
10660,"Albert Lea, MN",2023-11-01,9,11,1,0,21,917,224
10660,"Albert Lea, MN",2023-12-01,9,13,3,0,25,942,233
10660,"Albert Lea, MN",2024-01-01,12,9,7,0,28,970,245
10660,"Albert Lea, MN",2024-02-01,11,7,5,2,25,995,256
10660,"Albert Lea, MN",2024-03-01,8,8,3,0,19,1014,264
10660,"Albert Lea, MN",2024-04-01,7,5,6,1,19,1033,271
10660,"Albert Lea, MN",2024-05-01,6,6,1,0,13,1046,277
10660,"Albert Lea, MN",2024-06-01,5,2,3,0,10,1056,282
10660,"Albert Lea, MN",2024-07-01,6,8,5,0,19,1075,288
10660,"Albert Lea, MN",2024-08-01,6,5,6,0,17,1092,294
10660,"Albert Lea, MN",2024-09-01,5,6,1,0,12,1104,299
10660,"Albert Lea, MN",2024-10-01,7,6,3,0,16,1120,306
10660,"Albert Lea, MN",2024-11-01,3,6,4,0,13,1133,309
10660,"Albert Lea, MN",2024-12-01,5,8,4,1,18,1151,314
10660,"Albert Lea, MN",2025-01-01,13,10,5,1,29,1180,327
10660,"Albert Lea, MN",2025-02-01,11,12,3,0,26,1206,338
10660,"Albert Lea, MN",2025-03-01,5,12,2,0,19,1225,343
10660,"Albert Lea, MN",2025-04-01,12,11,4,0,27,1252,355
10660,"Albert Lea, MN",2025-05-01,9,10,3,0,22,1274,364
10660,"Albert Lea, MN",2025-06-01,11,8,1,0,20,1294,375
10660,"Albert Lea, MN",2025-07-01,5,6,5,0,16,1310,380
10660,"Albert Lea, MN",2025-08-01,8,8,2,0,18,1328,388
37580,"Paris, TX",2019-01-01,0,3,1,0,4,4,0
37580,"Paris, TX",2019-02-01,0,2,0,0,2,6,0
37580,"Paris, TX",2019-03-01,0,0,1,0,1,7,0
37580,"Paris, TX",2019-04-01,0,3,1,1,5,12,0
37580,"Paris, TX",2019-05-01,0,5,2,0,7,19,0
37580,"Paris, TX",2019-06-01,2,21,3,0,26,45,2
37580,"Paris, TX",2019-07-01,2,13,1,0,16,61,4
37580,"Paris, TX",2019-08-01,0,16,4,0,20,81,4
37580,"Paris, TX",2019-09-01,1,10,7,0,18,99,5
37580,"Paris, TX",2019-10-01,0,7,2,0,9,108,5
37580,"Paris, TX",2019-11-01,0,7,3,0,10,118,5
37580,"Paris, TX",2019-12-01,0,20,3,0,23,141,5
37580,"Paris, TX",2020-01-01,1,11,2,1,15,156,6
37580,"Paris, TX",2020-02-01,1,15,2,0,18,174,7
37580,"Paris, TX",2020-03-01,3,19,3,0,25,199,10
37580,"Paris, TX",2020-04-01,7,25,3,1,36,235,17
37580,"Paris, TX",2020-05-01,5,24,11,1,41,276,22
37580,"Paris, TX",2020-06-01,4,23,4,0,31,307,26
37580,"Paris, TX",2020-07-01,3,16,8,2,29,336,29
37580,"Paris, TX",2020-08-01,0,17,9,0,26,362,29
37580,"Paris, TX",2020-09-01,2,9,2,0,13,375,31
37580,"Paris, TX",2020-10-01,3,16,6,0,25,400,34
37580,"Paris, TX",2020-11-01,1,22,4,0,27,427,35
37580,"Paris, TX",2020-12-01,6,27,8,0,41,468,41
37580,"Paris, TX",2021-01-01,7,35,10,1,53,521,48
37580,"Paris, TX",2021-02-01,8,23,4,0,35,556,56
37580,"Paris, TX",2021-03-01,7,27,4,0,38,594,63
37580,"Paris, TX",2021-04-01,10,27,5,0,42,636,73
37580,"Paris, TX",2021-05-01,7,31,12,0,50,686,80
37580,"Paris, TX",2021-06-01,4,26,11,0,41,727,84
37580,"Paris, TX",2021-07-01,10,32,2,1,45,772,94
37580,"Paris, TX",2021-08-01,10,33,8,2,53,825,104
37580,"Paris, TX",2021-09-01,4,18,11,1,34,859,108
37580,"Paris, TX",2021-10-01,7,36,1,0,44,903,115
37580,"Paris, TX",2021-11-01,7,24,5,0,36,939,122
37580,"Paris, TX",2021-12-01,15,36,4,0,55,994,137
37580,"Paris, TX",2022-01-01,12,41,13,0,66,1060,149
37580,"Paris, TX",2022-02-01,9,26,6,0,41,1101,158
37580,"Paris, TX",2022-03-01,14,35,9,2,60,1161,172
37580,"Paris, TX",2022-04-01,6,24,8,0,38,1199,178
37580,"Paris, TX",2022-05-01,18,18,8,0,44,1243,196
37580,"Paris, TX",2022-06-01,4,29,5,1,39,1282,200
37580,"Paris, TX",2022-07-01,10,27,5,0,42,1324,210
37580,"Paris, TX",2022-08-01,10,26,8,1,45,1369,220
37580,"Paris, TX",2022-09-01,10,12,7,0,29,1398,230
37580,"Paris, TX",2022-10-01,10,21,8,0,39,1437,240
37580,"Paris, TX",2022-11-01,19,37,8,0,64,1501,259
37580,"Paris, TX",2022-12-01,17,34,5,1,57,1558,276
37580,"Paris, TX",2023-01-01,6,21,3,1,31,1589,282
37580,"Paris, TX",2023-02-01,10,24,10,0,44,1633,292
37580,"Paris, TX",2023-03-01,19,26,12,2,59,1692,311
37580,"Paris, TX",2023-04-01,19,39,7,0,65,1757,330
37580,"Paris, TX",2023-05-01,5,19,7,2,33,1790,335
37580,"Paris, TX",2023-06-01,10,12,4,1,27,1817,345
37580,"Paris, TX",2023-07-01,16,33,9,1,59,1876,361
37580,"Paris, TX",2023-08-01,4,13,7,0,24,1900,365
37580,"Paris, TX",2023-09-01,10,14,9,1,34,1934,375
37580,"Paris, TX",2023-10-01,10,27,7,0,44,1978,385
37580,"Paris, TX",2023-11-01,12,30,10,0,52,2030,397
37580,"Paris, TX",2023-12-01,19,23,11,1,54,2084,416
37580,"Paris, TX",2024-01-01,9,25,11,1,46,2130,425
37580,"Paris, TX",2024-02-01,22,27,12,0,61,2191,447
37580,"Paris, TX",2024-03-01,25,31,5,0,61,2252,472
37580,"Paris, TX",2024-04-01,7,21,5,1,34,2286,479
37580,"Paris, TX",2024-05-01,11,21,4,0,36,2322,490
37580,"Paris, TX",2024-06-01,9,10,4,0,23,2345,499
37580,"Paris, TX",2024-07-01,4,17,5,0,26,2371,503
37580,"Paris, TX",2024-08-01,5,23,3,0,31,2402,508
37580,"Paris, TX",2024-09-01,21,34,13,0,68,2470,529
37580,"Paris, TX",2024-10-01,25,52,12,1,90,2560,554
37580,"Paris, TX",2024-11-01,24,36,10,2,72,2632,578
37580,"Paris, TX",2024-12-01,30,39,11,4,84,2716,608
37580,"Paris, TX",2025-01-01,14,34,16,2,66,2782,622
37580,"Paris, TX",2025-02-01,20,29,7,0,56,2838,642
37580,"Paris, TX",2025-03-01,23,34,11,1,69,2907,665
37580,"Paris, TX",2025-04-01,31,42,6,0,79,2986,696
37580,"Paris, TX",2025-05-01,32,40,16,2,90,3076,728
37580,"Paris, TX",2025-06-01,24,36,12,1,73,3149,752
37580,"Paris, TX",2025-07-01,15,30,9,0,54,3203,767
37580,"Paris, TX",2025-08-01,11,30,4,1,46,3249,778
37580,"Paris, TX",2025-09-01,3,1,0,0,4,3253,781
39150,"Prescott Valley-Prescott, AZ",2019-01-01,0,2,1,0,3,3,0
39150,"Prescott Valley-Prescott, AZ",2019-02-01,1,13,16,0,30,33,1
39150,"Prescott Valley-Prescott, AZ",2019-03-01,1,33,6,3,43,76,2
39150,"Prescott Valley-Prescott, AZ",2019-04-01,0,29,7,0,36,112,2
39150,"Prescott Valley-Prescott, AZ",2019-05-01,1,22,6,0,29,141,3
39150,"Prescott Valley-Prescott, AZ",2019-06-01,2,20,5,3,30,171,5
39150,"Prescott Valley-Prescott, AZ",2019-07-01,6,15,6,2,29,200,11
39150,"Prescott Valley-Prescott, AZ",2019-08-01,3,30,8,0,41,241,14
39150,"Prescott Valley-Prescott, AZ",2019-09-01,3,31,4,0,38,279,17
39150,"Prescott Valley-Prescott, AZ",2019-10-01,2,23,4,1,30,309,19
39150,"Prescott Valley-Prescott, AZ",2019-11-01,5,23,2,2,32,341,24
39150,"Prescott Valley-Prescott, AZ",2019-12-01,3,11,6,0,20,361,27
39150,"Prescott Valley-Prescott, AZ",2020-01-01,3,13,11,1,28,389,30
39150,"Prescott Valley-Prescott, AZ",2020-02-01,2,17,5,0,24,413,32
39150,"Prescott Valley-Prescott, AZ",2020-03-01,5,32,16,2,55,468,37
39150,"Prescott Valley-Prescott, AZ",2020-04-01,9,44,21,5,79,547,46
39150,"Prescott Valley-Prescott, AZ",2020-05-01,7,37,15,2,61,608,53
39150,"Prescott Valley-Prescott, AZ",2020-06-01,11,30,12,1,54,662,64
39150,"Prescott Valley-Prescott, AZ",2020-07-01,16,47,14,6,83,745,80
39150,"Prescott Valley-Prescott, AZ",2020-08-01,18,72,11,2,103,848,98
39150,"Prescott Valley-Prescott, AZ",2020-09-01,29,58,18,2,107,955,127
39150,"Prescott Valley-Prescott, AZ",2020-10-01,13,32,8,2,55,1010,140
39150,"Prescott Valley-Prescott, AZ",2020-11-01,10,27,12,0,49,1059,150
39150,"Prescott Valley-Prescott, AZ",2020-12-01,27,49,15,2,93,1152,177
39150,"Prescott Valley-Prescott, AZ",2021-01-01,27,47,13,2,89,1241,204
39150,"Prescott Valley-Prescott, AZ",2021-02-01,30,60,17,2,109,1350,234
39150,"Prescott Valley-Prescott, AZ",2021-03-01,22,48,20,4,94,1444,256
39150,"Prescott Valley-Prescott, AZ",2021-04-01,34,54,14,1,103,1547,290
39150,"Prescott Valley-Prescott, AZ",2021-05-01,26,79,27,5,137,1684,316
39150,"Prescott Valley-Prescott, AZ",2021-06-01,19,69,18,5,111,1795,335
39150,"Prescott Valley-Prescott, AZ",2021-07-01,29,67,22,2,120,1915,364
39150,"Prescott Valley-Prescott, AZ",2021-08-01,26,80,22,2,130,2045,390
39150,"Prescott Valley-Prescott, AZ",2021-09-01,32,60,14,2,108,2153,422
39150,"Prescott Valley-Prescott, AZ",2021-10-01,14,35,3,1,53,2206,436
39150,"Prescott Valley-Prescott, AZ",2021-11-01,26,48,17,1,92,2298,462
39150,"Prescott Valley-Prescott, AZ",2021-12-01,36,56,28,3,123,2421,498
39150,"Prescott Valley-Prescott, AZ",2022-01-01,47,70,21,4,142,2563,545
39150,"Prescott Valley-Prescott, AZ",2022-02-01,32,51,14,3,100,2663,577
39150,"Prescott Valley-Prescott, AZ",2022-03-01,32,58,22,5,117,2780,609
39150,"Prescott Valley-Prescott, AZ",2022-04-01,29,35,19,0,83,2863,638
39150,"Prescott Valley-Prescott, AZ",2022-05-01,32,48,18,3,101,2964,670
39150,"Prescott Valley-Prescott, AZ",2022-06-01,33,35,17,5,90,3054,703
39150,"Prescott Valley-Prescott, AZ",2022-07-01,31,48,11,0,90,3144,734
39150,"Prescott Valley-Prescott, AZ",2022-08-01,32,58,15,2,107,3251,766
39150,"Prescott Valley-Prescott, AZ",2022-09-01,41,65,18,4,128,3379,807
39150,"Prescott Valley-Prescott, AZ",2022-10-01,46,62,15,3,126,3505,853
39150,"Prescott Valley-Prescott, AZ",2022-11-01,45,59,22,2,128,3633,898
39150,"Prescott Valley-Prescott, AZ",2022-12-01,35,47,21,3,106,3739,933
39150,"Prescott Valley-Prescott, AZ",2023-01-01,38,44,16,2,100,3839,971
39150,"Prescott Valley-Prescott, AZ",2023-02-01,50,45,23,1,119,3958,1021
39150,"Prescott Valley-Prescott, AZ",2023-03-01,56,68,20,3,147,4105,1077
39150,"Prescott Valley-Prescott, AZ",2023-04-01,41,45,15,3,104,4209,1118
39150,"Prescott Valley-Prescott, AZ",2023-05-01,31,39,12,4,86,4295,1149
39150,"Prescott Valley-Prescott, AZ",2023-06-01,21,28,9,0,58,4353,1170
39150,"Prescott Valley-Prescott, AZ",2023-07-01,23,35,14,1,73,4426,1193
39150,"Prescott Valley-Prescott, AZ",2023-08-01,11,25,7,0,43,4469,1204
39150,"Prescott Valley-Prescott, AZ",2023-09-01,24,30,14,1,69,4538,1228
39150,"Prescott Valley-Prescott, AZ",2023-10-01,45,43,20,2,110,4648,1273
39150,"Prescott Valley-Prescott, AZ",2023-11-01,60,62,25,6,153,4801,1333
39150,"Prescott Valley-Prescott, AZ",2023-12-01,54,52,20,0,126,4927,1387
39150,"Prescott Valley-Prescott, AZ",2024-01-01,53,70,22,5,150,5077,1440
39150,"Prescott Valley-Prescott, AZ",2024-02-01,44,49,15,4,112,5189,1484
39150,"Prescott Valley-Prescott, AZ",2024-03-01,39,48,16,0,103,5292,1523
39150,"Prescott Valley-Prescott, AZ",2024-04-01,33,42,23,1,99,5391,1556
39150,"Prescott Valley-Prescott, AZ",2024-05-01,31,39,13,0,83,5474,1587
39150,"Prescott Valley-Prescott, AZ",2024-06-01,31,47,18,1,97,5571,1618
39150,"Prescott Valley-Prescott, AZ",2024-07-01,19,40,9,2,70,5641,1637
39150,"Prescott Valley-Prescott, AZ",2024-08-01,19,47,13,0,79,5720,1656
39150,"Prescott Valley-Prescott, AZ",2024-09-01,20,42,8,0,70,5790,1676
39150,"Prescott Valley-Prescott, AZ",2024-10-01,48,71,19,0,138,5928,1724
39150,"Prescott Valley-Prescott, AZ",2024-11-01,42,65,12,4,123,6051,1766
39150,"Prescott Valley-Prescott, AZ",2024-12-01,39,78,18,3,138,6189,1805
39150,"Prescott Valley-Prescott, AZ",2025-01-01,41,56,16,1,114,6303,1846
39150,"Prescott Valley-Prescott, AZ",2025-02-01,27,24,10,3,64,6367,1873
39150,"Prescott Valley-Prescott, AZ",2025-03-01,37,42,15,1,95,6462,1910
39150,"Prescott Valley-Prescott, AZ",2025-04-01,46,43,12,3,104,6566,1956
39150,"Prescott Valley-Prescott, AZ",2025-05-01,52,51,13,3,119,6685,2008
39150,"Prescott Valley-Prescott, AZ",2025-06-01,58,40,21,2,121,6806,2066
39150,"Prescott Valley-Prescott, AZ",2025-07-01,41,38,16,2,97,6903,2107
39150,"Prescott Valley-Prescott, AZ",2025-08-01,45,46,26,2,119,7022,2152
39150,"Prescott Valley-Prescott, AZ",2025-09-01,1,3,0,0,4,7026,2153
34980,"Nashville-Davidson--Murfreesboro--Franklin, TN",2019-01-01,9,192,55,5,261,261,9
34980,"Nashville-Davidson--Murfreesboro--Franklin, TN",2019-02-01,8,201,41,3,253,514,17
34980,"Nashville-Davidson--Murfreesboro--Franklin, TN",2019-03-01,10,229,67,2,308,822,27
34980,"Nashville-Davidson--Murfreesboro--Franklin, TN",2019-04-01,16,228,66,4,314,1136,43
34980,"Nashville-Davidson--Murfreesboro--Franklin, TN",2019-05-01,13,318,56,5,392,1528,56
34980,"Nashville-Davidson--Murfreesboro--Franklin, TN",2019-06-01,12,220,57,3,292,1820,68
34980,"Nashville-Davidson--Murfreesboro--Franklin, TN",2019-07-01,32,285,77,3,397,2217,100
34980,"Nashville-Davidson--Murfreesboro--Franklin, TN",2019-08-01,16,232,56,10,314,2531,116
34980,"Nashville-Davidson--Murfreesboro--Franklin, TN",2019-09-01,20,245,54,1,320,2851,136
34980,"Nashville-Davidson--Murfreesboro--Franklin, TN",2019-10-01,18,202,44,4,268,3119,154
34980,"Nashville-Davidson--Murfreesboro--Franklin, TN",2019-11-01,25,213,50,5,293,3412,179
34980,"Nashville-Davidson--Murfreesboro--Franklin, TN",2019-12-01,20,153,41,4,218,3630,199
34980,"Nashville-Davidson--Murfreesboro--Franklin, TN",2020-01-01,27,190,38,1,256,3886,226
34980,"Nashville-Davidson--Murfreesboro--Franklin, TN",2020-02-01,27,208,61,8,304,4190,253
34980,"Nashville-Davidson--Murfreesboro--Franklin, TN",2020-03-01,49,313,90,9,461,4651,302
34980,"Nashville-Davidson--Murfreesboro--Franklin, TN",2020-04-01,155,629,170,16,970,5621,457
34980,"Nashville-Davidson--Murfreesboro--Franklin, TN",2020-05-01,333,796,167,14,1310,6931,790
34980,"Nashville-Davidson--Murfreesboro--Franklin, TN",2020-06-01,188,554,97,10,849,7780,978
34980,"Nashville-Davidson--Murfreesboro--Franklin, TN",2020-07-01,267,867,159,19,1312,9092,1245
34980,"Nashville-Davidson--Murfreesboro--Franklin, TN",2020-08-01,243,958,169,17,1387,10479,1488
34980,"Nashville-Davidson--Murfreesboro--Franklin, TN",2020-09-01,235,885,148,17,1285,11764,1723
34980,"Nashville-Davidson--Murfreesboro--Franklin, TN",2020-10-01,198,652,129,9,988,12752,1921
34980,"Nashville-Davidson--Murfreesboro--Franklin, TN",2020-11-01,83,293,45,4,425,13177,2004
34980,"Nashville-Davidson--Murfreesboro--Franklin, TN",2020-12-01,116,295,53,4,468,13645,2120
34980,"Nashville-Davidson--Murfreesboro--Franklin, TN",2021-01-01,371,902,201,18,1492,15137,2491
34980,"Nashville-Davidson--Murfreesboro--Franklin, TN",2021-02-01,180,506,104,13,803,15940,2671
34980,"Nashville-Davidson--Murfreesboro--Franklin, TN",2021-03-01,331,862,178,27,1398,17338,3002
34980,"Nashville-Davidson--Murfreesboro--Franklin, TN",2021-04-01,323,910,198,22,1453,18791,3325
34980,"Nashville-Davidson--Murfreesboro--Franklin, TN",2021-05-01,331,768,182,9,1290,20081,3656
34980,"Nashville-Davidson--Murfreesboro--Franklin, TN",2021-06-01,142,455,98,9,704,20785,3798
34980,"Nashville-Davidson--Murfreesboro--Franklin, TN",2021-07-01,190,574,137,16,917,21702,3988
34980,"Nashville-Davidson--Murfreesboro--Franklin, TN",2021-08-01,325,1084,280,17,1706,23408,4313
34980,"Nashville-Davidson--Murfreesboro--Franklin, TN",2021-09-01,287,975,246,19,1527,24935,4600
34980,"Nashville-Davidson--Murfreesboro--Franklin, TN",2021-10-01,224,674,211,7,1116,26051,4824
34980,"Nashville-Davidson--Murfreesboro--Franklin, TN",2021-11-01,310,792,199,13,1314,27365,5134
34980,"Nashville-Davidson--Murfreesboro--Franklin, TN",2021-12-01,471,838,242,32,1583,28948,5605
34980,"Nashville-Davidson--Murfreesboro--Franklin, TN",2022-01-01,467,1182,295,34,1978,30926,6072
34980,"Nashville-Davidson--Murfreesboro--Franklin, TN",2022-02-01,257,555,196,29,1037,31963,6329
34980,"Nashville-Davidson--Murfreesboro--Franklin, TN",2022-03-01,393,827,242,35,1497,33460,6722
34980,"Nashville-Davidson--Murfreesboro--Franklin, TN",2022-04-01,322,793,234,26,1375,34835,7044
34980,"Nashville-Davidson--Murfreesboro--Franklin, TN",2022-05-01,379,796,209,22,1406,36241,7423
34980,"Nashville-Davidson--Murfreesboro--Franklin, TN",2022-06-01,292,650,168,14,1124,37365,7715
34980,"Nashville-Davidson--Murfreesboro--Franklin, TN",2022-07-01,304,554,145,8,1011,38376,8019
34980,"Nashville-Davidson--Murfreesboro--Franklin, TN",2022-08-01,364,740,202,19,1325,39701,8383
34980,"Nashville-Davidson--Murfreesboro--Franklin, TN",2022-09-01,286,677,199,12,1174,40875,8669
34980,"Nashville-Davidson--Murfreesboro--Franklin, TN",2022-10-01,324,653,166,14,1157,42032,8993
34980,"Nashville-Davidson--Murfreesboro--Franklin, TN",2022-11-01,350,654,182,16,1202,43234,9343
34980,"Nashville-Davidson--Murfreesboro--Franklin, TN",2022-12-01,365,627,168,14,1174,44408,9708
34980,"Nashville-Davidson--Murfreesboro--Franklin, TN",2023-01-01,336,655,175,20,1186,45594,10044
34980,"Nashville-Davidson--Murfreesboro--Franklin, TN",2023-02-01,260,556,175,15,1006,46600,10304
34980,"Nashville-Davidson--Murfreesboro--Franklin, TN",2023-03-01,373,664,202,18,1257,47857,10677
34980,"Nashville-Davidson--Murfreesboro--Franklin, TN",2023-04-01,273,532,151,18,974,48831,10950
34980,"Nashville-Davidson--Murfreesboro--Franklin, TN",2023-05-01,264,446,131,14,855,49686,11214
34980,"Nashville-Davidson--Murfreesboro--Franklin, TN",2023-06-01,140,280,76,4,500,50186,11354
34980,"Nashville-Davidson--Murfreesboro--Franklin, TN",2023-07-01,128,347,76,9,560,50746,11482
34980,"Nashville-Davidson--Murfreesboro--Franklin, TN",2023-08-01,326,685,201,15,1227,51973,11808
34980,"Nashville-Davidson--Murfreesboro--Franklin, TN",2023-09-01,305,679,190,8,1182,53155,12113
34980,"Nashville-Davidson--Murfreesboro--Franklin, TN",2023-10-01,319,652,198,16,1185,54340,12432
34980,"Nashville-Davidson--Murfreesboro--Franklin, TN",2023-11-01,393,739,199,21,1352,55692,12825
34980,"Nashville-Davidson--Murfreesboro--Franklin, TN",2023-12-01,475,621,203,15,1314,57006,13300
34980,"Nashville-Davidson--Murfreesboro--Franklin, TN",2024-01-01,394,675,176,17,1262,58268,13694
34980,"Nashville-Davidson--Murfreesboro--Franklin, TN",2024-02-01,341,589,161,16,1107,59375,14035
34980,"Nashville-Davidson--Murfreesboro--Franklin, TN",2024-03-01,413,632,185,22,1252,60627,14448
34980,"Nashville-Davidson--Murfreesboro--Franklin, TN",2024-04-01,357,547,153,10,1067,61694,14805
34980,"Nashville-Davidson--Murfreesboro--Franklin, TN",2024-05-01,500,626,168,17,1311,63005,15305
34980,"Nashville-Davidson--Murfreesboro--Franklin, TN",2024-06-01,472,652,216,18,1358,64363,15777
34980,"Nashville-Davidson--Murfreesboro--Franklin, TN",2024-07-01,443,735,181,14,1373,65736,16220
34980,"Nashville-Davidson--Murfreesboro--Franklin, TN",2024-08-01,340,628,178,18,1164,66900,16560
34980,"Nashville-Davidson--Murfreesboro--Franklin, TN",2024-09-01,332,609,190,14,1145,68045,16892
34980,"Nashville-Davidson--Murfreesboro--Franklin, TN",2024-10-01,417,574,152,16,1159,69204,17309
34980,"Nashville-Davidson--Murfreesboro--Franklin, TN",2024-11-01,391,517,167,12,1087,70291,17700
34980,"Nashville-Davidson--Murfreesboro--Franklin, TN",2024-12-01,490,587,135,9,1221,71512,18190
34980,"Nashville-Davidson--Murfreesboro--Franklin, TN",2025-01-01,430,539,149,11,1129,72641,18620
34980,"Nashville-Davidson--Murfreesboro--Franklin, TN",2025-02-01,397,430,111,10,948,73589,19017
34980,"Nashville-Davidson--Murfreesboro--Franklin, TN",2025-03-01,417,464,148,10,1039,74628,19434
34980,"Nashville-Davidson--Murfreesboro--Franklin, TN",2025-04-01,398,458,132,16,1004,75632,19832
34980,"Nashville-Davidson--Murfreesboro--Franklin, TN",2025-05-01,509,427,113,8,1057,76689,20341
34980,"Nashville-Davidson--Murfreesboro--Franklin, TN",2025-06-01,517,499,154,11,1181,77870,20858
34980,"Nashville-Davidson--Murfreesboro--Franklin, TN",2025-07-01,416,448,125,12,1001,78871,21274
34980,"Nashville-Davidson--Murfreesboro--Franklin, TN",2025-08-01,279,392,107,13,791,79662,21553
34980,"Nashville-Davidson--Murfreesboro--Franklin, TN",2025-09-01,7,8,3,0,18,79680,21560
40420,"Rockford, IL",2019-01-01,3,49,12,1,65,65,3
40420,"Rockford, IL",2019-02-01,3,57,14,2,76,141,6
40420,"Rockford, IL",2019-03-01,4,74,19,1,98,239,10
40420,"Rockford, IL",2019-04-01,6,84,15,1,106,345,16
40420,"Rockford, IL",2019-05-01,4,91,16,0,111,456,20
40420,"Rockford, IL",2019-06-01,0,24,5,1,30,486,20
40420,"Rockford, IL",2019-07-01,4,50,11,3,68,554,24
40420,"Rockford, IL",2019-08-01,2,23,7,0,32,586,26
40420,"Rockford, IL",2019-09-01,4,53,13,2,72,658,30
40420,"Rockford, IL",2019-10-01,4,42,17,0,63,721,34
40420,"Rockford, IL",2019-11-01,5,50,12,1,68,789,39
40420,"Rockford, IL",2019-12-01,5,39,11,1,56,845,44
40420,"Rockford, IL",2020-01-01,8,48,11,1,68,913,52
40420,"Rockford, IL",2020-02-01,6,49,12,1,68,981,58
40420,"Rockford, IL",2020-03-01,14,91,23,1,129,1110,72
40420,"Rockford, IL",2020-04-01,31,144,25,5,205,1315,103
40420,"Rockford, IL",2020-05-01,63,189,45,6,303,1618,166
40420,"Rockford, IL",2020-06-01,36,107,18,2,163,1781,202
40420,"Rockford, IL",2020-07-01,39,141,20,0,200,1981,241
40420,"Rockford, IL",2020-08-01,53,201,21,4,279,2260,294
40420,"Rockford, IL",2020-09-01,48,168,21,7,244,2504,342
40420,"Rockford, IL",2020-10-01,43,153,23,1,220,2724,385
40420,"Rockford, IL",2020-11-01,14,67,9,2,92,2816,399
40420,"Rockford, IL",2020-12-01,17,76,12,0,105,2921,416
40420,"Rockford, IL",2021-01-01,87,245,24,2,358,3279,503
40420,"Rockford, IL",2021-02-01,104,242,38,5,389,3668,607
40420,"Rockford, IL",2021-03-01,122,258,44,4,428,4096,729
40420,"Rockford, IL",2021-04-01,99,227,52,3,381,4477,828
40420,"Rockford, IL",2021-05-01,52,150,20,1,223,4700,880
40420,"Rockford, IL",2021-06-01,47,121,16,3,187,4887,927
40420,"Rockford, IL",2021-07-01,30,95,13,2,140,5027,957
40420,"Rockford, IL",2021-08-01,68,208,38,5,319,5346,1025
40420,"Rockford, IL",2021-09-01,81,190,53,3,327,5673,1106
40420,"Rockford, IL",2021-10-01,32,114,31,3,180,5853,1138
40420,"Rockford, IL",2021-11-01,27,101,27,1,156,6009,1165
40420,"Rockford, IL",2021-12-01,90,211,40,6,347,6356,1255
40420,"Rockford, IL",2022-01-01,90,260,51,6,407,6763,1345
40420,"Rockford, IL",2022-02-01,96,207,56,4,363,7126,1441
40420,"Rockford, IL",2022-03-01,113,240,56,7,416,7542,1554
40420,"Rockford, IL",2022-04-01,60,140,36,3,239,7781,1614
40420,"Rockford, IL",2022-05-01,48,106,14,1,169,7950,1662
40420,"Rockford, IL",2022-06-01,22,54,10,0,86,8036,1684
40420,"Rockford, IL",2022-07-01,26,62,22,2,112,8148,1710
40420,"Rockford, IL",2022-08-01,32,68,21,0,121,8269,1742
40420,"Rockford, IL",2022-09-01,82,191,54,7,334,8603,1824
40420,"Rockford, IL",2022-10-01,53,151,35,3,242,8845,1877
40420,"Rockford, IL",2022-11-01,64,144,30,2,240,9085,1941
40420,"Rockford, IL",2022-12-01,70,158,44,1,273,9358,2011
40420,"Rockford, IL",2023-01-01,103,154,52,5,314,9672,2114
40420,"Rockford, IL",2023-02-01,103,143,57,1,304,9976,2217
40420,"Rockford, IL",2023-03-01,127,223,58,2,410,10386,2344
40420,"Rockford, IL",2023-04-01,93,172,45,6,316,10702,2437
40420,"Rockford, IL",2023-05-01,48,104,23,0,175,10877,2485
40420,"Rockford, IL",2023-06-01,31,76,24,0,131,11008,2516
40420,"Rockford, IL",2023-07-01,44,65,15,1,125,11133,2560
40420,"Rockford, IL",2023-08-01,44,81,19,3,147,11280,2604
40420,"Rockford, IL",2023-09-01,69,170,43,8,290,11570,2673
40420,"Rockford, IL",2023-10-01,83,150,41,3,277,11847,2756
40420,"Rockford, IL",2023-11-01,108,176,51,3,338,12185,2864
40420,"Rockford, IL",2023-12-01,135,176,48,5,364,12549,2999
40420,"Rockford, IL",2024-01-01,142,203,38,8,391,12940,3141
40420,"Rockford, IL",2024-02-01,113,162,45,3,323,13263,3254
40420,"Rockford, IL",2024-03-01,95,172,52,4,323,13586,3349
40420,"Rockford, IL",2024-04-01,98,174,42,3,317,13903,3447
40420,"Rockford, IL",2024-05-01,81,150,31,4,266,14169,3528
40420,"Rockford, IL",2024-06-01,73,120,27,2,222,14391,3601
40420,"Rockford, IL",2024-07-01,43,76,21,0,140,14531,3644
40420,"Rockford, IL",2024-08-01,34,65,16,2,117,14648,3678
40420,"Rockford, IL",2024-09-01,87,112,28,2,229,14877,3765
40420,"Rockford, IL",2024-10-01,107,168,41,4,320,15197,3872
40420,"Rockford, IL",2024-11-01,109,131,35,4,279,15476,3981
40420,"Rockford, IL",2024-12-01,108,165,41,6,320,15796,4089
40420,"Rockford, IL",2025-01-01,146,141,43,5,335,16131,4235
40420,"Rockford, IL",2025-02-01,147,169,39,5,360,16491,4382
40420,"Rockford, IL",2025-03-01,161,153,44,2,360,16851,4543
40420,"Rockford, IL",2025-04-01,120,130,30,3,283,17134,4663
40420,"Rockford, IL",2025-05-01,137,124,41,3,305,17439,4800
40420,"Rockford, IL",2025-06-01,125,132,42,4,303,17742,4925
40420,"Rockford, IL",2025-07-01,99,112,38,2,251,17993,5024
40420,"Rockford, IL",2025-08-01,92,90,15,3,200,18193,5116
40420,"Rockford, IL",2025-09-01,1,2,0,0,3,18196,5117
44700,"Stockton-Lodi, CA",2019-01-01,9,320,78,4,411,411,9
44700,"Stockton-Lodi, CA",2019-02-01,12,260,55,5,332,743,21
44700,"Stockton-Lodi, CA",2019-03-01,10,277,66,7,360,1103,31
44700,"Stockton-Lodi, CA",2019-04-01,13,285,69,6,373,1476,44
44700,"Stockton-Lodi, CA",2019-05-01,12,264,47,4,327,1803,56
44700,"Stockton-Lodi, CA",2019-06-01,11,171,35,5,222,2025,67
44700,"Stockton-Lodi, CA",2019-07-01,14,171,34,3,222,2247,81
44700,"Stockton-Lodi, CA",2019-08-01,17,127,29,3,176,2423,98
44700,"Stockton-Lodi, CA",2019-09-01,18,247,53,5,323,2746,116
44700,"Stockton-Lodi, CA",2019-10-01,30,224,42,8,304,3050,146
44700,"Stockton-Lodi, CA",2019-11-01,20,127,22,2,171,3221,166
44700,"Stockton-Lodi, CA",2019-12-01,24,131,33,2,190,3411,190
44700,"Stockton-Lodi, CA",2020-01-01,23,202,45,5,275,3686,213
44700,"Stockton-Lodi, CA",2020-02-01,32,184,41,7,264,3950,245
44700,"Stockton-Lodi, CA",2020-03-01,25,155,50,8,238,4188,270
44700,"Stockton-Lodi, CA",2020-04-01,79,442,108,4,633,4821,349
44700,"Stockton-Lodi, CA",2020-05-01,104,455,101,8,668,5489,453
44700,"Stockton-Lodi, CA",2020-06-01,115,438,100,11,664,6153,568
44700,"Stockton-Lodi, CA",2020-07-01,163,580,156,11,910,7063,731
44700,"Stockton-Lodi, CA",2020-08-01,153,572,125,17,867,7930,884
44700,"Stockton-Lodi, CA",2020-09-01,128,528,111,10,777,8707,1012
44700,"Stockton-Lodi, CA",2020-10-01,138,436,93,8,675,9382,1150
44700,"Stockton-Lodi, CA",2020-11-01,48,258,62,3,371,9753,1198
44700,"Stockton-Lodi, CA",2020-12-01,111,388,69,8,576,10329,1309
44700,"Stockton-Lodi, CA",2021-01-01,124,357,76,12,569,10898,1433
44700,"Stockton-Lodi, CA",2021-02-01,68,211,48,5,332,11230,1501
44700,"Stockton-Lodi, CA",2021-03-01,160,442,95,11,708,11938,1661
44700,"Stockton-Lodi, CA",2021-04-01,118,331,63,14,526,12464,1779
44700,"Stockton-Lodi, CA",2021-05-01,95,278,50,9,432,12896,1874
44700,"Stockton-Lodi, CA",2021-06-01,59,217,47,3,326,13222,1933
44700,"Stockton-Lodi, CA",2021-07-01,57,205,51,9,322,13544,1990
44700,"Stockton-Lodi, CA",2021-08-01,90,255,71,11,427,13971,2080
44700,"Stockton-Lodi, CA",2021-09-01,145,421,131,9,706,14677,2225
44700,"Stockton-Lodi, CA",2021-10-01,48,178,60,10,296,14973,2273
44700,"Stockton-Lodi, CA",2021-11-01,56,145,31,7,239,15212,2329
44700,"Stockton-Lodi, CA",2021-12-01,49,156,57,15,277,15489,2378
44700,"Stockton-Lodi, CA",2022-01-01,130,344,90,13,577,16066,2508
44700,"Stockton-Lodi, CA",2022-02-01,59,146,67,7,279,16345,2567
44700,"Stockton-Lodi, CA",2022-03-01,23,92,34,8,157,16502,2590
44700,"Stockton-Lodi, CA",2022-04-01,28,115,31,6,180,16682,2618
44700,"Stockton-Lodi, CA",2022-05-01,31,106,42,6,185,16867,2649
44700,"Stockton-Lodi, CA",2022-06-01,105,232,75,4,416,17283,2754
44700,"Stockton-Lodi, CA",2022-07-01,180,447,150,5,782,18065,2934
44700,"Stockton-Lodi, CA",2022-08-01,209,447,132,16,804,18869,3143
44700,"Stockton-Lodi, CA",2022-09-01,309,635,178,19,1141,20010,3452
44700,"Stockton-Lodi, CA",2022-10-01,133,354,115,12,614,20624,3585
44700,"Stockton-Lodi, CA",2022-11-01,183,390,130,13,716,21340,3768
44700,"Stockton-Lodi, CA",2022-12-01,219,448,101,10,778,22118,3987
44700,"Stockton-Lodi, CA",2023-01-01,109,241,72,9,431,22549,4096
44700,"Stockton-Lodi, CA",2023-02-01,139,317,88,12,556,23105,4235
44700,"Stockton-Lodi, CA",2023-03-01,170,422,135,12,739,23844,4405
44700,"Stockton-Lodi, CA",2023-04-01,111,279,46,2,438,24282,4516
44700,"Stockton-Lodi, CA",2023-05-01,66,176,33,4,279,24561,4582
44700,"Stockton-Lodi, CA",2023-06-01,54,149,42,2,247,24808,4636
44700,"Stockton-Lodi, CA",2023-07-01,64,145,34,1,244,25052,4700
44700,"Stockton-Lodi, CA",2023-08-01,45,168,45,1,259,25311,4745
44700,"Stockton-Lodi, CA",2023-09-01,49,199,32,3,283,25594,4794
44700,"Stockton-Lodi, CA",2023-10-01,64,219,56,7,346,25940,4858
44700,"Stockton-Lodi, CA",2023-11-01,54,259,72,9,394,26334,4912
44700,"Stockton-Lodi, CA",2023-12-01,90,306,72,11,479,26813,5002
44700,"Stockton-Lodi, CA",2024-01-01,66,265,65,10,406,27219,5068
44700,"Stockton-Lodi, CA",2024-02-01,68,249,77,9,403,27622,5136
44700,"Stockton-Lodi, CA",2024-03-01,73,267,66,13,419,28041,5209
44700,"Stockton-Lodi, CA",2024-04-01,73,255,72,7,407,28448,5282
44700,"Stockton-Lodi, CA",2024-05-01,67,329,87,16,499,28947,5349
44700,"Stockton-Lodi, CA",2024-06-01,73,245,72,15,405,29352,5422
44700,"Stockton-Lodi, CA",2024-07-01,102,354,108,21,585,29937,5524
44700,"Stockton-Lodi, CA",2024-08-01,81,290,89,8,468,30405,5605
44700,"Stockton-Lodi, CA",2024-09-01,98,256,56,11,421,30826,5703
44700,"Stockton-Lodi, CA",2024-10-01,85,246,37,9,377,31203,5788
44700,"Stockton-Lodi, CA",2024-11-01,100,258,40,3,401,31604,5888
44700,"Stockton-Lodi, CA",2024-12-01,105,265,42,2,414,32018,5993
44700,"Stockton-Lodi, CA",2025-01-01,111,279,60,7,457,32475,6104
44700,"Stockton-Lodi, CA",2025-02-01,100,255,46,2,403,32878,6204
44700,"Stockton-Lodi, CA",2025-03-01,107,231,45,4,387,33265,6311
44700,"Stockton-Lodi, CA",2025-04-01,117,245,25,3,390,33655,6428
44700,"Stockton-Lodi, CA",2025-05-01,125,219,31,2,377,34032,6553
44700,"Stockton-Lodi, CA",2025-06-01,100,139,26,0,265,34297,6653
44700,"Stockton-Lodi, CA",2025-07-01,98,179,29,0,306,34603,6751
44700,"Stockton-Lodi, CA",2025-08-01,81,110,16,1,208,34811,6832
33300,"Milledgeville, GA",2019-01-01,0,3,0,0,3,3,0
33300,"Milledgeville, GA",2019-02-01,0,3,1,0,4,7,0
33300,"Milledgeville, GA",2019-03-01,0,7,1,0,8,15,0
33300,"Milledgeville, GA",2019-04-01,0,5,3,1,9,24,0
33300,"Milledgeville, GA",2019-05-01,0,20,5,0,25,49,0
33300,"Milledgeville, GA",2019-06-01,1,17,3,0,21,70,1
33300,"Milledgeville, GA",2019-07-01,1,15,0,0,16,86,2
33300,"Milledgeville, GA",2019-08-01,1,23,1,0,25,111,3
33300,"Milledgeville, GA",2019-09-01,2,23,1,0,26,137,5
33300,"Milledgeville, GA",2019-10-01,3,19,4,1,27,164,8
33300,"Milledgeville, GA",2019-11-01,2,19,5,0,26,190,10
33300,"Milledgeville, GA",2019-12-01,3,17,1,0,21,211,13
33300,"Milledgeville, GA",2020-01-01,5,13,5,0,23,234,18
33300,"Milledgeville, GA",2020-02-01,7,16,1,0,24,258,25
33300,"Milledgeville, GA",2020-03-01,4,18,4,1,27,285,29
33300,"Milledgeville, GA",2020-04-01,10,37,3,0,50,335,39
33300,"Milledgeville, GA",2020-05-01,29,64,6,0,99,434,68
33300,"Milledgeville, GA",2020-06-01,19,44,2,0,65,499,87
33300,"Milledgeville, GA",2020-07-01,14,45,6,0,65,564,101
33300,"Milledgeville, GA",2020-08-01,27,51,7,1,86,650,128
33300,"Milledgeville, GA",2020-09-01,35,55,3,0,93,743,163
33300,"Milledgeville, GA",2020-10-01,12,27,4,1,44,787,175
33300,"Milledgeville, GA",2020-11-01,20,23,5,0,48,835,195
33300,"Milledgeville, GA",2020-12-01,23,32,3,0,58,893,218
33300,"Milledgeville, GA",2021-01-01,33,61,9,2,105,998,251
33300,"Milledgeville, GA",2021-02-01,37,63,6,0,106,1104,288
33300,"Milledgeville, GA",2021-03-01,31,53,5,2,91,1195,319
33300,"Milledgeville, GA",2021-04-01,35,70,11,0,116,1311,354
33300,"Milledgeville, GA",2021-05-01,33,67,9,2,111,1422,387
33300,"Milledgeville, GA",2021-06-01,25,93,13,0,131,1553,412
33300,"Milledgeville, GA",2021-07-01,32,50,9,3,94,1647,444
33300,"Milledgeville, GA",2021-08-01,22,72,14,1,109,1756,466
33300,"Milledgeville, GA",2021-09-01,17,43,9,0,69,1825,483
33300,"Milledgeville, GA",2021-10-01,24,32,4,1,61,1886,507
33300,"Milledgeville, GA",2021-11-01,25,37,5,0,67,1953,532
33300,"Milledgeville, GA",2021-12-01,43,42,16,0,101,2054,575
33300,"Milledgeville, GA",2022-01-01,28,61,11,0,100,2154,603
33300,"Milledgeville, GA",2022-02-01,33,34,11,1,79,2233,636
33300,"Milledgeville, GA",2022-03-01,29,47,10,0,86,2319,665
33300,"Milledgeville, GA",2022-04-01,32,43,12,0,87,2406,697
33300,"Milledgeville, GA",2022-05-01,45,54,8,0,107,2513,742
33300,"Milledgeville, GA",2022-06-01,24,32,12,2,70,2583,766
33300,"Milledgeville, GA",2022-07-01,18,27,10,0,55,2638,784
33300,"Milledgeville, GA",2022-08-01,28,43,11,1,83,2721,812
33300,"Milledgeville, GA",2022-09-01,35,43,13,2,93,2814,847
33300,"Milledgeville, GA",2022-10-01,37,35,5,0,77,2891,884
33300,"Milledgeville, GA",2022-11-01,27,29,6,0,62,2953,911
33300,"Milledgeville, GA",2022-12-01,25,28,10,0,63,3016,936
33300,"Milledgeville, GA",2023-01-01,26,32,14,2,74,3090,962
33300,"Milledgeville, GA",2023-02-01,33,28,5,1,67,3157,995
33300,"Milledgeville, GA",2023-03-01,39,50,11,0,100,3257,1034
33300,"Milledgeville, GA",2023-04-01,23,33,7,3,66,3323,1057
33300,"Milledgeville, GA",2023-05-01,28,27,7,1,63,3386,1085
33300,"Milledgeville, GA",2023-06-01,21,22,4,2,49,3435,1106
33300,"Milledgeville, GA",2023-07-01,23,28,12,0,63,3498,1129
33300,"Milledgeville, GA",2023-08-01,25,31,8,2,66,3564,1154
33300,"Milledgeville, GA",2023-09-01,33,34,8,1,76,3640,1187
33300,"Milledgeville, GA",2023-10-01,41,29,8,1,79,3719,1228
33300,"Milledgeville, GA",2023-11-01,27,44,7,0,78,3797,1255
33300,"Milledgeville, GA",2023-12-01,31,37,11,2,81,3878,1286
33300,"Milledgeville, GA",2024-01-01,48,41,17,2,108,3986,1334
33300,"Milledgeville, GA",2024-02-01,46,32,8,2,88,4074,1380
33300,"Milledgeville, GA",2024-03-01,44,38,19,1,102,4176,1424
33300,"Milledgeville, GA",2024-04-01,39,49,8,1,97,4273,1463
33300,"Milledgeville, GA",2024-05-01,30,37,13,0,80,4353,1493
33300,"Milledgeville, GA",2024-06-01,15,27,7,2,51,4404,1508
33300,"Milledgeville, GA",2024-07-01,9,13,5,2,29,4433,1517
33300,"Milledgeville, GA",2024-08-01,23,32,5,2,62,4495,1540
33300,"Milledgeville, GA",2024-09-01,28,30,9,0,67,4562,1568
33300,"Milledgeville, GA",2024-10-01,44,56,15,2,117,4679,1612
33300,"Milledgeville, GA",2024-11-01,48,35,7,2,92,4771,1660
33300,"Milledgeville, GA",2024-12-01,32,28,15,2,77,4848,1692
33300,"Milledgeville, GA",2025-01-01,33,37,14,0,84,4932,1725
33300,"Milledgeville, GA",2025-02-01,49,22,16,1,88,5020,1774
33300,"Milledgeville, GA",2025-03-01,51,34,15,3,103,5123,1825
33300,"Milledgeville, GA",2025-04-01,47,37,13,0,97,5220,1872
33300,"Milledgeville, GA",2025-05-01,47,53,14,0,114,5334,1919
33300,"Milledgeville, GA",2025-06-01,44,57,14,1,116,5450,1963
33300,"Milledgeville, GA",2025-07-01,35,35,8,2,80,5530,1998
33300,"Milledgeville, GA",2025-08-01,25,44,13,3,85,5615,2023
33300,"Milledgeville, GA",2025-09-01,0,1,1,0,2,5617,2023
15260,"Brunswick-St. Simons, GA",2019-01-01,0,5,2,0,7,7,0
15260,"Brunswick-St. Simons, GA",2019-02-01,0,5,1,0,6,13,0
15260,"Brunswick-St. Simons, GA",2019-03-01,0,13,3,0,16,29,0
15260,"Brunswick-St. Simons, GA",2019-04-01,0,10,3,0,13,42,0
15260,"Brunswick-St. Simons, GA",2019-05-01,0,14,8,1,23,65,0
15260,"Brunswick-St. Simons, GA",2019-06-01,0,18,4,1,23,88,0
15260,"Brunswick-St. Simons, GA",2019-07-01,5,36,8,1,50,138,5
15260,"Brunswick-St. Simons, GA",2019-08-01,3,37,15,0,55,193,8
15260,"Brunswick-St. Simons, GA",2019-09-01,3,34,7,2,46,239,11
15260,"Brunswick-St. Simons, GA",2019-10-01,1,15,6,0,22,261,12
15260,"Brunswick-St. Simons, GA",2019-11-01,0,14,8,0,22,283,12
15260,"Brunswick-St. Simons, GA",2019-12-01,3,26,8,1,38,321,15
15260,"Brunswick-St. Simons, GA",2020-01-01,2,24,9,0,35,356,17
15260,"Brunswick-St. Simons, GA",2020-02-01,0,29,8,1,38,394,17
15260,"Brunswick-St. Simons, GA",2020-03-01,4,52,15,2,73,467,21
15260,"Brunswick-St. Simons, GA",2020-04-01,10,47,16,3,76,543,31
15260,"Brunswick-St. Simons, GA",2020-05-01,20,99,25,0,144,687,51
15260,"Brunswick-St. Simons, GA",2020-06-01,16,77,10,1,104,791,67
15260,"Brunswick-St. Simons, GA",2020-07-01,27,91,11,1,130,921,94
15260,"Brunswick-St. Simons, GA",2020-08-01,24,119,44,2,189,1110,118
15260,"Brunswick-St. Simons, GA",2020-09-01,20,105,28,2,155,1265,138
15260,"Brunswick-St. Simons, GA",2020-10-01,8,45,8,3,64,1329,146
15260,"Brunswick-St. Simons, GA",2020-11-01,11,74,14,2,101,1430,157
15260,"Brunswick-St. Simons, GA",2020-12-01,15,59,17,1,92,1522,172
15260,"Brunswick-St. Simons, GA",2021-01-01,23,106,28,2,159,1681,195
15260,"Brunswick-St. Simons, GA",2021-02-01,11,90,13,1,115,1796,206
15260,"Brunswick-St. Simons, GA",2021-03-01,25,112,38,4,179,1975,231
15260,"Brunswick-St. Simons, GA",2021-04-01,33,129,26,5,193,2168,264
15260,"Brunswick-St. Simons, GA",2021-05-01,28,143,32,0,203,2371,292
15260,"Brunswick-St. Simons, GA",2021-06-01,25,121,16,2,164,2535,317
15260,"Brunswick-St. Simons, GA",2021-07-01,30,89,28,6,153,2688,347
15260,"Brunswick-St. Simons, GA",2021-08-01,26,110,29,6,171,2859,373
15260,"Brunswick-St. Simons, GA",2021-09-01,34,95,40,3,172,3031,407
15260,"Brunswick-St. Simons, GA",2021-10-01,13,71,12,6,102,3133,420
15260,"Brunswick-St. Simons, GA",2021-11-01,21,59,15,2,97,3230,441
15260,"Brunswick-St. Simons, GA",2021-12-01,32,64,21,3,120,3350,473
15260,"Brunswick-St. Simons, GA",2022-01-01,26,90,28,2,146,3496,499
15260,"Brunswick-St. Simons, GA",2022-02-01,24,68,18,0,110,3606,523
15260,"Brunswick-St. Simons, GA",2022-03-01,47,103,26,4,180,3786,570
15260,"Brunswick-St. Simons, GA",2022-04-01,32,86,27,3,148,3934,602
15260,"Brunswick-St. Simons, GA",2022-05-01,43,75,23,1,142,4076,645
15260,"Brunswick-St. Simons, GA",2022-06-01,37,84,23,1,145,4221,682
15260,"Brunswick-St. Simons, GA",2022-07-01,30,72,20,1,123,4344,712
15260,"Brunswick-St. Simons, GA",2022-08-01,28,83,19,5,135,4479,740
15260,"Brunswick-St. Simons, GA",2022-09-01,38,50,16,6,110,4589,778
15260,"Brunswick-St. Simons, GA",2022-10-01,49,88,35,6,178,4767,827
15260,"Brunswick-St. Simons, GA",2022-11-01,33,72,21,3,129,4896,860
15260,"Brunswick-St. Simons, GA",2022-12-01,27,79,26,4,136,5032,887
15260,"Brunswick-St. Simons, GA",2023-01-01,45,58,28,3,134,5166,932
15260,"Brunswick-St. Simons, GA",2023-02-01,39,65,18,1,123,5289,971
15260,"Brunswick-St. Simons, GA",2023-03-01,46,98,37,2,183,5472,1017
15260,"Brunswick-St. Simons, GA",2023-04-01,28,81,16,1,126,5598,1045
15260,"Brunswick-St. Simons, GA",2023-05-01,40,77,22,4,143,5741,1085
15260,"Brunswick-St. Simons, GA",2023-06-01,30,53,19,3,105,5846,1115
15260,"Brunswick-St. Simons, GA",2023-07-01,35,70,25,4,134,5980,1150
15260,"Brunswick-St. Simons, GA",2023-08-01,26,58,22,2,108,6088,1176
15260,"Brunswick-St. Simons, GA",2023-09-01,29,57,17,2,105,6193,1205
15260,"Brunswick-St. Simons, GA",2023-10-01,46,64,21,8,139,6332,1251
15260,"Brunswick-St. Simons, GA",2023-11-01,51,66,21,0,138,6470,1302
15260,"Brunswick-St. Simons, GA",2023-12-01,36,73,20,2,131,6601,1338
15260,"Brunswick-St. Simons, GA",2024-01-01,58,79,31,3,171,6772,1396
15260,"Brunswick-St. Simons, GA",2024-02-01,53,63,20,3,139,6911,1449
15260,"Brunswick-St. Simons, GA",2024-03-01,79,69,21,4,173,7084,1528
15260,"Brunswick-St. Simons, GA",2024-04-01,60,77,27,4,168,7252,1588
15260,"Brunswick-St. Simons, GA",2024-05-01,46,73,19,3,141,7393,1634
15260,"Brunswick-St. Simons, GA",2024-06-01,35,52,22,3,112,7505,1669
15260,"Brunswick-St. Simons, GA",2024-07-01,18,42,17,3,80,7585,1687
15260,"Brunswick-St. Simons, GA",2024-08-01,18,47,9,1,75,7660,1705
15260,"Brunswick-St. Simons, GA",2024-09-01,20,35,15,2,72,7732,1725
15260,"Brunswick-St. Simons, GA",2024-10-01,66,64,29,1,160,7892,1791
15260,"Brunswick-St. Simons, GA",2024-11-01,39,71,19,2,131,8023,1830
15260,"Brunswick-St. Simons, GA",2024-12-01,38,67,26,4,135,8158,1868
15260,"Brunswick-St. Simons, GA",2025-01-01,56,72,24,2,154,8312,1924
15260,"Brunswick-St. Simons, GA",2025-02-01,41,49,11,1,102,8414,1965
15260,"Brunswick-St. Simons, GA",2025-03-01,47,64,13,2,126,8540,2012
15260,"Brunswick-St. Simons, GA",2025-04-01,38,64,22,3,127,8667,2050
15260,"Brunswick-St. Simons, GA",2025-05-01,49,73,21,2,145,8812,2099
15260,"Brunswick-St. Simons, GA",2025-06-01,53,68,29,3,153,8965,2152
15260,"Brunswick-St. Simons, GA",2025-07-01,40,53,24,2,119,9084,2192
15260,"Brunswick-St. Simons, GA",2025-08-01,39,58,17,2,116,9200,2231
15260,"Brunswick-St. Simons, GA",2025-09-01,0,4,1,0,5,9205,2231
40940,"Safford, AZ",2019-01-01,0,0,0,1,1,1,0
40940,"Safford, AZ",2019-03-01,0,0,1,0,1,2,0
40940,"Safford, AZ",2019-04-01,0,1,1,1,3,5,0
40940,"Safford, AZ",2019-05-01,0,1,0,0,1,6,0
40940,"Safford, AZ",2019-07-01,0,1,0,0,1,7,0
40940,"Safford, AZ",2019-08-01,1,0,0,0,1,8,1
40940,"Safford, AZ",2019-10-01,0,1,0,0,1,9,1
40940,"Safford, AZ",2019-12-01,0,1,0,0,1,10,1
40940,"Safford, AZ",2020-01-01,0,1,0,1,2,12,1
40940,"Safford, AZ",2020-03-01,1,3,0,0,4,16,2
40940,"Safford, AZ",2020-04-01,1,5,0,0,6,22,3
40940,"Safford, AZ",2020-05-01,1,5,1,0,7,29,4
40940,"Safford, AZ",2020-06-01,1,5,0,0,6,35,5
40940,"Safford, AZ",2020-07-01,2,7,0,0,9,44,7
40940,"Safford, AZ",2020-08-01,1,8,0,0,9,53,8
40940,"Safford, AZ",2020-09-01,0,0,1,0,1,54,8
40940,"Safford, AZ",2020-10-01,4,9,0,0,13,67,12
40940,"Safford, AZ",2020-11-01,1,7,1,0,9,76,13
40940,"Safford, AZ",2020-12-01,2,4,2,1,9,85,15
40940,"Safford, AZ",2021-01-01,7,19,2,0,28,113,22
40940,"Safford, AZ",2021-02-01,5,6,4,0,15,128,27
40940,"Safford, AZ",2021-03-01,2,7,1,1,11,139,29
40940,"Safford, AZ",2021-04-01,4,10,5,0,19,158,33
40940,"Safford, AZ",2021-05-01,8,10,4,1,23,181,41
40940,"Safford, AZ",2021-06-01,5,14,3,0,22,203,46
40940,"Safford, AZ",2021-07-01,6,25,2,2,35,238,52
40940,"Safford, AZ",2021-08-01,7,16,2,0,25,263,59
40940,"Safford, AZ",2021-09-01,10,12,6,0,28,291,69
40940,"Safford, AZ",2021-10-01,3,14,1,1,19,310,72
40940,"Safford, AZ",2021-11-01,4,12,4,1,21,331,76
40940,"Safford, AZ",2021-12-01,13,16,2,0,31,362,89
40940,"Safford, AZ",2022-01-01,16,13,2,1,32,394,105
40940,"Safford, AZ",2022-02-01,7,8,2,0,17,411,112
40940,"Safford, AZ",2022-03-01,13,15,4,0,32,443,125
40940,"Safford, AZ",2022-04-01,7,9,1,0,17,460,132
40940,"Safford, AZ",2022-05-01,8,16,1,0,25,485,140
40940,"Safford, AZ",2022-06-01,3,12,1,0,16,501,143
40940,"Safford, AZ",2022-07-01,3,6,2,1,12,513,146
40940,"Safford, AZ",2022-08-01,10,12,4,2,28,541,156
40940,"Safford, AZ",2022-09-01,5,11,4,0,20,561,161
40940,"Safford, AZ",2022-10-01,12,11,3,1,27,588,173
40940,"Safford, AZ",2022-11-01,12,9,4,0,25,613,185
40940,"Safford, AZ",2022-12-01,4,8,3,0,15,628,189
40940,"Safford, AZ",2023-01-01,10,14,2,0,26,654,199
40940,"Safford, AZ",2023-02-01,7,5,2,0,14,668,206
40940,"Safford, AZ",2023-03-01,13,8,6,0,27,695,219
40940,"Safford, AZ",2023-04-01,15,12,1,0,28,723,234
40940,"Safford, AZ",2023-05-01,7,11,1,0,19,742,241
40940,"Safford, AZ",2023-06-01,9,14,1,0,24,766,250
40940,"Safford, AZ",2023-07-01,2,9,1,0,12,778,252
40940,"Safford, AZ",2023-08-01,5,14,6,0,25,803,257
40940,"Safford, AZ",2023-09-01,8,8,4,0,20,823,265
40940,"Safford, AZ",2023-10-01,15,5,2,0,22,845,280
40940,"Safford, AZ",2023-11-01,7,8,3,1,19,864,287
40940,"Safford, AZ",2023-12-01,10,13,4,0,27,891,297
40940,"Safford, AZ",2024-01-01,13,11,5,1,30,921,310
40940,"Safford, AZ",2024-02-01,13,8,2,0,23,944,323
40940,"Safford, AZ",2024-03-01,11,9,6,0,26,970,334
40940,"Safford, AZ",2024-04-01,6,8,2,0,16,986,340
40940,"Safford, AZ",2024-05-01,10,13,2,0,25,1011,350
40940,"Safford, AZ",2024-06-01,8,11,7,0,26,1037,358
40940,"Safford, AZ",2024-07-01,6,5,3,0,14,1051,364
40940,"Safford, AZ",2024-08-01,9,8,4,0,21,1072,373
40940,"Safford, AZ",2024-09-01,13,15,4,1,33,1105,386
40940,"Safford, AZ",2024-10-01,14,18,3,1,36,1141,400
40940,"Safford, AZ",2024-11-01,20,10,1,0,31,1172,420
40940,"Safford, AZ",2024-12-01,10,10,4,0,24,1196,430
40940,"Safford, AZ",2025-01-01,12,12,4,0,28,1224,442
40940,"Safford, AZ",2025-02-01,13,5,3,3,24,1248,455
40940,"Safford, AZ",2025-03-01,15,17,1,0,33,1281,470
40940,"Safford, AZ",2025-04-01,18,17,5,0,40,1321,488
40940,"Safford, AZ",2025-05-01,14,17,5,1,37,1358,502
40940,"Safford, AZ",2025-06-01,15,15,5,0,35,1393,517
40940,"Safford, AZ",2025-07-01,20,11,7,0,38,1431,537
40940,"Safford, AZ",2025-08-01,18,20,3,0,41,1472,555
40940,"Safford, AZ",2025-09-01,0,1,0,0,1,1473,555
24420,"Grants Pass, OR",2019-01-01,0,8,8,1,17,17,0
24420,"Grants Pass, OR",2019-02-01,0,10,6,1,17,34,0
24420,"Grants Pass, OR",2019-03-01,1,14,6,1,22,56,1
24420,"Grants Pass, OR",2019-04-01,1,38,7,0,46,102,2
24420,"Grants Pass, OR",2019-05-01,3,35,5,0,43,145,5
24420,"Grants Pass, OR",2019-06-01,3,14,8,0,25,170,8
24420,"Grants Pass, OR",2019-07-01,1,14,4,1,20,190,9
24420,"Grants Pass, OR",2019-08-01,1,27,9,1,38,228,10
24420,"Grants Pass, OR",2019-09-01,1,29,8,1,39,267,11
24420,"Grants Pass, OR",2019-10-01,4,26,11,2,43,310,15
24420,"Grants Pass, OR",2019-11-01,4,27,3,2,36,346,19
24420,"Grants Pass, OR",2019-12-01,2,19,8,1,30,376,21
24420,"Grants Pass, OR",2020-01-01,6,32,16,0,54,430,27
24420,"Grants Pass, OR",2020-02-01,10,23,10,0,43,473,37
24420,"Grants Pass, OR",2020-03-01,6,37,8,1,52,525,43
24420,"Grants Pass, OR",2020-04-01,34,94,29,4,161,686,77
24420,"Grants Pass, OR",2020-05-01,33,89,19,5,146,832,110
24420,"Grants Pass, OR",2020-06-01,21,60,15,4,100,932,131
24420,"Grants Pass, OR",2020-07-01,20,56,17,1,94,1026,151
24420,"Grants Pass, OR",2020-08-01,30,78,25,3,136,1162,181
24420,"Grants Pass, OR",2020-09-01,19,55,22,1,97,1259,200
24420,"Grants Pass, OR",2020-10-01,18,48,17,3,86,1345,218
24420,"Grants Pass, OR",2020-11-01,12,33,17,1,63,1408,230
24420,"Grants Pass, OR",2020-12-01,7,41,9,1,58,1466,237
24420,"Grants Pass, OR",2021-01-01,39,71,25,3,138,1604,276
24420,"Grants Pass, OR",2021-02-01,18,41,10,3,72,1676,294
24420,"Grants Pass, OR",2021-03-01,40,73,24,2,139,1815,334
24420,"Grants Pass, OR",2021-04-01,24,60,9,0,93,1908,358
24420,"Grants Pass, OR",2021-05-01,28,58,10,4,100,2008,386
24420,"Grants Pass, OR",2021-06-01,22,78,20,4,124,2132,408
24420,"Grants Pass, OR",2021-07-01,26,75,30,4,135,2267,434
24420,"Grants Pass, OR",2021-08-01,18,80,24,1,123,2390,452
24420,"Grants Pass, OR",2021-09-01,19,58,23,3,103,2493,471
24420,"Grants Pass, OR",2021-10-01,7,36,12,1,56,2549,478
24420,"Grants Pass, OR",2021-11-01,16,32,9,1,58,2607,494
24420,"Grants Pass, OR",2021-12-01,15,40,18,2,75,2682,509
24420,"Grants Pass, OR",2022-01-01,14,53,22,4,93,2775,523
24420,"Grants Pass, OR",2022-02-01,8,29,7,3,47,2822,531
24420,"Grants Pass, OR",2022-03-01,11,39,17,1,68,2890,542
24420,"Grants Pass, OR",2022-04-01,13,28,5,1,47,2937,555
24420,"Grants Pass, OR",2022-05-01,15,35,20,2,72,3009,570
24420,"Grants Pass, OR",2022-06-01,25,47,11,1,84,3093,595
24420,"Grants Pass, OR",2022-07-01,26,70,18,2,116,3209,621
24420,"Grants Pass, OR",2022-08-01,45,79,35,3,162,3371,666
24420,"Grants Pass, OR",2022-09-01,31,55,31,3,120,3491,697
24420,"Grants Pass, OR",2022-10-01,21,41,11,2,75,3566,718
24420,"Grants Pass, OR",2022-11-01,27,51,18,2,98,3664,745
24420,"Grants Pass, OR",2022-12-01,26,61,18,1,106,3770,771
24420,"Grants Pass, OR",2023-01-01,14,65,17,0,96,3866,785
24420,"Grants Pass, OR",2023-02-01,29,28,14,1,72,3938,814
24420,"Grants Pass, OR",2023-03-01,32,57,26,4,119,4057,846
24420,"Grants Pass, OR",2023-04-01,9,25,11,2,47,4104,855
24420,"Grants Pass, OR",2023-05-01,13,9,6,0,28,4132,868
24420,"Grants Pass, OR",2023-06-01,9,26,10,2,47,4179,877
24420,"Grants Pass, OR",2023-07-01,10,22,5,1,38,4217,887
24420,"Grants Pass, OR",2023-08-01,13,20,12,2,47,4264,900
24420,"Grants Pass, OR",2023-09-01,15,26,14,0,55,4319,915
24420,"Grants Pass, OR",2023-10-01,21,39,7,3,70,4389,936
24420,"Grants Pass, OR",2023-11-01,25,40,24,1,90,4479,961
24420,"Grants Pass, OR",2023-12-01,30,38,12,1,81,4560,991
24420,"Grants Pass, OR",2024-01-01,28,51,18,1,98,4658,1019
24420,"Grants Pass, OR",2024-02-01,29,34,7,4,74,4732,1048
24420,"Grants Pass, OR",2024-03-01,38,42,17,3,100,4832,1086
24420,"Grants Pass, OR",2024-04-01,19,35,10,0,64,4896,1105
24420,"Grants Pass, OR",2024-05-01,19,43,14,0,76,4972,1124
24420,"Grants Pass, OR",2024-06-01,40,37,11,2,90,5062,1164
24420,"Grants Pass, OR",2024-07-01,37,54,20,4,115,5177,1201
24420,"Grants Pass, OR",2024-08-01,15,23,3,0,41,5218,1216
24420,"Grants Pass, OR",2024-09-01,21,24,6,0,51,5269,1237
24420,"Grants Pass, OR",2024-10-01,36,39,12,3,90,5359,1273
24420,"Grants Pass, OR",2024-11-01,37,42,20,2,101,5460,1310
24420,"Grants Pass, OR",2024-12-01,28,51,21,2,102,5562,1338
24420,"Grants Pass, OR",2025-01-01,38,53,18,3,112,5674,1376
24420,"Grants Pass, OR",2025-02-01,48,45,13,5,111,5785,1424
24420,"Grants Pass, OR",2025-03-01,35,38,18,0,91,5876,1459
24420,"Grants Pass, OR",2025-04-01,34,31,10,3,78,5954,1493
24420,"Grants Pass, OR",2025-05-01,43,48,16,2,109,6063,1536
24420,"Grants Pass, OR",2025-06-01,45,60,13,3,121,6184,1581
24420,"Grants Pass, OR",2025-07-01,54,56,19,2,131,6315,1635
24420,"Grants Pass, OR",2025-08-01,28,34,14,2,78,6393,1663
15660,"Calhoun, GA",2019-01-01,0,7,0,1,8,8,0
15660,"Calhoun, GA",2019-02-01,0,3,0,0,3,11,0
15660,"Calhoun, GA",2019-03-01,0,5,2,0,7,18,0
15660,"Calhoun, GA",2019-04-01,0,10,6,0,16,34,0
15660,"Calhoun, GA",2019-05-01,0,12,4,2,18,52,0
15660,"Calhoun, GA",2019-06-01,0,8,3,1,12,64,0
15660,"Calhoun, GA",2019-07-01,2,23,6,1,32,96,2
15660,"Calhoun, GA",2019-08-01,3,15,0,0,18,114,5
15660,"Calhoun, GA",2019-09-01,0,17,5,0,22,136,5
15660,"Calhoun, GA",2019-10-01,2,27,4,0,33,169,7
15660,"Calhoun, GA",2019-11-01,2,21,4,0,27,196,9
15660,"Calhoun, GA",2019-12-01,0,18,4,0,22,218,9
15660,"Calhoun, GA",2020-01-01,1,17,6,0,24,242,10
15660,"Calhoun, GA",2020-02-01,2,29,7,0,38,280,12
15660,"Calhoun, GA",2020-03-01,5,27,6,0,38,318,17
15660,"Calhoun, GA",2020-04-01,5,34,9,0,48,366,22
15660,"Calhoun, GA",2020-05-01,10,69,17,2,98,464,32
15660,"Calhoun, GA",2020-06-01,9,43,8,2,62,526,41
15660,"Calhoun, GA",2020-07-01,7,54,7,0,68,594,48
15660,"Calhoun, GA",2020-08-01,7,66,21,1,95,689,55
15660,"Calhoun, GA",2020-09-01,14,67,18,1,100,789,69
15660,"Calhoun, GA",2020-10-01,8,46,8,0,62,851,77
15660,"Calhoun, GA",2020-11-01,5,36,10,4,55,906,82
15660,"Calhoun, GA",2020-12-01,14,44,7,0,65,971,96
15660,"Calhoun, GA",2021-01-01,21,78,22,1,122,1093,117
15660,"Calhoun, GA",2021-02-01,14,52,8,0,74,1167,131
15660,"Calhoun, GA",2021-03-01,24,76,13,0,113,1280,155
15660,"Calhoun, GA",2021-04-01,20,100,17,2,139,1419,175
15660,"Calhoun, GA",2021-05-01,21,85,26,2,134,1553,196
15660,"Calhoun, GA",2021-06-01,17,78,17,1,113,1666,213
15660,"Calhoun, GA",2021-07-01,20,70,20,0,110,1776,233
15660,"Calhoun, GA",2021-08-01,22,69,23,4,118,1894,255
15660,"Calhoun, GA",2021-09-01,20,65,18,1,104,1998,275
15660,"Calhoun, GA",2021-10-01,11,36,12,1,60,2058,286
15660,"Calhoun, GA",2021-11-01,22,55,13,2,92,2150,308
15660,"Calhoun, GA",2021-12-01,19,67,13,0,99,2249,327
15660,"Calhoun, GA",2022-01-01,28,63,21,3,115,2364,355
15660,"Calhoun, GA",2022-02-01,9,48,11,1,69,2433,364
15660,"Calhoun, GA",2022-03-01,37,60,16,4,117,2550,401
15660,"Calhoun, GA",2022-04-01,19,82,23,1,125,2675,420
15660,"Calhoun, GA",2022-05-01,23,59,21,1,104,2779,443
15660,"Calhoun, GA",2022-06-01,27,40,15,1,83,2862,470
15660,"Calhoun, GA",2022-07-01,13,36,16,0,65,2927,483
15660,"Calhoun, GA",2022-08-01,14,48,14,1,77,3004,497
15660,"Calhoun, GA",2022-09-01,20,45,22,1,88,3092,517
15660,"Calhoun, GA",2022-10-01,25,46,19,2,92,3184,542
15660,"Calhoun, GA",2022-11-01,24,64,21,0,109,3293,566
15660,"Calhoun, GA",2022-12-01,33,46,21,1,101,3394,599
15660,"Calhoun, GA",2023-01-01,27,65,25,1,118,3512,626
15660,"Calhoun, GA",2023-02-01,29,47,13,5,94,3606,655
15660,"Calhoun, GA",2023-03-01,31,67,21,2,121,3727,686
15660,"Calhoun, GA",2023-04-01,17,43,19,0,79,3806,703
15660,"Calhoun, GA",2023-05-01,17,37,13,1,68,3874,720
15660,"Calhoun, GA",2023-06-01,6,23,4,0,33,3907,726
15660,"Calhoun, GA",2023-07-01,18,27,13,2,60,3967,744
15660,"Calhoun, GA",2023-08-01,15,28,15,0,58,4025,759
15660,"Calhoun, GA",2023-09-01,23,33,12,3,71,4096,782
15660,"Calhoun, GA",2023-10-01,22,50,14,4,90,4186,804
15660,"Calhoun, GA",2023-11-01,40,57,19,3,119,4305,844
15660,"Calhoun, GA",2023-12-01,37,57,21,3,118,4423,881
15660,"Calhoun, GA",2024-01-01,31,61,21,4,117,4540,912
15660,"Calhoun, GA",2024-02-01,58,43,19,2,122,4662,970
15660,"Calhoun, GA",2024-03-01,47,53,10,0,110,4772,1017
15660,"Calhoun, GA",2024-04-01,35,47,7,2,91,4863,1052
15660,"Calhoun, GA",2024-05-01,29,43,9,1,82,4945,1081
15660,"Calhoun, GA",2024-06-01,20,41,9,0,70,5015,1101
15660,"Calhoun, GA",2024-07-01,14,26,6,2,48,5063,1115
15660,"Calhoun, GA",2024-08-01,13,29,10,0,52,5115,1128
15660,"Calhoun, GA",2024-09-01,19,27,12,1,59,5174,1147
15660,"Calhoun, GA",2024-10-01,40,65,30,1,136,5310,1187
15660,"Calhoun, GA",2024-11-01,34,65,14,1,114,5424,1221
15660,"Calhoun, GA",2024-12-01,39,63,21,3,126,5550,1260
15660,"Calhoun, GA",2025-01-01,22,33,22,0,77,5627,1282
15660,"Calhoun, GA",2025-02-01,16,44,13,2,75,5702,1298
15660,"Calhoun, GA",2025-03-01,31,41,20,3,95,5797,1329
15660,"Calhoun, GA",2025-04-01,27,50,14,3,94,5891,1356
15660,"Calhoun, GA",2025-05-01,39,59,16,2,116,6007,1395
15660,"Calhoun, GA",2025-06-01,20,47,18,2,87,6094,1415
15660,"Calhoun, GA",2025-07-01,18,39,16,2,75,6169,1433
15660,"Calhoun, GA",2025-08-01,24,40,17,1,82,6251,1457
15660,"Calhoun, GA",2025-09-01,1,1,1,0,3,6254,1458
39960,"Rice Lake, WI",2019-03-01,0,0,1,0,1,1,0
39960,"Rice Lake, WI",2019-04-01,0,1,0,0,1,2,0
39960,"Rice Lake, WI",2019-05-01,0,1,0,0,1,3,0
39960,"Rice Lake, WI",2019-06-01,0,1,1,1,3,6,0
39960,"Rice Lake, WI",2019-09-01,0,1,0,0,1,7,0
39960,"Rice Lake, WI",2020-01-01,0,1,1,0,2,9,0
39960,"Rice Lake, WI",2020-02-01,0,2,1,0,3,12,0
39960,"Rice Lake, WI",2020-03-01,0,2,0,0,2,14,0
39960,"Rice Lake, WI",2020-04-01,1,2,2,0,5,19,1
39960,"Rice Lake, WI",2020-05-01,0,3,0,0,3,22,1
39960,"Rice Lake, WI",2020-07-01,0,1,1,0,2,24,1
39960,"Rice Lake, WI",2020-08-01,0,3,3,0,6,30,1
39960,"Rice Lake, WI",2020-09-01,1,2,1,0,4,34,2
39960,"Rice Lake, WI",2020-10-01,1,1,0,0,2,36,3
39960,"Rice Lake, WI",2020-11-01,1,3,0,0,4,40,4
39960,"Rice Lake, WI",2020-12-01,1,3,0,1,5,45,5
39960,"Rice Lake, WI",2021-01-01,0,5,0,0,5,50,5
39960,"Rice Lake, WI",2021-02-01,1,3,1,0,5,55,6
39960,"Rice Lake, WI",2021-03-01,1,5,2,1,9,64,7
39960,"Rice Lake, WI",2021-04-01,4,3,0,0,7,71,11
39960,"Rice Lake, WI",2021-05-01,5,8,2,1,16,87,16
39960,"Rice Lake, WI",2021-06-01,7,14,6,0,27,114,23
39960,"Rice Lake, WI",2021-07-01,8,12,1,0,21,135,31
39960,"Rice Lake, WI",2021-08-01,5,14,2,1,22,157,36
39960,"Rice Lake, WI",2021-09-01,9,12,8,0,29,186,45
39960,"Rice Lake, WI",2021-10-01,8,10,6,0,24,210,53
39960,"Rice Lake, WI",2021-11-01,4,18,2,0,24,234,57
39960,"Rice Lake, WI",2021-12-01,8,14,4,2,28,262,65
39960,"Rice Lake, WI",2022-01-01,9,8,6,0,23,285,74
39960,"Rice Lake, WI",2022-02-01,5,10,1,1,17,302,79
39960,"Rice Lake, WI",2022-03-01,4,17,1,0,22,324,83
39960,"Rice Lake, WI",2022-04-01,5,8,6,1,20,344,88
39960,"Rice Lake, WI",2022-05-01,10,11,3,0,24,368,98
39960,"Rice Lake, WI",2022-06-01,6,7,1,1,15,383,104
39960,"Rice Lake, WI",2022-07-01,4,15,4,0,23,406,108
39960,"Rice Lake, WI",2022-08-01,13,20,2,0,35,441,121
39960,"Rice Lake, WI",2022-09-01,7,9,5,0,21,462,128
39960,"Rice Lake, WI",2022-10-01,9,14,4,0,27,489,137
39960,"Rice Lake, WI",2022-11-01,8,8,3,0,19,508,145
39960,"Rice Lake, WI",2022-12-01,9,16,4,0,29,537,154
39960,"Rice Lake, WI",2023-01-01,8,11,4,1,24,561,162
39960,"Rice Lake, WI",2023-02-01,7,12,3,0,22,583,169
39960,"Rice Lake, WI",2023-03-01,4,11,4,2,21,604,173
39960,"Rice Lake, WI",2023-04-01,11,13,6,0,30,634,184
39960,"Rice Lake, WI",2023-05-01,7,11,3,1,22,656,191
39960,"Rice Lake, WI",2023-06-01,11,16,2,0,29,685,202
39960,"Rice Lake, WI",2023-07-01,10,7,3,0,20,705,212
39960,"Rice Lake, WI",2023-08-01,8,11,2,0,21,726,220
39960,"Rice Lake, WI",2023-09-01,13,12,3,0,28,754,233
39960,"Rice Lake, WI",2023-10-01,8,14,1,1,24,778,241
39960,"Rice Lake, WI",2023-11-01,9,15,4,0,28,806,250
39960,"Rice Lake, WI",2023-12-01,2,9,2,0,13,819,252
39960,"Rice Lake, WI",2024-01-01,8,10,1,0,19,838,260
39960,"Rice Lake, WI",2024-02-01,4,9,3,1,17,855,264
39960,"Rice Lake, WI",2024-03-01,12,8,5,1,26,881,276
39960,"Rice Lake, WI",2024-04-01,6,9,4,0,19,900,282
39960,"Rice Lake, WI",2024-05-01,2,6,1,0,9,909,284
39960,"Rice Lake, WI",2024-06-01,3,2,2,0,7,916,287
39960,"Rice Lake, WI",2024-07-01,2,2,0,0,4,920,289
39960,"Rice Lake, WI",2024-08-01,10,11,2,0,23,943,299
39960,"Rice Lake, WI",2024-09-01,6,6,5,2,19,962,305
39960,"Rice Lake, WI",2024-10-01,8,3,0,0,11,973,313
39960,"Rice Lake, WI",2024-11-01,5,4,4,0,13,986,318
39960,"Rice Lake, WI",2024-12-01,6,13,2,0,21,1007,324
39960,"Rice Lake, WI",2025-01-01,10,7,4,0,21,1028,334
39960,"Rice Lake, WI",2025-02-01,13,7,3,0,23,1051,347
39960,"Rice Lake, WI",2025-03-01,19,6,3,0,28,1079,366
39960,"Rice Lake, WI",2025-04-01,13,7,1,0,21,1100,379
39960,"Rice Lake, WI",2025-05-01,9,18,4,0,31,1131,388
39960,"Rice Lake, WI",2025-06-01,14,12,1,0,27,1158,402
39960,"Rice Lake, WI",2025-07-01,10,12,6,1,29,1187,412
39960,"Rice Lake, WI",2025-08-01,7,9,2,1,19,1206,419
32660,"McMinnville, TN",2019-01-01,0,1,0,0,1,1,0
32660,"McMinnville, TN",2019-02-01,0,1,1,0,2,3,0
32660,"McMinnville, TN",2019-03-01,0,3,1,0,4,7,0
32660,"McMinnville, TN",2019-04-01,0,0,1,0,1,8,0
32660,"McMinnville, TN",2019-05-01,0,3,1,0,4,12,0
32660,"McMinnville, TN",2019-07-01,0,3,0,0,3,15,0
32660,"McMinnville, TN",2019-09-01,0,2,0,0,2,17,0
32660,"McMinnville, TN",2019-10-01,0,2,1,0,3,20,0
32660,"McMinnville, TN",2019-11-01,0,1,0,0,1,21,0
32660,"McMinnville, TN",2019-12-01,0,2,0,0,2,23,0
32660,"McMinnville, TN",2020-01-01,0,2,0,0,2,25,0
32660,"McMinnville, TN",2020-03-01,0,1,0,0,1,26,0
32660,"McMinnville, TN",2020-04-01,1,3,1,0,5,31,1
32660,"McMinnville, TN",2020-05-01,1,7,1,0,9,40,2
32660,"McMinnville, TN",2020-06-01,1,4,1,0,6,46,3
32660,"McMinnville, TN",2020-07-01,0,2,4,0,6,52,3
32660,"McMinnville, TN",2020-08-01,1,7,1,0,9,61,4
32660,"McMinnville, TN",2020-09-01,0,9,3,0,12,73,4
32660,"McMinnville, TN",2020-10-01,0,7,4,0,11,84,4
32660,"McMinnville, TN",2020-11-01,0,13,1,0,14,98,4
32660,"McMinnville, TN",2020-12-01,4,19,2,0,25,123,8
32660,"McMinnville, TN",2021-01-01,6,18,7,0,31,154,14
32660,"McMinnville, TN",2021-02-01,3,17,4,0,24,178,17
32660,"McMinnville, TN",2021-03-01,9,16,3,0,28,206,26
32660,"McMinnville, TN",2021-04-01,8,18,3,0,29,235,34
32660,"McMinnville, TN",2021-05-01,6,33,3,1,43,278,40
32660,"McMinnville, TN",2021-06-01,7,19,5,0,31,309,47
32660,"McMinnville, TN",2021-07-01,3,31,7,0,41,350,50
32660,"McMinnville, TN",2021-08-01,7,18,6,0,31,381,57
32660,"McMinnville, TN",2021-09-01,8,17,4,0,29,410,65
32660,"McMinnville, TN",2021-10-01,8,17,5,2,32,442,73
32660,"McMinnville, TN",2021-11-01,8,16,8,0,32,474,81
32660,"McMinnville, TN",2021-12-01,11,21,10,1,43,517,92
32660,"McMinnville, TN",2022-01-01,10,24,12,0,46,563,102
32660,"McMinnville, TN",2022-02-01,3,13,7,0,23,586,105
32660,"McMinnville, TN",2022-03-01,5,19,7,1,32,618,110
32660,"McMinnville, TN",2022-04-01,4,14,2,1,21,639,114
32660,"McMinnville, TN",2022-05-01,8,22,8,0,38,677,122
32660,"McMinnville, TN",2022-06-01,10,13,4,0,27,704,132
32660,"McMinnville, TN",2022-07-01,8,20,2,0,30,734,140
32660,"McMinnville, TN",2022-08-01,7,14,4,1,26,760,147
32660,"McMinnville, TN",2022-09-01,6,18,4,1,29,789,153
32660,"McMinnville, TN",2022-10-01,8,14,7,0,29,818,161
32660,"McMinnville, TN",2022-11-01,10,14,3,0,27,845,171
32660,"McMinnville, TN",2022-12-01,10,16,8,0,34,879,181
32660,"McMinnville, TN",2023-01-01,8,18,7,1,34,913,189
32660,"McMinnville, TN",2023-02-01,4,19,8,0,31,944,193
32660,"McMinnville, TN",2023-03-01,15,27,8,0,50,994,208
32660,"McMinnville, TN",2023-04-01,10,26,8,0,44,1038,218
32660,"McMinnville, TN",2023-05-01,8,27,2,0,37,1075,226
32660,"McMinnville, TN",2023-06-01,7,14,6,1,28,1103,233
32660,"McMinnville, TN",2023-07-01,5,14,5,1,25,1128,238
32660,"McMinnville, TN",2023-08-01,2,5,3,0,10,1138,240
32660,"McMinnville, TN",2023-09-01,2,8,2,0,12,1150,242
32660,"McMinnville, TN",2023-10-01,5,22,5,0,32,1182,247
32660,"McMinnville, TN",2023-11-01,15,30,3,0,48,1230,262
32660,"McMinnville, TN",2023-12-01,16,21,8,0,45,1275,278
32660,"McMinnville, TN",2024-01-01,15,21,6,2,44,1319,293
32660,"McMinnville, TN",2024-02-01,11,17,3,0,31,1350,304
32660,"McMinnville, TN",2024-03-01,12,17,6,0,35,1385,316
32660,"McMinnville, TN",2024-04-01,3,23,5,0,31,1416,319
32660,"McMinnville, TN",2024-05-01,10,17,2,0,29,1445,329
32660,"McMinnville, TN",2024-06-01,11,10,4,0,25,1470,340
32660,"McMinnville, TN",2024-07-01,7,9,6,0,22,1492,347
32660,"McMinnville, TN",2024-08-01,4,13,4,0,21,1513,351
32660,"McMinnville, TN",2024-09-01,16,13,6,1,36,1549,367
32660,"McMinnville, TN",2024-10-01,19,15,7,0,41,1590,386
32660,"McMinnville, TN",2024-11-01,16,21,8,0,45,1635,402
32660,"McMinnville, TN",2024-12-01,14,27,12,1,54,1689,416
32660,"McMinnville, TN",2025-01-01,19,26,7,0,52,1741,435
32660,"McMinnville, TN",2025-02-01,23,14,11,0,48,1789,458
32660,"McMinnville, TN",2025-03-01,15,20,8,0,43,1832,473
32660,"McMinnville, TN",2025-04-01,18,14,5,1,38,1870,491
32660,"McMinnville, TN",2025-05-01,16,21,8,1,46,1916,507
32660,"McMinnville, TN",2025-06-01,21,18,8,0,47,1963,528
32660,"McMinnville, TN",2025-07-01,21,24,6,0,51,2014,549
32660,"McMinnville, TN",2025-08-01,20,16,5,1,42,2056,569
32660,"McMinnville, TN",2025-09-01,3,0,0,0,3,2059,572
27140,"Jackson, MS",2019-01-01,1,21,13,1,36,36,1
27140,"Jackson, MS",2019-02-01,0,32,11,1,44,80,1
27140,"Jackson, MS",2019-03-01,2,51,9,1,63,143,3
27140,"Jackson, MS",2019-04-01,2,46,14,1,63,206,5
27140,"Jackson, MS",2019-05-01,1,66,10,0,77,283,6
27140,"Jackson, MS",2019-06-01,0,41,7,0,48,331,6
27140,"Jackson, MS",2019-07-01,1,47,11,1,60,391,7
27140,"Jackson, MS",2019-08-01,2,32,11,2,47,438,9
27140,"Jackson, MS",2019-09-01,1,33,8,2,44,482,10
27140,"Jackson, MS",2019-10-01,5,47,12,0,64,546,15
27140,"Jackson, MS",2019-11-01,4,79,14,0,97,643,19
27140,"Jackson, MS",2019-12-01,9,63,11,0,83,726,28
27140,"Jackson, MS",2020-01-01,7,63,3,1,74,800,35
27140,"Jackson, MS",2020-02-01,7,51,9,1,68,868,42
27140,"Jackson, MS",2020-03-01,8,87,21,2,118,986,50
27140,"Jackson, MS",2020-04-01,25,139,28,1,193,1179,75
27140,"Jackson, MS",2020-05-01,45,270,34,4,353,1532,120
27140,"Jackson, MS",2020-06-01,54,206,34,3,297,1829,174
27140,"Jackson, MS",2020-07-01,64,204,32,7,307,2136,238
27140,"Jackson, MS",2020-08-01,63,405,50,10,528,2664,301
27140,"Jackson, MS",2020-09-01,66,310,39,5,420,3084,367
27140,"Jackson, MS",2020-10-01,62,189,29,4,284,3368,429
27140,"Jackson, MS",2020-11-01,52,166,37,2,257,3625,481
27140,"Jackson, MS",2020-12-01,73,231,29,3,336,3961,554
27140,"Jackson, MS",2021-01-01,113,325,71,7,516,4477,667
27140,"Jackson, MS",2021-02-01,71,249,42,2,364,4841,738
27140,"Jackson, MS",2021-03-01,103,271,54,5,433,5274,841
27140,"Jackson, MS",2021-04-01,124,377,53,3,557,5831,965
27140,"Jackson, MS",2021-05-01,146,411,63,6,626,6457,1111
27140,"Jackson, MS",2021-06-01,123,476,70,7,676,7133,1234
27140,"Jackson, MS",2021-07-01,144,490,84,10,728,7861,1378
27140,"Jackson, MS",2021-08-01,107,464,81,6,658,8519,1485
27140,"Jackson, MS",2021-09-01,102,431,73,10,616,9135,1587
27140,"Jackson, MS",2021-10-01,85,317,70,9,481,9616,1672
27140,"Jackson, MS",2021-11-01,105,302,44,2,453,10069,1777
27140,"Jackson, MS",2021-12-01,143,301,58,8,510,10579,1920
27140,"Jackson, MS",2022-01-01,134,361,78,5,578,11157,2054
27140,"Jackson, MS",2022-02-01,118,257,63,6,444,11601,2172
27140,"Jackson, MS",2022-03-01,134,375,67,3,579,12180,2306
27140,"Jackson, MS",2022-04-01,145,398,71,4,618,12798,2451
27140,"Jackson, MS",2022-05-01,138,374,66,14,592,13390,2589
27140,"Jackson, MS",2022-06-01,109,258,56,5,428,13818,2698
27140,"Jackson, MS",2022-07-01,111,258,52,6,427,14245,2809
27140,"Jackson, MS",2022-08-01,109,249,66,11,435,14680,2918
27140,"Jackson, MS",2022-09-01,117,289,41,4,451,15131,3035
27140,"Jackson, MS",2022-10-01,116,284,58,7,465,15596,3151
27140,"Jackson, MS",2022-11-01,110,231,59,5,405,16001,3261
27140,"Jackson, MS",2022-12-01,187,275,63,3,528,16529,3448
27140,"Jackson, MS",2023-01-01,147,238,59,10,454,16983,3595
27140,"Jackson, MS",2023-02-01,134,255,43,4,436,17419,3729
27140,"Jackson, MS",2023-03-01,157,356,64,6,583,18002,3886
27140,"Jackson, MS",2023-04-01,156,302,50,9,517,18519,4042
27140,"Jackson, MS",2023-05-01,161,281,52,5,499,19018,4203
27140,"Jackson, MS",2023-06-01,96,149,35,5,285,19303,4299
27140,"Jackson, MS",2023-07-01,107,163,38,4,312,19615,4406
27140,"Jackson, MS",2023-08-01,106,203,55,3,367,19982,4512
27140,"Jackson, MS",2023-09-01,144,233,66,7,450,20432,4656
27140,"Jackson, MS",2023-10-01,140,230,55,6,431,20863,4796
27140,"Jackson, MS",2023-11-01,184,262,83,6,535,21398,4980
27140,"Jackson, MS",2023-12-01,223,268,67,10,568,21966,5203
27140,"Jackson, MS",2024-01-01,208,255,53,9,525,22491,5411
27140,"Jackson, MS",2024-02-01,187,213,53,6,459,22950,5598
27140,"Jackson, MS",2024-03-01,211,238,64,9,522,23472,5809
27140,"Jackson, MS",2024-04-01,180,225,53,6,464,23936,5989
27140,"Jackson, MS",2024-05-01,265,301,56,9,631,24567,6254
27140,"Jackson, MS",2024-06-01,219,300,72,8,599,25166,6473
27140,"Jackson, MS",2024-07-01,187,279,73,8,547,25713,6660
27140,"Jackson, MS",2024-08-01,173,258,59,5,495,26208,6833
27140,"Jackson, MS",2024-09-01,196,252,65,7,520,26728,7029
27140,"Jackson, MS",2024-10-01,218,296,70,5,589,27317,7247
27140,"Jackson, MS",2024-11-01,246,300,78,11,635,27952,7493
27140,"Jackson, MS",2024-12-01,244,274,73,4,595,28547,7737
27140,"Jackson, MS",2025-01-01,236,218,65,5,524,29071,7973
27140,"Jackson, MS",2025-02-01,193,185,54,8,440,29511,8166
27140,"Jackson, MS",2025-03-01,268,257,71,10,606,30117,8434
27140,"Jackson, MS",2025-04-01,265,251,68,12,596,30713,8699
27140,"Jackson, MS",2025-05-01,270,290,68,8,636,31349,8969
27140,"Jackson, MS",2025-06-01,291,264,71,12,638,31987,9260
27140,"Jackson, MS",2025-07-01,277,245,84,10,616,32603,9537
27140,"Jackson, MS",2025-08-01,209,185,50,7,451,33054,9746
27140,"Jackson, MS",2025-09-01,3,1,4,1,9,33063,9749
29900,"Laurinburg, NC",2019-02-01,0,2,0,0,2,2,0
29900,"Laurinburg, NC",2019-03-01,0,1,0,0,1,3,0
29900,"Laurinburg, NC",2019-04-01,0,4,0,0,4,7,0
29900,"Laurinburg, NC",2019-05-01,0,2,0,0,2,9,0
29900,"Laurinburg, NC",2019-06-01,0,1,4,0,5,14,0
29900,"Laurinburg, NC",2019-07-01,0,4,1,0,5,19,0
29900,"Laurinburg, NC",2019-08-01,0,2,0,0,2,21,0
29900,"Laurinburg, NC",2019-09-01,0,2,1,0,3,24,0
29900,"Laurinburg, NC",2019-10-01,0,4,1,0,5,29,0
29900,"Laurinburg, NC",2019-11-01,0,4,0,0,4,33,0
29900,"Laurinburg, NC",2019-12-01,2,2,0,0,4,37,2
29900,"Laurinburg, NC",2020-01-01,0,4,0,0,4,41,2
29900,"Laurinburg, NC",2020-02-01,0,2,0,0,2,43,2
29900,"Laurinburg, NC",2020-03-01,1,6,1,0,8,51,3
29900,"Laurinburg, NC",2020-04-01,0,1,4,1,6,57,3
29900,"Laurinburg, NC",2020-05-01,1,11,3,1,16,73,4
29900,"Laurinburg, NC",2020-06-01,0,17,1,1,19,92,4
29900,"Laurinburg, NC",2020-07-01,4,6,3,0,13,105,8
29900,"Laurinburg, NC",2020-08-01,7,7,4,0,18,123,15
29900,"Laurinburg, NC",2020-09-01,1,11,3,0,15,138,16
29900,"Laurinburg, NC",2020-10-01,2,14,3,0,19,157,18
29900,"Laurinburg, NC",2020-11-01,1,13,3,1,18,175,19
29900,"Laurinburg, NC",2020-12-01,2,9,3,0,14,189,21
29900,"Laurinburg, NC",2021-01-01,4,12,2,0,18,207,25
29900,"Laurinburg, NC",2021-02-01,11,8,9,1,29,236,36
29900,"Laurinburg, NC",2021-03-01,6,22,5,1,34,270,42
29900,"Laurinburg, NC",2021-04-01,26,60,17,0,103,373,68
29900,"Laurinburg, NC",2021-05-01,14,51,10,2,77,450,82
29900,"Laurinburg, NC",2021-06-01,19,35,10,2,66,516,101
29900,"Laurinburg, NC",2021-07-01,11,49,10,1,71,587,112
29900,"Laurinburg, NC",2021-08-01,15,33,8,2,58,645,127
29900,"Laurinburg, NC",2021-09-01,10,32,9,1,52,697,137
29900,"Laurinburg, NC",2021-10-01,5,23,12,0,40,737,142
29900,"Laurinburg, NC",2021-11-01,18,28,8,2,56,793,160
29900,"Laurinburg, NC",2021-12-01,15,39,10,0,64,857,175
29900,"Laurinburg, NC",2022-01-01,16,45,13,3,77,934,191
29900,"Laurinburg, NC",2022-02-01,15,39,4,1,59,993,206
29900,"Laurinburg, NC",2022-03-01,24,42,13,0,79,1072,230
29900,"Laurinburg, NC",2022-04-01,17,29,13,1,60,1132,247
29900,"Laurinburg, NC",2022-05-01,16,36,8,1,61,1193,263
29900,"Laurinburg, NC",2022-06-01,14,37,7,0,58,1251,277
29900,"Laurinburg, NC",2022-07-01,8,25,5,0,38,1289,285
29900,"Laurinburg, NC",2022-08-01,12,34,9,0,55,1344,297
29900,"Laurinburg, NC",2022-09-01,8,29,4,0,41,1385,305
29900,"Laurinburg, NC",2022-10-01,9,34,11,0,54,1439,314
29900,"Laurinburg, NC",2022-11-01,14,26,6,0,46,1485,328
29900,"Laurinburg, NC",2022-12-01,10,37,3,0,50,1535,338
29900,"Laurinburg, NC",2023-01-01,17,30,12,0,59,1594,355
29900,"Laurinburg, NC",2023-02-01,14,26,4,1,45,1639,369
29900,"Laurinburg, NC",2023-03-01,26,33,7,2,68,1707,395
29900,"Laurinburg, NC",2023-04-01,14,42,11,0,67,1774,409
29900,"Laurinburg, NC",2023-05-01,9,17,8,1,35,1809,418
29900,"Laurinburg, NC",2023-06-01,9,19,9,2,39,1848,427
29900,"Laurinburg, NC",2023-07-01,12,21,7,1,41,1889,439
29900,"Laurinburg, NC",2023-08-01,13,17,6,0,36,1925,452
29900,"Laurinburg, NC",2023-09-01,15,23,10,0,48,1973,467
29900,"Laurinburg, NC",2023-10-01,16,29,5,0,50,2023,483
29900,"Laurinburg, NC",2023-11-01,18,26,10,0,54,2077,501
29900,"Laurinburg, NC",2023-12-01,14,26,10,0,50,2127,515
29900,"Laurinburg, NC",2024-01-01,20,24,6,1,51,2178,535
29900,"Laurinburg, NC",2024-02-01,14,15,4,2,35,2213,549
29900,"Laurinburg, NC",2024-03-01,23,20,9,2,54,2267,572
29900,"Laurinburg, NC",2024-04-01,15,23,7,2,47,2314,587
29900,"Laurinburg, NC",2024-05-01,21,37,11,0,69,2383,608
29900,"Laurinburg, NC",2024-06-01,19,28,12,0,59,2442,627
29900,"Laurinburg, NC",2024-07-01,14,30,7,0,51,2493,641
29900,"Laurinburg, NC",2024-08-01,19,35,6,1,61,2554,660
29900,"Laurinburg, NC",2024-09-01,24,29,12,0,65,2619,684
29900,"Laurinburg, NC",2024-10-01,14,23,13,2,52,2671,698
29900,"Laurinburg, NC",2024-11-01,17,22,11,2,52,2723,715
29900,"Laurinburg, NC",2024-12-01,25,28,8,2,63,2786,740
29900,"Laurinburg, NC",2025-01-01,16,27,12,1,56,2842,756
29900,"Laurinburg, NC",2025-02-01,21,12,5,0,38,2880,777
29900,"Laurinburg, NC",2025-03-01,19,16,5,3,43,2923,796
29900,"Laurinburg, NC",2025-04-01,19,26,10,1,56,2979,815
29900,"Laurinburg, NC",2025-05-01,24,27,12,0,63,3042,839
29900,"Laurinburg, NC",2025-06-01,19,26,13,1,59,3101,858
29900,"Laurinburg, NC",2025-07-01,9,27,7,1,44,3145,867
29900,"Laurinburg, NC",2025-08-01,11,22,3,1,37,3182,878
15460,"Burlington, IA-IL",2019-01-01,0,2,0,0,2,2,0
15460,"Burlington, IA-IL",2019-02-01,0,0,1,0,1,3,0
15460,"Burlington, IA-IL",2019-04-01,0,5,1,0,6,9,0
15460,"Burlington, IA-IL",2019-05-01,0,3,1,0,4,13,0
15460,"Burlington, IA-IL",2019-06-01,0,1,1,0,2,15,0
15460,"Burlington, IA-IL",2019-07-01,0,20,3,1,24,39,0
15460,"Burlington, IA-IL",2019-08-01,1,11,1,0,13,52,1
15460,"Burlington, IA-IL",2019-09-01,0,8,0,1,9,61,1
15460,"Burlington, IA-IL",2019-10-01,1,8,1,0,10,71,2
15460,"Burlington, IA-IL",2019-11-01,0,7,3,0,10,81,2
15460,"Burlington, IA-IL",2019-12-01,0,5,2,0,7,88,2
15460,"Burlington, IA-IL",2020-01-01,2,10,3,0,15,103,4
15460,"Burlington, IA-IL",2020-02-01,5,9,5,0,19,122,9
15460,"Burlington, IA-IL",2020-03-01,7,14,7,1,29,151,16
15460,"Burlington, IA-IL",2020-04-01,7,23,8,1,39,190,23
15460,"Burlington, IA-IL",2020-05-01,8,32,3,1,44,234,31
15460,"Burlington, IA-IL",2020-06-01,4,24,4,0,32,266,35
15460,"Burlington, IA-IL",2020-07-01,6,36,3,0,45,311,41
15460,"Burlington, IA-IL",2020-08-01,6,24,6,0,36,347,47
15460,"Burlington, IA-IL",2020-09-01,4,16,5,2,27,374,51
15460,"Burlington, IA-IL",2020-10-01,4,12,6,1,23,397,55
15460,"Burlington, IA-IL",2020-11-01,4,12,7,0,23,420,59
15460,"Burlington, IA-IL",2020-12-01,11,11,4,1,27,447,70
15460,"Burlington, IA-IL",2021-01-01,9,18,7,0,34,481,79
15460,"Burlington, IA-IL",2021-02-01,6,20,3,0,29,510,85
15460,"Burlington, IA-IL",2021-03-01,10,32,9,1,52,562,95
15460,"Burlington, IA-IL",2021-04-01,15,37,6,0,58,620,110
15460,"Burlington, IA-IL",2021-05-01,18,33,10,1,62,682,128
15460,"Burlington, IA-IL",2021-06-01,12,30,9,1,52,734,140
15460,"Burlington, IA-IL",2021-07-01,9,21,5,1,36,770,149
15460,"Burlington, IA-IL",2021-08-01,10,29,14,0,53,823,159
15460,"Burlington, IA-IL",2021-09-01,7,24,9,1,41,864,166
15460,"Burlington, IA-IL",2021-10-01,12,13,6,0,31,895,178
15460,"Burlington, IA-IL",2021-11-01,7,23,2,0,32,927,185
15460,"Burlington, IA-IL",2021-12-01,14,24,5,1,44,971,199
15460,"Burlington, IA-IL",2022-01-01,10,30,11,0,51,1022,209
15460,"Burlington, IA-IL",2022-02-01,12,17,6,0,35,1057,221
15460,"Burlington, IA-IL",2022-03-01,18,23,8,0,49,1106,239
15460,"Burlington, IA-IL",2022-04-01,14,20,4,0,38,1144,253
15460,"Burlington, IA-IL",2022-05-01,12,17,10,1,40,1184,265
15460,"Burlington, IA-IL",2022-06-01,8,21,8,1,38,1222,273
15460,"Burlington, IA-IL",2022-07-01,6,11,1,0,18,1240,279
15460,"Burlington, IA-IL",2022-08-01,10,19,2,0,31,1271,289
15460,"Burlington, IA-IL",2022-09-01,6,10,6,0,22,1293,295
15460,"Burlington, IA-IL",2022-10-01,9,27,6,0,42,1335,304
15460,"Burlington, IA-IL",2022-11-01,12,21,8,0,41,1376,316
15460,"Burlington, IA-IL",2022-12-01,16,18,5,1,40,1416,332
15460,"Burlington, IA-IL",2023-01-01,10,21,6,4,41,1457,342
15460,"Burlington, IA-IL",2023-02-01,7,20,6,0,33,1490,349
15460,"Burlington, IA-IL",2023-03-01,17,31,9,1,58,1548,366
15460,"Burlington, IA-IL",2023-04-01,12,22,3,0,37,1585,378
15460,"Burlington, IA-IL",2023-05-01,11,6,3,0,20,1605,389
15460,"Burlington, IA-IL",2023-06-01,9,19,6,1,35,1640,398
15460,"Burlington, IA-IL",2023-07-01,11,12,0,0,23,1663,409
15460,"Burlington, IA-IL",2023-08-01,4,6,3,0,13,1676,413
15460,"Burlington, IA-IL",2023-09-01,8,7,2,0,17,1693,421
15460,"Burlington, IA-IL",2023-10-01,13,11,8,0,32,1725,434
15460,"Burlington, IA-IL",2023-11-01,12,18,5,0,35,1760,446
15460,"Burlington, IA-IL",2023-12-01,17,22,4,1,44,1804,463
15460,"Burlington, IA-IL",2024-01-01,19,22,10,1,52,1856,482
15460,"Burlington, IA-IL",2024-02-01,21,19,6,1,47,1903,503
15460,"Burlington, IA-IL",2024-03-01,27,18,8,2,55,1958,530
15460,"Burlington, IA-IL",2024-04-01,10,21,6,0,37,1995,540
15460,"Burlington, IA-IL",2024-05-01,8,18,2,0,28,2023,548
15460,"Burlington, IA-IL",2024-06-01,10,9,3,0,22,2045,558
15460,"Burlington, IA-IL",2024-07-01,7,10,2,0,19,2064,565
15460,"Burlington, IA-IL",2024-08-01,10,14,2,0,26,2090,575
15460,"Burlington, IA-IL",2024-09-01,21,19,6,0,46,2136,596
15460,"Burlington, IA-IL",2024-10-01,27,22,8,2,59,2195,623
15460,"Burlington, IA-IL",2024-11-01,27,24,9,0,60,2255,650
15460,"Burlington, IA-IL",2024-12-01,25,18,6,0,49,2304,675
15460,"Burlington, IA-IL",2025-01-01,29,30,7,0,66,2370,704
15460,"Burlington, IA-IL",2025-02-01,23,14,8,0,45,2415,727
15460,"Burlington, IA-IL",2025-03-01,22,18,7,1,48,2463,749
15460,"Burlington, IA-IL",2025-04-01,24,17,8,0,49,2512,773
15460,"Burlington, IA-IL",2025-05-01,34,28,6,0,68,2580,807
15460,"Burlington, IA-IL",2025-06-01,25,16,12,0,53,2633,832
15460,"Burlington, IA-IL",2025-07-01,17,13,5,1,36,2669,849
15460,"Burlington, IA-IL",2025-08-01,21,13,5,2,41,2710,870
19140,"Dalton, GA",2019-01-01,0,16,1,1,18,18,0
19140,"Dalton, GA",2019-02-01,0,7,3,0,10,28,0
19140,"Dalton, GA",2019-03-01,0,17,6,0,23,51,0
19140,"Dalton, GA",2019-04-01,0,24,11,0,35,86,0
19140,"Dalton, GA",2019-05-01,0,26,8,2,36,122,0
19140,"Dalton, GA",2019-06-01,1,19,4,1,25,147,1
19140,"Dalton, GA",2019-07-01,0,30,5,0,35,182,1
19140,"Dalton, GA",2019-08-01,2,33,3,0,38,220,3
19140,"Dalton, GA",2019-09-01,1,19,9,1,30,250,4
19140,"Dalton, GA",2019-10-01,0,12,2,1,15,265,4
19140,"Dalton, GA",2019-11-01,3,25,4,1,33,298,7
19140,"Dalton, GA",2019-12-01,1,23,5,0,29,327,8
19140,"Dalton, GA",2020-01-01,0,18,7,1,26,353,8
19140,"Dalton, GA",2020-02-01,3,18,4,1,26,379,11
19140,"Dalton, GA",2020-03-01,4,43,4,1,52,431,15
19140,"Dalton, GA",2020-04-01,15,75,17,2,109,540,30
19140,"Dalton, GA",2020-05-01,27,115,28,1,171,711,57
19140,"Dalton, GA",2020-06-01,15,85,17,2,119,830,72
19140,"Dalton, GA",2020-07-01,29,115,17,3,164,994,101
19140,"Dalton, GA",2020-08-01,29,128,26,3,186,1180,130
19140,"Dalton, GA",2020-09-01,26,94,24,5,149,1329,156
19140,"Dalton, GA",2020-10-01,17,65,11,1,94,1423,173
19140,"Dalton, GA",2020-11-01,12,51,5,1,69,1492,185
19140,"Dalton, GA",2020-12-01,24,83,20,1,128,1620,209
19140,"Dalton, GA",2021-01-01,42,165,33,3,243,1863,251
19140,"Dalton, GA",2021-02-01,15,67,12,1,95,1958,266
19140,"Dalton, GA",2021-03-01,46,117,26,6,195,2153,312
19140,"Dalton, GA",2021-04-01,45,162,42,3,252,2405,357
19140,"Dalton, GA",2021-05-01,52,144,27,3,226,2631,409
19140,"Dalton, GA",2021-06-01,15,61,20,3,99,2730,424
19140,"Dalton, GA",2021-07-01,22,65,15,0,102,2832,446
19140,"Dalton, GA",2021-08-01,29,106,36,3,174,3006,475
19140,"Dalton, GA",2021-09-01,48,144,41,5,238,3244,523
19140,"Dalton, GA",2021-10-01,17,50,17,2,86,3330,540
19140,"Dalton, GA",2021-11-01,25,70,10,0,105,3435,565
19140,"Dalton, GA",2021-12-01,19,91,25,0,135,3570,584
19140,"Dalton, GA",2022-01-01,35,98,25,3,161,3731,619
19140,"Dalton, GA",2022-02-01,7,52,11,1,71,3802,626
19140,"Dalton, GA",2022-03-01,60,119,25,5,209,4011,686
19140,"Dalton, GA",2022-04-01,36,126,29,2,193,4204,722
19140,"Dalton, GA",2022-05-01,30,73,16,5,124,4328,752
19140,"Dalton, GA",2022-06-01,36,63,21,3,123,4451,788
19140,"Dalton, GA",2022-07-01,31,52,27,1,111,4562,819
19140,"Dalton, GA",2022-08-01,15,70,14,3,102,4664,834
19140,"Dalton, GA",2022-09-01,45,99,23,4,171,4835,879
19140,"Dalton, GA",2022-10-01,36,71,27,4,138,4973,915
19140,"Dalton, GA",2022-11-01,41,63,29,4,137,5110,956
19140,"Dalton, GA",2022-12-01,40,81,19,0,140,5250,996
19140,"Dalton, GA",2023-01-01,63,99,32,6,200,5450,1059
19140,"Dalton, GA",2023-02-01,34,83,24,3,144,5594,1093
19140,"Dalton, GA",2023-03-01,59,110,33,0,202,5796,1152
19140,"Dalton, GA",2023-04-01,41,84,27,1,153,5949,1193
19140,"Dalton, GA",2023-05-01,17,43,8,1,69,6018,1210
19140,"Dalton, GA",2023-06-01,13,38,7,0,58,6076,1223
19140,"Dalton, GA",2023-07-01,16,30,9,3,58,6134,1239
19140,"Dalton, GA",2023-08-01,33,54,19,1,107,6241,1272
19140,"Dalton, GA",2023-09-01,47,75,15,5,142,6383,1319
19140,"Dalton, GA",2023-10-01,54,87,22,2,165,6548,1373
19140,"Dalton, GA",2023-11-01,53,87,32,2,174,6722,1426
19140,"Dalton, GA",2023-12-01,48,86,25,3,162,6884,1474
19140,"Dalton, GA",2024-01-01,56,98,34,3,191,7075,1530
19140,"Dalton, GA",2024-02-01,58,64,33,4,159,7234,1588
19140,"Dalton, GA",2024-03-01,60,101,28,3,192,7426,1648
19140,"Dalton, GA",2024-04-01,70,90,22,3,185,7611,1718
19140,"Dalton, GA",2024-05-01,73,92,27,2,194,7805,1791
19140,"Dalton, GA",2024-06-01,44,87,24,2,157,7962,1835
19140,"Dalton, GA",2024-07-01,52,88,24,2,166,8128,1887
19140,"Dalton, GA",2024-08-01,15,30,10,1,56,8184,1902
19140,"Dalton, GA",2024-09-01,22,30,13,2,67,8251,1924
19140,"Dalton, GA",2024-10-01,60,92,30,1,183,8434,1984
19140,"Dalton, GA",2024-11-01,68,98,20,4,190,8624,2052
19140,"Dalton, GA",2024-12-01,55,90,25,4,174,8798,2107
19140,"Dalton, GA",2025-01-01,55,75,30,1,161,8959,2162
19140,"Dalton, GA",2025-02-01,38,68,20,3,129,9088,2200
19140,"Dalton, GA",2025-03-01,41,67,20,0,128,9216,2241
19140,"Dalton, GA",2025-04-01,49,76,21,3,149,9365,2290
19140,"Dalton, GA",2025-05-01,51,76,26,5,158,9523,2341
19140,"Dalton, GA",2025-06-01,64,83,30,2,179,9702,2405
19140,"Dalton, GA",2025-07-01,40,66,28,1,135,9837,2445
19140,"Dalton, GA",2025-08-01,48,67,14,3,132,9969,2493
19140,"Dalton, GA",2025-09-01,1,0,0,0,1,9970,2494
48940,"Wilmington, OH",2019-01-01,0,13,2,1,16,16,0
48940,"Wilmington, OH",2019-02-01,1,9,4,1,15,31,1
48940,"Wilmington, OH",2019-03-01,0,17,3,0,20,51,1
48940,"Wilmington, OH",2019-04-01,0,18,4,2,24,75,1
48940,"Wilmington, OH",2019-05-01,1,11,0,0,12,87,2
48940,"Wilmington, OH",2019-06-01,0,10,3,0,13,100,2
48940,"Wilmington, OH",2019-07-01,1,14,6,0,21,121,3
48940,"Wilmington, OH",2019-08-01,1,22,7,0,30,151,4
48940,"Wilmington, OH",2019-09-01,1,13,1,1,16,167,5
48940,"Wilmington, OH",2019-10-01,1,7,3,0,11,178,6
48940,"Wilmington, OH",2019-11-01,4,9,3,0,16,194,10
48940,"Wilmington, OH",2019-12-01,1,8,3,0,12,206,11
48940,"Wilmington, OH",2020-01-01,1,7,2,0,10,216,12
48940,"Wilmington, OH",2020-02-01,4,8,0,0,12,228,16
48940,"Wilmington, OH",2020-03-01,1,11,1,0,13,241,17
48940,"Wilmington, OH",2020-04-01,7,9,1,0,17,258,24
48940,"Wilmington, OH",2020-05-01,7,23,5,0,35,293,31
48940,"Wilmington, OH",2020-06-01,6,25,4,1,36,329,37
48940,"Wilmington, OH",2020-07-01,6,16,4,0,26,355,43
48940,"Wilmington, OH",2020-08-01,4,11,1,0,16,371,47
48940,"Wilmington, OH",2020-09-01,4,16,6,0,26,397,51
48940,"Wilmington, OH",2020-10-01,7,22,1,1,31,428,58
48940,"Wilmington, OH",2020-11-01,3,17,3,1,24,452,61
48940,"Wilmington, OH",2020-12-01,3,16,3,0,22,474,64
48940,"Wilmington, OH",2021-01-01,13,27,6,1,47,521,77
48940,"Wilmington, OH",2021-02-01,11,19,6,0,36,557,88
48940,"Wilmington, OH",2021-03-01,13,25,5,0,43,600,101
48940,"Wilmington, OH",2021-04-01,13,20,5,0,38,638,114
48940,"Wilmington, OH",2021-05-01,11,27,7,0,45,683,125
48940,"Wilmington, OH",2021-06-01,3,27,7,0,37,720,128
48940,"Wilmington, OH",2021-07-01,9,35,8,0,52,772,137
48940,"Wilmington, OH",2021-08-01,13,14,4,0,31,803,150
48940,"Wilmington, OH",2021-09-01,3,15,16,0,34,837,153
48940,"Wilmington, OH",2021-10-01,6,19,2,0,27,864,159
48940,"Wilmington, OH",2021-11-01,8,17,5,1,31,895,167
48940,"Wilmington, OH",2021-12-01,9,20,6,1,36,931,176
48940,"Wilmington, OH",2022-01-01,12,31,10,0,53,984,188
48940,"Wilmington, OH",2022-02-01,9,9,2,1,21,1005,197
48940,"Wilmington, OH",2022-03-01,8,22,9,0,39,1044,205
48940,"Wilmington, OH",2022-04-01,6,20,9,1,36,1080,211
48940,"Wilmington, OH",2022-05-01,6,12,7,0,25,1105,217
48940,"Wilmington, OH",2022-06-01,7,12,3,1,23,1128,224
48940,"Wilmington, OH",2022-07-01,9,11,4,0,24,1152,233
48940,"Wilmington, OH",2022-08-01,12,13,5,0,30,1182,245
48940,"Wilmington, OH",2022-09-01,5,10,4,0,19,1201,250
48940,"Wilmington, OH",2022-10-01,10,18,7,0,35,1236,260
48940,"Wilmington, OH",2022-11-01,7,17,6,0,30,1266,267
48940,"Wilmington, OH",2022-12-01,12,19,2,1,34,1300,279
48940,"Wilmington, OH",2023-01-01,10,29,5,0,44,1344,289
48940,"Wilmington, OH",2023-02-01,11,15,6,0,32,1376,300
48940,"Wilmington, OH",2023-03-01,21,21,9,1,52,1428,321
48940,"Wilmington, OH",2023-04-01,9,17,8,1,35,1463,330
48940,"Wilmington, OH",2023-05-01,10,17,7,1,35,1498,340
48940,"Wilmington, OH",2023-06-01,5,13,6,1,25,1523,345
48940,"Wilmington, OH",2023-07-01,13,21,4,1,39,1562,358
48940,"Wilmington, OH",2023-08-01,8,17,6,0,31,1593,366
48940,"Wilmington, OH",2023-09-01,11,18,4,0,33,1626,377
48940,"Wilmington, OH",2023-10-01,11,18,8,0,37,1663,388
48940,"Wilmington, OH",2023-11-01,8,29,8,3,48,1711,396
48940,"Wilmington, OH",2023-12-01,11,20,2,1,34,1745,407
48940,"Wilmington, OH",2024-01-01,18,27,4,1,50,1795,425
48940,"Wilmington, OH",2024-02-01,19,16,5,0,40,1835,444
48940,"Wilmington, OH",2024-03-01,26,19,7,2,54,1889,470
48940,"Wilmington, OH",2024-04-01,9,9,2,0,20,1909,479
48940,"Wilmington, OH",2024-05-01,9,17,4,0,30,1939,488
48940,"Wilmington, OH",2024-06-01,13,9,1,0,23,1962,501
48940,"Wilmington, OH",2024-07-01,6,2,4,2,14,1976,507
48940,"Wilmington, OH",2024-08-01,3,12,2,0,17,1993,510
48940,"Wilmington, OH",2024-09-01,11,19,2,0,32,2025,521
48940,"Wilmington, OH",2024-10-01,15,19,6,1,41,2066,536
48940,"Wilmington, OH",2024-11-01,17,21,10,0,48,2114,553
48940,"Wilmington, OH",2024-12-01,26,26,5,1,58,2172,579
48940,"Wilmington, OH",2025-01-01,22,19,7,1,49,2221,601
48940,"Wilmington, OH",2025-02-01,20,21,7,1,49,2270,621
48940,"Wilmington, OH",2025-03-01,15,19,6,3,43,2313,636
48940,"Wilmington, OH",2025-04-01,25,12,5,0,42,2355,661
48940,"Wilmington, OH",2025-05-01,29,24,7,1,61,2416,690
48940,"Wilmington, OH",2025-06-01,21,12,6,1,40,2456,711
48940,"Wilmington, OH",2025-07-01,10,27,9,0,46,2502,721
48940,"Wilmington, OH",2025-08-01,14,26,5,0,45,2547,735
38060,"Phoenix-Mesa-Chandler, AZ",2019-01-01,44,872,211,27,1154,1154,44
38060,"Phoenix-Mesa-Chandler, AZ",2019-02-01,46,803,233,23,1105,2259,90
38060,"Phoenix-Mesa-Chandler, AZ",2019-03-01,50,977,242,26,1295,3554,140
38060,"Phoenix-Mesa-Chandler, AZ",2019-04-01,58,1141,249,26,1474,5028,198
38060,"Phoenix-Mesa-Chandler, AZ",2019-05-01,70,1178,260,16,1524,6552,268
38060,"Phoenix-Mesa-Chandler, AZ",2019-06-01,65,947,227,26,1265,7817,333
38060,"Phoenix-Mesa-Chandler, AZ",2019-07-01,64,858,192,20,1134,8951,397
38060,"Phoenix-Mesa-Chandler, AZ",2019-08-01,109,1108,308,36,1561,10512,506
38060,"Phoenix-Mesa-Chandler, AZ",2019-09-01,105,965,238,27,1335,11847,611
38060,"Phoenix-Mesa-Chandler, AZ",2019-10-01,98,1008,210,31,1347,13194,709
38060,"Phoenix-Mesa-Chandler, AZ",2019-11-01,139,912,200,37,1288,14482,848
38060,"Phoenix-Mesa-Chandler, AZ",2019-12-01,113,678,194,15,1000,15482,961
38060,"Phoenix-Mesa-Chandler, AZ",2020-01-01,179,974,233,30,1416,16898,1140
38060,"Phoenix-Mesa-Chandler, AZ",2020-02-01,184,916,189,30,1319,18217,1324
38060,"Phoenix-Mesa-Chandler, AZ",2020-03-01,254,1336,351,46,1987,20204,1578
38060,"Phoenix-Mesa-Chandler, AZ",2020-04-01,880,2778,758,101,4517,24721,2458
38060,"Phoenix-Mesa-Chandler, AZ",2020-05-01,1057,2371,454,56,3938,28659,3515
38060,"Phoenix-Mesa-Chandler, AZ",2020-06-01,1265,2918,604,61,4848,33507,4780
38060,"Phoenix-Mesa-Chandler, AZ",2020-07-01,1325,3645,663,73,5706,39213,6105
38060,"Phoenix-Mesa-Chandler, AZ",2020-08-01,998,3667,674,64,5403,44616,7103
38060,"Phoenix-Mesa-Chandler, AZ",2020-09-01,921,3140,638,77,4776,49392,8024
38060,"Phoenix-Mesa-Chandler, AZ",2020-10-01,866,3044,582,64,4556,53948,8890
38060,"Phoenix-Mesa-Chandler, AZ",2020-11-01,389,1250,260,25,1924,55872,9279
38060,"Phoenix-Mesa-Chandler, AZ",2020-12-01,441,1059,232,34,1766,57638,9720
38060,"Phoenix-Mesa-Chandler, AZ",2021-01-01,1165,2581,600,66,4412,62050,10885
38060,"Phoenix-Mesa-Chandler, AZ",2021-02-01,1209,2717,603,77,4606,66656,12094
38060,"Phoenix-Mesa-Chandler, AZ",2021-03-01,1357,2966,647,83,5053,71709,13451
38060,"Phoenix-Mesa-Chandler, AZ",2021-04-01,1359,3326,697,75,5457,77166,14810
38060,"Phoenix-Mesa-Chandler, AZ",2021-05-01,1634,3961,783,86,6464,83630,16444
38060,"Phoenix-Mesa-Chandler, AZ",2021-06-01,1518,3993,762,77,6350,89980,17962
38060,"Phoenix-Mesa-Chandler, AZ",2021-07-01,832,2311,509,50,3702,93682,18794
38060,"Phoenix-Mesa-Chandler, AZ",2021-08-01,876,2598,542,70,4086,97768,19670
38060,"Phoenix-Mesa-Chandler, AZ",2021-09-01,763,2389,553,72,3777,101545,20433
38060,"Phoenix-Mesa-Chandler, AZ",2021-10-01,320,935,186,26,1467,103012,20753
38060,"Phoenix-Mesa-Chandler, AZ",2021-11-01,428,1282,262,37,2009,105021,21181
38060,"Phoenix-Mesa-Chandler, AZ",2021-12-01,1764,3239,766,88,5857,110878,22945
38060,"Phoenix-Mesa-Chandler, AZ",2022-01-01,1888,4021,952,106,6967,117845,24833
38060,"Phoenix-Mesa-Chandler, AZ",2022-02-01,800,1582,372,40,2794,120639,25633
38060,"Phoenix-Mesa-Chandler, AZ",2022-03-01,1016,2141,547,75,3779,124418,26649
38060,"Phoenix-Mesa-Chandler, AZ",2022-04-01,1330,2624,629,62,4645,129063,27979
38060,"Phoenix-Mesa-Chandler, AZ",2022-05-01,872,1850,436,39,3197,132260,28851
38060,"Phoenix-Mesa-Chandler, AZ",2022-06-01,772,1372,315,38,2497,134757,29623
38060,"Phoenix-Mesa-Chandler, AZ",2022-07-01,339,679,193,24,1235,135992,29962
38060,"Phoenix-Mesa-Chandler, AZ",2022-08-01,352,786,213,18,1369,137361,30314
38060,"Phoenix-Mesa-Chandler, AZ",2022-09-01,869,1685,482,45,3081,140442,31183
38060,"Phoenix-Mesa-Chandler, AZ",2022-10-01,1118,2035,518,42,3713,144155,32301
38060,"Phoenix-Mesa-Chandler, AZ",2022-11-01,1361,2378,665,76,4480,148635,33662
38060,"Phoenix-Mesa-Chandler, AZ",2022-12-01,1523,2305,600,60,4488,153123,35185
38060,"Phoenix-Mesa-Chandler, AZ",2023-01-01,1569,2481,684,65,4799,157922,36754
38060,"Phoenix-Mesa-Chandler, AZ",2023-02-01,1404,2187,654,73,4318,162240,38158
38060,"Phoenix-Mesa-Chandler, AZ",2023-03-01,1685,2508,682,78,4953,167193,39843
38060,"Phoenix-Mesa-Chandler, AZ",2023-04-01,1083,1930,558,55,3626,170819,40926
38060,"Phoenix-Mesa-Chandler, AZ",2023-05-01,721,1125,279,23,2148,172967,41647
38060,"Phoenix-Mesa-Chandler, AZ",2023-06-01,453,759,165,24,1401,174368,42100
38060,"Phoenix-Mesa-Chandler, AZ",2023-07-01,409,678,159,13,1259,175627,42509
38060,"Phoenix-Mesa-Chandler, AZ",2023-08-01,871,1534,428,48,2881,178508,43380
38060,"Phoenix-Mesa-Chandler, AZ",2023-09-01,1519,2419,692,73,4703,183211,44899
38060,"Phoenix-Mesa-Chandler, AZ",2023-10-01,1367,2262,651,62,4342,187553,46266
38060,"Phoenix-Mesa-Chandler, AZ",2023-11-01,1487,2207,644,68,4406,191959,47753
38060,"Phoenix-Mesa-Chandler, AZ",2023-12-01,1562,2189,590,52,4393,196352,49315
38060,"Phoenix-Mesa-Chandler, AZ",2024-01-01,1554,2283,647,73,4557,200909,50869
38060,"Phoenix-Mesa-Chandler, AZ",2024-02-01,1557,1976,588,66,4187,205096,52426
38060,"Phoenix-Mesa-Chandler, AZ",2024-03-01,1629,2127,590,50,4396,209492,54055
38060,"Phoenix-Mesa-Chandler, AZ",2024-04-01,1522,2085,534,48,4189,213681,55577
38060,"Phoenix-Mesa-Chandler, AZ",2024-05-01,1681,2132,633,55,4501,218182,57258
38060,"Phoenix-Mesa-Chandler, AZ",2024-06-01,1617,2383,692,55,4747,222929,58875
38060,"Phoenix-Mesa-Chandler, AZ",2024-07-01,711,1237,332,44,2324,225253,59586
38060,"Phoenix-Mesa-Chandler, AZ",2024-08-01,443,842,226,42,1553,226806,60029
38060,"Phoenix-Mesa-Chandler, AZ",2024-09-01,786,1481,392,40,2699,229505,60815
38060,"Phoenix-Mesa-Chandler, AZ",2024-10-01,1410,2401,610,50,4471,233976,62225
38060,"Phoenix-Mesa-Chandler, AZ",2024-11-01,1357,2139,565,31,4092,238068,63582
38060,"Phoenix-Mesa-Chandler, AZ",2024-12-01,1346,2005,546,45,3942,242010,64928
38060,"Phoenix-Mesa-Chandler, AZ",2025-01-01,1501,1984,578,50,4113,246123,66429
38060,"Phoenix-Mesa-Chandler, AZ",2025-02-01,1362,1876,549,49,3836,249959,67791
38060,"Phoenix-Mesa-Chandler, AZ",2025-03-01,1496,2020,581,56,4153,254112,69287
38060,"Phoenix-Mesa-Chandler, AZ",2025-04-01,1516,2179,549,56,4300,258412,70803
38060,"Phoenix-Mesa-Chandler, AZ",2025-05-01,1745,2275,631,61,4712,263124,72548
38060,"Phoenix-Mesa-Chandler, AZ",2025-06-01,1837,2387,626,56,4906,268030,74385
38060,"Phoenix-Mesa-Chandler, AZ",2025-07-01,1378,1836,467,48,3729,271759,75763
38060,"Phoenix-Mesa-Chandler, AZ",2025-08-01,1396,2143,551,51,4141,275900,77159
38060,"Phoenix-Mesa-Chandler, AZ",2025-09-01,25,39,15,2,81,275981,77184
15060,"Brookings, OR",2019-01-01,0,1,0,0,1,1,0
15060,"Brookings, OR",2019-02-01,0,3,0,0,3,4,0
15060,"Brookings, OR",2019-03-01,0,0,1,0,1,5,0
15060,"Brookings, OR",2019-04-01,0,0,1,0,1,6,0
15060,"Brookings, OR",2019-05-01,0,2,0,0,2,8,0
15060,"Brookings, OR",2019-06-01,0,2,0,0,2,10,0
15060,"Brookings, OR",2019-08-01,0,1,0,0,1,11,0
15060,"Brookings, OR",2019-09-01,0,2,1,0,3,14,0
15060,"Brookings, OR",2019-10-01,0,2,0,0,2,16,0
15060,"Brookings, OR",2019-11-01,0,1,0,0,1,17,0
15060,"Brookings, OR",2019-12-01,0,0,1,0,1,18,0
15060,"Brookings, OR",2020-02-01,0,0,2,0,2,20,0
15060,"Brookings, OR",2020-03-01,0,1,2,0,3,23,0
15060,"Brookings, OR",2020-04-01,0,4,3,0,7,30,0
15060,"Brookings, OR",2020-05-01,0,4,2,0,6,36,0
15060,"Brookings, OR",2020-06-01,1,3,3,0,7,43,1
15060,"Brookings, OR",2020-07-01,1,2,2,0,5,48,2
15060,"Brookings, OR",2020-08-01,2,3,2,0,7,55,4
15060,"Brookings, OR",2020-09-01,0,4,3,0,7,62,4
15060,"Brookings, OR",2020-10-01,2,1,1,1,5,67,6
15060,"Brookings, OR",2020-11-01,2,3,0,0,5,72,8
15060,"Brookings, OR",2020-12-01,0,5,0,0,5,77,8
15060,"Brookings, OR",2021-01-01,3,4,1,0,8,85,11
15060,"Brookings, OR",2021-02-01,1,3,3,0,7,92,12
15060,"Brookings, OR",2021-03-01,2,5,3,1,11,103,14
15060,"Brookings, OR",2021-04-01,2,8,3,0,13,116,16
15060,"Brookings, OR",2021-05-01,1,8,1,1,11,127,17
15060,"Brookings, OR",2021-06-01,2,7,1,1,11,138,19
15060,"Brookings, OR",2021-07-01,1,10,2,1,14,152,20
15060,"Brookings, OR",2021-08-01,3,9,7,0,19,171,23
15060,"Brookings, OR",2021-09-01,2,15,5,1,23,194,25
15060,"Brookings, OR",2021-10-01,2,13,2,0,17,211,27
15060,"Brookings, OR",2021-11-01,1,6,4,1,12,223,28
15060,"Brookings, OR",2021-12-01,0,6,3,2,11,234,28
15060,"Brookings, OR",2022-01-01,3,9,5,0,17,251,31
15060,"Brookings, OR",2022-02-01,0,5,1,0,6,257,31
15060,"Brookings, OR",2022-03-01,2,8,3,1,14,271,33
15060,"Brookings, OR",2022-04-01,2,5,6,0,13,284,35
15060,"Brookings, OR",2022-05-01,5,5,4,0,14,298,40
15060,"Brookings, OR",2022-06-01,2,10,1,0,13,311,42
15060,"Brookings, OR",2022-07-01,4,5,1,0,10,321,46
15060,"Brookings, OR",2022-08-01,5,6,4,2,17,338,51
15060,"Brookings, OR",2022-09-01,2,10,3,0,15,353,53
15060,"Brookings, OR",2022-10-01,2,6,2,0,10,363,55
15060,"Brookings, OR",2022-11-01,5,4,4,0,13,376,60
15060,"Brookings, OR",2022-12-01,1,11,1,0,13,389,61
15060,"Brookings, OR",2023-01-01,3,9,2,1,15,404,64
15060,"Brookings, OR",2023-02-01,3,6,2,0,11,415,67
15060,"Brookings, OR",2023-03-01,7,7,2,1,17,432,74
15060,"Brookings, OR",2023-04-01,4,8,2,0,14,446,78
15060,"Brookings, OR",2023-05-01,5,6,2,0,13,459,83
15060,"Brookings, OR",2023-06-01,2,7,1,0,10,469,85
15060,"Brookings, OR",2023-07-01,4,8,3,1,16,485,89
15060,"Brookings, OR",2023-08-01,4,5,1,1,11,496,93
15060,"Brookings, OR",2023-09-01,1,2,2,0,5,501,94
15060,"Brookings, OR",2023-10-01,1,5,0,0,6,507,95
15060,"Brookings, OR",2023-11-01,1,7,2,0,10,517,96
15060,"Brookings, OR",2023-12-01,6,8,2,0,16,533,102
15060,"Brookings, OR",2024-01-01,2,7,5,1,15,548,104
15060,"Brookings, OR",2024-02-01,5,3,1,2,11,559,109
15060,"Brookings, OR",2024-03-01,7,2,2,0,11,570,116
15060,"Brookings, OR",2024-04-01,1,2,3,1,7,577,117
15060,"Brookings, OR",2024-05-01,0,9,2,0,11,588,117
15060,"Brookings, OR",2024-06-01,1,3,1,0,5,593,118
15060,"Brookings, OR",2024-07-01,0,3,0,0,3,596,118
15060,"Brookings, OR",2024-08-01,0,0,1,0,1,597,118
15060,"Brookings, OR",2024-09-01,2,4,0,0,6,603,120
15060,"Brookings, OR",2024-10-01,1,1,2,0,4,607,121
15060,"Brookings, OR",2024-11-01,1,8,1,1,11,618,122
15060,"Brookings, OR",2024-12-01,3,6,2,1,12,630,125
15060,"Brookings, OR",2025-01-01,1,5,3,0,9,639,126
15060,"Brookings, OR",2025-02-01,0,2,1,1,4,643,126
15060,"Brookings, OR",2025-03-01,1,4,4,0,9,652,127
15060,"Brookings, OR",2025-04-01,5,6,3,0,14,666,132
15060,"Brookings, OR",2025-05-01,4,6,4,0,14,680,136
15060,"Brookings, OR",2025-06-01,9,1,6,0,16,696,145
15060,"Brookings, OR",2025-07-01,3,4,1,0,8,704,148
15060,"Brookings, OR",2025-08-01,3,3,1,0,7,711,151
12980,"Battle Creek, MI",2019-01-01,1,4,1,0,6,6,1
12980,"Battle Creek, MI",2019-02-01,1,22,7,2,32,38,2
12980,"Battle Creek, MI",2019-03-01,2,25,5,0,32,70,4
12980,"Battle Creek, MI",2019-04-01,0,20,4,0,24,94,4
12980,"Battle Creek, MI",2019-05-01,2,19,11,0,32,126,6
12980,"Battle Creek, MI",2019-06-01,2,27,2,1,32,158,8
12980,"Battle Creek, MI",2019-07-01,1,17,4,0,22,180,9
12980,"Battle Creek, MI",2019-08-01,2,18,3,0,23,203,11
12980,"Battle Creek, MI",2019-09-01,3,24,4,0,31,234,14
12980,"Battle Creek, MI",2019-10-01,3,19,5,1,28,262,17
12980,"Battle Creek, MI",2019-11-01,5,22,4,0,31,293,22
12980,"Battle Creek, MI",2019-12-01,5,24,10,1,40,333,27
12980,"Battle Creek, MI",2020-01-01,2,33,10,0,45,378,29
12980,"Battle Creek, MI",2020-02-01,6,25,6,1,38,416,35
12980,"Battle Creek, MI",2020-03-01,3,37,10,1,51,467,38
12980,"Battle Creek, MI",2020-04-01,18,76,28,4,126,593,56
12980,"Battle Creek, MI",2020-05-01,27,75,15,2,119,712,83
12980,"Battle Creek, MI",2020-06-01,25,72,13,1,111,823,108
12980,"Battle Creek, MI",2020-07-01,31,109,17,2,159,982,139
12980,"Battle Creek, MI",2020-08-01,35,84,8,2,129,1111,174
12980,"Battle Creek, MI",2020-09-01,20,54,11,2,87,1198,194
12980,"Battle Creek, MI",2020-10-01,20,80,17,5,122,1320,214
12980,"Battle Creek, MI",2020-11-01,18,66,16,0,100,1420,232
12980,"Battle Creek, MI",2020-12-01,13,45,9,1,68,1488,245
12980,"Battle Creek, MI",2021-01-01,19,71,13,3,106,1594,264
12980,"Battle Creek, MI",2021-02-01,22,82,23,1,128,1722,286
12980,"Battle Creek, MI",2021-03-01,40,81,21,1,143,1865,326
12980,"Battle Creek, MI",2021-04-01,32,96,22,2,152,2017,358
12980,"Battle Creek, MI",2021-05-01,32,87,26,2,147,2164,390
12980,"Battle Creek, MI",2021-06-01,37,89,13,2,141,2305,427
12980,"Battle Creek, MI",2021-07-01,28,87,14,1,130,2435,455
12980,"Battle Creek, MI",2021-08-01,37,85,27,4,153,2588,492
12980,"Battle Creek, MI",2021-09-01,9,85,21,1,116,2704,501
12980,"Battle Creek, MI",2021-10-01,11,46,12,2,71,2775,512
12980,"Battle Creek, MI",2021-11-01,29,59,8,4,100,2875,541
12980,"Battle Creek, MI",2021-12-01,27,81,16,1,125,3000,568
12980,"Battle Creek, MI",2022-01-01,33,84,28,2,147,3147,601
12980,"Battle Creek, MI",2022-02-01,40,110,34,4,188,3335,641
12980,"Battle Creek, MI",2022-03-01,31,84,26,1,142,3477,672
12980,"Battle Creek, MI",2022-04-01,25,75,11,2,113,3590,697
12980,"Battle Creek, MI",2022-05-01,41,81,19,2,143,3733,738
12980,"Battle Creek, MI",2022-06-01,22,50,19,0,91,3824,760
12980,"Battle Creek, MI",2022-07-01,30,42,15,1,88,3912,790
12980,"Battle Creek, MI",2022-08-01,23,54,26,3,106,4018,813
12980,"Battle Creek, MI",2022-09-01,31,58,22,4,115,4133,844
12980,"Battle Creek, MI",2022-10-01,33,64,13,0,110,4243,877
12980,"Battle Creek, MI",2022-11-01,24,65,22,3,114,4357,901
12980,"Battle Creek, MI",2022-12-01,31,76,22,5,134,4491,932
12980,"Battle Creek, MI",2023-01-01,34,67,21,2,124,4615,966
12980,"Battle Creek, MI",2023-02-01,22,67,23,2,114,4729,988
12980,"Battle Creek, MI",2023-03-01,63,81,27,2,173,4902,1051
12980,"Battle Creek, MI",2023-04-01,16,58,17,0,91,4993,1067
12980,"Battle Creek, MI",2023-05-01,16,43,7,0,66,5059,1083
12980,"Battle Creek, MI",2023-06-01,26,41,15,0,82,5141,1109
12980,"Battle Creek, MI",2023-07-01,26,39,14,2,81,5222,1135
12980,"Battle Creek, MI",2023-08-01,22,40,8,2,72,5294,1157
12980,"Battle Creek, MI",2023-09-01,32,60,11,4,107,5401,1189
12980,"Battle Creek, MI",2023-10-01,34,61,23,2,120,5521,1223
12980,"Battle Creek, MI",2023-11-01,34,64,32,2,132,5653,1257
12980,"Battle Creek, MI",2023-12-01,42,80,17,3,142,5795,1299
12980,"Battle Creek, MI",2024-01-01,37,64,18,3,122,5917,1336
12980,"Battle Creek, MI",2024-02-01,49,60,28,2,139,6056,1385
12980,"Battle Creek, MI",2024-03-01,55,77,30,3,165,6221,1440
12980,"Battle Creek, MI",2024-04-01,40,63,18,1,122,6343,1480
12980,"Battle Creek, MI",2024-05-01,29,50,18,1,98,6441,1509
12980,"Battle Creek, MI",2024-06-01,28,51,19,2,100,6541,1537
12980,"Battle Creek, MI",2024-07-01,25,54,10,1,90,6631,1562
12980,"Battle Creek, MI",2024-08-01,24,24,10,0,58,6689,1586
12980,"Battle Creek, MI",2024-09-01,32,41,14,0,87,6776,1618
12980,"Battle Creek, MI",2024-10-01,34,55,25,6,120,6896,1652
12980,"Battle Creek, MI",2024-11-01,35,36,10,1,82,6978,1687
12980,"Battle Creek, MI",2024-12-01,36,43,16,1,96,7074,1723
12980,"Battle Creek, MI",2025-01-01,53,74,15,2,144,7218,1776
12980,"Battle Creek, MI",2025-02-01,75,59,28,0,162,7380,1851
12980,"Battle Creek, MI",2025-03-01,74,65,31,3,173,7553,1925
12980,"Battle Creek, MI",2025-04-01,67,74,17,1,159,7712,1992
12980,"Battle Creek, MI",2025-05-01,64,81,24,3,172,7884,2056
12980,"Battle Creek, MI",2025-06-01,68,78,18,0,164,8048,2124
12980,"Battle Creek, MI",2025-07-01,47,64,21,4,136,8184,2171
12980,"Battle Creek, MI",2025-08-01,56,60,19,1,136,8320,2227
12980,"Battle Creek, MI",2025-09-01,0,2,0,0,2,8322,2227
21140,"Elkhart-Goshen, IN",2019-01-01,4,25,11,0,40,40,4
21140,"Elkhart-Goshen, IN",2019-02-01,7,42,10,1,60,100,11
21140,"Elkhart-Goshen, IN",2019-03-01,4,89,19,2,114,214,15
21140,"Elkhart-Goshen, IN",2019-04-01,6,57,21,1,85,299,21
21140,"Elkhart-Goshen, IN",2019-05-01,3,77,14,2,96,395,24
21140,"Elkhart-Goshen, IN",2019-06-01,0,27,4,0,31,426,24
21140,"Elkhart-Goshen, IN",2019-07-01,1,25,8,0,34,460,25
21140,"Elkhart-Goshen, IN",2019-08-01,3,14,4,0,21,481,28
21140,"Elkhart-Goshen, IN",2019-09-01,8,37,10,1,56,537,36
21140,"Elkhart-Goshen, IN",2019-10-01,12,62,20,2,96,633,48
21140,"Elkhart-Goshen, IN",2019-11-01,10,63,13,2,88,721,58
21140,"Elkhart-Goshen, IN",2019-12-01,5,49,12,1,67,788,63
21140,"Elkhart-Goshen, IN",2020-01-01,6,42,12,0,60,848,69
21140,"Elkhart-Goshen, IN",2020-02-01,13,60,21,3,97,945,82
21140,"Elkhart-Goshen, IN",2020-03-01,23,81,31,2,137,1082,105
21140,"Elkhart-Goshen, IN",2020-04-01,49,160,55,8,272,1354,154
21140,"Elkhart-Goshen, IN",2020-05-01,67,183,44,1,295,1649,221
21140,"Elkhart-Goshen, IN",2020-06-01,53,122,21,5,201,1850,274
21140,"Elkhart-Goshen, IN",2020-07-01,65,159,33,2,259,2109,339
21140,"Elkhart-Goshen, IN",2020-08-01,62,193,39,1,295,2404,401
21140,"Elkhart-Goshen, IN",2020-09-01,57,183,36,4,280,2684,458
21140,"Elkhart-Goshen, IN",2020-10-01,64,164,47,4,279,2963,522
21140,"Elkhart-Goshen, IN",2020-11-01,28,116,24,2,170,3133,550
21140,"Elkhart-Goshen, IN",2020-12-01,19,66,12,0,97,3230,569
21140,"Elkhart-Goshen, IN",2021-01-01,99,170,47,8,324,3554,668
21140,"Elkhart-Goshen, IN",2021-02-01,75,187,44,7,313,3867,743
21140,"Elkhart-Goshen, IN",2021-03-01,87,189,49,5,330,4197,830
21140,"Elkhart-Goshen, IN",2021-04-01,86,215,48,6,355,4552,916
21140,"Elkhart-Goshen, IN",2021-05-01,106,237,58,4,405,4957,1022
21140,"Elkhart-Goshen, IN",2021-06-01,97,218,61,2,378,5335,1119
21140,"Elkhart-Goshen, IN",2021-07-01,75,190,50,3,318,5653,1194
21140,"Elkhart-Goshen, IN",2021-08-01,65,184,50,3,302,5955,1259
21140,"Elkhart-Goshen, IN",2021-09-01,57,230,52,5,344,6299,1316
21140,"Elkhart-Goshen, IN",2021-10-01,39,104,22,3,168,6467,1355
21140,"Elkhart-Goshen, IN",2021-11-01,47,130,30,3,210,6677,1402
21140,"Elkhart-Goshen, IN",2021-12-01,79,157,43,7,286,6963,1481
21140,"Elkhart-Goshen, IN",2022-01-01,59,163,45,5,272,7235,1540
21140,"Elkhart-Goshen, IN",2022-02-01,90,142,56,10,298,7533,1630
21140,"Elkhart-Goshen, IN",2022-03-01,120,179,56,9,364,7897,1750
21140,"Elkhart-Goshen, IN",2022-04-01,71,196,36,4,307,8204,1821
21140,"Elkhart-Goshen, IN",2022-05-01,76,175,61,3,315,8519,1897
21140,"Elkhart-Goshen, IN",2022-06-01,42,84,19,4,149,8668,1939
21140,"Elkhart-Goshen, IN",2022-07-01,48,131,33,3,215,8883,1987
21140,"Elkhart-Goshen, IN",2022-08-01,50,102,36,3,191,9074,2037
21140,"Elkhart-Goshen, IN",2022-09-01,47,146,51,5,249,9323,2084
21140,"Elkhart-Goshen, IN",2022-10-01,38,129,31,7,205,9528,2122
21140,"Elkhart-Goshen, IN",2022-11-01,77,207,61,4,349,9877,2199
21140,"Elkhart-Goshen, IN",2022-12-01,110,213,53,5,381,10258,2309
21140,"Elkhart-Goshen, IN",2023-01-01,97,178,47,4,326,10584,2406
21140,"Elkhart-Goshen, IN",2023-02-01,69,150,51,7,277,10861,2475
21140,"Elkhart-Goshen, IN",2023-03-01,127,189,52,4,372,11233,2602
21140,"Elkhart-Goshen, IN",2023-04-01,69,137,37,9,252,11485,2671
21140,"Elkhart-Goshen, IN",2023-05-01,29,59,19,0,107,11592,2700
21140,"Elkhart-Goshen, IN",2023-06-01,27,56,19,0,102,11694,2727
21140,"Elkhart-Goshen, IN",2023-07-01,22,46,13,1,82,11776,2749
21140,"Elkhart-Goshen, IN",2023-08-01,28,80,28,2,138,11914,2777
21140,"Elkhart-Goshen, IN",2023-09-01,33,76,20,0,129,12043,2810
21140,"Elkhart-Goshen, IN",2023-10-01,73,157,52,5,287,12330,2883
21140,"Elkhart-Goshen, IN",2023-11-01,97,163,59,5,324,12654,2980
21140,"Elkhart-Goshen, IN",2023-12-01,116,167,53,4,340,12994,3096
21140,"Elkhart-Goshen, IN",2024-01-01,123,159,58,3,343,13337,3219
21140,"Elkhart-Goshen, IN",2024-02-01,133,121,48,7,309,13646,3352
21140,"Elkhart-Goshen, IN",2024-03-01,106,155,62,4,327,13973,3458
21140,"Elkhart-Goshen, IN",2024-04-01,96,123,46,5,270,14243,3554
21140,"Elkhart-Goshen, IN",2024-05-01,98,120,34,5,257,14500,3652
21140,"Elkhart-Goshen, IN",2024-06-01,72,120,33,4,229,14729,3724
21140,"Elkhart-Goshen, IN",2024-07-01,41,77,25,1,144,14873,3765
21140,"Elkhart-Goshen, IN",2024-08-01,26,41,20,1,88,14961,3791
21140,"Elkhart-Goshen, IN",2024-09-01,44,86,23,0,153,15114,3835
21140,"Elkhart-Goshen, IN",2024-10-01,138,184,54,5,381,15495,3973
21140,"Elkhart-Goshen, IN",2024-11-01,137,170,59,3,369,15864,4110
21140,"Elkhart-Goshen, IN",2024-12-01,183,188,60,1,432,16296,4293
21140,"Elkhart-Goshen, IN",2025-01-01,142,166,53,9,370,16666,4435
21140,"Elkhart-Goshen, IN",2025-02-01,128,113,38,3,282,16948,4563
21140,"Elkhart-Goshen, IN",2025-03-01,164,143,44,7,358,17306,4727
21140,"Elkhart-Goshen, IN",2025-04-01,148,125,36,2,311,17617,4875
21140,"Elkhart-Goshen, IN",2025-05-01,177,137,40,6,360,17977,5052
21140,"Elkhart-Goshen, IN",2025-06-01,187,165,56,2,410,18387,5239
21140,"Elkhart-Goshen, IN",2025-07-01,113,163,49,9,334,18721,5352
21140,"Elkhart-Goshen, IN",2025-08-01,96,106,41,3,246,18967,5448
21140,"Elkhart-Goshen, IN",2025-09-01,2,3,2,0,7,18974,5450
47460,"Walla Walla, WA",2019-01-01,0,4,1,1,6,6,0
47460,"Walla Walla, WA",2019-02-01,0,5,0,0,5,11,0
47460,"Walla Walla, WA",2019-03-01,0,16,3,0,19,30,0
47460,"Walla Walla, WA",2019-04-01,5,23,5,1,34,64,5
47460,"Walla Walla, WA",2019-05-01,2,22,5,0,29,93,7
47460,"Walla Walla, WA",2019-06-01,2,16,3,0,21,114,9
47460,"Walla Walla, WA",2019-07-01,1,20,1,0,22,136,10
47460,"Walla Walla, WA",2019-08-01,2,13,4,0,19,155,12
47460,"Walla Walla, WA",2019-09-01,0,12,1,0,13,168,12
47460,"Walla Walla, WA",2019-10-01,1,11,5,1,18,186,13
47460,"Walla Walla, WA",2019-11-01,2,13,2,0,17,203,15
47460,"Walla Walla, WA",2019-12-01,0,12,3,0,15,218,15
47460,"Walla Walla, WA",2020-01-01,2,13,0,0,15,233,17
47460,"Walla Walla, WA",2020-02-01,4,8,1,0,13,246,21
47460,"Walla Walla, WA",2020-03-01,10,20,2,0,32,278,31
47460,"Walla Walla, WA",2020-04-01,14,31,4,3,52,330,45
47460,"Walla Walla, WA",2020-05-01,14,33,3,1,51,381,59
47460,"Walla Walla, WA",2020-06-01,13,23,3,0,39,420,72
47460,"Walla Walla, WA",2020-07-01,9,21,6,1,37,457,81
47460,"Walla Walla, WA",2020-08-01,13,18,5,1,37,494,94
47460,"Walla Walla, WA",2020-09-01,13,27,3,1,44,538,107
47460,"Walla Walla, WA",2020-10-01,6,23,6,0,35,573,113
47460,"Walla Walla, WA",2020-11-01,9,14,4,1,28,601,122
47460,"Walla Walla, WA",2020-12-01,9,19,0,0,28,629,131
47460,"Walla Walla, WA",2021-01-01,16,37,5,0,58,687,147
47460,"Walla Walla, WA",2021-02-01,22,22,8,1,53,740,169
47460,"Walla Walla, WA",2021-03-01,10,23,4,0,37,777,179
47460,"Walla Walla, WA",2021-04-01,14,19,2,1,36,813,193
47460,"Walla Walla, WA",2021-05-01,14,26,3,0,43,856,207
47460,"Walla Walla, WA",2021-06-01,23,27,2,1,53,909,230
47460,"Walla Walla, WA",2021-07-01,21,34,7,0,62,971,251
47460,"Walla Walla, WA",2021-08-01,18,23,7,1,49,1020,269
47460,"Walla Walla, WA",2021-09-01,20,32,6,0,58,1078,289
47460,"Walla Walla, WA",2021-10-01,10,23,8,0,41,1119,299
47460,"Walla Walla, WA",2021-11-01,12,20,11,2,45,1164,311
47460,"Walla Walla, WA",2021-12-01,18,20,10,1,49,1213,329
47460,"Walla Walla, WA",2022-01-01,30,40,13,5,88,1301,359
47460,"Walla Walla, WA",2022-02-01,23,24,10,1,58,1359,382
47460,"Walla Walla, WA",2022-03-01,18,28,4,0,50,1409,400
47460,"Walla Walla, WA",2022-04-01,22,20,6,1,49,1458,422
47460,"Walla Walla, WA",2022-05-01,24,26,6,0,56,1514,446
47460,"Walla Walla, WA",2022-06-01,16,18,3,0,37,1551,462
47460,"Walla Walla, WA",2022-07-01,17,31,4,1,53,1604,479
47460,"Walla Walla, WA",2022-08-01,24,29,3,0,56,1660,503
47460,"Walla Walla, WA",2022-09-01,15,30,6,2,53,1713,518
47460,"Walla Walla, WA",2022-10-01,24,24,6,1,55,1768,542
47460,"Walla Walla, WA",2022-11-01,13,31,3,1,48,1816,555
47460,"Walla Walla, WA",2022-12-01,19,22,8,3,52,1868,574
47460,"Walla Walla, WA",2023-01-01,16,29,7,0,52,1920,590
47460,"Walla Walla, WA",2023-02-01,23,18,6,1,48,1968,613
47460,"Walla Walla, WA",2023-03-01,31,20,13,0,64,2032,644
47460,"Walla Walla, WA",2023-04-01,14,14,3,0,31,2063,658
47460,"Walla Walla, WA",2023-05-01,11,14,6,0,31,2094,669
47460,"Walla Walla, WA",2023-06-01,19,14,4,1,38,2132,688
47460,"Walla Walla, WA",2023-07-01,18,12,2,1,33,2165,706
47460,"Walla Walla, WA",2023-08-01,18,12,6,0,36,2201,724
47460,"Walla Walla, WA",2023-09-01,17,22,7,1,47,2248,741
47460,"Walla Walla, WA",2023-10-01,20,28,4,0,52,2300,761
47460,"Walla Walla, WA",2023-11-01,23,27,10,0,60,2360,784
47460,"Walla Walla, WA",2023-12-01,18,18,3,1,40,2400,802
47460,"Walla Walla, WA",2024-01-01,21,19,8,2,50,2450,823
47460,"Walla Walla, WA",2024-02-01,19,21,8,0,48,2498,842
47460,"Walla Walla, WA",2024-03-01,28,7,5,0,40,2538,870
47460,"Walla Walla, WA",2024-04-01,24,14,8,0,46,2584,894
47460,"Walla Walla, WA",2024-05-01,20,15,2,1,38,2622,914
47460,"Walla Walla, WA",2024-06-01,7,9,2,0,18,2640,921
47460,"Walla Walla, WA",2024-07-01,7,11,1,0,19,2659,928
47460,"Walla Walla, WA",2024-08-01,3,8,3,0,14,2673,931
47460,"Walla Walla, WA",2024-09-01,22,14,1,1,38,2711,953
47460,"Walla Walla, WA",2024-10-01,34,16,10,1,61,2772,987
47460,"Walla Walla, WA",2024-11-01,39,27,7,2,75,2847,1026
47460,"Walla Walla, WA",2024-12-01,24,24,8,0,56,2903,1050
47460,"Walla Walla, WA",2025-01-01,20,22,3,1,46,2949,1070
47460,"Walla Walla, WA",2025-02-01,21,24,6,1,52,3001,1091
47460,"Walla Walla, WA",2025-03-01,31,19,2,1,53,3054,1122
47460,"Walla Walla, WA",2025-04-01,20,8,1,0,29,3083,1142
47460,"Walla Walla, WA",2025-05-01,24,7,5,2,38,3121,1166
47460,"Walla Walla, WA",2025-06-01,26,12,9,0,47,3168,1192
47460,"Walla Walla, WA",2025-07-01,21,12,3,0,36,3204,1213
47460,"Walla Walla, WA",2025-08-01,19,12,5,0,36,3240,1232
49700,"Yuba City, CA",2019-01-01,2,40,13,1,56,56,2
49700,"Yuba City, CA",2019-02-01,2,44,10,6,62,118,4
49700,"Yuba City, CA",2019-03-01,2,55,11,0,68,186,6
49700,"Yuba City, CA",2019-04-01,5,46,9,1,61,247,11
49700,"Yuba City, CA",2019-05-01,2,44,12,2,60,307,13
49700,"Yuba City, CA",2019-06-01,5,47,6,0,58,365,18
49700,"Yuba City, CA",2019-07-01,2,35,13,2,52,417,20
49700,"Yuba City, CA",2019-08-01,7,42,10,1,60,477,27
49700,"Yuba City, CA",2019-09-01,5,53,7,2,67,544,32
49700,"Yuba City, CA",2019-10-01,6,35,10,1,52,596,38
49700,"Yuba City, CA",2019-11-01,4,50,11,1,66,662,42
49700,"Yuba City, CA",2019-12-01,6,25,7,1,39,701,48
49700,"Yuba City, CA",2020-01-01,3,34,13,1,51,752,51
49700,"Yuba City, CA",2020-02-01,2,18,7,1,28,780,53
49700,"Yuba City, CA",2020-03-01,5,33,9,0,47,827,58
49700,"Yuba City, CA",2020-04-01,25,87,28,2,142,969,83
49700,"Yuba City, CA",2020-05-01,25,89,25,0,139,1108,108
49700,"Yuba City, CA",2020-06-01,34,110,16,0,160,1268,142
49700,"Yuba City, CA",2020-07-01,38,126,28,0,192,1460,180
49700,"Yuba City, CA",2020-08-01,42,108,25,4,179,1639,222
49700,"Yuba City, CA",2020-09-01,25,118,34,2,179,1818,247
49700,"Yuba City, CA",2020-10-01,29,108,28,1,166,1984,276
49700,"Yuba City, CA",2020-11-01,35,124,21,3,183,2167,311
49700,"Yuba City, CA",2020-12-01,20,58,17,2,97,2264,331
49700,"Yuba City, CA",2021-01-01,22,90,26,3,141,2405,353
49700,"Yuba City, CA",2021-02-01,22,42,12,2,78,2483,375
49700,"Yuba City, CA",2021-03-01,22,85,20,2,129,2612,397
49700,"Yuba City, CA",2021-04-01,31,79,18,4,132,2744,428
49700,"Yuba City, CA",2021-05-01,23,67,24,1,115,2859,451
49700,"Yuba City, CA",2021-06-01,19,59,11,1,90,2949,470
49700,"Yuba City, CA",2021-07-01,11,58,16,4,89,3038,481
49700,"Yuba City, CA",2021-08-01,21,72,27,0,120,3158,502
49700,"Yuba City, CA",2021-09-01,22,107,28,3,160,3318,524
49700,"Yuba City, CA",2021-10-01,9,57,14,3,83,3401,533
49700,"Yuba City, CA",2021-11-01,12,53,11,2,78,3479,545
49700,"Yuba City, CA",2021-12-01,13,73,29,2,117,3596,558
49700,"Yuba City, CA",2022-01-01,42,121,34,4,201,3797,600
49700,"Yuba City, CA",2022-02-01,11,64,17,1,93,3890,611
49700,"Yuba City, CA",2022-03-01,10,35,14,2,61,3951,621
49700,"Yuba City, CA",2022-04-01,10,41,20,1,72,4023,631
49700,"Yuba City, CA",2022-05-01,12,43,10,0,65,4088,643
49700,"Yuba City, CA",2022-06-01,21,36,14,2,73,4161,664
49700,"Yuba City, CA",2022-07-01,18,48,20,0,86,4247,682
49700,"Yuba City, CA",2022-08-01,68,147,58,4,277,4524,750
49700,"Yuba City, CA",2022-09-01,41,113,27,7,188,4712,791
49700,"Yuba City, CA",2022-10-01,24,81,19,2,126,4838,815
49700,"Yuba City, CA",2022-11-01,41,99,36,3,179,5017,856
49700,"Yuba City, CA",2022-12-01,41,88,34,4,167,5184,897
49700,"Yuba City, CA",2023-01-01,31,70,21,2,124,5308,928
49700,"Yuba City, CA",2023-02-01,22,86,28,3,139,5447,950
49700,"Yuba City, CA",2023-03-01,47,91,38,4,180,5627,997
49700,"Yuba City, CA",2023-04-01,16,61,21,1,99,5726,1013
49700,"Yuba City, CA",2023-05-01,20,55,12,2,89,5815,1033
49700,"Yuba City, CA",2023-06-01,11,47,7,2,67,5882,1044
49700,"Yuba City, CA",2023-07-01,27,61,19,0,107,5989,1071
49700,"Yuba City, CA",2023-08-01,9,61,14,1,85,6074,1080
49700,"Yuba City, CA",2023-09-01,15,54,11,2,82,6156,1095
49700,"Yuba City, CA",2023-10-01,17,66,8,1,92,6248,1112
49700,"Yuba City, CA",2023-11-01,12,68,21,3,104,6352,1124
49700,"Yuba City, CA",2023-12-01,44,106,38,3,191,6543,1168
49700,"Yuba City, CA",2024-01-01,27,82,21,1,131,6674,1195
49700,"Yuba City, CA",2024-02-01,25,62,12,2,101,6775,1220
49700,"Yuba City, CA",2024-03-01,12,75,17,2,106,6881,1232
49700,"Yuba City, CA",2024-04-01,22,72,16,3,113,6994,1254
49700,"Yuba City, CA",2024-05-01,13,65,25,3,106,7100,1267
49700,"Yuba City, CA",2024-06-01,23,62,15,3,103,7203,1290
49700,"Yuba City, CA",2024-07-01,12,72,9,2,95,7298,1302
49700,"Yuba City, CA",2024-08-01,11,53,18,1,83,7381,1313
49700,"Yuba City, CA",2024-09-01,22,60,9,2,93,7474,1335
49700,"Yuba City, CA",2024-10-01,16,46,8,1,71,7545,1351
49700,"Yuba City, CA",2024-11-01,17,50,6,2,75,7620,1368
49700,"Yuba City, CA",2024-12-01,13,45,7,1,66,7686,1381
49700,"Yuba City, CA",2025-01-01,15,42,5,0,62,7748,1396
49700,"Yuba City, CA",2025-02-01,12,25,4,0,41,7789,1408
49700,"Yuba City, CA",2025-03-01,8,37,5,0,50,7839,1416
49700,"Yuba City, CA",2025-04-01,5,15,3,0,23,7862,1421
49700,"Yuba City, CA",2025-05-01,11,18,5,0,34,7896,1432
49700,"Yuba City, CA",2025-06-01,5,15,3,0,23,7919,1437
49700,"Yuba City, CA",2025-07-01,4,9,5,0,18,7937,1441
49700,"Yuba City, CA",2025-08-01,6,9,3,0,18,7955,1447
49700,"Yuba City, CA",2025-09-01,1,0,0,0,1,7956,1448
45520,"The Dalles, OR",2019-01-01,0,1,0,0,1,1,0
45520,"The Dalles, OR",2019-02-01,0,2,1,1,4,5,0
45520,"The Dalles, OR",2019-03-01,0,2,0,0,2,7,0
45520,"The Dalles, OR",2019-05-01,0,1,1,0,2,9,0
45520,"The Dalles, OR",2019-06-01,0,2,0,0,2,11,0
45520,"The Dalles, OR",2019-07-01,0,1,0,0,1,12,0
45520,"The Dalles, OR",2019-09-01,1,1,1,0,3,15,1
45520,"The Dalles, OR",2019-10-01,0,2,1,0,3,18,1
45520,"The Dalles, OR",2019-11-01,1,2,0,0,3,21,2
45520,"The Dalles, OR",2020-01-01,1,1,1,1,4,25,3
45520,"The Dalles, OR",2020-02-01,0,1,3,0,4,29,3
45520,"The Dalles, OR",2020-04-01,1,2,0,0,3,32,4
45520,"The Dalles, OR",2020-05-01,0,2,0,0,2,34,4
45520,"The Dalles, OR",2020-06-01,2,4,1,0,7,41,6
45520,"The Dalles, OR",2020-07-01,0,1,1,0,2,43,6
45520,"The Dalles, OR",2020-08-01,2,2,2,0,6,49,8
45520,"The Dalles, OR",2020-09-01,1,1,3,1,6,55,9
45520,"The Dalles, OR",2020-10-01,1,2,2,1,6,61,10
45520,"The Dalles, OR",2020-11-01,2,2,2,0,6,67,12
45520,"The Dalles, OR",2020-12-01,0,3,4,0,7,74,12
45520,"The Dalles, OR",2021-01-01,0,5,2,0,7,81,12
45520,"The Dalles, OR",2021-02-01,3,5,1,0,9,90,15
45520,"The Dalles, OR",2021-03-01,2,11,3,1,17,107,17
45520,"The Dalles, OR",2021-04-01,12,31,9,0,52,159,29
45520,"The Dalles, OR",2021-05-01,2,25,4,0,31,190,31
45520,"The Dalles, OR",2021-06-01,3,18,3,0,24,214,34
45520,"The Dalles, OR",2021-07-01,6,11,2,1,20,234,40
45520,"The Dalles, OR",2021-08-01,5,16,4,0,25,259,45
45520,"The Dalles, OR",2021-09-01,2,11,2,0,15,274,47
45520,"The Dalles, OR",2021-10-01,4,15,2,0,21,295,51
45520,"The Dalles, OR",2021-11-01,3,20,4,0,27,322,54
45520,"The Dalles, OR",2021-12-01,3,18,5,0,26,348,57
45520,"The Dalles, OR",2022-01-01,13,25,2,0,40,388,70
45520,"The Dalles, OR",2022-02-01,3,16,4,1,24,412,73
45520,"The Dalles, OR",2022-03-01,4,19,3,1,27,439,77
45520,"The Dalles, OR",2022-04-01,4,15,7,0,26,465,81
45520,"The Dalles, OR",2022-05-01,6,10,3,1,20,485,87
45520,"The Dalles, OR",2022-06-01,1,16,2,0,19,504,88
45520,"The Dalles, OR",2022-07-01,6,14,2,1,23,527,94
45520,"The Dalles, OR",2022-08-01,4,15,5,2,26,553,98
45520,"The Dalles, OR",2022-09-01,6,13,4,0,23,576,104
45520,"The Dalles, OR",2022-10-01,10,12,2,2,26,602,114
45520,"The Dalles, OR",2022-11-01,5,14,1,1,21,623,119
45520,"The Dalles, OR",2022-12-01,8,15,2,0,25,648,127
45520,"The Dalles, OR",2023-01-01,5,24,3,0,32,680,132
45520,"The Dalles, OR",2023-02-01,6,15,7,0,28,708,138
45520,"The Dalles, OR",2023-03-01,4,10,3,0,17,725,142
45520,"The Dalles, OR",2023-04-01,7,11,7,1,26,751,149
45520,"The Dalles, OR",2023-05-01,4,9,1,0,14,765,153
45520,"The Dalles, OR",2023-06-01,9,14,2,0,25,790,162
45520,"The Dalles, OR",2023-07-01,9,13,6,0,28,818,171
45520,"The Dalles, OR",2023-08-01,5,9,3,0,17,835,176
45520,"The Dalles, OR",2023-09-01,3,10,2,1,16,851,179
45520,"The Dalles, OR",2023-10-01,1,9,4,0,14,865,180
45520,"The Dalles, OR",2023-11-01,6,11,4,0,21,886,186
45520,"The Dalles, OR",2023-12-01,3,2,3,0,8,894,189
45520,"The Dalles, OR",2024-01-01,8,12,4,0,24,918,197
45520,"The Dalles, OR",2024-02-01,5,9,3,1,18,936,202
45520,"The Dalles, OR",2024-03-01,13,6,2,1,22,958,215
45520,"The Dalles, OR",2024-04-01,7,7,4,0,18,976,222
45520,"The Dalles, OR",2024-05-01,4,6,3,2,15,991,226
45520,"The Dalles, OR",2024-06-01,2,3,1,1,7,998,228
45520,"The Dalles, OR",2024-07-01,2,9,3,0,14,1012,230
45520,"The Dalles, OR",2024-08-01,3,6,4,0,13,1025,233
45520,"The Dalles, OR",2024-09-01,7,7,1,0,15,1040,240
45520,"The Dalles, OR",2024-10-01,7,13,0,0,20,1060,247
45520,"The Dalles, OR",2024-11-01,7,12,1,0,20,1080,254
45520,"The Dalles, OR",2024-12-01,1,6,5,0,12,1092,255
45520,"The Dalles, OR",2025-01-01,12,11,0,0,23,1115,267
45520,"The Dalles, OR",2025-02-01,6,11,1,0,18,1133,273
45520,"The Dalles, OR",2025-03-01,11,10,1,0,22,1155,284
45520,"The Dalles, OR",2025-04-01,10,7,3,1,21,1176,294
45520,"The Dalles, OR",2025-05-01,11,10,1,0,22,1198,305
45520,"The Dalles, OR",2025-06-01,6,12,3,0,21,1219,311
45520,"The Dalles, OR",2025-07-01,11,8,4,0,23,1242,322
45520,"The Dalles, OR",2025-08-01,10,10,1,1,22,1264,332
37980,"Philadelphia-Camden-Wilmington, PA-NJ-DE-MD",2019-01-01,14,710,158,16,898,898,14
37980,"Philadelphia-Camden-Wilmington, PA-NJ-DE-MD",2019-02-01,18,735,147,16,916,1814,32
37980,"Philadelphia-Camden-Wilmington, PA-NJ-DE-MD",2019-03-01,50,951,185,17,1203,3017,82
37980,"Philadelphia-Camden-Wilmington, PA-NJ-DE-MD",2019-04-01,64,905,193,21,1183,4200,146
37980,"Philadelphia-Camden-Wilmington, PA-NJ-DE-MD",2019-05-01,69,1028,185,13,1295,5495,215
37980,"Philadelphia-Camden-Wilmington, PA-NJ-DE-MD",2019-06-01,44,797,149,12,1002,6497,259
37980,"Philadelphia-Camden-Wilmington, PA-NJ-DE-MD",2019-07-01,86,1083,165,12,1346,7843,345
37980,"Philadelphia-Camden-Wilmington, PA-NJ-DE-MD",2019-08-01,82,990,189,13,1274,9117,427
37980,"Philadelphia-Camden-Wilmington, PA-NJ-DE-MD",2019-09-01,70,1028,194,20,1312,10429,497
37980,"Philadelphia-Camden-Wilmington, PA-NJ-DE-MD",2019-10-01,49,548,90,16,703,11132,546
37980,"Philadelphia-Camden-Wilmington, PA-NJ-DE-MD",2019-11-01,49,686,134,21,890,12022,595
37980,"Philadelphia-Camden-Wilmington, PA-NJ-DE-MD",2019-12-01,100,704,132,10,946,12968,695
37980,"Philadelphia-Camden-Wilmington, PA-NJ-DE-MD",2020-01-01,128,939,200,18,1285,14253,823
37980,"Philadelphia-Camden-Wilmington, PA-NJ-DE-MD",2020-02-01,58,492,100,10,660,14913,881
37980,"Philadelphia-Camden-Wilmington, PA-NJ-DE-MD",2020-03-01,164,1118,278,44,1604,16517,1045
37980,"Philadelphia-Camden-Wilmington, PA-NJ-DE-MD",2020-04-01,567,2382,647,74,3670,20187,1612
37980,"Philadelphia-Camden-Wilmington, PA-NJ-DE-MD",2020-05-01,1338,3704,701,102,5845,26032,2950
37980,"Philadelphia-Camden-Wilmington, PA-NJ-DE-MD",2020-06-01,1019,2984,542,99,4644,30676,3969
37980,"Philadelphia-Camden-Wilmington, PA-NJ-DE-MD",2020-07-01,1006,3538,876,218,5638,36314,4975
37980,"Philadelphia-Camden-Wilmington, PA-NJ-DE-MD",2020-08-01,926,4529,1206,281,6942,43256,5901
37980,"Philadelphia-Camden-Wilmington, PA-NJ-DE-MD",2020-09-01,835,4060,1049,252,6196,49452,6736
37980,"Philadelphia-Camden-Wilmington, PA-NJ-DE-MD",2020-10-01,700,3532,635,146,5013,54465,7436
37980,"Philadelphia-Camden-Wilmington, PA-NJ-DE-MD",2020-11-01,739,3353,625,158,4875,59340,8175
37980,"Philadelphia-Camden-Wilmington, PA-NJ-DE-MD",2020-12-01,946,3199,658,153,4956,64296,9121
37980,"Philadelphia-Camden-Wilmington, PA-NJ-DE-MD",2021-01-01,1153,3849,721,120,5843,70139,10274
37980,"Philadelphia-Camden-Wilmington, PA-NJ-DE-MD",2021-02-01,781,3021,863,218,4883,75022,11055
37980,"Philadelphia-Camden-Wilmington, PA-NJ-DE-MD",2021-03-01,960,3969,1216,321,6466,81488,12015
37980,"Philadelphia-Camden-Wilmington, PA-NJ-DE-MD",2021-04-01,881,4402,1049,515,6847,88335,12896
37980,"Philadelphia-Camden-Wilmington, PA-NJ-DE-MD",2021-05-01,1076,3549,665,73,5363,93698,13972
37980,"Philadelphia-Camden-Wilmington, PA-NJ-DE-MD",2021-06-01,974,3946,784,93,5797,99495,14946
37980,"Philadelphia-Camden-Wilmington, PA-NJ-DE-MD",2021-07-01,945,3581,751,110,5387,104882,15891
37980,"Philadelphia-Camden-Wilmington, PA-NJ-DE-MD",2021-08-01,815,3628,882,102,5427,110309,16706
37980,"Philadelphia-Camden-Wilmington, PA-NJ-DE-MD",2021-09-01,840,3765,981,121,5707,116016,17546
37980,"Philadelphia-Camden-Wilmington, PA-NJ-DE-MD",2021-10-01,728,3464,773,96,5061,121077,18274
37980,"Philadelphia-Camden-Wilmington, PA-NJ-DE-MD",2021-11-01,767,2994,696,57,4514,125591,19041
37980,"Philadelphia-Camden-Wilmington, PA-NJ-DE-MD",2021-12-01,1053,3047,599,77,4776,130367,20094
37980,"Philadelphia-Camden-Wilmington, PA-NJ-DE-MD",2022-01-01,1015,3330,811,93,5249,135616,21109
37980,"Philadelphia-Camden-Wilmington, PA-NJ-DE-MD",2022-02-01,721,2024,504,69,3318,138934,21830
37980,"Philadelphia-Camden-Wilmington, PA-NJ-DE-MD",2022-03-01,840,2481,593,62,3976,142910,22670
37980,"Philadelphia-Camden-Wilmington, PA-NJ-DE-MD",2022-04-01,775,2536,582,52,3945,146855,23445
37980,"Philadelphia-Camden-Wilmington, PA-NJ-DE-MD",2022-05-01,958,2486,586,47,4077,150932,24403
37980,"Philadelphia-Camden-Wilmington, PA-NJ-DE-MD",2022-06-01,492,1319,302,23,2136,153068,24895
37980,"Philadelphia-Camden-Wilmington, PA-NJ-DE-MD",2022-07-01,283,827,223,16,1349,154417,25178
37980,"Philadelphia-Camden-Wilmington, PA-NJ-DE-MD",2022-08-01,197,792,226,20,1235,155652,25375
37980,"Philadelphia-Camden-Wilmington, PA-NJ-DE-MD",2022-09-01,644,1881,495,50,3070,158722,26019
37980,"Philadelphia-Camden-Wilmington, PA-NJ-DE-MD",2022-10-01,662,1845,512,67,3086,161808,26681
37980,"Philadelphia-Camden-Wilmington, PA-NJ-DE-MD",2022-11-01,701,1994,571,56,3322,165130,27382
37980,"Philadelphia-Camden-Wilmington, PA-NJ-DE-MD",2022-12-01,1019,2097,654,52,3822,168952,28401
37980,"Philadelphia-Camden-Wilmington, PA-NJ-DE-MD",2023-01-01,874,2160,663,65,3762,172714,29275
37980,"Philadelphia-Camden-Wilmington, PA-NJ-DE-MD",2023-02-01,767,1817,587,56,3227,175941,30042
37980,"Philadelphia-Camden-Wilmington, PA-NJ-DE-MD",2023-03-01,973,2206,612,68,3859,179800,31015
37980,"Philadelphia-Camden-Wilmington, PA-NJ-DE-MD",2023-04-01,732,1976,490,58,3256,183056,31747
37980,"Philadelphia-Camden-Wilmington, PA-NJ-DE-MD",2023-05-01,662,1533,365,28,2588,185644,32409
37980,"Philadelphia-Camden-Wilmington, PA-NJ-DE-MD",2023-06-01,395,1024,225,25,1669,187313,32804
37980,"Philadelphia-Camden-Wilmington, PA-NJ-DE-MD",2023-07-01,421,1033,237,19,1710,189023,33225
37980,"Philadelphia-Camden-Wilmington, PA-NJ-DE-MD",2023-08-01,377,1361,273,20,2031,191054,33602
37980,"Philadelphia-Camden-Wilmington, PA-NJ-DE-MD",2023-09-01,621,1900,478,39,3038,194092,34223
37980,"Philadelphia-Camden-Wilmington, PA-NJ-DE-MD",2023-10-01,770,2348,650,57,3825,197917,34993
37980,"Philadelphia-Camden-Wilmington, PA-NJ-DE-MD",2023-11-01,826,2196,567,46,3635,201552,35819
37980,"Philadelphia-Camden-Wilmington, PA-NJ-DE-MD",2023-12-01,1054,2129,542,36,3761,205313,36873
37980,"Philadelphia-Camden-Wilmington, PA-NJ-DE-MD",2024-01-01,1011,2164,592,58,3825,209138,37884
37980,"Philadelphia-Camden-Wilmington, PA-NJ-DE-MD",2024-02-01,843,1951,507,55,3356,212494,38727
37980,"Philadelphia-Camden-Wilmington, PA-NJ-DE-MD",2024-03-01,952,1978,503,43,3476,215970,39679
37980,"Philadelphia-Camden-Wilmington, PA-NJ-DE-MD",2024-04-01,856,1744,418,38,3056,219026,40535
37980,"Philadelphia-Camden-Wilmington, PA-NJ-DE-MD",2024-05-01,1028,2030,447,57,3562,222588,41563
37980,"Philadelphia-Camden-Wilmington, PA-NJ-DE-MD",2024-06-01,1037,2094,476,43,3650,226238,42600
37980,"Philadelphia-Camden-Wilmington, PA-NJ-DE-MD",2024-07-01,908,1871,456,48,3283,229521,43508
37980,"Philadelphia-Camden-Wilmington, PA-NJ-DE-MD",2024-08-01,804,2009,497,48,3358,232879,44312
37980,"Philadelphia-Camden-Wilmington, PA-NJ-DE-MD",2024-09-01,546,1308,333,35,2222,235101,44858
37980,"Philadelphia-Camden-Wilmington, PA-NJ-DE-MD",2024-10-01,1039,2159,493,51,3742,238843,45897
37980,"Philadelphia-Camden-Wilmington, PA-NJ-DE-MD",2024-11-01,1131,2074,469,38,3712,242555,47028
37980,"Philadelphia-Camden-Wilmington, PA-NJ-DE-MD",2024-12-01,1271,1980,432,39,3722,246277,48299
37980,"Philadelphia-Camden-Wilmington, PA-NJ-DE-MD",2025-01-01,1279,2052,511,44,3886,250163,49578
37980,"Philadelphia-Camden-Wilmington, PA-NJ-DE-MD",2025-02-01,1042,1615,420,31,3108,253271,50620
37980,"Philadelphia-Camden-Wilmington, PA-NJ-DE-MD",2025-03-01,1220,1914,499,40,3673,256944,51840
37980,"Philadelphia-Camden-Wilmington, PA-NJ-DE-MD",2025-04-01,1272,1911,485,68,3736,260680,53112
37980,"Philadelphia-Camden-Wilmington, PA-NJ-DE-MD",2025-05-01,1495,1872,463,89,3919,264599,54607
37980,"Philadelphia-Camden-Wilmington, PA-NJ-DE-MD",2025-06-01,1469,1852,523,67,3911,268510,56076
37980,"Philadelphia-Camden-Wilmington, PA-NJ-DE-MD",2025-07-01,1353,1731,486,45,3615,272125,57429
37980,"Philadelphia-Camden-Wilmington, PA-NJ-DE-MD",2025-08-01,1081,1574,449,53,3157,275282,58510
37980,"Philadelphia-Camden-Wilmington, PA-NJ-DE-MD",2025-09-01,22,30,9,0,61,275343,58532
36780,"Oshkosh-Neenah, WI",2019-01-01,1,9,4,0,14,14,1
36780,"Oshkosh-Neenah, WI",2019-02-01,1,16,8,0,25,39,2
36780,"Oshkosh-Neenah, WI",2019-03-01,3,30,6,0,39,78,5
36780,"Oshkosh-Neenah, WI",2019-04-01,4,36,10,0,50,128,9
36780,"Oshkosh-Neenah, WI",2019-05-01,4,45,12,1,62,190,13
36780,"Oshkosh-Neenah, WI",2019-06-01,0,30,9,0,39,229,13
36780,"Oshkosh-Neenah, WI",2019-07-01,3,32,8,0,43,272,16
36780,"Oshkosh-Neenah, WI",2019-08-01,2,38,10,2,52,324,18
36780,"Oshkosh-Neenah, WI",2019-09-01,3,40,8,1,52,376,21
36780,"Oshkosh-Neenah, WI",2019-10-01,5,13,5,0,23,399,26
36780,"Oshkosh-Neenah, WI",2019-11-01,2,28,8,0,38,437,28
36780,"Oshkosh-Neenah, WI",2019-12-01,4,26,5,0,35,472,32
36780,"Oshkosh-Neenah, WI",2020-01-01,9,36,16,1,62,534,41
36780,"Oshkosh-Neenah, WI",2020-02-01,6,28,8,0,42,576,47
36780,"Oshkosh-Neenah, WI",2020-03-01,13,55,10,1,79,655,60
36780,"Oshkosh-Neenah, WI",2020-04-01,43,95,26,3,167,822,103
36780,"Oshkosh-Neenah, WI",2020-05-01,32,83,14,1,130,952,135
36780,"Oshkosh-Neenah, WI",2020-06-01,20,40,4,0,64,1016,155
36780,"Oshkosh-Neenah, WI",2020-07-01,36,97,14,0,147,1163,191
36780,"Oshkosh-Neenah, WI",2020-08-01,42,110,20,2,174,1337,233
36780,"Oshkosh-Neenah, WI",2020-09-01,33,80,21,2,136,1473,266
36780,"Oshkosh-Neenah, WI",2020-10-01,40,76,14,0,130,1603,306
36780,"Oshkosh-Neenah, WI",2020-11-01,20,37,7,0,64,1667,326
36780,"Oshkosh-Neenah, WI",2020-12-01,28,49,5,0,82,1749,354
36780,"Oshkosh-Neenah, WI",2021-01-01,84,132,34,2,252,2001,438
36780,"Oshkosh-Neenah, WI",2021-02-01,76,133,23,1,233,2234,514
36780,"Oshkosh-Neenah, WI",2021-03-01,93,123,31,2,249,2483,607
36780,"Oshkosh-Neenah, WI",2021-04-01,77,96,23,2,198,2681,684
36780,"Oshkosh-Neenah, WI",2021-05-01,56,78,15,2,151,2832,740
36780,"Oshkosh-Neenah, WI",2021-06-01,31,78,19,3,131,2963,771
36780,"Oshkosh-Neenah, WI",2021-07-01,46,70,10,1,127,3090,817
36780,"Oshkosh-Neenah, WI",2021-08-01,28,64,12,0,104,3194,845
36780,"Oshkosh-Neenah, WI",2021-09-01,38,67,20,2,127,3321,883
36780,"Oshkosh-Neenah, WI",2021-10-01,21,34,18,0,73,3394,904
36780,"Oshkosh-Neenah, WI",2021-11-01,36,60,13,1,110,3504,940
36780,"Oshkosh-Neenah, WI",2021-12-01,99,94,31,1,225,3729,1039
36780,"Oshkosh-Neenah, WI",2022-01-01,128,197,39,0,364,4093,1167
36780,"Oshkosh-Neenah, WI",2022-02-01,64,111,34,3,212,4305,1231
36780,"Oshkosh-Neenah, WI",2022-03-01,62,99,27,3,191,4496,1293
36780,"Oshkosh-Neenah, WI",2022-04-01,57,95,26,2,180,4676,1350
36780,"Oshkosh-Neenah, WI",2022-05-01,61,63,22,1,147,4823,1411
36780,"Oshkosh-Neenah, WI",2022-06-01,40,43,10,1,94,4917,1451
36780,"Oshkosh-Neenah, WI",2022-07-01,56,68,25,1,150,5067,1507
36780,"Oshkosh-Neenah, WI",2022-08-01,36,78,22,4,140,5207,1543
36780,"Oshkosh-Neenah, WI",2022-09-01,43,79,21,4,147,5354,1586
36780,"Oshkosh-Neenah, WI",2022-10-01,76,111,30,1,218,5572,1662
36780,"Oshkosh-Neenah, WI",2022-11-01,71,83,29,1,184,5756,1733
36780,"Oshkosh-Neenah, WI",2022-12-01,94,77,18,1,190,5946,1827
36780,"Oshkosh-Neenah, WI",2023-01-01,99,123,32,0,254,6200,1926
36780,"Oshkosh-Neenah, WI",2023-02-01,98,109,49,1,257,6457,2024
36780,"Oshkosh-Neenah, WI",2023-03-01,100,143,43,1,287,6744,2124
36780,"Oshkosh-Neenah, WI",2023-04-01,81,115,37,1,234,6978,2205
36780,"Oshkosh-Neenah, WI",2023-05-01,38,60,12,2,112,7090,2243
36780,"Oshkosh-Neenah, WI",2023-06-01,30,45,10,0,85,7175,2273
36780,"Oshkosh-Neenah, WI",2023-07-01,29,48,14,0,91,7266,2302
36780,"Oshkosh-Neenah, WI",2023-08-01,38,65,20,2,125,7391,2340
36780,"Oshkosh-Neenah, WI",2023-09-01,66,102,25,3,196,7587,2406
36780,"Oshkosh-Neenah, WI",2023-10-01,63,101,35,0,199,7786,2469
36780,"Oshkosh-Neenah, WI",2023-11-01,117,130,39,4,290,8076,2586
36780,"Oshkosh-Neenah, WI",2023-12-01,88,109,28,4,229,8305,2674
36780,"Oshkosh-Neenah, WI",2024-01-01,102,83,34,2,221,8526,2776
36780,"Oshkosh-Neenah, WI",2024-02-01,102,84,37,5,228,8754,2878
36780,"Oshkosh-Neenah, WI",2024-03-01,90,96,37,1,224,8978,2968
36780,"Oshkosh-Neenah, WI",2024-04-01,85,90,30,2,207,9185,3053
36780,"Oshkosh-Neenah, WI",2024-05-01,85,92,24,3,204,9389,3138
36780,"Oshkosh-Neenah, WI",2024-06-01,95,106,43,1,245,9634,3233
36780,"Oshkosh-Neenah, WI",2024-07-01,52,91,26,0,169,9803,3285
36780,"Oshkosh-Neenah, WI",2024-08-01,53,63,16,0,132,9935,3338
36780,"Oshkosh-Neenah, WI",2024-09-01,52,79,24,3,158,10093,3390
36780,"Oshkosh-Neenah, WI",2024-10-01,99,160,40,4,303,10396,3489
36780,"Oshkosh-Neenah, WI",2024-11-01,98,111,38,3,250,10646,3587
36780,"Oshkosh-Neenah, WI",2024-12-01,111,100,26,2,239,10885,3698
36780,"Oshkosh-Neenah, WI",2025-01-01,139,118,31,3,291,11176,3837
36780,"Oshkosh-Neenah, WI",2025-02-01,110,93,28,2,233,11409,3947
36780,"Oshkosh-Neenah, WI",2025-03-01,153,125,34,0,312,11721,4100
36780,"Oshkosh-Neenah, WI",2025-04-01,101,103,28,5,237,11958,4201
36780,"Oshkosh-Neenah, WI",2025-05-01,123,101,29,1,254,12212,4324
36780,"Oshkosh-Neenah, WI",2025-06-01,143,115,35,2,295,12507,4467
36780,"Oshkosh-Neenah, WI",2025-07-01,93,90,29,3,215,12722,4560
36780,"Oshkosh-Neenah, WI",2025-08-01,88,75,23,0,186,12908,4648
36780,"Oshkosh-Neenah, WI",2025-09-01,1,3,0,0,4,12912,4649
32940,"Meridian, MS",2019-01-01,0,4,0,0,4,4,0
32940,"Meridian, MS",2019-02-01,0,1,0,1,2,6,0
32940,"Meridian, MS",2019-03-01,0,2,1,0,3,9,0
32940,"Meridian, MS",2019-04-01,0,2,0,0,2,11,0
32940,"Meridian, MS",2019-05-01,0,4,2,0,6,17,0
32940,"Meridian, MS",2019-06-01,1,6,2,0,9,26,1
32940,"Meridian, MS",2019-07-01,1,7,3,0,11,37,2
32940,"Meridian, MS",2019-08-01,0,2,4,1,7,44,2
32940,"Meridian, MS",2019-09-01,1,12,1,0,14,58,3
32940,"Meridian, MS",2019-10-01,0,13,2,0,15,73,3
32940,"Meridian, MS",2019-11-01,0,10,5,1,16,89,3
32940,"Meridian, MS",2019-12-01,0,11,0,0,11,100,3
32940,"Meridian, MS",2020-01-01,1,6,3,0,10,110,4
32940,"Meridian, MS",2020-02-01,1,19,1,0,21,131,5
32940,"Meridian, MS",2020-03-01,0,14,3,0,17,148,5
32940,"Meridian, MS",2020-04-01,7,28,7,3,45,193,12
32940,"Meridian, MS",2020-05-01,8,40,6,0,54,247,20
32940,"Meridian, MS",2020-06-01,7,31,9,0,47,294,27
32940,"Meridian, MS",2020-07-01,6,23,4,1,34,328,33
32940,"Meridian, MS",2020-08-01,14,52,13,1,80,408,47
32940,"Meridian, MS",2020-09-01,10,40,12,1,63,471,57
32940,"Meridian, MS",2020-10-01,11,26,7,1,45,516,68
32940,"Meridian, MS",2020-11-01,8,42,3,0,53,569,76
32940,"Meridian, MS",2020-12-01,8,31,7,0,46,615,84
32940,"Meridian, MS",2021-01-01,22,41,10,1,74,689,106
32940,"Meridian, MS",2021-02-01,8,34,8,0,50,739,114
32940,"Meridian, MS",2021-03-01,22,30,9,3,64,803,136
32940,"Meridian, MS",2021-04-01,20,56,12,1,89,892,156
32940,"Meridian, MS",2021-05-01,24,59,16,0,99,991,180
32940,"Meridian, MS",2021-06-01,22,60,15,0,97,1088,202
32940,"Meridian, MS",2021-07-01,22,52,9,1,84,1172,224
32940,"Meridian, MS",2021-08-01,16,45,10,0,71,1243,240
32940,"Meridian, MS",2021-09-01,13,35,5,2,55,1298,253
32940,"Meridian, MS",2021-10-01,7,26,7,2,42,1340,260
32940,"Meridian, MS",2021-11-01,9,36,10,1,56,1396,269
32940,"Meridian, MS",2021-12-01,15,42,15,0,72,1468,284
32940,"Meridian, MS",2022-01-01,14,47,14,0,75,1543,298
32940,"Meridian, MS",2022-02-01,9,24,6,0,39,1582,307
32940,"Meridian, MS",2022-03-01,15,64,16,1,96,1678,322
32940,"Meridian, MS",2022-04-01,15,45,12,2,74,1752,337
32940,"Meridian, MS",2022-05-01,14,51,10,1,76,1828,351
32940,"Meridian, MS",2022-06-01,15,45,9,2,71,1899,366
32940,"Meridian, MS",2022-07-01,18,33,3,1,55,1954,384
32940,"Meridian, MS",2022-08-01,13,49,9,1,72,2026,397
32940,"Meridian, MS",2022-09-01,22,30,9,3,64,2090,419
32940,"Meridian, MS",2022-10-01,19,36,7,1,63,2153,438
32940,"Meridian, MS",2022-11-01,22,37,16,2,77,2230,460
32940,"Meridian, MS",2022-12-01,25,41,15,3,84,2314,485
32940,"Meridian, MS",2023-01-01,19,31,9,0,59,2373,504
32940,"Meridian, MS",2023-02-01,21,38,12,0,71,2444,525
32940,"Meridian, MS",2023-03-01,30,72,16,1,119,2563,555
32940,"Meridian, MS",2023-04-01,21,44,14,1,80,2643,576
32940,"Meridian, MS",2023-05-01,22,35,9,0,66,2709,598
32940,"Meridian, MS",2023-06-01,9,28,6,2,45,2754,607
32940,"Meridian, MS",2023-07-01,17,34,7,0,58,2812,624
32940,"Meridian, MS",2023-08-01,8,30,8,0,46,2858,632
32940,"Meridian, MS",2023-09-01,21,32,8,1,62,2920,653
32940,"Meridian, MS",2023-10-01,21,40,9,1,71,2991,674
32940,"Meridian, MS",2023-11-01,28,43,13,1,85,3076,702
32940,"Meridian, MS",2023-12-01,28,40,8,2,78,3154,730
32940,"Meridian, MS",2024-01-01,27,37,10,1,75,3229,757
32940,"Meridian, MS",2024-02-01,30,41,12,1,84,3313,787
32940,"Meridian, MS",2024-03-01,28,47,18,1,94,3407,815
32940,"Meridian, MS",2024-04-01,20,42,11,3,76,3483,835
32940,"Meridian, MS",2024-05-01,34,39,9,1,83,3566,869
32940,"Meridian, MS",2024-06-01,22,39,7,0,68,3634,891
32940,"Meridian, MS",2024-07-01,35,29,11,2,77,3711,926
32940,"Meridian, MS",2024-08-01,30,45,8,1,84,3795,956
32940,"Meridian, MS",2024-09-01,38,33,8,0,79,3874,994
32940,"Meridian, MS",2024-10-01,49,51,15,2,117,3991,1043
32940,"Meridian, MS",2024-11-01,51,41,4,3,99,4090,1094
32940,"Meridian, MS",2024-12-01,38,37,6,0,81,4171,1132
32940,"Meridian, MS",2025-01-01,32,45,14,0,91,4262,1164
32940,"Meridian, MS",2025-02-01,39,32,16,1,88,4350,1203
32940,"Meridian, MS",2025-03-01,57,44,12,3,116,4466,1260
32940,"Meridian, MS",2025-04-01,63,52,18,1,134,4600,1323
32940,"Meridian, MS",2025-05-01,63,58,16,0,137,4737,1386
32940,"Meridian, MS",2025-06-01,65,43,18,3,129,4866,1451
32940,"Meridian, MS",2025-07-01,54,49,18,1,122,4988,1505
32940,"Meridian, MS",2025-08-01,34,46,11,1,92,5080,1539
32940,"Meridian, MS",2025-09-01,1,2,0,0,3,5083,1540
12900,"Batesville, AR",2019-03-01,0,2,0,0,2,2,0
12900,"Batesville, AR",2019-05-01,0,0,1,0,1,3,0
12900,"Batesville, AR",2019-07-01,0,0,1,0,1,4,0
12900,"Batesville, AR",2019-08-01,0,1,2,0,3,7,0
12900,"Batesville, AR",2019-10-01,0,2,0,0,2,9,0
12900,"Batesville, AR",2019-11-01,0,1,0,0,1,10,0
12900,"Batesville, AR",2019-12-01,0,0,1,0,1,11,0
12900,"Batesville, AR",2020-01-01,0,1,0,0,1,12,0
12900,"Batesville, AR",2020-02-01,0,4,0,0,4,16,0
12900,"Batesville, AR",2020-03-01,2,3,0,0,5,21,2
12900,"Batesville, AR",2020-04-01,0,1,2,0,3,24,2
12900,"Batesville, AR",2020-05-01,0,7,0,0,7,31,2
12900,"Batesville, AR",2020-06-01,2,3,0,0,5,36,4
12900,"Batesville, AR",2020-07-01,1,5,1,0,7,43,5
12900,"Batesville, AR",2020-08-01,0,2,1,0,3,46,5
12900,"Batesville, AR",2020-09-01,1,6,3,1,11,57,6
12900,"Batesville, AR",2020-10-01,1,9,2,0,12,69,7
12900,"Batesville, AR",2020-11-01,1,4,0,0,5,74,8
12900,"Batesville, AR",2020-12-01,2,10,3,0,15,89,10
12900,"Batesville, AR",2021-01-01,4,12,2,1,19,108,14
12900,"Batesville, AR",2021-02-01,4,10,2,0,16,124,18
12900,"Batesville, AR",2021-03-01,5,21,2,0,28,152,23
12900,"Batesville, AR",2021-04-01,4,19,5,0,28,180,27
12900,"Batesville, AR",2021-05-01,7,25,2,0,34,214,34
12900,"Batesville, AR",2021-06-01,4,18,3,0,25,239,38
12900,"Batesville, AR",2021-07-01,4,23,7,0,34,273,42
12900,"Batesville, AR",2021-08-01,6,20,2,0,28,301,48
12900,"Batesville, AR",2021-09-01,5,13,5,2,25,326,53
12900,"Batesville, AR",2021-10-01,4,16,4,0,24,350,57
12900,"Batesville, AR",2021-11-01,3,12,4,0,19,369,60
12900,"Batesville, AR",2021-12-01,7,12,4,0,23,392,67
12900,"Batesville, AR",2022-01-01,6,18,3,0,27,419,73
12900,"Batesville, AR",2022-02-01,4,19,3,0,26,445,77
12900,"Batesville, AR",2022-03-01,5,14,2,0,21,466,82
12900,"Batesville, AR",2022-04-01,8,10,4,0,22,488,90
12900,"Batesville, AR",2022-05-01,3,15,2,1,21,509,93
12900,"Batesville, AR",2022-06-01,4,12,0,1,17,526,97
12900,"Batesville, AR",2022-07-01,4,15,3,1,23,549,101
12900,"Batesville, AR",2022-08-01,4,9,5,0,18,567,105
12900,"Batesville, AR",2022-09-01,11,10,5,1,27,594,116
12900,"Batesville, AR",2022-10-01,3,4,7,0,14,608,119
12900,"Batesville, AR",2022-11-01,11,12,4,0,27,635,130
12900,"Batesville, AR",2022-12-01,5,14,0,0,19,654,135
12900,"Batesville, AR",2023-01-01,7,13,7,0,27,681,142
12900,"Batesville, AR",2023-02-01,4,13,1,1,19,700,146
12900,"Batesville, AR",2023-03-01,10,26,6,0,42,742,156
12900,"Batesville, AR",2023-04-01,9,9,5,1,24,766,165
12900,"Batesville, AR",2023-05-01,5,17,2,1,25,791,170
12900,"Batesville, AR",2023-06-01,9,7,4,0,20,811,179
12900,"Batesville, AR",2023-07-01,8,16,0,1,25,836,187
12900,"Batesville, AR",2023-08-01,6,12,1,1,20,856,193
12900,"Batesville, AR",2023-09-01,5,12,4,1,22,878,198
12900,"Batesville, AR",2023-10-01,8,13,4,0,25,903,206
12900,"Batesville, AR",2023-11-01,10,5,4,1,20,923,216
12900,"Batesville, AR",2023-12-01,7,14,6,1,28,951,223
12900,"Batesville, AR",2024-01-01,13,15,3,0,31,982,236
12900,"Batesville, AR",2024-02-01,12,17,4,1,34,1016,248
12900,"Batesville, AR",2024-03-01,20,16,4,0,40,1056,268
12900,"Batesville, AR",2024-04-01,9,17,5,0,31,1087,277
12900,"Batesville, AR",2024-05-01,20,17,3,0,40,1127,297
12900,"Batesville, AR",2024-06-01,11,7,6,0,24,1151,308
12900,"Batesville, AR",2024-07-01,10,8,3,0,21,1172,318
12900,"Batesville, AR",2024-08-01,12,9,2,0,23,1195,330
12900,"Batesville, AR",2024-09-01,4,4,4,0,12,1207,334
12900,"Batesville, AR",2024-10-01,17,10,6,0,33,1240,351
12900,"Batesville, AR",2024-11-01,18,14,3,1,36,1276,369
12900,"Batesville, AR",2024-12-01,13,20,4,0,37,1313,382
12900,"Batesville, AR",2025-01-01,26,15,7,0,48,1361,408
12900,"Batesville, AR",2025-02-01,24,10,5,0,39,1400,432
12900,"Batesville, AR",2025-03-01,18,16,7,0,41,1441,450
12900,"Batesville, AR",2025-04-01,18,22,2,1,43,1484,468
12900,"Batesville, AR",2025-05-01,21,24,6,2,53,1537,489
12900,"Batesville, AR",2025-06-01,32,25,9,1,67,1604,521
12900,"Batesville, AR",2025-07-01,19,32,15,0,66,1670,540
12900,"Batesville, AR",2025-08-01,16,17,6,2,41,1711,556
45740,"Toccoa, GA",2019-01-01,0,1,2,0,3,3,0
45740,"Toccoa, GA",2019-03-01,0,1,0,0,1,4,0
45740,"Toccoa, GA",2019-04-01,0,3,1,0,4,8,0
45740,"Toccoa, GA",2019-05-01,0,1,1,0,2,10,0
45740,"Toccoa, GA",2019-06-01,0,2,2,0,4,14,0
45740,"Toccoa, GA",2019-08-01,0,0,1,0,1,15,0
45740,"Toccoa, GA",2019-10-01,0,4,1,0,5,20,0
45740,"Toccoa, GA",2019-11-01,0,1,0,0,1,21,0
45740,"Toccoa, GA",2019-12-01,0,1,1,0,2,23,0
45740,"Toccoa, GA",2020-01-01,0,1,1,0,2,25,0
45740,"Toccoa, GA",2020-02-01,0,2,0,0,2,27,0
45740,"Toccoa, GA",2020-04-01,0,3,0,0,3,30,0
45740,"Toccoa, GA",2020-05-01,1,3,0,0,4,34,1
45740,"Toccoa, GA",2020-06-01,2,6,1,0,9,43,3
45740,"Toccoa, GA",2020-07-01,0,2,1,0,3,46,3
45740,"Toccoa, GA",2020-08-01,1,6,2,0,9,55,4
45740,"Toccoa, GA",2020-09-01,1,7,2,0,10,65,5
45740,"Toccoa, GA",2020-10-01,0,12,1,0,13,78,5
45740,"Toccoa, GA",2020-11-01,2,2,2,0,6,84,7
45740,"Toccoa, GA",2020-12-01,1,10,3,0,14,98,8
45740,"Toccoa, GA",2021-01-01,4,9,2,0,15,113,12
45740,"Toccoa, GA",2021-02-01,1,16,2,0,19,132,13
45740,"Toccoa, GA",2021-03-01,6,29,1,1,37,169,19
45740,"Toccoa, GA",2021-04-01,4,21,5,0,30,199,23
45740,"Toccoa, GA",2021-05-01,7,31,6,0,44,243,30
45740,"Toccoa, GA",2021-06-01,2,22,6,0,30,273,32
45740,"Toccoa, GA",2021-07-01,7,26,9,0,42,315,39
45740,"Toccoa, GA",2021-08-01,6,17,7,1,31,346,45
45740,"Toccoa, GA",2021-09-01,4,20,5,0,29,375,49
45740,"Toccoa, GA",2021-10-01,8,22,3,0,33,408,57
45740,"Toccoa, GA",2021-11-01,6,22,5,1,34,442,63
45740,"Toccoa, GA",2021-12-01,7,34,4,0,45,487,70
45740,"Toccoa, GA",2022-01-01,9,16,8,1,34,521,79
45740,"Toccoa, GA",2022-02-01,3,28,5,0,36,557,82
45740,"Toccoa, GA",2022-03-01,8,23,9,2,42,599,90
45740,"Toccoa, GA",2022-04-01,10,26,8,1,45,644,100
45740,"Toccoa, GA",2022-05-01,9,28,9,1,47,691,109
45740,"Toccoa, GA",2022-06-01,8,17,6,1,32,723,117
45740,"Toccoa, GA",2022-07-01,8,10,3,1,22,745,125
45740,"Toccoa, GA",2022-08-01,8,28,4,1,41,786,133
45740,"Toccoa, GA",2022-09-01,13,16,6,2,37,823,146
45740,"Toccoa, GA",2022-10-01,7,31,8,0,46,869,153
45740,"Toccoa, GA",2022-11-01,9,16,14,1,40,909,162
45740,"Toccoa, GA",2022-12-01,12,21,12,0,45,954,174
45740,"Toccoa, GA",2023-01-01,14,20,6,1,41,995,188
45740,"Toccoa, GA",2023-02-01,4,16,7,0,27,1022,192
45740,"Toccoa, GA",2023-03-01,10,22,7,0,39,1061,202
45740,"Toccoa, GA",2023-04-01,15,23,9,0,47,1108,217
45740,"Toccoa, GA",2023-05-01,11,18,3,0,32,1140,228
45740,"Toccoa, GA",2023-06-01,9,19,5,1,34,1174,237
45740,"Toccoa, GA",2023-07-01,7,12,4,0,23,1197,244
45740,"Toccoa, GA",2023-08-01,11,24,5,2,42,1239,255
45740,"Toccoa, GA",2023-09-01,7,24,7,0,38,1277,262
45740,"Toccoa, GA",2023-10-01,11,16,8,1,36,1313,273
45740,"Toccoa, GA",2023-11-01,15,19,5,2,41,1354,288
45740,"Toccoa, GA",2023-12-01,16,15,10,1,42,1396,304
45740,"Toccoa, GA",2024-01-01,9,22,10,0,41,1437,313
45740,"Toccoa, GA",2024-02-01,11,15,6,1,33,1470,324
45740,"Toccoa, GA",2024-03-01,9,20,7,1,37,1507,333
45740,"Toccoa, GA",2024-04-01,10,16,9,0,35,1542,343
45740,"Toccoa, GA",2024-05-01,12,22,8,1,43,1585,355
45740,"Toccoa, GA",2024-06-01,7,21,5,0,33,1618,362
45740,"Toccoa, GA",2024-07-01,5,8,5,1,19,1637,367
45740,"Toccoa, GA",2024-08-01,4,19,3,1,27,1664,371
45740,"Toccoa, GA",2024-09-01,5,23,12,3,43,1707,376
45740,"Toccoa, GA",2024-10-01,9,28,8,0,45,1752,385
45740,"Toccoa, GA",2024-11-01,7,27,10,1,45,1797,392
45740,"Toccoa, GA",2024-12-01,11,16,10,1,38,1835,403
45740,"Toccoa, GA",2025-01-01,9,16,10,0,35,1870,412
45740,"Toccoa, GA",2025-02-01,11,18,7,1,37,1907,423
45740,"Toccoa, GA",2025-03-01,2,23,5,0,30,1937,425
45740,"Toccoa, GA",2025-04-01,10,11,8,1,30,1967,435
45740,"Toccoa, GA",2025-05-01,15,16,7,0,38,2005,450
45740,"Toccoa, GA",2025-06-01,9,13,9,0,31,2036,459
45740,"Toccoa, GA",2025-07-01,7,16,3,0,26,2062,466
45740,"Toccoa, GA",2025-08-01,5,17,9,0,31,2093,471
45740,"Toccoa, GA",2025-09-01,2,0,0,0,2,2095,473
31540,"Madison, WI",2019-01-01,1,41,10,0,52,52,1
31540,"Madison, WI",2019-02-01,2,44,10,1,57,109,3
31540,"Madison, WI",2019-03-01,5,77,19,0,101,210,8
31540,"Madison, WI",2019-04-01,3,88,27,1,119,329,11
31540,"Madison, WI",2019-05-01,4,89,19,2,114,443,15
31540,"Madison, WI",2019-06-01,3,81,21,1,106,549,18
31540,"Madison, WI",2019-07-01,11,78,30,1,120,669,29
31540,"Madison, WI",2019-08-01,11,77,18,1,107,776,40
31540,"Madison, WI",2019-09-01,6,100,31,3,140,916,46
31540,"Madison, WI",2019-10-01,7,77,17,0,101,1017,53
31540,"Madison, WI",2019-11-01,14,88,21,0,123,1140,67
31540,"Madison, WI",2019-12-01,13,90,22,0,125,1265,80
31540,"Madison, WI",2020-01-01,16,97,24,2,139,1404,96
31540,"Madison, WI",2020-02-01,23,101,30,2,156,1560,119
31540,"Madison, WI",2020-03-01,34,156,43,2,235,1795,153
31540,"Madison, WI",2020-04-01,120,268,67,6,461,2256,273
31540,"Madison, WI",2020-05-01,86,251,42,7,386,2642,359
31540,"Madison, WI",2020-06-01,117,212,38,2,369,3011,476
31540,"Madison, WI",2020-07-01,116,339,56,7,518,3529,592
31540,"Madison, WI",2020-08-01,95,314,59,11,479,4008,687
31540,"Madison, WI",2020-09-01,85,287,62,7,441,4449,772
31540,"Madison, WI",2020-10-01,99,277,47,9,432,4881,871
31540,"Madison, WI",2020-11-01,103,234,52,6,395,5276,974
31540,"Madison, WI",2020-12-01,79,144,29,3,255,5531,1053
31540,"Madison, WI",2021-01-01,159,270,57,7,493,6024,1212
31540,"Madison, WI",2021-02-01,137,308,56,7,508,6532,1349
31540,"Madison, WI",2021-03-01,148,307,83,6,544,7076,1497
31540,"Madison, WI",2021-04-01,128,301,57,5,491,7567,1625
31540,"Madison, WI",2021-05-01,167,282,63,6,518,8085,1792
31540,"Madison, WI",2021-06-01,98,285,49,9,441,8526,1890
31540,"Madison, WI",2021-07-01,88,216,41,4,349,8875,1978
31540,"Madison, WI",2021-08-01,96,242,62,8,408,9283,2074
31540,"Madison, WI",2021-09-01,116,302,85,9,512,9795,2190
31540,"Madison, WI",2021-10-01,95,335,83,12,525,10320,2285
31540,"Madison, WI",2021-11-01,124,288,79,7,498,10818,2409
31540,"Madison, WI",2021-12-01,189,351,106,18,664,11482,2598
31540,"Madison, WI",2022-01-01,249,413,118,16,796,12278,2847
31540,"Madison, WI",2022-02-01,169,326,93,7,595,12873,3016
31540,"Madison, WI",2022-03-01,165,350,99,20,634,13507,3181
31540,"Madison, WI",2022-04-01,145,291,88,21,545,14052,3326
31540,"Madison, WI",2022-05-01,177,292,89,8,566,14618,3503
31540,"Madison, WI",2022-06-01,109,166,56,7,338,14956,3612
31540,"Madison, WI",2022-07-01,147,231,95,14,487,15443,3759
31540,"Madison, WI",2022-08-01,127,266,86,12,491,15934,3886
31540,"Madison, WI",2022-09-01,137,307,101,15,560,16494,4023
31540,"Madison, WI",2022-10-01,140,301,98,13,552,17046,4163
31540,"Madison, WI",2022-11-01,175,319,102,16,612,17658,4338
31540,"Madison, WI",2022-12-01,201,286,120,18,625,18283,4539
31540,"Madison, WI",2023-01-01,204,360,123,13,700,18983,4743
31540,"Madison, WI",2023-02-01,182,307,125,14,628,19611,4925
31540,"Madison, WI",2023-03-01,213,389,117,15,734,20345,5138
31540,"Madison, WI",2023-04-01,173,337,117,17,644,20989,5311
31540,"Madison, WI",2023-05-01,141,234,64,6,445,21434,5452
31540,"Madison, WI",2023-06-01,118,206,64,4,392,21826,5570
31540,"Madison, WI",2023-07-01,109,224,80,9,422,22248,5679
31540,"Madison, WI",2023-08-01,172,315,108,11,606,22854,5851
31540,"Madison, WI",2023-09-01,200,408,132,16,756,23610,6051
31540,"Madison, WI",2023-10-01,227,487,162,11,887,24497,6278
31540,"Madison, WI",2023-11-01,239,517,165,15,936,25433,6517
31540,"Madison, WI",2023-12-01,289,516,162,19,986,26419,6806
31540,"Madison, WI",2024-01-01,398,563,189,33,1183,27602,7204
31540,"Madison, WI",2024-02-01,377,557,210,26,1170,28772,7581
31540,"Madison, WI",2024-03-01,267,487,154,15,923,29695,7848
31540,"Madison, WI",2024-04-01,246,409,139,10,804,30499,8094
31540,"Madison, WI",2024-05-01,319,480,124,21,944,31443,8413
31540,"Madison, WI",2024-06-01,235,406,138,11,790,32233,8648
31540,"Madison, WI",2024-07-01,202,394,108,8,712,32945,8850
31540,"Madison, WI",2024-08-01,172,369,101,9,651,33596,9022
31540,"Madison, WI",2024-09-01,170,309,86,12,577,34173,9192
31540,"Madison, WI",2024-10-01,229,372,134,12,747,34920,9421
31540,"Madison, WI",2024-11-01,258,344,130,14,746,35666,9679
31540,"Madison, WI",2024-12-01,293,358,101,17,769,36435,9972
31540,"Madison, WI",2025-01-01,283,339,101,9,732,37167,10255
31540,"Madison, WI",2025-02-01,230,285,98,8,621,37788,10485
31540,"Madison, WI",2025-03-01,226,297,79,9,611,38399,10711
31540,"Madison, WI",2025-04-01,205,256,84,20,565,38964,10916
31540,"Madison, WI",2025-05-01,260,283,54,4,601,39565,11176
31540,"Madison, WI",2025-06-01,281,240,64,3,588,40153,11457
31540,"Madison, WI",2025-07-01,249,239,75,2,565,40718,11706
31540,"Madison, WI",2025-08-01,153,178,34,8,373,41091,11859
31540,"Madison, WI",2025-09-01,7,4,1,0,12,41103,11866
30380,"Lewistown, PA",2019-02-01,0,0,1,0,1,1,0
30380,"Lewistown, PA",2019-03-01,0,1,1,0,2,3,0
30380,"Lewistown, PA",2019-04-01,0,0,2,0,2,5,0
30380,"Lewistown, PA",2019-06-01,0,0,1,0,1,6,0
30380,"Lewistown, PA",2019-07-01,0,0,1,0,1,7,0
30380,"Lewistown, PA",2019-08-01,0,0,1,0,1,8,0
30380,"Lewistown, PA",2019-09-01,0,1,0,0,1,9,0
30380,"Lewistown, PA",2019-10-01,0,4,0,0,4,13,0
30380,"Lewistown, PA",2019-12-01,0,3,0,0,3,16,0
30380,"Lewistown, PA",2020-01-01,0,1,0,0,1,17,0
30380,"Lewistown, PA",2020-02-01,0,2,0,1,3,20,0
30380,"Lewistown, PA",2020-03-01,0,2,0,0,2,22,0
30380,"Lewistown, PA",2020-04-01,1,2,1,0,4,26,1
30380,"Lewistown, PA",2020-05-01,4,2,1,0,7,33,5
30380,"Lewistown, PA",2020-06-01,1,1,0,0,2,35,6
30380,"Lewistown, PA",2020-07-01,0,2,3,0,5,40,6
30380,"Lewistown, PA",2020-08-01,1,5,1,0,7,47,7
30380,"Lewistown, PA",2020-09-01,2,1,0,1,4,51,9
30380,"Lewistown, PA",2020-10-01,2,4,0,0,6,57,11
30380,"Lewistown, PA",2020-11-01,0,4,0,1,5,62,11
30380,"Lewistown, PA",2020-12-01,0,4,0,0,4,66,11
30380,"Lewistown, PA",2021-01-01,0,6,0,1,7,73,11
30380,"Lewistown, PA",2021-02-01,1,2,1,0,4,77,12
30380,"Lewistown, PA",2021-03-01,1,2,6,0,9,86,13
30380,"Lewistown, PA",2021-04-01,9,24,5,0,38,124,22
30380,"Lewistown, PA",2021-05-01,6,17,3,0,26,150,28
30380,"Lewistown, PA",2021-06-01,7,15,10,0,32,182,35
30380,"Lewistown, PA",2021-07-01,3,19,1,0,23,205,38
30380,"Lewistown, PA",2021-08-01,5,18,6,0,29,234,43
30380,"Lewistown, PA",2021-09-01,10,20,3,0,33,267,53
30380,"Lewistown, PA",2021-10-01,5,18,6,0,29,296,58
30380,"Lewistown, PA",2021-11-01,5,17,4,1,27,323,63
30380,"Lewistown, PA",2021-12-01,3,12,2,1,18,341,66
30380,"Lewistown, PA",2022-01-01,2,18,3,0,23,364,68
30380,"Lewistown, PA",2022-02-01,3,10,3,0,16,380,71
30380,"Lewistown, PA",2022-03-01,8,8,3,0,19,399,79
30380,"Lewistown, PA",2022-04-01,7,13,6,0,26,425,86
30380,"Lewistown, PA",2022-05-01,3,7,3,0,13,438,89
30380,"Lewistown, PA",2022-06-01,2,5,1,0,8,446,91
30380,"Lewistown, PA",2022-07-01,4,12,8,0,24,470,95
30380,"Lewistown, PA",2022-08-01,11,23,6,1,41,511,106
30380,"Lewistown, PA",2022-09-01,3,9,8,1,21,532,109
30380,"Lewistown, PA",2022-10-01,5,13,6,0,24,556,114
30380,"Lewistown, PA",2022-11-01,9,12,3,0,24,580,123
30380,"Lewistown, PA",2022-12-01,6,4,6,0,16,596,129
30380,"Lewistown, PA",2023-01-01,8,13,3,1,25,621,137
30380,"Lewistown, PA",2023-02-01,6,9,3,0,18,639,143
30380,"Lewistown, PA",2023-03-01,3,18,2,1,24,663,146
30380,"Lewistown, PA",2023-04-01,7,7,6,0,20,683,153
30380,"Lewistown, PA",2023-05-01,3,12,6,0,21,704,156
30380,"Lewistown, PA",2023-06-01,6,8,2,0,16,720,162
30380,"Lewistown, PA",2023-07-01,8,0,2,0,10,730,170
30380,"Lewistown, PA",2023-08-01,3,5,2,0,10,740,173
30380,"Lewistown, PA",2023-09-01,6,9,5,0,20,760,179
30380,"Lewistown, PA",2023-10-01,7,8,4,0,19,779,186
30380,"Lewistown, PA",2023-11-01,7,9,6,0,22,801,193
30380,"Lewistown, PA",2023-12-01,11,10,0,1,22,823,204
30380,"Lewistown, PA",2024-01-01,11,14,2,0,27,850,215
30380,"Lewistown, PA",2024-02-01,11,9,1,0,21,871,226
30380,"Lewistown, PA",2024-03-01,5,7,2,0,14,885,231
30380,"Lewistown, PA",2024-04-01,9,11,3,0,23,908,240
30380,"Lewistown, PA",2024-05-01,10,12,2,0,24,932,250
30380,"Lewistown, PA",2024-06-01,3,5,1,0,9,941,253
30380,"Lewistown, PA",2024-07-01,7,5,3,0,15,956,260
30380,"Lewistown, PA",2024-08-01,12,8,3,0,23,979,272
30380,"Lewistown, PA",2024-09-01,16,12,3,0,31,1010,288
30380,"Lewistown, PA",2024-10-01,11,16,2,1,30,1040,299
30380,"Lewistown, PA",2024-11-01,19,12,6,1,38,1078,318
30380,"Lewistown, PA",2024-12-01,6,11,8,0,25,1103,324
30380,"Lewistown, PA",2025-01-01,18,7,1,1,27,1130,342
30380,"Lewistown, PA",2025-02-01,12,9,7,1,29,1159,354
30380,"Lewistown, PA",2025-03-01,16,10,4,0,30,1189,370
30380,"Lewistown, PA",2025-04-01,7,10,4,0,21,1210,377
30380,"Lewistown, PA",2025-05-01,9,12,4,0,25,1235,386
30380,"Lewistown, PA",2025-06-01,7,15,6,0,28,1263,393
30380,"Lewistown, PA",2025-07-01,14,20,5,0,39,1302,407
30380,"Lewistown, PA",2025-08-01,10,10,7,1,28,1330,417
12180,"Auburn, NY",2019-01-01,0,1,0,0,1,1,0
12180,"Auburn, NY",2019-03-01,0,3,0,0,3,4,0
12180,"Auburn, NY",2019-04-01,0,5,2,0,7,11,0
12180,"Auburn, NY",2019-05-01,0,4,2,0,6,17,0
12180,"Auburn, NY",2019-06-01,0,4,0,0,4,21,0
12180,"Auburn, NY",2019-07-01,0,9,3,2,14,35,0
12180,"Auburn, NY",2019-08-01,0,7,2,0,9,44,0
12180,"Auburn, NY",2019-09-01,0,10,1,0,11,55,0
12180,"Auburn, NY",2019-10-01,2,9,3,0,14,69,2
12180,"Auburn, NY",2019-11-01,0,6,2,0,8,77,2
12180,"Auburn, NY",2019-12-01,3,9,1,0,13,90,5
12180,"Auburn, NY",2020-01-01,1,9,2,2,14,104,6
12180,"Auburn, NY",2020-02-01,0,5,7,1,13,117,6
12180,"Auburn, NY",2020-03-01,2,15,3,0,20,137,8
12180,"Auburn, NY",2020-04-01,4,17,6,2,29,166,12
12180,"Auburn, NY",2020-05-01,5,26,3,0,34,200,17
12180,"Auburn, NY",2020-06-01,8,32,8,0,48,248,25
12180,"Auburn, NY",2020-07-01,8,29,2,1,40,288,33
12180,"Auburn, NY",2020-08-01,11,33,3,1,48,336,44
12180,"Auburn, NY",2020-09-01,3,31,3,0,37,373,47
12180,"Auburn, NY",2020-10-01,3,38,11,1,53,426,50
12180,"Auburn, NY",2020-11-01,5,28,7,1,41,467,55
12180,"Auburn, NY",2020-12-01,5,24,11,0,40,507,60
12180,"Auburn, NY",2021-01-01,17,36,14,0,67,574,77
12180,"Auburn, NY",2021-02-01,6,37,10,0,53,627,83
12180,"Auburn, NY",2021-03-01,26,45,7,1,79,706,109
12180,"Auburn, NY",2021-04-01,15,44,21,2,82,788,124
12180,"Auburn, NY",2021-05-01,21,41,8,1,71,859,145
12180,"Auburn, NY",2021-06-01,12,35,8,0,55,914,157
12180,"Auburn, NY",2021-07-01,13,50,16,0,79,993,170
12180,"Auburn, NY",2021-08-01,6,35,12,0,53,1046,176
12180,"Auburn, NY",2021-09-01,11,43,5,0,59,1105,187
12180,"Auburn, NY",2021-10-01,9,30,7,1,47,1152,196
12180,"Auburn, NY",2021-11-01,11,27,9,1,48,1200,207
12180,"Auburn, NY",2021-12-01,14,42,13,0,69,1269,221
12180,"Auburn, NY",2022-01-01,16,47,14,0,77,1346,237
12180,"Auburn, NY",2022-02-01,8,31,7,3,49,1395,245
12180,"Auburn, NY",2022-03-01,9,38,15,2,64,1459,254
12180,"Auburn, NY",2022-04-01,14,29,10,1,54,1513,268
12180,"Auburn, NY",2022-05-01,15,43,9,0,67,1580,283
12180,"Auburn, NY",2022-06-01,18,26,12,0,56,1636,301
12180,"Auburn, NY",2022-07-01,19,32,7,1,59,1695,320
12180,"Auburn, NY",2022-08-01,25,26,8,1,60,1755,345
12180,"Auburn, NY",2022-09-01,9,34,11,3,57,1812,354
12180,"Auburn, NY",2022-10-01,12,31,11,0,54,1866,366
12180,"Auburn, NY",2022-11-01,17,25,5,1,48,1914,383
12180,"Auburn, NY",2022-12-01,18,22,11,1,52,1966,401
12180,"Auburn, NY",2023-01-01,13,33,9,1,56,2022,414
12180,"Auburn, NY",2023-02-01,11,19,7,1,38,2060,425
12180,"Auburn, NY",2023-03-01,21,31,13,2,67,2127,446
12180,"Auburn, NY",2023-04-01,10,30,12,1,53,2180,456
12180,"Auburn, NY",2023-05-01,9,19,3,1,32,2212,465
12180,"Auburn, NY",2023-06-01,11,19,4,2,36,2248,476
12180,"Auburn, NY",2023-07-01,17,17,7,0,41,2289,493
12180,"Auburn, NY",2023-08-01,17,24,11,0,52,2341,510
12180,"Auburn, NY",2023-09-01,19,28,10,2,59,2400,529
12180,"Auburn, NY",2023-10-01,15,33,6,0,54,2454,544
12180,"Auburn, NY",2023-11-01,17,34,13,2,66,2520,561
12180,"Auburn, NY",2023-12-01,24,29,13,2,68,2588,585
12180,"Auburn, NY",2024-01-01,16,26,10,1,53,2641,601
12180,"Auburn, NY",2024-02-01,20,22,6,4,52,2693,621
12180,"Auburn, NY",2024-03-01,22,38,9,1,70,2763,643
12180,"Auburn, NY",2024-04-01,13,20,12,0,45,2808,656
12180,"Auburn, NY",2024-05-01,13,20,11,1,45,2853,669
12180,"Auburn, NY",2024-06-01,12,12,6,1,31,2884,681
12180,"Auburn, NY",2024-07-01,14,23,3,0,40,2924,695
12180,"Auburn, NY",2024-08-01,12,24,3,0,39,2963,707
12180,"Auburn, NY",2024-09-01,16,27,11,2,56,3019,723
12180,"Auburn, NY",2024-10-01,22,21,12,1,56,3075,745
12180,"Auburn, NY",2024-11-01,22,34,6,3,65,3140,767
12180,"Auburn, NY",2024-12-01,30,25,14,2,71,3211,797
12180,"Auburn, NY",2025-01-01,14,26,13,0,53,3264,811
12180,"Auburn, NY",2025-02-01,19,22,7,3,51,3315,830
12180,"Auburn, NY",2025-03-01,22,33,12,4,71,3386,852
12180,"Auburn, NY",2025-04-01,25,19,11,6,61,3447,877
12180,"Auburn, NY",2025-05-01,29,40,8,2,79,3526,906
12180,"Auburn, NY",2025-06-01,30,39,15,2,86,3612,936
12180,"Auburn, NY",2025-07-01,21,33,13,0,67,3679,957
12180,"Auburn, NY",2025-08-01,8,22,5,0,35,3714,965
17540,"Clinton, IA",2019-01-01,0,0,1,0,1,1,0
17540,"Clinton, IA",2019-02-01,0,4,0,0,4,5,0
17540,"Clinton, IA",2019-03-01,0,2,1,0,3,8,0
17540,"Clinton, IA",2019-04-01,0,3,1,0,4,12,0
17540,"Clinton, IA",2019-05-01,0,4,0,1,5,17,0
17540,"Clinton, IA",2019-06-01,0,6,2,0,8,25,0
17540,"Clinton, IA",2019-07-01,0,10,4,0,14,39,0
17540,"Clinton, IA",2019-08-01,2,7,4,0,13,52,2
17540,"Clinton, IA",2019-09-01,0,6,1,0,7,59,2
17540,"Clinton, IA",2019-10-01,0,5,1,0,6,65,2
17540,"Clinton, IA",2019-11-01,1,8,1,1,11,76,3
17540,"Clinton, IA",2019-12-01,3,4,2,0,9,85,6
17540,"Clinton, IA",2020-01-01,0,6,1,0,7,92,6
17540,"Clinton, IA",2020-02-01,2,4,2,0,8,100,8
17540,"Clinton, IA",2020-03-01,1,12,2,0,15,115,9
17540,"Clinton, IA",2020-04-01,5,24,10,1,40,155,14
17540,"Clinton, IA",2020-05-01,4,21,4,0,29,184,18
17540,"Clinton, IA",2020-06-01,5,11,4,0,20,204,23
17540,"Clinton, IA",2020-07-01,4,14,5,0,23,227,27
17540,"Clinton, IA",2020-08-01,3,11,2,1,17,244,30
17540,"Clinton, IA",2020-09-01,3,18,0,2,23,267,33
17540,"Clinton, IA",2020-10-01,3,10,4,0,17,284,36
17540,"Clinton, IA",2020-11-01,6,11,4,2,23,307,42
17540,"Clinton, IA",2020-12-01,9,19,4,0,32,339,51
17540,"Clinton, IA",2021-01-01,10,17,5,0,32,371,61
17540,"Clinton, IA",2021-02-01,9,28,10,1,48,419,70
17540,"Clinton, IA",2021-03-01,11,24,7,0,42,461,81
17540,"Clinton, IA",2021-04-01,6,18,7,0,31,492,87
17540,"Clinton, IA",2021-05-01,5,34,3,0,42,534,92
17540,"Clinton, IA",2021-06-01,5,27,2,1,35,569,97
17540,"Clinton, IA",2021-07-01,5,17,7,1,30,599,102
17540,"Clinton, IA",2021-08-01,6,18,5,0,29,628,108
17540,"Clinton, IA",2021-09-01,4,16,6,0,26,654,112
17540,"Clinton, IA",2021-10-01,8,11,8,1,28,682,120
17540,"Clinton, IA",2021-11-01,8,14,7,0,29,711,128
17540,"Clinton, IA",2021-12-01,6,15,4,0,25,736,134
17540,"Clinton, IA",2022-01-01,11,25,5,2,43,779,145
17540,"Clinton, IA",2022-02-01,6,16,8,0,30,809,151
17540,"Clinton, IA",2022-03-01,14,21,10,1,46,855,165
17540,"Clinton, IA",2022-04-01,12,17,5,3,37,892,177
17540,"Clinton, IA",2022-05-01,7,14,9,0,30,922,184
17540,"Clinton, IA",2022-06-01,4,17,4,0,25,947,188
17540,"Clinton, IA",2022-07-01,4,11,5,2,22,969,192
17540,"Clinton, IA",2022-08-01,5,19,2,0,26,995,197
17540,"Clinton, IA",2022-09-01,4,17,5,0,26,1021,201
17540,"Clinton, IA",2022-10-01,7,11,4,2,24,1045,208
17540,"Clinton, IA",2022-11-01,4,11,7,0,22,1067,212
17540,"Clinton, IA",2022-12-01,5,21,1,0,27,1094,217
17540,"Clinton, IA",2023-01-01,9,14,9,1,33,1127,226
17540,"Clinton, IA",2023-02-01,12,13,8,0,33,1160,238
17540,"Clinton, IA",2023-03-01,20,18,4,0,42,1202,258
17540,"Clinton, IA",2023-04-01,9,14,5,1,29,1231,267
17540,"Clinton, IA",2023-05-01,8,12,4,0,24,1255,275
17540,"Clinton, IA",2023-06-01,7,12,3,0,22,1277,282
17540,"Clinton, IA",2023-07-01,9,17,1,0,27,1304,291
17540,"Clinton, IA",2023-08-01,6,11,2,1,20,1324,297
17540,"Clinton, IA",2023-09-01,9,14,5,0,28,1352,306
17540,"Clinton, IA",2023-10-01,9,20,5,0,34,1386,315
17540,"Clinton, IA",2023-11-01,5,18,6,0,29,1415,320
17540,"Clinton, IA",2023-12-01,17,18,4,1,40,1455,337
17540,"Clinton, IA",2024-01-01,25,13,4,0,42,1497,362
17540,"Clinton, IA",2024-02-01,16,14,2,1,33,1530,378
17540,"Clinton, IA",2024-03-01,22,17,6,2,47,1577,400
17540,"Clinton, IA",2024-04-01,14,14,4,0,32,1609,414
17540,"Clinton, IA",2024-05-01,16,25,5,2,48,1657,430
17540,"Clinton, IA",2024-06-01,5,11,2,1,19,1676,435
17540,"Clinton, IA",2024-07-01,5,6,1,0,12,1688,440
17540,"Clinton, IA",2024-08-01,6,2,0,2,10,1698,446
17540,"Clinton, IA",2024-09-01,11,6,6,0,23,1721,457
17540,"Clinton, IA",2024-10-01,16,19,4,2,41,1762,473
17540,"Clinton, IA",2024-11-01,15,11,7,0,33,1795,488
17540,"Clinton, IA",2024-12-01,15,14,7,0,36,1831,503
17540,"Clinton, IA",2025-01-01,11,18,7,2,38,1869,514
17540,"Clinton, IA",2025-02-01,15,19,5,0,39,1908,529
17540,"Clinton, IA",2025-03-01,16,11,3,0,30,1938,545
17540,"Clinton, IA",2025-04-01,19,19,6,0,44,1982,564
17540,"Clinton, IA",2025-05-01,18,9,2,0,29,2011,582
17540,"Clinton, IA",2025-06-01,21,21,7,2,51,2062,603
17540,"Clinton, IA",2025-07-01,21,11,6,0,38,2100,624
17540,"Clinton, IA",2025-08-01,20,8,3,0,31,2131,644
45220,"Tallahassee, FL",2019-01-01,2,70,11,1,84,84,2
45220,"Tallahassee, FL",2019-02-01,6,52,12,2,72,156,8
45220,"Tallahassee, FL",2019-03-01,1,62,13,0,76,232,9
45220,"Tallahassee, FL",2019-04-01,3,94,13,0,110,342,12
45220,"Tallahassee, FL",2019-05-01,10,96,15,0,121,463,22
45220,"Tallahassee, FL",2019-06-01,4,86,15,1,106,569,26
45220,"Tallahassee, FL",2019-07-01,9,88,19,0,116,685,35
45220,"Tallahassee, FL",2019-08-01,15,112,24,0,151,836,50
45220,"Tallahassee, FL",2019-09-01,23,150,15,1,189,1025,73
45220,"Tallahassee, FL",2019-10-01,22,120,18,1,161,1186,95
45220,"Tallahassee, FL",2019-11-01,14,83,12,0,109,1295,109
45220,"Tallahassee, FL",2019-12-01,19,67,11,1,98,1393,128
45220,"Tallahassee, FL",2020-01-01,28,100,23,2,153,1546,156
45220,"Tallahassee, FL",2020-02-01,24,110,13,1,148,1694,180
45220,"Tallahassee, FL",2020-03-01,21,81,14,1,117,1811,201
45220,"Tallahassee, FL",2020-04-01,47,175,33,9,264,2075,248
45220,"Tallahassee, FL",2020-05-01,146,361,43,2,552,2627,394
45220,"Tallahassee, FL",2020-06-01,136,260,26,2,424,3051,530
45220,"Tallahassee, FL",2020-07-01,151,342,40,4,537,3588,681
45220,"Tallahassee, FL",2020-08-01,203,440,49,7,699,4287,884
45220,"Tallahassee, FL",2020-09-01,206,404,51,9,670,4957,1090
45220,"Tallahassee, FL",2020-10-01,127,243,27,4,401,5358,1217
45220,"Tallahassee, FL",2020-11-01,58,112,19,4,193,5551,1275
45220,"Tallahassee, FL",2020-12-01,110,192,25,1,328,5879,1385
45220,"Tallahassee, FL",2021-01-01,293,358,47,4,702,6581,1678
45220,"Tallahassee, FL",2021-02-01,223,305,53,1,582,7163,1901
45220,"Tallahassee, FL",2021-03-01,293,359,58,5,715,7878,2194
45220,"Tallahassee, FL",2021-04-01,296,430,57,7,790,8668,2490
45220,"Tallahassee, FL",2021-05-01,337,594,79,6,1016,9684,2827
45220,"Tallahassee, FL",2021-06-01,216,422,62,4,704,10388,3043
45220,"Tallahassee, FL",2021-07-01,190,298,55,6,549,10937,3233
45220,"Tallahassee, FL",2021-08-01,205,432,68,10,715,11652,3438
45220,"Tallahassee, FL",2021-09-01,294,463,80,8,845,12497,3732
45220,"Tallahassee, FL",2021-10-01,232,345,67,2,646,13143,3964
45220,"Tallahassee, FL",2021-11-01,241,348,72,4,665,13808,4205
45220,"Tallahassee, FL",2021-12-01,248,302,74,4,628,14436,4453
45220,"Tallahassee, FL",2022-01-01,338,394,88,7,827,15263,4791
45220,"Tallahassee, FL",2022-02-01,210,235,55,4,504,15767,5001
45220,"Tallahassee, FL",2022-03-01,243,362,65,6,676,16443,5244
45220,"Tallahassee, FL",2022-04-01,201,334,78,10,623,17066,5445
45220,"Tallahassee, FL",2022-05-01,239,318,59,7,623,17689,5684
45220,"Tallahassee, FL",2022-06-01,132,183,30,1,346,18035,5816
45220,"Tallahassee, FL",2022-07-01,107,155,33,0,295,18330,5923
45220,"Tallahassee, FL",2022-08-01,163,244,57,3,467,18797,6086
45220,"Tallahassee, FL",2022-09-01,193,199,48,1,441,19238,6279
45220,"Tallahassee, FL",2022-10-01,231,165,64,6,466,19704,6510
45220,"Tallahassee, FL",2022-11-01,230,212,53,8,503,20207,6740
45220,"Tallahassee, FL",2022-12-01,254,214,73,9,550,20757,6994
45220,"Tallahassee, FL",2023-01-01,217,236,62,8,523,21280,7211
45220,"Tallahassee, FL",2023-02-01,229,189,48,6,472,21752,7440
45220,"Tallahassee, FL",2023-03-01,257,279,67,1,604,22356,7697
45220,"Tallahassee, FL",2023-04-01,205,210,59,3,477,22833,7902
45220,"Tallahassee, FL",2023-05-01,138,136,27,3,304,23137,8040
45220,"Tallahassee, FL",2023-06-01,113,123,37,5,278,23415,8153
45220,"Tallahassee, FL",2023-07-01,88,101,32,1,222,23637,8241
45220,"Tallahassee, FL",2023-08-01,95,113,36,2,246,23883,8336
45220,"Tallahassee, FL",2023-09-01,299,225,58,7,589,24472,8635
45220,"Tallahassee, FL",2023-10-01,254,235,49,6,544,25016,8889
45220,"Tallahassee, FL",2023-11-01,254,217,76,8,555,25571,9143
45220,"Tallahassee, FL",2023-12-01,273,230,52,5,560,26131,9416
45220,"Tallahassee, FL",2024-01-01,305,196,71,8,580,26711,9721
45220,"Tallahassee, FL",2024-02-01,271,189,70,9,539,27250,9992
45220,"Tallahassee, FL",2024-03-01,280,209,59,5,553,27803,10272
45220,"Tallahassee, FL",2024-04-01,233,201,65,6,505,28308,10505
45220,"Tallahassee, FL",2024-05-01,295,220,60,4,579,28887,10800
45220,"Tallahassee, FL",2024-06-01,223,219,58,6,506,29393,11023
45220,"Tallahassee, FL",2024-07-01,165,203,43,13,424,29817,11188
45220,"Tallahassee, FL",2024-08-01,166,181,37,4,388,30205,11354
45220,"Tallahassee, FL",2024-09-01,200,205,49,10,464,30669,11554
45220,"Tallahassee, FL",2024-10-01,253,213,68,7,541,31210,11807
45220,"Tallahassee, FL",2024-11-01,256,180,64,6,506,31716,12063
45220,"Tallahassee, FL",2024-12-01,211,190,49,5,455,32171,12274
45220,"Tallahassee, FL",2025-01-01,229,187,42,11,469,32640,12503
45220,"Tallahassee, FL",2025-02-01,226,133,46,3,408,33048,12729
45220,"Tallahassee, FL",2025-03-01,222,183,56,5,466,33514,12951
45220,"Tallahassee, FL",2025-04-01,235,202,51,6,494,34008,13186
45220,"Tallahassee, FL",2025-05-01,187,142,33,5,367,34375,13373
45220,"Tallahassee, FL",2025-06-01,115,80,27,2,224,34599,13488
45220,"Tallahassee, FL",2025-07-01,84,78,22,6,190,34789,13572
45220,"Tallahassee, FL",2025-08-01,119,91,30,3,243,35032,13691
45220,"Tallahassee, FL",2025-09-01,11,4,2,0,17,35049,13702
21820,"Fairbanks-College, AK",2019-01-01,0,6,1,0,7,7,0
21820,"Fairbanks-College, AK",2019-02-01,1,2,1,0,4,11,1
21820,"Fairbanks-College, AK",2019-03-01,1,6,1,0,8,19,2
21820,"Fairbanks-College, AK",2019-04-01,1,45,6,0,52,71,3
21820,"Fairbanks-College, AK",2019-05-01,2,56,7,0,65,136,5
21820,"Fairbanks-College, AK",2019-06-01,2,43,7,0,52,188,7
21820,"Fairbanks-College, AK",2019-07-01,2,24,2,0,28,216,9
21820,"Fairbanks-College, AK",2019-08-01,1,33,1,1,36,252,10
21820,"Fairbanks-College, AK",2019-09-01,2,46,4,0,52,304,12
21820,"Fairbanks-College, AK",2019-10-01,2,47,1,0,50,354,14
21820,"Fairbanks-College, AK",2019-11-01,3,44,6,0,53,407,17
21820,"Fairbanks-College, AK",2019-12-01,6,47,7,0,60,467,23
21820,"Fairbanks-College, AK",2020-01-01,1,43,4,0,48,515,24
21820,"Fairbanks-College, AK",2020-02-01,6,39,9,2,56,571,30
21820,"Fairbanks-College, AK",2020-03-01,5,82,11,3,101,672,35
21820,"Fairbanks-College, AK",2020-04-01,14,80,14,3,111,783,49
21820,"Fairbanks-College, AK",2020-05-01,18,80,9,2,109,892,67
21820,"Fairbanks-College, AK",2020-06-01,25,103,12,2,142,1034,92
21820,"Fairbanks-College, AK",2020-07-01,18,107,12,0,137,1171,110
21820,"Fairbanks-College, AK",2020-08-01,24,146,13,3,186,1357,134
21820,"Fairbanks-College, AK",2020-09-01,24,109,10,0,143,1500,158
21820,"Fairbanks-College, AK",2020-10-01,20,103,12,1,136,1636,178
21820,"Fairbanks-College, AK",2020-11-01,28,109,15,0,152,1788,206
21820,"Fairbanks-College, AK",2020-12-01,26,98,7,2,133,1921,232
21820,"Fairbanks-College, AK",2021-01-01,33,121,14,3,171,2092,265
21820,"Fairbanks-College, AK",2021-02-01,22,89,11,2,124,2216,287
21820,"Fairbanks-College, AK",2021-03-01,46,73,12,1,132,2348,333
21820,"Fairbanks-College, AK",2021-04-01,32,107,9,2,150,2498,365
21820,"Fairbanks-College, AK",2021-05-01,55,116,14,1,186,2684,420
21820,"Fairbanks-College, AK",2021-06-01,33,139,18,1,191,2875,453
21820,"Fairbanks-College, AK",2021-07-01,26,101,9,3,139,3014,479
21820,"Fairbanks-College, AK",2021-08-01,36,96,6,2,140,3154,515
21820,"Fairbanks-College, AK",2021-09-01,32,93,10,1,136,3290,547
21820,"Fairbanks-College, AK",2021-10-01,38,125,4,1,168,3458,585
21820,"Fairbanks-College, AK",2021-11-01,35,94,17,1,147,3605,620
21820,"Fairbanks-College, AK",2021-12-01,36,81,7,0,124,3729,656
21820,"Fairbanks-College, AK",2022-01-01,41,91,12,1,145,3874,697
21820,"Fairbanks-College, AK",2022-02-01,34,87,13,0,134,4008,731
21820,"Fairbanks-College, AK",2022-03-01,28,72,10,0,110,4118,759
21820,"Fairbanks-College, AK",2022-04-01,40,69,11,1,121,4239,799
21820,"Fairbanks-College, AK",2022-05-01,54,87,12,0,153,4392,853
21820,"Fairbanks-College, AK",2022-06-01,43,53,12,0,108,4500,896
21820,"Fairbanks-College, AK",2022-07-01,48,67,11,1,127,4627,944
21820,"Fairbanks-College, AK",2022-08-01,41,73,9,4,127,4754,985
21820,"Fairbanks-College, AK",2022-09-01,33,49,4,1,87,4841,1018
21820,"Fairbanks-College, AK",2022-10-01,31,54,6,1,92,4933,1049
21820,"Fairbanks-College, AK",2022-11-01,38,65,9,3,115,5048,1087
21820,"Fairbanks-College, AK",2022-12-01,27,52,10,1,90,5138,1114
21820,"Fairbanks-College, AK",2023-01-01,29,45,9,0,83,5221,1143
21820,"Fairbanks-College, AK",2023-02-01,28,50,11,1,90,5311,1171
21820,"Fairbanks-College, AK",2023-03-01,39,55,11,0,105,5416,1210
21820,"Fairbanks-College, AK",2023-04-01,22,29,7,0,58,5474,1232
21820,"Fairbanks-College, AK",2023-05-01,26,46,3,0,75,5549,1258
21820,"Fairbanks-College, AK",2023-06-01,34,41,5,1,81,5630,1292
21820,"Fairbanks-College, AK",2023-07-01,32,57,12,2,103,5733,1324
21820,"Fairbanks-College, AK",2023-08-01,36,44,8,0,88,5821,1360
21820,"Fairbanks-College, AK",2023-09-01,35,23,4,0,62,5883,1395
21820,"Fairbanks-College, AK",2023-10-01,34,32,6,0,72,5955,1429
21820,"Fairbanks-College, AK",2023-11-01,40,37,7,0,84,6039,1469
21820,"Fairbanks-College, AK",2023-12-01,43,36,8,1,88,6127,1512
21820,"Fairbanks-College, AK",2024-01-01,46,38,9,0,93,6220,1558
21820,"Fairbanks-College, AK",2024-02-01,26,29,8,2,65,6285,1584
21820,"Fairbanks-College, AK",2024-03-01,44,27,6,2,79,6364,1628
21820,"Fairbanks-College, AK",2024-04-01,29,32,7,1,69,6433,1657
21820,"Fairbanks-College, AK",2024-05-01,38,39,2,0,79,6512,1695
21820,"Fairbanks-College, AK",2024-06-01,42,31,4,0,77,6589,1737
21820,"Fairbanks-College, AK",2024-07-01,29,44,9,0,82,6671,1766
21820,"Fairbanks-College, AK",2024-08-01,33,28,11,1,73,6744,1799
21820,"Fairbanks-College, AK",2024-09-01,31,31,9,1,72,6816,1830
21820,"Fairbanks-College, AK",2024-10-01,38,28,8,0,74,6890,1868
21820,"Fairbanks-College, AK",2024-11-01,33,32,11,2,78,6968,1901
21820,"Fairbanks-College, AK",2024-12-01,34,40,5,1,80,7048,1935
21820,"Fairbanks-College, AK",2025-01-01,37,49,8,3,97,7145,1972
21820,"Fairbanks-College, AK",2025-02-01,25,37,8,0,70,7215,1997
21820,"Fairbanks-College, AK",2025-03-01,37,25,11,2,75,7290,2034
21820,"Fairbanks-College, AK",2025-04-01,34,26,10,0,70,7360,2068
21820,"Fairbanks-College, AK",2025-05-01,47,23,5,0,75,7435,2115
21820,"Fairbanks-College, AK",2025-06-01,49,23,13,0,85,7520,2164
21820,"Fairbanks-College, AK",2025-07-01,50,35,8,1,94,7614,2214
21820,"Fairbanks-College, AK",2025-08-01,41,41,10,1,93,7707,2255
21820,"Fairbanks-College, AK",2025-09-01,1,1,0,0,2,7709,2256
46620,"Uvalde, TX",2019-04-01,0,1,0,0,1,1,0
46620,"Uvalde, TX",2019-06-01,0,1,0,0,1,2,0
46620,"Uvalde, TX",2019-07-01,0,1,0,0,1,3,0
46620,"Uvalde, TX",2019-08-01,1,0,0,0,1,4,1
46620,"Uvalde, TX",2019-09-01,0,3,1,0,4,8,1
46620,"Uvalde, TX",2019-11-01,0,2,0,0,2,10,1
46620,"Uvalde, TX",2020-01-01,0,0,0,0,0,10,1
46620,"Uvalde, TX",2020-05-01,0,1,0,0,1,11,1
46620,"Uvalde, TX",2020-06-01,0,3,0,0,3,14,1
46620,"Uvalde, TX",2020-07-01,0,3,0,0,3,17,1
46620,"Uvalde, TX",2020-08-01,2,0,0,0,2,19,3
46620,"Uvalde, TX",2020-09-01,0,1,1,0,2,21,3
46620,"Uvalde, TX",2020-10-01,1,1,1,0,3,24,4
46620,"Uvalde, TX",2020-11-01,0,6,0,0,6,30,4
46620,"Uvalde, TX",2020-12-01,1,11,2,0,14,44,5
46620,"Uvalde, TX",2021-01-01,1,5,2,0,8,52,6
46620,"Uvalde, TX",2021-02-01,0,5,2,0,7,59,6
46620,"Uvalde, TX",2021-03-01,1,7,3,0,11,70,7
46620,"Uvalde, TX",2021-04-01,2,5,1,0,8,78,9
46620,"Uvalde, TX",2021-05-01,5,7,2,0,14,92,14
46620,"Uvalde, TX",2021-06-01,1,4,1,0,6,98,15
46620,"Uvalde, TX",2021-07-01,5,10,2,0,17,115,20
46620,"Uvalde, TX",2021-08-01,5,8,2,0,15,130,25
46620,"Uvalde, TX",2021-09-01,4,15,1,0,20,150,29
46620,"Uvalde, TX",2021-10-01,3,5,3,0,11,161,32
46620,"Uvalde, TX",2021-11-01,3,9,1,0,13,174,35
46620,"Uvalde, TX",2021-12-01,6,9,4,0,19,193,41
46620,"Uvalde, TX",2022-01-01,5,18,3,1,27,220,46
46620,"Uvalde, TX",2022-02-01,1,9,0,0,10,230,47
46620,"Uvalde, TX",2022-03-01,1,9,6,0,16,246,48
46620,"Uvalde, TX",2022-04-01,1,20,0,0,21,267,49
46620,"Uvalde, TX",2022-05-01,4,10,3,0,17,284,53
46620,"Uvalde, TX",2022-06-01,6,9,1,1,17,301,59
46620,"Uvalde, TX",2022-07-01,3,5,0,0,8,309,62
46620,"Uvalde, TX",2022-08-01,7,14,2,0,23,332,69
46620,"Uvalde, TX",2022-09-01,4,5,3,0,12,344,73
46620,"Uvalde, TX",2022-10-01,3,3,3,0,9,353,76
46620,"Uvalde, TX",2022-11-01,3,5,1,0,9,362,79
46620,"Uvalde, TX",2022-12-01,3,7,0,0,10,372,82
46620,"Uvalde, TX",2023-01-01,4,5,3,0,12,384,86
46620,"Uvalde, TX",2023-02-01,3,7,2,0,12,396,89
46620,"Uvalde, TX",2023-03-01,9,7,3,0,19,415,98
46620,"Uvalde, TX",2023-04-01,7,8,1,0,16,431,105
46620,"Uvalde, TX",2023-05-01,3,8,2,1,14,445,108
46620,"Uvalde, TX",2023-06-01,2,7,2,0,11,456,110
46620,"Uvalde, TX",2023-07-01,1,11,1,0,13,469,111
46620,"Uvalde, TX",2023-08-01,7,10,2,1,20,489,118
46620,"Uvalde, TX",2023-09-01,4,13,3,0,20,509,122
46620,"Uvalde, TX",2023-10-01,9,13,3,0,25,534,131
46620,"Uvalde, TX",2023-11-01,8,18,4,0,30,564,139
46620,"Uvalde, TX",2023-12-01,7,7,3,0,17,581,146
46620,"Uvalde, TX",2024-01-01,5,13,3,0,21,602,151
46620,"Uvalde, TX",2024-02-01,6,6,4,0,16,618,157
46620,"Uvalde, TX",2024-03-01,5,13,4,0,22,640,162
46620,"Uvalde, TX",2024-04-01,4,8,2,0,14,654,166
46620,"Uvalde, TX",2024-05-01,7,8,2,0,17,671,173
46620,"Uvalde, TX",2024-06-01,6,9,3,0,18,689,179
46620,"Uvalde, TX",2024-07-01,5,6,1,0,12,701,184
46620,"Uvalde, TX",2024-08-01,4,2,0,0,6,707,188
46620,"Uvalde, TX",2024-09-01,1,5,0,0,6,713,189
46620,"Uvalde, TX",2024-10-01,7,4,2,0,13,726,196
46620,"Uvalde, TX",2024-11-01,4,8,1,0,13,739,200
46620,"Uvalde, TX",2024-12-01,2,11,2,0,15,754,202
46620,"Uvalde, TX",2025-01-01,5,4,5,0,14,768,207
46620,"Uvalde, TX",2025-02-01,7,9,4,0,20,788,214
46620,"Uvalde, TX",2025-03-01,6,8,3,0,17,805,220
46620,"Uvalde, TX",2025-04-01,5,11,4,1,21,826,225
46620,"Uvalde, TX",2025-05-01,6,6,2,0,14,840,231
46620,"Uvalde, TX",2025-06-01,1,3,0,0,4,844,232
46620,"Uvalde, TX",2025-07-01,1,7,2,0,10,854,233
46620,"Uvalde, TX",2025-08-01,4,2,0,0,6,860,237
31980,"Marion, IN",2019-01-01,0,3,0,0,3,3,0
31980,"Marion, IN",2019-02-01,0,2,2,0,4,7,0
31980,"Marion, IN",2019-03-01,0,4,2,0,6,13,0
31980,"Marion, IN",2019-04-01,0,8,2,0,10,23,0
31980,"Marion, IN",2019-05-01,0,8,5,0,13,36,0
31980,"Marion, IN",2019-06-01,0,15,4,2,21,57,0
31980,"Marion, IN",2019-07-01,0,9,5,1,15,72,0
31980,"Marion, IN",2019-08-01,0,9,1,0,10,82,0
31980,"Marion, IN",2019-09-01,0,13,5,0,18,100,0
31980,"Marion, IN",2019-10-01,2,14,3,1,20,120,2
31980,"Marion, IN",2019-11-01,3,10,4,0,17,137,5
31980,"Marion, IN",2019-12-01,0,14,2,1,17,154,5
31980,"Marion, IN",2020-01-01,0,16,4,1,21,175,5
31980,"Marion, IN",2020-02-01,4,9,5,0,18,193,9
31980,"Marion, IN",2020-03-01,2,25,5,1,33,226,11
31980,"Marion, IN",2020-04-01,5,20,4,1,30,256,16
31980,"Marion, IN",2020-05-01,12,39,4,1,56,312,28
31980,"Marion, IN",2020-06-01,6,26,4,3,39,351,34
31980,"Marion, IN",2020-07-01,7,26,10,0,43,394,41
31980,"Marion, IN",2020-08-01,6,25,3,2,36,430,47
31980,"Marion, IN",2020-09-01,12,28,5,2,47,477,59
31980,"Marion, IN",2020-10-01,10,16,3,0,29,506,69
31980,"Marion, IN",2020-11-01,4,29,4,0,37,543,73
31980,"Marion, IN",2020-12-01,18,27,8,0,53,596,91
31980,"Marion, IN",2021-01-01,21,25,16,0,62,658,112
31980,"Marion, IN",2021-02-01,18,29,10,0,57,715,130
31980,"Marion, IN",2021-03-01,9,42,5,1,57,772,139
31980,"Marion, IN",2021-04-01,15,53,15,2,85,857,154
31980,"Marion, IN",2021-05-01,23,47,14,3,87,944,177
31980,"Marion, IN",2021-06-01,12,45,5,0,62,1006,189
31980,"Marion, IN",2021-07-01,12,37,9,2,60,1066,201
31980,"Marion, IN",2021-08-01,17,39,10,0,66,1132,218
31980,"Marion, IN",2021-09-01,12,26,19,0,57,1189,230
31980,"Marion, IN",2021-10-01,11,28,14,1,54,1243,241
31980,"Marion, IN",2021-11-01,11,30,4,2,47,1290,252
31980,"Marion, IN",2021-12-01,15,39,17,1,72,1362,267
31980,"Marion, IN",2022-01-01,28,53,9,1,91,1453,295
31980,"Marion, IN",2022-02-01,20,37,8,1,66,1519,315
31980,"Marion, IN",2022-03-01,21,37,15,0,73,1592,336
31980,"Marion, IN",2022-04-01,15,35,13,2,65,1657,351
31980,"Marion, IN",2022-05-01,16,39,9,1,65,1722,367
31980,"Marion, IN",2022-06-01,12,25,10,1,48,1770,379
31980,"Marion, IN",2022-07-01,13,23,12,0,48,1818,392
31980,"Marion, IN",2022-08-01,10,33,17,1,61,1879,402
31980,"Marion, IN",2022-09-01,20,33,9,1,63,1942,422
31980,"Marion, IN",2022-10-01,15,23,9,1,48,1990,437
31980,"Marion, IN",2022-11-01,20,37,11,0,68,2058,457
31980,"Marion, IN",2022-12-01,12,31,15,0,58,2116,469
31980,"Marion, IN",2023-01-01,28,28,13,3,72,2188,497
31980,"Marion, IN",2023-02-01,26,33,14,2,75,2263,523
31980,"Marion, IN",2023-03-01,32,47,13,0,92,2355,555
31980,"Marion, IN",2023-04-01,10,32,10,1,53,2408,565
31980,"Marion, IN",2023-05-01,21,18,8,1,48,2456,586
31980,"Marion, IN",2023-06-01,19,18,11,0,48,2504,605
31980,"Marion, IN",2023-07-01,12,17,5,1,35,2539,617
31980,"Marion, IN",2023-08-01,10,19,4,1,34,2573,627
31980,"Marion, IN",2023-09-01,15,12,7,0,34,2607,642
31980,"Marion, IN",2023-10-01,21,26,10,2,59,2666,663
31980,"Marion, IN",2023-11-01,32,39,15,0,86,2752,695
31980,"Marion, IN",2023-12-01,23,39,8,0,70,2822,718
31980,"Marion, IN",2024-01-01,27,30,13,1,71,2893,745
31980,"Marion, IN",2024-02-01,28,16,12,2,58,2951,773
31980,"Marion, IN",2024-03-01,25,26,10,1,62,3013,798
31980,"Marion, IN",2024-04-01,24,23,5,1,53,3066,822
31980,"Marion, IN",2024-05-01,30,22,6,1,59,3125,852
31980,"Marion, IN",2024-06-01,3,14,4,0,21,3146,855
31980,"Marion, IN",2024-07-01,6,12,9,2,29,3175,861
31980,"Marion, IN",2024-08-01,4,8,4,1,17,3192,865
31980,"Marion, IN",2024-09-01,14,25,3,1,43,3235,879
31980,"Marion, IN",2024-10-01,35,29,12,1,77,3312,914
31980,"Marion, IN",2024-11-01,33,20,7,1,61,3373,947
31980,"Marion, IN",2024-12-01,40,41,19,0,100,3473,987
31980,"Marion, IN",2025-01-01,50,44,8,1,103,3576,1037
31980,"Marion, IN",2025-02-01,48,33,11,1,93,3669,1085
31980,"Marion, IN",2025-03-01,43,38,12,3,96,3765,1128
31980,"Marion, IN",2025-04-01,45,47,9,2,103,3868,1173
31980,"Marion, IN",2025-05-01,29,25,7,0,61,3929,1202
31980,"Marion, IN",2025-06-01,13,18,5,0,36,3965,1215
31980,"Marion, IN",2025-07-01,13,14,7,0,34,3999,1228
31980,"Marion, IN",2025-08-01,30,29,9,0,68,4067,1258
31980,"Marion, IN",2025-09-01,2,0,0,0,2,4069,1260
28140,"Kansas City, MO-KS",2019-01-01,15,394,101,6,516,516,15
28140,"Kansas City, MO-KS",2019-02-01,28,432,98,10,568,1084,43
28140,"Kansas City, MO-KS",2019-03-01,31,511,123,10,675,1759,74
28140,"Kansas City, MO-KS",2019-04-01,25,558,117,8,708,2467,99
28140,"Kansas City, MO-KS",2019-05-01,24,574,110,18,726,3193,123
28140,"Kansas City, MO-KS",2019-06-01,60,741,134,19,954,4147,183
28140,"Kansas City, MO-KS",2019-07-01,67,590,140,10,807,4954,250
28140,"Kansas City, MO-KS",2019-08-01,44,487,106,9,646,5600,294
28140,"Kansas City, MO-KS",2019-09-01,56,574,135,6,771,6371,350
28140,"Kansas City, MO-KS",2019-10-01,67,507,117,6,697,7068,417
28140,"Kansas City, MO-KS",2019-11-01,80,459,114,8,661,7729,497
28140,"Kansas City, MO-KS",2019-12-01,57,417,99,10,583,8312,554
28140,"Kansas City, MO-KS",2020-01-01,84,457,93,8,642,8954,638
28140,"Kansas City, MO-KS",2020-02-01,75,460,99,11,645,9599,713
28140,"Kansas City, MO-KS",2020-03-01,91,510,144,21,766,10365,804
28140,"Kansas City, MO-KS",2020-04-01,586,1677,398,45,2706,13071,1390
28140,"Kansas City, MO-KS",2020-05-01,786,1758,337,45,2926,15997,2176
28140,"Kansas City, MO-KS",2020-06-01,541,1197,238,25,2001,17998,2717
28140,"Kansas City, MO-KS",2020-07-01,647,1863,356,38,2904,20902,3364
28140,"Kansas City, MO-KS",2020-08-01,507,1781,354,34,2676,23578,3871
28140,"Kansas City, MO-KS",2020-09-01,405,1633,320,37,2395,25973,4276
28140,"Kansas City, MO-KS",2020-10-01,431,1450,294,29,2204,28177,4707
28140,"Kansas City, MO-KS",2020-11-01,190,585,119,12,906,29083,4897
28140,"Kansas City, MO-KS",2020-12-01,139,362,69,5,575,29658,5036
28140,"Kansas City, MO-KS",2021-01-01,854,1835,462,45,3196,32854,5890
28140,"Kansas City, MO-KS",2021-02-01,510,1339,295,35,2179,35033,6400
28140,"Kansas City, MO-KS",2021-03-01,687,1595,394,49,2725,37758,7087
28140,"Kansas City, MO-KS",2021-04-01,647,1472,309,35,2463,40221,7734
28140,"Kansas City, MO-KS",2021-05-01,730,1586,328,34,2678,42899,8464
28140,"Kansas City, MO-KS",2021-06-01,450,1342,247,27,2066,44965,8914
28140,"Kansas City, MO-KS",2021-07-01,288,833,164,27,1312,46277,9202
28140,"Kansas City, MO-KS",2021-08-01,455,1370,347,34,2206,48483,9657
28140,"Kansas City, MO-KS",2021-09-01,349,1055,284,35,1723,50206,10006
28140,"Kansas City, MO-KS",2021-10-01,320,894,203,19,1436,51642,10326
28140,"Kansas City, MO-KS",2021-11-01,344,780,200,23,1347,52989,10670
28140,"Kansas City, MO-KS",2021-12-01,809,1474,334,31,2648,55637,11479
28140,"Kansas City, MO-KS",2022-01-01,946,1846,428,40,3260,58897,12425
28140,"Kansas City, MO-KS",2022-02-01,556,1158,308,50,2072,60969,12981
28140,"Kansas City, MO-KS",2022-03-01,525,1233,312,38,2108,63077,13506
28140,"Kansas City, MO-KS",2022-04-01,488,1132,321,28,1969,65046,13994
28140,"Kansas City, MO-KS",2022-05-01,610,1033,242,18,1903,66949,14604
28140,"Kansas City, MO-KS",2022-06-01,255,484,122,5,866,67815,14859
28140,"Kansas City, MO-KS",2022-07-01,397,738,196,17,1348,69163,15256
28140,"Kansas City, MO-KS",2022-08-01,412,942,276,27,1657,70820,15668
28140,"Kansas City, MO-KS",2022-09-01,346,894,247,31,1518,72338,16014
28140,"Kansas City, MO-KS",2022-10-01,342,752,209,29,1332,73670,16356
28140,"Kansas City, MO-KS",2022-11-01,589,1281,378,32,2280,75950,16945
28140,"Kansas City, MO-KS",2022-12-01,715,1097,305,36,2153,78103,17660
28140,"Kansas City, MO-KS",2023-01-01,683,1157,372,40,2252,80355,18343
28140,"Kansas City, MO-KS",2023-02-01,663,1016,333,38,2050,82405,19006
28140,"Kansas City, MO-KS",2023-03-01,802,1238,362,46,2448,84853,19808
28140,"Kansas City, MO-KS",2023-04-01,543,945,254,31,1773,86626,20351
28140,"Kansas City, MO-KS",2023-05-01,466,692,180,10,1348,87974,20817
28140,"Kansas City, MO-KS",2023-06-01,339,536,139,9,1023,88997,21156
28140,"Kansas City, MO-KS",2023-07-01,310,527,123,15,975,89972,21466
28140,"Kansas City, MO-KS",2023-08-01,471,871,272,19,1633,91605,21937
28140,"Kansas City, MO-KS",2023-09-01,540,967,328,36,1871,93476,22477
28140,"Kansas City, MO-KS",2023-10-01,596,985,287,24,1892,95368,23073
28140,"Kansas City, MO-KS",2023-11-01,727,1067,368,36,2198,97566,23800
28140,"Kansas City, MO-KS",2023-12-01,875,1048,325,38,2286,99852,24675
28140,"Kansas City, MO-KS",2024-01-01,803,1202,360,34,2399,102251,25478
28140,"Kansas City, MO-KS",2024-02-01,762,957,318,31,2068,104319,26240
28140,"Kansas City, MO-KS",2024-03-01,696,900,327,34,1957,106276,26936
28140,"Kansas City, MO-KS",2024-04-01,525,787,215,26,1553,107829,27461
28140,"Kansas City, MO-KS",2024-05-01,800,942,245,17,2004,109833,28261
28140,"Kansas City, MO-KS",2024-06-01,711,1031,304,29,2075,111908,28972
28140,"Kansas City, MO-KS",2024-07-01,649,887,270,33,1839,113747,29621
28140,"Kansas City, MO-KS",2024-08-01,447,752,250,48,1497,115244,30068
28140,"Kansas City, MO-KS",2024-09-01,578,903,267,50,1798,117042,30646
28140,"Kansas City, MO-KS",2024-10-01,641,1012,312,48,2013,119055,31287
28140,"Kansas City, MO-KS",2024-11-01,659,946,258,25,1888,120943,31946
28140,"Kansas City, MO-KS",2024-12-01,907,962,305,31,2205,123148,32853
28140,"Kansas City, MO-KS",2025-01-01,785,924,286,31,2026,125174,33638
28140,"Kansas City, MO-KS",2025-02-01,740,805,248,17,1810,126984,34378
28140,"Kansas City, MO-KS",2025-03-01,826,922,286,20,2054,129038,35204
28140,"Kansas City, MO-KS",2025-04-01,810,973,247,30,2060,131098,36014
28140,"Kansas City, MO-KS",2025-05-01,935,1005,269,20,2229,133327,36949
28140,"Kansas City, MO-KS",2025-06-01,1040,937,293,34,2304,135631,37989
28140,"Kansas City, MO-KS",2025-07-01,879,831,272,35,2017,137648,38868
28140,"Kansas City, MO-KS",2025-08-01,692,839,233,22,1786,139434,39560
28140,"Kansas City, MO-KS",2025-09-01,28,22,8,0,58,139492,39588
15380,"Buffalo-Cheektowaga, NY",2019-01-01,7,103,17,1,128,128,7
15380,"Buffalo-Cheektowaga, NY",2019-02-01,4,109,29,0,142,270,11
15380,"Buffalo-Cheektowaga, NY",2019-03-01,11,155,25,0,191,461,22
15380,"Buffalo-Cheektowaga, NY",2019-04-01,6,194,40,4,244,705,28
15380,"Buffalo-Cheektowaga, NY",2019-05-01,18,237,39,4,298,1003,46
15380,"Buffalo-Cheektowaga, NY",2019-06-01,10,121,19,2,152,1155,56
15380,"Buffalo-Cheektowaga, NY",2019-07-01,15,191,31,7,244,1399,71
15380,"Buffalo-Cheektowaga, NY",2019-08-01,16,158,37,3,214,1613,87
15380,"Buffalo-Cheektowaga, NY",2019-09-01,30,217,47,4,298,1911,117
15380,"Buffalo-Cheektowaga, NY",2019-10-01,13,111,27,2,153,2064,130
15380,"Buffalo-Cheektowaga, NY",2019-11-01,21,147,40,2,210,2274,151
15380,"Buffalo-Cheektowaga, NY",2019-12-01,30,140,44,3,217,2491,181
15380,"Buffalo-Cheektowaga, NY",2020-01-01,40,255,62,6,363,2854,221
15380,"Buffalo-Cheektowaga, NY",2020-02-01,49,237,51,7,344,3198,270
15380,"Buffalo-Cheektowaga, NY",2020-03-01,81,443,108,12,644,3842,351
15380,"Buffalo-Cheektowaga, NY",2020-04-01,228,568,136,20,952,4794,579
15380,"Buffalo-Cheektowaga, NY",2020-05-01,447,848,167,18,1480,6274,1026
15380,"Buffalo-Cheektowaga, NY",2020-06-01,262,636,112,14,1024,7298,1288
15380,"Buffalo-Cheektowaga, NY",2020-07-01,213,772,126,15,1126,8424,1501
15380,"Buffalo-Cheektowaga, NY",2020-08-01,190,886,174,17,1267,9691,1691
15380,"Buffalo-Cheektowaga, NY",2020-09-01,168,701,162,6,1037,10728,1859
15380,"Buffalo-Cheektowaga, NY",2020-10-01,206,708,129,10,1053,11781,2065
15380,"Buffalo-Cheektowaga, NY",2020-11-01,196,602,119,4,921,12702,2261
15380,"Buffalo-Cheektowaga, NY",2020-12-01,77,217,47,5,346,13048,2338
15380,"Buffalo-Cheektowaga, NY",2021-01-01,352,720,165,11,1248,14296,2690
15380,"Buffalo-Cheektowaga, NY",2021-02-01,213,609,152,16,990,15286,2903
15380,"Buffalo-Cheektowaga, NY",2021-03-01,283,756,172,19,1230,16516,3186
15380,"Buffalo-Cheektowaga, NY",2021-04-01,237,809,164,19,1229,17745,3423
15380,"Buffalo-Cheektowaga, NY",2021-05-01,268,816,160,15,1259,19004,3691
15380,"Buffalo-Cheektowaga, NY",2021-06-01,323,1049,208,20,1600,20604,4014
15380,"Buffalo-Cheektowaga, NY",2021-07-01,305,1012,243,26,1586,22190,4319
15380,"Buffalo-Cheektowaga, NY",2021-08-01,241,933,211,27,1412,23602,4560
15380,"Buffalo-Cheektowaga, NY",2021-09-01,221,986,250,25,1482,25084,4781
15380,"Buffalo-Cheektowaga, NY",2021-10-01,69,269,67,8,413,25497,4850
15380,"Buffalo-Cheektowaga, NY",2021-11-01,125,258,71,4,458,25955,4975
15380,"Buffalo-Cheektowaga, NY",2021-12-01,331,681,159,13,1184,27139,5306
15380,"Buffalo-Cheektowaga, NY",2022-01-01,343,914,203,15,1475,28614,5649
15380,"Buffalo-Cheektowaga, NY",2022-02-01,290,669,186,25,1170,29784,5939
15380,"Buffalo-Cheektowaga, NY",2022-03-01,293,725,171,16,1205,30989,6232
15380,"Buffalo-Cheektowaga, NY",2022-04-01,197,532,144,14,887,31876,6429
15380,"Buffalo-Cheektowaga, NY",2022-05-01,238,599,154,10,1001,32877,6667
15380,"Buffalo-Cheektowaga, NY",2022-06-01,134,266,56,4,460,33337,6801
15380,"Buffalo-Cheektowaga, NY",2022-07-01,129,263,61,9,462,33799,6930
15380,"Buffalo-Cheektowaga, NY",2022-08-01,87,217,63,3,370,34169,7017
15380,"Buffalo-Cheektowaga, NY",2022-09-01,225,414,107,9,755,34924,7242
15380,"Buffalo-Cheektowaga, NY",2022-10-01,242,442,122,18,824,35748,7484
15380,"Buffalo-Cheektowaga, NY",2022-11-01,269,465,105,12,851,36599,7753
15380,"Buffalo-Cheektowaga, NY",2022-12-01,281,416,119,7,823,37422,8034
15380,"Buffalo-Cheektowaga, NY",2023-01-01,316,481,133,16,946,38368,8350
15380,"Buffalo-Cheektowaga, NY",2023-02-01,245,426,120,7,798,39166,8595
15380,"Buffalo-Cheektowaga, NY",2023-03-01,341,576,179,9,1105,40271,8936
15380,"Buffalo-Cheektowaga, NY",2023-04-01,265,480,134,16,895,41166,9201
15380,"Buffalo-Cheektowaga, NY",2023-05-01,215,385,115,8,723,41889,9416
15380,"Buffalo-Cheektowaga, NY",2023-06-01,153,210,53,9,425,42314,9569
15380,"Buffalo-Cheektowaga, NY",2023-07-01,91,205,35,2,333,42647,9660
15380,"Buffalo-Cheektowaga, NY",2023-08-01,201,352,134,7,694,43341,9861
15380,"Buffalo-Cheektowaga, NY",2023-09-01,247,457,144,13,861,44202,10108
15380,"Buffalo-Cheektowaga, NY",2023-10-01,304,456,146,9,915,45117,10412
15380,"Buffalo-Cheektowaga, NY",2023-11-01,282,427,137,17,863,45980,10694
15380,"Buffalo-Cheektowaga, NY",2023-12-01,357,396,151,15,919,46899,11051
15380,"Buffalo-Cheektowaga, NY",2024-01-01,314,407,111,4,836,47735,11365
15380,"Buffalo-Cheektowaga, NY",2024-02-01,318,405,118,19,860,48595,11683
15380,"Buffalo-Cheektowaga, NY",2024-03-01,338,416,131,10,895,49490,12021
15380,"Buffalo-Cheektowaga, NY",2024-04-01,308,413,103,12,836,50326,12329
15380,"Buffalo-Cheektowaga, NY",2024-05-01,339,423,103,7,872,51198,12668
15380,"Buffalo-Cheektowaga, NY",2024-06-01,305,408,121,16,850,52048,12973
15380,"Buffalo-Cheektowaga, NY",2024-07-01,295,460,141,14,910,52958,13268
15380,"Buffalo-Cheektowaga, NY",2024-08-01,308,451,161,25,945,53903,13576
15380,"Buffalo-Cheektowaga, NY",2024-09-01,293,425,150,29,897,54800,13869
15380,"Buffalo-Cheektowaga, NY",2024-10-01,349,442,148,14,953,55753,14218
15380,"Buffalo-Cheektowaga, NY",2024-11-01,332,460,148,15,955,56708,14550
15380,"Buffalo-Cheektowaga, NY",2024-12-01,354,420,114,10,898,57606,14904
15380,"Buffalo-Cheektowaga, NY",2025-01-01,373,407,149,20,949,58555,15277
15380,"Buffalo-Cheektowaga, NY",2025-02-01,343,352,116,11,822,59377,15620
15380,"Buffalo-Cheektowaga, NY",2025-03-01,406,420,126,15,967,60344,16026
15380,"Buffalo-Cheektowaga, NY",2025-04-01,371,494,141,21,1027,61371,16397
15380,"Buffalo-Cheektowaga, NY",2025-05-01,425,430,128,17,1000,62371,16822
15380,"Buffalo-Cheektowaga, NY",2025-06-01,432,423,137,10,1002,63373,17254
15380,"Buffalo-Cheektowaga, NY",2025-07-01,395,457,130,13,995,64368,17649
15380,"Buffalo-Cheektowaga, NY",2025-08-01,346,398,113,15,872,65240,17995
15380,"Buffalo-Cheektowaga, NY",2025-09-01,4,7,2,0,13,65253,17999
13140,"Beaumont-Port Arthur, TX",2019-01-01,0,34,4,0,38,38,0
13140,"Beaumont-Port Arthur, TX",2019-02-01,1,17,6,1,25,63,1
13140,"Beaumont-Port Arthur, TX",2019-03-01,1,31,8,1,41,104,2
13140,"Beaumont-Port Arthur, TX",2019-04-01,2,32,6,0,40,144,4
13140,"Beaumont-Port Arthur, TX",2019-05-01,0,32,8,1,41,185,4
13140,"Beaumont-Port Arthur, TX",2019-06-01,2,19,7,1,29,214,6
13140,"Beaumont-Port Arthur, TX",2019-07-01,2,25,6,0,33,247,8
13140,"Beaumont-Port Arthur, TX",2019-08-01,2,22,13,0,37,284,10
13140,"Beaumont-Port Arthur, TX",2019-09-01,0,42,15,0,57,341,10
13140,"Beaumont-Port Arthur, TX",2019-10-01,4,34,10,0,48,389,14
13140,"Beaumont-Port Arthur, TX",2019-11-01,2,39,17,0,58,447,16
13140,"Beaumont-Port Arthur, TX",2019-12-01,3,34,8,1,46,493,19
13140,"Beaumont-Port Arthur, TX",2020-01-01,5,42,8,1,56,549,24
13140,"Beaumont-Port Arthur, TX",2020-02-01,6,44,14,0,64,613,30
13140,"Beaumont-Port Arthur, TX",2020-03-01,8,61,16,0,85,698,38
13140,"Beaumont-Port Arthur, TX",2020-04-01,23,88,26,3,140,838,61
13140,"Beaumont-Port Arthur, TX",2020-05-01,46,158,29,4,237,1075,107
13140,"Beaumont-Port Arthur, TX",2020-06-01,26,102,22,4,154,1229,133
13140,"Beaumont-Port Arthur, TX",2020-07-01,38,163,28,4,233,1462,171
13140,"Beaumont-Port Arthur, TX",2020-08-01,49,177,33,4,263,1725,220
13140,"Beaumont-Port Arthur, TX",2020-09-01,59,180,26,1,266,1991,279
13140,"Beaumont-Port Arthur, TX",2020-10-01,23,106,14,1,144,2135,302
13140,"Beaumont-Port Arthur, TX",2020-11-01,13,64,9,0,86,2221,315
13140,"Beaumont-Port Arthur, TX",2020-12-01,21,67,16,4,108,2329,336
13140,"Beaumont-Port Arthur, TX",2021-01-01,66,168,46,3,283,2612,402
13140,"Beaumont-Port Arthur, TX",2021-02-01,25,79,17,1,122,2734,427
13140,"Beaumont-Port Arthur, TX",2021-03-01,71,187,37,2,297,3031,498
13140,"Beaumont-Port Arthur, TX",2021-04-01,89,230,53,3,375,3406,587
13140,"Beaumont-Port Arthur, TX",2021-05-01,57,158,37,5,257,3663,644
13140,"Beaumont-Port Arthur, TX",2021-06-01,55,175,38,3,271,3934,699
13140,"Beaumont-Port Arthur, TX",2021-07-01,31,91,17,2,141,4075,730
13140,"Beaumont-Port Arthur, TX",2021-08-01,23,102,21,3,149,4224,753
13140,"Beaumont-Port Arthur, TX",2021-09-01,54,166,43,3,266,4490,807
13140,"Beaumont-Port Arthur, TX",2021-10-01,28,102,32,1,163,4653,835
13140,"Beaumont-Port Arthur, TX",2021-11-01,29,101,20,3,153,4806,864
13140,"Beaumont-Port Arthur, TX",2021-12-01,53,117,32,4,206,5012,917
13140,"Beaumont-Port Arthur, TX",2022-01-01,55,137,35,3,230,5242,972
13140,"Beaumont-Port Arthur, TX",2022-02-01,26,63,21,0,110,5352,998
13140,"Beaumont-Port Arthur, TX",2022-03-01,65,148,35,1,249,5601,1063
13140,"Beaumont-Port Arthur, TX",2022-04-01,57,161,40,2,260,5861,1120
13140,"Beaumont-Port Arthur, TX",2022-05-01,56,157,44,1,258,6119,1176
13140,"Beaumont-Port Arthur, TX",2022-06-01,28,97,28,2,155,6274,1204
13140,"Beaumont-Port Arthur, TX",2022-07-01,27,75,21,0,123,6397,1231
13140,"Beaumont-Port Arthur, TX",2022-08-01,49,121,46,4,220,6617,1280
13140,"Beaumont-Port Arthur, TX",2022-09-01,53,134,32,5,224,6841,1333
13140,"Beaumont-Port Arthur, TX",2022-10-01,59,113,47,4,223,7064,1392
13140,"Beaumont-Port Arthur, TX",2022-11-01,75,164,57,7,303,7367,1467
13140,"Beaumont-Port Arthur, TX",2022-12-01,100,166,41,8,315,7682,1567
13140,"Beaumont-Port Arthur, TX",2023-01-01,82,184,57,8,331,8013,1649
13140,"Beaumont-Port Arthur, TX",2023-02-01,80,127,44,4,255,8268,1729
13140,"Beaumont-Port Arthur, TX",2023-03-01,142,205,55,7,409,8677,1871
13140,"Beaumont-Port Arthur, TX",2023-04-01,68,156,31,4,259,8936,1939
13140,"Beaumont-Port Arthur, TX",2023-05-01,49,73,24,1,147,9083,1988
13140,"Beaumont-Port Arthur, TX",2023-06-01,24,50,12,1,87,9170,2012
13140,"Beaumont-Port Arthur, TX",2023-07-01,33,62,17,2,114,9284,2045
13140,"Beaumont-Port Arthur, TX",2023-08-01,55,121,26,2,204,9488,2100
13140,"Beaumont-Port Arthur, TX",2023-09-01,82,152,48,8,290,9778,2182
13140,"Beaumont-Port Arthur, TX",2023-10-01,99,208,63,11,381,10159,2281
13140,"Beaumont-Port Arthur, TX",2023-11-01,130,196,76,3,405,10564,2411
13140,"Beaumont-Port Arthur, TX",2023-12-01,123,216,56,5,400,10964,2534
13140,"Beaumont-Port Arthur, TX",2024-01-01,119,186,57,6,368,11332,2653
13140,"Beaumont-Port Arthur, TX",2024-02-01,119,194,44,11,368,11700,2772
13140,"Beaumont-Port Arthur, TX",2024-03-01,155,209,63,8,435,12135,2927
13140,"Beaumont-Port Arthur, TX",2024-04-01,139,232,50,5,426,12561,3066
13140,"Beaumont-Port Arthur, TX",2024-05-01,132,233,52,9,426,12987,3198
13140,"Beaumont-Port Arthur, TX",2024-06-01,114,204,69,7,394,13381,3312
13140,"Beaumont-Port Arthur, TX",2024-07-01,65,137,35,4,241,13622,3377
13140,"Beaumont-Port Arthur, TX",2024-08-01,86,126,44,8,264,13886,3463
13140,"Beaumont-Port Arthur, TX",2024-09-01,113,204,56,4,377,14263,3576
13140,"Beaumont-Port Arthur, TX",2024-10-01,125,208,58,3,394,14657,3701
13140,"Beaumont-Port Arthur, TX",2024-11-01,154,222,68,3,447,15104,3855
13140,"Beaumont-Port Arthur, TX",2024-12-01,151,251,71,8,481,15585,4006
13140,"Beaumont-Port Arthur, TX",2025-01-01,142,202,59,7,410,15995,4148
13140,"Beaumont-Port Arthur, TX",2025-02-01,126,182,57,2,367,16362,4274
13140,"Beaumont-Port Arthur, TX",2025-03-01,148,206,45,3,402,16764,4422
13140,"Beaumont-Port Arthur, TX",2025-04-01,172,229,52,3,456,17220,4594
13140,"Beaumont-Port Arthur, TX",2025-05-01,146,231,71,10,458,17678,4740
13140,"Beaumont-Port Arthur, TX",2025-06-01,156,260,73,12,501,18179,4896
13140,"Beaumont-Port Arthur, TX",2025-07-01,125,214,92,8,439,18618,5021
13140,"Beaumont-Port Arthur, TX",2025-08-01,106,176,56,8,346,18964,5127
13140,"Beaumont-Port Arthur, TX",2025-09-01,6,3,3,0,12,18976,5133
36980,"Owensboro, KY",2019-01-01,1,8,0,0,9,9,1
36980,"Owensboro, KY",2019-02-01,1,25,5,3,34,43,2
36980,"Owensboro, KY",2019-03-01,1,35,4,1,41,84,3
36980,"Owensboro, KY",2019-04-01,0,38,10,1,49,133,3
36980,"Owensboro, KY",2019-05-01,1,30,8,2,41,174,4
36980,"Owensboro, KY",2019-06-01,0,36,6,0,42,216,4
36980,"Owensboro, KY",2019-07-01,1,16,4,0,21,237,5
36980,"Owensboro, KY",2019-08-01,1,13,6,2,22,259,6
36980,"Owensboro, KY",2019-09-01,3,17,8,0,28,287,9
36980,"Owensboro, KY",2019-10-01,1,22,10,0,33,320,10
36980,"Owensboro, KY",2019-11-01,1,22,8,2,33,353,11
36980,"Owensboro, KY",2019-12-01,3,20,5,0,28,381,14
36980,"Owensboro, KY",2020-01-01,1,19,7,1,28,409,15
36980,"Owensboro, KY",2020-02-01,3,26,9,0,38,447,18
36980,"Owensboro, KY",2020-03-01,5,30,7,0,42,489,23
36980,"Owensboro, KY",2020-04-01,29,71,18,0,118,607,52
36980,"Owensboro, KY",2020-05-01,46,106,30,4,186,793,98
36980,"Owensboro, KY",2020-06-01,27,36,14,0,77,870,125
36980,"Owensboro, KY",2020-07-01,13,60,16,2,91,961,138
36980,"Owensboro, KY",2020-08-01,13,90,26,5,134,1095,151
36980,"Owensboro, KY",2020-09-01,31,72,19,2,124,1219,182
36980,"Owensboro, KY",2020-10-01,17,77,29,1,124,1343,199
36980,"Owensboro, KY",2020-11-01,17,48,14,1,80,1423,216
36980,"Owensboro, KY",2020-12-01,9,41,14,0,64,1487,225
36980,"Owensboro, KY",2021-01-01,26,66,19,1,112,1599,251
36980,"Owensboro, KY",2021-02-01,10,43,6,0,59,1658,261
36980,"Owensboro, KY",2021-03-01,34,86,22,5,147,1805,295
36980,"Owensboro, KY",2021-04-01,25,67,10,2,104,1909,320
36980,"Owensboro, KY",2021-05-01,30,78,22,2,132,2041,350
36980,"Owensboro, KY",2021-06-01,13,89,18,3,123,2164,363
36980,"Owensboro, KY",2021-07-01,18,78,16,2,114,2278,381
36980,"Owensboro, KY",2021-08-01,20,54,21,0,95,2373,401
36980,"Owensboro, KY",2021-09-01,14,74,17,2,107,2480,415
36980,"Owensboro, KY",2021-10-01,11,67,13,1,92,2572,426
36980,"Owensboro, KY",2021-11-01,17,59,14,4,94,2666,443
36980,"Owensboro, KY",2021-12-01,23,59,18,2,102,2768,466
36980,"Owensboro, KY",2022-01-01,26,77,21,1,125,2893,492
36980,"Owensboro, KY",2022-02-01,24,68,26,1,119,3012,516
36980,"Owensboro, KY",2022-03-01,27,59,19,0,105,3117,543
36980,"Owensboro, KY",2022-04-01,23,67,15,1,106,3223,566
36980,"Owensboro, KY",2022-05-01,29,51,16,1,97,3320,595
36980,"Owensboro, KY",2022-06-01,24,58,16,0,98,3418,619
36980,"Owensboro, KY",2022-07-01,13,61,21,0,95,3513,632
36980,"Owensboro, KY",2022-08-01,28,77,28,0,133,3646,660
36980,"Owensboro, KY",2022-09-01,26,67,29,2,124,3770,686
36980,"Owensboro, KY",2022-10-01,35,88,46,7,176,3946,721
36980,"Owensboro, KY",2022-11-01,25,85,22,3,135,4081,746
36980,"Owensboro, KY",2022-12-01,38,69,20,2,129,4210,784
36980,"Owensboro, KY",2023-01-01,35,53,21,4,113,4323,819
36980,"Owensboro, KY",2023-02-01,33,79,21,5,138,4461,852
36980,"Owensboro, KY",2023-03-01,35,93,36,4,168,4629,887
36980,"Owensboro, KY",2023-04-01,16,43,16,2,77,4706,903
36980,"Owensboro, KY",2023-05-01,31,44,11,5,91,4797,934
36980,"Owensboro, KY",2023-06-01,31,47,15,1,94,4891,965
36980,"Owensboro, KY",2023-07-01,15,56,10,0,81,4972,980
36980,"Owensboro, KY",2023-08-01,17,48,16,2,83,5055,997
36980,"Owensboro, KY",2023-09-01,22,42,18,1,83,5138,1019
36980,"Owensboro, KY",2023-10-01,26,59,22,2,109,5247,1045
36980,"Owensboro, KY",2023-11-01,36,46,23,1,106,5353,1081
36980,"Owensboro, KY",2023-12-01,41,52,17,2,112,5465,1122
36980,"Owensboro, KY",2024-01-01,41,69,18,1,129,5594,1163
36980,"Owensboro, KY",2024-02-01,34,44,23,2,103,5697,1197
36980,"Owensboro, KY",2024-03-01,43,78,20,1,142,5839,1240
36980,"Owensboro, KY",2024-04-01,47,49,20,0,116,5955,1287
36980,"Owensboro, KY",2024-05-01,19,39,17,1,76,6031,1306
36980,"Owensboro, KY",2024-06-01,14,29,9,0,52,6083,1320
36980,"Owensboro, KY",2024-07-01,10,27,13,1,51,6134,1330
36980,"Owensboro, KY",2024-08-01,20,30,12,2,64,6198,1350
36980,"Owensboro, KY",2024-09-01,27,33,17,0,77,6275,1377
36980,"Owensboro, KY",2024-10-01,32,62,24,2,120,6395,1409
36980,"Owensboro, KY",2024-11-01,32,64,16,2,114,6509,1441
36980,"Owensboro, KY",2024-12-01,44,65,13,0,122,6631,1485
36980,"Owensboro, KY",2025-01-01,47,59,23,2,131,6762,1532
36980,"Owensboro, KY",2025-02-01,50,62,23,0,135,6897,1582
36980,"Owensboro, KY",2025-03-01,48,64,21,2,135,7032,1630
36980,"Owensboro, KY",2025-04-01,61,55,22,1,139,7171,1691
36980,"Owensboro, KY",2025-05-01,62,77,20,6,165,7336,1753
36980,"Owensboro, KY",2025-06-01,41,77,21,3,142,7478,1794
36980,"Owensboro, KY",2025-07-01,48,63,19,1,131,7609,1842
36980,"Owensboro, KY",2025-08-01,33,45,22,3,103,7712,1875
36980,"Owensboro, KY",2025-09-01,1,0,1,0,2,7714,1876
11200,"Amherst Town-Northampton, MA",2019-01-01,0,39,8,2,49,49,0
11200,"Amherst Town-Northampton, MA",2019-02-01,1,51,10,2,64,113,1
11200,"Amherst Town-Northampton, MA",2019-03-01,2,43,11,3,59,172,3
11200,"Amherst Town-Northampton, MA",2019-04-01,5,66,8,1,80,252,8
11200,"Amherst Town-Northampton, MA",2019-05-01,2,46,9,2,59,311,10
11200,"Amherst Town-Northampton, MA",2019-06-01,1,25,6,1,33,344,11
11200,"Amherst Town-Northampton, MA",2019-07-01,4,51,15,2,72,416,15
11200,"Amherst Town-Northampton, MA",2019-08-01,4,61,12,0,77,493,19
11200,"Amherst Town-Northampton, MA",2019-09-01,6,66,11,2,85,578,25
11200,"Amherst Town-Northampton, MA",2019-10-01,10,80,11,4,105,683,35
11200,"Amherst Town-Northampton, MA",2019-11-01,2,36,15,1,54,737,37
11200,"Amherst Town-Northampton, MA",2019-12-01,6,32,10,0,48,785,43
11200,"Amherst Town-Northampton, MA",2020-01-01,5,62,12,3,82,867,48
11200,"Amherst Town-Northampton, MA",2020-02-01,5,52,8,1,66,933,53
11200,"Amherst Town-Northampton, MA",2020-03-01,3,37,5,0,45,978,56
11200,"Amherst Town-Northampton, MA",2020-04-01,29,120,19,3,171,1149,85
11200,"Amherst Town-Northampton, MA",2020-05-01,63,172,37,7,279,1428,148
11200,"Amherst Town-Northampton, MA",2020-06-01,56,153,16,1,226,1654,204
11200,"Amherst Town-Northampton, MA",2020-07-01,57,181,21,2,261,1915,261
11200,"Amherst Town-Northampton, MA",2020-08-01,60,198,33,0,291,2206,321
11200,"Amherst Town-Northampton, MA",2020-09-01,41,173,27,1,242,2448,362
11200,"Amherst Town-Northampton, MA",2020-10-01,37,127,22,1,187,2635,399
11200,"Amherst Town-Northampton, MA",2020-11-01,22,42,5,0,69,2704,421
11200,"Amherst Town-Northampton, MA",2020-12-01,35,79,10,2,126,2830,456
11200,"Amherst Town-Northampton, MA",2021-01-01,68,181,21,3,273,3103,524
11200,"Amherst Town-Northampton, MA",2021-02-01,70,182,42,2,296,3399,594
11200,"Amherst Town-Northampton, MA",2021-03-01,60,179,25,3,267,3666,654
11200,"Amherst Town-Northampton, MA",2021-04-01,62,161,26,1,250,3916,716
11200,"Amherst Town-Northampton, MA",2021-05-01,77,202,31,3,313,4229,793
11200,"Amherst Town-Northampton, MA",2021-06-01,62,171,32,1,266,4495,855
11200,"Amherst Town-Northampton, MA",2021-07-01,51,162,31,3,247,4742,906
11200,"Amherst Town-Northampton, MA",2021-08-01,62,184,39,1,286,5028,968
11200,"Amherst Town-Northampton, MA",2021-09-01,51,241,44,4,340,5368,1019
11200,"Amherst Town-Northampton, MA",2021-10-01,39,154,31,4,228,5596,1058
11200,"Amherst Town-Northampton, MA",2021-11-01,46,122,28,4,200,5796,1104
11200,"Amherst Town-Northampton, MA",2021-12-01,98,179,30,1,308,6104,1202
11200,"Amherst Town-Northampton, MA",2022-01-01,80,205,35,5,325,6429,1282
11200,"Amherst Town-Northampton, MA",2022-02-01,40,81,20,1,142,6571,1322
11200,"Amherst Town-Northampton, MA",2022-03-01,75,190,36,3,304,6875,1397
11200,"Amherst Town-Northampton, MA",2022-04-01,55,130,15,1,201,7076,1452
11200,"Amherst Town-Northampton, MA",2022-05-01,36,83,22,4,145,7221,1488
11200,"Amherst Town-Northampton, MA",2022-06-01,18,27,10,1,56,7277,1506
11200,"Amherst Town-Northampton, MA",2022-07-01,13,35,10,1,59,7336,1519
11200,"Amherst Town-Northampton, MA",2022-08-01,21,41,9,1,72,7408,1540
11200,"Amherst Town-Northampton, MA",2022-09-01,48,133,27,1,209,7617,1588
11200,"Amherst Town-Northampton, MA",2022-10-01,32,86,16,1,135,7752,1620
11200,"Amherst Town-Northampton, MA",2022-11-01,72,159,35,3,269,8021,1692
11200,"Amherst Town-Northampton, MA",2022-12-01,74,121,24,4,223,8244,1766
11200,"Amherst Town-Northampton, MA",2023-01-01,99,122,29,4,254,8498,1865
11200,"Amherst Town-Northampton, MA",2023-02-01,74,114,38,3,229,8727,1939
11200,"Amherst Town-Northampton, MA",2023-03-01,84,140,43,3,270,8997,2023
11200,"Amherst Town-Northampton, MA",2023-04-01,49,108,23,0,180,9177,2072
11200,"Amherst Town-Northampton, MA",2023-05-01,26,49,15,0,90,9267,2098
11200,"Amherst Town-Northampton, MA",2023-06-01,27,32,8,0,67,9334,2125
11200,"Amherst Town-Northampton, MA",2023-07-01,33,36,7,1,77,9411,2158
11200,"Amherst Town-Northampton, MA",2023-08-01,29,44,11,1,85,9496,2187
11200,"Amherst Town-Northampton, MA",2023-09-01,63,131,34,2,230,9726,2250
11200,"Amherst Town-Northampton, MA",2023-10-01,69,115,33,2,219,9945,2319
11200,"Amherst Town-Northampton, MA",2023-11-01,76,132,41,1,250,10195,2395
11200,"Amherst Town-Northampton, MA",2023-12-01,88,121,22,2,233,10428,2483
11200,"Amherst Town-Northampton, MA",2024-01-01,99,120,37,1,257,10685,2582
11200,"Amherst Town-Northampton, MA",2024-02-01,92,114,37,1,244,10929,2674
11200,"Amherst Town-Northampton, MA",2024-03-01,83,112,29,2,226,11155,2757
11200,"Amherst Town-Northampton, MA",2024-04-01,91,115,23,1,230,11385,2848
11200,"Amherst Town-Northampton, MA",2024-05-01,93,126,30,2,251,11636,2941
11200,"Amherst Town-Northampton, MA",2024-06-01,76,97,21,2,196,11832,3017
11200,"Amherst Town-Northampton, MA",2024-07-01,44,85,25,2,156,11988,3061
11200,"Amherst Town-Northampton, MA",2024-08-01,46,99,27,4,176,12164,3107
11200,"Amherst Town-Northampton, MA",2024-09-01,48,89,21,4,162,12326,3155
11200,"Amherst Town-Northampton, MA",2024-10-01,73,130,34,3,240,12566,3228
11200,"Amherst Town-Northampton, MA",2024-11-01,73,121,22,1,217,12783,3301
11200,"Amherst Town-Northampton, MA",2024-12-01,78,114,31,3,226,13009,3379
11200,"Amherst Town-Northampton, MA",2025-01-01,83,98,25,0,206,13215,3462
11200,"Amherst Town-Northampton, MA",2025-02-01,72,72,22,3,169,13384,3534
11200,"Amherst Town-Northampton, MA",2025-03-01,70,84,25,0,179,13563,3604
11200,"Amherst Town-Northampton, MA",2025-04-01,58,105,25,1,189,13752,3662
11200,"Amherst Town-Northampton, MA",2025-05-01,63,78,19,1,161,13913,3725
11200,"Amherst Town-Northampton, MA",2025-06-01,47,78,21,0,146,14059,3772
11200,"Amherst Town-Northampton, MA",2025-07-01,32,54,16,2,104,14163,3804
11200,"Amherst Town-Northampton, MA",2025-08-01,13,47,12,1,73,14236,3817
11200,"Amherst Town-Northampton, MA",2025-09-01,1,0,0,0,1,14237,3818
33460,"Minneapolis-St. Paul-Bloomington, MN-WI",2019-01-01,11,327,56,8,402,402,11
33460,"Minneapolis-St. Paul-Bloomington, MN-WI",2019-02-01,18,291,65,7,381,783,29
33460,"Minneapolis-St. Paul-Bloomington, MN-WI",2019-03-01,34,425,118,8,585,1368,63
33460,"Minneapolis-St. Paul-Bloomington, MN-WI",2019-04-01,34,516,127,11,688,2056,97
33460,"Minneapolis-St. Paul-Bloomington, MN-WI",2019-05-01,30,466,93,11,600,2656,127
33460,"Minneapolis-St. Paul-Bloomington, MN-WI",2019-06-01,35,366,76,6,483,3139,162
33460,"Minneapolis-St. Paul-Bloomington, MN-WI",2019-07-01,59,422,81,8,570,3709,221
33460,"Minneapolis-St. Paul-Bloomington, MN-WI",2019-08-01,53,423,89,15,580,4289,274
33460,"Minneapolis-St. Paul-Bloomington, MN-WI",2019-09-01,58,480,113,8,659,4948,332
33460,"Minneapolis-St. Paul-Bloomington, MN-WI",2019-10-01,66,467,81,10,624,5572,398
33460,"Minneapolis-St. Paul-Bloomington, MN-WI",2019-11-01,56,398,104,13,571,6143,454
33460,"Minneapolis-St. Paul-Bloomington, MN-WI",2019-12-01,76,406,87,5,574,6717,530
33460,"Minneapolis-St. Paul-Bloomington, MN-WI",2020-01-01,94,594,150,21,859,7576,624
33460,"Minneapolis-St. Paul-Bloomington, MN-WI",2020-02-01,107,493,126,18,744,8320,731
33460,"Minneapolis-St. Paul-Bloomington, MN-WI",2020-03-01,160,630,196,19,1005,9325,891
33460,"Minneapolis-St. Paul-Bloomington, MN-WI",2020-04-01,604,1306,382,45,2337,11662,1495
33460,"Minneapolis-St. Paul-Bloomington, MN-WI",2020-05-01,1109,1618,280,34,3041,14703,2604
33460,"Minneapolis-St. Paul-Bloomington, MN-WI",2020-06-01,885,1476,261,36,2658,17361,3489
33460,"Minneapolis-St. Paul-Bloomington, MN-WI",2020-07-01,670,1376,287,24,2357,19718,4159
33460,"Minneapolis-St. Paul-Bloomington, MN-WI",2020-08-01,498,1325,273,35,2131,21849,4657
33460,"Minneapolis-St. Paul-Bloomington, MN-WI",2020-09-01,418,1228,271,28,1945,23794,5075
33460,"Minneapolis-St. Paul-Bloomington, MN-WI",2020-10-01,411,1229,268,30,1938,25732,5486
33460,"Minneapolis-St. Paul-Bloomington, MN-WI",2020-11-01,525,1203,286,47,2061,27793,6011
33460,"Minneapolis-St. Paul-Bloomington, MN-WI",2020-12-01,636,1082,248,45,2011,29804,6647
33460,"Minneapolis-St. Paul-Bloomington, MN-WI",2021-01-01,736,1401,484,85,2706,32510,7383
33460,"Minneapolis-St. Paul-Bloomington, MN-WI",2021-02-01,496,1101,376,67,2040,34550,7879
33460,"Minneapolis-St. Paul-Bloomington, MN-WI",2021-03-01,546,1119,320,47,2032,36582,8425
33460,"Minneapolis-St. Paul-Bloomington, MN-WI",2021-04-01,531,1039,240,38,1848,38430,8956
33460,"Minneapolis-St. Paul-Bloomington, MN-WI",2021-05-01,687,1237,270,27,2221,40651,9643
33460,"Minneapolis-St. Paul-Bloomington, MN-WI",2021-06-01,601,1273,238,22,2134,42785,10244
33460,"Minneapolis-St. Paul-Bloomington, MN-WI",2021-07-01,498,1004,210,24,1736,44521,10742
33460,"Minneapolis-St. Paul-Bloomington, MN-WI",2021-08-01,388,1001,221,24,1634,46155,11130
33460,"Minneapolis-St. Paul-Bloomington, MN-WI",2021-09-01,343,1122,315,31,1811,47966,11473
33460,"Minneapolis-St. Paul-Bloomington, MN-WI",2021-10-01,361,1080,275,27,1743,49709,11834
33460,"Minneapolis-St. Paul-Bloomington, MN-WI",2021-11-01,479,1074,246,30,1829,51538,12313
33460,"Minneapolis-St. Paul-Bloomington, MN-WI",2021-12-01,569,1039,251,31,1890,53428,12882
33460,"Minneapolis-St. Paul-Bloomington, MN-WI",2022-01-01,630,1386,350,53,2419,55847,13512
33460,"Minneapolis-St. Paul-Bloomington, MN-WI",2022-02-01,469,1029,308,40,1846,57693,13981
33460,"Minneapolis-St. Paul-Bloomington, MN-WI",2022-03-01,507,1115,310,35,1967,59660,14488
33460,"Minneapolis-St. Paul-Bloomington, MN-WI",2022-04-01,479,928,246,27,1680,61340,14967
33460,"Minneapolis-St. Paul-Bloomington, MN-WI",2022-05-01,662,1066,228,22,1978,63318,15629
33460,"Minneapolis-St. Paul-Bloomington, MN-WI",2022-06-01,550,849,216,27,1642,64960,16179
33460,"Minneapolis-St. Paul-Bloomington, MN-WI",2022-07-01,619,978,268,33,1898,66858,16798
33460,"Minneapolis-St. Paul-Bloomington, MN-WI",2022-08-01,534,1046,286,39,1905,68763,17332
33460,"Minneapolis-St. Paul-Bloomington, MN-WI",2022-09-01,427,1018,265,27,1737,70500,17759
33460,"Minneapolis-St. Paul-Bloomington, MN-WI",2022-10-01,408,831,221,25,1485,71985,18167
33460,"Minneapolis-St. Paul-Bloomington, MN-WI",2022-11-01,457,848,245,28,1578,73563,18624
33460,"Minneapolis-St. Paul-Bloomington, MN-WI",2022-12-01,586,814,229,25,1654,75217,19210
33460,"Minneapolis-St. Paul-Bloomington, MN-WI",2023-01-01,516,970,263,19,1768,76985,19726
33460,"Minneapolis-St. Paul-Bloomington, MN-WI",2023-02-01,500,848,322,48,1718,78703,20226
33460,"Minneapolis-St. Paul-Bloomington, MN-WI",2023-03-01,680,1060,513,45,2298,81001,20906
33460,"Minneapolis-St. Paul-Bloomington, MN-WI",2023-04-01,549,885,311,39,1784,82785,21455
33460,"Minneapolis-St. Paul-Bloomington, MN-WI",2023-05-01,590,753,206,7,1556,84341,22045
33460,"Minneapolis-St. Paul-Bloomington, MN-WI",2023-06-01,460,589,152,18,1219,85560,22505
33460,"Minneapolis-St. Paul-Bloomington, MN-WI",2023-07-01,485,621,149,15,1270,86830,22990
33460,"Minneapolis-St. Paul-Bloomington, MN-WI",2023-08-01,645,913,240,28,1826,88656,23635
33460,"Minneapolis-St. Paul-Bloomington, MN-WI",2023-09-01,494,815,209,16,1534,90190,24129
33460,"Minneapolis-St. Paul-Bloomington, MN-WI",2023-10-01,526,891,245,22,1684,91874,24655
33460,"Minneapolis-St. Paul-Bloomington, MN-WI",2023-11-01,585,947,291,25,1848,93722,25240
33460,"Minneapolis-St. Paul-Bloomington, MN-WI",2023-12-01,720,975,258,21,1974,95696,25960
33460,"Minneapolis-St. Paul-Bloomington, MN-WI",2024-01-01,782,1024,288,33,2127,97823,26742
33460,"Minneapolis-St. Paul-Bloomington, MN-WI",2024-02-01,658,994,292,27,1971,99794,27400
33460,"Minneapolis-St. Paul-Bloomington, MN-WI",2024-03-01,622,958,263,24,1867,101661,28022
33460,"Minneapolis-St. Paul-Bloomington, MN-WI",2024-04-01,581,838,248,19,1686,103347,28603
33460,"Minneapolis-St. Paul-Bloomington, MN-WI",2024-05-01,696,925,271,53,1945,105292,29299
33460,"Minneapolis-St. Paul-Bloomington, MN-WI",2024-06-01,653,847,263,70,1833,107125,29952
33460,"Minneapolis-St. Paul-Bloomington, MN-WI",2024-07-01,807,1057,355,59,2278,109403,30759
33460,"Minneapolis-St. Paul-Bloomington, MN-WI",2024-08-01,696,1218,392,77,2383,111786,31455
33460,"Minneapolis-St. Paul-Bloomington, MN-WI",2024-09-01,607,964,322,55,1948,113734,32062
33460,"Minneapolis-St. Paul-Bloomington, MN-WI",2024-10-01,614,988,283,28,1913,115647,32676
33460,"Minneapolis-St. Paul-Bloomington, MN-WI",2024-11-01,662,989,285,35,1971,117618,33338
33460,"Minneapolis-St. Paul-Bloomington, MN-WI",2024-12-01,850,985,307,64,2206,119824,34188
33460,"Minneapolis-St. Paul-Bloomington, MN-WI",2025-01-01,808,1111,313,73,2305,122129,34996
33460,"Minneapolis-St. Paul-Bloomington, MN-WI",2025-02-01,656,885,313,120,1974,124103,35652
33460,"Minneapolis-St. Paul-Bloomington, MN-WI",2025-03-01,824,1036,339,140,2339,126442,36476
33460,"Minneapolis-St. Paul-Bloomington, MN-WI",2025-04-01,769,952,459,95,2275,128717,37245
33460,"Minneapolis-St. Paul-Bloomington, MN-WI",2025-05-01,959,913,465,58,2395,131112,38204
33460,"Minneapolis-St. Paul-Bloomington, MN-WI",2025-06-01,1169,950,404,66,2589,133701,39373
33460,"Minneapolis-St. Paul-Bloomington, MN-WI",2025-07-01,911,925,369,79,2284,135985,40284
33460,"Minneapolis-St. Paul-Bloomington, MN-WI",2025-08-01,649,799,202,32,1682,137667,40933
33460,"Minneapolis-St. Paul-Bloomington, MN-WI",2025-09-01,16,15,8,3,42,137709,40949
12740,"Barre, VT",2019-02-01,0,1,0,0,1,1,0
12740,"Barre, VT",2019-04-01,0,2,0,0,2,3,0
12740,"Barre, VT",2019-06-01,0,1,0,0,1,4,0
12740,"Barre, VT",2019-07-01,0,0,1,0,1,5,0
12740,"Barre, VT",2019-08-01,0,1,0,0,1,6,0
12740,"Barre, VT",2019-09-01,0,3,2,0,5,11,0
12740,"Barre, VT",2019-10-01,0,1,1,0,2,13,0
12740,"Barre, VT",2019-11-01,0,2,0,0,2,15,0
12740,"Barre, VT",2019-12-01,0,0,1,0,1,16,0
12740,"Barre, VT",2020-01-01,0,1,0,0,1,17,0
12740,"Barre, VT",2020-02-01,0,0,1,0,1,18,0
12740,"Barre, VT",2020-03-01,0,2,1,0,3,21,0
12740,"Barre, VT",2020-04-01,0,4,0,0,4,25,0
12740,"Barre, VT",2020-05-01,4,10,1,0,15,40,4
12740,"Barre, VT",2020-06-01,1,1,1,0,3,43,5
12740,"Barre, VT",2020-07-01,1,2,0,0,3,46,6
12740,"Barre, VT",2020-08-01,2,6,1,0,9,55,8
12740,"Barre, VT",2020-09-01,1,2,2,0,5,60,9
12740,"Barre, VT",2020-10-01,2,7,2,0,11,71,11
12740,"Barre, VT",2020-11-01,2,9,5,1,17,88,13
12740,"Barre, VT",2020-12-01,3,13,4,0,20,108,16
12740,"Barre, VT",2021-01-01,2,17,3,1,23,131,18
12740,"Barre, VT",2021-02-01,2,10,0,0,12,143,20
12740,"Barre, VT",2021-03-01,7,9,6,0,22,165,27
12740,"Barre, VT",2021-04-01,4,9,5,0,18,183,31
12740,"Barre, VT",2021-05-01,4,17,2,0,23,206,35
12740,"Barre, VT",2021-06-01,4,18,2,0,24,230,39
12740,"Barre, VT",2021-07-01,4,15,5,0,24,254,43
12740,"Barre, VT",2021-08-01,5,23,3,0,31,285,48
12740,"Barre, VT",2021-09-01,9,15,1,1,26,311,57
12740,"Barre, VT",2021-10-01,5,19,3,0,27,338,62
12740,"Barre, VT",2021-11-01,6,24,4,1,35,373,68
12740,"Barre, VT",2021-12-01,7,21,5,1,34,407,75
12740,"Barre, VT",2022-01-01,14,23,7,0,44,451,89
12740,"Barre, VT",2022-02-01,7,13,3,0,23,474,96
12740,"Barre, VT",2022-03-01,12,26,5,0,43,517,108
12740,"Barre, VT",2022-04-01,6,15,3,0,24,541,114
12740,"Barre, VT",2022-05-01,11,18,4,1,34,575,125
12740,"Barre, VT",2022-06-01,3,13,4,0,20,595,128
12740,"Barre, VT",2022-07-01,4,14,4,0,22,617,132
12740,"Barre, VT",2022-08-01,3,12,6,0,21,638,135
12740,"Barre, VT",2022-09-01,5,19,7,1,32,670,140
12740,"Barre, VT",2022-10-01,4,20,1,0,25,695,144
12740,"Barre, VT",2022-11-01,3,19,7,1,30,725,147
12740,"Barre, VT",2022-12-01,9,8,3,0,20,745,156
12740,"Barre, VT",2023-01-01,9,19,4,0,32,777,165
12740,"Barre, VT",2023-02-01,5,13,3,0,21,798,170
12740,"Barre, VT",2023-03-01,5,26,3,0,34,832,175
12740,"Barre, VT",2023-04-01,11,13,2,0,26,858,186
12740,"Barre, VT",2023-05-01,6,12,2,0,20,878,192
12740,"Barre, VT",2023-06-01,5,12,4,0,21,899,197
12740,"Barre, VT",2023-07-01,9,5,5,1,20,919,206
12740,"Barre, VT",2023-08-01,8,14,3,1,26,945,214
12740,"Barre, VT",2023-09-01,6,14,4,0,24,969,220
12740,"Barre, VT",2023-10-01,6,14,3,0,23,992,226
12740,"Barre, VT",2023-11-01,6,11,5,0,22,1014,232
12740,"Barre, VT",2023-12-01,6,11,2,0,19,1033,238
12740,"Barre, VT",2024-01-01,8,13,4,0,25,1058,246
12740,"Barre, VT",2024-02-01,9,7,7,0,23,1081,255
12740,"Barre, VT",2024-03-01,11,11,3,0,25,1106,266
12740,"Barre, VT",2024-04-01,10,19,6,1,36,1142,276
12740,"Barre, VT",2024-05-01,6,18,4,0,28,1170,282
12740,"Barre, VT",2024-06-01,8,19,3,0,30,1200,290
12740,"Barre, VT",2024-07-01,10,19,2,0,31,1231,300
12740,"Barre, VT",2024-08-01,6,15,4,2,27,1258,306
12740,"Barre, VT",2024-09-01,7,17,6,0,30,1288,313
12740,"Barre, VT",2024-10-01,6,10,8,0,24,1312,319
12740,"Barre, VT",2024-11-01,6,12,7,1,26,1338,325
12740,"Barre, VT",2024-12-01,10,19,3,1,33,1371,335
12740,"Barre, VT",2025-01-01,8,15,5,0,28,1399,343
12740,"Barre, VT",2025-02-01,10,11,9,1,31,1430,353
12740,"Barre, VT",2025-03-01,11,9,3,0,23,1453,364
12740,"Barre, VT",2025-04-01,10,11,1,1,23,1476,374
12740,"Barre, VT",2025-05-01,11,15,3,0,29,1505,385
12740,"Barre, VT",2025-06-01,9,15,7,0,31,1536,394
12740,"Barre, VT",2025-07-01,10,11,0,0,21,1557,404
12740,"Barre, VT",2025-08-01,6,15,3,0,24,1581,410
10460,"Alamogordo, NM",2019-01-01,1,3,0,0,4,4,1
10460,"Alamogordo, NM",2019-02-01,0,2,1,0,3,7,1
10460,"Alamogordo, NM",2019-03-01,0,1,0,0,1,8,1
10460,"Alamogordo, NM",2019-04-01,0,2,0,0,2,10,1
10460,"Alamogordo, NM",2019-05-01,0,4,1,0,5,15,1
10460,"Alamogordo, NM",2019-06-01,1,12,5,2,20,35,2
10460,"Alamogordo, NM",2019-07-01,0,7,2,0,9,44,2
10460,"Alamogordo, NM",2019-08-01,1,12,1,1,15,59,3
10460,"Alamogordo, NM",2019-09-01,0,9,1,1,11,70,3
10460,"Alamogordo, NM",2019-10-01,0,8,0,0,8,78,3
10460,"Alamogordo, NM",2019-11-01,1,12,0,0,13,91,4
10460,"Alamogordo, NM",2019-12-01,0,12,2,0,14,105,4
10460,"Alamogordo, NM",2020-01-01,5,10,1,1,17,122,9
10460,"Alamogordo, NM",2020-02-01,0,11,2,1,14,136,9
10460,"Alamogordo, NM",2020-03-01,3,15,2,1,21,157,12
10460,"Alamogordo, NM",2020-04-01,9,32,3,2,46,203,21
10460,"Alamogordo, NM",2020-05-01,4,14,3,0,21,224,25
10460,"Alamogordo, NM",2020-06-01,5,24,6,0,35,259,30
10460,"Alamogordo, NM",2020-07-01,1,40,3,0,44,303,31
10460,"Alamogordo, NM",2020-08-01,9,24,8,1,42,345,40
10460,"Alamogordo, NM",2020-09-01,4,31,3,0,38,383,44
10460,"Alamogordo, NM",2020-10-01,8,24,4,4,40,423,52
10460,"Alamogordo, NM",2020-11-01,2,21,5,0,28,451,54
10460,"Alamogordo, NM",2020-12-01,8,30,2,0,40,491,62
10460,"Alamogordo, NM",2021-01-01,3,28,5,0,36,527,65
10460,"Alamogordo, NM",2021-02-01,10,22,2,1,35,562,75
10460,"Alamogordo, NM",2021-03-01,9,24,9,2,44,606,84
10460,"Alamogordo, NM",2021-04-01,8,36,8,0,52,658,92
10460,"Alamogordo, NM",2021-05-01,15,41,9,0,65,723,107
10460,"Alamogordo, NM",2021-06-01,15,23,4,0,42,765,122
10460,"Alamogordo, NM",2021-07-01,9,30,4,0,43,808,131
10460,"Alamogordo, NM",2021-08-01,3,21,3,1,28,836,134
10460,"Alamogordo, NM",2021-09-01,10,28,5,1,44,880,144
10460,"Alamogordo, NM",2021-10-01,10,21,4,0,35,915,154
10460,"Alamogordo, NM",2021-11-01,11,25,3,2,41,956,165
10460,"Alamogordo, NM",2021-12-01,7,25,3,0,35,991,172
10460,"Alamogordo, NM",2022-01-01,7,26,6,0,39,1030,179
10460,"Alamogordo, NM",2022-02-01,7,11,7,0,25,1055,186
10460,"Alamogordo, NM",2022-03-01,9,15,2,0,26,1081,195
10460,"Alamogordo, NM",2022-04-01,6,19,0,2,27,1108,201
10460,"Alamogordo, NM",2022-05-01,14,24,4,0,42,1150,215
10460,"Alamogordo, NM",2022-06-01,9,29,4,0,42,1192,224
10460,"Alamogordo, NM",2022-07-01,14,21,5,0,40,1232,238
10460,"Alamogordo, NM",2022-08-01,8,20,6,1,35,1267,246
10460,"Alamogordo, NM",2022-09-01,4,11,5,0,20,1287,250
10460,"Alamogordo, NM",2022-10-01,9,18,7,0,34,1321,259
10460,"Alamogordo, NM",2022-11-01,6,21,3,0,30,1351,265
10460,"Alamogordo, NM",2022-12-01,5,11,7,0,23,1374,270
10460,"Alamogordo, NM",2023-01-01,5,14,6,1,26,1400,275
10460,"Alamogordo, NM",2023-02-01,9,13,7,2,31,1431,284
10460,"Alamogordo, NM",2023-03-01,15,23,4,0,42,1473,299
10460,"Alamogordo, NM",2023-04-01,15,13,4,1,33,1506,314
10460,"Alamogordo, NM",2023-05-01,8,21,6,1,36,1542,322
10460,"Alamogordo, NM",2023-06-01,11,18,2,1,32,1574,333
10460,"Alamogordo, NM",2023-07-01,16,17,8,0,41,1615,349
10460,"Alamogordo, NM",2023-08-01,7,35,4,0,46,1661,356
10460,"Alamogordo, NM",2023-09-01,11,23,5,1,40,1701,367
10460,"Alamogordo, NM",2023-10-01,7,27,6,0,40,1741,374
10460,"Alamogordo, NM",2023-11-01,19,16,9,1,45,1786,393
10460,"Alamogordo, NM",2023-12-01,18,30,8,1,57,1843,411
10460,"Alamogordo, NM",2024-01-01,18,12,7,0,37,1880,429
10460,"Alamogordo, NM",2024-02-01,12,16,8,0,36,1916,441
10460,"Alamogordo, NM",2024-03-01,15,25,6,0,46,1962,456
10460,"Alamogordo, NM",2024-04-01,13,27,3,0,43,2005,469
10460,"Alamogordo, NM",2024-05-01,15,25,8,0,48,2053,484
10460,"Alamogordo, NM",2024-06-01,12,24,2,0,38,2091,496
10460,"Alamogordo, NM",2024-07-01,6,10,0,0,16,2107,502
10460,"Alamogordo, NM",2024-08-01,5,10,0,0,15,2122,507
10460,"Alamogordo, NM",2024-09-01,4,9,2,0,15,2137,511
10460,"Alamogordo, NM",2024-10-01,2,11,3,0,16,2153,513
10460,"Alamogordo, NM",2024-11-01,8,15,3,0,26,2179,521
10460,"Alamogordo, NM",2024-12-01,18,15,4,1,38,2217,539
10460,"Alamogordo, NM",2025-01-01,5,8,2,0,15,2232,544
10460,"Alamogordo, NM",2025-02-01,10,9,5,0,24,2256,554
10460,"Alamogordo, NM",2025-03-01,16,19,5,0,40,2296,570
10460,"Alamogordo, NM",2025-04-01,23,18,5,0,46,2342,593
10460,"Alamogordo, NM",2025-05-01,16,13,3,2,34,2376,609
10460,"Alamogordo, NM",2025-06-01,4,6,2,0,12,2388,613
10460,"Alamogordo, NM",2025-07-01,13,11,3,1,28,2416,626
10460,"Alamogordo, NM",2025-08-01,12,31,3,2,48,2464,638
10460,"Alamogordo, NM",2025-09-01,1,2,0,0,3,2467,639
18660,"Cortland, NY",2019-01-01,0,1,2,0,3,3,0
18660,"Cortland, NY",2019-02-01,0,1,1,0,2,5,0
18660,"Cortland, NY",2019-03-01,0,2,0,0,2,7,0
18660,"Cortland, NY",2019-04-01,1,3,3,0,7,14,1
18660,"Cortland, NY",2019-05-01,0,4,2,0,6,20,1
18660,"Cortland, NY",2019-06-01,1,8,1,0,10,30,2
18660,"Cortland, NY",2019-07-01,0,5,3,0,8,38,2
18660,"Cortland, NY",2019-08-01,0,2,0,0,2,40,2
18660,"Cortland, NY",2019-09-01,0,2,3,0,5,45,2
18660,"Cortland, NY",2019-10-01,1,3,0,0,4,49,3
18660,"Cortland, NY",2019-11-01,1,6,2,0,9,58,4
18660,"Cortland, NY",2019-12-01,1,6,1,0,8,66,5
18660,"Cortland, NY",2020-01-01,0,11,0,0,11,77,5
18660,"Cortland, NY",2020-02-01,1,11,5,0,17,94,6
18660,"Cortland, NY",2020-03-01,3,16,1,1,21,115,9
18660,"Cortland, NY",2020-04-01,6,13,2,2,23,138,15
18660,"Cortland, NY",2020-05-01,22,31,3,0,56,194,37
18660,"Cortland, NY",2020-06-01,18,28,6,0,52,246,55
18660,"Cortland, NY",2020-07-01,14,27,3,0,44,290,69
18660,"Cortland, NY",2020-08-01,6,39,2,0,47,337,75
18660,"Cortland, NY",2020-09-01,22,35,6,0,63,400,97
18660,"Cortland, NY",2020-10-01,14,31,3,0,48,448,111
18660,"Cortland, NY",2020-11-01,16,21,2,1,40,488,127
18660,"Cortland, NY",2020-12-01,12,27,5,0,44,532,139
18660,"Cortland, NY",2021-01-01,22,29,4,0,55,587,161
18660,"Cortland, NY",2021-02-01,21,31,5,0,57,644,182
18660,"Cortland, NY",2021-03-01,32,30,7,1,70,714,214
18660,"Cortland, NY",2021-04-01,21,43,12,0,76,790,235
18660,"Cortland, NY",2021-05-01,33,53,5,0,91,881,268
18660,"Cortland, NY",2021-06-01,16,27,9,0,52,933,284
18660,"Cortland, NY",2021-07-01,21,34,9,0,64,997,305
18660,"Cortland, NY",2021-08-01,10,35,8,1,54,1051,315
18660,"Cortland, NY",2021-09-01,20,37,9,0,66,1117,335
18660,"Cortland, NY",2021-10-01,19,36,6,0,61,1178,354
18660,"Cortland, NY",2021-11-01,22,34,12,1,69,1247,376
18660,"Cortland, NY",2021-12-01,39,38,12,2,91,1338,415
18660,"Cortland, NY",2022-01-01,34,38,12,0,84,1422,449
18660,"Cortland, NY",2022-02-01,33,45,7,1,86,1508,482
18660,"Cortland, NY",2022-03-01,28,40,7,1,76,1584,510
18660,"Cortland, NY",2022-04-01,14,34,11,0,59,1643,524
18660,"Cortland, NY",2022-05-01,12,17,6,0,35,1678,536
18660,"Cortland, NY",2022-06-01,14,30,6,0,50,1728,550
18660,"Cortland, NY",2022-07-01,16,21,3,0,40,1768,566
18660,"Cortland, NY",2022-08-01,10,27,9,1,47,1815,576
18660,"Cortland, NY",2022-09-01,21,22,9,1,53,1868,597
18660,"Cortland, NY",2022-10-01,30,26,6,0,62,1930,627
18660,"Cortland, NY",2022-11-01,23,21,9,0,53,1983,650
18660,"Cortland, NY",2022-12-01,28,29,5,0,62,2045,678
18660,"Cortland, NY",2023-01-01,22,20,5,0,47,2092,700
18660,"Cortland, NY",2023-02-01,22,24,8,0,54,2146,722
18660,"Cortland, NY",2023-03-01,38,31,9,0,78,2224,760
18660,"Cortland, NY",2023-04-01,25,27,6,0,58,2282,785
18660,"Cortland, NY",2023-05-01,22,26,5,1,54,2336,807
18660,"Cortland, NY",2023-06-01,13,21,1,0,35,2371,820
18660,"Cortland, NY",2023-07-01,14,14,7,1,36,2407,834
18660,"Cortland, NY",2023-08-01,5,20,4,0,29,2436,839
18660,"Cortland, NY",2023-09-01,26,35,2,2,65,2501,865
18660,"Cortland, NY",2023-10-01,32,20,12,0,64,2565,897
18660,"Cortland, NY",2023-11-01,29,19,2,0,50,2615,926
18660,"Cortland, NY",2023-12-01,35,34,6,0,75,2690,961
18660,"Cortland, NY",2024-01-01,26,21,12,1,60,2750,987
18660,"Cortland, NY",2024-02-01,54,19,10,2,85,2835,1041
18660,"Cortland, NY",2024-03-01,43,28,6,0,77,2912,1084
18660,"Cortland, NY",2024-04-01,33,37,7,0,77,2989,1117
18660,"Cortland, NY",2024-05-01,25,34,12,1,72,3061,1142
18660,"Cortland, NY",2024-06-01,10,16,3,0,29,3090,1152
18660,"Cortland, NY",2024-07-01,13,17,1,1,32,3122,1165
18660,"Cortland, NY",2024-08-01,9,14,5,1,29,3151,1174
18660,"Cortland, NY",2024-09-01,21,25,8,1,55,3206,1195
18660,"Cortland, NY",2024-10-01,21,19,11,1,52,3258,1216
18660,"Cortland, NY",2024-11-01,25,25,7,2,59,3317,1241
18660,"Cortland, NY",2024-12-01,28,24,12,1,65,3382,1269
18660,"Cortland, NY",2025-01-01,27,17,10,2,56,3438,1296
18660,"Cortland, NY",2025-02-01,45,15,4,0,64,3502,1341
18660,"Cortland, NY",2025-03-01,48,27,5,1,81,3583,1389
18660,"Cortland, NY",2025-04-01,43,24,6,1,74,3657,1432
18660,"Cortland, NY",2025-05-01,21,26,13,1,61,3718,1453
18660,"Cortland, NY",2025-06-01,13,24,10,1,48,3766,1466
18660,"Cortland, NY",2025-07-01,9,20,9,0,38,3804,1475
18660,"Cortland, NY",2025-08-01,24,14,5,0,43,3847,1499
18660,"Cortland, NY",2025-09-01,0,1,0,0,1,3848,1499
30900,"Logansport, IN",2019-01-01,0,2,1,0,3,3,0
30900,"Logansport, IN",2019-03-01,0,0,1,0,1,4,0
30900,"Logansport, IN",2019-04-01,0,2,1,0,3,7,0
30900,"Logansport, IN",2019-05-01,0,1,0,0,1,8,0
30900,"Logansport, IN",2019-06-01,0,1,0,0,1,9,0
30900,"Logansport, IN",2019-08-01,0,2,0,0,2,11,0
30900,"Logansport, IN",2019-09-01,0,0,1,0,1,12,0
30900,"Logansport, IN",2019-10-01,0,1,3,0,4,16,0
30900,"Logansport, IN",2019-11-01,0,1,0,0,1,17,0
30900,"Logansport, IN",2019-12-01,0,1,0,0,1,18,0
30900,"Logansport, IN",2020-01-01,0,1,2,0,3,21,0
30900,"Logansport, IN",2020-02-01,0,1,0,1,2,23,0
30900,"Logansport, IN",2020-03-01,0,3,1,0,4,27,0
30900,"Logansport, IN",2020-04-01,0,4,3,0,7,34,0
30900,"Logansport, IN",2020-05-01,2,3,0,0,5,39,2
30900,"Logansport, IN",2020-06-01,0,7,0,0,7,46,2
30900,"Logansport, IN",2020-07-01,1,4,4,0,9,55,3
30900,"Logansport, IN",2020-08-01,0,4,0,0,4,59,3
30900,"Logansport, IN",2020-09-01,4,9,1,0,14,73,7
30900,"Logansport, IN",2020-10-01,3,3,3,0,9,82,10
30900,"Logansport, IN",2020-11-01,3,16,2,1,22,104,13
30900,"Logansport, IN",2020-12-01,5,10,0,0,15,119,18
30900,"Logansport, IN",2021-01-01,2,13,4,0,19,138,20
30900,"Logansport, IN",2021-02-01,2,12,3,0,17,155,22
30900,"Logansport, IN",2021-03-01,8,18,0,0,26,181,30
30900,"Logansport, IN",2021-04-01,3,18,2,1,24,205,33
30900,"Logansport, IN",2021-05-01,7,28,4,1,40,245,40
30900,"Logansport, IN",2021-06-01,5,16,6,0,27,272,45
30900,"Logansport, IN",2021-07-01,5,11,3,1,20,292,50
30900,"Logansport, IN",2021-08-01,11,10,4,1,26,318,61
30900,"Logansport, IN",2021-09-01,3,19,6,0,28,346,64
30900,"Logansport, IN",2021-10-01,7,16,7,0,30,376,71
30900,"Logansport, IN",2021-11-01,4,19,5,1,29,405,75
30900,"Logansport, IN",2021-12-01,10,18,4,0,32,437,85
30900,"Logansport, IN",2022-01-01,7,21,6,0,34,471,92
30900,"Logansport, IN",2022-02-01,3,14,7,2,26,497,95
30900,"Logansport, IN",2022-03-01,9,18,2,1,30,527,104
30900,"Logansport, IN",2022-04-01,12,20,8,0,40,567,116
30900,"Logansport, IN",2022-05-01,5,17,11,0,33,600,121
30900,"Logansport, IN",2022-06-01,7,15,8,0,30,630,128
30900,"Logansport, IN",2022-07-01,6,13,8,0,27,657,134
30900,"Logansport, IN",2022-08-01,9,14,1,0,24,681,143
30900,"Logansport, IN",2022-09-01,4,11,6,0,21,702,147
30900,"Logansport, IN",2022-10-01,7,12,2,0,21,723,154
30900,"Logansport, IN",2022-11-01,3,11,2,0,16,739,157
30900,"Logansport, IN",2022-12-01,6,10,3,1,20,759,163
30900,"Logansport, IN",2023-01-01,8,10,6,2,26,785,171
30900,"Logansport, IN",2023-02-01,8,11,2,1,22,807,179
30900,"Logansport, IN",2023-03-01,9,24,8,1,42,849,188
30900,"Logansport, IN",2023-04-01,4,11,5,2,22,871,192
30900,"Logansport, IN",2023-05-01,10,11,3,1,25,896,202
30900,"Logansport, IN",2023-06-01,4,13,6,0,23,919,206
30900,"Logansport, IN",2023-07-01,10,18,7,0,35,954,216
30900,"Logansport, IN",2023-08-01,7,17,4,0,28,982,223
30900,"Logansport, IN",2023-09-01,8,11,5,0,24,1006,231
30900,"Logansport, IN",2023-10-01,13,13,3,0,29,1035,244
30900,"Logansport, IN",2023-11-01,14,21,6,0,41,1076,258
30900,"Logansport, IN",2023-12-01,10,11,8,0,29,1105,268
30900,"Logansport, IN",2024-01-01,8,23,7,1,39,1144,276
30900,"Logansport, IN",2024-02-01,12,11,3,0,26,1170,288
30900,"Logansport, IN",2024-03-01,6,14,3,0,23,1193,294
30900,"Logansport, IN",2024-04-01,12,15,6,0,33,1226,306
30900,"Logansport, IN",2024-05-01,15,20,9,1,45,1271,321
30900,"Logansport, IN",2024-06-01,4,14,3,0,21,1292,325
30900,"Logansport, IN",2024-07-01,4,6,2,0,12,1304,329
30900,"Logansport, IN",2024-08-01,3,10,1,1,15,1319,332
30900,"Logansport, IN",2024-09-01,11,17,1,0,29,1348,343
30900,"Logansport, IN",2024-10-01,10,16,6,1,33,1381,353
30900,"Logansport, IN",2024-11-01,15,16,5,1,37,1418,368
30900,"Logansport, IN",2024-12-01,11,18,8,0,37,1455,379
30900,"Logansport, IN",2025-01-01,13,14,4,1,32,1487,392
30900,"Logansport, IN",2025-02-01,13,8,3,0,24,1511,405
30900,"Logansport, IN",2025-03-01,13,15,8,0,36,1547,418
30900,"Logansport, IN",2025-04-01,8,16,6,1,31,1578,426
30900,"Logansport, IN",2025-05-01,9,19,3,1,32,1610,435
30900,"Logansport, IN",2025-06-01,9,9,3,1,22,1632,444
30900,"Logansport, IN",2025-07-01,11,15,4,0,30,1662,455
30900,"Logansport, IN",2025-08-01,11,13,7,0,31,1693,466
41620,"Salt Lake City-Murray, UT",2019-01-01,12,335,44,5,396,396,12
41620,"Salt Lake City-Murray, UT",2019-02-01,14,283,73,1,371,767,26
41620,"Salt Lake City-Murray, UT",2019-03-01,19,329,68,6,422,1189,45
41620,"Salt Lake City-Murray, UT",2019-04-01,19,368,62,10,459,1648,64
41620,"Salt Lake City-Murray, UT",2019-05-01,19,352,71,4,446,2094,83
41620,"Salt Lake City-Murray, UT",2019-06-01,21,210,47,7,285,2379,104
41620,"Salt Lake City-Murray, UT",2019-07-01,37,335,66,4,442,2821,141
41620,"Salt Lake City-Murray, UT",2019-08-01,39,410,71,9,529,3350,180
41620,"Salt Lake City-Murray, UT",2019-09-01,55,323,69,4,451,3801,235
41620,"Salt Lake City-Murray, UT",2019-10-01,40,332,58,5,435,4236,275
41620,"Salt Lake City-Murray, UT",2019-11-01,30,258,50,5,343,4579,305
41620,"Salt Lake City-Murray, UT",2019-12-01,22,176,50,0,248,4827,327
41620,"Salt Lake City-Murray, UT",2020-01-01,74,416,88,9,587,5414,401
41620,"Salt Lake City-Murray, UT",2020-02-01,60,320,69,6,455,5869,461
41620,"Salt Lake City-Murray, UT",2020-03-01,62,381,86,4,533,6402,523
41620,"Salt Lake City-Murray, UT",2020-04-01,229,822,208,27,1286,7688,752
41620,"Salt Lake City-Murray, UT",2020-05-01,149,550,109,21,829,8517,901
41620,"Salt Lake City-Murray, UT",2020-06-01,167,448,87,9,711,9228,1068
41620,"Salt Lake City-Murray, UT",2020-07-01,216,727,129,11,1083,10311,1284
41620,"Salt Lake City-Murray, UT",2020-08-01,208,712,151,17,1088,11399,1492
41620,"Salt Lake City-Murray, UT",2020-09-01,212,718,174,21,1125,12524,1704
41620,"Salt Lake City-Murray, UT",2020-10-01,211,847,153,20,1231,13755,1915
41620,"Salt Lake City-Murray, UT",2020-11-01,88,361,92,13,554,14309,2003
41620,"Salt Lake City-Murray, UT",2020-12-01,101,386,89,10,586,14895,2104
41620,"Salt Lake City-Murray, UT",2021-01-01,211,698,187,22,1118,16013,2315
41620,"Salt Lake City-Murray, UT",2021-02-01,113,457,108,13,691,16704,2428
41620,"Salt Lake City-Murray, UT",2021-03-01,302,980,253,26,1561,18265,2730
41620,"Salt Lake City-Murray, UT",2021-04-01,203,729,157,21,1110,19375,2933
41620,"Salt Lake City-Murray, UT",2021-05-01,239,803,170,16,1228,20603,3172
41620,"Salt Lake City-Murray, UT",2021-06-01,180,802,141,13,1136,21739,3352
41620,"Salt Lake City-Murray, UT",2021-07-01,174,486,174,20,854,22593,3526
41620,"Salt Lake City-Murray, UT",2021-08-01,103,417,151,13,684,23277,3629
41620,"Salt Lake City-Murray, UT",2021-09-01,110,497,149,16,772,24049,3739
41620,"Salt Lake City-Murray, UT",2021-10-01,67,279,151,16,513,24562,3806
41620,"Salt Lake City-Murray, UT",2021-11-01,50,251,68,7,376,24938,3856
41620,"Salt Lake City-Murray, UT",2021-12-01,236,658,216,41,1151,26089,4092
41620,"Salt Lake City-Murray, UT",2022-01-01,512,1282,366,80,2240,28329,4604
41620,"Salt Lake City-Murray, UT",2022-02-01,300,674,296,82,1352,29681,4904
41620,"Salt Lake City-Murray, UT",2022-03-01,276,756,261,44,1337,31018,5180
41620,"Salt Lake City-Murray, UT",2022-04-01,150,436,143,39,768,31786,5330
41620,"Salt Lake City-Murray, UT",2022-05-01,197,588,199,41,1025,32811,5527
41620,"Salt Lake City-Murray, UT",2022-06-01,168,366,131,20,685,33496,5695
41620,"Salt Lake City-Murray, UT",2022-07-01,127,329,155,17,628,34124,5822
41620,"Salt Lake City-Murray, UT",2022-08-01,281,646,204,34,1165,35289,6103
41620,"Salt Lake City-Murray, UT",2022-09-01,342,791,266,56,1455,36744,6445
41620,"Salt Lake City-Murray, UT",2022-10-01,186,465,142,36,829,37573,6631
41620,"Salt Lake City-Murray, UT",2022-11-01,275,653,165,21,1114,38687,6906
41620,"Salt Lake City-Murray, UT",2022-12-01,320,709,174,33,1236,39923,7226
41620,"Salt Lake City-Murray, UT",2023-01-01,421,916,242,28,1607,41530,7647
41620,"Salt Lake City-Murray, UT",2023-02-01,314,666,220,46,1246,42776,7961
41620,"Salt Lake City-Murray, UT",2023-03-01,437,830,268,59,1594,44370,8398
41620,"Salt Lake City-Murray, UT",2023-04-01,290,680,189,47,1206,45576,8688
41620,"Salt Lake City-Murray, UT",2023-05-01,127,320,97,12,556,46132,8815
41620,"Salt Lake City-Murray, UT",2023-06-01,106,302,71,13,492,46624,8921
41620,"Salt Lake City-Murray, UT",2023-07-01,86,321,74,14,495,47119,9007
41620,"Salt Lake City-Murray, UT",2023-08-01,91,339,90,9,529,47648,9098
41620,"Salt Lake City-Murray, UT",2023-09-01,228,679,148,25,1080,48728,9326
41620,"Salt Lake City-Murray, UT",2023-10-01,332,897,250,28,1507,50235,9658
41620,"Salt Lake City-Murray, UT",2023-11-01,309,858,288,53,1508,51743,9967
41620,"Salt Lake City-Murray, UT",2023-12-01,321,827,258,43,1449,53192,10288
41620,"Salt Lake City-Murray, UT",2024-01-01,204,553,180,25,962,54154,10492
41620,"Salt Lake City-Murray, UT",2024-02-01,242,721,267,39,1269,55423,10734
41620,"Salt Lake City-Murray, UT",2024-03-01,183,626,209,39,1057,56480,10917
41620,"Salt Lake City-Murray, UT",2024-04-01,89,355,106,17,567,57047,11006
41620,"Salt Lake City-Murray, UT",2024-05-01,107,533,157,20,817,57864,11113
41620,"Salt Lake City-Murray, UT",2024-06-01,97,418,152,24,691,58555,11210
41620,"Salt Lake City-Murray, UT",2024-07-01,160,586,191,24,961,59516,11370
41620,"Salt Lake City-Murray, UT",2024-08-01,96,510,168,21,795,60311,11466
41620,"Salt Lake City-Murray, UT",2024-09-01,60,442,138,26,666,60977,11526
41620,"Salt Lake City-Murray, UT",2024-10-01,100,463,100,13,676,61653,11626
41620,"Salt Lake City-Murray, UT",2024-11-01,267,914,204,15,1400,63053,11893
41620,"Salt Lake City-Murray, UT",2024-12-01,266,736,176,15,1193,64246,12159
41620,"Salt Lake City-Murray, UT",2025-01-01,112,416,79,5,612,64858,12271
41620,"Salt Lake City-Murray, UT",2025-02-01,192,492,61,1,746,65604,12463
41620,"Salt Lake City-Murray, UT",2025-03-01,166,510,77,12,765,66369,12629
41620,"Salt Lake City-Murray, UT",2025-04-01,87,283,64,6,440,66809,12716
41620,"Salt Lake City-Murray, UT",2025-05-01,379,684,125,9,1197,68006,13095
41620,"Salt Lake City-Murray, UT",2025-06-01,372,606,128,4,1110,69116,13467
41620,"Salt Lake City-Murray, UT",2025-07-01,249,483,91,10,833,69949,13716
41620,"Salt Lake City-Murray, UT",2025-08-01,286,473,73,2,834,70783,14002
41620,"Salt Lake City-Murray, UT",2025-09-01,9,6,3,0,18,70801,14011
34060,"Morgantown, WV",2019-01-01,0,9,6,0,15,15,0
34060,"Morgantown, WV",2019-02-01,2,22,3,0,27,42,2
34060,"Morgantown, WV",2019-03-01,1,16,4,0,21,63,3
34060,"Morgantown, WV",2019-04-01,3,35,1,0,39,102,6
34060,"Morgantown, WV",2019-05-01,2,43,5,0,50,152,8
34060,"Morgantown, WV",2019-06-01,2,56,4,0,62,214,10
34060,"Morgantown, WV",2019-07-01,9,54,4,1,68,282,19
34060,"Morgantown, WV",2019-08-01,5,86,9,1,101,383,24
34060,"Morgantown, WV",2019-09-01,9,89,5,0,103,486,33
34060,"Morgantown, WV",2019-10-01,8,68,6,1,83,569,41
34060,"Morgantown, WV",2019-11-01,13,57,9,0,79,648,54
34060,"Morgantown, WV",2019-12-01,14,55,8,0,77,725,68
34060,"Morgantown, WV",2020-01-01,14,61,9,1,85,810,82
34060,"Morgantown, WV",2020-02-01,15,75,9,0,99,909,97
34060,"Morgantown, WV",2020-03-01,17,74,11,0,102,1011,114
34060,"Morgantown, WV",2020-04-01,62,104,13,2,181,1192,176
34060,"Morgantown, WV",2020-05-01,132,239,23,3,397,1589,308
34060,"Morgantown, WV",2020-06-01,75,165,15,0,255,1844,383
34060,"Morgantown, WV",2020-07-01,76,159,19,2,256,2100,459
34060,"Morgantown, WV",2020-08-01,112,261,19,5,397,2497,571
34060,"Morgantown, WV",2020-09-01,93,207,16,3,319,2816,664
34060,"Morgantown, WV",2020-10-01,73,146,13,1,233,3049,737
34060,"Morgantown, WV",2020-11-01,77,90,9,0,176,3225,814
34060,"Morgantown, WV",2020-12-01,72,89,15,1,177,3402,886
34060,"Morgantown, WV",2021-01-01,92,138,26,3,259,3661,978
34060,"Morgantown, WV",2021-02-01,88,149,4,2,243,3904,1066
34060,"Morgantown, WV",2021-03-01,113,162,21,1,297,4201,1179
34060,"Morgantown, WV",2021-04-01,100,183,30,0,313,4514,1279
34060,"Morgantown, WV",2021-05-01,128,184,17,1,330,4844,1407
34060,"Morgantown, WV",2021-06-01,67,98,7,0,172,5016,1474
34060,"Morgantown, WV",2021-07-01,57,100,16,2,175,5191,1531
34060,"Morgantown, WV",2021-08-01,89,177,34,3,303,5494,1620
34060,"Morgantown, WV",2021-09-01,114,180,31,0,325,5819,1734
34060,"Morgantown, WV",2021-10-01,106,187,20,1,314,6133,1840
34060,"Morgantown, WV",2021-11-01,122,132,30,3,287,6420,1962
34060,"Morgantown, WV",2021-12-01,100,134,18,3,255,6675,2062
34060,"Morgantown, WV",2022-01-01,130,151,24,1,306,6981,2192
34060,"Morgantown, WV",2022-02-01,122,145,20,1,288,7269,2314
34060,"Morgantown, WV",2022-03-01,118,104,20,4,246,7515,2432
34060,"Morgantown, WV",2022-04-01,97,119,32,0,248,7763,2529
34060,"Morgantown, WV",2022-05-01,83,132,24,2,241,8004,2612
34060,"Morgantown, WV",2022-06-01,68,84,14,4,170,8174,2680
34060,"Morgantown, WV",2022-07-01,56,78,19,2,155,8329,2736
34060,"Morgantown, WV",2022-08-01,104,148,16,3,271,8600,2840
34060,"Morgantown, WV",2022-09-01,117,101,20,2,240,8840,2957
34060,"Morgantown, WV",2022-10-01,113,101,22,2,238,9078,3070
34060,"Morgantown, WV",2022-11-01,129,78,23,2,232,9310,3199
34060,"Morgantown, WV",2022-12-01,120,98,25,1,244,9554,3319
34060,"Morgantown, WV",2023-01-01,118,78,25,1,222,9776,3437
34060,"Morgantown, WV",2023-02-01,103,84,20,3,210,9986,3540
34060,"Morgantown, WV",2023-03-01,131,140,20,2,293,10279,3671
34060,"Morgantown, WV",2023-04-01,81,75,22,1,179,10458,3752
34060,"Morgantown, WV",2023-05-01,95,72,11,1,179,10637,3847
34060,"Morgantown, WV",2023-06-01,46,48,18,2,114,10751,3893
34060,"Morgantown, WV",2023-07-01,50,45,10,3,108,10859,3943
34060,"Morgantown, WV",2023-08-01,82,74,17,0,173,11032,4025
34060,"Morgantown, WV",2023-09-01,100,82,19,5,206,11238,4125
34060,"Morgantown, WV",2023-10-01,130,91,20,4,245,11483,4255
34060,"Morgantown, WV",2023-11-01,141,81,19,0,241,11724,4396
34060,"Morgantown, WV",2023-12-01,119,89,16,1,225,11949,4515
34060,"Morgantown, WV",2024-01-01,113,83,22,0,218,12167,4628
34060,"Morgantown, WV",2024-02-01,100,65,20,1,186,12353,4728
34060,"Morgantown, WV",2024-03-01,104,64,21,2,191,12544,4832
34060,"Morgantown, WV",2024-04-01,90,64,15,2,171,12715,4922
34060,"Morgantown, WV",2024-05-01,102,74,18,4,198,12913,5024
34060,"Morgantown, WV",2024-06-01,56,82,16,1,155,13068,5080
34060,"Morgantown, WV",2024-07-01,68,82,20,1,171,13239,5148
34060,"Morgantown, WV",2024-08-01,82,71,19,4,176,13415,5230
34060,"Morgantown, WV",2024-09-01,120,75,22,2,219,13634,5350
34060,"Morgantown, WV",2024-10-01,118,87,25,0,230,13864,5468
34060,"Morgantown, WV",2024-11-01,107,76,18,1,202,14066,5575
34060,"Morgantown, WV",2024-12-01,98,85,21,1,205,14271,5673
34060,"Morgantown, WV",2025-01-01,87,62,13,3,165,14436,5760
34060,"Morgantown, WV",2025-02-01,132,65,18,1,216,14652,5892
34060,"Morgantown, WV",2025-03-01,149,55,20,1,225,14877,6041
34060,"Morgantown, WV",2025-04-01,119,78,28,1,226,15103,6160
34060,"Morgantown, WV",2025-05-01,130,68,28,2,228,15331,6290
34060,"Morgantown, WV",2025-06-01,113,70,16,2,201,15532,6403
34060,"Morgantown, WV",2025-07-01,79,55,17,2,153,15685,6482
34060,"Morgantown, WV",2025-08-01,95,60,18,4,177,15862,6577
34060,"Morgantown, WV",2025-09-01,7,1,1,0,9,15871,6584
20060,"Douglas, GA",2019-01-01,0,3,0,0,3,3,0
20060,"Douglas, GA",2019-02-01,0,3,0,0,3,6,0
20060,"Douglas, GA",2019-03-01,0,5,0,0,5,11,0
20060,"Douglas, GA",2019-04-01,0,2,0,0,2,13,0
20060,"Douglas, GA",2019-05-01,0,2,0,0,2,15,0
20060,"Douglas, GA",2019-06-01,0,2,0,0,2,17,0
20060,"Douglas, GA",2019-07-01,0,9,1,1,11,28,0
20060,"Douglas, GA",2019-08-01,2,16,2,0,20,48,2
20060,"Douglas, GA",2019-09-01,1,6,1,0,8,56,3
20060,"Douglas, GA",2019-10-01,1,8,6,0,15,71,4
20060,"Douglas, GA",2019-11-01,0,2,0,0,2,73,4
20060,"Douglas, GA",2019-12-01,1,5,3,0,9,82,5
20060,"Douglas, GA",2020-01-01,1,7,3,0,11,93,6
20060,"Douglas, GA",2020-02-01,1,9,3,0,13,106,7
20060,"Douglas, GA",2020-03-01,0,9,2,0,11,117,7
20060,"Douglas, GA",2020-04-01,1,19,3,1,24,141,8
20060,"Douglas, GA",2020-05-01,5,23,1,0,29,170,13
20060,"Douglas, GA",2020-06-01,1,14,4,0,19,189,14
20060,"Douglas, GA",2020-07-01,2,27,5,0,34,223,16
20060,"Douglas, GA",2020-08-01,3,22,3,1,29,252,19
20060,"Douglas, GA",2020-09-01,6,26,5,2,39,291,25
20060,"Douglas, GA",2020-10-01,1,18,3,0,22,313,26
20060,"Douglas, GA",2020-11-01,5,19,2,1,27,340,31
20060,"Douglas, GA",2020-12-01,5,18,7,1,31,371,36
20060,"Douglas, GA",2021-01-01,4,17,6,0,27,398,40
20060,"Douglas, GA",2021-02-01,4,22,3,0,29,427,44
20060,"Douglas, GA",2021-03-01,7,25,5,0,37,464,51
20060,"Douglas, GA",2021-04-01,8,43,6,0,57,521,59
20060,"Douglas, GA",2021-05-01,20,50,14,3,87,608,79
20060,"Douglas, GA",2021-06-01,9,29,7,2,47,655,88
20060,"Douglas, GA",2021-07-01,11,37,10,2,60,715,99
20060,"Douglas, GA",2021-08-01,7,40,7,0,54,769,106
20060,"Douglas, GA",2021-09-01,9,38,12,1,60,829,115
20060,"Douglas, GA",2021-10-01,2,15,7,1,25,854,117
20060,"Douglas, GA",2021-11-01,9,29,7,1,46,900,126
20060,"Douglas, GA",2021-12-01,14,24,10,1,49,949,140
20060,"Douglas, GA",2022-01-01,17,31,13,0,61,1010,157
20060,"Douglas, GA",2022-02-01,8,20,3,0,31,1041,165
20060,"Douglas, GA",2022-03-01,28,27,9,1,65,1106,193
20060,"Douglas, GA",2022-04-01,9,25,5,1,40,1146,202
20060,"Douglas, GA",2022-05-01,7,24,4,1,36,1182,209
20060,"Douglas, GA",2022-06-01,8,24,9,0,41,1223,217
20060,"Douglas, GA",2022-07-01,5,19,5,1,30,1253,222
20060,"Douglas, GA",2022-08-01,9,27,6,0,42,1295,231
20060,"Douglas, GA",2022-09-01,4,27,8,0,39,1334,235
20060,"Douglas, GA",2022-10-01,8,25,10,0,43,1377,243
20060,"Douglas, GA",2022-11-01,7,16,10,0,33,1410,250
20060,"Douglas, GA",2022-12-01,13,25,3,0,41,1451,263
20060,"Douglas, GA",2023-01-01,12,20,3,1,36,1487,275
20060,"Douglas, GA",2023-02-01,12,20,9,0,41,1528,287
20060,"Douglas, GA",2023-03-01,19,35,9,1,64,1592,306
20060,"Douglas, GA",2023-04-01,8,31,3,0,42,1634,314
20060,"Douglas, GA",2023-05-01,14,14,2,0,30,1664,328
20060,"Douglas, GA",2023-06-01,13,22,7,3,45,1709,341
20060,"Douglas, GA",2023-07-01,8,23,6,0,37,1746,349
20060,"Douglas, GA",2023-08-01,4,15,8,1,28,1774,353
20060,"Douglas, GA",2023-09-01,6,18,5,0,29,1803,359
20060,"Douglas, GA",2023-10-01,2,28,6,1,37,1840,361
20060,"Douglas, GA",2023-11-01,7,19,7,0,33,1873,368
20060,"Douglas, GA",2023-12-01,15,22,9,2,48,1921,383
20060,"Douglas, GA",2024-01-01,16,19,8,1,44,1965,399
20060,"Douglas, GA",2024-02-01,12,24,9,0,45,2010,411
20060,"Douglas, GA",2024-03-01,22,22,11,2,57,2067,433
20060,"Douglas, GA",2024-04-01,13,16,7,1,37,2104,446
20060,"Douglas, GA",2024-05-01,11,19,5,5,40,2144,457
20060,"Douglas, GA",2024-06-01,8,7,4,1,20,2164,465
20060,"Douglas, GA",2024-07-01,8,10,2,0,20,2184,473
20060,"Douglas, GA",2024-08-01,7,20,5,0,32,2216,480
20060,"Douglas, GA",2024-09-01,3,13,2,0,18,2234,483
20060,"Douglas, GA",2024-10-01,11,15,1,1,28,2262,494
20060,"Douglas, GA",2024-11-01,17,21,6,1,45,2307,511
20060,"Douglas, GA",2024-12-01,16,23,5,0,44,2351,527
20060,"Douglas, GA",2025-01-01,12,17,6,0,35,2386,539
20060,"Douglas, GA",2025-02-01,16,20,2,1,39,2425,555
20060,"Douglas, GA",2025-03-01,18,21,7,0,46,2471,573
20060,"Douglas, GA",2025-04-01,13,23,11,2,49,2520,586
20060,"Douglas, GA",2025-05-01,11,32,8,2,53,2573,597
20060,"Douglas, GA",2025-06-01,16,32,7,2,57,2630,613
20060,"Douglas, GA",2025-07-01,12,19,9,1,41,2671,625
20060,"Douglas, GA",2025-08-01,8,22,3,0,33,2704,633
41700,"San Antonio-New Braunfels, TX",2019-01-01,8,446,88,6,548,548,8
41700,"San Antonio-New Braunfels, TX",2019-02-01,5,381,88,10,484,1032,13
41700,"San Antonio-New Braunfels, TX",2019-03-01,23,484,85,8,600,1632,36
41700,"San Antonio-New Braunfels, TX",2019-04-01,27,519,116,6,668,2300,63
41700,"San Antonio-New Braunfels, TX",2019-05-01,23,543,118,8,692,2992,86
41700,"San Antonio-New Braunfels, TX",2019-06-01,17,396,83,5,501,3493,103
41700,"San Antonio-New Braunfels, TX",2019-07-01,43,571,113,10,737,4230,146
41700,"San Antonio-New Braunfels, TX",2019-08-01,49,520,128,5,702,4932,195
41700,"San Antonio-New Braunfels, TX",2019-09-01,36,549,119,11,715,5647,231
41700,"San Antonio-New Braunfels, TX",2019-10-01,44,426,100,3,573,6220,275
41700,"San Antonio-New Braunfels, TX",2019-11-01,38,305,63,5,411,6631,313
41700,"San Antonio-New Braunfels, TX",2019-12-01,38,316,71,7,432,7063,351
41700,"San Antonio-New Braunfels, TX",2020-01-01,70,643,130,20,863,7926,421
41700,"San Antonio-New Braunfels, TX",2020-02-01,53,399,90,7,549,8475,474
41700,"San Antonio-New Braunfels, TX",2020-03-01,80,532,129,10,751,9226,554
41700,"San Antonio-New Braunfels, TX",2020-04-01,275,1757,364,40,2436,11662,829
41700,"San Antonio-New Braunfels, TX",2020-05-01,516,1788,310,31,2645,14307,1345
41700,"San Antonio-New Braunfels, TX",2020-06-01,416,1399,191,10,2016,16323,1761
41700,"San Antonio-New Braunfels, TX",2020-07-01,636,2068,401,37,3142,19465,2397
41700,"San Antonio-New Braunfels, TX",2020-08-01,557,2288,386,35,3266,22731,2954
41700,"San Antonio-New Braunfels, TX",2020-09-01,535,1947,337,26,2845,25576,3489
41700,"San Antonio-New Braunfels, TX",2020-10-01,337,1524,250,21,2132,27708,3826
41700,"San Antonio-New Braunfels, TX",2020-11-01,140,535,95,11,781,28489,3966
41700,"San Antonio-New Braunfels, TX",2020-12-01,228,643,132,12,1015,29504,4194
41700,"San Antonio-New Braunfels, TX",2021-01-01,878,2153,411,32,3474,32978,5072
41700,"San Antonio-New Braunfels, TX",2021-02-01,428,1239,239,15,1921,34899,5500
41700,"San Antonio-New Braunfels, TX",2021-03-01,819,1998,400,30,3247,38146,6319
41700,"San Antonio-New Braunfels, TX",2021-04-01,790,2440,417,42,3689,41835,7109
41700,"San Antonio-New Braunfels, TX",2021-05-01,936,2908,494,54,4392,46227,8045
41700,"San Antonio-New Braunfels, TX",2021-06-01,644,2214,386,34,3278,49505,8689
41700,"San Antonio-New Braunfels, TX",2021-07-01,525,1922,335,31,2813,52318,9214
41700,"San Antonio-New Braunfels, TX",2021-08-01,553,2334,443,33,3363,55681,9767
41700,"San Antonio-New Braunfels, TX",2021-09-01,610,2373,504,53,3540,59221,10377
41700,"San Antonio-New Braunfels, TX",2021-10-01,411,1306,309,25,2051,61272,10788
41700,"San Antonio-New Braunfels, TX",2021-11-01,539,1569,333,36,2477,63749,11327
41700,"San Antonio-New Braunfels, TX",2021-12-01,954,2199,463,31,3647,67396,12281
41700,"San Antonio-New Braunfels, TX",2022-01-01,1080,2868,608,53,4609,72005,13361
41700,"San Antonio-New Braunfels, TX",2022-02-01,597,1510,365,40,2512,74517,13958
41700,"San Antonio-New Braunfels, TX",2022-03-01,801,1969,486,41,3297,77814,14759
41700,"San Antonio-New Braunfels, TX",2022-04-01,758,2107,476,43,3384,81198,15517
41700,"San Antonio-New Braunfels, TX",2022-05-01,893,2064,461,47,3465,84663,16410
41700,"San Antonio-New Braunfels, TX",2022-06-01,497,1228,282,33,2040,86703,16907
41700,"San Antonio-New Braunfels, TX",2022-07-01,317,742,174,11,1244,87947,17224
41700,"San Antonio-New Braunfels, TX",2022-08-01,724,1617,423,38,2802,90749,17948
41700,"San Antonio-New Braunfels, TX",2022-09-01,808,1752,466,42,3068,93817,18756
41700,"San Antonio-New Braunfels, TX",2022-10-01,682,1506,376,29,2593,96410,19438
41700,"San Antonio-New Braunfels, TX",2022-11-01,743,1606,390,38,2777,99187,20181
41700,"San Antonio-New Braunfels, TX",2022-12-01,820,1512,381,22,2735,101922,21001
41700,"San Antonio-New Braunfels, TX",2023-01-01,801,1602,373,37,2813,104735,21802
41700,"San Antonio-New Braunfels, TX",2023-02-01,703,1234,368,33,2338,107073,22505
41700,"San Antonio-New Braunfels, TX",2023-03-01,944,1762,406,45,3157,110230,23449
41700,"San Antonio-New Braunfels, TX",2023-04-01,724,1449,312,31,2516,112746,24173
41700,"San Antonio-New Braunfels, TX",2023-05-01,734,1362,316,34,2446,115192,24907
41700,"San Antonio-New Braunfels, TX",2023-06-01,461,937,211,17,1626,116818,25368
41700,"San Antonio-New Braunfels, TX",2023-07-01,374,715,158,12,1259,118077,25742
41700,"San Antonio-New Braunfels, TX",2023-08-01,516,998,264,18,1796,119873,26258
41700,"San Antonio-New Braunfels, TX",2023-09-01,801,1523,426,30,2780,122653,27059
41700,"San Antonio-New Braunfels, TX",2023-10-01,718,1458,412,49,2637,125290,27777
41700,"San Antonio-New Braunfels, TX",2023-11-01,895,1585,415,40,2935,128225,28672
41700,"San Antonio-New Braunfels, TX",2023-12-01,931,1337,376,41,2685,130910,29603
41700,"San Antonio-New Braunfels, TX",2024-01-01,914,1438,393,36,2781,133691,30517
41700,"San Antonio-New Braunfels, TX",2024-02-01,912,1257,363,37,2569,136260,31429
41700,"San Antonio-New Braunfels, TX",2024-03-01,901,1287,375,34,2597,138857,32330
41700,"San Antonio-New Braunfels, TX",2024-04-01,800,1229,320,25,2374,141231,33130
41700,"San Antonio-New Braunfels, TX",2024-05-01,935,1549,413,39,2936,144167,34065
41700,"San Antonio-New Braunfels, TX",2024-06-01,951,1540,399,42,2932,147099,35016
41700,"San Antonio-New Braunfels, TX",2024-07-01,533,1138,281,28,1980,149079,35549
41700,"San Antonio-New Braunfels, TX",2024-08-01,287,704,142,21,1154,150233,35836
41700,"San Antonio-New Braunfels, TX",2024-09-01,412,844,189,18,1463,151696,36248
41700,"San Antonio-New Braunfels, TX",2024-10-01,978,1668,407,36,3089,154785,37226
41700,"San Antonio-New Braunfels, TX",2024-11-01,871,1461,369,26,2727,157512,38097
41700,"San Antonio-New Braunfels, TX",2024-12-01,995,1491,364,22,2872,160384,39092
41700,"San Antonio-New Braunfels, TX",2025-01-01,857,1414,360,31,2662,163046,39949
41700,"San Antonio-New Braunfels, TX",2025-02-01,740,1186,271,21,2218,165264,40689
41700,"San Antonio-New Braunfels, TX",2025-03-01,882,1271,330,26,2509,167773,41571
41700,"San Antonio-New Braunfels, TX",2025-04-01,917,1359,317,24,2617,170390,42488
41700,"San Antonio-New Braunfels, TX",2025-05-01,1001,1345,323,29,2698,173088,43489
41700,"San Antonio-New Braunfels, TX",2025-06-01,990,1309,333,27,2659,175747,44479
41700,"San Antonio-New Braunfels, TX",2025-07-01,854,1161,287,25,2327,178074,45333
41700,"San Antonio-New Braunfels, TX",2025-08-01,808,1184,278,28,2298,180372,46141
41700,"San Antonio-New Braunfels, TX",2025-09-01,12,22,7,3,44,180416,46153
39040,"Port Townsend, WA",2019-01-01,0,1,0,0,1,1,0
39040,"Port Townsend, WA",2019-02-01,0,1,0,0,1,2,0
39040,"Port Townsend, WA",2019-03-01,0,3,0,0,3,5,0
39040,"Port Townsend, WA",2019-04-01,0,4,0,0,4,9,0
39040,"Port Townsend, WA",2019-05-01,0,0,1,0,1,10,0
39040,"Port Townsend, WA",2019-07-01,0,1,0,0,1,11,0
39040,"Port Townsend, WA",2019-08-01,0,0,1,0,1,12,0
39040,"Port Townsend, WA",2019-10-01,0,3,0,0,3,15,0
39040,"Port Townsend, WA",2019-11-01,0,2,2,0,4,19,0
39040,"Port Townsend, WA",2019-12-01,0,0,1,0,1,20,0
39040,"Port Townsend, WA",2020-01-01,0,2,1,0,3,23,0
39040,"Port Townsend, WA",2020-03-01,0,1,0,0,1,24,0
39040,"Port Townsend, WA",2020-04-01,0,2,0,0,2,26,0
39040,"Port Townsend, WA",2020-05-01,0,3,0,0,3,29,0
39040,"Port Townsend, WA",2020-06-01,2,6,2,0,10,39,2
39040,"Port Townsend, WA",2020-07-01,0,2,0,0,2,41,2
39040,"Port Townsend, WA",2020-08-01,0,6,1,1,8,49,2
39040,"Port Townsend, WA",2020-09-01,1,2,2,0,5,54,3
39040,"Port Townsend, WA",2020-10-01,1,4,0,1,6,60,4
39040,"Port Townsend, WA",2020-11-01,0,4,0,0,4,64,4
39040,"Port Townsend, WA",2020-12-01,1,1,3,0,5,69,5
39040,"Port Townsend, WA",2021-01-01,2,3,2,0,7,76,7
39040,"Port Townsend, WA",2021-02-01,0,2,2,0,4,80,7
39040,"Port Townsend, WA",2021-03-01,1,3,3,0,7,87,8
39040,"Port Townsend, WA",2021-04-01,4,5,1,1,11,98,12
39040,"Port Townsend, WA",2021-05-01,0,5,0,0,5,103,12
39040,"Port Townsend, WA",2021-06-01,4,7,1,0,12,115,16
39040,"Port Townsend, WA",2021-07-01,1,4,3,0,8,123,17
39040,"Port Townsend, WA",2021-08-01,3,12,0,1,16,139,20
39040,"Port Townsend, WA",2021-09-01,1,9,4,1,15,154,21
39040,"Port Townsend, WA",2021-10-01,1,8,3,0,12,166,22
39040,"Port Townsend, WA",2021-11-01,5,6,4,0,15,181,27
39040,"Port Townsend, WA",2021-12-01,1,7,0,0,8,189,28
39040,"Port Townsend, WA",2022-01-01,3,6,0,0,9,198,31
39040,"Port Townsend, WA",2022-02-01,1,2,4,0,7,205,32
39040,"Port Townsend, WA",2022-03-01,1,10,4,0,15,220,33
39040,"Port Townsend, WA",2022-04-01,0,2,4,0,6,226,33
39040,"Port Townsend, WA",2022-05-01,1,4,1,1,7,233,34
39040,"Port Townsend, WA",2022-06-01,1,5,2,0,8,241,35
39040,"Port Townsend, WA",2022-07-01,1,5,3,0,9,250,36
39040,"Port Townsend, WA",2022-08-01,5,2,2,0,9,259,41
39040,"Port Townsend, WA",2022-09-01,1,5,1,1,8,267,42
39040,"Port Townsend, WA",2022-10-01,3,3,3,0,9,276,45
39040,"Port Townsend, WA",2022-11-01,0,8,3,0,11,287,45
39040,"Port Townsend, WA",2022-12-01,2,10,5,0,17,304,47
39040,"Port Townsend, WA",2023-01-01,2,9,4,0,15,319,49
39040,"Port Townsend, WA",2023-02-01,1,4,1,0,6,325,50
39040,"Port Townsend, WA",2023-03-01,3,2,2,0,7,332,53
39040,"Port Townsend, WA",2023-04-01,5,3,1,0,9,341,58
39040,"Port Townsend, WA",2023-05-01,4,6,2,1,13,354,62
39040,"Port Townsend, WA",2023-06-01,1,6,2,0,9,363,63
39040,"Port Townsend, WA",2023-07-01,1,2,3,0,6,369,64
39040,"Port Townsend, WA",2023-08-01,2,2,2,0,6,375,66
39040,"Port Townsend, WA",2023-09-01,3,5,2,0,10,385,69
39040,"Port Townsend, WA",2023-10-01,4,9,4,0,17,402,73
39040,"Port Townsend, WA",2023-11-01,6,2,3,0,11,413,79
39040,"Port Townsend, WA",2023-12-01,5,16,4,0,25,438,84
39040,"Port Townsend, WA",2024-01-01,1,12,2,0,15,453,85
39040,"Port Townsend, WA",2024-02-01,9,11,4,0,24,477,94
39040,"Port Townsend, WA",2024-03-01,2,3,3,0,8,485,96
39040,"Port Townsend, WA",2024-04-01,1,4,3,0,8,493,97
39040,"Port Townsend, WA",2024-05-01,1,5,0,1,7,500,98
39040,"Port Townsend, WA",2024-06-01,2,0,1,0,3,503,100
39040,"Port Townsend, WA",2024-07-01,3,7,1,1,12,515,103
39040,"Port Townsend, WA",2024-08-01,2,5,4,0,11,526,105
39040,"Port Townsend, WA",2024-09-01,1,11,1,0,13,539,106
39040,"Port Townsend, WA",2024-10-01,5,7,3,0,15,554,111
39040,"Port Townsend, WA",2024-11-01,7,6,3,1,17,571,118
39040,"Port Townsend, WA",2024-12-01,4,11,3,0,18,589,122
39040,"Port Townsend, WA",2025-01-01,4,7,3,2,16,605,126
39040,"Port Townsend, WA",2025-02-01,5,5,5,0,15,620,131
39040,"Port Townsend, WA",2025-03-01,2,3,3,0,8,628,133
39040,"Port Townsend, WA",2025-04-01,3,6,0,0,9,637,136
39040,"Port Townsend, WA",2025-05-01,4,12,1,0,17,654,140
39040,"Port Townsend, WA",2025-06-01,1,5,2,0,8,662,141
39040,"Port Townsend, WA",2025-07-01,3,4,1,1,9,671,144
39040,"Port Townsend, WA",2025-08-01,2,0,2,1,5,676,146
18460,"Cornelia, GA",2019-01-01,0,0,1,0,1,1,0
18460,"Cornelia, GA",2019-03-01,0,0,2,0,2,3,0
18460,"Cornelia, GA",2019-04-01,1,5,2,0,8,11,1
18460,"Cornelia, GA",2019-05-01,0,1,0,0,1,12,1
18460,"Cornelia, GA",2019-06-01,0,4,0,0,4,16,1
18460,"Cornelia, GA",2019-07-01,0,2,0,0,2,18,1
18460,"Cornelia, GA",2019-08-01,0,1,1,0,2,20,1
18460,"Cornelia, GA",2019-09-01,1,2,0,0,3,23,2
18460,"Cornelia, GA",2019-10-01,1,7,1,0,9,32,3
18460,"Cornelia, GA",2019-11-01,1,3,0,1,5,37,4
18460,"Cornelia, GA",2020-01-01,1,3,2,0,6,43,5
18460,"Cornelia, GA",2020-02-01,0,2,1,0,3,46,5
18460,"Cornelia, GA",2020-03-01,1,5,1,0,7,53,6
18460,"Cornelia, GA",2020-04-01,1,0,0,0,1,54,7
18460,"Cornelia, GA",2020-05-01,4,11,2,0,17,71,11
18460,"Cornelia, GA",2020-06-01,6,10,4,1,21,92,17
18460,"Cornelia, GA",2020-07-01,2,14,5,0,21,113,19
18460,"Cornelia, GA",2020-08-01,1,18,3,0,22,135,20
18460,"Cornelia, GA",2020-09-01,3,23,4,0,30,165,23
18460,"Cornelia, GA",2020-10-01,2,26,3,0,31,196,25
18460,"Cornelia, GA",2020-11-01,3,14,5,0,22,218,28
18460,"Cornelia, GA",2020-12-01,6,32,10,0,48,266,34
18460,"Cornelia, GA",2021-01-01,12,32,2,1,47,313,46
18460,"Cornelia, GA",2021-02-01,9,30,9,0,48,361,55
18460,"Cornelia, GA",2021-03-01,10,28,8,0,46,407,65
18460,"Cornelia, GA",2021-04-01,11,36,7,1,55,462,76
18460,"Cornelia, GA",2021-05-01,12,41,8,1,62,524,88
18460,"Cornelia, GA",2021-06-01,6,35,9,0,50,574,94
18460,"Cornelia, GA",2021-07-01,7,39,11,0,57,631,101
18460,"Cornelia, GA",2021-08-01,13,44,12,2,71,702,114
18460,"Cornelia, GA",2021-09-01,15,37,9,1,62,764,129
18460,"Cornelia, GA",2021-10-01,12,45,8,2,67,831,141
18460,"Cornelia, GA",2021-11-01,19,37,12,0,68,899,160
18460,"Cornelia, GA",2021-12-01,17,41,13,2,73,972,177
18460,"Cornelia, GA",2022-01-01,15,32,13,0,60,1032,192
18460,"Cornelia, GA",2022-02-01,6,31,5,0,42,1074,198
18460,"Cornelia, GA",2022-03-01,19,31,13,3,66,1140,217
18460,"Cornelia, GA",2022-04-01,11,42,9,0,62,1202,228
18460,"Cornelia, GA",2022-05-01,9,34,10,0,53,1255,237
18460,"Cornelia, GA",2022-06-01,19,23,10,0,52,1307,256
18460,"Cornelia, GA",2022-07-01,13,29,6,0,48,1355,269
18460,"Cornelia, GA",2022-08-01,10,41,4,0,55,1410,279
18460,"Cornelia, GA",2022-09-01,18,25,6,1,50,1460,297
18460,"Cornelia, GA",2022-10-01,18,41,16,0,75,1535,315
18460,"Cornelia, GA",2022-11-01,11,38,14,1,64,1599,326
18460,"Cornelia, GA",2022-12-01,22,24,12,0,58,1657,348
18460,"Cornelia, GA",2023-01-01,18,25,12,2,57,1714,366
18460,"Cornelia, GA",2023-02-01,7,28,5,1,41,1755,373
18460,"Cornelia, GA",2023-03-01,25,33,15,3,76,1831,398
18460,"Cornelia, GA",2023-04-01,17,35,13,0,65,1896,415
18460,"Cornelia, GA",2023-05-01,18,22,9,0,49,1945,433
18460,"Cornelia, GA",2023-06-01,11,27,14,0,52,1997,444
18460,"Cornelia, GA",2023-07-01,14,23,9,0,46,2043,458
18460,"Cornelia, GA",2023-08-01,22,30,5,2,59,2102,480
18460,"Cornelia, GA",2023-09-01,21,34,11,1,67,2169,501
18460,"Cornelia, GA",2023-10-01,19,36,12,1,68,2237,520
18460,"Cornelia, GA",2023-11-01,35,36,13,1,85,2322,555
18460,"Cornelia, GA",2023-12-01,24,37,12,3,76,2398,579
18460,"Cornelia, GA",2024-01-01,16,33,10,1,60,2458,595
18460,"Cornelia, GA",2024-02-01,29,38,7,2,76,2534,624
18460,"Cornelia, GA",2024-03-01,20,34,7,1,62,2596,644
18460,"Cornelia, GA",2024-04-01,15,38,8,0,61,2657,659
18460,"Cornelia, GA",2024-05-01,22,31,8,2,63,2720,681
18460,"Cornelia, GA",2024-06-01,20,35,6,0,61,2781,701
18460,"Cornelia, GA",2024-07-01,8,30,9,1,48,2829,709
18460,"Cornelia, GA",2024-08-01,12,45,11,1,69,2898,721
18460,"Cornelia, GA",2024-09-01,15,39,14,1,69,2967,736
18460,"Cornelia, GA",2024-10-01,22,35,9,1,67,3034,758
18460,"Cornelia, GA",2024-11-01,16,30,9,0,55,3089,774
18460,"Cornelia, GA",2024-12-01,16,31,14,1,62,3151,790
18460,"Cornelia, GA",2025-01-01,21,25,16,0,62,3213,811
18460,"Cornelia, GA",2025-02-01,12,32,6,1,51,3264,823
18460,"Cornelia, GA",2025-03-01,13,31,4,1,49,3313,836
18460,"Cornelia, GA",2025-04-01,16,21,12,1,50,3363,852
18460,"Cornelia, GA",2025-05-01,16,34,14,0,64,3427,868
18460,"Cornelia, GA",2025-06-01,18,27,7,1,53,3480,886
18460,"Cornelia, GA",2025-07-01,16,26,7,0,49,3529,902
18460,"Cornelia, GA",2025-08-01,15,27,11,1,54,3583,917
18460,"Cornelia, GA",2025-09-01,0,1,0,0,1,3584,917
49460,"Yankton, SD",2019-01-01,0,0,1,0,1,1,0
49460,"Yankton, SD",2019-02-01,0,0,2,0,2,3,0
49460,"Yankton, SD",2019-05-01,0,1,0,0,1,4,0
49460,"Yankton, SD",2019-08-01,1,1,0,0,2,6,1
49460,"Yankton, SD",2019-09-01,0,1,0,0,1,7,1
49460,"Yankton, SD",2019-10-01,0,2,1,0,3,10,1
49460,"Yankton, SD",2019-11-01,1,2,0,0,3,13,2
49460,"Yankton, SD",2020-01-01,0,0,2,0,2,15,2
49460,"Yankton, SD",2020-02-01,2,3,0,0,5,20,4
49460,"Yankton, SD",2020-03-01,0,4,0,0,4,24,4
49460,"Yankton, SD",2020-04-01,0,7,1,0,8,32,4
49460,"Yankton, SD",2020-05-01,2,5,1,0,8,40,6
49460,"Yankton, SD",2020-06-01,0,5,0,0,5,45,6
49460,"Yankton, SD",2020-07-01,1,3,0,0,4,49,7
49460,"Yankton, SD",2020-08-01,0,5,1,0,6,55,7
49460,"Yankton, SD",2020-09-01,0,7,1,0,8,63,7
49460,"Yankton, SD",2020-10-01,0,7,2,1,10,73,7
49460,"Yankton, SD",2020-11-01,2,15,0,0,17,90,9
49460,"Yankton, SD",2020-12-01,2,15,1,0,18,108,11
49460,"Yankton, SD",2021-01-01,3,9,1,0,13,121,14
49460,"Yankton, SD",2021-02-01,9,9,2,0,20,141,23
49460,"Yankton, SD",2021-03-01,3,9,3,0,15,156,26
49460,"Yankton, SD",2021-04-01,8,12,2,0,22,178,34
49460,"Yankton, SD",2021-05-01,6,23,4,0,33,211,40
49460,"Yankton, SD",2021-06-01,5,17,3,0,25,236,45
49460,"Yankton, SD",2021-07-01,3,7,5,0,15,251,48
49460,"Yankton, SD",2021-08-01,7,12,1,1,21,272,55
49460,"Yankton, SD",2021-09-01,2,12,2,0,16,288,57
49460,"Yankton, SD",2021-10-01,3,11,4,0,18,306,60
49460,"Yankton, SD",2021-11-01,2,8,2,0,12,318,62
49460,"Yankton, SD",2021-12-01,8,16,3,1,28,346,70
49460,"Yankton, SD",2022-01-01,10,17,4,2,33,379,80
49460,"Yankton, SD",2022-02-01,2,10,0,0,12,391,82
49460,"Yankton, SD",2022-03-01,11,11,3,0,25,416,93
49460,"Yankton, SD",2022-04-01,3,9,0,1,13,429,96
49460,"Yankton, SD",2022-05-01,9,6,6,0,21,450,105
49460,"Yankton, SD",2022-06-01,5,13,2,1,21,471,110
49460,"Yankton, SD",2022-07-01,6,11,4,0,21,492,116
49460,"Yankton, SD",2022-08-01,4,10,3,0,17,509,120
49460,"Yankton, SD",2022-09-01,7,10,5,0,22,531,127
49460,"Yankton, SD",2022-10-01,6,14,3,0,23,554,133
49460,"Yankton, SD",2022-11-01,6,9,5,0,20,574,139
49460,"Yankton, SD",2022-12-01,7,17,4,0,28,602,146
49460,"Yankton, SD",2023-01-01,6,11,0,0,17,619,152
49460,"Yankton, SD",2023-02-01,7,11,5,0,23,642,159
49460,"Yankton, SD",2023-03-01,11,12,4,0,27,669,170
49460,"Yankton, SD",2023-04-01,7,6,0,1,14,683,177
49460,"Yankton, SD",2023-05-01,4,11,2,0,17,700,181
49460,"Yankton, SD",2023-06-01,8,6,4,0,18,718,189
49460,"Yankton, SD",2023-07-01,5,8,1,0,14,732,194
49460,"Yankton, SD",2023-08-01,3,3,4,0,10,742,197
49460,"Yankton, SD",2023-09-01,3,6,2,0,11,753,200
49460,"Yankton, SD",2023-10-01,10,10,3,0,23,776,210
49460,"Yankton, SD",2023-11-01,6,12,7,0,25,801,216
49460,"Yankton, SD",2023-12-01,5,14,3,1,23,824,221
49460,"Yankton, SD",2024-01-01,4,7,4,0,15,839,225
49460,"Yankton, SD",2024-02-01,3,8,4,0,15,854,228
49460,"Yankton, SD",2024-03-01,7,22,3,0,32,886,235
49460,"Yankton, SD",2024-04-01,3,4,3,0,10,896,238
49460,"Yankton, SD",2024-05-01,2,5,3,1,11,907,240
49460,"Yankton, SD",2024-06-01,4,8,2,0,14,921,244
49460,"Yankton, SD",2024-07-01,1,4,0,0,5,926,245
49460,"Yankton, SD",2024-08-01,2,4,0,0,6,932,247
49460,"Yankton, SD",2024-09-01,3,5,2,0,10,942,250
49460,"Yankton, SD",2024-10-01,3,9,1,0,13,955,253
49460,"Yankton, SD",2024-11-01,3,4,2,0,9,964,256
49460,"Yankton, SD",2024-12-01,4,5,2,0,11,975,260
49460,"Yankton, SD",2025-01-01,1,5,2,0,8,983,261
49460,"Yankton, SD",2025-02-01,2,5,2,0,9,992,263
49460,"Yankton, SD",2025-03-01,6,12,7,0,25,1017,269
49460,"Yankton, SD",2025-04-01,2,4,0,0,6,1023,271
49460,"Yankton, SD",2025-05-01,3,10,0,0,13,1036,274
49460,"Yankton, SD",2025-06-01,2,6,2,0,10,1046,276
49460,"Yankton, SD",2025-07-01,1,3,1,0,5,1051,277
49460,"Yankton, SD",2025-08-01,0,1,0,0,1,1052,277
46380,"Ukiah, CA",2019-01-01,0,4,4,0,8,8,0
46380,"Ukiah, CA",2019-02-01,0,7,1,0,8,16,0
46380,"Ukiah, CA",2019-03-01,1,13,0,0,14,30,1
46380,"Ukiah, CA",2019-04-01,1,14,5,0,20,50,2
46380,"Ukiah, CA",2019-05-01,1,11,6,1,19,69,3
46380,"Ukiah, CA",2019-06-01,0,11,1,0,12,81,3
46380,"Ukiah, CA",2019-07-01,1,14,0,0,15,96,4
46380,"Ukiah, CA",2019-08-01,0,9,4,1,14,110,4
46380,"Ukiah, CA",2019-09-01,4,11,4,0,19,129,8
46380,"Ukiah, CA",2019-10-01,1,7,5,0,13,142,9
46380,"Ukiah, CA",2019-11-01,1,11,5,0,17,159,10
46380,"Ukiah, CA",2019-12-01,3,9,1,1,14,173,13
46380,"Ukiah, CA",2020-01-01,1,13,5,2,21,194,14
46380,"Ukiah, CA",2020-02-01,0,3,6,0,9,203,14
46380,"Ukiah, CA",2020-03-01,0,3,3,0,6,209,14
46380,"Ukiah, CA",2020-04-01,3,17,4,2,26,235,17
46380,"Ukiah, CA",2020-05-01,5,24,5,1,35,270,22
46380,"Ukiah, CA",2020-06-01,1,31,4,1,37,307,23
46380,"Ukiah, CA",2020-07-01,10,29,7,2,48,355,33
46380,"Ukiah, CA",2020-08-01,9,26,5,1,41,396,42
46380,"Ukiah, CA",2020-09-01,7,28,11,0,46,442,49
46380,"Ukiah, CA",2020-10-01,9,26,5,0,40,482,58
46380,"Ukiah, CA",2020-11-01,4,21,1,1,27,509,62
46380,"Ukiah, CA",2020-12-01,3,13,3,0,19,528,65
46380,"Ukiah, CA",2021-01-01,6,12,5,0,23,551,71
46380,"Ukiah, CA",2021-02-01,4,10,2,0,16,567,75
46380,"Ukiah, CA",2021-03-01,7,12,5,1,25,592,82
46380,"Ukiah, CA",2021-04-01,3,12,7,1,23,615,85
46380,"Ukiah, CA",2021-05-01,2,8,5,0,15,630,87
46380,"Ukiah, CA",2021-06-01,4,17,5,1,27,657,91
46380,"Ukiah, CA",2021-07-01,6,16,5,0,27,684,97
46380,"Ukiah, CA",2021-08-01,3,27,11,1,42,726,100
46380,"Ukiah, CA",2021-09-01,8,22,5,2,37,763,108
46380,"Ukiah, CA",2021-10-01,3,20,4,1,28,791,111
46380,"Ukiah, CA",2021-11-01,4,23,5,0,32,823,115
46380,"Ukiah, CA",2021-12-01,3,13,6,1,23,846,118
46380,"Ukiah, CA",2022-01-01,14,38,11,0,63,909,132
46380,"Ukiah, CA",2022-02-01,3,13,3,0,19,928,135
46380,"Ukiah, CA",2022-03-01,5,13,8,1,27,955,140
46380,"Ukiah, CA",2022-04-01,1,16,4,1,22,977,141
46380,"Ukiah, CA",2022-05-01,8,17,5,0,30,1007,149
46380,"Ukiah, CA",2022-06-01,2,19,4,0,25,1032,151
46380,"Ukiah, CA",2022-07-01,6,18,6,1,31,1063,157
46380,"Ukiah, CA",2022-08-01,16,45,14,4,79,1142,173
46380,"Ukiah, CA",2022-09-01,12,39,11,2,64,1206,185
46380,"Ukiah, CA",2022-10-01,6,23,8,1,38,1244,191
46380,"Ukiah, CA",2022-11-01,14,24,7,2,47,1291,205
46380,"Ukiah, CA",2022-12-01,13,32,6,1,52,1343,218
46380,"Ukiah, CA",2023-01-01,10,21,3,0,34,1377,228
46380,"Ukiah, CA",2023-02-01,10,11,5,0,26,1403,238
46380,"Ukiah, CA",2023-03-01,7,17,6,0,30,1433,245
46380,"Ukiah, CA",2023-04-01,4,12,6,1,23,1456,249
46380,"Ukiah, CA",2023-05-01,6,12,4,0,22,1478,255
46380,"Ukiah, CA",2023-06-01,2,8,4,1,15,1493,257
46380,"Ukiah, CA",2023-07-01,7,11,1,0,19,1512,264
46380,"Ukiah, CA",2023-08-01,3,10,3,0,16,1528,267
46380,"Ukiah, CA",2023-09-01,6,13,2,0,21,1549,273
46380,"Ukiah, CA",2023-10-01,4,9,7,0,20,1569,277
46380,"Ukiah, CA",2023-11-01,4,17,15,0,36,1605,281
46380,"Ukiah, CA",2023-12-01,2,16,9,0,27,1632,283
46380,"Ukiah, CA",2024-01-01,3,15,3,2,23,1655,286
46380,"Ukiah, CA",2024-02-01,9,19,4,0,32,1687,295
46380,"Ukiah, CA",2024-03-01,3,11,0,1,15,1702,298
46380,"Ukiah, CA",2024-04-01,5,18,2,1,26,1728,303
46380,"Ukiah, CA",2024-05-01,7,14,5,2,28,1756,310
46380,"Ukiah, CA",2024-06-01,2,15,3,0,20,1776,312
46380,"Ukiah, CA",2024-07-01,7,18,1,0,26,1802,319
46380,"Ukiah, CA",2024-08-01,4,15,5,0,24,1826,323
46380,"Ukiah, CA",2024-09-01,2,10,3,0,15,1841,325
46380,"Ukiah, CA",2024-10-01,7,12,5,1,25,1866,332
46380,"Ukiah, CA",2024-11-01,5,7,1,0,13,1879,337
46380,"Ukiah, CA",2024-12-01,4,6,4,1,15,1894,341
46380,"Ukiah, CA",2025-01-01,8,8,2,0,18,1912,349
46380,"Ukiah, CA",2025-02-01,4,8,2,0,14,1926,353
46380,"Ukiah, CA",2025-03-01,4,7,1,0,12,1938,357
46380,"Ukiah, CA",2025-04-01,1,7,1,1,10,1948,358
46380,"Ukiah, CA",2025-05-01,6,10,3,0,19,1967,364
46380,"Ukiah, CA",2025-06-01,6,9,1,0,16,1983,370
46380,"Ukiah, CA",2025-07-01,1,5,1,0,7,1990,371
46380,"Ukiah, CA",2025-08-01,1,3,1,0,5,1995,372
46380,"Ukiah, CA",2025-09-01,1,0,0,0,1,1996,373
23980,"Glasgow, KY",2019-02-01,0,1,0,0,1,1,0
23980,"Glasgow, KY",2019-03-01,0,2,0,0,2,3,0
23980,"Glasgow, KY",2019-05-01,0,2,0,0,2,5,0
23980,"Glasgow, KY",2019-06-01,0,0,1,0,1,6,0
23980,"Glasgow, KY",2019-07-01,0,3,0,0,3,9,0
23980,"Glasgow, KY",2019-08-01,1,1,1,1,4,13,1
23980,"Glasgow, KY",2019-09-01,0,2,0,0,2,15,1
23980,"Glasgow, KY",2019-10-01,0,2,1,0,3,18,1
23980,"Glasgow, KY",2019-11-01,0,5,0,0,5,23,1
23980,"Glasgow, KY",2019-12-01,0,4,0,0,4,27,1
23980,"Glasgow, KY",2020-01-01,0,3,1,0,4,31,1
23980,"Glasgow, KY",2020-02-01,0,1,0,0,1,32,1
23980,"Glasgow, KY",2020-03-01,0,3,0,0,3,35,1
23980,"Glasgow, KY",2020-04-01,2,5,2,0,9,44,3
23980,"Glasgow, KY",2020-05-01,1,6,1,0,8,52,4
23980,"Glasgow, KY",2020-06-01,0,3,2,0,5,57,4
23980,"Glasgow, KY",2020-07-01,0,3,2,0,5,62,4
23980,"Glasgow, KY",2020-08-01,3,9,3,1,16,78,7
23980,"Glasgow, KY",2020-09-01,2,11,2,0,15,93,9
23980,"Glasgow, KY",2020-10-01,3,10,5,0,18,111,12
23980,"Glasgow, KY",2020-11-01,3,13,0,0,16,127,15
23980,"Glasgow, KY",2020-12-01,7,13,4,1,25,152,22
23980,"Glasgow, KY",2021-01-01,1,13,1,0,15,167,23
23980,"Glasgow, KY",2021-02-01,0,23,5,0,28,195,23
23980,"Glasgow, KY",2021-03-01,2,24,5,1,32,227,25
23980,"Glasgow, KY",2021-04-01,6,25,3,0,34,261,31
23980,"Glasgow, KY",2021-05-01,6,38,8,0,52,313,37
23980,"Glasgow, KY",2021-06-01,5,28,4,0,37,350,42
23980,"Glasgow, KY",2021-07-01,5,21,9,0,35,385,47
23980,"Glasgow, KY",2021-08-01,2,27,9,0,38,423,49
23980,"Glasgow, KY",2021-09-01,4,18,9,0,31,454,53
23980,"Glasgow, KY",2021-10-01,8,31,4,1,44,498,61
23980,"Glasgow, KY",2021-11-01,5,39,6,0,50,548,66
23980,"Glasgow, KY",2021-12-01,7,28,11,1,47,595,73
23980,"Glasgow, KY",2022-01-01,5,34,9,0,48,643,78
23980,"Glasgow, KY",2022-02-01,5,26,10,2,43,686,83
23980,"Glasgow, KY",2022-03-01,9,31,13,0,53,739,92
23980,"Glasgow, KY",2022-04-01,7,26,10,0,43,782,99
23980,"Glasgow, KY",2022-05-01,6,33,8,0,47,829,105
23980,"Glasgow, KY",2022-06-01,5,26,11,0,42,871,110
23980,"Glasgow, KY",2022-07-01,6,29,6,0,41,912,116
23980,"Glasgow, KY",2022-08-01,6,25,11,1,43,955,122
23980,"Glasgow, KY",2022-09-01,10,28,10,1,49,1004,132
23980,"Glasgow, KY",2022-10-01,6,27,5,0,38,1042,138
23980,"Glasgow, KY",2022-11-01,5,31,4,0,40,1082,143
23980,"Glasgow, KY",2022-12-01,8,24,8,0,40,1122,151
23980,"Glasgow, KY",2023-01-01,9,27,9,0,45,1167,160
23980,"Glasgow, KY",2023-02-01,8,20,8,1,37,1204,168
23980,"Glasgow, KY",2023-03-01,17,34,5,0,56,1260,185
23980,"Glasgow, KY",2023-04-01,9,19,10,0,38,1298,194
23980,"Glasgow, KY",2023-05-01,8,24,8,0,40,1338,202
23980,"Glasgow, KY",2023-06-01,8,23,10,1,42,1380,210
23980,"Glasgow, KY",2023-07-01,10,22,10,0,42,1422,220
23980,"Glasgow, KY",2023-08-01,5,14,9,1,29,1451,225
23980,"Glasgow, KY",2023-09-01,7,15,7,0,29,1480,232
23980,"Glasgow, KY",2023-10-01,5,20,8,2,35,1515,237
23980,"Glasgow, KY",2023-11-01,16,26,9,3,54,1569,253
23980,"Glasgow, KY",2023-12-01,13,31,7,0,51,1620,266
23980,"Glasgow, KY",2024-01-01,18,28,7,0,53,1673,284
23980,"Glasgow, KY",2024-02-01,13,23,9,1,46,1719,297
23980,"Glasgow, KY",2024-03-01,17,33,7,0,57,1776,314
23980,"Glasgow, KY",2024-04-01,11,21,8,0,40,1816,325
23980,"Glasgow, KY",2024-05-01,6,18,8,2,34,1850,331
23980,"Glasgow, KY",2024-06-01,4,12,5,0,21,1871,335
23980,"Glasgow, KY",2024-07-01,7,12,4,0,23,1894,342
23980,"Glasgow, KY",2024-08-01,2,6,2,0,10,1904,344
23980,"Glasgow, KY",2024-09-01,7,9,10,2,28,1932,351
23980,"Glasgow, KY",2024-10-01,12,26,7,6,51,1983,363
23980,"Glasgow, KY",2024-11-01,19,24,10,0,53,2036,382
23980,"Glasgow, KY",2024-12-01,11,32,9,0,52,2088,393
23980,"Glasgow, KY",2025-01-01,21,33,11,0,65,2153,414
23980,"Glasgow, KY",2025-02-01,18,37,6,0,61,2214,432
23980,"Glasgow, KY",2025-03-01,18,32,9,0,59,2273,450
23980,"Glasgow, KY",2025-04-01,13,25,11,1,50,2323,463
23980,"Glasgow, KY",2025-05-01,14,27,13,0,54,2377,477
23980,"Glasgow, KY",2025-06-01,8,10,6,0,24,2401,485
23980,"Glasgow, KY",2025-07-01,7,10,1,0,18,2419,492
23980,"Glasgow, KY",2025-08-01,2,8,2,0,12,2431,494
35980,"Norwich-New London-Willimantic, CT",2019-01-01,1,16,12,1,30,30,1
35980,"Norwich-New London-Willimantic, CT",2019-02-01,0,26,8,1,35,65,1
35980,"Norwich-New London-Willimantic, CT",2019-03-01,3,55,13,2,73,138,4
35980,"Norwich-New London-Willimantic, CT",2019-04-01,0,59,17,2,78,216,4
35980,"Norwich-New London-Willimantic, CT",2019-05-01,0,63,13,2,78,294,4
35980,"Norwich-New London-Willimantic, CT",2019-06-01,2,40,9,0,51,345,6
35980,"Norwich-New London-Willimantic, CT",2019-07-01,3,45,16,2,66,411,9
35980,"Norwich-New London-Willimantic, CT",2019-08-01,2,63,14,4,83,494,11
35980,"Norwich-New London-Willimantic, CT",2019-09-01,4,59,2,1,66,560,15
35980,"Norwich-New London-Willimantic, CT",2019-10-01,7,39,10,1,57,617,22
35980,"Norwich-New London-Willimantic, CT",2019-11-01,2,37,6,0,45,662,24
35980,"Norwich-New London-Willimantic, CT",2019-12-01,7,40,10,0,57,719,31
35980,"Norwich-New London-Willimantic, CT",2020-01-01,7,48,4,0,59,778,38
35980,"Norwich-New London-Willimantic, CT",2020-02-01,8,34,8,0,50,828,46
35980,"Norwich-New London-Willimantic, CT",2020-03-01,6,48,9,1,64,892,52
35980,"Norwich-New London-Willimantic, CT",2020-04-01,23,101,18,2,144,1036,75
35980,"Norwich-New London-Willimantic, CT",2020-05-01,63,143,36,2,244,1280,138
35980,"Norwich-New London-Willimantic, CT",2020-06-01,53,139,26,1,219,1499,191
35980,"Norwich-New London-Willimantic, CT",2020-07-01,61,174,30,2,267,1766,252
35980,"Norwich-New London-Willimantic, CT",2020-08-01,51,189,40,2,282,2048,303
35980,"Norwich-New London-Willimantic, CT",2020-09-01,42,145,26,3,216,2264,345
35980,"Norwich-New London-Willimantic, CT",2020-10-01,33,92,19,1,145,2409,378
35980,"Norwich-New London-Willimantic, CT",2020-11-01,22,61,15,1,99,2508,400
35980,"Norwich-New London-Willimantic, CT",2020-12-01,29,74,9,1,113,2621,429
35980,"Norwich-New London-Willimantic, CT",2021-01-01,58,111,16,3,188,2809,487
35980,"Norwich-New London-Willimantic, CT",2021-02-01,88,136,21,3,248,3057,575
35980,"Norwich-New London-Willimantic, CT",2021-03-01,77,190,33,6,306,3363,652
35980,"Norwich-New London-Willimantic, CT",2021-04-01,94,189,46,5,334,3697,746
35980,"Norwich-New London-Willimantic, CT",2021-05-01,95,205,38,2,340,4037,841
35980,"Norwich-New London-Willimantic, CT",2021-06-01,49,132,29,3,213,4250,890
35980,"Norwich-New London-Willimantic, CT",2021-07-01,58,211,44,2,315,4565,948
35980,"Norwich-New London-Willimantic, CT",2021-08-01,69,164,48,3,284,4849,1017
35980,"Norwich-New London-Willimantic, CT",2021-09-01,73,230,72,2,377,5226,1090
35980,"Norwich-New London-Willimantic, CT",2021-10-01,32,121,27,0,180,5406,1122
35980,"Norwich-New London-Willimantic, CT",2021-11-01,50,129,33,2,214,5620,1172
35980,"Norwich-New London-Willimantic, CT",2021-12-01,86,203,48,7,344,5964,1258
35980,"Norwich-New London-Willimantic, CT",2022-01-01,78,189,29,2,298,6262,1336
35980,"Norwich-New London-Willimantic, CT",2022-02-01,57,122,34,4,217,6479,1393
35980,"Norwich-New London-Willimantic, CT",2022-03-01,76,131,46,3,256,6735,1469
35980,"Norwich-New London-Willimantic, CT",2022-04-01,57,112,28,1,198,6933,1526
35980,"Norwich-New London-Willimantic, CT",2022-05-01,60,111,26,4,201,7134,1586
35980,"Norwich-New London-Willimantic, CT",2022-06-01,46,65,18,0,129,7263,1632
35980,"Norwich-New London-Willimantic, CT",2022-07-01,41,82,25,6,154,7417,1673
35980,"Norwich-New London-Willimantic, CT",2022-08-01,47,105,29,3,184,7601,1720
35980,"Norwich-New London-Willimantic, CT",2022-09-01,50,137,39,5,231,7832,1770
35980,"Norwich-New London-Willimantic, CT",2022-10-01,43,120,29,3,195,8027,1813
35980,"Norwich-New London-Willimantic, CT",2022-11-01,76,118,36,5,235,8262,1889
35980,"Norwich-New London-Willimantic, CT",2022-12-01,84,127,35,2,248,8510,1973
35980,"Norwich-New London-Willimantic, CT",2023-01-01,82,115,20,2,219,8729,2055
35980,"Norwich-New London-Willimantic, CT",2023-02-01,86,101,29,4,220,8949,2141
35980,"Norwich-New London-Willimantic, CT",2023-03-01,93,155,44,4,296,9245,2234
35980,"Norwich-New London-Willimantic, CT",2023-04-01,43,74,17,1,135,9380,2277
35980,"Norwich-New London-Willimantic, CT",2023-05-01,50,49,23,2,124,9504,2327
35980,"Norwich-New London-Willimantic, CT",2023-06-01,24,49,10,1,84,9588,2351
35980,"Norwich-New London-Willimantic, CT",2023-07-01,34,66,12,1,113,9701,2385
35980,"Norwich-New London-Willimantic, CT",2023-08-01,41,45,9,1,96,9797,2426
35980,"Norwich-New London-Willimantic, CT",2023-09-01,60,98,35,3,196,9993,2486
35980,"Norwich-New London-Willimantic, CT",2023-10-01,75,133,37,3,248,10241,2561
35980,"Norwich-New London-Willimantic, CT",2023-11-01,69,117,32,2,220,10461,2630
35980,"Norwich-New London-Willimantic, CT",2023-12-01,97,108,38,6,249,10710,2727
35980,"Norwich-New London-Willimantic, CT",2024-01-01,105,121,37,2,265,10975,2832
35980,"Norwich-New London-Willimantic, CT",2024-02-01,106,123,28,1,258,11233,2938
35980,"Norwich-New London-Willimantic, CT",2024-03-01,87,107,43,5,242,11475,3025
35980,"Norwich-New London-Willimantic, CT",2024-04-01,74,104,31,3,212,11687,3099
35980,"Norwich-New London-Willimantic, CT",2024-05-01,59,70,27,2,158,11845,3158
35980,"Norwich-New London-Willimantic, CT",2024-06-01,80,97,37,4,218,12063,3238
35980,"Norwich-New London-Willimantic, CT",2024-07-01,73,108,43,2,226,12289,3311
35980,"Norwich-New London-Willimantic, CT",2024-08-01,72,130,41,7,250,12539,3383
35980,"Norwich-New London-Willimantic, CT",2024-09-01,93,139,24,1,257,12796,3476
35980,"Norwich-New London-Willimantic, CT",2024-10-01,113,143,43,3,302,13098,3589
35980,"Norwich-New London-Willimantic, CT",2024-11-01,90,132,31,4,257,13355,3679
35980,"Norwich-New London-Willimantic, CT",2024-12-01,121,95,35,2,253,13608,3800
35980,"Norwich-New London-Willimantic, CT",2025-01-01,136,131,52,5,324,13932,3936
35980,"Norwich-New London-Willimantic, CT",2025-02-01,134,88,38,1,261,14193,4070
35980,"Norwich-New London-Willimantic, CT",2025-03-01,117,123,44,4,288,14481,4187
35980,"Norwich-New London-Willimantic, CT",2025-04-01,97,120,31,4,252,14733,4284
35980,"Norwich-New London-Willimantic, CT",2025-05-01,102,128,41,1,272,15005,4386
35980,"Norwich-New London-Willimantic, CT",2025-06-01,125,102,44,5,276,15281,4511
35980,"Norwich-New London-Willimantic, CT",2025-07-01,114,112,34,3,263,15544,4625
35980,"Norwich-New London-Willimantic, CT",2025-08-01,85,95,28,1,209,15753,4710
35980,"Norwich-New London-Willimantic, CT",2025-09-01,1,6,0,0,7,15760,4711
17420,"Cleveland, TN",2019-01-01,0,8,3,1,12,12,0
17420,"Cleveland, TN",2019-02-01,0,10,4,0,14,26,0
17420,"Cleveland, TN",2019-03-01,0,14,7,1,22,48,0
17420,"Cleveland, TN",2019-04-01,2,29,7,0,38,86,2
17420,"Cleveland, TN",2019-05-01,2,25,6,0,33,119,4
17420,"Cleveland, TN",2019-06-01,1,20,2,0,23,142,5
17420,"Cleveland, TN",2019-07-01,1,30,6,0,37,179,6
17420,"Cleveland, TN",2019-08-01,2,32,5,0,39,218,8
17420,"Cleveland, TN",2019-09-01,2,20,6,0,28,246,10
17420,"Cleveland, TN",2019-10-01,1,11,5,0,17,263,11
17420,"Cleveland, TN",2019-11-01,1,14,5,1,21,284,12
17420,"Cleveland, TN",2019-12-01,2,19,9,1,31,315,14
17420,"Cleveland, TN",2020-01-01,0,27,13,0,40,355,14
17420,"Cleveland, TN",2020-02-01,3,13,3,0,19,374,17
17420,"Cleveland, TN",2020-03-01,4,33,7,0,44,418,21
17420,"Cleveland, TN",2020-04-01,11,76,24,5,116,534,32
17420,"Cleveland, TN",2020-05-01,47,113,17,6,183,717,79
17420,"Cleveland, TN",2020-06-01,14,77,9,1,101,818,93
17420,"Cleveland, TN",2020-07-01,28,104,13,3,148,966,121
17420,"Cleveland, TN",2020-08-01,18,119,24,3,164,1130,139
17420,"Cleveland, TN",2020-09-01,26,97,19,1,143,1273,165
17420,"Cleveland, TN",2020-10-01,20,59,23,3,105,1378,185
17420,"Cleveland, TN",2020-11-01,16,54,6,1,77,1455,201
17420,"Cleveland, TN",2020-12-01,28,81,24,1,134,1589,229
17420,"Cleveland, TN",2021-01-01,61,177,36,6,280,1869,290
17420,"Cleveland, TN",2021-02-01,17,69,20,1,107,1976,307
17420,"Cleveland, TN",2021-03-01,56,147,33,2,238,2214,363
17420,"Cleveland, TN",2021-04-01,58,177,32,5,272,2486,421
17420,"Cleveland, TN",2021-05-01,66,150,33,4,253,2739,487
17420,"Cleveland, TN",2021-06-01,25,62,17,1,105,2844,512
17420,"Cleveland, TN",2021-07-01,26,83,14,1,124,2968,538
17420,"Cleveland, TN",2021-08-01,39,102,29,4,174,3142,577
17420,"Cleveland, TN",2021-09-01,55,184,60,2,301,3443,632
17420,"Cleveland, TN",2021-10-01,30,72,25,0,127,3570,662
17420,"Cleveland, TN",2021-11-01,21,76,21,0,118,3688,683
17420,"Cleveland, TN",2021-12-01,35,87,34,4,160,3848,718
17420,"Cleveland, TN",2022-01-01,41,113,41,0,195,4043,759
17420,"Cleveland, TN",2022-02-01,11,47,11,1,70,4113,770
17420,"Cleveland, TN",2022-03-01,61,112,35,2,210,4323,831
17420,"Cleveland, TN",2022-04-01,65,144,40,2,251,4574,896
17420,"Cleveland, TN",2022-05-01,32,83,23,1,139,4713,928
17420,"Cleveland, TN",2022-06-01,33,69,29,5,136,4849,961
17420,"Cleveland, TN",2022-07-01,30,63,17,4,114,4963,991
17420,"Cleveland, TN",2022-08-01,37,86,24,1,148,5111,1028
17420,"Cleveland, TN",2022-09-01,46,98,33,1,178,5289,1074
17420,"Cleveland, TN",2022-10-01,31,81,32,2,146,5435,1105
17420,"Cleveland, TN",2022-11-01,46,83,27,4,160,5595,1151
17420,"Cleveland, TN",2022-12-01,50,90,37,2,179,5774,1201
17420,"Cleveland, TN",2023-01-01,66,98,40,5,209,5983,1267
17420,"Cleveland, TN",2023-02-01,55,79,26,3,163,6146,1322
17420,"Cleveland, TN",2023-03-01,65,113,44,2,224,6370,1387
17420,"Cleveland, TN",2023-04-01,53,80,32,7,172,6542,1440
17420,"Cleveland, TN",2023-05-01,26,45,6,2,79,6621,1466
17420,"Cleveland, TN",2023-06-01,21,42,9,1,73,6694,1487
17420,"Cleveland, TN",2023-07-01,29,32,12,0,73,6767,1516
17420,"Cleveland, TN",2023-08-01,42,68,27,3,140,6907,1558
17420,"Cleveland, TN",2023-09-01,49,93,31,0,173,7080,1607
17420,"Cleveland, TN",2023-10-01,66,88,35,3,192,7272,1673
17420,"Cleveland, TN",2023-11-01,57,106,35,2,200,7472,1730
17420,"Cleveland, TN",2023-12-01,56,116,46,1,219,7691,1786
17420,"Cleveland, TN",2024-01-01,72,105,38,3,218,7909,1858
17420,"Cleveland, TN",2024-02-01,77,75,31,5,188,8097,1935
17420,"Cleveland, TN",2024-03-01,76,68,26,3,173,8270,2011
17420,"Cleveland, TN",2024-04-01,60,83,29,6,178,8448,2071
17420,"Cleveland, TN",2024-05-01,83,98,36,6,223,8671,2154
17420,"Cleveland, TN",2024-06-01,67,88,47,7,209,8880,2221
17420,"Cleveland, TN",2024-07-01,54,65,36,0,155,9035,2275
17420,"Cleveland, TN",2024-08-01,18,45,11,2,76,9111,2293
17420,"Cleveland, TN",2024-09-01,25,36,10,3,74,9185,2318
17420,"Cleveland, TN",2024-10-01,50,81,27,4,162,9347,2368
17420,"Cleveland, TN",2024-11-01,72,104,28,2,206,9553,2440
17420,"Cleveland, TN",2024-12-01,88,98,35,2,223,9776,2528
17420,"Cleveland, TN",2025-01-01,80,85,27,2,194,9970,2608
17420,"Cleveland, TN",2025-02-01,79,64,18,2,163,10133,2687
17420,"Cleveland, TN",2025-03-01,80,60,42,2,184,10317,2767
17420,"Cleveland, TN",2025-04-01,73,71,15,7,166,10483,2840
17420,"Cleveland, TN",2025-05-01,78,75,29,4,186,10669,2918
17420,"Cleveland, TN",2025-06-01,67,77,24,3,171,10840,2985
17420,"Cleveland, TN",2025-07-01,67,76,23,8,174,11014,3052
17420,"Cleveland, TN",2025-08-01,58,52,22,2,134,11148,3110
17420,"Cleveland, TN",2025-09-01,2,0,0,0,2,11150,3112
19220,"Danville, KY",2019-01-01,0,2,1,0,3,3,0
19220,"Danville, KY",2019-02-01,0,3,3,0,6,9,0
19220,"Danville, KY",2019-04-01,0,2,1,0,3,12,0
19220,"Danville, KY",2019-05-01,0,4,0,0,4,16,0
19220,"Danville, KY",2019-06-01,0,0,4,0,4,20,0
19220,"Danville, KY",2019-07-01,0,19,4,1,24,44,0
19220,"Danville, KY",2019-08-01,0,9,1,0,10,54,0
19220,"Danville, KY",2019-09-01,2,10,4,0,16,70,2
19220,"Danville, KY",2019-10-01,0,15,2,0,17,87,2
19220,"Danville, KY",2019-11-01,0,9,5,0,14,101,2
19220,"Danville, KY",2019-12-01,1,5,6,1,13,114,3
19220,"Danville, KY",2020-01-01,0,13,3,0,16,130,3
19220,"Danville, KY",2020-02-01,1,5,1,0,7,137,4
19220,"Danville, KY",2020-03-01,2,24,3,0,29,166,6
19220,"Danville, KY",2020-04-01,1,13,1,0,15,181,7
19220,"Danville, KY",2020-05-01,7,26,8,0,41,222,14
19220,"Danville, KY",2020-06-01,10,23,4,0,37,259,24
19220,"Danville, KY",2020-07-01,2,32,2,0,36,295,26
19220,"Danville, KY",2020-08-01,3,17,7,0,27,322,29
19220,"Danville, KY",2020-09-01,2,29,6,0,37,359,31
19220,"Danville, KY",2020-10-01,9,20,7,0,36,395,40
19220,"Danville, KY",2020-11-01,6,18,8,1,33,428,46
19220,"Danville, KY",2020-12-01,10,28,8,0,46,474,56
19220,"Danville, KY",2021-01-01,10,33,5,0,48,522,66
19220,"Danville, KY",2021-02-01,9,35,6,0,50,572,75
19220,"Danville, KY",2021-03-01,13,36,16,1,66,638,88
19220,"Danville, KY",2021-04-01,7,16,4,0,27,665,95
19220,"Danville, KY",2021-05-01,9,58,9,0,76,741,104
19220,"Danville, KY",2021-06-01,8,41,6,1,56,797,112
19220,"Danville, KY",2021-07-01,5,43,12,2,62,859,117
19220,"Danville, KY",2021-08-01,6,47,9,2,64,923,123
19220,"Danville, KY",2021-09-01,11,40,14,1,66,989,134
19220,"Danville, KY",2021-10-01,12,49,19,0,80,1069,146
19220,"Danville, KY",2021-11-01,7,42,12,0,61,1130,153
19220,"Danville, KY",2021-12-01,17,44,16,1,78,1208,170
19220,"Danville, KY",2022-01-01,8,55,15,0,78,1286,178
19220,"Danville, KY",2022-02-01,15,35,16,0,66,1352,193
19220,"Danville, KY",2022-03-01,13,35,11,3,62,1414,206
19220,"Danville, KY",2022-04-01,8,32,7,1,48,1462,214
19220,"Danville, KY",2022-05-01,19,39,9,1,68,1530,233
19220,"Danville, KY",2022-06-01,8,28,18,0,54,1584,241
19220,"Danville, KY",2022-07-01,9,31,8,0,48,1632,250
19220,"Danville, KY",2022-08-01,8,30,11,1,50,1682,258
19220,"Danville, KY",2022-09-01,11,22,11,0,44,1726,269
19220,"Danville, KY",2022-10-01,14,29,12,1,56,1782,283
19220,"Danville, KY",2022-11-01,9,40,9,3,61,1843,292
19220,"Danville, KY",2022-12-01,9,38,8,2,57,1900,301
19220,"Danville, KY",2023-01-01,8,42,14,0,64,1964,309
19220,"Danville, KY",2023-02-01,9,35,6,1,51,2015,318
19220,"Danville, KY",2023-03-01,24,51,13,1,89,2104,342
19220,"Danville, KY",2023-04-01,17,32,15,1,65,2169,359
19220,"Danville, KY",2023-05-01,12,28,8,1,49,2218,371
19220,"Danville, KY",2023-06-01,5,29,12,0,46,2264,376
19220,"Danville, KY",2023-07-01,13,22,5,1,41,2305,389
19220,"Danville, KY",2023-08-01,12,17,7,1,37,2342,401
19220,"Danville, KY",2023-09-01,11,31,8,0,50,2392,412
19220,"Danville, KY",2023-10-01,14,36,14,4,68,2460,426
19220,"Danville, KY",2023-11-01,25,40,16,1,82,2542,451
19220,"Danville, KY",2023-12-01,26,23,13,1,63,2605,477
19220,"Danville, KY",2024-01-01,17,45,17,3,82,2687,494
19220,"Danville, KY",2024-02-01,36,31,19,3,89,2776,530
19220,"Danville, KY",2024-03-01,19,27,14,3,63,2839,549
19220,"Danville, KY",2024-04-01,20,27,11,1,59,2898,569
19220,"Danville, KY",2024-05-01,16,20,3,1,40,2938,585
19220,"Danville, KY",2024-06-01,12,23,6,0,41,2979,597
19220,"Danville, KY",2024-07-01,14,28,8,3,53,3032,611
19220,"Danville, KY",2024-08-01,3,13,2,0,18,3050,614
19220,"Danville, KY",2024-09-01,9,24,13,0,46,3096,623
19220,"Danville, KY",2024-10-01,21,38,20,2,81,3177,644
19220,"Danville, KY",2024-11-01,19,32,18,1,70,3247,663
19220,"Danville, KY",2024-12-01,23,33,16,2,74,3321,686
19220,"Danville, KY",2025-01-01,22,43,17,5,87,3408,708
19220,"Danville, KY",2025-02-01,25,32,11,5,73,3481,733
19220,"Danville, KY",2025-03-01,31,34,19,1,85,3566,764
19220,"Danville, KY",2025-04-01,24,46,10,2,82,3648,788
19220,"Danville, KY",2025-05-01,26,31,11,2,70,3718,814
19220,"Danville, KY",2025-06-01,25,35,16,0,76,3794,839
19220,"Danville, KY",2025-07-01,19,36,17,1,73,3867,858
19220,"Danville, KY",2025-08-01,18,41,8,2,69,3936,876
19220,"Danville, KY",2025-09-01,0,1,0,0,1,3937,876
12020,"Athens-Clarke County, GA",2019-09-01,0,1,0,0,1,1,0
12020,"Athens-Clarke County, GA",2020-02-01,0,1,0,0,1,2,0
12020,"Athens-Clarke County, GA",2020-04-01,1,0,0,0,1,3,1
12020,"Athens-Clarke County, GA",2020-06-01,0,1,0,0,1,4,1
12020,"Athens-Clarke County, GA",2020-09-01,0,2,0,0,2,6,1
12020,"Athens-Clarke County, GA",2020-12-01,1,0,0,0,1,7,2
12020,"Athens-Clarke County, GA",2021-02-01,0,1,0,1,2,9,2
12020,"Athens-Clarke County, GA",2021-03-01,0,2,0,0,2,11,2
12020,"Athens-Clarke County, GA",2021-04-01,0,6,0,0,6,17,2
12020,"Athens-Clarke County, GA",2021-05-01,0,4,2,0,6,23,2
12020,"Athens-Clarke County, GA",2021-06-01,0,4,0,1,5,28,2
12020,"Athens-Clarke County, GA",2021-07-01,0,4,0,0,4,32,2
12020,"Athens-Clarke County, GA",2021-08-01,1,5,0,1,7,39,3
12020,"Athens-Clarke County, GA",2021-09-01,0,6,0,0,6,45,3
12020,"Athens-Clarke County, GA",2021-10-01,2,6,4,0,12,57,5
12020,"Athens-Clarke County, GA",2021-11-01,0,2,0,0,2,59,5
40100,"Rio Grande City-Roma, TX",2019-01-01,0,0,1,0,1,1,0
40100,"Rio Grande City-Roma, TX",2019-02-01,0,2,0,0,2,3,0
40100,"Rio Grande City-Roma, TX",2019-03-01,0,2,0,0,2,5,0
40100,"Rio Grande City-Roma, TX",2019-05-01,0,1,0,0,1,6,0
40100,"Rio Grande City-Roma, TX",2019-06-01,2,1,0,0,3,9,2
40100,"Rio Grande City-Roma, TX",2019-07-01,0,2,0,0,2,11,2
40100,"Rio Grande City-Roma, TX",2019-08-01,0,1,0,0,1,12,2
40100,"Rio Grande City-Roma, TX",2019-09-01,0,7,0,0,7,19,2
40100,"Rio Grande City-Roma, TX",2019-10-01,1,1,0,0,2,21,3
40100,"Rio Grande City-Roma, TX",2019-11-01,1,1,1,0,3,24,4
40100,"Rio Grande City-Roma, TX",2019-12-01,0,2,2,0,4,28,4
40100,"Rio Grande City-Roma, TX",2020-01-01,0,2,0,0,2,30,4
40100,"Rio Grande City-Roma, TX",2020-02-01,1,3,0,0,4,34,5
40100,"Rio Grande City-Roma, TX",2020-03-01,1,4,1,0,6,40,6
40100,"Rio Grande City-Roma, TX",2020-04-01,4,9,2,1,16,56,10
40100,"Rio Grande City-Roma, TX",2020-05-01,3,4,1,0,8,64,13
40100,"Rio Grande City-Roma, TX",2020-06-01,3,6,1,0,10,74,16
40100,"Rio Grande City-Roma, TX",2020-07-01,5,12,0,0,17,91,21
40100,"Rio Grande City-Roma, TX",2020-08-01,0,6,2,0,8,99,21
40100,"Rio Grande City-Roma, TX",2020-09-01,2,7,1,0,10,109,23
40100,"Rio Grande City-Roma, TX",2020-10-01,0,3,1,0,4,113,23
40100,"Rio Grande City-Roma, TX",2020-11-01,1,6,2,0,9,122,24
40100,"Rio Grande City-Roma, TX",2020-12-01,4,5,2,1,12,134,28
40100,"Rio Grande City-Roma, TX",2021-01-01,3,2,0,0,5,139,31
40100,"Rio Grande City-Roma, TX",2021-02-01,2,3,1,0,6,145,33
40100,"Rio Grande City-Roma, TX",2021-03-01,6,12,3,0,21,166,39
40100,"Rio Grande City-Roma, TX",2021-04-01,5,8,2,0,15,181,44
40100,"Rio Grande City-Roma, TX",2021-05-01,5,15,1,0,21,202,49
40100,"Rio Grande City-Roma, TX",2021-06-01,3,8,3,0,14,216,52
40100,"Rio Grande City-Roma, TX",2021-07-01,1,9,1,0,11,227,53
40100,"Rio Grande City-Roma, TX",2021-08-01,1,10,1,0,12,239,54
40100,"Rio Grande City-Roma, TX",2021-09-01,0,12,2,0,14,253,54
40100,"Rio Grande City-Roma, TX",2021-10-01,0,13,0,0,13,266,54
40100,"Rio Grande City-Roma, TX",2021-11-01,0,13,2,0,15,281,54
40100,"Rio Grande City-Roma, TX",2021-12-01,4,6,0,0,10,291,58
40100,"Rio Grande City-Roma, TX",2022-01-01,9,18,1,0,28,319,67
40100,"Rio Grande City-Roma, TX",2022-02-01,6,7,3,0,16,335,73
40100,"Rio Grande City-Roma, TX",2022-03-01,3,14,2,0,19,354,76
40100,"Rio Grande City-Roma, TX",2022-04-01,0,12,4,0,16,370,76
40100,"Rio Grande City-Roma, TX",2022-05-01,5,7,3,0,15,385,81
40100,"Rio Grande City-Roma, TX",2022-06-01,7,18,2,0,27,412,88
40100,"Rio Grande City-Roma, TX",2022-07-01,8,12,1,0,21,433,96
40100,"Rio Grande City-Roma, TX",2022-08-01,4,7,1,0,12,445,100
40100,"Rio Grande City-Roma, TX",2022-09-01,1,8,1,0,10,455,101
40100,"Rio Grande City-Roma, TX",2022-10-01,2,5,2,0,9,464,103
40100,"Rio Grande City-Roma, TX",2022-11-01,8,7,4,0,19,483,111
40100,"Rio Grande City-Roma, TX",2022-12-01,3,16,3,0,22,505,114
40100,"Rio Grande City-Roma, TX",2023-01-01,6,11,1,0,18,523,120
40100,"Rio Grande City-Roma, TX",2023-02-01,4,8,1,0,13,536,124
40100,"Rio Grande City-Roma, TX",2023-03-01,18,10,3,0,31,567,142
40100,"Rio Grande City-Roma, TX",2023-04-01,6,6,0,0,12,579,148
40100,"Rio Grande City-Roma, TX",2023-05-01,7,11,2,0,20,599,155
40100,"Rio Grande City-Roma, TX",2023-06-01,7,9,1,0,17,616,162
40100,"Rio Grande City-Roma, TX",2023-07-01,12,7,2,0,21,637,174
40100,"Rio Grande City-Roma, TX",2023-08-01,6,12,2,0,20,657,180
40100,"Rio Grande City-Roma, TX",2023-09-01,2,5,4,1,12,669,182
40100,"Rio Grande City-Roma, TX",2023-10-01,8,5,2,0,15,684,190
40100,"Rio Grande City-Roma, TX",2023-11-01,4,6,2,0,12,696,194
40100,"Rio Grande City-Roma, TX",2023-12-01,2,8,1,0,11,707,196
40100,"Rio Grande City-Roma, TX",2024-01-01,7,10,5,1,23,730,203
40100,"Rio Grande City-Roma, TX",2024-02-01,10,11,3,0,24,754,213
40100,"Rio Grande City-Roma, TX",2024-03-01,10,8,2,0,20,774,223
40100,"Rio Grande City-Roma, TX",2024-04-01,10,12,7,0,29,803,233
40100,"Rio Grande City-Roma, TX",2024-05-01,12,17,3,0,32,835,245
40100,"Rio Grande City-Roma, TX",2024-06-01,7,18,2,1,28,863,252
40100,"Rio Grande City-Roma, TX",2024-07-01,4,4,2,0,10,873,256
40100,"Rio Grande City-Roma, TX",2024-08-01,7,6,5,0,18,891,263
40100,"Rio Grande City-Roma, TX",2024-09-01,4,9,1,0,14,905,267
40100,"Rio Grande City-Roma, TX",2024-10-01,6,11,6,0,23,928,273
40100,"Rio Grande City-Roma, TX",2024-11-01,7,12,1,0,20,948,280
40100,"Rio Grande City-Roma, TX",2024-12-01,11,11,2,0,24,972,291
40100,"Rio Grande City-Roma, TX",2025-01-01,9,13,2,0,24,996,300
40100,"Rio Grande City-Roma, TX",2025-02-01,8,10,1,0,19,1015,308
40100,"Rio Grande City-Roma, TX",2025-03-01,11,14,2,0,27,1042,319
40100,"Rio Grande City-Roma, TX",2025-04-01,8,9,0,0,17,1059,327
40100,"Rio Grande City-Roma, TX",2025-05-01,13,14,1,0,28,1087,340
40100,"Rio Grande City-Roma, TX",2025-06-01,11,15,5,1,32,1119,351
40100,"Rio Grande City-Roma, TX",2025-07-01,11,14,2,0,27,1146,362
40100,"Rio Grande City-Roma, TX",2025-08-01,11,17,2,0,30,1176,373
40100,"Rio Grande City-Roma, TX",2025-09-01,0,1,1,0,2,1178,373
47580,"Warner Robins, GA",2019-01-01,0,20,6,0,26,26,0
47580,"Warner Robins, GA",2019-02-01,0,25,9,0,34,60,0
47580,"Warner Robins, GA",2019-03-01,1,38,12,2,53,113,1
47580,"Warner Robins, GA",2019-04-01,0,58,18,1,77,190,1
47580,"Warner Robins, GA",2019-05-01,3,50,10,0,63,253,4
47580,"Warner Robins, GA",2019-06-01,4,38,15,1,58,311,8
47580,"Warner Robins, GA",2019-07-01,3,30,10,0,43,354,11
47580,"Warner Robins, GA",2019-08-01,5,41,10,0,56,410,16
47580,"Warner Robins, GA",2019-09-01,4,42,7,0,53,463,20
47580,"Warner Robins, GA",2019-10-01,2,55,9,4,70,533,22
47580,"Warner Robins, GA",2019-11-01,5,29,8,0,42,575,27
47580,"Warner Robins, GA",2019-12-01,3,33,14,0,50,625,30
47580,"Warner Robins, GA",2020-01-01,8,36,9,1,54,679,38
47580,"Warner Robins, GA",2020-02-01,4,43,17,2,66,745,42
47580,"Warner Robins, GA",2020-03-01,5,52,16,0,73,818,47
47580,"Warner Robins, GA",2020-04-01,21,109,15,1,146,964,68
47580,"Warner Robins, GA",2020-05-01,54,202,38,1,295,1259,122
47580,"Warner Robins, GA",2020-06-01,22,116,18,1,157,1416,144
47580,"Warner Robins, GA",2020-07-01,37,153,27,0,217,1633,181
47580,"Warner Robins, GA",2020-08-01,59,263,42,5,369,2002,240
47580,"Warner Robins, GA",2020-09-01,35,182,34,3,254,2256,275
47580,"Warner Robins, GA",2020-10-01,20,85,23,4,132,2388,295
47580,"Warner Robins, GA",2020-11-01,23,75,12,3,113,2501,318
47580,"Warner Robins, GA",2020-12-01,25,120,20,0,165,2666,343
47580,"Warner Robins, GA",2021-01-01,102,313,60,7,482,3148,445
47580,"Warner Robins, GA",2021-02-01,56,216,41,3,316,3464,501
47580,"Warner Robins, GA",2021-03-01,92,236,59,2,389,3853,593
47580,"Warner Robins, GA",2021-04-01,86,321,72,3,482,4335,679
47580,"Warner Robins, GA",2021-05-01,80,302,34,2,418,4753,759
47580,"Warner Robins, GA",2021-06-01,95,334,53,4,486,5239,854
47580,"Warner Robins, GA",2021-07-01,28,125,19,1,173,5412,882
47580,"Warner Robins, GA",2021-08-01,48,145,27,1,221,5633,930
47580,"Warner Robins, GA",2021-09-01,37,201,44,6,288,5921,967
47580,"Warner Robins, GA",2021-10-01,27,77,18,1,123,6044,994
47580,"Warner Robins, GA",2021-11-01,37,70,15,0,122,6166,1031
47580,"Warner Robins, GA",2021-12-01,58,134,28,2,222,6388,1089
47580,"Warner Robins, GA",2022-01-01,62,159,26,4,251,6639,1151
47580,"Warner Robins, GA",2022-02-01,34,88,16,2,140,6779,1185
47580,"Warner Robins, GA",2022-03-01,84,231,56,10,381,7160,1269
47580,"Warner Robins, GA",2022-04-01,70,188,45,6,309,7469,1339
47580,"Warner Robins, GA",2022-05-01,54,145,32,1,232,7701,1393
47580,"Warner Robins, GA",2022-06-01,56,117,30,1,204,7905,1449
47580,"Warner Robins, GA",2022-07-01,37,124,25,1,187,8092,1486
47580,"Warner Robins, GA",2022-08-01,25,101,25,1,152,8244,1511
47580,"Warner Robins, GA",2022-09-01,71,213,58,3,345,8589,1582
47580,"Warner Robins, GA",2022-10-01,54,171,43,3,271,8860,1636
47580,"Warner Robins, GA",2022-11-01,69,151,39,6,265,9125,1705
47580,"Warner Robins, GA",2022-12-01,86,138,48,9,281,9406,1791
47580,"Warner Robins, GA",2023-01-01,68,173,39,3,283,9689,1859
47580,"Warner Robins, GA",2023-02-01,59,91,26,3,179,9868,1918
47580,"Warner Robins, GA",2023-03-01,132,254,59,5,450,10318,2050
47580,"Warner Robins, GA",2023-04-01,65,128,43,3,239,10557,2115
47580,"Warner Robins, GA",2023-05-01,44,77,15,0,136,10693,2159
47580,"Warner Robins, GA",2023-06-01,37,66,15,1,119,10812,2196
47580,"Warner Robins, GA",2023-07-01,40,69,19,3,131,10943,2236
47580,"Warner Robins, GA",2023-08-01,47,94,25,2,168,11111,2283
47580,"Warner Robins, GA",2023-09-01,50,94,23,1,168,11279,2333
47580,"Warner Robins, GA",2023-10-01,41,85,15,3,144,11423,2374
47580,"Warner Robins, GA",2023-11-01,102,168,47,3,320,11743,2476
47580,"Warner Robins, GA",2023-12-01,124,150,47,1,322,12065,2600
47580,"Warner Robins, GA",2024-01-01,119,166,50,2,337,12402,2719
47580,"Warner Robins, GA",2024-02-01,98,144,56,3,301,12703,2817
47580,"Warner Robins, GA",2024-03-01,165,196,59,6,426,13129,2982
47580,"Warner Robins, GA",2024-04-01,111,142,42,5,300,13429,3093
47580,"Warner Robins, GA",2024-05-01,78,86,29,3,196,13625,3171
47580,"Warner Robins, GA",2024-06-01,47,70,20,2,139,13764,3218
47580,"Warner Robins, GA",2024-07-01,53,105,26,5,189,13953,3271
47580,"Warner Robins, GA",2024-08-01,67,113,26,5,211,14164,3338
47580,"Warner Robins, GA",2024-09-01,83,116,32,6,237,14401,3421
47580,"Warner Robins, GA",2024-10-01,136,195,67,8,406,14807,3557
47580,"Warner Robins, GA",2024-11-01,106,169,57,8,340,15147,3663
47580,"Warner Robins, GA",2024-12-01,127,158,54,5,344,15491,3790
47580,"Warner Robins, GA",2025-01-01,99,180,54,3,336,15827,3889
47580,"Warner Robins, GA",2025-02-01,96,164,37,4,301,16128,3985
47580,"Warner Robins, GA",2025-03-01,144,167,46,7,364,16492,4129
47580,"Warner Robins, GA",2025-04-01,151,162,48,6,367,16859,4280
47580,"Warner Robins, GA",2025-05-01,145,215,52,7,419,17278,4425
47580,"Warner Robins, GA",2025-06-01,149,229,75,7,460,17738,4574
47580,"Warner Robins, GA",2025-07-01,96,146,63,10,315,18053,4670
47580,"Warner Robins, GA",2025-08-01,95,134,50,4,283,18336,4765
47580,"Warner Robins, GA",2025-09-01,1,3,2,0,6,18342,4766
43900,"Spartanburg, SC",2019-01-01,1,45,18,4,68,68,1
43900,"Spartanburg, SC",2019-02-01,2,37,22,1,62,130,3
43900,"Spartanburg, SC",2019-03-01,2,56,9,0,67,197,5
43900,"Spartanburg, SC",2019-04-01,4,61,9,1,75,272,9
43900,"Spartanburg, SC",2019-05-01,1,60,11,1,73,345,10
43900,"Spartanburg, SC",2019-06-01,4,45,8,0,57,402,14
43900,"Spartanburg, SC",2019-07-01,1,75,19,2,97,499,15
43900,"Spartanburg, SC",2019-08-01,4,65,20,0,89,588,19
43900,"Spartanburg, SC",2019-09-01,3,70,16,0,89,677,22
43900,"Spartanburg, SC",2019-10-01,2,27,6,0,35,712,24
43900,"Spartanburg, SC",2019-11-01,6,51,14,0,71,783,30
43900,"Spartanburg, SC",2019-12-01,6,51,10,3,70,853,36
43900,"Spartanburg, SC",2020-01-01,13,64,25,4,106,959,49
43900,"Spartanburg, SC",2020-02-01,5,51,9,0,65,1024,54
43900,"Spartanburg, SC",2020-03-01,9,83,23,0,115,1139,63
43900,"Spartanburg, SC",2020-04-01,24,138,31,2,195,1334,87
43900,"Spartanburg, SC",2020-05-01,79,300,55,1,435,1769,166
43900,"Spartanburg, SC",2020-06-01,56,126,27,1,210,1979,222
43900,"Spartanburg, SC",2020-07-01,57,175,31,2,265,2244,279
43900,"Spartanburg, SC",2020-08-01,90,335,55,3,483,2727,369
43900,"Spartanburg, SC",2020-09-01,51,251,43,6,351,3078,420
43900,"Spartanburg, SC",2020-10-01,71,214,50,6,341,3419,491
43900,"Spartanburg, SC",2020-11-01,32,138,26,3,199,3618,523
43900,"Spartanburg, SC",2020-12-01,32,77,15,3,127,3745,555
43900,"Spartanburg, SC",2021-01-01,104,307,45,3,459,4204,659
43900,"Spartanburg, SC",2021-02-01,73,235,45,2,355,4559,732
43900,"Spartanburg, SC",2021-03-01,145,348,73,9,575,5134,877
43900,"Spartanburg, SC",2021-04-01,143,401,50,12,606,5740,1020
43900,"Spartanburg, SC",2021-05-01,97,269,50,5,421,6161,1117
43900,"Spartanburg, SC",2021-06-01,57,207,32,4,300,6461,1174
43900,"Spartanburg, SC",2021-07-01,43,125,25,4,197,6658,1217
43900,"Spartanburg, SC",2021-08-01,62,161,42,6,271,6929,1279
43900,"Spartanburg, SC",2021-09-01,114,299,90,5,508,7437,1393
43900,"Spartanburg, SC",2021-10-01,40,114,27,2,183,7620,1433
43900,"Spartanburg, SC",2021-11-01,47,140,33,3,223,7843,1480
43900,"Spartanburg, SC",2021-12-01,113,238,58,4,413,8256,1593
43900,"Spartanburg, SC",2022-01-01,111,300,59,4,474,8730,1704
43900,"Spartanburg, SC",2022-02-01,87,166,50,6,309,9039,1791
43900,"Spartanburg, SC",2022-03-01,116,275,66,3,460,9499,1907
43900,"Spartanburg, SC",2022-04-01,109,253,72,6,440,9939,2016
43900,"Spartanburg, SC",2022-05-01,66,190,25,1,282,10221,2082
43900,"Spartanburg, SC",2022-06-01,58,115,26,3,202,10423,2140
43900,"Spartanburg, SC",2022-07-01,57,85,22,4,168,10591,2197
43900,"Spartanburg, SC",2022-08-01,49,105,28,3,185,10776,2246
43900,"Spartanburg, SC",2022-09-01,56,120,36,4,216,10992,2302
43900,"Spartanburg, SC",2022-10-01,65,151,43,5,264,11256,2367
43900,"Spartanburg, SC",2022-11-01,148,280,68,9,505,11761,2515
43900,"Spartanburg, SC",2022-12-01,109,241,58,2,410,12171,2624
43900,"Spartanburg, SC",2023-01-01,118,233,48,9,408,12579,2742
43900,"Spartanburg, SC",2023-02-01,117,181,54,5,357,12936,2859
43900,"Spartanburg, SC",2023-03-01,172,280,74,10,536,13472,3031
43900,"Spartanburg, SC",2023-04-01,110,235,57,4,406,13878,3141
43900,"Spartanburg, SC",2023-05-01,52,141,40,1,234,14112,3193
43900,"Spartanburg, SC",2023-06-01,60,109,33,2,204,14316,3253
43900,"Spartanburg, SC",2023-07-01,43,109,19,2,173,14489,3296
43900,"Spartanburg, SC",2023-08-01,55,118,28,4,205,14694,3351
43900,"Spartanburg, SC",2023-09-01,116,258,59,9,442,15136,3467
43900,"Spartanburg, SC",2023-10-01,124,222,71,6,423,15559,3591
43900,"Spartanburg, SC",2023-11-01,141,235,78,10,464,16023,3732
43900,"Spartanburg, SC",2023-12-01,159,219,73,5,456,16479,3891
43900,"Spartanburg, SC",2024-01-01,170,263,77,8,518,16997,4061
43900,"Spartanburg, SC",2024-02-01,165,186,59,8,418,17415,4226
43900,"Spartanburg, SC",2024-03-01,161,213,80,11,465,17880,4387
43900,"Spartanburg, SC",2024-04-01,139,230,77,4,450,18330,4526
43900,"Spartanburg, SC",2024-05-01,177,225,78,7,487,18817,4703
43900,"Spartanburg, SC",2024-06-01,137,196,61,4,398,19215,4840
43900,"Spartanburg, SC",2024-07-01,104,131,49,5,289,19504,4944
43900,"Spartanburg, SC",2024-08-01,76,147,44,6,273,19777,5020
43900,"Spartanburg, SC",2024-09-01,130,174,64,1,369,20146,5150
43900,"Spartanburg, SC",2024-10-01,151,198,49,5,403,20549,5301
43900,"Spartanburg, SC",2024-11-01,167,189,70,8,434,20983,5468
43900,"Spartanburg, SC",2024-12-01,171,172,39,2,384,21367,5639
43900,"Spartanburg, SC",2025-01-01,174,186,57,5,422,21789,5813
43900,"Spartanburg, SC",2025-02-01,130,160,44,5,339,22128,5943
43900,"Spartanburg, SC",2025-03-01,165,176,62,6,409,22537,6108
43900,"Spartanburg, SC",2025-04-01,168,221,54,7,450,22987,6276
43900,"Spartanburg, SC",2025-05-01,196,232,66,14,508,23495,6472
43900,"Spartanburg, SC",2025-06-01,195,191,76,12,474,23969,6667
43900,"Spartanburg, SC",2025-07-01,167,165,47,6,385,24354,6834
43900,"Spartanburg, SC",2025-08-01,106,154,51,4,315,24669,6940
43900,"Spartanburg, SC",2025-09-01,2,2,0,1,5,24674,6942
26420,"Houston-Pasadena-The Woodlands, TX",2019-01-01,25,1107,277,29,1438,1438,25
26420,"Houston-Pasadena-The Woodlands, TX",2019-02-01,17,671,207,10,905,2343,42
26420,"Houston-Pasadena-The Woodlands, TX",2019-03-01,41,1146,304,28,1519,3862,83
26420,"Houston-Pasadena-The Woodlands, TX",2019-04-01,54,1449,373,26,1902,5764,137
26420,"Houston-Pasadena-The Woodlands, TX",2019-05-01,55,1587,322,26,1990,7754,192
26420,"Houston-Pasadena-The Woodlands, TX",2019-06-01,53,942,199,22,1216,8970,245
26420,"Houston-Pasadena-The Woodlands, TX",2019-07-01,63,1013,242,21,1339,10309,308
26420,"Houston-Pasadena-The Woodlands, TX",2019-08-01,109,1588,417,37,2151,12460,417
26420,"Houston-Pasadena-The Woodlands, TX",2019-09-01,88,1416,367,27,1898,14358,505
26420,"Houston-Pasadena-The Woodlands, TX",2019-10-01,92,1272,287,27,1678,16036,597
26420,"Houston-Pasadena-The Woodlands, TX",2019-11-01,84,868,212,17,1181,17217,681
26420,"Houston-Pasadena-The Woodlands, TX",2019-12-01,119,904,226,12,1261,18478,800
26420,"Houston-Pasadena-The Woodlands, TX",2020-01-01,144,1215,295,25,1679,20157,944
26420,"Houston-Pasadena-The Woodlands, TX",2020-02-01,106,814,221,24,1165,21322,1050
26420,"Houston-Pasadena-The Woodlands, TX",2020-03-01,139,1191,347,35,1712,23034,1189
26420,"Houston-Pasadena-The Woodlands, TX",2020-04-01,444,2620,763,81,3908,26942,1633
26420,"Houston-Pasadena-The Woodlands, TX",2020-05-01,1039,3763,857,100,5759,32701,2672
26420,"Houston-Pasadena-The Woodlands, TX",2020-06-01,569,2164,469,45,3247,35948,3241
26420,"Houston-Pasadena-The Woodlands, TX",2020-07-01,1196,4504,1000,114,6814,42762,4437
26420,"Houston-Pasadena-The Woodlands, TX",2020-08-01,940,4005,862,88,5895,48657,5377
26420,"Houston-Pasadena-The Woodlands, TX",2020-09-01,940,4030,863,93,5926,54583,6317
26420,"Houston-Pasadena-The Woodlands, TX",2020-10-01,674,3384,707,68,4833,59416,6991
26420,"Houston-Pasadena-The Woodlands, TX",2020-11-01,264,1303,287,27,1881,61297,7255
26420,"Houston-Pasadena-The Woodlands, TX",2020-12-01,781,2550,628,66,4025,65322,8036
26420,"Houston-Pasadena-The Woodlands, TX",2021-01-01,1937,5783,1233,147,9100,74422,9973
26420,"Houston-Pasadena-The Woodlands, TX",2021-02-01,813,2692,591,51,4147,78569,10786
26420,"Houston-Pasadena-The Woodlands, TX",2021-03-01,1798,4901,1126,110,7935,86504,12584
26420,"Houston-Pasadena-The Woodlands, TX",2021-04-01,1794,5669,1165,133,8761,95265,14378
26420,"Houston-Pasadena-The Woodlands, TX",2021-05-01,2036,6179,1145,142,9502,104767,16414
26420,"Houston-Pasadena-The Woodlands, TX",2021-06-01,1603,4987,1086,120,7796,112563,18017
26420,"Houston-Pasadena-The Woodlands, TX",2021-07-01,473,1879,427,48,2827,115390,18490
26420,"Houston-Pasadena-The Woodlands, TX",2021-08-01,1071,4157,971,104,6303,121693,19561
26420,"Houston-Pasadena-The Woodlands, TX",2021-09-01,909,3732,888,81,5610,127303,20470
26420,"Houston-Pasadena-The Woodlands, TX",2021-10-01,914,3444,901,110,5369,132672,21384
26420,"Houston-Pasadena-The Woodlands, TX",2021-11-01,738,2353,565,75,3731,136403,22122
26420,"Houston-Pasadena-The Woodlands, TX",2021-12-01,1320,3122,806,109,5357,141760,23442
26420,"Houston-Pasadena-The Woodlands, TX",2022-01-01,934,2881,751,104,4670,146430,24376
26420,"Houston-Pasadena-The Woodlands, TX",2022-02-01,644,1927,611,143,3325,149755,25020
26420,"Houston-Pasadena-The Woodlands, TX",2022-03-01,1224,3514,974,121,5833,155588,26244
26420,"Houston-Pasadena-The Woodlands, TX",2022-04-01,1296,3594,921,121,5932,161520,27540
26420,"Houston-Pasadena-The Woodlands, TX",2022-05-01,1142,3008,784,74,5008,166528,28682
26420,"Houston-Pasadena-The Woodlands, TX",2022-06-01,467,1301,313,38,2119,168647,29149
26420,"Houston-Pasadena-The Woodlands, TX",2022-07-01,714,1873,456,65,3108,171755,29863
26420,"Houston-Pasadena-The Woodlands, TX",2022-08-01,1935,4516,1176,122,7749,179504,31798
26420,"Houston-Pasadena-The Woodlands, TX",2022-09-01,1848,5378,1459,138,8823,188327,33646
26420,"Houston-Pasadena-The Woodlands, TX",2022-10-01,879,2471,699,61,4110,192437,34525
26420,"Houston-Pasadena-The Woodlands, TX",2022-11-01,1987,4561,1164,116,7828,200265,36512
26420,"Houston-Pasadena-The Woodlands, TX",2022-12-01,2173,4268,1124,127,7692,207957,38685
26420,"Houston-Pasadena-The Woodlands, TX",2023-01-01,1786,3723,1055,108,6672,214629,40471
26420,"Houston-Pasadena-The Woodlands, TX",2023-02-01,1663,3395,996,97,6151,220780,42134
26420,"Houston-Pasadena-The Woodlands, TX",2023-03-01,2222,4464,1239,122,8047,228827,44356
26420,"Houston-Pasadena-The Woodlands, TX",2023-04-01,1652,3887,1044,96,6679,235506,46008
26420,"Houston-Pasadena-The Woodlands, TX",2023-05-01,852,1930,461,43,3286,238792,46860
26420,"Houston-Pasadena-The Woodlands, TX",2023-06-01,549,1346,295,16,2206,240998,47409
26420,"Houston-Pasadena-The Woodlands, TX",2023-07-01,537,1314,279,22,2152,243150,47946
26420,"Houston-Pasadena-The Woodlands, TX",2023-08-01,547,1343,306,24,2220,245370,48493
26420,"Houston-Pasadena-The Woodlands, TX",2023-09-01,948,2535,719,69,4271,249641,49441
26420,"Houston-Pasadena-The Woodlands, TX",2023-10-01,1582,3649,1085,91,6407,256048,51023
26420,"Houston-Pasadena-The Woodlands, TX",2023-11-01,2032,4366,1227,118,7743,263791,53055
26420,"Houston-Pasadena-The Woodlands, TX",2023-12-01,2232,4270,1181,99,7782,271573,55287
26420,"Houston-Pasadena-The Woodlands, TX",2024-01-01,2123,4205,1185,119,7632,279205,57410
26420,"Houston-Pasadena-The Woodlands, TX",2024-02-01,1982,3683,1070,118,6853,286058,59392
26420,"Houston-Pasadena-The Woodlands, TX",2024-03-01,2292,3913,1080,111,7396,293454,61684
26420,"Houston-Pasadena-The Woodlands, TX",2024-04-01,2123,3778,991,77,6969,300423,63807
26420,"Houston-Pasadena-The Woodlands, TX",2024-05-01,2112,3592,887,74,6665,307088,65919
26420,"Houston-Pasadena-The Woodlands, TX",2024-06-01,1956,3485,917,72,6430,313518,67875
26420,"Houston-Pasadena-The Woodlands, TX",2024-07-01,2112,4235,1083,107,7537,321055,69987
26420,"Houston-Pasadena-The Woodlands, TX",2024-08-01,2107,4499,1265,111,7982,329037,72094
26420,"Houston-Pasadena-The Woodlands, TX",2024-09-01,2132,4695,1315,138,8280,337317,74226
26420,"Houston-Pasadena-The Woodlands, TX",2024-10-01,2193,4421,1155,118,7887,345204,76419
26420,"Houston-Pasadena-The Woodlands, TX",2024-11-01,2296,4334,1142,102,7874,353078,78715
26420,"Houston-Pasadena-The Woodlands, TX",2024-12-01,2463,4017,1128,103,7711,360789,81178
26420,"Houston-Pasadena-The Woodlands, TX",2025-01-01,2177,3863,1074,116,7230,368019,83355
26420,"Houston-Pasadena-The Woodlands, TX",2025-02-01,1908,3242,857,98,6105,374124,85263
26420,"Houston-Pasadena-The Woodlands, TX",2025-03-01,2272,3550,999,111,6932,381056,87535
26420,"Houston-Pasadena-The Woodlands, TX",2025-04-01,2386,3820,1032,112,7350,388406,89921
26420,"Houston-Pasadena-The Woodlands, TX",2025-05-01,2829,4028,1139,110,8106,396512,92750
26420,"Houston-Pasadena-The Woodlands, TX",2025-06-01,2859,4103,1214,118,8294,404806,95609
26420,"Houston-Pasadena-The Woodlands, TX",2025-07-01,2436,3761,1118,119,7434,412240,98045
26420,"Houston-Pasadena-The Woodlands, TX",2025-08-01,1959,3430,1017,97,6503,418743,100004
26420,"Houston-Pasadena-The Woodlands, TX",2025-09-01,58,83,24,2,167,418910,100062
11100,"Amarillo, TX",2019-01-01,0,27,10,0,37,37,0
11100,"Amarillo, TX",2019-02-01,4,34,7,0,45,82,4
11100,"Amarillo, TX",2019-03-01,0,30,2,2,34,116,4
11100,"Amarillo, TX",2019-04-01,1,44,10,0,55,171,5
11100,"Amarillo, TX",2019-05-01,1,36,8,1,46,217,6
11100,"Amarillo, TX",2019-06-01,2,42,11,2,57,274,8
11100,"Amarillo, TX",2019-07-01,1,29,12,0,42,316,9
11100,"Amarillo, TX",2019-08-01,2,38,9,0,49,365,11
11100,"Amarillo, TX",2019-09-01,3,52,13,1,69,434,14
11100,"Amarillo, TX",2019-10-01,6,37,6,3,52,486,20
11100,"Amarillo, TX",2019-11-01,3,32,9,2,46,532,23
11100,"Amarillo, TX",2019-12-01,6,45,14,1,66,598,29
11100,"Amarillo, TX",2020-01-01,3,57,18,4,82,680,32
11100,"Amarillo, TX",2020-02-01,6,30,10,2,48,728,38
11100,"Amarillo, TX",2020-03-01,7,42,21,3,73,801,45
11100,"Amarillo, TX",2020-04-01,31,139,30,6,206,1007,76
11100,"Amarillo, TX",2020-05-01,29,125,31,2,187,1194,105
11100,"Amarillo, TX",2020-06-01,22,77,16,3,118,1312,127
11100,"Amarillo, TX",2020-07-01,27,115,30,4,176,1488,154
11100,"Amarillo, TX",2020-08-01,38,138,37,0,213,1701,192
11100,"Amarillo, TX",2020-09-01,27,106,16,2,151,1852,219
11100,"Amarillo, TX",2020-10-01,33,105,28,1,167,2019,252
11100,"Amarillo, TX",2020-11-01,34,115,16,1,166,2185,286
11100,"Amarillo, TX",2020-12-01,21,72,21,2,116,2301,307
11100,"Amarillo, TX",2021-01-01,21,87,20,5,133,2434,328
11100,"Amarillo, TX",2021-02-01,24,76,20,3,123,2557,352
11100,"Amarillo, TX",2021-03-01,80,212,46,7,345,2902,432
11100,"Amarillo, TX",2021-04-01,65,182,49,2,298,3200,497
11100,"Amarillo, TX",2021-05-01,36,129,28,4,197,3397,533
11100,"Amarillo, TX",2021-06-01,32,121,26,4,183,3580,565
11100,"Amarillo, TX",2021-07-01,33,82,17,1,133,3713,598
11100,"Amarillo, TX",2021-08-01,23,75,23,5,126,3839,621
11100,"Amarillo, TX",2021-09-01,40,136,29,4,209,4048,661
11100,"Amarillo, TX",2021-10-01,27,104,25,1,157,4205,688
11100,"Amarillo, TX",2021-11-01,32,69,13,0,114,4319,720
11100,"Amarillo, TX",2021-12-01,49,121,37,2,209,4528,769
11100,"Amarillo, TX",2022-01-01,75,159,37,5,276,4804,844
11100,"Amarillo, TX",2022-02-01,57,121,36,8,222,5026,901
11100,"Amarillo, TX",2022-03-01,84,145,32,2,263,5289,985
11100,"Amarillo, TX",2022-04-01,37,80,28,3,148,5437,1022
11100,"Amarillo, TX",2022-05-01,56,115,32,4,207,5644,1078
11100,"Amarillo, TX",2022-06-01,47,101,22,2,172,5816,1125
11100,"Amarillo, TX",2022-07-01,44,95,29,5,173,5989,1169
11100,"Amarillo, TX",2022-08-01,67,140,39,5,251,6240,1236
11100,"Amarillo, TX",2022-09-01,123,251,71,4,449,6689,1359
11100,"Amarillo, TX",2022-10-01,62,130,34,4,230,6919,1421
11100,"Amarillo, TX",2022-11-01,79,146,40,3,268,7187,1500
11100,"Amarillo, TX",2022-12-01,84,137,45,6,272,7459,1584
11100,"Amarillo, TX",2023-01-01,75,141,33,4,253,7712,1659
11100,"Amarillo, TX",2023-02-01,96,145,45,3,289,8001,1755
11100,"Amarillo, TX",2023-03-01,123,195,59,6,383,8384,1878
11100,"Amarillo, TX",2023-04-01,57,91,27,0,175,8559,1935
11100,"Amarillo, TX",2023-05-01,50,77,17,0,144,8703,1985
11100,"Amarillo, TX",2023-06-01,29,61,13,5,108,8811,2014
11100,"Amarillo, TX",2023-07-01,45,88,25,4,162,8973,2059
11100,"Amarillo, TX",2023-08-01,35,55,19,1,110,9083,2094
11100,"Amarillo, TX",2023-09-01,46,79,29,5,159,9242,2140
11100,"Amarillo, TX",2023-10-01,54,103,26,2,185,9427,2194
11100,"Amarillo, TX",2023-11-01,111,153,48,3,315,9742,2305
11100,"Amarillo, TX",2023-12-01,101,147,55,3,306,10048,2406
11100,"Amarillo, TX",2024-01-01,85,144,64,3,296,10344,2491
11100,"Amarillo, TX",2024-02-01,103,134,34,2,273,10617,2594
11100,"Amarillo, TX",2024-03-01,84,150,46,2,282,10899,2678
11100,"Amarillo, TX",2024-04-01,49,75,20,1,145,11044,2727
11100,"Amarillo, TX",2024-05-01,32,96,16,0,144,11188,2759
11100,"Amarillo, TX",2024-06-01,27,66,16,1,110,11298,2786
11100,"Amarillo, TX",2024-07-01,27,69,14,0,110,11408,2813
11100,"Amarillo, TX",2024-08-01,26,79,15,0,120,11528,2839
11100,"Amarillo, TX",2024-09-01,41,51,12,1,105,11633,2880
11100,"Amarillo, TX",2024-10-01,25,73,21,2,121,11754,2905
11100,"Amarillo, TX",2024-11-01,33,66,23,0,122,11876,2938
11100,"Amarillo, TX",2024-12-01,44,71,16,0,131,12007,2982
11100,"Amarillo, TX",2025-01-01,93,142,35,2,272,12279,3075
11100,"Amarillo, TX",2025-02-01,142,176,39,5,362,12641,3217
11100,"Amarillo, TX",2025-03-01,98,182,56,6,342,12983,3315
11100,"Amarillo, TX",2025-04-01,89,119,24,3,235,13218,3404
11100,"Amarillo, TX",2025-05-01,119,168,43,3,333,13551,3523
11100,"Amarillo, TX",2025-06-01,74,85,25,3,187,13738,3597
11100,"Amarillo, TX",2025-07-01,51,80,22,0,153,13891,3648
11100,"Amarillo, TX",2025-08-01,100,124,17,0,241,14132,3748
11100,"Amarillo, TX",2025-09-01,4,4,1,0,9,14141,3752
20020,"Dothan, AL",2019-01-01,0,7,1,0,8,8,0
20020,"Dothan, AL",2019-02-01,0,6,3,0,9,17,0
20020,"Dothan, AL",2019-03-01,0,22,3,0,25,42,0
20020,"Dothan, AL",2019-04-01,0,12,2,0,14,56,0
20020,"Dothan, AL",2019-05-01,0,28,9,0,37,93,0
20020,"Dothan, AL",2019-06-01,2,41,6,0,49,142,2
20020,"Dothan, AL",2019-07-01,1,28,10,1,40,182,3
20020,"Dothan, AL",2019-08-01,0,39,12,0,51,233,3
20020,"Dothan, AL",2019-09-01,2,21,1,0,24,257,5
20020,"Dothan, AL",2019-10-01,2,34,3,1,40,297,7
20020,"Dothan, AL",2019-11-01,3,22,9,0,34,331,10
20020,"Dothan, AL",2019-12-01,2,30,4,0,36,367,12
20020,"Dothan, AL",2020-01-01,2,25,4,1,32,399,14
20020,"Dothan, AL",2020-02-01,5,43,7,0,55,454,19
20020,"Dothan, AL",2020-03-01,4,47,15,1,67,521,23
20020,"Dothan, AL",2020-04-01,14,83,22,2,121,642,37
20020,"Dothan, AL",2020-05-01,26,117,24,2,169,811,63
20020,"Dothan, AL",2020-06-01,15,68,10,0,93,904,78
20020,"Dothan, AL",2020-07-01,22,94,19,2,137,1041,100
20020,"Dothan, AL",2020-08-01,39,162,31,4,236,1277,139
20020,"Dothan, AL",2020-09-01,26,139,24,1,190,1467,165
20020,"Dothan, AL",2020-10-01,8,73,20,0,101,1568,173
20020,"Dothan, AL",2020-11-01,11,45,18,0,74,1642,184
20020,"Dothan, AL",2020-12-01,12,50,2,0,64,1706,196
20020,"Dothan, AL",2021-01-01,27,72,14,0,113,1819,223
20020,"Dothan, AL",2021-02-01,13,53,13,1,80,1899,236
20020,"Dothan, AL",2021-03-01,46,149,39,1,235,2134,282
20020,"Dothan, AL",2021-04-01,88,232,36,3,359,2493,370
20020,"Dothan, AL",2021-05-01,48,166,40,3,257,2750,418
20020,"Dothan, AL",2021-06-01,36,174,42,3,255,3005,454
20020,"Dothan, AL",2021-07-01,25,106,20,3,154,3159,479
20020,"Dothan, AL",2021-08-01,28,108,27,2,165,3324,507
20020,"Dothan, AL",2021-09-01,21,102,30,5,158,3482,528
20020,"Dothan, AL",2021-10-01,26,68,19,2,115,3597,554
20020,"Dothan, AL",2021-11-01,14,87,25,1,127,3724,568
20020,"Dothan, AL",2021-12-01,33,95,37,3,168,3892,601
20020,"Dothan, AL",2022-01-01,44,139,40,5,228,4120,645
20020,"Dothan, AL",2022-02-01,42,99,26,5,172,4292,687
20020,"Dothan, AL",2022-03-01,81,122,31,7,241,4533,768
20020,"Dothan, AL",2022-04-01,30,88,24,2,144,4677,798
20020,"Dothan, AL",2022-05-01,38,127,16,1,182,4859,836
20020,"Dothan, AL",2022-06-01,40,71,18,1,130,4989,876
20020,"Dothan, AL",2022-07-01,37,80,23,0,140,5129,913
20020,"Dothan, AL",2022-08-01,39,103,22,0,164,5293,952
20020,"Dothan, AL",2022-09-01,34,90,23,0,147,5440,986
20020,"Dothan, AL",2022-10-01,40,96,30,3,169,5609,1026
20020,"Dothan, AL",2022-11-01,38,107,30,5,180,5789,1064
20020,"Dothan, AL",2022-12-01,52,102,30,3,187,5976,1116
20020,"Dothan, AL",2023-01-01,46,102,34,4,186,6162,1162
20020,"Dothan, AL",2023-02-01,55,77,23,4,159,6321,1217
20020,"Dothan, AL",2023-03-01,70,147,49,2,268,6589,1287
20020,"Dothan, AL",2023-04-01,52,102,34,3,191,6780,1339
20020,"Dothan, AL",2023-05-01,33,56,25,1,115,6895,1372
20020,"Dothan, AL",2023-06-01,23,52,11,7,93,6988,1395
20020,"Dothan, AL",2023-07-01,38,62,24,0,124,7112,1433
20020,"Dothan, AL",2023-08-01,26,76,24,1,127,7239,1459
20020,"Dothan, AL",2023-09-01,31,64,16,0,111,7350,1490
20020,"Dothan, AL",2023-10-01,43,67,31,3,144,7494,1533
20020,"Dothan, AL",2023-11-01,49,80,22,2,153,7647,1582
20020,"Dothan, AL",2023-12-01,51,69,27,2,149,7796,1633
20020,"Dothan, AL",2024-01-01,46,97,17,7,167,7963,1679
20020,"Dothan, AL",2024-02-01,75,88,47,7,217,8180,1754
20020,"Dothan, AL",2024-03-01,84,120,48,2,254,8434,1838
20020,"Dothan, AL",2024-04-01,47,68,17,2,134,8568,1885
20020,"Dothan, AL",2024-05-01,29,61,21,2,113,8681,1914
20020,"Dothan, AL",2024-06-01,28,39,10,2,79,8760,1942
20020,"Dothan, AL",2024-07-01,33,65,19,3,120,8880,1975
20020,"Dothan, AL",2024-08-01,47,97,24,4,172,9052,2022
20020,"Dothan, AL",2024-09-01,39,59,15,2,115,9167,2061
20020,"Dothan, AL",2024-10-01,71,113,43,3,230,9397,2132
20020,"Dothan, AL",2024-11-01,74,97,30,3,204,9601,2206
20020,"Dothan, AL",2024-12-01,74,84,44,7,209,9810,2280
20020,"Dothan, AL",2025-01-01,64,88,33,3,188,9998,2344
20020,"Dothan, AL",2025-02-01,83,94,20,3,200,10198,2427
20020,"Dothan, AL",2025-03-01,85,101,31,3,220,10418,2512
20020,"Dothan, AL",2025-04-01,85,112,36,4,237,10655,2597
20020,"Dothan, AL",2025-05-01,105,141,31,4,281,10936,2702
20020,"Dothan, AL",2025-06-01,80,86,36,4,206,11142,2782
20020,"Dothan, AL",2025-07-01,66,109,33,6,214,11356,2848
20020,"Dothan, AL",2025-08-01,64,84,36,4,188,11544,2912
20020,"Dothan, AL",2025-09-01,0,2,0,0,2,11546,2912
27500,"Janesville-Beloit, WI",2019-01-01,0,12,5,0,17,17,0
27500,"Janesville-Beloit, WI",2019-02-01,1,25,14,1,41,58,1
27500,"Janesville-Beloit, WI",2019-03-01,1,41,12,0,54,112,2
27500,"Janesville-Beloit, WI",2019-04-01,3,47,13,1,64,176,5
27500,"Janesville-Beloit, WI",2019-05-01,3,46,5,0,54,230,8
27500,"Janesville-Beloit, WI",2019-06-01,2,19,13,1,35,265,10
27500,"Janesville-Beloit, WI",2019-07-01,3,30,12,2,47,312,13
27500,"Janesville-Beloit, WI",2019-08-01,3,19,8,0,30,342,16
27500,"Janesville-Beloit, WI",2019-09-01,0,28,9,1,38,380,16
27500,"Janesville-Beloit, WI",2019-10-01,5,22,14,1,42,422,21
27500,"Janesville-Beloit, WI",2019-11-01,6,38,7,1,52,474,27
27500,"Janesville-Beloit, WI",2019-12-01,5,30,7,0,42,516,32
27500,"Janesville-Beloit, WI",2020-01-01,4,30,11,0,45,561,36
27500,"Janesville-Beloit, WI",2020-02-01,5,40,6,1,52,613,41
27500,"Janesville-Beloit, WI",2020-03-01,9,43,14,0,66,679,50
27500,"Janesville-Beloit, WI",2020-04-01,33,75,20,5,133,812,83
27500,"Janesville-Beloit, WI",2020-05-01,28,87,26,3,144,956,111
27500,"Janesville-Beloit, WI",2020-06-01,25,48,12,1,86,1042,136
27500,"Janesville-Beloit, WI",2020-07-01,28,73,10,2,113,1155,164
27500,"Janesville-Beloit, WI",2020-08-01,24,91,14,1,130,1285,188
27500,"Janesville-Beloit, WI",2020-09-01,20,67,12,2,101,1386,208
27500,"Janesville-Beloit, WI",2020-10-01,23,57,13,0,93,1479,231
27500,"Janesville-Beloit, WI",2020-11-01,19,62,12,1,94,1573,250
27500,"Janesville-Beloit, WI",2020-12-01,21,42,4,0,67,1640,271
27500,"Janesville-Beloit, WI",2021-01-01,57,129,15,1,202,1842,328
27500,"Janesville-Beloit, WI",2021-02-01,40,106,21,3,170,2012,368
27500,"Janesville-Beloit, WI",2021-03-01,57,131,26,2,216,2228,425
27500,"Janesville-Beloit, WI",2021-04-01,41,115,21,1,178,2406,466
27500,"Janesville-Beloit, WI",2021-05-01,39,77,7,3,126,2532,505
27500,"Janesville-Beloit, WI",2021-06-01,39,70,12,2,123,2655,544
27500,"Janesville-Beloit, WI",2021-07-01,29,63,13,1,106,2761,573
27500,"Janesville-Beloit, WI",2021-08-01,42,94,18,2,156,2917,615
27500,"Janesville-Beloit, WI",2021-09-01,41,87,19,1,148,3065,656
27500,"Janesville-Beloit, WI",2021-10-01,21,67,17,2,107,3172,677
27500,"Janesville-Beloit, WI",2021-11-01,29,60,16,2,107,3279,706
27500,"Janesville-Beloit, WI",2021-12-01,48,88,19,2,157,3436,754
27500,"Janesville-Beloit, WI",2022-01-01,60,127,31,3,221,3657,814
27500,"Janesville-Beloit, WI",2022-02-01,55,94,34,0,183,3840,869
27500,"Janesville-Beloit, WI",2022-03-01,54,104,32,2,192,4032,923
27500,"Janesville-Beloit, WI",2022-04-01,28,78,19,1,126,4158,951
27500,"Janesville-Beloit, WI",2022-05-01,40,62,22,1,125,4283,991
27500,"Janesville-Beloit, WI",2022-06-01,33,61,8,2,104,4387,1024
27500,"Janesville-Beloit, WI",2022-07-01,27,47,18,0,92,4479,1051
27500,"Janesville-Beloit, WI",2022-08-01,35,63,22,0,120,4599,1086
27500,"Janesville-Beloit, WI",2022-09-01,41,94,39,2,176,4775,1127
27500,"Janesville-Beloit, WI",2022-10-01,38,81,16,0,135,4910,1165
27500,"Janesville-Beloit, WI",2022-11-01,45,63,27,1,136,5046,1210
27500,"Janesville-Beloit, WI",2022-12-01,47,96,35,2,180,5226,1257
27500,"Janesville-Beloit, WI",2023-01-01,51,98,30,3,182,5408,1308
27500,"Janesville-Beloit, WI",2023-02-01,55,65,34,0,154,5562,1363
27500,"Janesville-Beloit, WI",2023-03-01,58,92,36,0,186,5748,1421
27500,"Janesville-Beloit, WI",2023-04-01,44,81,37,4,166,5914,1465
27500,"Janesville-Beloit, WI",2023-05-01,33,61,17,1,112,6026,1498
27500,"Janesville-Beloit, WI",2023-06-01,21,51,11,1,84,6110,1519
27500,"Janesville-Beloit, WI",2023-07-01,31,54,20,0,105,6215,1550
27500,"Janesville-Beloit, WI",2023-08-01,33,54,17,2,106,6321,1583
27500,"Janesville-Beloit, WI",2023-09-01,32,68,21,8,129,6450,1615
27500,"Janesville-Beloit, WI",2023-10-01,39,92,33,1,165,6615,1654
27500,"Janesville-Beloit, WI",2023-11-01,61,85,26,1,173,6788,1715
27500,"Janesville-Beloit, WI",2023-12-01,49,74,30,3,156,6944,1764
27500,"Janesville-Beloit, WI",2024-01-01,79,88,33,5,205,7149,1843
27500,"Janesville-Beloit, WI",2024-02-01,65,76,23,4,168,7317,1908
27500,"Janesville-Beloit, WI",2024-03-01,52,90,27,3,172,7489,1960
27500,"Janesville-Beloit, WI",2024-04-01,57,85,29,1,172,7661,2017
27500,"Janesville-Beloit, WI",2024-05-01,39,65,21,3,128,7789,2056
27500,"Janesville-Beloit, WI",2024-06-01,46,75,21,0,142,7931,2102
27500,"Janesville-Beloit, WI",2024-07-01,41,71,10,2,124,8055,2143
27500,"Janesville-Beloit, WI",2024-08-01,20,39,12,0,71,8126,2163
27500,"Janesville-Beloit, WI",2024-09-01,43,44,16,4,107,8233,2206
27500,"Janesville-Beloit, WI",2024-10-01,66,97,38,0,201,8434,2272
27500,"Janesville-Beloit, WI",2024-11-01,69,78,29,2,178,8612,2341
27500,"Janesville-Beloit, WI",2024-12-01,82,93,29,3,207,8819,2423
27500,"Janesville-Beloit, WI",2025-01-01,82,91,38,3,214,9033,2505
27500,"Janesville-Beloit, WI",2025-02-01,92,90,26,2,210,9243,2597
27500,"Janesville-Beloit, WI",2025-03-01,75,92,38,4,209,9452,2672
27500,"Janesville-Beloit, WI",2025-04-01,74,77,22,3,176,9628,2746
27500,"Janesville-Beloit, WI",2025-05-01,83,103,21,1,208,9836,2829
27500,"Janesville-Beloit, WI",2025-06-01,100,76,30,4,210,10046,2929
27500,"Janesville-Beloit, WI",2025-07-01,93,81,38,0,212,10258,3022
27500,"Janesville-Beloit, WI",2025-08-01,67,71,24,2,164,10422,3089
27500,"Janesville-Beloit, WI",2025-09-01,3,1,0,1,5,10427,3092
14420,"Borger, TX",2019-07-01,0,1,0,0,1,1,0
14420,"Borger, TX",2019-08-01,0,0,1,0,1,2,0
14420,"Borger, TX",2020-04-01,0,1,0,0,1,3,0
14420,"Borger, TX",2020-06-01,1,1,0,0,2,5,1
14420,"Borger, TX",2020-07-01,0,2,2,0,4,9,1
14420,"Borger, TX",2020-08-01,0,3,0,0,3,12,1
14420,"Borger, TX",2020-09-01,1,1,0,0,2,14,2
14420,"Borger, TX",2020-10-01,0,3,0,0,3,17,2
14420,"Borger, TX",2020-11-01,0,1,2,0,3,20,2
14420,"Borger, TX",2021-02-01,0,2,0,0,2,22,2
14420,"Borger, TX",2021-03-01,0,3,1,0,4,26,2
14420,"Borger, TX",2021-04-01,0,1,0,0,1,27,2
14420,"Borger, TX",2021-05-01,0,1,1,0,2,29,2
14420,"Borger, TX",2021-06-01,0,2,1,0,3,32,2
14420,"Borger, TX",2021-07-01,1,0,1,0,2,34,3
14420,"Borger, TX",2021-08-01,0,1,1,0,2,36,3
14420,"Borger, TX",2021-09-01,0,5,3,0,8,44,3
14420,"Borger, TX",2021-10-01,1,7,1,0,9,53,4
14420,"Borger, TX",2021-11-01,1,9,5,0,15,68,5
14420,"Borger, TX",2021-12-01,2,6,4,0,12,80,7
14420,"Borger, TX",2022-01-01,3,9,3,0,15,95,10
14420,"Borger, TX",2022-02-01,3,6,2,0,11,106,13
14420,"Borger, TX",2022-03-01,2,6,3,1,12,118,15
14420,"Borger, TX",2022-04-01,2,6,1,0,9,127,17
14420,"Borger, TX",2022-05-01,2,8,4,0,14,141,19
14420,"Borger, TX",2022-06-01,3,6,1,0,10,151,22
14420,"Borger, TX",2022-07-01,2,5,2,0,9,160,24
14420,"Borger, TX",2022-08-01,1,3,3,0,7,167,25
14420,"Borger, TX",2022-09-01,0,3,0,0,3,170,25
14420,"Borger, TX",2022-10-01,6,3,3,1,13,183,31
14420,"Borger, TX",2022-11-01,7,9,1,0,17,200,38
14420,"Borger, TX",2022-12-01,3,2,1,1,7,207,41
14420,"Borger, TX",2023-01-01,3,4,1,0,8,215,44
14420,"Borger, TX",2023-02-01,8,7,0,0,15,230,52
14420,"Borger, TX",2023-03-01,5,7,0,0,12,242,57
14420,"Borger, TX",2023-04-01,6,2,0,0,8,250,63
14420,"Borger, TX",2023-05-01,2,6,1,0,9,259,65
14420,"Borger, TX",2023-06-01,2,0,1,1,4,263,67
14420,"Borger, TX",2023-07-01,1,8,2,1,12,275,68
14420,"Borger, TX",2023-08-01,1,4,0,0,5,280,69
14420,"Borger, TX",2023-09-01,3,6,1,0,10,290,72
14420,"Borger, TX",2023-10-01,4,2,2,0,8,298,76
14420,"Borger, TX",2023-11-01,5,4,1,0,10,308,81
14420,"Borger, TX",2023-12-01,3,5,2,0,10,318,84
14420,"Borger, TX",2024-01-01,3,8,3,0,14,332,87
14420,"Borger, TX",2024-02-01,6,4,2,0,12,344,93
14420,"Borger, TX",2024-03-01,7,7,2,0,16,360,100
14420,"Borger, TX",2024-04-01,8,4,0,0,12,372,108
14420,"Borger, TX",2024-05-01,3,2,0,0,5,377,111
14420,"Borger, TX",2024-06-01,4,1,3,0,8,385,115
14420,"Borger, TX",2024-07-01,1,1,1,0,3,388,116
14420,"Borger, TX",2024-08-01,1,10,0,1,12,400,117
14420,"Borger, TX",2024-09-01,3,6,2,1,12,412,120
14420,"Borger, TX",2024-10-01,2,7,3,0,12,424,122
14420,"Borger, TX",2024-11-01,9,6,3,0,18,442,131
14420,"Borger, TX",2024-12-01,3,7,0,1,11,453,134
14420,"Borger, TX",2025-01-01,4,8,3,0,15,468,138
14420,"Borger, TX",2025-02-01,4,5,2,0,11,479,142
14420,"Borger, TX",2025-03-01,5,9,6,0,20,499,147
14420,"Borger, TX",2025-04-01,2,7,1,0,10,509,149
14420,"Borger, TX",2025-05-01,4,10,4,0,18,527,153
14420,"Borger, TX",2025-06-01,3,8,1,0,12,539,156
14420,"Borger, TX",2025-07-01,5,5,0,0,10,549,161
14420,"Borger, TX",2025-08-01,7,7,2,0,16,565,168
14420,"Borger, TX",2025-09-01,0,2,1,0,3,568,168
40620,"Rolla, MO",2019-01-01,0,2,3,0,5,5,0
40620,"Rolla, MO",2019-02-01,1,3,0,0,4,9,1
40620,"Rolla, MO",2019-03-01,1,2,2,0,5,14,2
40620,"Rolla, MO",2019-04-01,0,1,2,0,3,17,2
40620,"Rolla, MO",2019-06-01,0,8,0,0,8,25,2
40620,"Rolla, MO",2019-07-01,1,8,5,0,14,39,3
40620,"Rolla, MO",2019-08-01,0,6,2,0,8,47,3
40620,"Rolla, MO",2019-09-01,1,13,1,0,15,62,4
40620,"Rolla, MO",2019-10-01,1,4,1,0,6,68,5
40620,"Rolla, MO",2019-11-01,4,13,1,0,18,86,9
40620,"Rolla, MO",2019-12-01,1,11,5,0,17,103,10
40620,"Rolla, MO",2020-01-01,2,8,3,0,13,116,12
40620,"Rolla, MO",2020-02-01,3,10,2,0,15,131,15
40620,"Rolla, MO",2020-03-01,3,16,3,0,22,153,18
40620,"Rolla, MO",2020-04-01,7,27,7,0,41,194,25
40620,"Rolla, MO",2020-05-01,7,30,3,0,40,234,32
40620,"Rolla, MO",2020-06-01,7,21,2,0,30,264,39
40620,"Rolla, MO",2020-07-01,8,25,1,1,35,299,47
40620,"Rolla, MO",2020-08-01,6,14,4,1,25,324,53
40620,"Rolla, MO",2020-09-01,8,21,5,0,34,358,61
40620,"Rolla, MO",2020-10-01,8,16,3,0,27,385,69
40620,"Rolla, MO",2020-11-01,4,23,3,0,30,415,73
40620,"Rolla, MO",2020-12-01,8,17,6,0,31,446,81
40620,"Rolla, MO",2021-01-01,11,24,5,0,40,486,92
40620,"Rolla, MO",2021-02-01,13,28,6,0,47,533,105
40620,"Rolla, MO",2021-03-01,27,42,6,0,75,608,132
40620,"Rolla, MO",2021-04-01,18,38,2,1,59,667,150
40620,"Rolla, MO",2021-05-01,24,37,12,0,73,740,174
40620,"Rolla, MO",2021-06-01,9,31,5,2,47,787,183
40620,"Rolla, MO",2021-07-01,15,27,8,1,51,838,198
40620,"Rolla, MO",2021-08-01,10,36,5,0,51,889,208
40620,"Rolla, MO",2021-09-01,22,32,3,4,61,950,230
40620,"Rolla, MO",2021-10-01,9,33,8,4,54,1004,239
40620,"Rolla, MO",2021-11-01,9,19,7,0,35,1039,248
40620,"Rolla, MO",2021-12-01,17,36,9,0,62,1101,265
40620,"Rolla, MO",2022-01-01,28,45,8,1,82,1183,293
40620,"Rolla, MO",2022-02-01,12,52,13,1,78,1261,305
40620,"Rolla, MO",2022-03-01,20,39,9,2,70,1331,325
40620,"Rolla, MO",2022-04-01,13,30,9,3,55,1386,338
40620,"Rolla, MO",2022-05-01,17,35,15,1,68,1454,355
40620,"Rolla, MO",2022-06-01,13,32,14,0,59,1513,368
40620,"Rolla, MO",2022-07-01,7,29,10,1,47,1560,375
40620,"Rolla, MO",2022-08-01,26,47,5,2,80,1640,401
40620,"Rolla, MO",2022-09-01,21,28,9,2,60,1700,422
40620,"Rolla, MO",2022-10-01,24,21,8,1,54,1754,446
40620,"Rolla, MO",2022-11-01,22,32,8,0,62,1816,468
40620,"Rolla, MO",2022-12-01,18,35,5,0,58,1874,486
40620,"Rolla, MO",2023-01-01,20,29,11,2,62,1936,506
40620,"Rolla, MO",2023-02-01,16,27,12,0,55,1991,522
40620,"Rolla, MO",2023-03-01,28,45,16,1,90,2081,550
40620,"Rolla, MO",2023-04-01,26,28,8,0,62,2143,576
40620,"Rolla, MO",2023-05-01,14,22,12,1,49,2192,590
40620,"Rolla, MO",2023-06-01,15,20,9,0,44,2236,605
40620,"Rolla, MO",2023-07-01,18,18,13,0,49,2285,623
40620,"Rolla, MO",2023-08-01,12,17,1,0,30,2315,635
40620,"Rolla, MO",2023-09-01,20,20,5,1,46,2361,655
40620,"Rolla, MO",2023-10-01,20,26,6,1,53,2414,675
40620,"Rolla, MO",2023-11-01,21,28,7,1,57,2471,696
40620,"Rolla, MO",2023-12-01,22,28,7,0,57,2528,718
40620,"Rolla, MO",2024-01-01,37,26,4,0,67,2595,755
40620,"Rolla, MO",2024-02-01,22,21,6,1,50,2645,777
40620,"Rolla, MO",2024-03-01,18,28,3,1,50,2695,795
40620,"Rolla, MO",2024-04-01,31,18,6,0,55,2750,826
40620,"Rolla, MO",2024-05-01,10,16,5,0,31,2781,836
40620,"Rolla, MO",2024-06-01,14,16,3,0,33,2814,850
40620,"Rolla, MO",2024-07-01,11,13,4,0,28,2842,861
40620,"Rolla, MO",2024-08-01,7,14,5,1,27,2869,868
40620,"Rolla, MO",2024-09-01,4,21,3,0,28,2897,872
40620,"Rolla, MO",2024-10-01,23,21,3,0,47,2944,895
40620,"Rolla, MO",2024-11-01,29,28,5,0,62,3006,924
40620,"Rolla, MO",2024-12-01,27,34,6,0,67,3073,951
40620,"Rolla, MO",2025-01-01,32,32,9,0,73,3146,983
40620,"Rolla, MO",2025-02-01,39,30,9,1,79,3225,1022
40620,"Rolla, MO",2025-03-01,40,30,7,0,77,3302,1062
40620,"Rolla, MO",2025-04-01,41,29,7,0,77,3379,1103
40620,"Rolla, MO",2025-05-01,24,25,3,1,53,3432,1127
40620,"Rolla, MO",2025-06-01,21,20,11,0,52,3484,1148
40620,"Rolla, MO",2025-07-01,8,13,5,0,26,3510,1156
40620,"Rolla, MO",2025-08-01,16,8,3,0,27,3537,1172
40620,"Rolla, MO",2025-09-01,0,0,1,0,1,3538,1172
33900,"Monticello, IN",2019-01-01,0,3,0,0,3,3,0
33900,"Monticello, IN",2019-03-01,0,1,0,0,1,4,0
33900,"Monticello, IN",2019-04-01,0,1,1,0,2,6,0
33900,"Monticello, IN",2019-05-01,0,1,0,0,1,7,0
33900,"Monticello, IN",2019-06-01,0,2,0,0,2,9,0
33900,"Monticello, IN",2019-08-01,0,1,0,0,1,10,0
33900,"Monticello, IN",2019-09-01,0,5,1,0,6,16,0
33900,"Monticello, IN",2019-10-01,0,2,2,0,4,20,0
33900,"Monticello, IN",2019-11-01,1,3,2,0,6,26,1
33900,"Monticello, IN",2019-12-01,0,1,0,0,1,27,1
33900,"Monticello, IN",2020-01-01,0,2,1,0,3,30,1
33900,"Monticello, IN",2020-02-01,0,0,1,0,1,31,1
33900,"Monticello, IN",2020-03-01,0,2,0,0,2,33,1
33900,"Monticello, IN",2020-04-01,2,1,1,0,4,37,3
33900,"Monticello, IN",2020-05-01,1,1,0,0,2,39,4
33900,"Monticello, IN",2020-06-01,1,2,0,0,3,42,5
33900,"Monticello, IN",2020-07-01,1,7,2,0,10,52,6
33900,"Monticello, IN",2020-08-01,0,7,0,0,7,59,6
33900,"Monticello, IN",2020-09-01,0,2,1,0,3,62,6
33900,"Monticello, IN",2020-10-01,2,2,2,0,6,68,8
33900,"Monticello, IN",2020-11-01,0,3,1,0,4,72,8
33900,"Monticello, IN",2020-12-01,1,1,0,0,2,74,9
33900,"Monticello, IN",2021-01-01,1,3,2,0,6,80,10
33900,"Monticello, IN",2021-02-01,1,5,1,0,7,87,11
33900,"Monticello, IN",2021-03-01,4,7,2,0,13,100,15
33900,"Monticello, IN",2021-04-01,1,10,0,0,11,111,16
33900,"Monticello, IN",2021-05-01,2,5,2,0,9,120,18
33900,"Monticello, IN",2021-06-01,3,8,2,0,13,133,21
33900,"Monticello, IN",2021-07-01,4,5,2,1,12,145,25
33900,"Monticello, IN",2021-08-01,2,15,3,3,23,168,27
33900,"Monticello, IN",2021-09-01,7,21,3,0,31,199,34
33900,"Monticello, IN",2021-10-01,6,16,4,0,26,225,40
33900,"Monticello, IN",2021-11-01,4,11,4,1,20,245,44
33900,"Monticello, IN",2021-12-01,4,15,4,0,23,268,48
33900,"Monticello, IN",2022-01-01,4,20,4,1,29,297,52
33900,"Monticello, IN",2022-02-01,3,16,1,2,22,319,55
33900,"Monticello, IN",2022-03-01,6,11,4,1,22,341,61
33900,"Monticello, IN",2022-04-01,8,13,4,0,25,366,69
33900,"Monticello, IN",2022-05-01,1,12,6,1,20,386,70
33900,"Monticello, IN",2022-06-01,5,12,4,0,21,407,75
33900,"Monticello, IN",2022-07-01,5,7,2,0,14,421,80
33900,"Monticello, IN",2022-08-01,5,11,2,0,18,439,85
33900,"Monticello, IN",2022-09-01,2,6,2,0,10,449,87
33900,"Monticello, IN",2022-10-01,3,10,4,0,17,466,90
33900,"Monticello, IN",2022-11-01,4,12,4,0,20,486,94
33900,"Monticello, IN",2022-12-01,3,8,2,1,14,500,97
33900,"Monticello, IN",2023-01-01,2,11,1,0,14,514,99
33900,"Monticello, IN",2023-02-01,5,7,1,0,13,527,104
33900,"Monticello, IN",2023-03-01,8,18,3,1,30,557,112
33900,"Monticello, IN",2023-04-01,7,6,5,0,18,575,119
33900,"Monticello, IN",2023-05-01,4,8,0,1,13,588,123
33900,"Monticello, IN",2023-06-01,4,11,3,0,18,606,127
33900,"Monticello, IN",2023-07-01,5,14,3,0,22,628,132
33900,"Monticello, IN",2023-08-01,3,11,4,0,18,646,135
33900,"Monticello, IN",2023-09-01,7,9,5,0,21,667,142
33900,"Monticello, IN",2023-10-01,6,7,6,0,19,686,148
33900,"Monticello, IN",2023-11-01,13,12,1,0,26,712,161
33900,"Monticello, IN",2023-12-01,11,8,4,0,23,735,172
33900,"Monticello, IN",2024-01-01,8,16,3,0,27,762,180
33900,"Monticello, IN",2024-02-01,5,10,2,0,17,779,185
33900,"Monticello, IN",2024-03-01,5,10,1,0,16,795,190
33900,"Monticello, IN",2024-04-01,8,8,6,0,22,817,198
33900,"Monticello, IN",2024-05-01,13,16,2,2,33,850,211
33900,"Monticello, IN",2024-06-01,6,4,2,1,13,863,217
33900,"Monticello, IN",2024-07-01,2,7,1,0,10,873,219
33900,"Monticello, IN",2024-08-01,2,5,0,0,7,880,221
33900,"Monticello, IN",2024-09-01,3,7,1,0,11,891,224
33900,"Monticello, IN",2024-10-01,5,13,2,0,20,911,229
33900,"Monticello, IN",2024-11-01,6,10,2,1,19,930,235
33900,"Monticello, IN",2024-12-01,7,7,1,0,15,945,242
33900,"Monticello, IN",2025-01-01,7,9,0,1,17,962,249
33900,"Monticello, IN",2025-02-01,12,8,6,0,26,988,261
33900,"Monticello, IN",2025-03-01,6,5,5,0,16,1004,267
33900,"Monticello, IN",2025-04-01,7,8,2,0,17,1021,274
33900,"Monticello, IN",2025-05-01,9,9,1,0,19,1040,283
33900,"Monticello, IN",2025-06-01,6,11,2,1,20,1060,289
33900,"Monticello, IN",2025-07-01,5,7,2,0,14,1074,294
33900,"Monticello, IN",2025-08-01,1,3,5,0,9,1083,295
25540,"Hartford-West Hartford-East Hartford, CT",2019-01-01,3,154,38,3,198,198,3
25540,"Hartford-West Hartford-East Hartford, CT",2019-02-01,8,159,34,4,205,403,11
25540,"Hartford-West Hartford-East Hartford, CT",2019-03-01,13,198,34,7,252,655,24
25540,"Hartford-West Hartford-East Hartford, CT",2019-04-01,6,199,42,4,251,906,30
25540,"Hartford-West Hartford-East Hartford, CT",2019-05-01,6,188,31,3,228,1134,36
25540,"Hartford-West Hartford-East Hartford, CT",2019-06-01,1,55,8,1,65,1199,37
25540,"Hartford-West Hartford-East Hartford, CT",2019-07-01,12,186,50,3,251,1450,49
25540,"Hartford-West Hartford-East Hartford, CT",2019-08-01,16,184,36,4,240,1690,65
25540,"Hartford-West Hartford-East Hartford, CT",2019-09-01,17,200,45,6,268,1958,82
25540,"Hartford-West Hartford-East Hartford, CT",2019-10-01,10,190,41,5,246,2204,92
25540,"Hartford-West Hartford-East Hartford, CT",2019-11-01,11,140,26,1,178,2382,103
25540,"Hartford-West Hartford-East Hartford, CT",2019-12-01,21,138,37,1,197,2579,124
25540,"Hartford-West Hartford-East Hartford, CT",2020-01-01,33,232,50,2,317,2896,157
25540,"Hartford-West Hartford-East Hartford, CT",2020-02-01,21,160,22,2,205,3101,178
25540,"Hartford-West Hartford-East Hartford, CT",2020-03-01,13,102,25,3,143,3244,191
25540,"Hartford-West Hartford-East Hartford, CT",2020-04-01,123,416,94,6,639,3883,314
25540,"Hartford-West Hartford-East Hartford, CT",2020-05-01,259,603,115,11,988,4871,573
25540,"Hartford-West Hartford-East Hartford, CT",2020-06-01,182,500,91,6,779,5650,755
25540,"Hartford-West Hartford-East Hartford, CT",2020-07-01,195,635,119,10,959,6609,950
25540,"Hartford-West Hartford-East Hartford, CT",2020-08-01,157,701,129,9,996,7605,1107
25540,"Hartford-West Hartford-East Hartford, CT",2020-09-01,126,585,121,12,844,8449,1233
25540,"Hartford-West Hartford-East Hartford, CT",2020-10-01,90,369,81,8,548,8997,1323
25540,"Hartford-West Hartford-East Hartford, CT",2020-11-01,43,184,32,6,265,9262,1366
25540,"Hartford-West Hartford-East Hartford, CT",2020-12-01,117,258,52,8,435,9697,1483
25540,"Hartford-West Hartford-East Hartford, CT",2021-01-01,228,545,106,9,888,10585,1711
25540,"Hartford-West Hartford-East Hartford, CT",2021-02-01,236,660,146,11,1053,11638,1947
25540,"Hartford-West Hartford-East Hartford, CT",2021-03-01,270,681,157,19,1127,12765,2217
25540,"Hartford-West Hartford-East Hartford, CT",2021-04-01,282,815,149,9,1255,14020,2499
25540,"Hartford-West Hartford-East Hartford, CT",2021-05-01,289,805,111,12,1217,15237,2788
25540,"Hartford-West Hartford-East Hartford, CT",2021-06-01,208,775,152,7,1142,16379,2996
25540,"Hartford-West Hartford-East Hartford, CT",2021-07-01,188,695,139,15,1037,17416,3184
25540,"Hartford-West Hartford-East Hartford, CT",2021-08-01,168,674,143,13,998,18414,3352
25540,"Hartford-West Hartford-East Hartford, CT",2021-09-01,162,811,182,18,1173,19587,3514
25540,"Hartford-West Hartford-East Hartford, CT",2021-10-01,129,551,124,13,817,20404,3643
25540,"Hartford-West Hartford-East Hartford, CT",2021-11-01,122,465,93,6,686,21090,3765
25540,"Hartford-West Hartford-East Hartford, CT",2021-12-01,292,648,155,9,1104,22194,4057
25540,"Hartford-West Hartford-East Hartford, CT",2022-01-01,268,748,155,17,1188,23382,4325
25540,"Hartford-West Hartford-East Hartford, CT",2022-02-01,91,252,79,3,425,23807,4416
25540,"Hartford-West Hartford-East Hartford, CT",2022-03-01,251,686,148,6,1091,24898,4667
25540,"Hartford-West Hartford-East Hartford, CT",2022-04-01,212,604,140,17,973,25871,4879
25540,"Hartford-West Hartford-East Hartford, CT",2022-05-01,184,449,107,16,756,26627,5063
25540,"Hartford-West Hartford-East Hartford, CT",2022-06-01,54,128,28,3,213,26840,5117
25540,"Hartford-West Hartford-East Hartford, CT",2022-07-01,37,148,36,5,226,27066,5154
25540,"Hartford-West Hartford-East Hartford, CT",2022-08-01,48,179,42,5,274,27340,5202
25540,"Hartford-West Hartford-East Hartford, CT",2022-09-01,161,415,108,5,689,28029,5363
25540,"Hartford-West Hartford-East Hartford, CT",2022-10-01,114,295,80,5,494,28523,5477
25540,"Hartford-West Hartford-East Hartford, CT",2022-11-01,282,550,166,14,1012,29535,5759
25540,"Hartford-West Hartford-East Hartford, CT",2022-12-01,337,538,122,9,1006,30541,6096
25540,"Hartford-West Hartford-East Hartford, CT",2023-01-01,264,538,138,15,955,31496,6360
25540,"Hartford-West Hartford-East Hartford, CT",2023-02-01,185,391,102,11,689,32185,6545
25540,"Hartford-West Hartford-East Hartford, CT",2023-03-01,276,484,144,17,921,33106,6821
25540,"Hartford-West Hartford-East Hartford, CT",2023-04-01,160,305,86,9,560,33666,6981
25540,"Hartford-West Hartford-East Hartford, CT",2023-05-01,96,169,35,4,304,33970,7077
25540,"Hartford-West Hartford-East Hartford, CT",2023-06-01,73,137,34,1,245,34215,7150
25540,"Hartford-West Hartford-East Hartford, CT",2023-07-01,71,132,39,3,245,34460,7221
25540,"Hartford-West Hartford-East Hartford, CT",2023-08-01,66,164,30,3,263,34723,7287
25540,"Hartford-West Hartford-East Hartford, CT",2023-09-01,214,414,124,14,766,35489,7501
25540,"Hartford-West Hartford-East Hartford, CT",2023-10-01,228,468,130,10,836,36325,7729
25540,"Hartford-West Hartford-East Hartford, CT",2023-11-01,254,479,130,13,876,37201,7983
25540,"Hartford-West Hartford-East Hartford, CT",2023-12-01,302,429,136,10,877,38078,8285
25540,"Hartford-West Hartford-East Hartford, CT",2024-01-01,296,543,143,18,1000,39078,8581
25540,"Hartford-West Hartford-East Hartford, CT",2024-02-01,267,479,127,14,887,39965,8848
25540,"Hartford-West Hartford-East Hartford, CT",2024-03-01,283,424,152,16,875,40840,9131
25540,"Hartford-West Hartford-East Hartford, CT",2024-04-01,257,374,101,9,741,41581,9388
25540,"Hartford-West Hartford-East Hartford, CT",2024-05-01,338,431,133,20,922,42503,9726
25540,"Hartford-West Hartford-East Hartford, CT",2024-06-01,307,485,137,13,942,43445,10033
25540,"Hartford-West Hartford-East Hartford, CT",2024-07-01,210,407,148,19,784,44229,10243
25540,"Hartford-West Hartford-East Hartford, CT",2024-08-01,212,397,141,35,785,45014,10455
25540,"Hartford-West Hartford-East Hartford, CT",2024-09-01,196,375,89,22,682,45696,10651
25540,"Hartford-West Hartford-East Hartford, CT",2024-10-01,372,424,117,23,936,46632,11023
25540,"Hartford-West Hartford-East Hartford, CT",2024-11-01,299,417,127,12,855,47487,11322
25540,"Hartford-West Hartford-East Hartford, CT",2024-12-01,463,418,131,10,1022,48509,11785
25540,"Hartford-West Hartford-East Hartford, CT",2025-01-01,353,473,134,10,970,49479,12138
25540,"Hartford-West Hartford-East Hartford, CT",2025-02-01,493,326,102,8,929,50408,12631
25540,"Hartford-West Hartford-East Hartford, CT",2025-03-01,544,406,121,13,1084,51492,13175
25540,"Hartford-West Hartford-East Hartford, CT",2025-04-01,581,392,109,7,1089,52581,13756
25540,"Hartford-West Hartford-East Hartford, CT",2025-05-01,705,383,100,9,1197,53778,14461
25540,"Hartford-West Hartford-East Hartford, CT",2025-06-01,368,384,89,9,850,54628,14829
25540,"Hartford-West Hartford-East Hartford, CT",2025-07-01,275,352,107,8,742,55370,15104
25540,"Hartford-West Hartford-East Hartford, CT",2025-08-01,200,327,86,14,627,55997,15304
25540,"Hartford-West Hartford-East Hartford, CT",2025-09-01,5,4,2,0,11,56008,15309
26620,"Huntsville, AL",2019-01-01,1,41,18,0,60,60,1
26620,"Huntsville, AL",2019-02-01,3,38,5,2,48,108,4
26620,"Huntsville, AL",2019-03-01,0,61,7,1,69,177,4
26620,"Huntsville, AL",2019-04-01,1,67,11,1,80,257,5
26620,"Huntsville, AL",2019-05-01,4,77,13,0,94,351,9
26620,"Huntsville, AL",2019-06-01,2,55,20,2,79,430,11
26620,"Huntsville, AL",2019-07-01,6,57,16,1,80,510,17
26620,"Huntsville, AL",2019-08-01,9,91,15,6,121,631,26
26620,"Huntsville, AL",2019-09-01,3,94,12,3,112,743,29
26620,"Huntsville, AL",2019-10-01,7,86,18,1,112,855,36
26620,"Huntsville, AL",2019-11-01,9,77,14,0,100,955,45
26620,"Huntsville, AL",2019-12-01,11,65,15,1,92,1047,56
26620,"Huntsville, AL",2020-01-01,6,70,12,2,90,1137,62
26620,"Huntsville, AL",2020-02-01,16,77,22,1,116,1253,78
26620,"Huntsville, AL",2020-03-01,10,151,25,1,187,1440,88
26620,"Huntsville, AL",2020-04-01,55,242,44,1,342,1782,143
26620,"Huntsville, AL",2020-05-01,113,346,58,5,522,2304,256
26620,"Huntsville, AL",2020-06-01,89,274,34,4,401,2705,345
26620,"Huntsville, AL",2020-07-01,95,318,41,4,458,3163,440
26620,"Huntsville, AL",2020-08-01,147,525,65,4,741,3904,587
26620,"Huntsville, AL",2020-09-01,102,395,67,5,569,4473,689
26620,"Huntsville, AL",2020-10-01,82,307,42,2,433,4906,771
26620,"Huntsville, AL",2020-11-01,32,115,16,2,165,5071,803
26620,"Huntsville, AL",2020-12-01,55,160,23,0,238,5309,858
26620,"Huntsville, AL",2021-01-01,106,298,33,2,439,5748,964
26620,"Huntsville, AL",2021-02-01,79,173,36,4,292,6040,1043
26620,"Huntsville, AL",2021-03-01,145,398,51,2,596,6636,1188
26620,"Huntsville, AL",2021-04-01,259,644,118,11,1032,7668,1447
26620,"Huntsville, AL",2021-05-01,182,454,78,4,718,8386,1629
26620,"Huntsville, AL",2021-06-01,70,273,51,5,399,8785,1699
26620,"Huntsville, AL",2021-07-01,73,212,42,3,330,9115,1772
26620,"Huntsville, AL",2021-08-01,123,333,75,8,539,9654,1895
26620,"Huntsville, AL",2021-09-01,145,501,113,8,767,10421,2040
26620,"Huntsville, AL",2021-10-01,72,224,61,3,360,10781,2112
26620,"Huntsville, AL",2021-11-01,106,311,81,7,505,11286,2218
26620,"Huntsville, AL",2021-12-01,126,304,70,3,503,11789,2344
26620,"Huntsville, AL",2022-01-01,206,503,106,7,822,12611,2550
26620,"Huntsville, AL",2022-02-01,147,309,81,7,544,13155,2697
26620,"Huntsville, AL",2022-03-01,210,481,104,11,806,13961,2907
26620,"Huntsville, AL",2022-04-01,190,439,93,8,730,14691,3097
26620,"Huntsville, AL",2022-05-01,110,278,43,3,434,15125,3207
26620,"Huntsville, AL",2022-06-01,114,239,41,1,395,15520,3321
26620,"Huntsville, AL",2022-07-01,122,250,47,4,423,15943,3443
26620,"Huntsville, AL",2022-08-01,137,227,63,5,432,16375,3580
26620,"Huntsville, AL",2022-09-01,130,314,73,4,521,16896,3710
26620,"Huntsville, AL",2022-10-01,120,252,68,4,444,17340,3830
26620,"Huntsville, AL",2022-11-01,176,414,107,7,704,18044,4006
26620,"Huntsville, AL",2022-12-01,210,368,79,7,664,18708,4216
26620,"Huntsville, AL",2023-01-01,206,419,100,6,731,19439,4422
26620,"Huntsville, AL",2023-02-01,193,326,101,6,626,20065,4615
26620,"Huntsville, AL",2023-03-01,242,402,99,6,749,20814,4857
26620,"Huntsville, AL",2023-04-01,189,316,77,6,588,21402,5046
26620,"Huntsville, AL",2023-05-01,116,177,32,2,327,21729,5162
26620,"Huntsville, AL",2023-06-01,99,157,25,4,285,22014,5261
26620,"Huntsville, AL",2023-07-01,87,135,31,5,258,22272,5348
26620,"Huntsville, AL",2023-08-01,165,236,76,4,481,22753,5513
26620,"Huntsville, AL",2023-09-01,173,291,77,5,546,23299,5686
26620,"Huntsville, AL",2023-10-01,179,244,80,7,510,23809,5865
26620,"Huntsville, AL",2023-11-01,226,335,95,6,662,24471,6091
26620,"Huntsville, AL",2023-12-01,309,318,99,8,734,25205,6400
26620,"Huntsville, AL",2024-01-01,224,335,91,12,662,25867,6624
26620,"Huntsville, AL",2024-02-01,244,259,82,7,592,26459,6868
26620,"Huntsville, AL",2024-03-01,256,265,98,8,627,27086,7124
26620,"Huntsville, AL",2024-04-01,189,261,44,10,504,27590,7313
26620,"Huntsville, AL",2024-05-01,213,246,56,9,524,28114,7526
26620,"Huntsville, AL",2024-06-01,146,207,58,8,419,28533,7672
26620,"Huntsville, AL",2024-07-01,246,330,80,7,663,29196,7918
26620,"Huntsville, AL",2024-08-01,157,220,66,7,450,29646,8075
26620,"Huntsville, AL",2024-09-01,240,306,82,9,637,30283,8315
26620,"Huntsville, AL",2024-10-01,284,291,80,11,666,30949,8599
26620,"Huntsville, AL",2024-11-01,259,337,82,6,684,31633,8858
26620,"Huntsville, AL",2024-12-01,316,329,109,7,761,32394,9174
26620,"Huntsville, AL",2025-01-01,283,305,77,5,670,33064,9457
26620,"Huntsville, AL",2025-02-01,254,235,76,10,575,33639,9711
26620,"Huntsville, AL",2025-03-01,295,294,81,8,678,34317,10006
26620,"Huntsville, AL",2025-04-01,275,319,71,14,679,34996,10281
26620,"Huntsville, AL",2025-05-01,309,284,91,11,695,35691,10590
26620,"Huntsville, AL",2025-06-01,319,293,73,12,697,36388,10909
26620,"Huntsville, AL",2025-07-01,219,236,59,5,519,36907,11128
26620,"Huntsville, AL",2025-08-01,247,224,67,3,541,37448,11375
26620,"Huntsville, AL",2025-09-01,6,4,3,0,13,37461,11381
40380,"Rochester, NY",2019-01-01,1,72,19,1,93,93,1
40380,"Rochester, NY",2019-02-01,2,86,22,0,110,203,3
40380,"Rochester, NY",2019-03-01,6,110,23,0,139,342,9
40380,"Rochester, NY",2019-04-01,5,127,24,4,160,502,14
40380,"Rochester, NY",2019-05-01,4,91,27,2,124,626,18
40380,"Rochester, NY",2019-06-01,3,51,10,2,66,692,21
40380,"Rochester, NY",2019-07-01,9,94,22,1,126,818,30
40380,"Rochester, NY",2019-08-01,8,122,22,1,153,971,38
40380,"Rochester, NY",2019-09-01,8,95,21,3,127,1098,46
40380,"Rochester, NY",2019-10-01,11,129,34,2,176,1274,57
40380,"Rochester, NY",2019-11-01,8,97,29,2,136,1410,65
40380,"Rochester, NY",2019-12-01,12,77,12,3,104,1514,77
40380,"Rochester, NY",2020-01-01,23,138,47,7,215,1729,100
40380,"Rochester, NY",2020-02-01,27,137,44,1,209,1938,127
40380,"Rochester, NY",2020-03-01,27,131,30,3,191,2129,154
40380,"Rochester, NY",2020-04-01,81,265,81,9,436,2565,235
40380,"Rochester, NY",2020-05-01,241,495,78,10,824,3389,476
40380,"Rochester, NY",2020-06-01,178,389,72,6,645,4034,654
40380,"Rochester, NY",2020-07-01,139,356,70,8,573,4607,793
40380,"Rochester, NY",2020-08-01,88,496,76,10,670,5277,881
40380,"Rochester, NY",2020-09-01,90,387,61,7,545,5822,971
40380,"Rochester, NY",2020-10-01,121,369,82,8,580,6402,1092
40380,"Rochester, NY",2020-11-01,66,224,46,5,341,6743,1158
40380,"Rochester, NY",2020-12-01,44,110,15,2,171,6914,1202
40380,"Rochester, NY",2021-01-01,214,446,84,8,752,7666,1416
40380,"Rochester, NY",2021-02-01,108,315,67,7,497,8163,1524
40380,"Rochester, NY",2021-03-01,161,434,105,15,715,8878,1685
40380,"Rochester, NY",2021-04-01,151,424,97,12,684,9562,1836
40380,"Rochester, NY",2021-05-01,210,552,108,7,877,10439,2046
40380,"Rochester, NY",2021-06-01,129,387,67,7,590,11029,2175
40380,"Rochester, NY",2021-07-01,132,413,67,6,618,11647,2307
40380,"Rochester, NY",2021-08-01,148,662,134,15,959,12606,2455
40380,"Rochester, NY",2021-09-01,122,518,123,15,778,13384,2577
40380,"Rochester, NY",2021-10-01,39,173,31,3,246,13630,2616
40380,"Rochester, NY",2021-11-01,36,123,24,2,185,13815,2652
40380,"Rochester, NY",2021-12-01,202,380,96,11,689,14504,2854
40380,"Rochester, NY",2022-01-01,196,470,95,12,773,15277,3050
40380,"Rochester, NY",2022-02-01,163,413,110,9,695,15972,3213
40380,"Rochester, NY",2022-03-01,182,387,91,5,665,16637,3395
40380,"Rochester, NY",2022-04-01,111,268,59,11,449,17086,3506
40380,"Rochester, NY",2022-05-01,147,362,75,5,589,17675,3653
40380,"Rochester, NY",2022-06-01,75,147,23,0,245,17920,3728
40380,"Rochester, NY",2022-07-01,71,160,39,2,272,18192,3799
40380,"Rochester, NY",2022-08-01,61,130,45,3,239,18431,3860
40380,"Rochester, NY",2022-09-01,65,183,33,2,283,18714,3925
40380,"Rochester, NY",2022-10-01,145,204,54,7,410,19124,4070
40380,"Rochester, NY",2022-11-01,175,344,81,5,605,19729,4245
40380,"Rochester, NY",2022-12-01,191,270,63,5,529,20258,4436
40380,"Rochester, NY",2023-01-01,176,265,67,7,515,20773,4612
40380,"Rochester, NY",2023-02-01,164,270,73,4,511,21284,4776
40380,"Rochester, NY",2023-03-01,206,362,83,13,664,21948,4982
40380,"Rochester, NY",2023-04-01,161,271,73,6,511,22459,5143
40380,"Rochester, NY",2023-05-01,94,138,32,4,268,22727,5237
40380,"Rochester, NY",2023-06-01,58,93,18,5,174,22901,5295
40380,"Rochester, NY",2023-07-01,36,81,18,3,138,23039,5331
40380,"Rochester, NY",2023-08-01,97,192,51,3,343,23382,5428
40380,"Rochester, NY",2023-09-01,147,307,87,8,549,23931,5575
40380,"Rochester, NY",2023-10-01,165,251,93,4,513,24444,5740
40380,"Rochester, NY",2023-11-01,206,292,79,9,586,25030,5946
40380,"Rochester, NY",2023-12-01,222,287,96,9,614,25644,6168
40380,"Rochester, NY",2024-01-01,181,278,73,7,539,26183,6349
40380,"Rochester, NY",2024-02-01,174,248,74,9,505,26688,6523
40380,"Rochester, NY",2024-03-01,212,264,64,7,547,27235,6735
40380,"Rochester, NY",2024-04-01,154,281,70,4,509,27744,6889
40380,"Rochester, NY",2024-05-01,242,261,79,4,586,28330,7131
40380,"Rochester, NY",2024-06-01,232,297,97,8,634,28964,7363
40380,"Rochester, NY",2024-07-01,211,322,88,9,630,29594,7574
40380,"Rochester, NY",2024-08-01,167,283,85,9,544,30138,7741
40380,"Rochester, NY",2024-09-01,177,294,80,11,562,30700,7918
40380,"Rochester, NY",2024-10-01,219,328,79,12,638,31338,8137
40380,"Rochester, NY",2024-11-01,243,306,76,9,634,31972,8380
40380,"Rochester, NY",2024-12-01,266,312,81,7,666,32638,8646
40380,"Rochester, NY",2025-01-01,280,345,96,10,731,33369,8926
40380,"Rochester, NY",2025-02-01,242,272,71,7,592,33961,9168
40380,"Rochester, NY",2025-03-01,347,320,83,3,753,34714,9515
40380,"Rochester, NY",2025-04-01,299,369,78,10,756,35470,9814
40380,"Rochester, NY",2025-05-01,313,353,94,11,771,36241,10127
40380,"Rochester, NY",2025-06-01,360,388,99,10,857,37098,10487
40380,"Rochester, NY",2025-07-01,300,353,91,9,753,37851,10787
40380,"Rochester, NY",2025-08-01,244,327,84,8,663,38514,11031
40380,"Rochester, NY",2025-09-01,5,8,0,0,13,38527,11036
31180,"Lubbock, TX",2019-01-01,4,74,13,0,91,91,4
31180,"Lubbock, TX",2019-02-01,2,72,13,1,88,179,6
31180,"Lubbock, TX",2019-03-01,4,97,16,2,119,298,10
31180,"Lubbock, TX",2019-04-01,4,89,17,2,112,410,14
31180,"Lubbock, TX",2019-05-01,7,103,20,2,132,542,21
31180,"Lubbock, TX",2019-06-01,6,60,13,3,82,624,27
31180,"Lubbock, TX",2019-07-01,10,64,12,2,88,712,37
31180,"Lubbock, TX",2019-08-01,9,53,8,2,72,784,46
31180,"Lubbock, TX",2019-09-01,21,98,26,5,150,934,67
31180,"Lubbock, TX",2019-10-01,17,107,11,1,136,1070,84
31180,"Lubbock, TX",2019-11-01,15,90,21,2,128,1198,99
31180,"Lubbock, TX",2019-12-01,19,46,14,2,81,1279,118
31180,"Lubbock, TX",2020-01-01,18,95,24,1,138,1417,136
31180,"Lubbock, TX",2020-02-01,23,76,12,2,113,1530,159
31180,"Lubbock, TX",2020-03-01,41,117,33,1,192,1722,200
31180,"Lubbock, TX",2020-04-01,101,282,51,2,436,2158,301
31180,"Lubbock, TX",2020-05-01,197,382,71,7,657,2815,498
31180,"Lubbock, TX",2020-06-01,77,201,30,2,310,3125,575
31180,"Lubbock, TX",2020-07-01,117,343,49,1,510,3635,692
31180,"Lubbock, TX",2020-08-01,137,355,60,2,554,4189,829
31180,"Lubbock, TX",2020-09-01,157,284,28,0,469,4658,986
31180,"Lubbock, TX",2020-10-01,112,223,23,1,359,5017,1098
31180,"Lubbock, TX",2020-11-01,78,188,24,3,293,5310,1176
31180,"Lubbock, TX",2020-12-01,70,112,16,2,200,5510,1246
31180,"Lubbock, TX",2021-01-01,174,248,36,3,461,5971,1420
31180,"Lubbock, TX",2021-02-01,181,269,46,2,498,6469,1601
31180,"Lubbock, TX",2021-03-01,292,390,41,2,725,7194,1893
31180,"Lubbock, TX",2021-04-01,208,303,54,6,571,7765,2101
31180,"Lubbock, TX",2021-05-01,118,210,23,1,352,8117,2219
31180,"Lubbock, TX",2021-06-01,119,194,45,7,365,8482,2338
31180,"Lubbock, TX",2021-07-01,60,107,18,8,193,8675,2398
31180,"Lubbock, TX",2021-08-01,63,147,28,4,242,8917,2461
31180,"Lubbock, TX",2021-09-01,155,270,47,8,480,9397,2616
31180,"Lubbock, TX",2021-10-01,84,95,21,1,201,9598,2700
31180,"Lubbock, TX",2021-11-01,79,96,24,2,201,9799,2779
31180,"Lubbock, TX",2021-12-01,149,205,61,5,420,10219,2928
31180,"Lubbock, TX",2022-01-01,298,385,73,8,764,10983,3226
31180,"Lubbock, TX",2022-02-01,208,246,52,3,509,11492,3434
31180,"Lubbock, TX",2022-03-01,181,194,54,4,433,11925,3615
31180,"Lubbock, TX",2022-04-01,77,95,15,3,190,12115,3692
31180,"Lubbock, TX",2022-05-01,93,177,37,4,311,12426,3785
31180,"Lubbock, TX",2022-06-01,92,133,31,2,258,12684,3877
31180,"Lubbock, TX",2022-07-01,98,147,41,2,288,12972,3975
31180,"Lubbock, TX",2022-08-01,160,182,43,3,388,13360,4135
31180,"Lubbock, TX",2022-09-01,297,392,97,9,795,14155,4432
31180,"Lubbock, TX",2022-10-01,123,170,41,2,336,14491,4555
31180,"Lubbock, TX",2022-11-01,186,229,47,5,467,14958,4741
31180,"Lubbock, TX",2022-12-01,199,188,49,6,442,15400,4940
31180,"Lubbock, TX",2023-01-01,161,161,30,1,353,15753,5101
31180,"Lubbock, TX",2023-02-01,297,234,67,6,604,16357,5398
31180,"Lubbock, TX",2023-03-01,261,290,71,8,630,16987,5659
31180,"Lubbock, TX",2023-04-01,189,219,60,6,474,17461,5848
31180,"Lubbock, TX",2023-05-01,78,103,28,2,211,17672,5926
31180,"Lubbock, TX",2023-06-01,74,86,22,0,182,17854,6000
31180,"Lubbock, TX",2023-07-01,71,79,24,0,174,18028,6071
31180,"Lubbock, TX",2023-08-01,116,124,25,4,269,18297,6187
31180,"Lubbock, TX",2023-09-01,225,191,64,7,487,18784,6412
31180,"Lubbock, TX",2023-10-01,219,181,44,3,447,19231,6631
31180,"Lubbock, TX",2023-11-01,294,228,57,9,588,19819,6925
31180,"Lubbock, TX",2023-12-01,235,237,77,3,552,20371,7160
31180,"Lubbock, TX",2024-01-01,308,240,77,8,633,21004,7468
31180,"Lubbock, TX",2024-02-01,321,202,55,4,582,21586,7789
31180,"Lubbock, TX",2024-03-01,318,226,64,4,612,22198,8107
31180,"Lubbock, TX",2024-04-01,260,230,58,6,554,22752,8367
31180,"Lubbock, TX",2024-05-01,270,230,61,9,570,23322,8637
31180,"Lubbock, TX",2024-06-01,176,188,54,9,427,23749,8813
31180,"Lubbock, TX",2024-07-01,142,235,61,5,443,24192,8955
31180,"Lubbock, TX",2024-08-01,70,102,22,3,197,24389,9025
31180,"Lubbock, TX",2024-09-01,236,209,60,2,507,24896,9261
31180,"Lubbock, TX",2024-10-01,229,222,65,10,526,25422,9490
31180,"Lubbock, TX",2024-11-01,243,165,51,6,465,25887,9733
31180,"Lubbock, TX",2024-12-01,168,183,65,4,420,26307,9901
31180,"Lubbock, TX",2025-01-01,235,236,65,5,541,26848,10136
31180,"Lubbock, TX",2025-02-01,252,167,55,7,481,27329,10388
31180,"Lubbock, TX",2025-03-01,261,201,55,7,524,27853,10649
31180,"Lubbock, TX",2025-04-01,293,201,43,5,542,28395,10942
31180,"Lubbock, TX",2025-05-01,284,273,59,6,622,29017,11226
31180,"Lubbock, TX",2025-06-01,231,255,67,8,561,29578,11457
31180,"Lubbock, TX",2025-07-01,178,200,46,6,430,30008,11635
31180,"Lubbock, TX",2025-08-01,210,203,53,5,471,30479,11845
31180,"Lubbock, TX",2025-09-01,8,7,0,1,16,30495,11853
44860,"Sulphur Springs, TX",2019-01-01,0,3,1,0,4,4,0
44860,"Sulphur Springs, TX",2019-02-01,0,1,0,0,1,5,0
44860,"Sulphur Springs, TX",2019-03-01,0,1,0,0,1,6,0
44860,"Sulphur Springs, TX",2019-04-01,0,4,0,0,4,10,0
44860,"Sulphur Springs, TX",2019-05-01,0,1,0,0,1,11,0
44860,"Sulphur Springs, TX",2019-06-01,0,2,2,0,4,15,0
44860,"Sulphur Springs, TX",2019-07-01,0,4,1,0,5,20,0
44860,"Sulphur Springs, TX",2019-08-01,0,5,3,0,8,28,0
44860,"Sulphur Springs, TX",2019-09-01,0,7,1,1,9,37,0
44860,"Sulphur Springs, TX",2019-10-01,0,2,1,0,3,40,0
44860,"Sulphur Springs, TX",2019-11-01,0,3,0,0,3,43,0
44860,"Sulphur Springs, TX",2019-12-01,0,3,0,0,3,46,0
44860,"Sulphur Springs, TX",2020-01-01,0,2,0,0,2,48,0
44860,"Sulphur Springs, TX",2020-02-01,0,5,1,0,6,54,0
44860,"Sulphur Springs, TX",2020-03-01,0,7,2,0,9,63,0
44860,"Sulphur Springs, TX",2020-04-01,0,6,3,1,10,73,0
44860,"Sulphur Springs, TX",2020-05-01,2,12,0,2,16,89,2
44860,"Sulphur Springs, TX",2020-06-01,0,4,2,0,6,95,2
44860,"Sulphur Springs, TX",2020-07-01,2,7,2,0,11,106,4
44860,"Sulphur Springs, TX",2020-08-01,1,9,3,0,13,119,5
44860,"Sulphur Springs, TX",2020-09-01,2,11,3,0,16,135,7
44860,"Sulphur Springs, TX",2020-10-01,3,19,9,0,31,166,10
44860,"Sulphur Springs, TX",2020-11-01,4,14,4,0,22,188,14
44860,"Sulphur Springs, TX",2020-12-01,6,31,4,1,42,230,20
44860,"Sulphur Springs, TX",2021-01-01,6,21,8,2,37,267,26
44860,"Sulphur Springs, TX",2021-02-01,6,21,5,0,32,299,32
44860,"Sulphur Springs, TX",2021-03-01,9,22,5,0,36,335,41
44860,"Sulphur Springs, TX",2021-04-01,9,23,6,1,39,374,50
44860,"Sulphur Springs, TX",2021-05-01,8,33,9,1,51,425,58
44860,"Sulphur Springs, TX",2021-06-01,8,23,13,0,44,469,66
44860,"Sulphur Springs, TX",2021-07-01,7,39,7,0,53,522,73
44860,"Sulphur Springs, TX",2021-08-01,8,29,5,1,43,565,81
44860,"Sulphur Springs, TX",2021-09-01,8,24,8,2,42,607,89
44860,"Sulphur Springs, TX",2021-10-01,4,26,5,3,38,645,93
44860,"Sulphur Springs, TX",2021-11-01,3,26,8,0,37,682,96
44860,"Sulphur Springs, TX",2021-12-01,17,32,9,0,58,740,113
44860,"Sulphur Springs, TX",2022-01-01,11,23,8,1,43,783,124
44860,"Sulphur Springs, TX",2022-02-01,11,34,10,0,55,838,135
44860,"Sulphur Springs, TX",2022-03-01,8,33,10,2,53,891,143
44860,"Sulphur Springs, TX",2022-04-01,10,35,3,0,48,939,153
44860,"Sulphur Springs, TX",2022-05-01,9,32,15,2,58,997,162
44860,"Sulphur Springs, TX",2022-06-01,20,33,6,1,60,1057,182
44860,"Sulphur Springs, TX",2022-07-01,6,21,9,0,36,1093,188
44860,"Sulphur Springs, TX",2022-08-01,7,24,11,0,42,1135,195
44860,"Sulphur Springs, TX",2022-09-01,9,27,13,1,50,1185,204
44860,"Sulphur Springs, TX",2022-10-01,18,29,13,1,61,1246,222
44860,"Sulphur Springs, TX",2022-11-01,17,35,9,0,61,1307,239
44860,"Sulphur Springs, TX",2022-12-01,15,24,9,1,49,1356,254
44860,"Sulphur Springs, TX",2023-01-01,11,14,6,1,32,1388,265
44860,"Sulphur Springs, TX",2023-02-01,15,17,7,1,40,1428,280
44860,"Sulphur Springs, TX",2023-03-01,13,33,8,2,56,1484,293
44860,"Sulphur Springs, TX",2023-04-01,10,20,6,0,36,1520,303
44860,"Sulphur Springs, TX",2023-05-01,7,24,8,0,39,1559,310
44860,"Sulphur Springs, TX",2023-06-01,13,18,7,1,39,1598,323
44860,"Sulphur Springs, TX",2023-07-01,18,24,8,0,50,1648,341
44860,"Sulphur Springs, TX",2023-08-01,6,14,5,0,25,1673,347
44860,"Sulphur Springs, TX",2023-09-01,7,25,5,2,39,1712,354
44860,"Sulphur Springs, TX",2023-10-01,8,24,9,0,41,1753,362
44860,"Sulphur Springs, TX",2023-11-01,14,21,10,0,45,1798,376
44860,"Sulphur Springs, TX",2023-12-01,10,17,6,1,34,1832,386
44860,"Sulphur Springs, TX",2024-01-01,12,27,6,2,47,1879,398
44860,"Sulphur Springs, TX",2024-02-01,17,14,13,0,44,1923,415
44860,"Sulphur Springs, TX",2024-03-01,12,21,10,0,43,1966,427
44860,"Sulphur Springs, TX",2024-04-01,15,15,6,1,37,2003,442
44860,"Sulphur Springs, TX",2024-05-01,15,22,5,0,42,2045,457
44860,"Sulphur Springs, TX",2024-06-01,4,13,4,0,21,2066,461
44860,"Sulphur Springs, TX",2024-07-01,6,10,6,1,23,2089,467
44860,"Sulphur Springs, TX",2024-08-01,5,13,6,1,25,2114,472
44860,"Sulphur Springs, TX",2024-09-01,15,14,7,0,36,2150,487
44860,"Sulphur Springs, TX",2024-10-01,12,25,5,0,42,2192,499
44860,"Sulphur Springs, TX",2024-11-01,15,21,9,0,45,2237,514
44860,"Sulphur Springs, TX",2024-12-01,11,14,7,0,32,2269,525
44860,"Sulphur Springs, TX",2025-01-01,11,20,4,0,35,2304,536
44860,"Sulphur Springs, TX",2025-02-01,11,20,5,1,37,2341,547
44860,"Sulphur Springs, TX",2025-03-01,21,24,6,1,52,2393,568
44860,"Sulphur Springs, TX",2025-04-01,17,22,9,0,48,2441,585
44860,"Sulphur Springs, TX",2025-05-01,9,23,11,0,43,2484,594
44860,"Sulphur Springs, TX",2025-06-01,4,20,2,1,27,2511,598
44860,"Sulphur Springs, TX",2025-07-01,3,9,2,1,15,2526,601
44860,"Sulphur Springs, TX",2025-08-01,4,11,3,0,18,2544,605
21540,"Escanaba, MI",2019-03-01,0,2,0,0,2,2,0
21540,"Escanaba, MI",2019-04-01,0,1,1,0,2,4,0
21540,"Escanaba, MI",2019-06-01,0,1,0,0,1,5,0
21540,"Escanaba, MI",2019-08-01,0,2,1,0,3,8,0
21540,"Escanaba, MI",2019-09-01,1,0,0,0,1,9,1
21540,"Escanaba, MI",2019-10-01,0,1,0,0,1,10,1
21540,"Escanaba, MI",2019-11-01,0,1,0,0,1,11,1
21540,"Escanaba, MI",2019-12-01,1,2,1,0,4,15,2
21540,"Escanaba, MI",2020-01-01,0,1,0,0,1,16,2
21540,"Escanaba, MI",2020-03-01,0,1,1,0,2,18,2
21540,"Escanaba, MI",2020-04-01,0,7,1,0,8,26,2
21540,"Escanaba, MI",2020-05-01,0,1,0,0,1,27,2
21540,"Escanaba, MI",2020-06-01,2,2,1,0,5,32,4
21540,"Escanaba, MI",2020-07-01,1,5,1,0,7,39,5
21540,"Escanaba, MI",2020-08-01,1,2,0,0,3,42,6
21540,"Escanaba, MI",2020-09-01,1,2,0,0,3,45,7
21540,"Escanaba, MI",2020-10-01,1,12,1,0,14,59,8
21540,"Escanaba, MI",2020-11-01,1,10,3,0,14,73,9
21540,"Escanaba, MI",2020-12-01,7,17,2,0,26,99,16
21540,"Escanaba, MI",2021-01-01,6,8,7,1,22,121,22
21540,"Escanaba, MI",2021-02-01,6,3,2,1,12,133,28
21540,"Escanaba, MI",2021-03-01,4,7,2,0,13,146,32
21540,"Escanaba, MI",2021-04-01,2,9,3,2,16,162,34
21540,"Escanaba, MI",2021-05-01,1,8,4,0,13,175,35
21540,"Escanaba, MI",2021-06-01,4,5,1,0,10,185,39
21540,"Escanaba, MI",2021-07-01,4,6,0,1,11,196,43
21540,"Escanaba, MI",2021-08-01,6,7,0,1,14,210,49
21540,"Escanaba, MI",2021-09-01,2,8,1,1,12,222,51
21540,"Escanaba, MI",2021-10-01,1,6,2,1,10,232,52
21540,"Escanaba, MI",2021-11-01,1,12,3,0,16,248,53
21540,"Escanaba, MI",2021-12-01,4,5,5,0,14,262,57
21540,"Escanaba, MI",2022-01-01,4,9,2,1,16,278,61
21540,"Escanaba, MI",2022-02-01,9,4,0,0,13,291,70
21540,"Escanaba, MI",2022-03-01,9,10,5,0,24,315,79
21540,"Escanaba, MI",2022-04-01,3,4,4,1,12,327,82
21540,"Escanaba, MI",2022-05-01,2,9,2,0,13,340,84
21540,"Escanaba, MI",2022-06-01,3,4,6,0,13,353,87
21540,"Escanaba, MI",2022-07-01,3,6,3,0,12,365,90
21540,"Escanaba, MI",2022-08-01,4,3,3,0,10,375,94
21540,"Escanaba, MI",2022-09-01,6,8,2,0,16,391,100
21540,"Escanaba, MI",2022-10-01,5,7,3,0,15,406,105
21540,"Escanaba, MI",2022-11-01,6,6,0,0,12,418,111
21540,"Escanaba, MI",2022-12-01,1,4,1,0,6,424,112
21540,"Escanaba, MI",2023-01-01,1,5,3,0,9,433,113
21540,"Escanaba, MI",2023-02-01,2,7,4,0,13,446,115
21540,"Escanaba, MI",2023-03-01,5,10,2,0,17,463,120
21540,"Escanaba, MI",2023-04-01,6,5,1,0,12,475,126
21540,"Escanaba, MI",2023-05-01,1,7,1,0,9,484,127
21540,"Escanaba, MI",2023-06-01,1,5,0,1,7,491,128
21540,"Escanaba, MI",2023-07-01,3,7,0,1,11,502,131
21540,"Escanaba, MI",2023-08-01,4,6,1,0,11,513,135
21540,"Escanaba, MI",2023-09-01,7,6,2,0,15,528,142
21540,"Escanaba, MI",2023-10-01,6,5,4,0,15,543,148
21540,"Escanaba, MI",2023-11-01,1,9,2,1,13,556,149
21540,"Escanaba, MI",2023-12-01,1,9,3,0,13,569,150
21540,"Escanaba, MI",2024-01-01,9,8,1,1,19,588,159
21540,"Escanaba, MI",2024-02-01,6,3,1,0,10,598,165
21540,"Escanaba, MI",2024-03-01,8,7,4,1,20,618,173
21540,"Escanaba, MI",2024-04-01,6,7,1,1,15,633,179
21540,"Escanaba, MI",2024-05-01,5,5,2,1,13,646,184
21540,"Escanaba, MI",2024-06-01,2,4,0,0,6,652,186
21540,"Escanaba, MI",2024-07-01,4,5,0,0,9,661,190
21540,"Escanaba, MI",2024-08-01,4,8,3,0,15,676,194
21540,"Escanaba, MI",2024-09-01,6,5,2,0,13,689,200
21540,"Escanaba, MI",2024-10-01,9,6,3,0,18,707,209
21540,"Escanaba, MI",2024-11-01,1,6,1,1,9,716,210
21540,"Escanaba, MI",2024-12-01,11,4,2,0,17,733,221
21540,"Escanaba, MI",2025-01-01,7,10,0,0,17,750,228
21540,"Escanaba, MI",2025-02-01,11,4,4,0,19,769,239
21540,"Escanaba, MI",2025-03-01,10,6,2,1,19,788,249
21540,"Escanaba, MI",2025-04-01,6,2,5,0,13,801,255
21540,"Escanaba, MI",2025-05-01,9,9,0,0,18,819,264
21540,"Escanaba, MI",2025-06-01,7,2,1,0,10,829,271
21540,"Escanaba, MI",2025-07-01,3,6,4,1,14,843,274
21540,"Escanaba, MI",2025-08-01,2,4,1,0,7,850,276
21540,"Escanaba, MI",2025-09-01,0,0,1,0,1,851,276
28060,"Kalispell, MT",2019-01-01,0,1,0,0,1,1,0
28060,"Kalispell, MT",2019-02-01,1,2,0,0,3,4,1
28060,"Kalispell, MT",2019-03-01,0,3,3,0,6,10,1
28060,"Kalispell, MT",2019-04-01,1,16,6,0,23,33,2
28060,"Kalispell, MT",2019-05-01,1,9,1,0,11,44,3
28060,"Kalispell, MT",2019-06-01,0,10,4,0,14,58,3
28060,"Kalispell, MT",2019-07-01,2,14,1,0,17,75,5
28060,"Kalispell, MT",2019-08-01,1,13,6,0,20,95,6
28060,"Kalispell, MT",2019-09-01,4,21,1,0,26,121,10
28060,"Kalispell, MT",2019-10-01,1,16,1,0,18,139,11
28060,"Kalispell, MT",2019-11-01,1,17,4,1,23,162,12
28060,"Kalispell, MT",2019-12-01,3,17,1,2,23,185,15
28060,"Kalispell, MT",2020-01-01,2,10,5,0,17,202,17
28060,"Kalispell, MT",2020-02-01,4,13,1,0,18,220,21
28060,"Kalispell, MT",2020-03-01,1,40,4,2,47,267,22
28060,"Kalispell, MT",2020-04-01,8,40,11,1,60,327,30
28060,"Kalispell, MT",2020-05-01,16,39,6,0,61,388,46
28060,"Kalispell, MT",2020-06-01,12,28,5,0,45,433,58
28060,"Kalispell, MT",2020-07-01,8,35,10,1,54,487,66
28060,"Kalispell, MT",2020-08-01,15,59,13,1,88,575,81
28060,"Kalispell, MT",2020-09-01,18,57,10,3,88,663,99
28060,"Kalispell, MT",2020-10-01,20,36,10,1,67,730,119
28060,"Kalispell, MT",2020-11-01,5,24,8,1,38,768,124
28060,"Kalispell, MT",2020-12-01,20,23,8,2,53,821,144
28060,"Kalispell, MT",2021-01-01,24,38,16,2,80,901,168
28060,"Kalispell, MT",2021-02-01,9,37,9,1,56,957,177
28060,"Kalispell, MT",2021-03-01,21,34,12,3,70,1027,198
28060,"Kalispell, MT",2021-04-01,19,38,12,0,69,1096,217
28060,"Kalispell, MT",2021-05-01,19,30,9,0,58,1154,236
28060,"Kalispell, MT",2021-06-01,14,49,8,1,72,1226,250
28060,"Kalispell, MT",2021-07-01,13,54,7,1,75,1301,263
28060,"Kalispell, MT",2021-08-01,12,35,15,3,65,1366,275
28060,"Kalispell, MT",2021-09-01,15,32,14,0,61,1427,290
28060,"Kalispell, MT",2021-10-01,9,30,8,1,48,1475,299
28060,"Kalispell, MT",2021-11-01,16,30,14,0,60,1535,315
28060,"Kalispell, MT",2021-12-01,16,58,7,1,82,1617,331
28060,"Kalispell, MT",2022-01-01,29,60,18,2,109,1726,360
28060,"Kalispell, MT",2022-02-01,16,26,3,1,46,1772,376
28060,"Kalispell, MT",2022-03-01,26,31,11,3,71,1843,402
28060,"Kalispell, MT",2022-04-01,15,53,14,0,82,1925,417
28060,"Kalispell, MT",2022-05-01,27,25,12,1,65,1990,444
28060,"Kalispell, MT",2022-06-01,17,30,7,0,54,2044,461
28060,"Kalispell, MT",2022-07-01,25,34,12,0,71,2115,486
28060,"Kalispell, MT",2022-08-01,27,55,14,3,99,2214,513
28060,"Kalispell, MT",2022-09-01,21,48,9,1,79,2293,534
28060,"Kalispell, MT",2022-10-01,13,34,16,1,64,2357,547
28060,"Kalispell, MT",2022-11-01,19,40,15,4,78,2435,566
28060,"Kalispell, MT",2022-12-01,20,43,17,0,80,2515,586
28060,"Kalispell, MT",2023-01-01,24,58,19,1,102,2617,610
28060,"Kalispell, MT",2023-02-01,18,48,12,2,80,2697,628
28060,"Kalispell, MT",2023-03-01,27,34,17,1,79,2776,655
28060,"Kalispell, MT",2023-04-01,19,33,7,2,61,2837,674
28060,"Kalispell, MT",2023-05-01,14,27,11,0,52,2889,688
28060,"Kalispell, MT",2023-06-01,28,25,6,1,60,2949,716
28060,"Kalispell, MT",2023-07-01,21,32,11,0,64,3013,737
28060,"Kalispell, MT",2023-08-01,29,29,5,0,63,3076,766
28060,"Kalispell, MT",2023-09-01,29,36,12,0,77,3153,795
28060,"Kalispell, MT",2023-10-01,15,38,6,1,60,3213,810
28060,"Kalispell, MT",2023-11-01,29,38,11,1,79,3292,839
28060,"Kalispell, MT",2023-12-01,29,44,11,1,85,3377,868
28060,"Kalispell, MT",2024-01-01,35,30,7,2,74,3451,903
28060,"Kalispell, MT",2024-02-01,24,38,11,3,76,3527,927
28060,"Kalispell, MT",2024-03-01,26,29,11,2,68,3595,953
28060,"Kalispell, MT",2024-04-01,15,29,10,2,56,3651,968
28060,"Kalispell, MT",2024-05-01,16,28,8,1,53,3704,984
28060,"Kalispell, MT",2024-06-01,23,26,9,0,58,3762,1007
28060,"Kalispell, MT",2024-07-01,26,45,14,0,85,3847,1033
28060,"Kalispell, MT",2024-08-01,27,30,19,2,78,3925,1060
28060,"Kalispell, MT",2024-09-01,25,44,16,2,87,4012,1085
28060,"Kalispell, MT",2024-10-01,21,45,18,4,88,4100,1106
28060,"Kalispell, MT",2024-11-01,25,47,14,0,86,4186,1131
28060,"Kalispell, MT",2024-12-01,36,51,13,1,101,4287,1167
28060,"Kalispell, MT",2025-01-01,36,54,21,1,112,4399,1203
28060,"Kalispell, MT",2025-02-01,38,41,9,4,92,4491,1241
28060,"Kalispell, MT",2025-03-01,22,31,15,2,70,4561,1263
28060,"Kalispell, MT",2025-04-01,17,41,9,0,67,4628,1280
28060,"Kalispell, MT",2025-05-01,27,35,11,1,74,4702,1307
28060,"Kalispell, MT",2025-06-01,24,41,13,0,78,4780,1331
28060,"Kalispell, MT",2025-07-01,19,24,10,0,53,4833,1350
28060,"Kalispell, MT",2025-08-01,22,30,6,0,58,4891,1372
28060,"Kalispell, MT",2025-09-01,0,1,0,0,1,4892,1372
45020,"Sweetwater, TX",2019-01-01,0,1,0,0,1,1,0
45020,"Sweetwater, TX",2019-03-01,0,0,1,0,1,2,0
45020,"Sweetwater, TX",2019-04-01,0,2,0,0,2,4,0
45020,"Sweetwater, TX",2019-05-01,0,1,0,0,1,5,0
45020,"Sweetwater, TX",2019-06-01,1,1,1,0,3,8,1
45020,"Sweetwater, TX",2019-07-01,0,1,0,0,1,9,1
45020,"Sweetwater, TX",2019-10-01,0,0,1,0,1,10,1
45020,"Sweetwater, TX",2019-11-01,0,0,2,0,2,12,1
45020,"Sweetwater, TX",2019-12-01,0,0,1,0,1,13,1
45020,"Sweetwater, TX",2020-01-01,0,1,0,0,1,14,1
45020,"Sweetwater, TX",2020-03-01,0,1,0,1,2,16,1
45020,"Sweetwater, TX",2020-04-01,0,0,0,1,1,17,1
45020,"Sweetwater, TX",2020-05-01,0,2,2,0,4,21,1
45020,"Sweetwater, TX",2020-06-01,0,3,1,0,4,25,1
45020,"Sweetwater, TX",2020-07-01,0,3,1,0,4,29,1
45020,"Sweetwater, TX",2020-08-01,0,2,2,0,4,33,1
45020,"Sweetwater, TX",2020-09-01,0,1,1,0,2,35,1
45020,"Sweetwater, TX",2020-10-01,0,3,1,0,4,39,1
45020,"Sweetwater, TX",2020-12-01,0,2,0,0,2,41,1
45020,"Sweetwater, TX",2021-01-01,0,3,0,0,3,44,1
45020,"Sweetwater, TX",2021-02-01,1,1,0,0,2,46,2
45020,"Sweetwater, TX",2021-03-01,2,2,1,0,5,51,4
45020,"Sweetwater, TX",2021-04-01,1,5,1,0,7,58,5
45020,"Sweetwater, TX",2021-05-01,0,1,1,0,2,60,5
45020,"Sweetwater, TX",2021-06-01,1,1,3,0,5,65,6
45020,"Sweetwater, TX",2021-07-01,0,5,1,0,6,71,6
45020,"Sweetwater, TX",2021-08-01,2,1,2,0,5,76,8
45020,"Sweetwater, TX",2021-09-01,1,5,4,0,10,86,9
45020,"Sweetwater, TX",2021-10-01,0,2,1,1,4,90,9
45020,"Sweetwater, TX",2021-11-01,3,8,0,0,11,101,12
45020,"Sweetwater, TX",2021-12-01,1,9,3,0,13,114,13
45020,"Sweetwater, TX",2022-01-01,4,8,4,1,17,131,17
45020,"Sweetwater, TX",2022-02-01,5,9,3,0,17,148,22
45020,"Sweetwater, TX",2022-03-01,3,13,2,0,18,166,25
45020,"Sweetwater, TX",2022-04-01,1,5,2,0,8,174,26
45020,"Sweetwater, TX",2022-05-01,1,10,5,0,16,190,27
45020,"Sweetwater, TX",2022-06-01,2,8,1,0,11,201,29
45020,"Sweetwater, TX",2022-07-01,6,9,3,0,18,219,35
45020,"Sweetwater, TX",2022-08-01,1,12,3,0,16,235,36
45020,"Sweetwater, TX",2022-09-01,3,13,1,0,17,252,39
45020,"Sweetwater, TX",2022-10-01,3,12,2,0,17,269,42
45020,"Sweetwater, TX",2022-11-01,8,8,4,1,21,290,50
45020,"Sweetwater, TX",2022-12-01,1,9,3,0,13,303,51
45020,"Sweetwater, TX",2023-01-01,4,12,2,1,19,322,55
45020,"Sweetwater, TX",2023-02-01,5,10,3,0,18,340,60
45020,"Sweetwater, TX",2023-03-01,8,9,2,0,19,359,68
45020,"Sweetwater, TX",2023-04-01,4,10,2,0,16,375,72
45020,"Sweetwater, TX",2023-05-01,4,7,2,0,13,388,76
45020,"Sweetwater, TX",2023-06-01,3,7,1,0,11,399,79
45020,"Sweetwater, TX",2023-07-01,3,7,4,0,14,413,82
45020,"Sweetwater, TX",2023-08-01,0,3,0,0,3,416,82
45020,"Sweetwater, TX",2023-09-01,1,4,1,0,6,422,83
45020,"Sweetwater, TX",2023-10-01,3,10,4,0,17,439,86
45020,"Sweetwater, TX",2023-11-01,3,11,1,1,16,455,89
45020,"Sweetwater, TX",2023-12-01,3,9,2,0,14,469,92
45020,"Sweetwater, TX",2024-01-01,6,8,6,0,20,489,98
45020,"Sweetwater, TX",2024-02-01,6,9,2,0,17,506,104
45020,"Sweetwater, TX",2024-03-01,6,15,4,0,25,531,110
45020,"Sweetwater, TX",2024-04-01,3,9,5,0,17,548,113
45020,"Sweetwater, TX",2024-05-01,2,5,3,1,11,559,115
45020,"Sweetwater, TX",2024-06-01,2,4,1,0,7,566,117
45020,"Sweetwater, TX",2024-07-01,2,6,1,0,9,575,119
45020,"Sweetwater, TX",2024-08-01,1,2,0,0,3,578,120
45020,"Sweetwater, TX",2024-09-01,2,9,0,2,13,591,122
45020,"Sweetwater, TX",2024-10-01,0,11,2,0,13,604,122
45020,"Sweetwater, TX",2024-11-01,4,3,1,1,9,613,126
45020,"Sweetwater, TX",2024-12-01,3,3,1,0,7,620,129
45020,"Sweetwater, TX",2025-01-01,7,7,0,0,14,634,136
45020,"Sweetwater, TX",2025-02-01,13,10,2,0,25,659,149
45020,"Sweetwater, TX",2025-03-01,8,14,4,0,26,685,157
45020,"Sweetwater, TX",2025-04-01,10,13,1,1,25,710,167
45020,"Sweetwater, TX",2025-05-01,6,12,2,0,20,730,173
45020,"Sweetwater, TX",2025-06-01,6,8,7,0,21,751,179
45020,"Sweetwater, TX",2025-07-01,8,6,3,0,17,768,187
45020,"Sweetwater, TX",2025-08-01,1,6,0,0,7,775,188
48820,"Willmar, MN",2019-01-01,0,0,1,0,1,1,0
48820,"Willmar, MN",2019-02-01,0,1,0,0,1,2,0
48820,"Willmar, MN",2019-03-01,0,0,1,0,1,3,0
48820,"Willmar, MN",2019-04-01,0,1,1,0,2,5,0
48820,"Willmar, MN",2019-05-01,0,0,1,0,1,6,0
48820,"Willmar, MN",2019-06-01,0,1,0,1,2,8,0
48820,"Willmar, MN",2019-07-01,0,1,1,0,2,10,0
48820,"Willmar, MN",2019-08-01,0,3,0,0,3,13,0
48820,"Willmar, MN",2019-09-01,0,1,0,0,1,14,0
48820,"Willmar, MN",2019-10-01,0,2,0,0,2,16,0
48820,"Willmar, MN",2019-11-01,0,1,0,0,1,17,0
48820,"Willmar, MN",2019-12-01,0,0,2,0,2,19,0
48820,"Willmar, MN",2020-01-01,1,3,0,0,4,23,1
48820,"Willmar, MN",2020-02-01,0,6,2,0,8,31,1
48820,"Willmar, MN",2020-03-01,0,13,3,0,16,47,1
48820,"Willmar, MN",2020-04-01,6,6,2,0,14,61,7
48820,"Willmar, MN",2020-05-01,2,12,5,1,20,81,9
48820,"Willmar, MN",2020-06-01,4,10,3,0,17,98,13
48820,"Willmar, MN",2020-07-01,3,12,1,0,16,114,16
48820,"Willmar, MN",2020-08-01,5,13,2,1,21,135,21
48820,"Willmar, MN",2020-09-01,3,10,2,0,15,150,24
48820,"Willmar, MN",2020-10-01,4,6,0,0,10,160,28
48820,"Willmar, MN",2020-11-01,5,13,5,1,24,184,33
48820,"Willmar, MN",2020-12-01,4,5,3,0,12,196,37
48820,"Willmar, MN",2021-01-01,3,12,1,0,16,212,40
48820,"Willmar, MN",2021-02-01,4,7,2,0,13,225,44
48820,"Willmar, MN",2021-03-01,10,14,0,0,24,249,54
48820,"Willmar, MN",2021-04-01,3,9,1,1,14,263,57
48820,"Willmar, MN",2021-05-01,10,10,2,1,23,286,67
48820,"Willmar, MN",2021-06-01,4,8,3,0,15,301,71
48820,"Willmar, MN",2021-07-01,2,13,1,0,16,317,73
48820,"Willmar, MN",2021-08-01,8,10,4,0,22,339,81
48820,"Willmar, MN",2021-09-01,5,16,2,1,24,363,86
48820,"Willmar, MN",2021-10-01,9,11,2,0,22,385,95
48820,"Willmar, MN",2021-11-01,8,15,1,0,24,409,103
48820,"Willmar, MN",2021-12-01,6,12,4,0,22,431,109
48820,"Willmar, MN",2022-01-01,11,10,4,0,25,456,120
48820,"Willmar, MN",2022-02-01,8,12,5,0,25,481,128
48820,"Willmar, MN",2022-03-01,10,12,5,1,28,509,138
48820,"Willmar, MN",2022-04-01,7,15,6,0,28,537,145
48820,"Willmar, MN",2022-05-01,6,15,3,0,24,561,151
48820,"Willmar, MN",2022-06-01,12,19,1,0,32,593,163
48820,"Willmar, MN",2022-07-01,4,9,3,0,16,609,167
48820,"Willmar, MN",2022-08-01,8,10,4,0,22,631,175
48820,"Willmar, MN",2022-09-01,4,8,1,0,13,644,179
48820,"Willmar, MN",2022-10-01,10,13,3,0,26,670,189
48820,"Willmar, MN",2022-11-01,7,12,1,0,20,690,196
48820,"Willmar, MN",2022-12-01,15,15,0,0,30,720,211
48820,"Willmar, MN",2023-01-01,8,19,3,0,30,750,219
48820,"Willmar, MN",2023-02-01,9,7,7,0,23,773,228
48820,"Willmar, MN",2023-03-01,12,11,5,1,29,802,240
48820,"Willmar, MN",2023-04-01,8,9,0,0,17,819,248
48820,"Willmar, MN",2023-05-01,3,16,2,0,21,840,251
48820,"Willmar, MN",2023-06-01,6,10,4,0,20,860,257
48820,"Willmar, MN",2023-07-01,10,8,3,0,21,881,267
48820,"Willmar, MN",2023-08-01,6,9,1,0,16,897,273
48820,"Willmar, MN",2023-09-01,5,6,2,0,13,910,278
48820,"Willmar, MN",2023-10-01,13,12,3,0,28,938,291
48820,"Willmar, MN",2023-11-01,11,5,0,1,17,955,302
48820,"Willmar, MN",2023-12-01,10,15,1,0,26,981,312
48820,"Willmar, MN",2024-01-01,12,18,4,0,34,1015,324
48820,"Willmar, MN",2024-02-01,9,7,2,1,19,1034,333
48820,"Willmar, MN",2024-03-01,11,11,4,1,27,1061,344
48820,"Willmar, MN",2024-04-01,10,8,2,0,20,1081,354
48820,"Willmar, MN",2024-05-01,2,6,1,0,9,1090,356
48820,"Willmar, MN",2024-06-01,5,5,0,1,11,1101,361
48820,"Willmar, MN",2024-07-01,0,4,1,0,5,1106,361
48820,"Willmar, MN",2024-08-01,2,3,2,0,7,1113,363
48820,"Willmar, MN",2024-09-01,8,8,1,0,17,1130,371
48820,"Willmar, MN",2024-10-01,5,13,3,0,21,1151,376
48820,"Willmar, MN",2024-11-01,14,10,4,0,28,1179,390
48820,"Willmar, MN",2024-12-01,13,17,1,0,31,1210,403
48820,"Willmar, MN",2025-01-01,10,10,4,1,25,1235,413
48820,"Willmar, MN",2025-02-01,18,14,2,0,34,1269,431
48820,"Willmar, MN",2025-03-01,13,16,1,0,30,1299,444
48820,"Willmar, MN",2025-04-01,12,11,2,0,25,1324,456
48820,"Willmar, MN",2025-05-01,11,10,1,0,22,1346,467
48820,"Willmar, MN",2025-06-01,7,8,2,0,17,1363,474
48820,"Willmar, MN",2025-07-01,4,8,1,1,14,1377,478
48820,"Willmar, MN",2025-08-01,2,4,2,0,8,1385,480
38420,"Platteville, WI",2019-02-01,0,1,0,0,1,1,0
38420,"Platteville, WI",2019-03-01,1,1,0,0,2,3,1
38420,"Platteville, WI",2019-04-01,0,1,0,0,1,4,1
38420,"Platteville, WI",2019-06-01,1,0,0,0,1,5,2
38420,"Platteville, WI",2019-09-01,0,0,1,0,1,6,2
38420,"Platteville, WI",2019-10-01,0,1,0,0,1,7,2
38420,"Platteville, WI",2019-12-01,1,0,0,0,1,8,3
38420,"Platteville, WI",2020-01-01,0,1,0,0,1,9,3
38420,"Platteville, WI",2020-02-01,0,1,0,0,1,10,3
38420,"Platteville, WI",2020-03-01,1,3,0,0,4,14,4
38420,"Platteville, WI",2020-04-01,1,5,0,0,6,20,5
38420,"Platteville, WI",2020-05-01,1,1,0,0,2,22,6
38420,"Platteville, WI",2020-06-01,4,4,1,0,9,31,10
38420,"Platteville, WI",2020-07-01,3,5,0,0,8,39,13
38420,"Platteville, WI",2020-08-01,1,1,1,0,3,42,14
38420,"Platteville, WI",2020-09-01,3,1,0,0,4,46,17
38420,"Platteville, WI",2020-10-01,0,1,0,0,1,47,17
38420,"Platteville, WI",2020-11-01,3,1,0,0,4,51,20
38420,"Platteville, WI",2020-12-01,5,1,1,0,7,58,25
38420,"Platteville, WI",2021-01-01,7,1,1,0,9,67,32
38420,"Platteville, WI",2021-02-01,4,3,2,0,9,76,36
38420,"Platteville, WI",2021-03-01,3,4,1,0,8,84,39
38420,"Platteville, WI",2021-04-01,3,5,1,0,9,93,42
38420,"Platteville, WI",2021-05-01,8,5,0,0,13,106,50
38420,"Platteville, WI",2021-06-01,8,4,4,0,16,122,58
38420,"Platteville, WI",2021-07-01,2,10,1,2,15,137,60
38420,"Platteville, WI",2021-08-01,4,5,0,0,9,146,64
38420,"Platteville, WI",2021-09-01,14,12,1,0,27,173,78
38420,"Platteville, WI",2021-10-01,11,9,2,0,22,195,89
38420,"Platteville, WI",2021-11-01,9,7,2,0,18,213,98
38420,"Platteville, WI",2021-12-01,15,9,1,0,25,238,113
38420,"Platteville, WI",2022-01-01,11,11,2,1,25,263,124
38420,"Platteville, WI",2022-02-01,12,12,2,0,26,289,136
38420,"Platteville, WI",2022-03-01,9,14,3,0,26,315,145
38420,"Platteville, WI",2022-04-01,12,10,2,1,25,340,157
38420,"Platteville, WI",2022-05-01,15,6,2,0,23,363,172
38420,"Platteville, WI",2022-06-01,8,8,1,0,17,380,180
38420,"Platteville, WI",2022-07-01,11,4,2,0,17,397,191
38420,"Platteville, WI",2022-08-01,11,7,4,0,22,419,202
38420,"Platteville, WI",2022-09-01,13,12,2,1,28,447,215
38420,"Platteville, WI",2022-10-01,11,6,2,0,19,466,226
38420,"Platteville, WI",2022-11-01,12,2,2,0,16,482,238
38420,"Platteville, WI",2022-12-01,20,9,2,0,31,513,258
38420,"Platteville, WI",2023-01-01,21,7,3,0,31,544,279
38420,"Platteville, WI",2023-02-01,18,5,2,0,25,569,297
38420,"Platteville, WI",2023-03-01,14,11,2,0,27,596,311
38420,"Platteville, WI",2023-04-01,10,9,1,0,20,616,321
38420,"Platteville, WI",2023-05-01,12,8,1,0,21,637,333
38420,"Platteville, WI",2023-06-01,9,6,1,0,16,653,342
38420,"Platteville, WI",2023-07-01,16,7,1,0,24,677,358
38420,"Platteville, WI",2023-08-01,8,10,1,0,19,696,366
38420,"Platteville, WI",2023-09-01,13,9,0,0,22,718,379
38420,"Platteville, WI",2023-10-01,13,9,1,1,24,742,392
38420,"Platteville, WI",2023-11-01,16,5,2,0,23,765,408
38420,"Platteville, WI",2023-12-01,15,11,2,0,28,793,423
38420,"Platteville, WI",2024-01-01,21,9,3,0,33,826,444
38420,"Platteville, WI",2024-02-01,15,6,1,0,22,848,459
38420,"Platteville, WI",2024-03-01,10,6,0,0,16,864,469
38420,"Platteville, WI",2024-04-01,11,3,2,1,17,881,480
38420,"Platteville, WI",2024-05-01,13,5,1,0,19,900,493
38420,"Platteville, WI",2024-06-01,3,2,0,0,5,905,496
38420,"Platteville, WI",2024-07-01,2,7,0,0,9,914,498
38420,"Platteville, WI",2024-08-01,4,6,1,0,11,925,502
38420,"Platteville, WI",2024-09-01,9,5,2,0,16,941,511
38420,"Platteville, WI",2024-10-01,13,10,1,0,24,965,524
38420,"Platteville, WI",2024-11-01,11,7,1,0,19,984,535
38420,"Platteville, WI",2024-12-01,12,6,1,0,19,1003,547
38420,"Platteville, WI",2025-01-01,11,7,2,0,20,1023,558
38420,"Platteville, WI",2025-02-01,28,7,2,0,37,1060,586
38420,"Platteville, WI",2025-03-01,19,4,1,0,24,1084,605
38420,"Platteville, WI",2025-04-01,23,4,1,0,28,1112,628
38420,"Platteville, WI",2025-05-01,10,6,0,0,16,1128,638
38420,"Platteville, WI",2025-06-01,9,5,0,0,14,1142,647
38420,"Platteville, WI",2025-07-01,14,10,0,0,24,1166,661
38420,"Platteville, WI",2025-08-01,5,3,2,0,10,1176,666
38420,"Platteville, WI",2025-09-01,1,1,0,0,2,1178,667
17740,"Coldwater, MI",2019-02-01,0,1,0,0,1,1,0
17740,"Coldwater, MI",2019-03-01,1,0,0,0,1,2,1
17740,"Coldwater, MI",2019-04-01,0,2,1,0,3,5,1
17740,"Coldwater, MI",2019-05-01,0,1,2,0,3,8,1
17740,"Coldwater, MI",2019-06-01,0,3,1,0,4,12,1
17740,"Coldwater, MI",2019-07-01,0,1,0,0,1,13,1
17740,"Coldwater, MI",2019-08-01,0,1,0,0,1,14,1
17740,"Coldwater, MI",2019-09-01,0,0,1,0,1,15,1
17740,"Coldwater, MI",2019-10-01,0,4,0,0,4,19,1
17740,"Coldwater, MI",2019-11-01,1,2,0,0,3,22,2
17740,"Coldwater, MI",2019-12-01,1,3,2,0,6,28,3
17740,"Coldwater, MI",2020-01-01,0,4,3,0,7,35,3
17740,"Coldwater, MI",2020-03-01,0,2,1,0,3,38,3
17740,"Coldwater, MI",2020-04-01,4,3,2,1,10,48,7
17740,"Coldwater, MI",2020-05-01,1,4,1,1,7,55,8
17740,"Coldwater, MI",2020-06-01,2,8,3,0,13,68,10
17740,"Coldwater, MI",2020-07-01,1,8,2,0,11,79,11
17740,"Coldwater, MI",2020-08-01,2,4,2,1,9,88,13
17740,"Coldwater, MI",2020-09-01,4,11,1,0,16,104,17
17740,"Coldwater, MI",2020-10-01,6,11,6,1,24,128,23
17740,"Coldwater, MI",2020-11-01,5,22,6,0,33,161,28
17740,"Coldwater, MI",2020-12-01,6,26,5,1,38,199,34
17740,"Coldwater, MI",2021-01-01,10,30,3,2,45,244,44
17740,"Coldwater, MI",2021-02-01,3,30,9,1,43,287,47
17740,"Coldwater, MI",2021-03-01,7,23,2,1,33,320,54
17740,"Coldwater, MI",2021-04-01,9,41,9,1,60,380,63
17740,"Coldwater, MI",2021-05-01,8,36,13,1,58,438,71
17740,"Coldwater, MI",2021-06-01,14,28,7,0,49,487,85
17740,"Coldwater, MI",2021-07-01,8,36,16,1,61,548,93
17740,"Coldwater, MI",2021-08-01,12,37,14,2,65,613,105
17740,"Coldwater, MI",2021-09-01,9,32,12,1,54,667,114
17740,"Coldwater, MI",2021-10-01,6,39,8,1,54,721,120
17740,"Coldwater, MI",2021-11-01,11,33,4,0,48,769,131
17740,"Coldwater, MI",2021-12-01,12,33,13,1,59,828,143
17740,"Coldwater, MI",2022-01-01,13,28,8,0,49,877,156
17740,"Coldwater, MI",2022-02-01,10,29,9,1,49,926,166
17740,"Coldwater, MI",2022-03-01,8,33,5,0,46,972,174
17740,"Coldwater, MI",2022-04-01,5,22,6,1,34,1006,179
17740,"Coldwater, MI",2022-05-01,6,31,5,1,43,1049,185
17740,"Coldwater, MI",2022-06-01,5,9,3,0,17,1066,190
17740,"Coldwater, MI",2022-07-01,5,16,11,0,32,1098,195
17740,"Coldwater, MI",2022-08-01,0,13,1,0,14,1112,195
17740,"Coldwater, MI",2022-09-01,8,19,8,1,36,1148,203
17740,"Coldwater, MI",2022-10-01,5,18,9,2,34,1182,208
17740,"Coldwater, MI",2022-11-01,2,19,7,2,30,1212,210
17740,"Coldwater, MI",2022-12-01,9,25,7,0,41,1253,219
17740,"Coldwater, MI",2023-01-01,9,21,9,0,39,1292,228
17740,"Coldwater, MI",2023-02-01,10,26,9,1,46,1338,238
17740,"Coldwater, MI",2023-03-01,23,29,11,0,63,1401,261
17740,"Coldwater, MI",2023-04-01,14,30,10,1,55,1456,275
17740,"Coldwater, MI",2023-05-01,10,14,7,0,31,1487,285
17740,"Coldwater, MI",2023-06-01,14,20,4,0,38,1525,299
17740,"Coldwater, MI",2023-07-01,8,24,7,1,40,1565,307
17740,"Coldwater, MI",2023-08-01,7,17,4,0,28,1593,314
17740,"Coldwater, MI",2023-09-01,6,22,5,0,33,1626,320
17740,"Coldwater, MI",2023-10-01,11,16,10,1,38,1664,331
17740,"Coldwater, MI",2023-11-01,12,23,9,3,47,1711,343
17740,"Coldwater, MI",2023-12-01,8,34,11,0,53,1764,351
17740,"Coldwater, MI",2024-01-01,16,29,7,0,52,1816,367
17740,"Coldwater, MI",2024-02-01,17,20,11,0,48,1864,384
17740,"Coldwater, MI",2024-03-01,11,33,9,1,54,1918,395
17740,"Coldwater, MI",2024-04-01,9,23,8,0,40,1958,404
17740,"Coldwater, MI",2024-05-01,10,14,3,1,28,1986,414
17740,"Coldwater, MI",2024-06-01,9,21,9,1,40,2026,423
17740,"Coldwater, MI",2024-07-01,8,14,2,0,24,2050,431
17740,"Coldwater, MI",2024-08-01,9,4,2,0,15,2065,440
17740,"Coldwater, MI",2024-09-01,8,10,5,0,23,2088,448
17740,"Coldwater, MI",2024-10-01,14,23,9,3,49,2137,462
17740,"Coldwater, MI",2024-11-01,4,26,11,1,42,2179,466
17740,"Coldwater, MI",2024-12-01,9,31,8,0,48,2227,475
17740,"Coldwater, MI",2025-01-01,21,27,9,0,57,2284,496
17740,"Coldwater, MI",2025-02-01,13,17,12,0,42,2326,509
17740,"Coldwater, MI",2025-03-01,9,17,8,1,35,2361,518
17740,"Coldwater, MI",2025-04-01,15,28,3,1,47,2408,533
17740,"Coldwater, MI",2025-05-01,14,21,11,0,46,2454,547
17740,"Coldwater, MI",2025-06-01,3,16,3,0,22,2476,550
17740,"Coldwater, MI",2025-07-01,9,9,4,0,22,2498,559
17740,"Coldwater, MI",2025-08-01,8,7,4,0,19,2517,567
17740,"Coldwater, MI",2025-09-01,0,0,1,0,1,2518,567
14720,"Breckenridge, CO",2019-01-01,0,1,1,0,2,2,0
14720,"Breckenridge, CO",2019-02-01,0,3,1,0,4,6,0
14720,"Breckenridge, CO",2019-03-01,0,4,2,0,6,12,0
14720,"Breckenridge, CO",2019-04-01,0,4,0,0,4,16,0
14720,"Breckenridge, CO",2019-05-01,0,5,2,0,7,23,0
14720,"Breckenridge, CO",2019-06-01,0,4,0,0,4,27,0
14720,"Breckenridge, CO",2019-07-01,1,4,0,0,5,32,1
14720,"Breckenridge, CO",2019-08-01,2,7,3,0,12,44,3
14720,"Breckenridge, CO",2019-09-01,5,8,2,0,15,59,8
14720,"Breckenridge, CO",2019-10-01,1,18,3,0,22,81,9
14720,"Breckenridge, CO",2019-11-01,1,9,1,0,11,92,10
14720,"Breckenridge, CO",2019-12-01,4,7,1,0,12,104,14
14720,"Breckenridge, CO",2020-01-01,0,8,3,0,11,115,14
14720,"Breckenridge, CO",2020-02-01,1,11,2,0,14,129,15
14720,"Breckenridge, CO",2020-03-01,5,16,4,1,26,155,20
14720,"Breckenridge, CO",2020-04-01,5,17,5,1,28,183,25
14720,"Breckenridge, CO",2020-05-01,11,24,2,0,37,220,36
14720,"Breckenridge, CO",2020-06-01,10,17,2,0,29,249,46
14720,"Breckenridge, CO",2020-07-01,1,29,7,0,37,286,47
14720,"Breckenridge, CO",2020-08-01,5,21,7,0,33,319,52
14720,"Breckenridge, CO",2020-09-01,6,19,3,1,29,348,58
14720,"Breckenridge, CO",2020-10-01,7,31,2,1,41,389,65
14720,"Breckenridge, CO",2020-11-01,4,19,3,1,27,416,69
14720,"Breckenridge, CO",2020-12-01,9,17,5,0,31,447,78
14720,"Breckenridge, CO",2021-01-01,6,26,10,2,44,491,84
14720,"Breckenridge, CO",2021-02-01,2,17,7,1,27,518,86
14720,"Breckenridge, CO",2021-03-01,10,23,4,0,37,555,96
14720,"Breckenridge, CO",2021-04-01,9,27,1,1,38,593,105
14720,"Breckenridge, CO",2021-05-01,8,10,3,0,21,614,113
14720,"Breckenridge, CO",2021-06-01,6,22,4,1,33,647,119
14720,"Breckenridge, CO",2021-07-01,4,20,2,0,26,673,123
14720,"Breckenridge, CO",2021-08-01,5,20,4,2,31,704,128
14720,"Breckenridge, CO",2021-09-01,5,12,4,0,21,725,133
14720,"Breckenridge, CO",2021-10-01,1,9,0,0,10,735,134
14720,"Breckenridge, CO",2021-11-01,9,11,1,0,21,756,143
14720,"Breckenridge, CO",2021-12-01,3,20,4,0,27,783,146
14720,"Breckenridge, CO",2022-01-01,7,27,1,3,38,821,153
14720,"Breckenridge, CO",2022-02-01,6,18,2,0,26,847,159
14720,"Breckenridge, CO",2022-03-01,4,20,5,0,29,876,163
14720,"Breckenridge, CO",2022-04-01,3,7,4,0,14,890,166
14720,"Breckenridge, CO",2022-05-01,6,19,4,0,29,919,172
14720,"Breckenridge, CO",2022-06-01,3,17,0,1,21,940,175
14720,"Breckenridge, CO",2022-07-01,5,7,2,0,14,954,180
14720,"Breckenridge, CO",2022-08-01,3,15,1,1,20,974,183
14720,"Breckenridge, CO",2022-09-01,3,9,1,2,15,989,186
14720,"Breckenridge, CO",2022-10-01,5,20,4,1,30,1019,191
14720,"Breckenridge, CO",2022-11-01,1,19,1,1,22,1041,192
14720,"Breckenridge, CO",2022-12-01,5,10,0,0,15,1056,197
14720,"Breckenridge, CO",2023-01-01,6,21,2,0,29,1085,203
14720,"Breckenridge, CO",2023-02-01,7,18,8,1,34,1119,210
14720,"Breckenridge, CO",2023-03-01,5,16,2,1,24,1143,215
14720,"Breckenridge, CO",2023-04-01,10,11,1,0,22,1165,225
14720,"Breckenridge, CO",2023-05-01,7,6,3,0,16,1181,232
14720,"Breckenridge, CO",2023-06-01,2,5,0,0,7,1188,234
14720,"Breckenridge, CO",2023-07-01,4,8,0,1,13,1201,238
14720,"Breckenridge, CO",2023-08-01,1,4,3,0,8,1209,239
14720,"Breckenridge, CO",2023-09-01,7,13,1,0,21,1230,246
14720,"Breckenridge, CO",2023-10-01,12,24,2,0,38,1268,258
14720,"Breckenridge, CO",2023-11-01,8,13,6,0,27,1295,266
14720,"Breckenridge, CO",2023-12-01,10,18,7,1,36,1331,276
14720,"Breckenridge, CO",2024-01-01,7,25,5,3,40,1371,283
14720,"Breckenridge, CO",2024-02-01,6,17,8,0,31,1402,289
14720,"Breckenridge, CO",2024-03-01,4,15,4,0,23,1425,293
14720,"Breckenridge, CO",2024-04-01,2,11,3,0,16,1441,295
14720,"Breckenridge, CO",2024-05-01,4,22,3,0,29,1470,299
14720,"Breckenridge, CO",2024-06-01,2,24,5,0,31,1501,301
14720,"Breckenridge, CO",2024-07-01,5,17,3,1,26,1527,306
14720,"Breckenridge, CO",2024-08-01,5,17,4,0,26,1553,311
14720,"Breckenridge, CO",2024-09-01,3,12,5,0,20,1573,314
14720,"Breckenridge, CO",2024-10-01,7,27,2,0,36,1609,321
14720,"Breckenridge, CO",2024-11-01,7,25,4,0,36,1645,328
14720,"Breckenridge, CO",2024-12-01,4,32,3,0,39,1684,332
14720,"Breckenridge, CO",2025-01-01,20,34,6,2,62,1746,352
14720,"Breckenridge, CO",2025-02-01,6,24,4,1,35,1781,358
14720,"Breckenridge, CO",2025-03-01,5,26,3,0,34,1815,363
14720,"Breckenridge, CO",2025-04-01,4,10,0,0,14,1829,367
14720,"Breckenridge, CO",2025-05-01,8,14,2,0,24,1853,375
14720,"Breckenridge, CO",2025-06-01,1,6,2,0,9,1862,376
14720,"Breckenridge, CO",2025-07-01,4,10,2,0,16,1878,380
14720,"Breckenridge, CO",2025-08-01,6,6,1,0,13,1891,386
14720,"Breckenridge, CO",2025-09-01,0,1,0,0,1,1892,386
41820,"Sanford, NC",2019-01-01,0,8,3,0,11,11,0
41820,"Sanford, NC",2019-02-01,0,12,1,0,13,24,0
41820,"Sanford, NC",2019-03-01,0,12,6,0,18,42,0
41820,"Sanford, NC",2019-04-01,0,15,2,0,17,59,0
41820,"Sanford, NC",2019-05-01,0,15,9,1,25,84,0
41820,"Sanford, NC",2019-06-01,0,29,1,0,30,114,0
41820,"Sanford, NC",2019-07-01,1,31,9,3,44,158,1
41820,"Sanford, NC",2019-08-01,1,33,7,0,41,199,2
41820,"Sanford, NC",2019-09-01,1,31,7,0,39,238,3
41820,"Sanford, NC",2019-10-01,4,19,8,0,31,269,7
41820,"Sanford, NC",2019-11-01,3,32,4,0,39,308,10
41820,"Sanford, NC",2019-12-01,0,22,6,0,28,336,10
41820,"Sanford, NC",2020-01-01,2,36,6,0,44,380,12
41820,"Sanford, NC",2020-02-01,5,32,8,3,48,428,17
41820,"Sanford, NC",2020-03-01,2,45,11,0,58,486,19
41820,"Sanford, NC",2020-04-01,7,61,12,2,82,568,26
41820,"Sanford, NC",2020-05-01,25,92,12,5,134,702,51
41820,"Sanford, NC",2020-06-01,17,76,11,0,104,806,68
41820,"Sanford, NC",2020-07-01,10,83,23,1,117,923,78
41820,"Sanford, NC",2020-08-01,23,130,19,3,175,1098,101
41820,"Sanford, NC",2020-09-01,24,104,21,2,151,1249,125
41820,"Sanford, NC",2020-10-01,18,73,10,1,102,1351,143
41820,"Sanford, NC",2020-11-01,16,62,11,0,89,1440,159
41820,"Sanford, NC",2020-12-01,16,44,14,0,74,1514,175
41820,"Sanford, NC",2021-01-01,27,84,20,2,133,1647,202
41820,"Sanford, NC",2021-02-01,23,68,28,2,121,1768,225
41820,"Sanford, NC",2021-03-01,27,96,22,2,147,1915,252
41820,"Sanford, NC",2021-04-01,30,105,34,2,171,2086,282
41820,"Sanford, NC",2021-05-01,29,102,16,1,148,2234,311
41820,"Sanford, NC",2021-06-01,24,76,24,4,128,2362,335
41820,"Sanford, NC",2021-07-01,28,106,26,1,161,2523,363
41820,"Sanford, NC",2021-08-01,33,103,22,2,160,2683,396
41820,"Sanford, NC",2021-09-01,17,98,23,4,142,2825,413
41820,"Sanford, NC",2021-10-01,21,54,14,1,90,2915,434
41820,"Sanford, NC",2021-11-01,27,61,17,4,109,3024,461
41820,"Sanford, NC",2021-12-01,32,79,20,1,132,3156,493
41820,"Sanford, NC",2022-01-01,41,122,24,2,189,3345,534
41820,"Sanford, NC",2022-02-01,38,89,21,2,150,3495,572
41820,"Sanford, NC",2022-03-01,42,75,28,3,148,3643,614
41820,"Sanford, NC",2022-04-01,30,84,35,3,152,3795,644
41820,"Sanford, NC",2022-05-01,34,85,12,0,131,3926,678
41820,"Sanford, NC",2022-06-01,26,70,19,1,116,4042,704
41820,"Sanford, NC",2022-07-01,33,70,21,2,126,4168,737
41820,"Sanford, NC",2022-08-01,35,77,19,2,133,4301,772
41820,"Sanford, NC",2022-09-01,36,76,26,2,140,4441,808
41820,"Sanford, NC",2022-10-01,25,79,25,3,132,4573,833
41820,"Sanford, NC",2022-11-01,38,69,28,2,137,4710,871
41820,"Sanford, NC",2022-12-01,41,64,26,1,132,4842,912
41820,"Sanford, NC",2023-01-01,35,67,18,1,121,4963,947
41820,"Sanford, NC",2023-02-01,25,52,21,1,99,5062,972
41820,"Sanford, NC",2023-03-01,41,81,33,3,158,5220,1013
41820,"Sanford, NC",2023-04-01,31,55,24,0,110,5330,1044
41820,"Sanford, NC",2023-05-01,28,52,20,0,100,5430,1072
41820,"Sanford, NC",2023-06-01,31,48,15,2,96,5526,1103
41820,"Sanford, NC",2023-07-01,16,35,10,1,62,5588,1119
41820,"Sanford, NC",2023-08-01,29,47,23,1,100,5688,1148
41820,"Sanford, NC",2023-09-01,33,58,30,3,124,5812,1181
41820,"Sanford, NC",2023-10-01,40,56,18,2,116,5928,1221
41820,"Sanford, NC",2023-11-01,44,84,29,0,157,6085,1265
41820,"Sanford, NC",2023-12-01,56,72,20,3,151,6236,1321
41820,"Sanford, NC",2024-01-01,45,85,29,3,162,6398,1366
41820,"Sanford, NC",2024-02-01,40,74,21,3,138,6536,1406
41820,"Sanford, NC",2024-03-01,36,81,23,2,142,6678,1442
41820,"Sanford, NC",2024-04-01,49,68,26,1,144,6822,1491
41820,"Sanford, NC",2024-05-01,53,75,22,1,151,6973,1544
41820,"Sanford, NC",2024-06-01,48,64,21,2,135,7108,1592
41820,"Sanford, NC",2024-07-01,56,64,17,2,139,7247,1648
41820,"Sanford, NC",2024-08-01,39,81,26,2,148,7395,1687
41820,"Sanford, NC",2024-09-01,32,85,28,3,148,7543,1719
41820,"Sanford, NC",2024-10-01,51,76,21,4,152,7695,1770
41820,"Sanford, NC",2024-11-01,57,87,24,6,174,7869,1827
41820,"Sanford, NC",2024-12-01,56,90,24,2,172,8041,1883
41820,"Sanford, NC",2025-01-01,54,76,28,6,164,8205,1937
41820,"Sanford, NC",2025-02-01,45,48,22,3,118,8323,1982
41820,"Sanford, NC",2025-03-01,44,56,26,4,130,8453,2026
41820,"Sanford, NC",2025-04-01,49,69,23,0,141,8594,2075
41820,"Sanford, NC",2025-05-01,65,65,30,4,164,8758,2140
41820,"Sanford, NC",2025-06-01,53,72,29,3,157,8915,2193
41820,"Sanford, NC",2025-07-01,45,75,20,4,144,9059,2238
41820,"Sanford, NC",2025-08-01,40,46,20,2,108,9167,2278
41820,"Sanford, NC",2025-09-01,0,1,1,0,2,9169,2278
28500,"Kerrville, TX",2019-01-01,0,3,0,0,3,3,0
28500,"Kerrville, TX",2019-02-01,0,2,0,0,2,5,0
28500,"Kerrville, TX",2019-03-01,0,2,1,0,3,8,0
28500,"Kerrville, TX",2019-04-01,1,3,3,0,7,15,1
28500,"Kerrville, TX",2019-05-01,0,8,3,0,11,26,1
28500,"Kerrville, TX",2019-06-01,0,12,2,1,15,41,1
28500,"Kerrville, TX",2019-07-01,1,9,6,1,17,58,2
28500,"Kerrville, TX",2019-08-01,0,9,11,1,21,79,2
28500,"Kerrville, TX",2019-09-01,1,9,4,1,15,94,3
28500,"Kerrville, TX",2019-10-01,2,9,5,0,16,110,5
28500,"Kerrville, TX",2019-11-01,1,13,2,1,17,127,6
28500,"Kerrville, TX",2019-12-01,1,8,0,0,9,136,7
28500,"Kerrville, TX",2020-01-01,2,3,3,0,8,144,9
28500,"Kerrville, TX",2020-02-01,1,12,1,1,15,159,10
28500,"Kerrville, TX",2020-03-01,2,15,6,1,24,183,12
28500,"Kerrville, TX",2020-04-01,3,21,12,3,39,222,15
28500,"Kerrville, TX",2020-05-01,10,28,4,0,42,264,25
28500,"Kerrville, TX",2020-06-01,6,29,4,0,39,303,31
28500,"Kerrville, TX",2020-07-01,6,26,5,4,41,344,37
28500,"Kerrville, TX",2020-08-01,4,18,10,0,32,376,41
28500,"Kerrville, TX",2020-09-01,6,22,4,0,32,408,47
28500,"Kerrville, TX",2020-10-01,3,18,11,0,32,440,50
28500,"Kerrville, TX",2020-11-01,4,15,1,0,20,460,54
28500,"Kerrville, TX",2020-12-01,6,14,9,0,29,489,60
28500,"Kerrville, TX",2021-01-01,4,25,9,2,40,529,64
28500,"Kerrville, TX",2021-02-01,5,10,4,1,20,549,69
28500,"Kerrville, TX",2021-03-01,12,16,6,0,34,583,81
28500,"Kerrville, TX",2021-04-01,5,7,7,0,19,602,86
28500,"Kerrville, TX",2021-05-01,13,31,11,3,58,660,99
28500,"Kerrville, TX",2021-06-01,8,15,3,0,26,686,107
28500,"Kerrville, TX",2021-07-01,10,26,8,2,46,732,117
28500,"Kerrville, TX",2021-08-01,3,30,14,1,48,780,120
28500,"Kerrville, TX",2021-09-01,11,33,14,1,59,839,131
28500,"Kerrville, TX",2021-10-01,6,19,10,1,36,875,137
28500,"Kerrville, TX",2021-11-01,10,21,7,0,38,913,147
28500,"Kerrville, TX",2021-12-01,12,25,13,1,51,964,159
28500,"Kerrville, TX",2022-01-01,14,40,9,0,63,1027,173
28500,"Kerrville, TX",2022-02-01,9,21,10,0,40,1067,182
28500,"Kerrville, TX",2022-03-01,12,24,3,0,39,1106,194
28500,"Kerrville, TX",2022-04-01,10,38,7,2,57,1163,204
28500,"Kerrville, TX",2022-05-01,11,27,9,1,48,1211,215
28500,"Kerrville, TX",2022-06-01,9,21,8,1,39,1250,224
28500,"Kerrville, TX",2022-07-01,7,20,4,0,31,1281,231
28500,"Kerrville, TX",2022-08-01,14,18,7,3,42,1323,245
28500,"Kerrville, TX",2022-09-01,6,24,11,0,41,1364,251
28500,"Kerrville, TX",2022-10-01,12,22,7,1,42,1406,263
28500,"Kerrville, TX",2022-11-01,12,12,9,1,34,1440,275
28500,"Kerrville, TX",2022-12-01,13,14,8,0,35,1475,288
28500,"Kerrville, TX",2023-01-01,5,13,9,1,28,1503,293
28500,"Kerrville, TX",2023-02-01,12,19,7,2,40,1543,305
28500,"Kerrville, TX",2023-03-01,10,18,11,2,41,1584,315
28500,"Kerrville, TX",2023-04-01,14,17,5,0,36,1620,329
28500,"Kerrville, TX",2023-05-01,13,20,4,4,41,1661,342
28500,"Kerrville, TX",2023-06-01,10,18,9,1,38,1699,352
28500,"Kerrville, TX",2023-07-01,10,21,5,1,37,1736,362
28500,"Kerrville, TX",2023-08-01,4,11,3,1,19,1755,366
28500,"Kerrville, TX",2023-09-01,8,11,4,0,23,1778,374
28500,"Kerrville, TX",2023-10-01,8,22,5,0,35,1813,382
28500,"Kerrville, TX",2023-11-01,15,20,10,2,47,1860,397
28500,"Kerrville, TX",2023-12-01,19,21,10,1,51,1911,416
28500,"Kerrville, TX",2024-01-01,24,25,9,1,59,1970,440
28500,"Kerrville, TX",2024-02-01,15,17,6,1,39,2009,455
28500,"Kerrville, TX",2024-03-01,17,16,5,1,39,2048,472
28500,"Kerrville, TX",2024-04-01,16,19,8,1,44,2092,488
28500,"Kerrville, TX",2024-05-01,8,16,5,0,29,2121,496
28500,"Kerrville, TX",2024-06-01,9,12,7,1,29,2150,505
28500,"Kerrville, TX",2024-07-01,4,11,3,0,18,2168,509
28500,"Kerrville, TX",2024-08-01,4,14,1,0,19,2187,513
28500,"Kerrville, TX",2024-09-01,7,14,1,0,22,2209,520
28500,"Kerrville, TX",2024-10-01,8,21,9,0,38,2247,528
28500,"Kerrville, TX",2024-11-01,14,24,12,1,51,2298,542
28500,"Kerrville, TX",2024-12-01,16,23,5,0,44,2342,558
28500,"Kerrville, TX",2025-01-01,12,16,10,1,39,2381,570
28500,"Kerrville, TX",2025-02-01,10,19,7,0,36,2417,580
28500,"Kerrville, TX",2025-03-01,15,17,6,0,38,2455,595
28500,"Kerrville, TX",2025-04-01,19,22,4,0,45,2500,614
28500,"Kerrville, TX",2025-05-01,18,20,8,1,47,2547,632
28500,"Kerrville, TX",2025-06-01,20,26,11,1,58,2605,652
28500,"Kerrville, TX",2025-07-01,22,23,7,2,54,2659,674
28500,"Kerrville, TX",2025-08-01,21,17,5,0,43,2702,695
28500,"Kerrville, TX",2025-09-01,1,0,0,0,1,2703,696
41460,"Salina, KS",2019-02-01,0,3,0,0,3,3,0
41460,"Salina, KS",2019-03-01,0,1,1,0,2,5,0
41460,"Salina, KS",2019-04-01,0,2,2,0,4,9,0
41460,"Salina, KS",2019-05-01,0,16,2,0,18,27,0
41460,"Salina, KS",2019-06-01,0,10,1,0,11,38,0
41460,"Salina, KS",2019-07-01,1,9,2,0,12,50,1
41460,"Salina, KS",2019-08-01,0,9,3,0,12,62,1
41460,"Salina, KS",2019-09-01,0,10,4,0,14,76,1
41460,"Salina, KS",2019-10-01,0,8,2,0,10,86,1
41460,"Salina, KS",2019-11-01,1,6,4,0,11,97,2
41460,"Salina, KS",2019-12-01,2,9,3,0,14,111,4
41460,"Salina, KS",2020-01-01,0,6,6,0,12,123,4
41460,"Salina, KS",2020-02-01,1,7,2,0,10,133,5
41460,"Salina, KS",2020-03-01,2,9,3,0,14,147,7
41460,"Salina, KS",2020-04-01,13,37,4,0,54,201,20
41460,"Salina, KS",2020-05-01,13,22,5,1,41,242,33
41460,"Salina, KS",2020-06-01,4,20,5,1,30,272,37
41460,"Salina, KS",2020-07-01,8,24,4,0,36,308,45
41460,"Salina, KS",2020-08-01,6,25,5,0,36,344,51
41460,"Salina, KS",2020-09-01,4,23,4,1,32,376,55
41460,"Salina, KS",2020-10-01,8,13,1,0,22,398,63
41460,"Salina, KS",2020-11-01,11,20,4,0,35,433,74
41460,"Salina, KS",2020-12-01,13,22,1,0,36,469,87
41460,"Salina, KS",2021-01-01,19,25,3,0,47,516,106
41460,"Salina, KS",2021-02-01,15,31,4,1,51,567,121
41460,"Salina, KS",2021-03-01,24,38,7,0,69,636,145
41460,"Salina, KS",2021-04-01,20,23,5,0,48,684,165
41460,"Salina, KS",2021-05-01,17,43,9,1,70,754,182
41460,"Salina, KS",2021-06-01,19,28,8,0,55,809,201
41460,"Salina, KS",2021-07-01,11,34,7,0,52,861,212
41460,"Salina, KS",2021-08-01,12,23,6,1,42,903,224
41460,"Salina, KS",2021-09-01,17,27,9,0,53,956,241
41460,"Salina, KS",2021-10-01,12,25,1,0,38,994,253
41460,"Salina, KS",2021-11-01,10,26,13,0,49,1043,263
41460,"Salina, KS",2021-12-01,13,30,12,0,55,1098,276
41460,"Salina, KS",2022-01-01,19,41,14,1,75,1173,295
41460,"Salina, KS",2022-02-01,21,30,7,1,59,1232,316
41460,"Salina, KS",2022-03-01,16,28,15,1,60,1292,332
41460,"Salina, KS",2022-04-01,15,27,4,1,47,1339,347
41460,"Salina, KS",2022-05-01,27,40,9,0,76,1415,374
41460,"Salina, KS",2022-06-01,19,32,9,1,61,1476,393
41460,"Salina, KS",2022-07-01,19,37,10,1,67,1543,412
41460,"Salina, KS",2022-08-01,18,33,8,2,61,1604,430
41460,"Salina, KS",2022-09-01,26,23,12,1,62,1666,456
41460,"Salina, KS",2022-10-01,13,33,8,1,55,1721,469
41460,"Salina, KS",2022-11-01,16,31,11,0,58,1779,485
41460,"Salina, KS",2022-12-01,28,24,16,0,68,1847,513
41460,"Salina, KS",2023-01-01,17,30,9,0,56,1903,530
41460,"Salina, KS",2023-02-01,17,23,12,1,53,1956,547
41460,"Salina, KS",2023-03-01,22,31,10,1,64,2020,569
41460,"Salina, KS",2023-04-01,18,34,6,0,58,2078,587
41460,"Salina, KS",2023-05-01,15,20,9,0,44,2122,602
41460,"Salina, KS",2023-06-01,15,18,8,0,41,2163,617
41460,"Salina, KS",2023-07-01,16,9,14,0,39,2202,633
41460,"Salina, KS",2023-08-01,11,15,3,1,30,2232,644
41460,"Salina, KS",2023-09-01,7,18,6,1,32,2264,651
41460,"Salina, KS",2023-10-01,13,24,2,1,40,2304,664
41460,"Salina, KS",2023-11-01,22,21,5,0,48,2352,686
41460,"Salina, KS",2023-12-01,33,21,3,3,60,2412,719
41460,"Salina, KS",2024-01-01,27,27,8,0,62,2474,746
41460,"Salina, KS",2024-02-01,30,34,10,0,74,2548,776
41460,"Salina, KS",2024-03-01,35,26,8,0,69,2617,811
41460,"Salina, KS",2024-04-01,28,20,8,0,56,2673,839
41460,"Salina, KS",2024-05-01,17,17,5,0,39,2712,856
41460,"Salina, KS",2024-06-01,13,7,2,1,23,2735,869
41460,"Salina, KS",2024-07-01,5,9,2,0,16,2751,874
41460,"Salina, KS",2024-08-01,6,7,4,0,17,2768,880
41460,"Salina, KS",2024-09-01,12,20,5,0,37,2805,892
41460,"Salina, KS",2024-10-01,18,22,13,1,54,2859,910
41460,"Salina, KS",2024-11-01,19,23,10,0,52,2911,929
41460,"Salina, KS",2024-12-01,25,29,10,0,64,2975,954
41460,"Salina, KS",2025-01-01,33,25,12,0,70,3045,987
41460,"Salina, KS",2025-02-01,36,21,10,1,68,3113,1023
41460,"Salina, KS",2025-03-01,32,33,9,0,74,3187,1055
41460,"Salina, KS",2025-04-01,38,17,4,1,60,3247,1093
41460,"Salina, KS",2025-05-01,27,23,2,1,53,3300,1120
41460,"Salina, KS",2025-06-01,29,39,10,1,79,3379,1149
41460,"Salina, KS",2025-07-01,24,36,5,0,65,3444,1173
41460,"Salina, KS",2025-08-01,16,27,4,0,47,3491,1189
41460,"Salina, KS",2025-09-01,1,0,0,0,1,3492,1190
48540,"Wheeling, WV-OH",2019-01-01,0,3,0,0,3,3,0
48540,"Wheeling, WV-OH",2019-02-01,0,13,3,0,16,19,0
48540,"Wheeling, WV-OH",2019-03-01,0,8,8,0,16,35,0
48540,"Wheeling, WV-OH",2019-04-01,1,15,8,0,24,59,1
48540,"Wheeling, WV-OH",2019-05-01,1,17,6,0,24,83,2
48540,"Wheeling, WV-OH",2019-06-01,2,21,3,0,26,109,4
48540,"Wheeling, WV-OH",2019-07-01,2,19,4,0,25,134,6
48540,"Wheeling, WV-OH",2019-08-01,0,17,6,1,24,158,6
48540,"Wheeling, WV-OH",2019-09-01,2,24,4,0,30,188,8
48540,"Wheeling, WV-OH",2019-10-01,2,23,4,1,30,218,10
48540,"Wheeling, WV-OH",2019-11-01,1,11,5,0,17,235,11
48540,"Wheeling, WV-OH",2019-12-01,1,15,4,0,20,255,12
48540,"Wheeling, WV-OH",2020-01-01,3,12,12,0,27,282,15
48540,"Wheeling, WV-OH",2020-02-01,6,15,5,0,26,308,21
48540,"Wheeling, WV-OH",2020-03-01,3,24,4,0,31,339,24
48540,"Wheeling, WV-OH",2020-04-01,17,55,10,3,85,424,41
48540,"Wheeling, WV-OH",2020-05-01,22,84,12,0,118,542,63
48540,"Wheeling, WV-OH",2020-06-01,18,56,12,1,87,629,81
48540,"Wheeling, WV-OH",2020-07-01,18,48,16,3,85,714,99
48540,"Wheeling, WV-OH",2020-08-01,11,67,18,0,96,810,110
48540,"Wheeling, WV-OH",2020-09-01,12,52,18,0,82,892,122
48540,"Wheeling, WV-OH",2020-10-01,12,40,12,0,64,956,134
48540,"Wheeling, WV-OH",2020-11-01,11,26,6,1,44,1000,145
48540,"Wheeling, WV-OH",2020-12-01,8,25,5,0,38,1038,153
48540,"Wheeling, WV-OH",2021-01-01,23,59,18,1,101,1139,176
48540,"Wheeling, WV-OH",2021-02-01,24,51,16,1,92,1231,200
48540,"Wheeling, WV-OH",2021-03-01,26,44,13,2,85,1316,226
48540,"Wheeling, WV-OH",2021-04-01,15,40,15,0,70,1386,241
48540,"Wheeling, WV-OH",2021-05-01,29,60,17,0,106,1492,270
48540,"Wheeling, WV-OH",2021-06-01,11,67,15,0,93,1585,281
48540,"Wheeling, WV-OH",2021-07-01,10,36,8,1,55,1640,291
48540,"Wheeling, WV-OH",2021-08-01,5,34,5,0,44,1684,296
48540,"Wheeling, WV-OH",2021-09-01,9,36,10,0,55,1739,305
48540,"Wheeling, WV-OH",2021-10-01,12,30,10,0,52,1791,317
48540,"Wheeling, WV-OH",2021-11-01,6,36,9,1,52,1843,323
48540,"Wheeling, WV-OH",2021-12-01,13,41,16,2,72,1915,336
48540,"Wheeling, WV-OH",2022-01-01,27,68,10,1,106,2021,363
48540,"Wheeling, WV-OH",2022-02-01,22,41,15,0,78,2099,385
48540,"Wheeling, WV-OH",2022-03-01,18,52,17,4,91,2190,403
48540,"Wheeling, WV-OH",2022-04-01,14,32,8,1,55,2245,417
48540,"Wheeling, WV-OH",2022-05-01,28,23,16,1,68,2313,445
48540,"Wheeling, WV-OH",2022-06-01,18,33,10,0,61,2374,463
48540,"Wheeling, WV-OH",2022-07-01,18,42,8,3,71,2445,481
48540,"Wheeling, WV-OH",2022-08-01,17,28,4,1,50,2495,498
48540,"Wheeling, WV-OH",2022-09-01,12,44,8,1,65,2560,510
48540,"Wheeling, WV-OH",2022-10-01,11,45,9,2,67,2627,521
48540,"Wheeling, WV-OH",2022-11-01,27,43,15,1,86,2713,548
48540,"Wheeling, WV-OH",2022-12-01,27,34,9,2,72,2785,575
48540,"Wheeling, WV-OH",2023-01-01,23,40,5,1,69,2854,598
48540,"Wheeling, WV-OH",2023-02-01,34,32,13,3,82,2936,632
48540,"Wheeling, WV-OH",2023-03-01,31,52,18,1,102,3038,663
48540,"Wheeling, WV-OH",2023-04-01,20,41,16,0,77,3115,683
48540,"Wheeling, WV-OH",2023-05-01,13,28,10,1,52,3167,696
48540,"Wheeling, WV-OH",2023-06-01,17,19,3,1,40,3207,713
48540,"Wheeling, WV-OH",2023-07-01,16,23,8,1,48,3255,729
48540,"Wheeling, WV-OH",2023-08-01,24,35,14,1,74,3329,753
48540,"Wheeling, WV-OH",2023-09-01,16,26,13,2,57,3386,769
48540,"Wheeling, WV-OH",2023-10-01,18,42,12,0,72,3458,787
48540,"Wheeling, WV-OH",2023-11-01,34,46,17,3,100,3558,821
48540,"Wheeling, WV-OH",2023-12-01,36,43,13,2,94,3652,857
48540,"Wheeling, WV-OH",2024-01-01,46,54,13,0,113,3765,903
48540,"Wheeling, WV-OH",2024-02-01,43,38,10,6,97,3862,946
48540,"Wheeling, WV-OH",2024-03-01,37,55,11,0,103,3965,983
48540,"Wheeling, WV-OH",2024-04-01,40,44,8,2,94,4059,1023
48540,"Wheeling, WV-OH",2024-05-01,33,53,17,0,103,4162,1056
48540,"Wheeling, WV-OH",2024-06-01,33,46,11,3,93,4255,1089
48540,"Wheeling, WV-OH",2024-07-01,22,36,12,1,71,4326,1111
48540,"Wheeling, WV-OH",2024-08-01,33,54,13,1,101,4427,1144
48540,"Wheeling, WV-OH",2024-09-01,25,47,17,2,91,4518,1169
48540,"Wheeling, WV-OH",2024-10-01,43,59,19,1,122,4640,1212
48540,"Wheeling, WV-OH",2024-11-01,39,52,18,0,109,4749,1251
48540,"Wheeling, WV-OH",2024-12-01,46,31,15,2,94,4843,1297
48540,"Wheeling, WV-OH",2025-01-01,41,41,11,1,94,4937,1338
48540,"Wheeling, WV-OH",2025-02-01,39,33,9,2,83,5020,1377
48540,"Wheeling, WV-OH",2025-03-01,45,41,9,3,98,5118,1422
48540,"Wheeling, WV-OH",2025-04-01,47,44,12,1,104,5222,1469
48540,"Wheeling, WV-OH",2025-05-01,36,55,22,1,114,5336,1505
48540,"Wheeling, WV-OH",2025-06-01,45,38,13,3,99,5435,1550
48540,"Wheeling, WV-OH",2025-07-01,26,43,15,0,84,5519,1576
48540,"Wheeling, WV-OH",2025-08-01,29,39,12,2,82,5601,1605
48540,"Wheeling, WV-OH",2025-09-01,2,0,0,0,2,5603,1607
31930,"Marietta, OH",2019-01-01,0,0,1,0,1,1,0
31930,"Marietta, OH",2019-02-01,0,3,0,0,3,4,0
31930,"Marietta, OH",2019-03-01,0,16,2,0,18,22,0
31930,"Marietta, OH",2019-04-01,1,23,7,0,31,53,1
31930,"Marietta, OH",2019-05-01,1,19,7,0,27,80,2
31930,"Marietta, OH",2019-06-01,0,11,9,0,20,100,2
31930,"Marietta, OH",2019-07-01,1,21,4,0,26,126,3
31930,"Marietta, OH",2019-08-01,0,15,4,0,19,145,3
31930,"Marietta, OH",2019-09-01,0,15,3,0,18,163,3
31930,"Marietta, OH",2019-10-01,2,16,5,0,23,186,5
31930,"Marietta, OH",2019-11-01,1,10,4,0,15,201,6
31930,"Marietta, OH",2019-12-01,2,8,4,0,14,215,8
31930,"Marietta, OH",2020-01-01,3,13,1,0,17,232,11
31930,"Marietta, OH",2020-02-01,2,14,5,0,21,253,13
31930,"Marietta, OH",2020-03-01,4,25,13,1,43,296,17
31930,"Marietta, OH",2020-04-01,8,24,13,0,45,341,25
31930,"Marietta, OH",2020-05-01,12,60,8,4,84,425,37
31930,"Marietta, OH",2020-06-01,10,32,10,0,52,477,47
31930,"Marietta, OH",2020-07-01,6,26,7,0,39,516,53
31930,"Marietta, OH",2020-08-01,15,49,9,0,73,589,68
31930,"Marietta, OH",2020-09-01,12,47,12,0,71,660,80
31930,"Marietta, OH",2020-10-01,14,18,10,0,42,702,94
31930,"Marietta, OH",2020-11-01,14,23,9,0,46,748,108
31930,"Marietta, OH",2020-12-01,11,17,8,0,36,784,119
31930,"Marietta, OH",2021-01-01,27,59,14,2,102,886,146
31930,"Marietta, OH",2021-02-01,12,33,8,0,53,939,158
31930,"Marietta, OH",2021-03-01,35,41,10,3,89,1028,193
31930,"Marietta, OH",2021-04-01,39,65,19,2,125,1153,232
31930,"Marietta, OH",2021-05-01,27,49,12,1,89,1242,259
31930,"Marietta, OH",2021-06-01,10,30,6,1,47,1289,269
31930,"Marietta, OH",2021-07-01,12,26,9,1,48,1337,281
31930,"Marietta, OH",2021-08-01,9,42,9,4,64,1401,290
31930,"Marietta, OH",2021-09-01,9,30,13,2,54,1455,299
31930,"Marietta, OH",2021-10-01,9,25,7,2,43,1498,308
31930,"Marietta, OH",2021-11-01,9,25,11,0,45,1543,317
31930,"Marietta, OH",2021-12-01,21,27,8,2,58,1601,338
31930,"Marietta, OH",2022-01-01,17,31,17,0,65,1666,355
31930,"Marietta, OH",2022-02-01,20,31,5,0,56,1722,375
31930,"Marietta, OH",2022-03-01,20,27,13,1,61,1783,395
31930,"Marietta, OH",2022-04-01,14,16,9,0,39,1822,409
31930,"Marietta, OH",2022-05-01,16,29,8,1,54,1876,425
31930,"Marietta, OH",2022-06-01,13,26,5,1,45,1921,438
31930,"Marietta, OH",2022-07-01,13,23,10,1,47,1968,451
31930,"Marietta, OH",2022-08-01,13,25,4,1,43,2011,464
31930,"Marietta, OH",2022-09-01,16,29,9,1,55,2066,480
31930,"Marietta, OH",2022-10-01,9,31,11,0,51,2117,489
31930,"Marietta, OH",2022-11-01,17,23,5,1,46,2163,506
31930,"Marietta, OH",2022-12-01,20,25,12,0,57,2220,526
31930,"Marietta, OH",2023-01-01,18,24,7,1,50,2270,544
31930,"Marietta, OH",2023-02-01,14,31,6,2,53,2323,558
31930,"Marietta, OH",2023-03-01,21,35,13,1,70,2393,579
31930,"Marietta, OH",2023-04-01,16,27,6,2,51,2444,595
31930,"Marietta, OH",2023-05-01,12,17,8,0,37,2481,607
31930,"Marietta, OH",2023-06-01,14,19,5,0,38,2519,621
31930,"Marietta, OH",2023-07-01,9,14,5,0,28,2547,630
31930,"Marietta, OH",2023-08-01,5,14,5,0,24,2571,635
31930,"Marietta, OH",2023-09-01,6,17,5,0,28,2599,641
31930,"Marietta, OH",2023-10-01,24,28,3,1,56,2655,665
31930,"Marietta, OH",2023-11-01,21,27,9,2,59,2714,686
31930,"Marietta, OH",2023-12-01,25,28,11,2,66,2780,711
31930,"Marietta, OH",2024-01-01,12,30,13,2,57,2837,723
31930,"Marietta, OH",2024-02-01,26,34,7,2,69,2906,749
31930,"Marietta, OH",2024-03-01,16,33,14,2,65,2971,765
31930,"Marietta, OH",2024-04-01,25,28,4,2,59,3030,790
31930,"Marietta, OH",2024-05-01,23,24,15,2,64,3094,813
31930,"Marietta, OH",2024-06-01,19,18,7,1,45,3139,832
31930,"Marietta, OH",2024-07-01,12,12,8,2,34,3173,844
31930,"Marietta, OH",2024-08-01,10,27,12,0,49,3222,854
31930,"Marietta, OH",2024-09-01,12,15,3,0,30,3252,866
31930,"Marietta, OH",2024-10-01,22,31,10,2,65,3317,888
31930,"Marietta, OH",2024-11-01,24,33,5,1,63,3380,912
31930,"Marietta, OH",2024-12-01,33,30,14,0,77,3457,945
31930,"Marietta, OH",2025-01-01,22,40,14,1,77,3534,967
31930,"Marietta, OH",2025-02-01,27,27,9,0,63,3597,994
31930,"Marietta, OH",2025-03-01,33,34,10,1,78,3675,1027
31930,"Marietta, OH",2025-04-01,33,36,16,0,85,3760,1060
31930,"Marietta, OH",2025-05-01,32,45,13,2,92,3852,1092
31930,"Marietta, OH",2025-06-01,26,27,12,3,68,3920,1118
31930,"Marietta, OH",2025-07-01,18,19,10,2,49,3969,1136
31930,"Marietta, OH",2025-08-01,18,17,6,0,41,4010,1154
46460,"Union City, TN",2019-01-01,0,2,1,0,3,3,0
46460,"Union City, TN",2019-02-01,0,0,1,0,1,4,0
46460,"Union City, TN",2019-04-01,0,1,0,0,1,5,0
46460,"Union City, TN",2019-06-01,0,1,0,0,1,6,0
46460,"Union City, TN",2019-07-01,0,0,1,0,1,7,0
46460,"Union City, TN",2019-09-01,0,1,0,0,1,8,0
46460,"Union City, TN",2019-12-01,0,1,0,0,1,9,0
46460,"Union City, TN",2020-01-01,0,1,0,0,1,10,0
46460,"Union City, TN",2020-02-01,0,1,1,0,2,12,0
46460,"Union City, TN",2020-03-01,0,4,2,0,6,18,0
46460,"Union City, TN",2020-04-01,0,3,1,0,4,22,0
46460,"Union City, TN",2020-05-01,0,3,0,0,3,25,0
46460,"Union City, TN",2020-06-01,0,7,1,0,8,33,0
46460,"Union City, TN",2020-07-01,2,3,0,0,5,38,2
46460,"Union City, TN",2020-08-01,2,5,1,0,8,46,4
46460,"Union City, TN",2020-09-01,0,5,1,0,6,52,4
46460,"Union City, TN",2020-10-01,1,5,2,0,8,60,5
46460,"Union City, TN",2020-11-01,1,1,0,0,2,62,6
46460,"Union City, TN",2020-12-01,2,5,1,0,8,70,8
46460,"Union City, TN",2021-01-01,1,9,2,0,12,82,9
46460,"Union City, TN",2021-02-01,2,16,3,0,21,103,11
46460,"Union City, TN",2021-03-01,15,41,6,0,62,165,26
46460,"Union City, TN",2021-04-01,13,37,8,1,59,224,39
46460,"Union City, TN",2021-05-01,13,35,9,1,58,282,52
46460,"Union City, TN",2021-06-01,10,39,4,4,57,339,62
46460,"Union City, TN",2021-07-01,7,35,7,0,49,388,69
46460,"Union City, TN",2021-08-01,10,19,5,0,34,422,79
46460,"Union City, TN",2021-09-01,10,27,7,1,45,467,89
46460,"Union City, TN",2021-10-01,11,25,6,2,44,511,100
46460,"Union City, TN",2021-11-01,11,20,3,1,35,546,111
46460,"Union City, TN",2021-12-01,20,22,6,0,48,594,131
46460,"Union City, TN",2022-01-01,12,26,7,0,45,639,143
46460,"Union City, TN",2022-02-01,12,17,2,0,31,670,155
46460,"Union City, TN",2022-03-01,17,35,5,0,57,727,172
46460,"Union City, TN",2022-04-01,6,22,1,0,29,756,178
46460,"Union City, TN",2022-05-01,7,25,2,0,34,790,185
46460,"Union City, TN",2022-06-01,9,20,9,0,38,828,194
46460,"Union City, TN",2022-07-01,6,23,10,0,39,867,200
46460,"Union City, TN",2022-08-01,2,16,2,0,20,887,202
46460,"Union City, TN",2022-09-01,11,25,4,3,43,930,213
46460,"Union City, TN",2022-10-01,10,19,6,0,35,965,223
46460,"Union City, TN",2022-11-01,11,22,3,2,38,1003,234
46460,"Union City, TN",2022-12-01,10,17,8,0,35,1038,244
46460,"Union City, TN",2023-01-01,10,12,8,0,30,1068,254
46460,"Union City, TN",2023-02-01,11,26,7,0,44,1112,265
46460,"Union City, TN",2023-03-01,15,37,9,0,61,1173,280
46460,"Union City, TN",2023-04-01,13,19,6,0,38,1211,293
46460,"Union City, TN",2023-05-01,13,17,8,2,40,1251,306
46460,"Union City, TN",2023-06-01,9,18,8,0,35,1286,315
46460,"Union City, TN",2023-07-01,15,12,2,0,29,1315,330
46460,"Union City, TN",2023-08-01,14,22,6,1,43,1358,344
46460,"Union City, TN",2023-09-01,10,17,8,0,35,1393,354
46460,"Union City, TN",2023-10-01,11,17,10,0,38,1431,365
46460,"Union City, TN",2023-11-01,9,22,4,0,35,1466,374
46460,"Union City, TN",2023-12-01,18,18,7,0,43,1509,392
46460,"Union City, TN",2024-01-01,14,20,6,0,40,1549,406
46460,"Union City, TN",2024-02-01,14,21,7,0,42,1591,420
46460,"Union City, TN",2024-03-01,10,20,4,1,35,1626,430
46460,"Union City, TN",2024-04-01,16,19,5,1,41,1667,446
46460,"Union City, TN",2024-05-01,9,16,9,0,34,1701,455
46460,"Union City, TN",2024-06-01,9,12,3,2,26,1727,464
46460,"Union City, TN",2024-07-01,9,15,1,2,27,1754,473
46460,"Union City, TN",2024-08-01,16,22,4,2,44,1798,489
46460,"Union City, TN",2024-09-01,16,32,7,1,56,1854,505
46460,"Union City, TN",2024-10-01,26,27,5,0,58,1912,531
46460,"Union City, TN",2024-11-01,25,14,6,1,46,1958,556
46460,"Union City, TN",2024-12-01,21,27,9,0,57,2015,577
46460,"Union City, TN",2025-01-01,27,20,5,2,54,2069,604
46460,"Union City, TN",2025-02-01,20,9,3,0,32,2101,624
46460,"Union City, TN",2025-03-01,15,18,7,0,40,2141,639
46460,"Union City, TN",2025-04-01,12,23,8,1,44,2185,651
46460,"Union City, TN",2025-05-01,12,13,6,2,33,2218,663
46460,"Union City, TN",2025-06-01,12,22,9,1,44,2262,675
46460,"Union City, TN",2025-07-01,12,21,5,0,38,2300,687
46460,"Union City, TN",2025-08-01,8,15,7,2,32,2332,695
46460,"Union City, TN",2025-09-01,1,1,0,0,2,2334,696
35060,"Natchitoches, LA",2019-01-01,0,2,0,0,2,2,0
35060,"Natchitoches, LA",2019-03-01,0,1,1,0,2,4,0
35060,"Natchitoches, LA",2019-05-01,0,1,0,0,1,5,0
35060,"Natchitoches, LA",2019-06-01,0,2,0,0,2,7,0
35060,"Natchitoches, LA",2019-07-01,0,1,1,0,2,9,0
35060,"Natchitoches, LA",2019-08-01,0,0,3,0,3,12,0
35060,"Natchitoches, LA",2019-09-01,0,1,0,0,1,13,0
35060,"Natchitoches, LA",2019-10-01,0,1,0,0,1,14,0
35060,"Natchitoches, LA",2019-11-01,0,1,1,0,2,16,0
35060,"Natchitoches, LA",2020-01-01,0,3,0,0,3,19,0
35060,"Natchitoches, LA",2020-03-01,1,2,0,0,3,22,1
35060,"Natchitoches, LA",2020-04-01,2,4,1,0,7,29,3
35060,"Natchitoches, LA",2020-05-01,3,7,1,1,12,41,6
35060,"Natchitoches, LA",2020-06-01,3,4,0,0,7,48,9
35060,"Natchitoches, LA",2020-07-01,1,9,1,0,11,59,10
35060,"Natchitoches, LA",2020-08-01,2,11,4,0,17,76,12
35060,"Natchitoches, LA",2020-09-01,7,17,2,1,27,103,19
35060,"Natchitoches, LA",2020-10-01,8,14,3,0,25,128,27
35060,"Natchitoches, LA",2020-11-01,7,15,3,0,25,153,34
35060,"Natchitoches, LA",2020-12-01,11,15,2,0,28,181,45
35060,"Natchitoches, LA",2021-01-01,11,20,3,1,35,216,56
35060,"Natchitoches, LA",2021-02-01,5,20,3,0,28,244,61
35060,"Natchitoches, LA",2021-03-01,10,10,4,0,24,268,71
35060,"Natchitoches, LA",2021-04-01,7,12,2,0,21,289,78
35060,"Natchitoches, LA",2021-05-01,21,30,2,0,53,342,99
35060,"Natchitoches, LA",2021-06-01,15,14,5,0,34,376,114
35060,"Natchitoches, LA",2021-07-01,13,26,2,1,42,418,127
35060,"Natchitoches, LA",2021-08-01,12,19,4,0,35,453,139
35060,"Natchitoches, LA",2021-09-01,9,15,3,0,27,480,148
35060,"Natchitoches, LA",2021-10-01,9,17,4,0,30,510,157
35060,"Natchitoches, LA",2021-11-01,11,13,1,0,25,535,168
35060,"Natchitoches, LA",2021-12-01,15,17,1,0,33,568,183
35060,"Natchitoches, LA",2022-01-01,16,17,2,1,36,604,199
35060,"Natchitoches, LA",2022-02-01,14,20,4,0,38,642,213
35060,"Natchitoches, LA",2022-03-01,19,26,7,0,52,694,232
35060,"Natchitoches, LA",2022-04-01,19,18,2,0,39,733,251
35060,"Natchitoches, LA",2022-05-01,18,22,1,0,41,774,269
35060,"Natchitoches, LA",2022-06-01,16,16,3,0,35,809,285
35060,"Natchitoches, LA",2022-07-01,12,8,3,0,23,832,297
35060,"Natchitoches, LA",2022-08-01,12,14,3,1,30,862,309
35060,"Natchitoches, LA",2022-09-01,13,15,4,0,32,894,322
35060,"Natchitoches, LA",2022-10-01,15,16,3,1,35,929,337
35060,"Natchitoches, LA",2022-11-01,14,21,7,0,42,971,351
35060,"Natchitoches, LA",2022-12-01,17,13,4,0,34,1005,368
35060,"Natchitoches, LA",2023-01-01,16,21,4,1,42,1047,384
35060,"Natchitoches, LA",2023-02-01,13,17,7,0,37,1084,397
35060,"Natchitoches, LA",2023-03-01,18,28,7,0,53,1137,415
35060,"Natchitoches, LA",2023-04-01,12,23,2,0,37,1174,427
35060,"Natchitoches, LA",2023-05-01,12,26,6,1,45,1219,439
35060,"Natchitoches, LA",2023-06-01,9,36,9,1,55,1274,448
35060,"Natchitoches, LA",2023-07-01,18,13,4,0,35,1309,466
35060,"Natchitoches, LA",2023-08-01,18,15,5,0,38,1347,484
35060,"Natchitoches, LA",2023-09-01,17,20,7,0,44,1391,501
35060,"Natchitoches, LA",2023-10-01,22,17,0,1,40,1431,523
35060,"Natchitoches, LA",2023-11-01,13,11,1,1,26,1457,536
35060,"Natchitoches, LA",2023-12-01,18,23,2,0,43,1500,554
35060,"Natchitoches, LA",2024-01-01,32,16,4,0,52,1552,586
35060,"Natchitoches, LA",2024-02-01,18,16,4,2,40,1592,604
35060,"Natchitoches, LA",2024-03-01,32,21,5,1,59,1651,636
35060,"Natchitoches, LA",2024-04-01,16,16,4,0,36,1687,652
35060,"Natchitoches, LA",2024-05-01,24,22,3,0,49,1736,676
35060,"Natchitoches, LA",2024-06-01,31,12,7,1,51,1787,707
35060,"Natchitoches, LA",2024-07-01,25,17,9,0,51,1838,732
35060,"Natchitoches, LA",2024-08-01,20,20,6,1,47,1885,752
35060,"Natchitoches, LA",2024-09-01,20,23,3,0,46,1931,772
35060,"Natchitoches, LA",2024-10-01,34,27,9,0,70,2001,806
35060,"Natchitoches, LA",2024-11-01,35,25,5,0,65,2066,841
35060,"Natchitoches, LA",2024-12-01,24,18,7,1,50,2116,865
35060,"Natchitoches, LA",2025-01-01,21,15,5,2,43,2159,886
35060,"Natchitoches, LA",2025-02-01,21,10,7,0,38,2197,907
35060,"Natchitoches, LA",2025-03-01,28,21,2,0,51,2248,935
35060,"Natchitoches, LA",2025-04-01,24,15,6,3,48,2296,959
35060,"Natchitoches, LA",2025-05-01,42,36,10,0,88,2384,1001
35060,"Natchitoches, LA",2025-06-01,30,17,7,0,54,2438,1031
35060,"Natchitoches, LA",2025-07-01,26,29,3,1,59,2497,1057
35060,"Natchitoches, LA",2025-08-01,24,16,7,0,47,2544,1081
35060,"Natchitoches, LA",2025-09-01,2,1,0,0,3,2547,1083
28820,"Kinston, NC",2019-01-01,0,1,1,0,2,2,0
28820,"Kinston, NC",2019-02-01,0,2,1,0,3,5,0
28820,"Kinston, NC",2019-03-01,0,7,1,0,8,13,0
28820,"Kinston, NC",2019-04-01,1,22,8,0,31,44,1
28820,"Kinston, NC",2019-05-01,0,19,2,1,22,66,1
28820,"Kinston, NC",2019-06-01,0,27,5,0,32,98,1
28820,"Kinston, NC",2019-07-01,1,21,8,0,30,128,2
28820,"Kinston, NC",2019-08-01,2,17,7,0,26,154,4
28820,"Kinston, NC",2019-09-01,0,17,5,1,23,177,4
28820,"Kinston, NC",2019-10-01,2,18,3,0,23,200,6
28820,"Kinston, NC",2019-11-01,3,16,4,0,23,223,9
28820,"Kinston, NC",2019-12-01,0,14,0,0,14,237,9
28820,"Kinston, NC",2020-01-01,2,14,3,0,19,256,11
28820,"Kinston, NC",2020-02-01,2,19,4,0,25,281,13
28820,"Kinston, NC",2020-03-01,4,34,8,1,47,328,17
28820,"Kinston, NC",2020-04-01,2,34,5,1,42,370,19
28820,"Kinston, NC",2020-05-01,10,47,13,3,73,443,29
28820,"Kinston, NC",2020-06-01,8,37,5,0,50,493,37
28820,"Kinston, NC",2020-07-01,6,40,10,0,56,549,43
28820,"Kinston, NC",2020-08-01,22,70,23,1,116,665,65
28820,"Kinston, NC",2020-09-01,16,63,13,3,95,760,81
28820,"Kinston, NC",2020-10-01,4,28,3,0,35,795,85
28820,"Kinston, NC",2020-11-01,6,22,2,1,31,826,91
28820,"Kinston, NC",2020-12-01,1,20,4,0,25,851,92
28820,"Kinston, NC",2021-01-01,17,62,8,0,87,938,109
28820,"Kinston, NC",2021-02-01,16,45,15,0,76,1014,125
28820,"Kinston, NC",2021-03-01,11,65,20,3,99,1113,136
28820,"Kinston, NC",2021-04-01,21,59,20,2,102,1215,157
28820,"Kinston, NC",2021-05-01,16,43,9,1,69,1284,173
28820,"Kinston, NC",2021-06-01,9,27,8,1,45,1329,182
28820,"Kinston, NC",2021-07-01,7,31,3,0,41,1370,189
28820,"Kinston, NC",2021-08-01,11,32,8,0,51,1421,200
28820,"Kinston, NC",2021-09-01,7,36,11,0,54,1475,207
28820,"Kinston, NC",2021-10-01,11,13,4,0,28,1503,218
28820,"Kinston, NC",2021-11-01,8,20,4,0,32,1535,226
28820,"Kinston, NC",2021-12-01,16,33,4,1,54,1589,242
28820,"Kinston, NC",2022-01-01,15,43,11,1,70,1659,257
28820,"Kinston, NC",2022-02-01,14,31,6,0,51,1710,271
28820,"Kinston, NC",2022-03-01,21,40,6,2,69,1779,292
28820,"Kinston, NC",2022-04-01,16,31,5,2,54,1833,308
28820,"Kinston, NC",2022-05-01,27,41,9,1,78,1911,335
28820,"Kinston, NC",2022-06-01,13,21,3,1,38,1949,348
28820,"Kinston, NC",2022-07-01,11,23,10,1,45,1994,359
28820,"Kinston, NC",2022-08-01,17,33,12,0,62,2056,376
28820,"Kinston, NC",2022-09-01,17,44,15,0,76,2132,393
28820,"Kinston, NC",2022-10-01,11,38,6,2,57,2189,404
28820,"Kinston, NC",2022-11-01,18,30,5,0,53,2242,422
28820,"Kinston, NC",2022-12-01,25,37,12,3,77,2319,447
28820,"Kinston, NC",2023-01-01,20,25,12,2,59,2378,467
28820,"Kinston, NC",2023-02-01,16,26,10,0,52,2430,483
28820,"Kinston, NC",2023-03-01,21,34,16,1,72,2502,504
28820,"Kinston, NC",2023-04-01,20,36,11,3,70,2572,524
28820,"Kinston, NC",2023-05-01,21,21,6,1,49,2621,545
28820,"Kinston, NC",2023-06-01,9,16,5,1,31,2652,554
28820,"Kinston, NC",2023-07-01,13,26,6,1,46,2698,567
28820,"Kinston, NC",2023-08-01,16,19,9,0,44,2742,583
28820,"Kinston, NC",2023-09-01,18,21,8,0,47,2789,601
28820,"Kinston, NC",2023-10-01,17,30,9,2,58,2847,618
28820,"Kinston, NC",2023-11-01,17,42,17,0,76,2923,635
28820,"Kinston, NC",2023-12-01,40,45,16,0,101,3024,675
28820,"Kinston, NC",2024-01-01,29,36,17,3,85,3109,704
28820,"Kinston, NC",2024-02-01,23,38,15,2,78,3187,727
28820,"Kinston, NC",2024-03-01,28,38,13,1,80,3267,755
28820,"Kinston, NC",2024-04-01,30,35,17,2,84,3351,785
28820,"Kinston, NC",2024-05-01,28,36,18,0,82,3433,813
28820,"Kinston, NC",2024-06-01,19,29,9,0,57,3490,832
28820,"Kinston, NC",2024-07-01,21,40,16,1,78,3568,853
28820,"Kinston, NC",2024-08-01,18,51,12,1,82,3650,871
28820,"Kinston, NC",2024-09-01,25,42,8,2,77,3727,896
28820,"Kinston, NC",2024-10-01,34,45,12,2,93,3820,930
28820,"Kinston, NC",2024-11-01,26,55,14,2,97,3917,956
28820,"Kinston, NC",2024-12-01,34,47,17,1,99,4016,990
28820,"Kinston, NC",2025-01-01,27,35,14,3,79,4095,1017
28820,"Kinston, NC",2025-02-01,27,36,10,0,73,4168,1044
28820,"Kinston, NC",2025-03-01,30,45,15,4,94,4262,1074
28820,"Kinston, NC",2025-04-01,40,41,15,6,102,4364,1114
28820,"Kinston, NC",2025-05-01,43,53,22,0,118,4482,1157
28820,"Kinston, NC",2025-06-01,41,52,18,8,119,4601,1198
28820,"Kinston, NC",2025-07-01,29,45,10,2,86,4687,1227
28820,"Kinston, NC",2025-08-01,20,35,15,2,72,4759,1247
28820,"Kinston, NC",2025-09-01,0,1,0,0,1,4760,1247
34340,"Mount Airy, NC",2019-01-01,0,1,2,0,3,3,0
34340,"Mount Airy, NC",2019-02-01,0,4,0,0,4,7,0
34340,"Mount Airy, NC",2019-03-01,0,2,4,0,6,13,0
34340,"Mount Airy, NC",2019-04-01,0,2,4,0,6,19,0
34340,"Mount Airy, NC",2019-05-01,0,3,0,0,3,22,0
34340,"Mount Airy, NC",2019-06-01,0,4,0,1,5,27,0
34340,"Mount Airy, NC",2019-07-01,0,2,0,0,2,29,0
34340,"Mount Airy, NC",2019-08-01,2,6,4,0,12,41,2
34340,"Mount Airy, NC",2019-09-01,0,13,5,1,19,60,2
34340,"Mount Airy, NC",2019-10-01,0,10,1,0,11,71,2
34340,"Mount Airy, NC",2019-11-01,2,10,4,0,16,87,4
34340,"Mount Airy, NC",2019-12-01,1,5,2,0,8,95,5
34340,"Mount Airy, NC",2020-01-01,2,7,5,0,14,109,7
34340,"Mount Airy, NC",2020-02-01,0,4,2,0,6,115,7
34340,"Mount Airy, NC",2020-03-01,1,11,3,0,15,130,8
34340,"Mount Airy, NC",2020-04-01,7,15,3,0,25,155,15
34340,"Mount Airy, NC",2020-05-01,5,15,2,1,23,178,20
34340,"Mount Airy, NC",2020-06-01,3,18,3,1,25,203,23
34340,"Mount Airy, NC",2020-07-01,9,13,4,0,26,229,32
34340,"Mount Airy, NC",2020-08-01,7,10,7,0,24,253,39
34340,"Mount Airy, NC",2020-09-01,5,17,3,0,25,278,44
34340,"Mount Airy, NC",2020-10-01,1,19,3,1,24,302,45
34340,"Mount Airy, NC",2020-11-01,3,9,6,0,18,320,48
34340,"Mount Airy, NC",2020-12-01,6,10,5,2,23,343,54
34340,"Mount Airy, NC",2021-01-01,6,26,8,1,41,384,60
34340,"Mount Airy, NC",2021-02-01,11,22,6,0,39,423,71
34340,"Mount Airy, NC",2021-03-01,12,29,7,1,49,472,83
34340,"Mount Airy, NC",2021-04-01,7,37,9,0,53,525,90
34340,"Mount Airy, NC",2021-05-01,9,29,8,0,46,571,99
34340,"Mount Airy, NC",2021-06-01,9,35,5,0,49,620,108
34340,"Mount Airy, NC",2021-07-01,12,32,10,2,56,676,120
34340,"Mount Airy, NC",2021-08-01,15,33,15,3,66,742,135
34340,"Mount Airy, NC",2021-09-01,9,35,12,0,56,798,144
34340,"Mount Airy, NC",2021-10-01,5,22,4,1,32,830,149
34340,"Mount Airy, NC",2021-11-01,9,26,5,2,42,872,158
34340,"Mount Airy, NC",2021-12-01,9,24,13,0,46,918,167
34340,"Mount Airy, NC",2022-01-01,14,41,13,2,70,988,181
34340,"Mount Airy, NC",2022-02-01,13,32,6,1,52,1040,194
34340,"Mount Airy, NC",2022-03-01,10,35,9,2,56,1096,204
34340,"Mount Airy, NC",2022-04-01,16,30,5,0,51,1147,220
34340,"Mount Airy, NC",2022-05-01,10,16,8,1,35,1182,230
34340,"Mount Airy, NC",2022-06-01,9,25,7,0,41,1223,239
34340,"Mount Airy, NC",2022-07-01,7,18,6,0,31,1254,246
34340,"Mount Airy, NC",2022-08-01,4,21,8,0,33,1287,250
34340,"Mount Airy, NC",2022-09-01,8,16,8,0,32,1319,258
34340,"Mount Airy, NC",2022-10-01,9,18,10,0,37,1356,267
34340,"Mount Airy, NC",2022-11-01,12,27,12,1,52,1408,279
34340,"Mount Airy, NC",2022-12-01,18,30,9,0,57,1465,297
34340,"Mount Airy, NC",2023-01-01,19,25,6,1,51,1516,316
34340,"Mount Airy, NC",2023-02-01,10,24,8,1,43,1559,326
34340,"Mount Airy, NC",2023-03-01,17,22,9,0,48,1607,343
34340,"Mount Airy, NC",2023-04-01,14,31,6,0,51,1658,357
34340,"Mount Airy, NC",2023-05-01,14,20,8,0,42,1700,371
34340,"Mount Airy, NC",2023-06-01,9,20,4,2,35,1735,380
34340,"Mount Airy, NC",2023-07-01,7,16,8,1,32,1767,387
34340,"Mount Airy, NC",2023-08-01,11,9,5,0,25,1792,398
34340,"Mount Airy, NC",2023-09-01,11,13,6,0,30,1822,409
34340,"Mount Airy, NC",2023-10-01,12,17,11,1,41,1863,421
34340,"Mount Airy, NC",2023-11-01,20,16,6,1,43,1906,441
34340,"Mount Airy, NC",2023-12-01,19,16,13,2,50,1956,460
34340,"Mount Airy, NC",2024-01-01,22,21,6,1,50,2006,482
34340,"Mount Airy, NC",2024-02-01,15,21,10,1,47,2053,497
34340,"Mount Airy, NC",2024-03-01,15,26,5,0,46,2099,512
34340,"Mount Airy, NC",2024-04-01,21,17,5,2,45,2144,533
34340,"Mount Airy, NC",2024-05-01,8,12,5,0,25,2169,541
34340,"Mount Airy, NC",2024-06-01,7,11,4,0,22,2191,548
34340,"Mount Airy, NC",2024-07-01,6,15,1,0,22,2213,554
34340,"Mount Airy, NC",2024-08-01,13,18,9,1,41,2254,567
34340,"Mount Airy, NC",2024-09-01,12,29,7,1,49,2303,579
34340,"Mount Airy, NC",2024-10-01,20,24,10,0,54,2357,599
34340,"Mount Airy, NC",2024-11-01,18,22,5,3,48,2405,617
34340,"Mount Airy, NC",2024-12-01,24,27,10,0,61,2466,641
34340,"Mount Airy, NC",2025-01-01,15,29,9,0,53,2519,656
34340,"Mount Airy, NC",2025-02-01,21,22,5,0,48,2567,677
34340,"Mount Airy, NC",2025-03-01,24,17,12,0,53,2620,701
34340,"Mount Airy, NC",2025-04-01,23,15,7,0,45,2665,724
34340,"Mount Airy, NC",2025-05-01,30,24,5,1,60,2725,754
34340,"Mount Airy, NC",2025-06-01,22,35,15,4,76,2801,776
34340,"Mount Airy, NC",2025-07-01,21,24,14,2,61,2862,797
34340,"Mount Airy, NC",2025-08-01,23,33,5,1,62,2924,820
34340,"Mount Airy, NC",2025-09-01,0,2,1,0,3,2927,820
19340,"Davenport-Moline-Rock Island, IA-IL",2019-01-01,0,34,6,0,40,40,0
19340,"Davenport-Moline-Rock Island, IA-IL",2019-02-01,2,43,10,1,56,96,2
19340,"Davenport-Moline-Rock Island, IA-IL",2019-03-01,0,47,10,5,62,158,2
19340,"Davenport-Moline-Rock Island, IA-IL",2019-04-01,1,53,16,2,72,230,3
19340,"Davenport-Moline-Rock Island, IA-IL",2019-05-01,1,66,11,0,78,308,4
19340,"Davenport-Moline-Rock Island, IA-IL",2019-06-01,5,40,18,0,63,371,9
19340,"Davenport-Moline-Rock Island, IA-IL",2019-07-01,6,57,11,0,74,445,15
19340,"Davenport-Moline-Rock Island, IA-IL",2019-08-01,5,42,17,1,65,510,20
19340,"Davenport-Moline-Rock Island, IA-IL",2019-09-01,3,66,19,2,90,600,23
19340,"Davenport-Moline-Rock Island, IA-IL",2019-10-01,3,20,7,0,30,630,26
19340,"Davenport-Moline-Rock Island, IA-IL",2019-11-01,9,52,12,3,76,706,35
19340,"Davenport-Moline-Rock Island, IA-IL",2019-12-01,5,35,8,0,48,754,40
19340,"Davenport-Moline-Rock Island, IA-IL",2020-01-01,9,61,13,1,84,838,49
19340,"Davenport-Moline-Rock Island, IA-IL",2020-02-01,11,66,15,3,95,933,60
19340,"Davenport-Moline-Rock Island, IA-IL",2020-03-01,14,68,26,3,111,1044,74
19340,"Davenport-Moline-Rock Island, IA-IL",2020-04-01,62,203,48,6,319,1363,136
19340,"Davenport-Moline-Rock Island, IA-IL",2020-05-01,77,178,39,3,297,1660,213
19340,"Davenport-Moline-Rock Island, IA-IL",2020-06-01,31,106,21,1,159,1819,244
19340,"Davenport-Moline-Rock Island, IA-IL",2020-07-01,78,193,46,3,320,2139,322
19340,"Davenport-Moline-Rock Island, IA-IL",2020-08-01,64,223,50,3,340,2479,386
19340,"Davenport-Moline-Rock Island, IA-IL",2020-09-01,59,170,32,5,266,2745,445
19340,"Davenport-Moline-Rock Island, IA-IL",2020-10-01,45,120,40,4,209,2954,490
19340,"Davenport-Moline-Rock Island, IA-IL",2020-11-01,40,82,28,4,154,3108,530
19340,"Davenport-Moline-Rock Island, IA-IL",2020-12-01,40,73,28,3,144,3252,570
19340,"Davenport-Moline-Rock Island, IA-IL",2021-01-01,130,196,52,3,381,3633,700
19340,"Davenport-Moline-Rock Island, IA-IL",2021-02-01,107,185,38,2,332,3965,807
19340,"Davenport-Moline-Rock Island, IA-IL",2021-03-01,121,257,66,7,451,4416,928
19340,"Davenport-Moline-Rock Island, IA-IL",2021-04-01,99,225,36,8,368,4784,1027
19340,"Davenport-Moline-Rock Island, IA-IL",2021-05-01,45,123,16,2,186,4970,1072
19340,"Davenport-Moline-Rock Island, IA-IL",2021-06-01,81,196,34,5,316,5286,1153
19340,"Davenport-Moline-Rock Island, IA-IL",2021-07-01,40,82,19,2,143,5429,1193
19340,"Davenport-Moline-Rock Island, IA-IL",2021-08-01,26,70,20,3,119,5548,1219
19340,"Davenport-Moline-Rock Island, IA-IL",2021-09-01,63,132,33,2,230,5778,1282
19340,"Davenport-Moline-Rock Island, IA-IL",2021-10-01,53,108,35,3,199,5977,1335
19340,"Davenport-Moline-Rock Island, IA-IL",2021-11-01,40,102,29,4,175,6152,1375
19340,"Davenport-Moline-Rock Island, IA-IL",2021-12-01,85,174,51,3,313,6465,1460
19340,"Davenport-Moline-Rock Island, IA-IL",2022-01-01,138,277,65,8,488,6953,1598
19340,"Davenport-Moline-Rock Island, IA-IL",2022-02-01,55,133,48,2,238,7191,1653
19340,"Davenport-Moline-Rock Island, IA-IL",2022-03-01,83,182,47,4,316,7507,1736
19340,"Davenport-Moline-Rock Island, IA-IL",2022-04-01,66,100,19,4,189,7696,1802
19340,"Davenport-Moline-Rock Island, IA-IL",2022-05-01,69,141,32,1,243,7939,1871
19340,"Davenport-Moline-Rock Island, IA-IL",2022-06-01,48,97,33,4,182,8121,1919
19340,"Davenport-Moline-Rock Island, IA-IL",2022-07-01,44,88,27,1,160,8281,1963
19340,"Davenport-Moline-Rock Island, IA-IL",2022-08-01,61,126,35,1,223,8504,2024
19340,"Davenport-Moline-Rock Island, IA-IL",2022-09-01,85,170,52,3,310,8814,2109
19340,"Davenport-Moline-Rock Island, IA-IL",2022-10-01,72,115,33,5,225,9039,2181
19340,"Davenport-Moline-Rock Island, IA-IL",2022-11-01,58,125,43,1,227,9266,2239
19340,"Davenport-Moline-Rock Island, IA-IL",2022-12-01,108,155,50,2,315,9581,2347
19340,"Davenport-Moline-Rock Island, IA-IL",2023-01-01,109,171,53,4,337,9918,2456
19340,"Davenport-Moline-Rock Island, IA-IL",2023-02-01,124,150,50,2,326,10244,2580
19340,"Davenport-Moline-Rock Island, IA-IL",2023-03-01,124,174,47,3,348,10592,2704
19340,"Davenport-Moline-Rock Island, IA-IL",2023-04-01,98,126,36,1,261,10853,2802
19340,"Davenport-Moline-Rock Island, IA-IL",2023-05-01,50,79,24,2,155,11008,2852
19340,"Davenport-Moline-Rock Island, IA-IL",2023-06-01,38,55,12,0,105,11113,2890
19340,"Davenport-Moline-Rock Island, IA-IL",2023-07-01,35,66,11,1,113,11226,2925
19340,"Davenport-Moline-Rock Island, IA-IL",2023-08-01,51,74,23,2,150,11376,2976
19340,"Davenport-Moline-Rock Island, IA-IL",2023-09-01,48,95,31,2,176,11552,3024
19340,"Davenport-Moline-Rock Island, IA-IL",2023-10-01,96,141,53,5,295,11847,3120
19340,"Davenport-Moline-Rock Island, IA-IL",2023-11-01,97,131,47,2,277,12124,3217
19340,"Davenport-Moline-Rock Island, IA-IL",2023-12-01,111,121,41,4,277,12401,3328
19340,"Davenport-Moline-Rock Island, IA-IL",2024-01-01,127,109,35,2,273,12674,3455
19340,"Davenport-Moline-Rock Island, IA-IL",2024-02-01,126,128,40,7,301,12975,3581
19340,"Davenport-Moline-Rock Island, IA-IL",2024-03-01,135,153,40,6,334,13309,3716
19340,"Davenport-Moline-Rock Island, IA-IL",2024-04-01,123,133,36,2,294,13603,3839
19340,"Davenport-Moline-Rock Island, IA-IL",2024-05-01,139,137,34,4,314,13917,3978
19340,"Davenport-Moline-Rock Island, IA-IL",2024-06-01,59,58,17,1,135,14052,4037
19340,"Davenport-Moline-Rock Island, IA-IL",2024-07-01,135,148,35,2,320,14372,4172
19340,"Davenport-Moline-Rock Island, IA-IL",2024-08-01,70,114,35,3,222,14594,4242
19340,"Davenport-Moline-Rock Island, IA-IL",2024-09-01,77,101,28,3,209,14803,4319
19340,"Davenport-Moline-Rock Island, IA-IL",2024-10-01,112,145,47,10,314,15117,4431
19340,"Davenport-Moline-Rock Island, IA-IL",2024-11-01,135,150,43,5,333,15450,4566
19340,"Davenport-Moline-Rock Island, IA-IL",2024-12-01,154,135,57,3,349,15799,4720
19340,"Davenport-Moline-Rock Island, IA-IL",2025-01-01,162,166,42,5,375,16174,4882
19340,"Davenport-Moline-Rock Island, IA-IL",2025-02-01,146,125,43,1,315,16489,5028
19340,"Davenport-Moline-Rock Island, IA-IL",2025-03-01,157,158,60,6,381,16870,5185
19340,"Davenport-Moline-Rock Island, IA-IL",2025-04-01,162,190,57,4,413,17283,5347
19340,"Davenport-Moline-Rock Island, IA-IL",2025-05-01,180,162,52,5,399,17682,5527
19340,"Davenport-Moline-Rock Island, IA-IL",2025-06-01,183,176,59,5,423,18105,5710
19340,"Davenport-Moline-Rock Island, IA-IL",2025-07-01,164,133,46,5,348,18453,5874
19340,"Davenport-Moline-Rock Island, IA-IL",2025-08-01,108,156,35,5,304,18757,5982
19340,"Davenport-Moline-Rock Island, IA-IL",2025-09-01,7,5,1,0,13,18770,5989
42780,"Selinsgrove, PA",2019-01-01,0,2,0,0,2,2,0
42780,"Selinsgrove, PA",2019-03-01,0,6,1,0,7,9,0
42780,"Selinsgrove, PA",2019-04-01,0,9,5,0,14,23,0
42780,"Selinsgrove, PA",2019-05-01,0,6,6,1,13,36,0
42780,"Selinsgrove, PA",2019-06-01,1,11,2,1,15,51,1
42780,"Selinsgrove, PA",2019-07-01,1,17,6,0,24,75,2
42780,"Selinsgrove, PA",2019-08-01,2,22,7,0,31,106,4
42780,"Selinsgrove, PA",2019-09-01,1,15,5,0,21,127,5
42780,"Selinsgrove, PA",2019-10-01,2,20,3,1,26,153,7
42780,"Selinsgrove, PA",2019-11-01,0,13,2,1,16,169,7
42780,"Selinsgrove, PA",2019-12-01,1,8,5,0,14,183,8
42780,"Selinsgrove, PA",2020-01-01,3,15,0,0,18,201,11
42780,"Selinsgrove, PA",2020-02-01,3,10,5,0,18,219,14
42780,"Selinsgrove, PA",2020-03-01,3,15,1,0,19,238,17
42780,"Selinsgrove, PA",2020-04-01,3,18,9,1,31,269,20
42780,"Selinsgrove, PA",2020-05-01,14,39,9,0,62,331,34
42780,"Selinsgrove, PA",2020-06-01,14,32,2,1,49,380,48
42780,"Selinsgrove, PA",2020-07-01,9,44,5,1,59,439,57
42780,"Selinsgrove, PA",2020-08-01,17,48,10,0,75,514,74
42780,"Selinsgrove, PA",2020-09-01,15,31,11,2,59,573,89
42780,"Selinsgrove, PA",2020-10-01,8,28,9,0,45,618,97
42780,"Selinsgrove, PA",2020-11-01,9,22,6,0,37,655,106
42780,"Selinsgrove, PA",2020-12-01,11,28,5,1,45,700,117
42780,"Selinsgrove, PA",2021-01-01,27,38,5,1,71,771,144
42780,"Selinsgrove, PA",2021-02-01,24,29,11,1,65,836,168
42780,"Selinsgrove, PA",2021-03-01,17,32,7,1,57,893,185
42780,"Selinsgrove, PA",2021-04-01,11,33,7,1,52,945,196
42780,"Selinsgrove, PA",2021-05-01,23,67,11,0,101,1046,219
42780,"Selinsgrove, PA",2021-06-01,18,41,4,1,64,1110,237
42780,"Selinsgrove, PA",2021-07-01,21,49,3,0,73,1183,258
42780,"Selinsgrove, PA",2021-08-01,11,42,9,1,63,1246,269
42780,"Selinsgrove, PA",2021-09-01,21,34,12,2,69,1315,290
42780,"Selinsgrove, PA",2021-10-01,11,27,12,0,50,1365,301
42780,"Selinsgrove, PA",2021-11-01,12,33,10,1,56,1421,313
42780,"Selinsgrove, PA",2021-12-01,20,37,16,0,73,1494,333
42780,"Selinsgrove, PA",2022-01-01,14,62,8,1,85,1579,347
42780,"Selinsgrove, PA",2022-02-01,12,36,12,0,60,1639,359
42780,"Selinsgrove, PA",2022-03-01,18,22,11,0,51,1690,377
42780,"Selinsgrove, PA",2022-04-01,14,34,14,0,62,1752,391
42780,"Selinsgrove, PA",2022-05-01,18,23,8,2,51,1803,409
42780,"Selinsgrove, PA",2022-06-01,26,16,7,0,49,1852,435
42780,"Selinsgrove, PA",2022-07-01,15,20,6,1,42,1894,450
42780,"Selinsgrove, PA",2022-08-01,15,25,16,0,56,1950,465
42780,"Selinsgrove, PA",2022-09-01,16,28,11,0,55,2005,481
42780,"Selinsgrove, PA",2022-10-01,15,34,9,2,60,2065,496
42780,"Selinsgrove, PA",2022-11-01,23,31,12,1,67,2132,519
42780,"Selinsgrove, PA",2022-12-01,23,30,8,0,61,2193,542
42780,"Selinsgrove, PA",2023-01-01,18,29,8,0,55,2248,560
42780,"Selinsgrove, PA",2023-02-01,14,24,9,2,49,2297,574
42780,"Selinsgrove, PA",2023-03-01,27,26,9,1,63,2360,601
42780,"Selinsgrove, PA",2023-04-01,18,26,11,1,56,2416,619
42780,"Selinsgrove, PA",2023-05-01,25,29,5,1,60,2476,644
42780,"Selinsgrove, PA",2023-06-01,15,15,9,1,40,2516,659
42780,"Selinsgrove, PA",2023-07-01,6,17,5,0,28,2544,665
42780,"Selinsgrove, PA",2023-08-01,15,20,9,0,44,2588,680
42780,"Selinsgrove, PA",2023-09-01,8,25,2,2,37,2625,688
42780,"Selinsgrove, PA",2023-10-01,26,24,12,1,63,2688,714
42780,"Selinsgrove, PA",2023-11-01,34,26,15,0,75,2763,748
42780,"Selinsgrove, PA",2023-12-01,24,34,10,0,68,2831,772
42780,"Selinsgrove, PA",2024-01-01,25,28,17,1,71,2902,797
42780,"Selinsgrove, PA",2024-02-01,38,27,10,1,76,2978,835
42780,"Selinsgrove, PA",2024-03-01,42,38,15,0,95,3073,877
42780,"Selinsgrove, PA",2024-04-01,23,21,12,1,57,3130,900
42780,"Selinsgrove, PA",2024-05-01,25,20,2,0,47,3177,925
42780,"Selinsgrove, PA",2024-06-01,11,11,5,2,29,3206,936
42780,"Selinsgrove, PA",2024-07-01,13,21,4,0,38,3244,949
42780,"Selinsgrove, PA",2024-08-01,11,14,5,0,30,3274,960
42780,"Selinsgrove, PA",2024-09-01,30,23,12,0,65,3339,990
42780,"Selinsgrove, PA",2024-10-01,41,34,10,0,85,3424,1031
42780,"Selinsgrove, PA",2024-11-01,43,29,14,1,87,3511,1074
42780,"Selinsgrove, PA",2024-12-01,42,28,6,1,77,3588,1116
42780,"Selinsgrove, PA",2025-01-01,48,37,9,1,95,3683,1164
42780,"Selinsgrove, PA",2025-02-01,30,32,14,2,78,3761,1194
42780,"Selinsgrove, PA",2025-03-01,53,29,16,2,100,3861,1247
42780,"Selinsgrove, PA",2025-04-01,25,23,7,3,58,3919,1272
42780,"Selinsgrove, PA",2025-05-01,37,31,11,0,79,3998,1309
42780,"Selinsgrove, PA",2025-06-01,37,27,13,0,77,4075,1346
42780,"Selinsgrove, PA",2025-07-01,29,22,8,0,59,4134,1375
42780,"Selinsgrove, PA",2025-08-01,33,25,4,1,63,4197,1408
42780,"Selinsgrove, PA",2025-09-01,0,1,0,0,1,4198,1408
35300,"New Haven, CT",2019-01-01,2,56,21,2,81,81,2
35300,"New Haven, CT",2019-02-01,1,78,23,3,105,186,3
35300,"New Haven, CT",2019-03-01,7,114,25,3,149,335,10
35300,"New Haven, CT",2019-04-01,8,107,23,5,143,478,18
35300,"New Haven, CT",2019-05-01,2,114,29,2,147,625,20
35300,"New Haven, CT",2019-06-01,2,37,4,0,43,668,22
35300,"New Haven, CT",2019-07-01,6,106,26,1,139,807,28
35300,"New Haven, CT",2019-08-01,7,100,19,3,129,936,35
35300,"New Haven, CT",2019-09-01,12,115,26,1,154,1090,47
35300,"New Haven, CT",2019-10-01,10,110,28,2,150,1240,57
35300,"New Haven, CT",2019-11-01,4,68,14,1,87,1327,61
35300,"New Haven, CT",2019-12-01,12,77,18,1,108,1435,73
35300,"New Haven, CT",2020-01-01,17,132,26,0,175,1610,90
35300,"New Haven, CT",2020-02-01,12,95,10,1,118,1728,102
35300,"New Haven, CT",2020-03-01,9,74,23,1,107,1835,111
35300,"New Haven, CT",2020-04-01,57,285,53,8,403,2238,168
35300,"New Haven, CT",2020-05-01,124,352,69,5,550,2788,292
35300,"New Haven, CT",2020-06-01,86,251,56,2,395,3183,378
35300,"New Haven, CT",2020-07-01,120,356,62,9,547,3730,498
35300,"New Haven, CT",2020-08-01,82,387,76,11,556,4286,580
35300,"New Haven, CT",2020-09-01,73,360,62,12,507,4793,653
35300,"New Haven, CT",2020-10-01,45,212,40,7,304,5097,698
35300,"New Haven, CT",2020-11-01,25,96,22,3,146,5243,723
35300,"New Haven, CT",2020-12-01,66,169,33,2,270,5513,789
35300,"New Haven, CT",2021-01-01,107,259,65,2,433,5946,896
35300,"New Haven, CT",2021-02-01,129,344,80,7,560,6506,1025
35300,"New Haven, CT",2021-03-01,133,401,89,10,633,7139,1158
35300,"New Haven, CT",2021-04-01,124,429,86,14,653,7792,1282
35300,"New Haven, CT",2021-05-01,163,435,70,11,679,8471,1445
35300,"New Haven, CT",2021-06-01,141,400,79,9,629,9100,1586
35300,"New Haven, CT",2021-07-01,95,410,76,11,592,9692,1681
35300,"New Haven, CT",2021-08-01,80,407,75,6,568,10260,1761
35300,"New Haven, CT",2021-09-01,83,439,118,7,647,10907,1844
35300,"New Haven, CT",2021-10-01,75,272,67,7,421,11328,1919
35300,"New Haven, CT",2021-11-01,66,213,56,4,339,11667,1985
35300,"New Haven, CT",2021-12-01,131,316,79,7,533,12200,2116
35300,"New Haven, CT",2022-01-01,144,412,84,7,647,12847,2260
35300,"New Haven, CT",2022-02-01,51,169,35,4,259,13106,2311
35300,"New Haven, CT",2022-03-01,120,312,80,8,520,13626,2431
35300,"New Haven, CT",2022-04-01,95,267,75,7,444,14070,2526
35300,"New Haven, CT",2022-05-01,123,237,50,8,418,14488,2649
35300,"New Haven, CT",2022-06-01,41,79,24,2,146,14634,2690
35300,"New Haven, CT",2022-07-01,37,111,28,1,177,14811,2727
35300,"New Haven, CT",2022-08-01,26,93,20,1,140,14951,2753
35300,"New Haven, CT",2022-09-01,75,180,43,8,306,15257,2828
35300,"New Haven, CT",2022-10-01,48,157,44,2,251,15508,2876
35300,"New Haven, CT",2022-11-01,86,217,67,4,374,15882,2962
35300,"New Haven, CT",2022-12-01,126,243,52,2,423,16305,3088
35300,"New Haven, CT",2023-01-01,103,221,74,8,406,16711,3191
35300,"New Haven, CT",2023-02-01,74,175,47,8,304,17015,3265
35300,"New Haven, CT",2023-03-01,96,199,68,5,368,17383,3361
35300,"New Haven, CT",2023-04-01,81,167,33,5,286,17669,3442
35300,"New Haven, CT",2023-05-01,44,81,19,1,145,17814,3486
35300,"New Haven, CT",2023-06-01,23,65,12,4,104,17918,3509
35300,"New Haven, CT",2023-07-01,37,76,19,1,133,18051,3546
35300,"New Haven, CT",2023-08-01,32,75,13,2,122,18173,3578
35300,"New Haven, CT",2023-09-01,99,187,64,5,355,18528,3677
35300,"New Haven, CT",2023-10-01,126,245,81,7,459,18987,3803
35300,"New Haven, CT",2023-11-01,106,237,84,13,440,19427,3909
35300,"New Haven, CT",2023-12-01,124,230,82,4,440,19867,4033
35300,"New Haven, CT",2024-01-01,124,287,78,10,499,20366,4157
35300,"New Haven, CT",2024-02-01,123,222,63,12,420,20786,4280
35300,"New Haven, CT",2024-03-01,118,226,65,10,419,21205,4398
35300,"New Haven, CT",2024-04-01,98,176,46,2,322,21527,4496
35300,"New Haven, CT",2024-05-01,140,212,71,9,432,21959,4636
35300,"New Haven, CT",2024-06-01,107,203,79,15,404,22363,4743
35300,"New Haven, CT",2024-07-01,113,183,57,19,372,22735,4856
35300,"New Haven, CT",2024-08-01,93,203,85,28,409,23144,4949
35300,"New Haven, CT",2024-09-01,79,197,60,11,347,23491,5028
35300,"New Haven, CT",2024-10-01,130,215,60,10,415,23906,5158
35300,"New Haven, CT",2024-11-01,137,253,65,12,467,24373,5295
35300,"New Haven, CT",2024-12-01,156,213,64,6,439,24812,5451
35300,"New Haven, CT",2025-01-01,157,241,59,6,463,25275,5608
35300,"New Haven, CT",2025-02-01,137,157,45,2,341,25616,5745
35300,"New Haven, CT",2025-03-01,156,205,62,10,433,26049,5901
35300,"New Haven, CT",2025-04-01,123,213,62,8,406,26455,6024
35300,"New Haven, CT",2025-05-01,158,167,47,7,379,26834,6182
35300,"New Haven, CT",2025-06-01,131,184,64,1,380,27214,6313
35300,"New Haven, CT",2025-07-01,141,154,59,6,360,27574,6454
35300,"New Haven, CT",2025-08-01,104,139,34,2,279,27853,6558
35300,"New Haven, CT",2025-09-01,1,2,2,0,5,27858,6559
32100,"Marquette, MI",2019-01-01,0,2,1,0,3,3,0
32100,"Marquette, MI",2019-02-01,0,1,0,0,1,4,0
32100,"Marquette, MI",2019-03-01,0,1,0,0,1,5,0
32100,"Marquette, MI",2019-04-01,2,30,2,0,34,39,2
32100,"Marquette, MI",2019-05-01,0,31,2,0,33,72,2
32100,"Marquette, MI",2019-06-01,0,18,0,0,18,90,2
32100,"Marquette, MI",2019-07-01,1,14,1,0,16,106,3
32100,"Marquette, MI",2019-08-01,1,11,1,0,13,119,4
32100,"Marquette, MI",2019-09-01,7,19,0,0,26,145,11
32100,"Marquette, MI",2019-10-01,4,21,2,0,27,172,15
32100,"Marquette, MI",2019-11-01,7,14,0,0,21,193,22
32100,"Marquette, MI",2019-12-01,3,12,2,0,17,210,25
32100,"Marquette, MI",2020-01-01,1,20,0,0,21,231,26
32100,"Marquette, MI",2020-02-01,2,10,3,0,15,246,28
32100,"Marquette, MI",2020-03-01,3,22,2,0,27,273,31
32100,"Marquette, MI",2020-04-01,10,22,4,1,37,310,41
32100,"Marquette, MI",2020-05-01,14,19,0,0,33,343,55
32100,"Marquette, MI",2020-06-01,12,24,4,0,40,383,67
32100,"Marquette, MI",2020-07-01,12,22,2,0,36,419,79
32100,"Marquette, MI",2020-08-01,9,21,1,1,32,451,88
32100,"Marquette, MI",2020-09-01,15,32,1,1,49,500,103
32100,"Marquette, MI",2020-10-01,10,14,0,0,24,524,113
32100,"Marquette, MI",2020-11-01,10,21,1,0,32,556,123
32100,"Marquette, MI",2020-12-01,13,22,3,0,38,594,136
32100,"Marquette, MI",2021-01-01,21,12,3,1,37,631,157
32100,"Marquette, MI",2021-02-01,24,18,4,0,46,677,181
32100,"Marquette, MI",2021-03-01,29,29,5,1,64,741,210
32100,"Marquette, MI",2021-04-01,22,16,6,1,45,786,232
32100,"Marquette, MI",2021-05-01,21,30,1,0,52,838,253
32100,"Marquette, MI",2021-06-01,14,25,3,0,42,880,267
32100,"Marquette, MI",2021-07-01,13,22,2,0,37,917,280
32100,"Marquette, MI",2021-08-01,15,22,3,1,41,958,295
32100,"Marquette, MI",2021-09-01,21,13,10,1,45,1003,316
32100,"Marquette, MI",2021-10-01,17,28,5,1,51,1054,333
32100,"Marquette, MI",2021-11-01,20,23,4,0,47,1101,353
32100,"Marquette, MI",2021-12-01,16,20,6,0,42,1143,369
32100,"Marquette, MI",2022-01-01,34,22,5,0,61,1204,403
32100,"Marquette, MI",2022-02-01,16,23,6,0,45,1249,419
32100,"Marquette, MI",2022-03-01,13,21,4,0,38,1287,432
32100,"Marquette, MI",2022-04-01,11,15,7,0,33,1320,443
32100,"Marquette, MI",2022-05-01,13,8,1,1,23,1343,456
32100,"Marquette, MI",2022-06-01,23,13,3,0,39,1382,479
32100,"Marquette, MI",2022-07-01,23,12,7,0,42,1424,502
32100,"Marquette, MI",2022-08-01,17,19,6,1,43,1467,519
32100,"Marquette, MI",2022-09-01,26,22,4,0,52,1519,545
32100,"Marquette, MI",2022-10-01,18,21,2,0,41,1560,563
32100,"Marquette, MI",2022-11-01,16,9,3,0,28,1588,579
32100,"Marquette, MI",2022-12-01,25,13,6,0,44,1632,604
32100,"Marquette, MI",2023-01-01,20,18,3,0,41,1673,624
32100,"Marquette, MI",2023-02-01,29,12,5,0,46,1719,653
32100,"Marquette, MI",2023-03-01,22,29,3,0,54,1773,675
32100,"Marquette, MI",2023-04-01,30,17,4,2,53,1826,705
32100,"Marquette, MI",2023-05-01,21,10,1,0,32,1858,726
32100,"Marquette, MI",2023-06-01,14,16,3,0,33,1891,740
32100,"Marquette, MI",2023-07-01,17,20,2,2,41,1932,757
32100,"Marquette, MI",2023-08-01,16,13,2,0,31,1963,773
32100,"Marquette, MI",2023-09-01,32,13,3,0,48,2011,805
32100,"Marquette, MI",2023-10-01,27,15,4,0,46,2057,832
32100,"Marquette, MI",2023-11-01,23,18,5,2,48,2105,855
32100,"Marquette, MI",2023-12-01,12,10,3,1,26,2131,867
32100,"Marquette, MI",2024-01-01,30,14,5,1,50,2181,897
32100,"Marquette, MI",2024-02-01,27,11,6,0,44,2225,924
32100,"Marquette, MI",2024-03-01,38,17,4,0,59,2284,962
32100,"Marquette, MI",2024-04-01,24,12,5,1,42,2326,986
32100,"Marquette, MI",2024-05-01,24,16,2,0,42,2368,1010
32100,"Marquette, MI",2024-06-01,19,14,5,0,38,2406,1029
32100,"Marquette, MI",2024-07-01,11,7,2,0,20,2426,1040
32100,"Marquette, MI",2024-08-01,15,10,2,0,27,2453,1055
32100,"Marquette, MI",2024-09-01,22,6,6,1,35,2488,1077
32100,"Marquette, MI",2024-10-01,33,10,5,2,50,2538,1110
32100,"Marquette, MI",2024-11-01,24,12,5,0,41,2579,1134
32100,"Marquette, MI",2024-12-01,17,12,3,0,32,2611,1151
32100,"Marquette, MI",2025-01-01,23,20,0,0,43,2654,1174
32100,"Marquette, MI",2025-02-01,35,14,3,0,52,2706,1209
32100,"Marquette, MI",2025-03-01,35,16,4,1,56,2762,1244
32100,"Marquette, MI",2025-04-01,32,14,4,1,51,2813,1276
32100,"Marquette, MI",2025-05-01,38,12,5,0,55,2868,1314
32100,"Marquette, MI",2025-06-01,25,12,5,2,44,2912,1339
32100,"Marquette, MI",2025-07-01,16,10,1,0,27,2939,1355
32100,"Marquette, MI",2025-08-01,22,10,4,1,37,2976,1377
32100,"Marquette, MI",2025-09-01,2,0,0,0,2,2978,1379
39480,"Putnam, CT",2019-01-01,0,3,1,0,4,4,0
39480,"Putnam, CT",2019-02-01,0,3,3,0,6,10,0
39480,"Putnam, CT",2019-03-01,0,5,1,0,6,16,0
39480,"Putnam, CT",2019-04-01,0,6,2,0,8,24,0
39480,"Putnam, CT",2019-05-01,0,14,2,0,16,40,0
39480,"Putnam, CT",2019-06-01,0,11,0,0,11,51,0
39480,"Putnam, CT",2019-07-01,0,7,6,0,13,64,0
39480,"Putnam, CT",2019-08-01,0,10,1,1,12,76,0
39480,"Putnam, CT",2019-09-01,1,11,2,0,14,90,1
39480,"Putnam, CT",2019-10-01,2,6,2,0,10,100,3
39480,"Putnam, CT",2019-11-01,0,16,2,0,18,118,3
39480,"Putnam, CT",2019-12-01,1,12,1,0,14,132,4
39480,"Putnam, CT",2020-01-01,0,9,3,0,12,144,4
39480,"Putnam, CT",2020-02-01,1,6,0,0,7,151,5
39480,"Putnam, CT",2020-03-01,0,8,0,0,8,159,5
39480,"Putnam, CT",2020-04-01,2,9,1,0,12,171,7
39480,"Putnam, CT",2020-05-01,7,18,2,0,27,198,14
39480,"Putnam, CT",2020-06-01,3,8,8,0,19,217,17
39480,"Putnam, CT",2020-07-01,3,21,1,0,25,242,20
39480,"Putnam, CT",2020-08-01,5,23,2,1,31,273,25
39480,"Putnam, CT",2020-09-01,5,17,8,0,30,303,30
39480,"Putnam, CT",2020-10-01,3,12,2,0,17,320,33
39480,"Putnam, CT",2020-11-01,2,12,1,0,15,335,35
39480,"Putnam, CT",2020-12-01,6,13,4,0,23,358,41
39480,"Putnam, CT",2021-01-01,7,19,6,0,32,390,48
39480,"Putnam, CT",2021-02-01,9,24,3,1,37,427,57
39480,"Putnam, CT",2021-03-01,16,29,5,1,51,478,73
39480,"Putnam, CT",2021-04-01,11,25,6,2,44,522,84
39480,"Putnam, CT",2021-05-01,15,32,6,1,54,576,99
39480,"Putnam, CT",2021-06-01,11,24,5,0,40,616,110
39480,"Putnam, CT",2021-07-01,12,35,8,0,55,671,122
39480,"Putnam, CT",2021-08-01,6,27,14,0,47,718,128
39480,"Putnam, CT",2021-09-01,14,38,6,0,58,776,142
39480,"Putnam, CT",2021-10-01,6,25,9,0,40,816,148
39480,"Putnam, CT",2021-11-01,4,18,8,0,30,846,152
39480,"Putnam, CT",2021-12-01,7,32,9,1,49,895,159
39480,"Putnam, CT",2022-01-01,15,42,11,0,68,963,174
39480,"Putnam, CT",2022-02-01,6,24,4,0,34,997,180
39480,"Putnam, CT",2022-03-01,14,33,15,1,63,1060,194
39480,"Putnam, CT",2022-04-01,9,28,7,0,44,1104,203
39480,"Putnam, CT",2022-05-01,5,29,7,0,41,1145,208
39480,"Putnam, CT",2022-06-01,4,15,4,0,23,1168,212
39480,"Putnam, CT",2022-07-01,8,8,6,0,22,1190,220
39480,"Putnam, CT",2022-08-01,4,12,3,1,20,1210,224
39480,"Putnam, CT",2022-09-01,18,45,5,2,70,1280,242
39480,"Putnam, CT",2022-10-01,7,34,5,1,47,1327,249
39480,"Putnam, CT",2022-11-01,12,36,19,0,67,1394,261
39480,"Putnam, CT",2022-12-01,19,40,13,1,73,1467,280
39480,"Putnam, CT",2023-01-01,18,38,19,1,76,1543,298
39480,"Putnam, CT",2023-02-01,32,34,14,1,81,1624,330
39480,"Putnam, CT",2023-03-01,17,39,9,1,66,1690,347
39480,"Putnam, CT",2023-04-01,20,26,10,0,56,1746,367
39480,"Putnam, CT",2023-05-01,9,14,7,0,30,1776,376
39480,"Putnam, CT",2023-06-01,7,21,4,0,32,1808,383
39480,"Putnam, CT",2023-07-01,8,21,12,0,41,1849,391
39480,"Putnam, CT",2023-08-01,7,15,2,0,24,1873,398
39480,"Putnam, CT",2023-09-01,17,26,15,2,60,1933,415
39480,"Putnam, CT",2023-10-01,18,37,8,2,65,1998,433
39480,"Putnam, CT",2023-11-01,16,37,16,1,70,2068,449
39480,"Putnam, CT",2023-12-01,17,27,8,2,54,2122,466
39480,"Putnam, CT",2024-01-01,11,41,5,1,58,2180,477
39480,"Putnam, CT",2024-02-01,21,36,13,1,71,2251,498
39480,"Putnam, CT",2024-03-01,23,31,10,0,64,2315,521
39480,"Putnam, CT",2024-04-01,13,34,3,0,50,2365,534
39480,"Putnam, CT",2024-05-01,14,25,8,3,50,2415,548
39480,"Putnam, CT",2024-06-01,22,24,12,0,58,2473,570
39480,"Putnam, CT",2024-07-01,22,26,6,0,54,2527,592
39480,"Putnam, CT",2024-08-01,15,29,5,1,50,2577,607
39480,"Putnam, CT",2024-09-01,16,26,10,1,53,2630,623
39480,"Putnam, CT",2024-10-01,19,27,8,1,55,2685,642
39480,"Putnam, CT",2024-11-01,16,32,6,0,54,2739,658
39480,"Putnam, CT",2024-12-01,17,22,8,0,47,2786,675
39480,"Putnam, CT",2025-01-01,22,37,10,2,71,2857,697
39480,"Putnam, CT",2025-02-01,19,25,15,0,59,2916,716
39480,"Putnam, CT",2025-03-01,18,25,9,0,52,2968,734
39480,"Putnam, CT",2025-04-01,22,26,8,1,57,3025,756
39480,"Putnam, CT",2025-05-01,20,22,8,0,50,3075,776
39480,"Putnam, CT",2025-06-01,12,19,8,0,39,3114,788
39480,"Putnam, CT",2025-07-01,9,26,6,0,41,3155,797
39480,"Putnam, CT",2025-08-01,11,18,8,0,37,3192,808
39480,"Putnam, CT",2025-09-01,0,1,0,0,1,3193,808
25775,"Henderson, KY",2019-01-01,0,16,4,0,20,20,0
25775,"Henderson, KY",2019-02-01,1,19,8,0,28,48,1
25775,"Henderson, KY",2019-03-01,1,24,5,0,30,78,2
25775,"Henderson, KY",2019-04-01,1,25,5,0,31,109,3
25775,"Henderson, KY",2019-05-01,1,20,8,0,29,138,4
25775,"Henderson, KY",2019-06-01,0,32,6,0,38,176,4
25775,"Henderson, KY",2019-07-01,0,16,7,1,24,200,4
25775,"Henderson, KY",2019-08-01,1,17,9,0,27,227,5
25775,"Henderson, KY",2019-09-01,3,16,5,0,24,251,8
25775,"Henderson, KY",2019-10-01,2,20,5,0,27,278,10
25775,"Henderson, KY",2019-11-01,0,18,2,1,21,299,10
25775,"Henderson, KY",2019-12-01,3,22,3,1,29,328,13
25775,"Henderson, KY",2020-01-01,4,20,9,1,34,362,17
25775,"Henderson, KY",2020-02-01,5,25,6,1,37,399,22
25775,"Henderson, KY",2020-03-01,10,48,13,0,71,470,32
25775,"Henderson, KY",2020-04-01,13,40,12,2,67,537,45
25775,"Henderson, KY",2020-05-01,23,71,24,2,120,657,68
25775,"Henderson, KY",2020-06-01,10,39,18,2,69,726,78
25775,"Henderson, KY",2020-07-01,15,79,18,3,115,841,93
25775,"Henderson, KY",2020-08-01,20,97,14,1,132,973,113
25775,"Henderson, KY",2020-09-01,12,74,10,1,97,1070,125
25775,"Henderson, KY",2020-10-01,20,62,27,0,109,1179,145
25775,"Henderson, KY",2020-11-01,7,34,15,1,57,1236,152
25775,"Henderson, KY",2020-12-01,8,29,14,2,53,1289,160
25775,"Henderson, KY",2021-01-01,28,96,25,0,149,1438,188
25775,"Henderson, KY",2021-02-01,25,60,14,0,99,1537,213
25775,"Henderson, KY",2021-03-01,28,86,18,2,134,1671,241
25775,"Henderson, KY",2021-04-01,22,92,17,1,132,1803,263
25775,"Henderson, KY",2021-05-01,16,53,8,1,78,1881,279
25775,"Henderson, KY",2021-06-01,14,45,17,1,77,1958,293
25775,"Henderson, KY",2021-07-01,8,50,7,0,65,2023,301
25775,"Henderson, KY",2021-08-01,10,37,14,1,62,2085,311
25775,"Henderson, KY",2021-09-01,16,60,12,1,89,2174,327
25775,"Henderson, KY",2021-10-01,7,43,11,3,64,2238,334
25775,"Henderson, KY",2021-11-01,10,52,16,0,78,2316,344
25775,"Henderson, KY",2021-12-01,16,36,17,2,71,2387,360
25775,"Henderson, KY",2022-01-01,23,42,17,0,82,2469,383
25775,"Henderson, KY",2022-02-01,22,64,21,1,108,2577,405
25775,"Henderson, KY",2022-03-01,17,53,12,0,82,2659,422
25775,"Henderson, KY",2022-04-01,11,57,12,0,80,2739,433
25775,"Henderson, KY",2022-05-01,22,47,14,2,85,2824,455
25775,"Henderson, KY",2022-06-01,11,37,9,0,57,2881,466
25775,"Henderson, KY",2022-07-01,5,25,6,1,37,2918,471
25775,"Henderson, KY",2022-08-01,19,40,23,1,83,3001,490
25775,"Henderson, KY",2022-09-01,35,79,29,4,147,3148,525
25775,"Henderson, KY",2022-10-01,23,71,31,4,129,3277,548
25775,"Henderson, KY",2022-11-01,9,53,13,1,76,3353,557
25775,"Henderson, KY",2022-12-01,35,48,22,1,106,3459,592
25775,"Henderson, KY",2023-01-01,27,56,17,7,107,3566,619
25775,"Henderson, KY",2023-02-01,35,63,15,1,114,3680,654
25775,"Henderson, KY",2023-03-01,34,89,19,2,144,3824,688
25775,"Henderson, KY",2023-04-01,16,52,21,5,94,3918,704
25775,"Henderson, KY",2023-05-01,13,43,11,1,68,3986,717
25775,"Henderson, KY",2023-06-01,24,33,10,0,67,4053,741
25775,"Henderson, KY",2023-07-01,12,51,11,0,74,4127,753
25775,"Henderson, KY",2023-08-01,17,47,18,2,84,4211,770
25775,"Henderson, KY",2023-09-01,14,50,26,2,92,4303,784
25775,"Henderson, KY",2023-10-01,24,59,17,2,102,4405,808
25775,"Henderson, KY",2023-11-01,53,61,22,0,136,4541,861
25775,"Henderson, KY",2023-12-01,26,69,24,3,122,4663,887
25775,"Henderson, KY",2024-01-01,30,84,19,4,137,4800,917
25775,"Henderson, KY",2024-02-01,34,68,16,1,119,4919,951
25775,"Henderson, KY",2024-03-01,42,85,31,2,160,5079,993
25775,"Henderson, KY",2024-04-01,42,81,21,2,146,5225,1035
25775,"Henderson, KY",2024-05-01,29,64,20,2,115,5340,1064
25775,"Henderson, KY",2024-06-01,27,44,21,0,92,5432,1091
25775,"Henderson, KY",2024-07-01,24,35,12,1,72,5504,1115
25775,"Henderson, KY",2024-08-01,45,95,26,4,170,5674,1160
25775,"Henderson, KY",2024-09-01,51,75,24,1,151,5825,1211
25775,"Henderson, KY",2024-10-01,40,51,14,1,106,5931,1251
25775,"Henderson, KY",2024-11-01,38,58,17,3,116,6047,1289
25775,"Henderson, KY",2024-12-01,40,71,22,2,135,6182,1329
25775,"Henderson, KY",2025-01-01,60,68,27,0,155,6337,1389
25775,"Henderson, KY",2025-02-01,54,60,18,1,133,6470,1443
25775,"Henderson, KY",2025-03-01,54,90,18,2,164,6634,1497
25775,"Henderson, KY",2025-04-01,48,70,24,2,144,6778,1545
25775,"Henderson, KY",2025-05-01,38,89,22,2,151,6929,1583
25775,"Henderson, KY",2025-06-01,58,70,25,1,154,7083,1641
25775,"Henderson, KY",2025-07-01,22,43,9,1,75,7158,1663
25775,"Henderson, KY",2025-08-01,24,43,12,0,79,7237,1687
25775,"Henderson, KY",2025-09-01,1,1,0,0,2,7239,1688
24900,"Greenwood, MS",2019-02-01,0,1,0,0,1,1,0
24900,"Greenwood, MS",2019-04-01,0,0,1,0,1,2,0
24900,"Greenwood, MS",2019-08-01,0,1,0,0,1,3,0
24900,"Greenwood, MS",2019-09-01,0,0,1,0,1,4,0
24900,"Greenwood, MS",2019-10-01,1,1,0,0,2,6,1
24900,"Greenwood, MS",2019-12-01,0,2,0,0,2,8,1
24900,"Greenwood, MS",2020-01-01,0,1,0,0,1,9,1
24900,"Greenwood, MS",2020-04-01,0,2,0,0,2,11,1
24900,"Greenwood, MS",2020-05-01,2,3,0,0,5,16,3
24900,"Greenwood, MS",2020-06-01,1,1,1,0,3,19,4
24900,"Greenwood, MS",2020-07-01,1,4,0,0,5,24,5
24900,"Greenwood, MS",2020-08-01,0,3,0,0,3,27,5
24900,"Greenwood, MS",2020-09-01,0,3,2,0,5,32,5
24900,"Greenwood, MS",2020-10-01,3,7,0,0,10,42,8
24900,"Greenwood, MS",2020-11-01,0,5,1,0,6,48,8
24900,"Greenwood, MS",2020-12-01,1,6,0,0,7,55,9
24900,"Greenwood, MS",2021-01-01,3,10,5,0,18,73,12
24900,"Greenwood, MS",2021-02-01,2,9,0,0,11,84,14
24900,"Greenwood, MS",2021-03-01,7,9,3,0,19,103,21
24900,"Greenwood, MS",2021-04-01,2,13,2,0,17,120,23
24900,"Greenwood, MS",2021-05-01,4,16,3,0,23,143,27
24900,"Greenwood, MS",2021-06-01,6,13,2,0,21,164,33
24900,"Greenwood, MS",2021-07-01,5,15,3,1,24,188,38
24900,"Greenwood, MS",2021-08-01,3,16,3,0,22,210,41
24900,"Greenwood, MS",2021-09-01,5,11,3,0,19,229,46
24900,"Greenwood, MS",2021-10-01,4,11,4,0,19,248,50
24900,"Greenwood, MS",2021-11-01,4,12,1,0,17,265,54
24900,"Greenwood, MS",2021-12-01,6,13,2,0,21,286,60
24900,"Greenwood, MS",2022-01-01,4,16,3,0,23,309,64
24900,"Greenwood, MS",2022-02-01,4,9,2,0,15,324,68
24900,"Greenwood, MS",2022-03-01,5,19,6,1,31,355,73
24900,"Greenwood, MS",2022-04-01,7,12,7,0,26,381,80
24900,"Greenwood, MS",2022-05-01,6,19,2,1,28,409,86
24900,"Greenwood, MS",2022-06-01,1,17,6,0,24,433,87
24900,"Greenwood, MS",2022-07-01,2,18,4,0,24,457,89
24900,"Greenwood, MS",2022-08-01,4,11,0,1,16,473,93
24900,"Greenwood, MS",2022-09-01,5,5,3,1,14,487,98
24900,"Greenwood, MS",2022-10-01,4,9,2,0,15,502,102
24900,"Greenwood, MS",2022-11-01,8,9,3,0,20,522,110
24900,"Greenwood, MS",2022-12-01,8,12,4,0,24,546,118
24900,"Greenwood, MS",2023-01-01,3,9,3,0,15,561,121
24900,"Greenwood, MS",2023-02-01,6,5,1,2,14,575,127
24900,"Greenwood, MS",2023-03-01,6,22,4,2,34,609,133
24900,"Greenwood, MS",2023-04-01,8,17,1,0,26,635,141
24900,"Greenwood, MS",2023-05-01,7,19,3,1,30,665,148
24900,"Greenwood, MS",2023-06-01,4,15,2,1,22,687,152
24900,"Greenwood, MS",2023-07-01,7,12,0,0,19,706,159
24900,"Greenwood, MS",2023-08-01,8,12,4,0,24,730,167
24900,"Greenwood, MS",2023-09-01,11,13,1,0,25,755,178
24900,"Greenwood, MS",2023-10-01,5,8,6,0,19,774,183
24900,"Greenwood, MS",2023-11-01,10,9,2,0,21,795,193
24900,"Greenwood, MS",2023-12-01,8,19,7,0,34,829,201
24900,"Greenwood, MS",2024-01-01,9,18,4,0,31,860,210
24900,"Greenwood, MS",2024-02-01,4,16,3,1,24,884,214
24900,"Greenwood, MS",2024-03-01,6,15,3,0,24,908,220
24900,"Greenwood, MS",2024-04-01,17,11,1,0,29,937,237
24900,"Greenwood, MS",2024-05-01,16,19,3,1,39,976,253
24900,"Greenwood, MS",2024-06-01,16,12,5,1,34,1010,269
24900,"Greenwood, MS",2024-07-01,7,11,4,1,23,1033,276
24900,"Greenwood, MS",2024-08-01,11,11,5,2,29,1062,287
24900,"Greenwood, MS",2024-09-01,13,15,5,0,33,1095,300
24900,"Greenwood, MS",2024-10-01,8,14,6,0,28,1123,308
24900,"Greenwood, MS",2024-11-01,8,16,1,0,25,1148,316
24900,"Greenwood, MS",2024-12-01,20,9,3,0,32,1180,336
24900,"Greenwood, MS",2025-01-01,16,11,1,0,28,1208,352
24900,"Greenwood, MS",2025-02-01,6,10,1,1,18,1226,358
24900,"Greenwood, MS",2025-03-01,8,7,3,0,18,1244,366
24900,"Greenwood, MS",2025-04-01,18,9,3,2,32,1276,384
24900,"Greenwood, MS",2025-05-01,12,10,7,0,29,1305,396
24900,"Greenwood, MS",2025-06-01,16,12,2,0,30,1335,412
24900,"Greenwood, MS",2025-07-01,11,15,3,1,30,1365,423
24900,"Greenwood, MS",2025-08-01,7,9,4,1,21,1386,430
29300,"LaGrange, GA-AL",2019-02-01,0,2,0,0,2,2,0
29300,"LaGrange, GA-AL",2019-06-01,0,1,0,0,1,3,0
29300,"LaGrange, GA-AL",2019-07-01,0,1,0,0,1,4,0
29300,"LaGrange, GA-AL",2019-08-01,0,1,1,0,2,6,0
29300,"LaGrange, GA-AL",2019-09-01,0,1,1,0,2,8,0
29300,"LaGrange, GA-AL",2019-11-01,0,1,0,0,1,9,0
29300,"LaGrange, GA-AL",2019-12-01,0,3,0,0,3,12,0
29300,"LaGrange, GA-AL",2020-01-01,0,1,1,0,2,14,0
29300,"LaGrange, GA-AL",2020-02-01,0,1,0,0,1,15,0
29300,"LaGrange, GA-AL",2020-03-01,0,1,1,0,2,17,0
29300,"LaGrange, GA-AL",2020-04-01,1,1,0,0,2,19,1
29300,"LaGrange, GA-AL",2020-05-01,0,2,2,0,4,23,1
29300,"LaGrange, GA-AL",2020-06-01,0,3,1,0,4,27,1
29300,"LaGrange, GA-AL",2020-07-01,0,2,0,0,2,29,1
29300,"LaGrange, GA-AL",2020-08-01,2,3,0,1,6,35,3
29300,"LaGrange, GA-AL",2020-09-01,0,2,0,0,2,37,3
29300,"LaGrange, GA-AL",2020-10-01,0,1,0,0,1,38,3
29300,"LaGrange, GA-AL",2020-11-01,0,2,2,0,4,42,3
29300,"LaGrange, GA-AL",2020-12-01,0,2,0,0,2,44,3
29300,"LaGrange, GA-AL",2021-01-01,1,3,0,0,4,48,4
29300,"LaGrange, GA-AL",2021-02-01,0,3,2,0,5,53,4
29300,"LaGrange, GA-AL",2021-03-01,0,4,2,0,6,59,4
29300,"LaGrange, GA-AL",2021-04-01,1,5,1,0,7,66,5
29300,"LaGrange, GA-AL",2021-05-01,1,4,4,0,9,75,6
29300,"LaGrange, GA-AL",2021-06-01,2,5,2,0,9,84,8
29300,"LaGrange, GA-AL",2021-07-01,0,5,0,0,5,89,8
29300,"LaGrange, GA-AL",2021-08-01,0,4,2,0,6,95,8
29300,"LaGrange, GA-AL",2021-09-01,0,2,1,0,3,98,8
29300,"LaGrange, GA-AL",2021-10-01,0,6,0,1,7,105,8
29300,"LaGrange, GA-AL",2021-11-01,0,4,0,0,4,109,8
29300,"LaGrange, GA-AL",2021-12-01,0,3,0,0,3,112,8
29300,"LaGrange, GA-AL",2022-01-01,2,1,2,0,5,117,10
29300,"LaGrange, GA-AL",2022-02-01,2,4,1,0,7,124,12
29300,"LaGrange, GA-AL",2022-03-01,1,8,2,0,11,135,13
29300,"LaGrange, GA-AL",2022-04-01,3,8,1,0,12,147,16
29300,"LaGrange, GA-AL",2022-05-01,1,8,2,0,11,158,17
29300,"LaGrange, GA-AL",2022-06-01,0,3,2,0,5,163,17
29300,"LaGrange, GA-AL",2022-07-01,0,1,0,0,1,164,17
29300,"LaGrange, GA-AL",2022-08-01,0,2,0,0,2,166,17
29300,"LaGrange, GA-AL",2022-09-01,2,7,0,1,10,176,19
29300,"LaGrange, GA-AL",2022-10-01,6,7,3,0,16,192,25
29300,"LaGrange, GA-AL",2022-11-01,4,1,6,0,11,203,29
29300,"LaGrange, GA-AL",2022-12-01,0,2,1,0,3,206,29
29300,"LaGrange, GA-AL",2023-01-01,2,3,1,0,6,212,31
29300,"LaGrange, GA-AL",2023-02-01,1,3,2,0,6,218,32
29300,"LaGrange, GA-AL",2023-03-01,3,9,4,0,16,234,35
29300,"LaGrange, GA-AL",2023-04-01,2,6,0,0,8,242,37
29300,"LaGrange, GA-AL",2023-05-01,3,5,3,0,11,253,40
29300,"LaGrange, GA-AL",2023-06-01,4,6,1,0,11,264,44
29300,"LaGrange, GA-AL",2023-07-01,1,5,2,0,8,272,45
29300,"LaGrange, GA-AL",2023-08-01,5,6,0,0,11,283,50
29300,"LaGrange, GA-AL",2023-09-01,3,9,1,1,14,297,53
29300,"LaGrange, GA-AL",2023-10-01,1,9,1,0,11,308,54
29300,"LaGrange, GA-AL",2023-11-01,4,8,3,0,15,323,58
29300,"LaGrange, GA-AL",2023-12-01,4,14,1,0,19,342,62
29300,"LaGrange, GA-AL",2024-01-01,4,9,2,0,15,357,66
29300,"LaGrange, GA-AL",2024-02-01,5,8,4,0,17,374,71
29300,"LaGrange, GA-AL",2024-03-01,3,12,1,0,16,390,74
29300,"LaGrange, GA-AL",2024-04-01,9,10,3,0,22,412,83
29300,"LaGrange, GA-AL",2024-05-01,6,11,4,0,21,433,89
29300,"LaGrange, GA-AL",2024-06-01,6,10,4,1,21,454,95
29300,"LaGrange, GA-AL",2024-07-01,0,5,2,0,7,461,95
29300,"LaGrange, GA-AL",2024-08-01,4,21,7,1,33,494,99
29300,"LaGrange, GA-AL",2024-09-01,11,26,6,1,44,538,110
29300,"LaGrange, GA-AL",2024-10-01,11,34,10,1,56,594,121
29300,"LaGrange, GA-AL",2024-11-01,19,22,9,1,51,645,140
29300,"LaGrange, GA-AL",2024-12-01,10,29,10,2,51,696,150
29300,"LaGrange, GA-AL",2025-01-01,11,21,8,0,40,736,161
29300,"LaGrange, GA-AL",2025-02-01,19,15,8,1,43,779,180
29300,"LaGrange, GA-AL",2025-03-01,10,23,6,0,39,818,190
29300,"LaGrange, GA-AL",2025-04-01,16,32,8,0,56,874,206
29300,"LaGrange, GA-AL",2025-05-01,18,15,7,0,40,914,224
29300,"LaGrange, GA-AL",2025-06-01,18,17,6,0,41,955,242
29300,"LaGrange, GA-AL",2025-07-01,7,13,4,1,25,980,249
29300,"LaGrange, GA-AL",2025-08-01,4,9,6,1,20,1000,253
29740,"Las Cruces, NM",2019-01-01,0,10,0,0,10,10,0
29740,"Las Cruces, NM",2019-02-01,0,22,6,1,29,39,0
29740,"Las Cruces, NM",2019-03-01,0,33,4,1,38,77,0
29740,"Las Cruces, NM",2019-04-01,1,25,4,0,30,107,1
29740,"Las Cruces, NM",2019-05-01,1,29,6,1,37,144,2
29740,"Las Cruces, NM",2019-06-01,2,34,8,1,45,189,4
29740,"Las Cruces, NM",2019-07-01,1,26,3,0,30,219,5
29740,"Las Cruces, NM",2019-08-01,1,34,7,2,44,263,6
29740,"Las Cruces, NM",2019-09-01,3,33,6,0,42,305,9
29740,"Las Cruces, NM",2019-10-01,3,27,8,0,38,343,12
29740,"Las Cruces, NM",2019-11-01,6,30,4,0,40,383,18
29740,"Las Cruces, NM",2019-12-01,3,27,3,1,34,417,21
29740,"Las Cruces, NM",2020-01-01,4,18,5,0,27,444,25
29740,"Las Cruces, NM",2020-02-01,4,27,6,0,37,481,29
29740,"Las Cruces, NM",2020-03-01,5,41,6,3,55,536,34
29740,"Las Cruces, NM",2020-04-01,28,122,25,3,178,714,62
29740,"Las Cruces, NM",2020-05-01,39,95,11,2,147,861,101
29740,"Las Cruces, NM",2020-06-01,27,55,11,1,94,955,128
29740,"Las Cruces, NM",2020-07-01,45,113,11,0,169,1124,173
29740,"Las Cruces, NM",2020-08-01,57,127,14,1,199,1323,230
29740,"Las Cruces, NM",2020-09-01,30,62,7,0,99,1422,260
29740,"Las Cruces, NM",2020-10-01,62,88,16,3,169,1591,322
29740,"Las Cruces, NM",2020-11-01,32,66,9,0,107,1698,354
29740,"Las Cruces, NM",2020-12-01,27,50,7,2,86,1784,381
29740,"Las Cruces, NM",2021-01-01,38,94,20,3,155,1939,419
29740,"Las Cruces, NM",2021-02-01,28,49,10,1,88,2027,447
29740,"Las Cruces, NM",2021-03-01,50,117,20,0,187,2214,497
29740,"Las Cruces, NM",2021-04-01,35,84,17,2,138,2352,532
29740,"Las Cruces, NM",2021-05-01,27,91,17,1,136,2488,559
29740,"Las Cruces, NM",2021-06-01,19,57,6,3,85,2573,578
29740,"Las Cruces, NM",2021-07-01,32,95,14,2,143,2716,610
29740,"Las Cruces, NM",2021-08-01,23,73,17,1,114,2830,633
29740,"Las Cruces, NM",2021-09-01,32,79,23,0,134,2964,665
29740,"Las Cruces, NM",2021-10-01,30,51,11,2,94,3058,695
29740,"Las Cruces, NM",2021-11-01,21,58,11,2,92,3150,716
29740,"Las Cruces, NM",2021-12-01,45,74,11,1,131,3281,761
29740,"Las Cruces, NM",2022-01-01,50,99,15,1,165,3446,811
29740,"Las Cruces, NM",2022-02-01,45,73,16,2,136,3582,856
29740,"Las Cruces, NM",2022-03-01,43,89,19,3,154,3736,899
29740,"Las Cruces, NM",2022-04-01,18,46,11,2,77,3813,917
29740,"Las Cruces, NM",2022-05-01,44,79,15,0,138,3951,961
29740,"Las Cruces, NM",2022-06-01,35,45,8,0,88,4039,996
29740,"Las Cruces, NM",2022-07-01,26,44,8,3,81,4120,1022
29740,"Las Cruces, NM",2022-08-01,51,103,19,5,178,4298,1073
29740,"Las Cruces, NM",2022-09-01,44,71,10,0,125,4423,1117
29740,"Las Cruces, NM",2022-10-01,52,64,17,1,134,4557,1169
29740,"Las Cruces, NM",2022-11-01,42,71,12,2,127,4684,1211
29740,"Las Cruces, NM",2022-12-01,50,81,14,0,145,4829,1261
29740,"Las Cruces, NM",2023-01-01,54,70,21,2,147,4976,1315
29740,"Las Cruces, NM",2023-02-01,71,70,26,0,167,5143,1386
29740,"Las Cruces, NM",2023-03-01,92,110,24,1,227,5370,1478
29740,"Las Cruces, NM",2023-04-01,54,75,13,2,144,5514,1532
29740,"Las Cruces, NM",2023-05-01,39,54,14,2,109,5623,1571
29740,"Las Cruces, NM",2023-06-01,28,30,5,1,64,5687,1599
29740,"Las Cruces, NM",2023-07-01,38,47,9,2,96,5783,1637
29740,"Las Cruces, NM",2023-08-01,29,43,7,0,79,5862,1666
29740,"Las Cruces, NM",2023-09-01,29,45,11,0,85,5947,1695
29740,"Las Cruces, NM",2023-10-01,50,65,17,0,132,6079,1745
29740,"Las Cruces, NM",2023-11-01,88,109,33,4,234,6313,1833
29740,"Las Cruces, NM",2023-12-01,91,90,18,1,200,6513,1924
29740,"Las Cruces, NM",2024-01-01,115,105,17,2,239,6752,2039
29740,"Las Cruces, NM",2024-02-01,92,66,21,4,183,6935,2131
29740,"Las Cruces, NM",2024-03-01,107,87,22,1,217,7152,2238
29740,"Las Cruces, NM",2024-04-01,71,95,26,2,194,7346,2309
29740,"Las Cruces, NM",2024-05-01,75,95,18,2,190,7536,2384
29740,"Las Cruces, NM",2024-06-01,50,57,11,0,118,7654,2434
29740,"Las Cruces, NM",2024-07-01,14,29,11,0,54,7708,2448
29740,"Las Cruces, NM",2024-08-01,17,19,2,1,39,7747,2465
29740,"Las Cruces, NM",2024-09-01,19,19,10,1,49,7796,2484
29740,"Las Cruces, NM",2024-10-01,42,39,11,1,93,7889,2526
29740,"Las Cruces, NM",2024-11-01,58,50,9,0,117,8006,2584
29740,"Las Cruces, NM",2024-12-01,45,60,16,1,122,8128,2629
29740,"Las Cruces, NM",2025-01-01,34,47,9,0,90,8218,2663
29740,"Las Cruces, NM",2025-02-01,46,42,13,0,101,8319,2709
29740,"Las Cruces, NM",2025-03-01,96,75,21,0,192,8511,2805
29740,"Las Cruces, NM",2025-04-01,82,70,18,1,171,8682,2887
29740,"Las Cruces, NM",2025-05-01,56,60,18,2,136,8818,2943
29740,"Las Cruces, NM",2025-06-01,31,28,3,2,64,8882,2974
29740,"Las Cruces, NM",2025-07-01,19,22,6,1,48,8930,2993
29740,"Las Cruces, NM",2025-08-01,27,18,4,0,49,8979,3020
29740,"Las Cruces, NM",2025-09-01,2,0,0,0,2,8981,3022
43300,"Sherman-Denison, TX",2019-01-01,0,14,4,0,18,18,0
43300,"Sherman-Denison, TX",2019-02-01,0,14,9,2,25,43,0
43300,"Sherman-Denison, TX",2019-03-01,0,21,8,1,30,73,0
43300,"Sherman-Denison, TX",2019-04-01,1,16,13,1,31,104,1
43300,"Sherman-Denison, TX",2019-05-01,0,22,8,0,30,134,1
43300,"Sherman-Denison, TX",2019-06-01,0,18,6,1,25,159,1
43300,"Sherman-Denison, TX",2019-07-01,2,35,4,2,43,202,3
43300,"Sherman-Denison, TX",2019-08-01,3,20,10,1,34,236,6
43300,"Sherman-Denison, TX",2019-09-01,1,33,10,1,45,281,7
43300,"Sherman-Denison, TX",2019-10-01,4,21,8,1,34,315,11
43300,"Sherman-Denison, TX",2019-11-01,2,21,5,0,28,343,13
43300,"Sherman-Denison, TX",2019-12-01,2,27,8,1,38,381,15
43300,"Sherman-Denison, TX",2020-01-01,5,28,5,0,38,419,20
43300,"Sherman-Denison, TX",2020-02-01,7,31,3,0,41,460,27
43300,"Sherman-Denison, TX",2020-03-01,7,28,10,0,45,505,34
43300,"Sherman-Denison, TX",2020-04-01,19,89,17,1,126,631,53
43300,"Sherman-Denison, TX",2020-05-01,25,74,17,0,116,747,78
43300,"Sherman-Denison, TX",2020-06-01,16,58,12,0,86,833,94
43300,"Sherman-Denison, TX",2020-07-01,14,69,12,0,95,928,108
43300,"Sherman-Denison, TX",2020-08-01,21,82,23,4,130,1058,129
43300,"Sherman-Denison, TX",2020-09-01,26,96,24,1,147,1205,155
43300,"Sherman-Denison, TX",2020-10-01,16,61,10,1,88,1293,171
43300,"Sherman-Denison, TX",2020-11-01,22,45,11,0,78,1371,193
43300,"Sherman-Denison, TX",2020-12-01,18,57,18,3,96,1467,211
43300,"Sherman-Denison, TX",2021-01-01,17,71,19,1,108,1575,228
43300,"Sherman-Denison, TX",2021-02-01,24,40,15,1,80,1655,252
43300,"Sherman-Denison, TX",2021-03-01,47,97,32,2,178,1833,299
43300,"Sherman-Denison, TX",2021-04-01,40,87,21,3,151,1984,339
43300,"Sherman-Denison, TX",2021-05-01,38,142,28,3,211,2195,377
43300,"Sherman-Denison, TX",2021-06-01,21,83,15,1,120,2315,398
43300,"Sherman-Denison, TX",2021-07-01,24,77,19,2,122,2437,422
43300,"Sherman-Denison, TX",2021-08-01,25,96,21,3,145,2582,447
43300,"Sherman-Denison, TX",2021-09-01,27,92,29,1,149,2731,474
43300,"Sherman-Denison, TX",2021-10-01,19,68,13,3,103,2834,493
43300,"Sherman-Denison, TX",2021-11-01,29,91,12,2,134,2968,522
43300,"Sherman-Denison, TX",2021-12-01,54,86,27,6,173,3141,576
43300,"Sherman-Denison, TX",2022-01-01,54,114,41,0,209,3350,630
43300,"Sherman-Denison, TX",2022-02-01,31,75,19,2,127,3477,661
43300,"Sherman-Denison, TX",2022-03-01,45,106,35,4,190,3667,706
43300,"Sherman-Denison, TX",2022-04-01,35,69,20,4,128,3795,741
43300,"Sherman-Denison, TX",2022-05-01,41,86,25,2,154,3949,782
43300,"Sherman-Denison, TX",2022-06-01,33,74,12,1,120,4069,815
43300,"Sherman-Denison, TX",2022-07-01,26,68,15,5,114,4183,841
43300,"Sherman-Denison, TX",2022-08-01,37,82,25,3,147,4330,878
43300,"Sherman-Denison, TX",2022-09-01,46,90,27,3,166,4496,924
43300,"Sherman-Denison, TX",2022-10-01,31,86,25,1,143,4639,955
43300,"Sherman-Denison, TX",2022-11-01,62,97,27,1,187,4826,1017
43300,"Sherman-Denison, TX",2022-12-01,42,83,22,4,151,4977,1059
43300,"Sherman-Denison, TX",2023-01-01,41,72,24,2,139,5116,1100
43300,"Sherman-Denison, TX",2023-02-01,65,87,30,3,185,5301,1165
43300,"Sherman-Denison, TX",2023-03-01,75,111,38,9,233,5534,1240
43300,"Sherman-Denison, TX",2023-04-01,36,82,25,1,144,5678,1276
43300,"Sherman-Denison, TX",2023-05-01,26,43,21,3,93,5771,1302
43300,"Sherman-Denison, TX",2023-06-01,32,65,23,5,125,5896,1334
43300,"Sherman-Denison, TX",2023-07-01,24,50,20,0,94,5990,1358
43300,"Sherman-Denison, TX",2023-08-01,16,55,15,2,88,6078,1374
43300,"Sherman-Denison, TX",2023-09-01,35,74,20,1,130,6208,1409
43300,"Sherman-Denison, TX",2023-10-01,51,69,26,2,148,6356,1460
43300,"Sherman-Denison, TX",2023-11-01,59,81,28,5,173,6529,1519
43300,"Sherman-Denison, TX",2023-12-01,65,106,36,6,213,6742,1584
43300,"Sherman-Denison, TX",2024-01-01,72,109,32,4,217,6959,1656
43300,"Sherman-Denison, TX",2024-02-01,66,74,22,3,165,7124,1722
43300,"Sherman-Denison, TX",2024-03-01,79,104,35,3,221,7345,1801
43300,"Sherman-Denison, TX",2024-04-01,56,69,23,2,150,7495,1857
43300,"Sherman-Denison, TX",2024-05-01,48,59,21,0,128,7623,1905
43300,"Sherman-Denison, TX",2024-06-01,33,56,17,2,108,7731,1938
43300,"Sherman-Denison, TX",2024-07-01,35,68,19,2,124,7855,1973
43300,"Sherman-Denison, TX",2024-08-01,22,59,10,2,93,7948,1995
43300,"Sherman-Denison, TX",2024-09-01,24,58,18,1,101,8049,2019
43300,"Sherman-Denison, TX",2024-10-01,65,109,40,2,216,8265,2084
43300,"Sherman-Denison, TX",2024-11-01,61,86,28,0,175,8440,2145
43300,"Sherman-Denison, TX",2024-12-01,82,104,34,5,225,8665,2227
43300,"Sherman-Denison, TX",2025-01-01,66,107,35,4,212,8877,2293
43300,"Sherman-Denison, TX",2025-02-01,62,71,26,4,163,9040,2355
43300,"Sherman-Denison, TX",2025-03-01,69,75,24,1,169,9209,2424
43300,"Sherman-Denison, TX",2025-04-01,59,82,19,5,165,9374,2483
43300,"Sherman-Denison, TX",2025-05-01,66,102,22,1,191,9565,2549
43300,"Sherman-Denison, TX",2025-06-01,54,85,14,2,155,9720,2603
43300,"Sherman-Denison, TX",2025-07-01,49,73,25,4,151,9871,2652
43300,"Sherman-Denison, TX",2025-08-01,41,79,14,0,134,10005,2693
43300,"Sherman-Denison, TX",2025-09-01,0,2,1,0,3,10008,2693
32340,"Maryville, MO",2019-01-01,0,2,0,0,2,2,0
32340,"Maryville, MO",2019-03-01,0,2,0,0,2,4,0
32340,"Maryville, MO",2019-04-01,1,0,1,0,2,6,1
32340,"Maryville, MO",2019-05-01,0,1,0,0,1,7,1
32340,"Maryville, MO",2019-06-01,0,3,0,0,3,10,1
32340,"Maryville, MO",2019-07-01,2,0,0,0,2,12,3
32340,"Maryville, MO",2019-08-01,0,2,0,0,2,14,3
32340,"Maryville, MO",2019-10-01,0,2,0,0,2,16,3
32340,"Maryville, MO",2019-11-01,0,1,0,0,1,17,3
32340,"Maryville, MO",2019-12-01,0,2,0,0,2,19,3
32340,"Maryville, MO",2020-01-01,1,3,0,0,4,23,4
32340,"Maryville, MO",2020-02-01,0,2,1,0,3,26,4
32340,"Maryville, MO",2020-03-01,0,3,0,0,3,29,4
32340,"Maryville, MO",2020-04-01,7,10,0,0,17,46,11
32340,"Maryville, MO",2020-05-01,9,9,2,0,20,66,20
32340,"Maryville, MO",2020-06-01,2,2,0,0,4,70,22
32340,"Maryville, MO",2020-07-01,5,5,1,0,11,81,27
32340,"Maryville, MO",2020-08-01,4,7,0,0,11,92,31
32340,"Maryville, MO",2020-09-01,2,5,1,0,8,100,33
32340,"Maryville, MO",2020-10-01,4,10,3,1,18,118,37
32340,"Maryville, MO",2020-11-01,3,1,0,0,4,122,40
32340,"Maryville, MO",2020-12-01,9,11,0,0,20,142,49
32340,"Maryville, MO",2021-01-01,21,16,4,0,41,183,70
32340,"Maryville, MO",2021-02-01,7,14,0,0,21,204,77
32340,"Maryville, MO",2021-03-01,18,23,3,1,45,249,95
32340,"Maryville, MO",2021-04-01,14,16,1,0,31,280,109
32340,"Maryville, MO",2021-05-01,14,5,0,1,20,300,123
32340,"Maryville, MO",2021-06-01,8,6,0,0,14,314,131
32340,"Maryville, MO",2021-07-01,8,8,1,0,17,331,139
32340,"Maryville, MO",2021-08-01,6,13,7,1,27,358,145
32340,"Maryville, MO",2021-09-01,7,16,0,0,23,381,152
32340,"Maryville, MO",2021-10-01,3,14,1,0,18,399,155
32340,"Maryville, MO",2021-11-01,8,7,1,1,17,416,163
32340,"Maryville, MO",2021-12-01,14,12,5,0,31,447,177
32340,"Maryville, MO",2022-01-01,26,17,5,0,48,495,203
32340,"Maryville, MO",2022-02-01,19,13,2,0,34,529,222
32340,"Maryville, MO",2022-03-01,25,19,2,2,48,577,247
32340,"Maryville, MO",2022-04-01,10,8,0,0,18,595,257
32340,"Maryville, MO",2022-05-01,19,14,3,0,36,631,276
32340,"Maryville, MO",2022-06-01,6,10,2,0,18,649,282
32340,"Maryville, MO",2022-07-01,13,8,3,0,24,673,295
32340,"Maryville, MO",2022-08-01,11,6,0,1,18,691,306
32340,"Maryville, MO",2022-09-01,17,11,2,1,31,722,323
32340,"Maryville, MO",2022-10-01,26,20,3,1,50,772,349
32340,"Maryville, MO",2022-11-01,29,6,3,1,39,811,378
32340,"Maryville, MO",2022-12-01,22,11,2,0,35,846,400
32340,"Maryville, MO",2023-01-01,22,10,2,1,35,881,422
32340,"Maryville, MO",2023-02-01,19,15,3,0,37,918,441
32340,"Maryville, MO",2023-03-01,20,17,4,0,41,959,461
32340,"Maryville, MO",2023-04-01,12,9,2,1,24,983,473
32340,"Maryville, MO",2023-05-01,9,6,0,0,15,998,482
32340,"Maryville, MO",2023-06-01,6,7,1,0,14,1012,488
32340,"Maryville, MO",2023-07-01,7,6,1,0,14,1026,495
32340,"Maryville, MO",2023-08-01,8,5,2,1,16,1042,503
32340,"Maryville, MO",2023-09-01,16,5,1,0,22,1064,519
32340,"Maryville, MO",2023-10-01,17,8,2,1,28,1092,536
32340,"Maryville, MO",2023-11-01,23,6,5,0,34,1126,559
32340,"Maryville, MO",2023-12-01,24,11,3,0,38,1164,583
32340,"Maryville, MO",2024-01-01,36,14,4,0,54,1218,619
32340,"Maryville, MO",2024-02-01,35,11,6,1,53,1271,654
32340,"Maryville, MO",2024-03-01,27,9,7,0,43,1314,681
32340,"Maryville, MO",2024-04-01,16,4,2,0,22,1336,697
32340,"Maryville, MO",2024-05-01,12,10,4,1,27,1363,709
32340,"Maryville, MO",2024-06-01,4,9,4,1,18,1381,713
32340,"Maryville, MO",2024-07-01,9,6,2,0,17,1398,722
32340,"Maryville, MO",2024-08-01,5,7,6,3,21,1419,727
32340,"Maryville, MO",2024-09-01,21,7,3,3,34,1453,748
32340,"Maryville, MO",2024-10-01,29,13,4,1,47,1500,777
32340,"Maryville, MO",2024-11-01,11,6,3,1,21,1521,788
32340,"Maryville, MO",2024-12-01,25,7,4,0,36,1557,813
32340,"Maryville, MO",2025-01-01,14,10,4,1,29,1586,827
32340,"Maryville, MO",2025-02-01,33,3,3,0,39,1625,860
32340,"Maryville, MO",2025-03-01,21,7,0,0,28,1653,881
32340,"Maryville, MO",2025-04-01,28,10,2,0,40,1693,909
32340,"Maryville, MO",2025-05-01,16,7,2,0,25,1718,925
32340,"Maryville, MO",2025-06-01,4,6,0,0,10,1728,929
32340,"Maryville, MO",2025-07-01,6,3,2,0,11,1739,935
32340,"Maryville, MO",2025-08-01,13,7,2,0,22,1761,948
32340,"Maryville, MO",2025-09-01,1,0,0,0,1,1762,949
16540,"Chambersburg, PA",2019-01-01,0,7,0,0,7,7,0
16540,"Chambersburg, PA",2019-02-01,1,7,3,0,11,18,1
16540,"Chambersburg, PA",2019-03-01,3,36,7,0,46,64,4
16540,"Chambersburg, PA",2019-04-01,4,35,10,1,50,114,8
16540,"Chambersburg, PA",2019-05-01,1,36,7,1,45,159,9
16540,"Chambersburg, PA",2019-06-01,3,22,1,2,28,187,12
16540,"Chambersburg, PA",2019-07-01,0,23,8,0,31,218,12
16540,"Chambersburg, PA",2019-08-01,1,24,11,2,38,256,13
16540,"Chambersburg, PA",2019-09-01,2,30,3,0,35,291,15
16540,"Chambersburg, PA",2019-10-01,3,25,9,0,37,328,18
16540,"Chambersburg, PA",2019-11-01,2,18,5,0,25,353,20
16540,"Chambersburg, PA",2019-12-01,2,12,6,1,21,374,22
16540,"Chambersburg, PA",2020-01-01,4,21,5,0,30,404,26
16540,"Chambersburg, PA",2020-02-01,1,14,2,0,17,421,27
16540,"Chambersburg, PA",2020-03-01,5,25,7,0,37,458,32
16540,"Chambersburg, PA",2020-04-01,18,65,19,2,104,562,50
16540,"Chambersburg, PA",2020-05-01,34,68,8,4,114,676,84
16540,"Chambersburg, PA",2020-06-01,16,30,2,0,48,724,100
16540,"Chambersburg, PA",2020-07-01,24,79,10,0,113,837,124
16540,"Chambersburg, PA",2020-08-01,29,104,22,2,157,994,153
16540,"Chambersburg, PA",2020-09-01,22,78,17,1,118,1112,175
16540,"Chambersburg, PA",2020-10-01,8,30,7,0,45,1157,183
16540,"Chambersburg, PA",2020-11-01,9,20,5,0,34,1191,192
16540,"Chambersburg, PA",2020-12-01,17,27,6,0,50,1241,209
16540,"Chambersburg, PA",2021-01-01,36,84,12,0,132,1373,245
16540,"Chambersburg, PA",2021-02-01,28,84,15,4,131,1504,273
16540,"Chambersburg, PA",2021-03-01,48,116,26,4,194,1698,321
16540,"Chambersburg, PA",2021-04-01,36,89,24,2,151,1849,357
16540,"Chambersburg, PA",2021-05-01,20,52,9,2,83,1932,377
16540,"Chambersburg, PA",2021-06-01,23,43,5,0,71,2003,400
16540,"Chambersburg, PA",2021-07-01,10,27,3,0,40,2043,410
16540,"Chambersburg, PA",2021-08-01,13,35,12,2,62,2105,423
16540,"Chambersburg, PA",2021-09-01,25,70,18,1,114,2219,448
16540,"Chambersburg, PA",2021-10-01,10,26,10,0,46,2265,458
16540,"Chambersburg, PA",2021-11-01,11,25,8,0,44,2309,469
16540,"Chambersburg, PA",2021-12-01,29,58,25,1,113,2422,498
16540,"Chambersburg, PA",2022-01-01,30,64,12,1,107,2529,528
16540,"Chambersburg, PA",2022-02-01,17,42,11,1,71,2600,545
16540,"Chambersburg, PA",2022-03-01,20,36,18,0,74,2674,565
16540,"Chambersburg, PA",2022-04-01,15,27,9,0,51,2725,580
16540,"Chambersburg, PA",2022-05-01,26,57,13,0,96,2821,606
16540,"Chambersburg, PA",2022-06-01,20,28,9,0,57,2878,626
16540,"Chambersburg, PA",2022-07-01,13,33,7,0,53,2931,639
16540,"Chambersburg, PA",2022-08-01,29,39,13,0,81,3012,668
16540,"Chambersburg, PA",2022-09-01,13,37,6,0,56,3068,681
16540,"Chambersburg, PA",2022-10-01,19,46,10,0,75,3143,700
16540,"Chambersburg, PA",2022-11-01,20,66,21,1,108,3251,720
16540,"Chambersburg, PA",2022-12-01,36,62,15,1,114,3365,756
16540,"Chambersburg, PA",2023-01-01,30,57,22,0,109,3474,786
16540,"Chambersburg, PA",2023-02-01,41,51,14,2,108,3582,827
16540,"Chambersburg, PA",2023-03-01,71,84,31,0,186,3768,898
16540,"Chambersburg, PA",2023-04-01,31,53,16,2,102,3870,929
16540,"Chambersburg, PA",2023-05-01,17,32,10,0,59,3929,946
16540,"Chambersburg, PA",2023-06-01,15,18,8,0,41,3970,961
16540,"Chambersburg, PA",2023-07-01,14,21,6,0,41,4011,975
16540,"Chambersburg, PA",2023-08-01,17,39,8,1,65,4076,992
16540,"Chambersburg, PA",2023-09-01,31,51,22,2,106,4182,1023
16540,"Chambersburg, PA",2023-10-01,38,58,15,1,112,4294,1061
16540,"Chambersburg, PA",2023-11-01,56,74,29,0,159,4453,1117
16540,"Chambersburg, PA",2023-12-01,45,73,21,0,139,4592,1162
16540,"Chambersburg, PA",2024-01-01,42,71,20,1,134,4726,1204
16540,"Chambersburg, PA",2024-02-01,50,70,19,4,143,4869,1254
16540,"Chambersburg, PA",2024-03-01,60,76,22,3,161,5030,1314
16540,"Chambersburg, PA",2024-04-01,48,54,16,2,120,5150,1362
16540,"Chambersburg, PA",2024-05-01,62,60,21,2,145,5295,1424
16540,"Chambersburg, PA",2024-06-01,41,66,14,0,121,5416,1465
16540,"Chambersburg, PA",2024-07-01,27,40,16,1,84,5500,1492
16540,"Chambersburg, PA",2024-08-01,29,24,12,1,66,5566,1521
16540,"Chambersburg, PA",2024-09-01,36,56,19,3,114,5680,1557
16540,"Chambersburg, PA",2024-10-01,68,71,17,0,156,5836,1625
16540,"Chambersburg, PA",2024-11-01,62,80,26,2,170,6006,1687
16540,"Chambersburg, PA",2024-12-01,44,73,23,2,142,6148,1731
16540,"Chambersburg, PA",2025-01-01,83,88,18,2,191,6339,1814
16540,"Chambersburg, PA",2025-02-01,64,74,22,3,163,6502,1878
16540,"Chambersburg, PA",2025-03-01,56,56,17,2,131,6633,1934
16540,"Chambersburg, PA",2025-04-01,52,51,10,0,113,6746,1986
16540,"Chambersburg, PA",2025-05-01,61,50,13,0,124,6870,2047
16540,"Chambersburg, PA",2025-06-01,18,26,3,1,48,6918,2065
16540,"Chambersburg, PA",2025-07-01,12,22,6,0,40,6958,2077
16540,"Chambersburg, PA",2025-08-01,8,20,2,0,30,6988,2085
27300,"Jacksonville, IL",2019-03-01,0,1,0,0,1,1,0
27300,"Jacksonville, IL",2019-04-01,0,1,1,0,2,3,0
27300,"Jacksonville, IL",2019-05-01,0,2,0,0,2,5,0
27300,"Jacksonville, IL",2019-06-01,0,3,1,0,4,9,0
27300,"Jacksonville, IL",2019-07-01,1,0,0,0,1,10,1
27300,"Jacksonville, IL",2019-08-01,0,1,1,0,2,12,1
27300,"Jacksonville, IL",2019-09-01,0,6,1,0,7,19,1
27300,"Jacksonville, IL",2019-10-01,0,0,2,0,2,21,1
27300,"Jacksonville, IL",2019-11-01,0,3,0,0,3,24,1
27300,"Jacksonville, IL",2019-12-01,1,1,0,0,2,26,2
27300,"Jacksonville, IL",2020-01-01,2,4,2,0,8,34,4
27300,"Jacksonville, IL",2020-02-01,1,14,3,0,18,52,5
27300,"Jacksonville, IL",2020-03-01,1,15,4,0,20,72,6
27300,"Jacksonville, IL",2020-04-01,2,17,8,0,27,99,8
27300,"Jacksonville, IL",2020-05-01,4,23,7,0,34,133,12
27300,"Jacksonville, IL",2020-06-01,11,16,3,1,31,164,23
27300,"Jacksonville, IL",2020-07-01,3,20,1,0,24,188,26
27300,"Jacksonville, IL",2020-08-01,6,17,6,0,29,217,32
27300,"Jacksonville, IL",2020-09-01,10,12,7,0,29,246,42
27300,"Jacksonville, IL",2020-10-01,5,9,2,0,16,262,47
27300,"Jacksonville, IL",2020-11-01,0,14,3,0,17,279,47
27300,"Jacksonville, IL",2020-12-01,5,7,2,0,14,293,52
27300,"Jacksonville, IL",2021-01-01,8,11,5,0,24,317,60
27300,"Jacksonville, IL",2021-02-01,10,18,2,0,30,347,70
27300,"Jacksonville, IL",2021-03-01,8,19,7,0,34,381,78
27300,"Jacksonville, IL",2021-04-01,11,18,4,1,34,415,89
27300,"Jacksonville, IL",2021-05-01,6,30,8,0,44,459,95
27300,"Jacksonville, IL",2021-06-01,6,10,2,1,19,478,101
27300,"Jacksonville, IL",2021-07-01,5,20,2,0,27,505,106
27300,"Jacksonville, IL",2021-08-01,11,19,5,0,35,540,117
27300,"Jacksonville, IL",2021-09-01,5,29,2,0,36,576,122
27300,"Jacksonville, IL",2021-10-01,6,12,6,0,24,600,128
27300,"Jacksonville, IL",2021-11-01,3,14,6,0,23,623,131
27300,"Jacksonville, IL",2021-12-01,6,21,5,1,33,656,137
27300,"Jacksonville, IL",2022-01-01,20,20,3,0,43,699,157
27300,"Jacksonville, IL",2022-02-01,5,15,4,0,24,723,162
27300,"Jacksonville, IL",2022-03-01,10,17,2,0,29,752,172
27300,"Jacksonville, IL",2022-04-01,8,18,4,0,30,782,180
27300,"Jacksonville, IL",2022-05-01,13,17,7,0,37,819,193
27300,"Jacksonville, IL",2022-06-01,10,9,3,0,22,841,203
27300,"Jacksonville, IL",2022-07-01,6,12,8,0,26,867,209
27300,"Jacksonville, IL",2022-08-01,10,23,4,1,38,905,219
27300,"Jacksonville, IL",2022-09-01,7,10,8,0,25,930,226
27300,"Jacksonville, IL",2022-10-01,9,8,6,0,23,953,235
27300,"Jacksonville, IL",2022-11-01,7,16,6,0,29,982,242
27300,"Jacksonville, IL",2022-12-01,7,7,4,2,20,1002,249
27300,"Jacksonville, IL",2023-01-01,16,16,4,0,36,1038,265
27300,"Jacksonville, IL",2023-02-01,8,14,7,0,29,1067,273
27300,"Jacksonville, IL",2023-03-01,9,26,5,0,40,1107,282
27300,"Jacksonville, IL",2023-04-01,9,12,5,1,27,1134,291
27300,"Jacksonville, IL",2023-05-01,5,17,2,1,25,1159,296
27300,"Jacksonville, IL",2023-06-01,5,14,7,0,26,1185,301
27300,"Jacksonville, IL",2023-07-01,17,19,1,0,37,1222,318
27300,"Jacksonville, IL",2023-08-01,6,8,1,0,15,1237,324
27300,"Jacksonville, IL",2023-09-01,6,16,4,0,26,1263,330
27300,"Jacksonville, IL",2023-10-01,10,16,3,1,30,1293,340
27300,"Jacksonville, IL",2023-11-01,12,15,3,1,31,1324,352
27300,"Jacksonville, IL",2023-12-01,15,26,5,0,46,1370,367
27300,"Jacksonville, IL",2024-01-01,10,12,4,2,28,1398,377
27300,"Jacksonville, IL",2024-02-01,16,12,4,0,32,1430,393
27300,"Jacksonville, IL",2024-03-01,17,21,5,2,45,1475,410
27300,"Jacksonville, IL",2024-04-01,10,12,4,0,26,1501,420
27300,"Jacksonville, IL",2024-05-01,13,20,3,0,36,1537,433
27300,"Jacksonville, IL",2024-06-01,6,4,4,0,14,1551,439
27300,"Jacksonville, IL",2024-07-01,4,5,2,0,11,1562,443
27300,"Jacksonville, IL",2024-08-01,3,3,0,0,6,1568,446
27300,"Jacksonville, IL",2024-09-01,11,17,4,0,32,1600,457
27300,"Jacksonville, IL",2024-10-01,9,22,5,1,37,1637,466
27300,"Jacksonville, IL",2024-11-01,15,20,5,1,41,1678,481
27300,"Jacksonville, IL",2024-12-01,25,20,4,1,50,1728,506
27300,"Jacksonville, IL",2025-01-01,21,22,7,2,52,1780,527
27300,"Jacksonville, IL",2025-02-01,17,17,6,0,40,1820,544
27300,"Jacksonville, IL",2025-03-01,25,17,5,0,47,1867,569
27300,"Jacksonville, IL",2025-04-01,13,17,2,0,32,1899,582
27300,"Jacksonville, IL",2025-05-01,19,25,6,0,50,1949,601
27300,"Jacksonville, IL",2025-06-01,15,13,4,0,32,1981,616
27300,"Jacksonville, IL",2025-07-01,16,18,9,1,44,2025,632
27300,"Jacksonville, IL",2025-08-01,9,22,5,1,37,2062,641
27300,"Jacksonville, IL",2025-09-01,0,1,0,0,1,2063,641
41940,"San Jose-Sunnyvale-Santa Clara, CA",2019-01-01,45,1015,197,24,1281,1281,45
41940,"San Jose-Sunnyvale-Santa Clara, CA",2019-02-01,37,753,166,14,970,2251,82
41940,"San Jose-Sunnyvale-Santa Clara, CA",2019-03-01,48,867,193,27,1135,3386,130
41940,"San Jose-Sunnyvale-Santa Clara, CA",2019-04-01,67,803,182,21,1073,4459,197
41940,"San Jose-Sunnyvale-Santa Clara, CA",2019-05-01,86,973,178,24,1261,5720,283
41940,"San Jose-Sunnyvale-Santa Clara, CA",2019-06-01,115,855,197,13,1180,6900,398
41940,"San Jose-Sunnyvale-Santa Clara, CA",2019-07-01,127,1036,216,42,1421,8321,525
41940,"San Jose-Sunnyvale-Santa Clara, CA",2019-08-01,99,912,240,41,1292,9613,624
41940,"San Jose-Sunnyvale-Santa Clara, CA",2019-09-01,92,886,200,24,1202,10815,716
41940,"San Jose-Sunnyvale-Santa Clara, CA",2019-10-01,102,776,157,23,1058,11873,818
41940,"San Jose-Sunnyvale-Santa Clara, CA",2019-11-01,79,651,176,17,923,12796,897
41940,"San Jose-Sunnyvale-Santa Clara, CA",2019-12-01,102,750,241,36,1129,13925,999
41940,"San Jose-Sunnyvale-Santa Clara, CA",2020-01-01,132,932,339,112,1515,15440,1131
41940,"San Jose-Sunnyvale-Santa Clara, CA",2020-02-01,122,859,335,119,1435,16875,1253
41940,"San Jose-Sunnyvale-Santa Clara, CA",2020-03-01,115,884,466,120,1585,18460,1368
41940,"San Jose-Sunnyvale-Santa Clara, CA",2020-04-01,264,1352,528,80,2224,20684,1632
41940,"San Jose-Sunnyvale-Santa Clara, CA",2020-05-01,482,1405,427,46,2360,23044,2114
41940,"San Jose-Sunnyvale-Santa Clara, CA",2020-06-01,478,1224,375,44,2121,25165,2592
41940,"San Jose-Sunnyvale-Santa Clara, CA",2020-07-01,453,1369,395,49,2266,27431,3045
41940,"San Jose-Sunnyvale-Santa Clara, CA",2020-08-01,394,1600,526,59,2579,30010,3439
41940,"San Jose-Sunnyvale-Santa Clara, CA",2020-09-01,335,1621,585,96,2637,32647,3774
41940,"San Jose-Sunnyvale-Santa Clara, CA",2020-10-01,295,1548,564,99,2506,35153,4069
41940,"San Jose-Sunnyvale-Santa Clara, CA",2020-11-01,352,1375,461,87,2275,37428,4421
41940,"San Jose-Sunnyvale-Santa Clara, CA",2020-12-01,458,1562,590,130,2740,40168,4879
41940,"San Jose-Sunnyvale-Santa Clara, CA",2021-01-01,344,1593,640,142,2719,42887,5223
41940,"San Jose-Sunnyvale-Santa Clara, CA",2021-02-01,261,1311,608,140,2320,45207,5484
41940,"San Jose-Sunnyvale-Santa Clara, CA",2021-03-01,492,1947,854,174,3467,48674,5976
41940,"San Jose-Sunnyvale-Santa Clara, CA",2021-04-01,360,2030,1142,180,3712,52386,6336
41940,"San Jose-Sunnyvale-Santa Clara, CA",2021-05-01,389,1271,647,127,2434,54820,6725
41940,"San Jose-Sunnyvale-Santa Clara, CA",2021-06-01,482,1280,655,150,2567,57387,7207
41940,"San Jose-Sunnyvale-Santa Clara, CA",2021-07-01,505,1330,1022,198,3055,60442,7712
41940,"San Jose-Sunnyvale-Santa Clara, CA",2021-08-01,463,1570,1161,223,3417,63859,8175
41940,"San Jose-Sunnyvale-Santa Clara, CA",2021-09-01,378,1999,2042,338,4757,68616,8553
41940,"San Jose-Sunnyvale-Santa Clara, CA",2021-10-01,288,1740,2363,269,4660,73276,8841
41940,"San Jose-Sunnyvale-Santa Clara, CA",2021-11-01,286,1268,1017,144,2715,75991,9127
41940,"San Jose-Sunnyvale-Santa Clara, CA",2021-12-01,435,1308,1022,861,3626,79617,9562
41940,"San Jose-Sunnyvale-Santa Clara, CA",2022-01-01,524,1926,1266,1508,5224,84841,10086
41940,"San Jose-Sunnyvale-Santa Clara, CA",2022-02-01,194,1098,1252,1238,3782,88623,10280
41940,"San Jose-Sunnyvale-Santa Clara, CA",2022-03-01,104,1520,1868,818,4310,92933,10384
41940,"San Jose-Sunnyvale-Santa Clara, CA",2022-04-01,210,1949,2171,838,5168,98101,10594
41940,"San Jose-Sunnyvale-Santa Clara, CA",2022-05-01,306,2506,2718,905,6435,104536,10900
41940,"San Jose-Sunnyvale-Santa Clara, CA",2022-06-01,469,2205,1658,473,4805,109341,11369
41940,"San Jose-Sunnyvale-Santa Clara, CA",2022-07-01,466,2310,1875,480,5131,114472,11835
41940,"San Jose-Sunnyvale-Santa Clara, CA",2022-08-01,404,2096,1501,414,4415,118887,12239
41940,"San Jose-Sunnyvale-Santa Clara, CA",2022-09-01,384,2337,1701,452,4874,123761,12623
41940,"San Jose-Sunnyvale-Santa Clara, CA",2022-10-01,325,1190,609,158,2282,126043,12948
41940,"San Jose-Sunnyvale-Santa Clara, CA",2022-11-01,453,1315,458,119,2345,128388,13401
41940,"San Jose-Sunnyvale-Santa Clara, CA",2022-12-01,590,1358,526,114,2588,130976,13991
41940,"San Jose-Sunnyvale-Santa Clara, CA",2023-01-01,503,1514,695,257,2969,133945,14494
41940,"San Jose-Sunnyvale-Santa Clara, CA",2023-02-01,302,969,439,164,1874,135819,14796
41940,"San Jose-Sunnyvale-Santa Clara, CA",2023-03-01,460,1560,638,182,2840,138659,15256
41940,"San Jose-Sunnyvale-Santa Clara, CA",2023-04-01,309,1171,545,151,2176,140835,15565
41940,"San Jose-Sunnyvale-Santa Clara, CA",2023-05-01,240,924,484,97,1745,142580,15805
41940,"San Jose-Sunnyvale-Santa Clara, CA",2023-06-01,222,785,466,74,1547,144127,16027
41940,"San Jose-Sunnyvale-Santa Clara, CA",2023-07-01,170,749,402,58,1379,145506,16197
41940,"San Jose-Sunnyvale-Santa Clara, CA",2023-08-01,185,977,532,75,1769,147275,16382
41940,"San Jose-Sunnyvale-Santa Clara, CA",2023-09-01,195,1344,848,137,2524,149799,16577
41940,"San Jose-Sunnyvale-Santa Clara, CA",2023-10-01,187,1231,696,135,2249,152048,16764
41940,"San Jose-Sunnyvale-Santa Clara, CA",2023-11-01,199,1478,1257,296,3230,155278,16963
41940,"San Jose-Sunnyvale-Santa Clara, CA",2023-12-01,171,1317,916,181,2585,157863,17134
41940,"San Jose-Sunnyvale-Santa Clara, CA",2024-01-01,214,1342,778,139,2473,160336,17348
41940,"San Jose-Sunnyvale-Santa Clara, CA",2024-02-01,197,1369,971,186,2723,163059,17545
41940,"San Jose-Sunnyvale-Santa Clara, CA",2024-03-01,222,1465,955,167,2809,165868,17767
41940,"San Jose-Sunnyvale-Santa Clara, CA",2024-04-01,257,1409,764,158,2588,168456,18024
41940,"San Jose-Sunnyvale-Santa Clara, CA",2024-05-01,251,1851,1388,300,3790,172246,18275
41940,"San Jose-Sunnyvale-Santa Clara, CA",2024-06-01,222,1619,1105,272,3218,175464,18497
41940,"San Jose-Sunnyvale-Santa Clara, CA",2024-07-01,376,2155,1053,210,3794,179258,18873
41940,"San Jose-Sunnyvale-Santa Clara, CA",2024-08-01,307,1963,1121,263,3654,182912,19180
41940,"San Jose-Sunnyvale-Santa Clara, CA",2024-09-01,256,1417,932,228,2833,185745,19436
41940,"San Jose-Sunnyvale-Santa Clara, CA",2024-10-01,229,1248,730,164,2371,188116,19665
41940,"San Jose-Sunnyvale-Santa Clara, CA",2024-11-01,206,1133,470,77,1886,190002,19871
41940,"San Jose-Sunnyvale-Santa Clara, CA",2024-12-01,241,977,425,91,1734,191736,20112
41940,"San Jose-Sunnyvale-Santa Clara, CA",2025-01-01,244,963,351,99,1657,193393,20356
41940,"San Jose-Sunnyvale-Santa Clara, CA",2025-02-01,218,841,257,37,1353,194746,20574
41940,"San Jose-Sunnyvale-Santa Clara, CA",2025-03-01,235,809,181,16,1241,195987,20809
41940,"San Jose-Sunnyvale-Santa Clara, CA",2025-04-01,208,619,134,6,967,196954,21017
41940,"San Jose-Sunnyvale-Santa Clara, CA",2025-05-01,268,598,127,9,1002,197956,21285
41940,"San Jose-Sunnyvale-Santa Clara, CA",2025-06-01,168,480,77,6,731,198687,21453
41940,"San Jose-Sunnyvale-Santa Clara, CA",2025-07-01,201,475,106,9,791,199478,21654
41940,"San Jose-Sunnyvale-Santa Clara, CA",2025-08-01,167,382,68,4,621,200099,21821
41940,"San Jose-Sunnyvale-Santa Clara, CA",2025-09-01,6,2,2,0,10,200109,21827
32380,"Mason City, IA",2019-03-01,0,0,2,0,2,2,0
32380,"Mason City, IA",2019-04-01,1,2,1,0,4,6,1
32380,"Mason City, IA",2019-05-01,0,2,0,0,2,8,1
32380,"Mason City, IA",2019-06-01,1,4,0,1,6,14,2
32380,"Mason City, IA",2019-07-01,0,20,1,1,22,36,2
32380,"Mason City, IA",2019-08-01,2,15,4,1,22,58,4
32380,"Mason City, IA",2019-09-01,1,5,2,0,8,66,5
32380,"Mason City, IA",2019-10-01,1,9,1,0,11,77,6
32380,"Mason City, IA",2019-11-01,1,12,1,0,14,91,7
32380,"Mason City, IA",2019-12-01,1,9,2,0,12,103,8
32380,"Mason City, IA",2020-01-01,1,12,2,0,15,118,9
32380,"Mason City, IA",2020-02-01,2,9,1,0,12,130,11
32380,"Mason City, IA",2020-03-01,4,19,6,0,29,159,15
32380,"Mason City, IA",2020-04-01,13,25,14,0,52,211,28
32380,"Mason City, IA",2020-05-01,13,12,5,2,32,243,41
32380,"Mason City, IA",2020-06-01,15,30,7,1,53,296,56
32380,"Mason City, IA",2020-07-01,7,19,4,0,30,326,63
32380,"Mason City, IA",2020-08-01,13,28,7,1,49,375,76
32380,"Mason City, IA",2020-09-01,7,30,9,2,48,423,83
32380,"Mason City, IA",2020-10-01,6,12,7,0,25,448,89
32380,"Mason City, IA",2020-11-01,7,17,2,1,27,475,96
32380,"Mason City, IA",2020-12-01,10,17,2,1,30,505,106
32380,"Mason City, IA",2021-01-01,16,15,5,2,38,543,122
32380,"Mason City, IA",2021-02-01,16,27,3,0,46,589,138
32380,"Mason City, IA",2021-03-01,11,17,4,0,32,621,149
32380,"Mason City, IA",2021-04-01,10,23,7,1,41,662,159
32380,"Mason City, IA",2021-05-01,11,24,4,0,39,701,170
32380,"Mason City, IA",2021-06-01,10,23,6,3,42,743,180
32380,"Mason City, IA",2021-07-01,10,33,3,2,48,791,190
32380,"Mason City, IA",2021-08-01,7,18,9,0,34,825,197
32380,"Mason City, IA",2021-09-01,10,15,3,1,29,854,207
32380,"Mason City, IA",2021-10-01,6,16,4,0,26,880,213
32380,"Mason City, IA",2021-11-01,10,10,2,0,22,902,223
32380,"Mason City, IA",2021-12-01,10,23,7,0,40,942,233
32380,"Mason City, IA",2022-01-01,15,23,4,0,42,984,248
32380,"Mason City, IA",2022-02-01,10,17,12,0,39,1023,258
32380,"Mason City, IA",2022-03-01,11,19,4,0,34,1057,269
32380,"Mason City, IA",2022-04-01,6,21,4,0,31,1088,275
32380,"Mason City, IA",2022-05-01,9,13,5,0,27,1115,284
32380,"Mason City, IA",2022-06-01,13,8,4,0,25,1140,297
32380,"Mason City, IA",2022-07-01,9,17,6,0,32,1172,306
32380,"Mason City, IA",2022-08-01,11,25,7,0,43,1215,317
32380,"Mason City, IA",2022-09-01,15,16,4,0,35,1250,332
32380,"Mason City, IA",2022-10-01,11,19,3,0,33,1283,343
32380,"Mason City, IA",2022-11-01,8,18,8,0,34,1317,351
32380,"Mason City, IA",2022-12-01,20,15,5,0,40,1357,371
32380,"Mason City, IA",2023-01-01,8,21,5,0,34,1391,379
32380,"Mason City, IA",2023-02-01,2,9,4,0,15,1406,381
32380,"Mason City, IA",2023-03-01,19,16,8,0,43,1449,400
32380,"Mason City, IA",2023-04-01,11,11,7,0,29,1478,411
32380,"Mason City, IA",2023-05-01,8,19,6,0,33,1511,419
32380,"Mason City, IA",2023-06-01,11,11,2,0,24,1535,430
32380,"Mason City, IA",2023-07-01,9,16,4,0,29,1564,439
32380,"Mason City, IA",2023-08-01,7,14,6,1,28,1592,446
32380,"Mason City, IA",2023-09-01,21,14,9,0,44,1636,467
32380,"Mason City, IA",2023-10-01,13,8,5,0,26,1662,480
32380,"Mason City, IA",2023-11-01,15,19,6,0,40,1702,495
32380,"Mason City, IA",2023-12-01,12,13,8,0,33,1735,507
32380,"Mason City, IA",2024-01-01,17,19,4,1,41,1776,524
32380,"Mason City, IA",2024-02-01,10,12,3,1,26,1802,534
32380,"Mason City, IA",2024-03-01,23,15,4,0,42,1844,557
32380,"Mason City, IA",2024-04-01,12,11,9,3,35,1879,569
32380,"Mason City, IA",2024-05-01,14,21,5,1,41,1920,583
32380,"Mason City, IA",2024-06-01,10,19,4,0,33,1953,593
32380,"Mason City, IA",2024-07-01,8,5,3,1,17,1970,601
32380,"Mason City, IA",2024-08-01,10,11,6,0,27,1997,611
32380,"Mason City, IA",2024-09-01,7,10,4,0,21,2018,618
32380,"Mason City, IA",2024-10-01,21,24,6,0,51,2069,639
32380,"Mason City, IA",2024-11-01,15,24,5,0,44,2113,654
32380,"Mason City, IA",2024-12-01,16,15,10,0,41,2154,670
32380,"Mason City, IA",2025-01-01,23,18,6,0,47,2201,693
32380,"Mason City, IA",2025-02-01,18,19,2,0,39,2240,711
32380,"Mason City, IA",2025-03-01,20,20,4,0,44,2284,731
32380,"Mason City, IA",2025-04-01,18,14,8,0,40,2324,749
32380,"Mason City, IA",2025-05-01,18,12,5,0,35,2359,767
32380,"Mason City, IA",2025-06-01,24,20,4,1,49,2408,791
32380,"Mason City, IA",2025-07-01,19,20,7,3,49,2457,810
32380,"Mason City, IA",2025-08-01,20,13,5,2,40,2497,830
47980,"Watertown, SD",2019-01-01,0,4,0,0,4,4,0
47980,"Watertown, SD",2019-02-01,0,4,0,0,4,8,0
47980,"Watertown, SD",2019-03-01,1,0,2,0,3,11,1
47980,"Watertown, SD",2019-04-01,0,1,2,0,3,14,1
47980,"Watertown, SD",2019-06-01,0,0,0,1,1,15,1
47980,"Watertown, SD",2019-07-01,0,0,1,0,1,16,1
47980,"Watertown, SD",2019-08-01,0,2,2,0,4,20,1
47980,"Watertown, SD",2019-09-01,0,1,1,0,2,22,1
47980,"Watertown, SD",2019-10-01,0,1,0,0,1,23,1
47980,"Watertown, SD",2019-11-01,1,1,1,0,3,26,2
47980,"Watertown, SD",2019-12-01,1,0,1,1,3,29,3
47980,"Watertown, SD",2020-01-01,0,3,2,0,5,34,3
47980,"Watertown, SD",2020-02-01,0,3,2,0,5,39,3
47980,"Watertown, SD",2020-03-01,1,3,1,0,5,44,4
47980,"Watertown, SD",2020-04-01,3,8,2,0,13,57,7
47980,"Watertown, SD",2020-05-01,1,3,0,0,4,61,8
47980,"Watertown, SD",2020-06-01,0,2,3,0,5,66,8
47980,"Watertown, SD",2020-07-01,0,3,3,0,6,72,8
47980,"Watertown, SD",2020-08-01,1,10,3,1,15,87,9
47980,"Watertown, SD",2020-09-01,5,9,1,0,15,102,14
47980,"Watertown, SD",2020-10-01,3,13,1,1,18,120,17
47980,"Watertown, SD",2020-11-01,0,6,0,0,6,126,17
47980,"Watertown, SD",2020-12-01,3,8,1,0,12,138,20
47980,"Watertown, SD",2021-01-01,10,16,5,1,32,170,30
47980,"Watertown, SD",2021-02-01,5,9,1,0,15,185,35
47980,"Watertown, SD",2021-03-01,3,14,2,0,19,204,38
47980,"Watertown, SD",2021-04-01,5,13,4,1,23,227,43
47980,"Watertown, SD",2021-05-01,5,17,7,0,29,256,48
47980,"Watertown, SD",2021-06-01,10,18,3,1,32,288,58
47980,"Watertown, SD",2021-07-01,7,15,7,0,29,317,65
47980,"Watertown, SD",2021-08-01,10,14,3,0,27,344,75
47980,"Watertown, SD",2021-09-01,12,13,8,2,35,379,87
47980,"Watertown, SD",2021-10-01,14,16,4,1,35,414,101
47980,"Watertown, SD",2021-11-01,8,9,6,1,24,438,109
47980,"Watertown, SD",2021-12-01,9,17,1,0,27,465,118
47980,"Watertown, SD",2022-01-01,20,19,5,0,44,509,138
47980,"Watertown, SD",2022-02-01,17,11,3,0,31,540,155
47980,"Watertown, SD",2022-03-01,9,16,6,2,33,573,164
47980,"Watertown, SD",2022-04-01,7,18,6,1,32,605,171
47980,"Watertown, SD",2022-05-01,9,7,4,1,21,626,180
47980,"Watertown, SD",2022-06-01,7,9,2,1,19,645,187
47980,"Watertown, SD",2022-07-01,4,13,6,0,23,668,191
47980,"Watertown, SD",2022-08-01,14,17,8,1,40,708,205
47980,"Watertown, SD",2022-09-01,9,12,5,1,27,735,214
47980,"Watertown, SD",2022-10-01,10,11,5,1,27,762,224
47980,"Watertown, SD",2022-11-01,17,21,4,1,43,805,241
47980,"Watertown, SD",2022-12-01,19,25,7,0,51,856,260
47980,"Watertown, SD",2023-01-01,20,22,8,0,50,906,280
47980,"Watertown, SD",2023-02-01,15,17,5,2,39,945,295
47980,"Watertown, SD",2023-03-01,27,31,13,0,71,1016,322
47980,"Watertown, SD",2023-04-01,12,20,2,1,35,1051,334
47980,"Watertown, SD",2023-05-01,13,19,2,1,35,1086,347
47980,"Watertown, SD",2023-06-01,16,14,5,0,35,1121,363
47980,"Watertown, SD",2023-07-01,14,31,8,2,55,1176,377
47980,"Watertown, SD",2023-08-01,18,19,17,0,54,1230,395
47980,"Watertown, SD",2023-09-01,16,20,11,1,48,1278,411
47980,"Watertown, SD",2023-10-01,7,28,12,1,48,1326,418
47980,"Watertown, SD",2023-11-01,19,23,15,0,57,1383,437
47980,"Watertown, SD",2023-12-01,19,22,8,0,49,1432,456
47980,"Watertown, SD",2024-01-01,22,24,10,0,56,1488,478
47980,"Watertown, SD",2024-02-01,28,32,9,5,74,1562,506
47980,"Watertown, SD",2024-03-01,26,23,9,0,58,1620,532
47980,"Watertown, SD",2024-04-01,10,17,2,5,34,1654,542
47980,"Watertown, SD",2024-05-01,14,30,12,0,56,1710,556
47980,"Watertown, SD",2024-06-01,21,25,14,1,61,1771,577
47980,"Watertown, SD",2024-07-01,11,11,5,1,28,1799,588
47980,"Watertown, SD",2024-08-01,13,24,9,2,48,1847,601
47980,"Watertown, SD",2024-09-01,17,19,6,1,43,1890,618
47980,"Watertown, SD",2024-10-01,24,20,15,1,60,1950,642
47980,"Watertown, SD",2024-11-01,20,24,8,1,53,2003,662
47980,"Watertown, SD",2024-12-01,14,15,7,0,36,2039,676
47980,"Watertown, SD",2025-01-01,30,20,12,0,62,2101,706
47980,"Watertown, SD",2025-02-01,14,23,6,0,43,2144,720
47980,"Watertown, SD",2025-03-01,17,17,10,0,44,2188,737
47980,"Watertown, SD",2025-04-01,21,12,5,0,38,2226,758
47980,"Watertown, SD",2025-05-01,18,18,8,1,45,2271,776
47980,"Watertown, SD",2025-06-01,16,20,7,1,44,2315,792
47980,"Watertown, SD",2025-07-01,20,11,9,0,40,2355,812
47980,"Watertown, SD",2025-08-01,20,15,3,1,39,2394,832
47980,"Watertown, SD",2025-09-01,3,0,0,0,3,2397,835
39940,"Rexburg, ID",2019-01-01,0,6,0,0,6,6,0
39940,"Rexburg, ID",2019-02-01,0,3,0,0,3,9,0
39940,"Rexburg, ID",2019-03-01,0,7,0,0,7,16,0
39940,"Rexburg, ID",2019-04-01,0,6,1,0,7,23,0
39940,"Rexburg, ID",2019-05-01,1,11,2,0,14,37,1
39940,"Rexburg, ID",2019-06-01,1,34,2,1,38,75,2
39940,"Rexburg, ID",2019-07-01,4,29,2,0,35,110,6
39940,"Rexburg, ID",2019-08-01,1,27,3,0,31,141,7
39940,"Rexburg, ID",2019-09-01,1,30,2,0,33,174,8
39940,"Rexburg, ID",2019-10-01,2,45,3,0,50,224,10
39940,"Rexburg, ID",2019-11-01,5,35,2,0,42,266,15
39940,"Rexburg, ID",2019-12-01,1,33,5,0,39,305,16
39940,"Rexburg, ID",2020-01-01,2,33,4,0,39,344,18
39940,"Rexburg, ID",2020-02-01,9,49,1,1,60,404,27
39940,"Rexburg, ID",2020-03-01,11,49,2,0,62,466,38
39940,"Rexburg, ID",2020-04-01,23,139,2,0,164,630,61
39940,"Rexburg, ID",2020-05-01,20,83,9,1,113,743,81
39940,"Rexburg, ID",2020-06-01,21,48,5,0,74,817,102
39940,"Rexburg, ID",2020-07-01,19,73,2,0,94,911,121
39940,"Rexburg, ID",2020-08-01,27,84,2,1,114,1025,148
39940,"Rexburg, ID",2020-09-01,32,78,3,0,113,1138,180
39940,"Rexburg, ID",2020-10-01,35,109,3,0,147,1285,215
39940,"Rexburg, ID",2020-11-01,25,59,2,0,86,1371,240
39940,"Rexburg, ID",2020-12-01,14,67,1,0,82,1453,254
39940,"Rexburg, ID",2021-01-01,30,75,5,1,111,1564,284
39940,"Rexburg, ID",2021-02-01,17,51,6,0,74,1638,301
39940,"Rexburg, ID",2021-03-01,42,79,11,0,132,1770,343
39940,"Rexburg, ID",2021-04-01,40,69,4,0,113,1883,383
39940,"Rexburg, ID",2021-05-01,31,56,1,0,88,1971,414
39940,"Rexburg, ID",2021-06-01,26,46,5,1,78,2049,440
39940,"Rexburg, ID",2021-07-01,28,63,2,1,94,2143,468
39940,"Rexburg, ID",2021-08-01,31,65,5,0,101,2244,499
39940,"Rexburg, ID",2021-09-01,34,94,4,0,132,2376,533
39940,"Rexburg, ID",2021-10-01,25,48,4,1,78,2454,558
39940,"Rexburg, ID",2021-11-01,27,62,3,1,93,2547,585
39940,"Rexburg, ID",2021-12-01,34,44,7,0,85,2632,619
39940,"Rexburg, ID",2022-01-01,90,129,9,1,229,2861,709
39940,"Rexburg, ID",2022-02-01,48,59,3,0,110,2971,757
39940,"Rexburg, ID",2022-03-01,24,55,8,0,87,3058,781
39940,"Rexburg, ID",2022-04-01,33,56,4,0,93,3151,814
39940,"Rexburg, ID",2022-05-01,30,53,3,0,86,3237,844
39940,"Rexburg, ID",2022-06-01,37,39,3,0,79,3316,881
39940,"Rexburg, ID",2022-07-01,33,34,7,1,75,3391,914
39940,"Rexburg, ID",2022-08-01,36,43,3,0,82,3473,950
39940,"Rexburg, ID",2022-09-01,54,65,3,0,122,3595,1004
39940,"Rexburg, ID",2022-10-01,50,62,5,0,117,3712,1054
39940,"Rexburg, ID",2022-11-01,55,41,12,1,109,3821,1109
39940,"Rexburg, ID",2022-12-01,41,50,5,0,96,3917,1150
39940,"Rexburg, ID",2023-01-01,81,58,7,1,147,4064,1231
39940,"Rexburg, ID",2023-02-01,80,46,5,0,131,4195,1311
39940,"Rexburg, ID",2023-03-01,62,55,9,2,128,4323,1373
39940,"Rexburg, ID",2023-04-01,60,37,9,0,106,4429,1433
39940,"Rexburg, ID",2023-05-01,41,37,9,0,87,4516,1474
39940,"Rexburg, ID",2023-06-01,30,28,2,0,60,4576,1504
39940,"Rexburg, ID",2023-07-01,23,26,8,1,58,4634,1527
39940,"Rexburg, ID",2023-08-01,43,30,4,0,77,4711,1570
39940,"Rexburg, ID",2023-09-01,65,23,5,2,95,4806,1635
39940,"Rexburg, ID",2023-10-01,64,45,9,0,118,4924,1699
39940,"Rexburg, ID",2023-11-01,73,51,6,0,130,5054,1772
39940,"Rexburg, ID",2023-12-01,50,34,6,2,92,5146,1822
39940,"Rexburg, ID",2024-01-01,79,42,6,2,129,5275,1901
39940,"Rexburg, ID",2024-02-01,81,46,2,0,129,5404,1982
39940,"Rexburg, ID",2024-03-01,69,40,7,0,116,5520,2051
39940,"Rexburg, ID",2024-04-01,53,24,3,2,82,5602,2104
39940,"Rexburg, ID",2024-05-01,54,29,2,0,85,5687,2158
39940,"Rexburg, ID",2024-06-01,33,15,4,1,53,5740,2191
39940,"Rexburg, ID",2024-07-01,35,30,2,1,68,5808,2226
39940,"Rexburg, ID",2024-08-01,44,24,4,0,72,5880,2270
39940,"Rexburg, ID",2024-09-01,57,35,7,0,99,5979,2327
39940,"Rexburg, ID",2024-10-01,119,39,6,0,164,6143,2446
39940,"Rexburg, ID",2024-11-01,91,40,8,0,139,6282,2537
39940,"Rexburg, ID",2024-12-01,72,37,5,1,115,6397,2609
39940,"Rexburg, ID",2025-01-01,135,46,6,0,187,6584,2744
39940,"Rexburg, ID",2025-02-01,97,40,13,0,150,6734,2841
39940,"Rexburg, ID",2025-03-01,81,39,10,1,131,6865,2922
39940,"Rexburg, ID",2025-04-01,80,36,3,0,119,6984,3002
39940,"Rexburg, ID",2025-05-01,75,24,6,0,105,7089,3077
39940,"Rexburg, ID",2025-06-01,60,31,7,2,100,7189,3137
39940,"Rexburg, ID",2025-07-01,57,24,4,0,85,7274,3194
39940,"Rexburg, ID",2025-08-01,46,16,2,1,65,7339,3240
39940,"Rexburg, ID",2025-09-01,1,0,0,0,1,7340,3241
19180,"Danville, IL",2019-01-01,0,2,0,0,2,2,0
19180,"Danville, IL",2019-02-01,0,3,0,0,3,5,0
19180,"Danville, IL",2019-03-01,0,4,1,0,5,10,0
19180,"Danville, IL",2019-04-01,0,6,1,0,7,17,0
19180,"Danville, IL",2019-05-01,0,3,0,0,3,20,0
19180,"Danville, IL",2019-06-01,0,4,0,0,4,24,0
19180,"Danville, IL",2019-07-01,0,4,1,0,5,29,0
19180,"Danville, IL",2019-08-01,0,1,2,0,3,32,0
19180,"Danville, IL",2019-09-01,3,4,1,0,8,40,3
19180,"Danville, IL",2019-10-01,0,2,0,0,2,42,3
19180,"Danville, IL",2019-11-01,1,4,1,0,6,48,4
19180,"Danville, IL",2019-12-01,0,6,1,0,7,55,4
19180,"Danville, IL",2020-01-01,0,3,2,1,6,61,4
19180,"Danville, IL",2020-02-01,3,11,3,1,18,79,7
19180,"Danville, IL",2020-03-01,2,18,3,0,23,102,9
19180,"Danville, IL",2020-04-01,0,21,4,0,25,127,9
19180,"Danville, IL",2020-05-01,1,33,5,0,39,166,10
19180,"Danville, IL",2020-06-01,7,22,9,0,38,204,17
19180,"Danville, IL",2020-07-01,8,27,8,2,45,249,25
19180,"Danville, IL",2020-08-01,7,35,11,0,53,302,32
19180,"Danville, IL",2020-09-01,10,20,6,2,38,340,42
19180,"Danville, IL",2020-10-01,8,18,3,1,30,370,50
19180,"Danville, IL",2020-11-01,5,20,3,0,28,398,55
19180,"Danville, IL",2020-12-01,12,16,5,0,33,431,67
19180,"Danville, IL",2021-01-01,14,31,7,0,52,483,81
19180,"Danville, IL",2021-02-01,18,31,10,1,60,543,99
19180,"Danville, IL",2021-03-01,12,37,10,2,61,604,111
19180,"Danville, IL",2021-04-01,22,58,9,2,91,695,133
19180,"Danville, IL",2021-05-01,24,34,7,1,66,761,157
19180,"Danville, IL",2021-06-01,17,36,9,1,63,824,174
19180,"Danville, IL",2021-07-01,12,32,8,1,53,877,186
19180,"Danville, IL",2021-08-01,9,31,11,0,51,928,195
19180,"Danville, IL",2021-09-01,10,45,11,0,66,994,205
19180,"Danville, IL",2021-10-01,14,34,8,0,56,1050,219
19180,"Danville, IL",2021-11-01,11,37,6,1,55,1105,230
19180,"Danville, IL",2021-12-01,15,38,7,0,60,1165,245
19180,"Danville, IL",2022-01-01,21,41,10,1,73,1238,266
19180,"Danville, IL",2022-02-01,14,26,7,1,48,1286,280
19180,"Danville, IL",2022-03-01,12,37,18,4,71,1357,292
19180,"Danville, IL",2022-04-01,14,25,8,1,48,1405,306
19180,"Danville, IL",2022-05-01,12,35,7,1,55,1460,318
19180,"Danville, IL",2022-06-01,12,20,5,1,38,1498,330
19180,"Danville, IL",2022-07-01,16,33,0,0,49,1547,346
19180,"Danville, IL",2022-08-01,10,34,6,0,50,1597,356
19180,"Danville, IL",2022-09-01,15,21,4,1,41,1638,371
19180,"Danville, IL",2022-10-01,10,27,8,2,47,1685,381
19180,"Danville, IL",2022-11-01,22,22,8,1,53,1738,403
19180,"Danville, IL",2022-12-01,12,37,8,2,59,1797,415
19180,"Danville, IL",2023-01-01,18,25,4,2,49,1846,433
19180,"Danville, IL",2023-02-01,15,28,9,1,53,1899,448
19180,"Danville, IL",2023-03-01,19,51,9,1,80,1979,467
19180,"Danville, IL",2023-04-01,16,34,5,0,55,2034,483
19180,"Danville, IL",2023-05-01,10,28,10,0,48,2082,493
19180,"Danville, IL",2023-06-01,7,23,11,1,42,2124,500
19180,"Danville, IL",2023-07-01,7,21,5,1,34,2158,507
19180,"Danville, IL",2023-08-01,20,25,15,1,61,2219,527
19180,"Danville, IL",2023-09-01,17,34,12,2,65,2284,544
19180,"Danville, IL",2023-10-01,19,23,6,0,48,2332,563
19180,"Danville, IL",2023-11-01,16,32,11,2,61,2393,579
19180,"Danville, IL",2023-12-01,20,20,9,0,49,2442,599
19180,"Danville, IL",2024-01-01,25,17,14,1,57,2499,624
19180,"Danville, IL",2024-02-01,19,31,7,0,57,2556,643
19180,"Danville, IL",2024-03-01,20,34,10,0,64,2620,663
19180,"Danville, IL",2024-04-01,31,37,8,1,77,2697,694
19180,"Danville, IL",2024-05-01,21,29,16,1,67,2764,715
19180,"Danville, IL",2024-06-01,9,16,3,0,28,2792,724
19180,"Danville, IL",2024-07-01,7,8,2,1,18,2810,731
19180,"Danville, IL",2024-08-01,7,12,2,0,21,2831,738
19180,"Danville, IL",2024-09-01,16,35,12,0,63,2894,754
19180,"Danville, IL",2024-10-01,18,30,10,0,58,2952,772
19180,"Danville, IL",2024-11-01,23,27,4,1,55,3007,795
19180,"Danville, IL",2024-12-01,25,32,3,0,60,3067,820
19180,"Danville, IL",2025-01-01,25,20,12,0,57,3124,845
19180,"Danville, IL",2025-02-01,21,25,8,0,54,3178,866
19180,"Danville, IL",2025-03-01,40,37,15,1,93,3271,906
19180,"Danville, IL",2025-04-01,32,41,12,0,85,3356,938
19180,"Danville, IL",2025-05-01,13,19,4,0,36,3392,951
19180,"Danville, IL",2025-06-01,27,28,8,1,64,3456,978
19180,"Danville, IL",2025-07-01,21,32,7,1,61,3517,999
19180,"Danville, IL",2025-08-01,24,25,7,0,56,3573,1023
16460,"Centralia, IL",2019-01-01,0,1,0,0,1,1,0
16460,"Centralia, IL",2019-03-01,0,1,0,0,1,2,0
16460,"Centralia, IL",2019-04-01,0,1,0,0,1,3,0
16460,"Centralia, IL",2019-06-01,0,2,0,0,2,5,0
16460,"Centralia, IL",2019-07-01,0,2,0,0,2,7,0
16460,"Centralia, IL",2019-08-01,0,5,2,0,7,14,0
16460,"Centralia, IL",2019-09-01,0,5,2,0,7,21,0
16460,"Centralia, IL",2019-10-01,0,1,0,0,1,22,0
16460,"Centralia, IL",2019-11-01,1,1,2,0,4,26,1
16460,"Centralia, IL",2019-12-01,0,1,0,0,1,27,1
16460,"Centralia, IL",2020-01-01,0,3,1,1,5,32,1
16460,"Centralia, IL",2020-02-01,2,10,3,0,15,47,3
16460,"Centralia, IL",2020-03-01,6,10,5,0,21,68,9
16460,"Centralia, IL",2020-04-01,1,14,2,0,17,85,10
16460,"Centralia, IL",2020-05-01,2,16,3,0,21,106,12
16460,"Centralia, IL",2020-06-01,2,11,1,1,15,121,14
16460,"Centralia, IL",2020-07-01,1,3,6,0,10,131,15
16460,"Centralia, IL",2020-08-01,0,6,0,0,6,137,15
16460,"Centralia, IL",2020-09-01,1,6,3,0,10,147,16
16460,"Centralia, IL",2020-10-01,4,11,1,1,17,164,20
16460,"Centralia, IL",2020-11-01,2,8,2,0,12,176,22
16460,"Centralia, IL",2020-12-01,4,10,1,0,15,191,26
16460,"Centralia, IL",2021-01-01,8,7,2,0,17,208,34
16460,"Centralia, IL",2021-02-01,2,8,2,0,12,220,36
16460,"Centralia, IL",2021-03-01,5,9,1,0,15,235,41
16460,"Centralia, IL",2021-04-01,5,21,6,0,32,267,46
16460,"Centralia, IL",2021-05-01,9,14,2,0,25,292,55
16460,"Centralia, IL",2021-06-01,7,14,4,0,25,317,62
16460,"Centralia, IL",2021-07-01,3,18,5,1,27,344,65
16460,"Centralia, IL",2021-08-01,4,17,4,0,25,369,69
16460,"Centralia, IL",2021-09-01,6,15,6,0,27,396,75
16460,"Centralia, IL",2021-10-01,5,14,3,2,24,420,80
16460,"Centralia, IL",2021-11-01,11,15,7,0,33,453,91
16460,"Centralia, IL",2021-12-01,4,15,1,1,21,474,95
16460,"Centralia, IL",2022-01-01,4,13,6,0,23,497,99
16460,"Centralia, IL",2022-02-01,7,7,4,0,18,515,106
16460,"Centralia, IL",2022-03-01,6,12,8,0,26,541,112
16460,"Centralia, IL",2022-04-01,5,12,2,0,19,560,117
16460,"Centralia, IL",2022-05-01,3,9,3,0,15,575,120
16460,"Centralia, IL",2022-06-01,1,4,3,0,8,583,121
16460,"Centralia, IL",2022-07-01,3,13,1,1,18,601,124
16460,"Centralia, IL",2022-08-01,7,13,2,0,22,623,131
16460,"Centralia, IL",2022-09-01,6,12,3,0,21,644,137
16460,"Centralia, IL",2022-10-01,3,7,2,0,12,656,140
16460,"Centralia, IL",2022-11-01,6,7,5,0,18,674,146
16460,"Centralia, IL",2022-12-01,4,8,1,0,13,687,150
16460,"Centralia, IL",2023-01-01,7,7,4,0,18,705,157
16460,"Centralia, IL",2023-02-01,5,11,2,0,18,723,162
16460,"Centralia, IL",2023-03-01,9,15,6,0,30,753,171
16460,"Centralia, IL",2023-04-01,7,12,4,0,23,776,178
16460,"Centralia, IL",2023-05-01,7,15,1,0,23,799,185
16460,"Centralia, IL",2023-06-01,3,12,4,0,19,818,188
16460,"Centralia, IL",2023-07-01,7,7,4,0,18,836,195
16460,"Centralia, IL",2023-08-01,2,11,2,0,15,851,197
16460,"Centralia, IL",2023-09-01,5,10,3,0,18,869,202
16460,"Centralia, IL",2023-10-01,6,9,5,0,20,889,208
16460,"Centralia, IL",2023-11-01,6,14,2,0,22,911,214
16460,"Centralia, IL",2023-12-01,11,18,5,0,34,945,225
16460,"Centralia, IL",2024-01-01,11,13,2,0,26,971,236
16460,"Centralia, IL",2024-02-01,6,9,0,0,15,986,242
16460,"Centralia, IL",2024-03-01,12,15,7,0,34,1020,254
16460,"Centralia, IL",2024-04-01,12,13,3,0,28,1048,266
16460,"Centralia, IL",2024-05-01,7,10,0,0,17,1065,273
16460,"Centralia, IL",2024-06-01,2,6,1,0,9,1074,275
16460,"Centralia, IL",2024-07-01,9,10,5,0,24,1098,284
16460,"Centralia, IL",2024-08-01,9,24,4,1,38,1136,293
16460,"Centralia, IL",2024-09-01,12,6,7,0,25,1161,305
16460,"Centralia, IL",2024-10-01,7,14,4,0,25,1186,312
16460,"Centralia, IL",2024-11-01,17,14,7,0,38,1224,329
16460,"Centralia, IL",2024-12-01,17,20,5,2,44,1268,346
16460,"Centralia, IL",2025-01-01,13,16,1,0,30,1298,359
16460,"Centralia, IL",2025-02-01,21,18,4,0,43,1341,380
16460,"Centralia, IL",2025-03-01,26,17,6,0,49,1390,406
16460,"Centralia, IL",2025-04-01,21,16,5,1,43,1433,427
16460,"Centralia, IL",2025-05-01,13,13,6,0,32,1465,440
16460,"Centralia, IL",2025-06-01,13,13,4,0,30,1495,453
16460,"Centralia, IL",2025-07-01,12,10,2,0,24,1519,465
16460,"Centralia, IL",2025-08-01,7,17,3,1,28,1547,472
16460,"Centralia, IL",2025-09-01,0,0,1,0,1,1548,472
33540,"Missoula, MT",2019-01-01,0,16,6,0,22,22,0
33540,"Missoula, MT",2019-02-01,2,10,3,0,15,37,2
33540,"Missoula, MT",2019-03-01,0,24,5,0,29,66,2
33540,"Missoula, MT",2019-04-01,2,23,8,0,33,99,4
33540,"Missoula, MT",2019-05-01,2,11,5,1,19,118,6
33540,"Missoula, MT",2019-06-01,1,22,2,1,26,144,7
33540,"Missoula, MT",2019-07-01,2,30,6,0,38,182,9
33540,"Missoula, MT",2019-08-01,1,30,7,1,39,221,10
33540,"Missoula, MT",2019-09-01,6,22,4,2,34,255,16
33540,"Missoula, MT",2019-10-01,4,24,5,2,35,290,20
33540,"Missoula, MT",2019-11-01,7,32,8,1,48,338,27
33540,"Missoula, MT",2019-12-01,4,33,2,1,40,378,31
33540,"Missoula, MT",2020-01-01,6,32,4,1,43,421,37
33540,"Missoula, MT",2020-02-01,3,34,5,1,43,464,40
33540,"Missoula, MT",2020-03-01,9,38,9,1,57,521,49
33540,"Missoula, MT",2020-04-01,21,95,19,3,138,659,70
33540,"Missoula, MT",2020-05-01,34,117,14,2,167,826,104
33540,"Missoula, MT",2020-06-01,29,73,10,0,112,938,133
33540,"Missoula, MT",2020-07-01,26,99,19,2,146,1084,159
33540,"Missoula, MT",2020-08-01,37,108,18,3,166,1250,196
33540,"Missoula, MT",2020-09-01,38,85,16,2,141,1391,234
33540,"Missoula, MT",2020-10-01,32,88,14,0,134,1525,266
33540,"Missoula, MT",2020-11-01,22,44,4,0,70,1595,288
33540,"Missoula, MT",2020-12-01,15,42,8,0,65,1660,303
33540,"Missoula, MT",2021-01-01,30,70,15,3,118,1778,333
33540,"Missoula, MT",2021-02-01,37,98,17,0,152,1930,370
33540,"Missoula, MT",2021-03-01,49,93,19,2,163,2093,419
33540,"Missoula, MT",2021-04-01,23,84,17,1,125,2218,442
33540,"Missoula, MT",2021-05-01,33,86,12,0,131,2349,475
33540,"Missoula, MT",2021-06-01,25,82,12,2,121,2470,500
33540,"Missoula, MT",2021-07-01,19,60,16,3,98,2568,519
33540,"Missoula, MT",2021-08-01,24,74,13,1,112,2680,543
33540,"Missoula, MT",2021-09-01,39,75,17,1,132,2812,582
33540,"Missoula, MT",2021-10-01,32,82,15,3,132,2944,614
33540,"Missoula, MT",2021-11-01,29,60,17,0,106,3050,643
33540,"Missoula, MT",2021-12-01,22,61,11,1,95,3145,665
33540,"Missoula, MT",2022-01-01,66,110,23,1,200,3345,731
33540,"Missoula, MT",2022-02-01,57,83,14,2,156,3501,788
33540,"Missoula, MT",2022-03-01,54,78,16,2,150,3651,842
33540,"Missoula, MT",2022-04-01,32,57,16,0,105,3756,874
33540,"Missoula, MT",2022-05-01,39,63,15,0,117,3873,913
33540,"Missoula, MT",2022-06-01,28,57,13,2,100,3973,941
33540,"Missoula, MT",2022-07-01,37,54,9,0,100,4073,978
33540,"Missoula, MT",2022-08-01,62,88,18,2,170,4243,1040
33540,"Missoula, MT",2022-09-01,69,94,13,1,177,4420,1109
33540,"Missoula, MT",2022-10-01,45,80,24,6,155,4575,1154
33540,"Missoula, MT",2022-11-01,55,68,20,1,144,4719,1209
33540,"Missoula, MT",2022-12-01,58,72,19,0,149,4868,1267
33540,"Missoula, MT",2023-01-01,46,74,13,0,133,5001,1313
33540,"Missoula, MT",2023-02-01,49,64,16,2,131,5132,1362
33540,"Missoula, MT",2023-03-01,58,77,20,1,156,5288,1420
33540,"Missoula, MT",2023-04-01,46,60,12,2,120,5408,1466
33540,"Missoula, MT",2023-05-01,39,37,10,1,87,5495,1505
33540,"Missoula, MT",2023-06-01,33,29,13,3,78,5573,1538
33540,"Missoula, MT",2023-07-01,31,52,12,3,98,5671,1569
33540,"Missoula, MT",2023-08-01,52,75,21,2,150,5821,1621
33540,"Missoula, MT",2023-09-01,44,42,17,0,103,5924,1665
33540,"Missoula, MT",2023-10-01,44,61,10,3,118,6042,1709
33540,"Missoula, MT",2023-11-01,55,64,12,1,132,6174,1764
33540,"Missoula, MT",2023-12-01,54,54,18,3,129,6303,1818
33540,"Missoula, MT",2024-01-01,47,63,16,2,128,6431,1865
33540,"Missoula, MT",2024-02-01,51,47,17,0,115,6546,1916
33540,"Missoula, MT",2024-03-01,49,55,14,0,118,6664,1965
33540,"Missoula, MT",2024-04-01,27,62,14,2,105,6769,1992
33540,"Missoula, MT",2024-05-01,52,65,12,1,130,6899,2044
33540,"Missoula, MT",2024-06-01,30,64,8,0,102,7001,2074
33540,"Missoula, MT",2024-07-01,43,82,15,2,142,7143,2117
33540,"Missoula, MT",2024-08-01,38,82,25,2,147,7290,2155
33540,"Missoula, MT",2024-09-01,52,55,18,2,127,7417,2207
33540,"Missoula, MT",2024-10-01,54,72,22,6,154,7571,2261
33540,"Missoula, MT",2024-11-01,56,78,19,1,154,7725,2317
33540,"Missoula, MT",2024-12-01,51,61,10,1,123,7848,2368
33540,"Missoula, MT",2025-01-01,80,73,26,3,182,8030,2448
33540,"Missoula, MT",2025-02-01,54,50,9,1,114,8144,2502
33540,"Missoula, MT",2025-03-01,56,41,16,1,114,8258,2558
33540,"Missoula, MT",2025-04-01,24,22,9,1,56,8314,2582
33540,"Missoula, MT",2025-05-01,52,57,12,3,124,8438,2634
33540,"Missoula, MT",2025-06-01,46,74,21,1,142,8580,2680
33540,"Missoula, MT",2025-07-01,47,54,13,2,116,8696,2727
33540,"Missoula, MT",2025-08-01,60,45,10,0,115,8811,2787
33540,"Missoula, MT",2025-09-01,1,3,0,1,5,8816,2788
39020,"Portsmouth, OH",2019-02-01,0,3,1,0,4,4,0
39020,"Portsmouth, OH",2019-03-01,0,2,2,0,4,8,0
39020,"Portsmouth, OH",2019-04-01,1,1,2,0,4,12,1
39020,"Portsmouth, OH",2019-05-01,0,1,0,0,1,13,1
39020,"Portsmouth, OH",2019-06-01,1,1,0,0,2,15,2
39020,"Portsmouth, OH",2019-07-01,1,23,8,0,32,47,3
39020,"Portsmouth, OH",2019-08-01,0,9,3,0,12,59,3
39020,"Portsmouth, OH",2019-09-01,1,19,4,0,24,83,4
39020,"Portsmouth, OH",2019-10-01,0,10,3,0,13,96,4
39020,"Portsmouth, OH",2019-11-01,3,17,2,0,22,118,7
39020,"Portsmouth, OH",2019-12-01,2,13,3,0,18,136,9
39020,"Portsmouth, OH",2020-01-01,2,8,3,0,13,149,11
39020,"Portsmouth, OH",2020-02-01,5,9,2,0,16,165,16
39020,"Portsmouth, OH",2020-03-01,3,10,2,0,15,180,19
39020,"Portsmouth, OH",2020-04-01,10,23,7,1,41,221,29
39020,"Portsmouth, OH",2020-05-01,10,26,7,0,43,264,39
39020,"Portsmouth, OH",2020-06-01,6,26,2,0,34,298,45
39020,"Portsmouth, OH",2020-07-01,11,32,6,1,50,348,56
39020,"Portsmouth, OH",2020-08-01,15,25,9,1,50,398,71
39020,"Portsmouth, OH",2020-09-01,8,16,4,0,28,426,79
39020,"Portsmouth, OH",2020-10-01,17,22,5,1,45,471,96
39020,"Portsmouth, OH",2020-11-01,4,23,1,1,29,500,100
39020,"Portsmouth, OH",2020-12-01,9,22,3,0,34,534,109
39020,"Portsmouth, OH",2021-01-01,19,36,9,0,64,598,128
39020,"Portsmouth, OH",2021-02-01,10,20,8,1,39,637,138
39020,"Portsmouth, OH",2021-03-01,14,39,10,2,65,702,152
39020,"Portsmouth, OH",2021-04-01,16,46,9,0,71,773,168
39020,"Portsmouth, OH",2021-05-01,7,44,11,1,63,836,175
39020,"Portsmouth, OH",2021-06-01,15,43,9,2,69,905,190
39020,"Portsmouth, OH",2021-07-01,10,33,5,0,48,953,200
39020,"Portsmouth, OH",2021-08-01,13,36,8,1,58,1011,213
39020,"Portsmouth, OH",2021-09-01,13,31,13,1,58,1069,226
39020,"Portsmouth, OH",2021-10-01,10,22,7,0,39,1108,236
39020,"Portsmouth, OH",2021-11-01,11,23,5,0,39,1147,247
39020,"Portsmouth, OH",2021-12-01,9,31,10,2,52,1199,256
39020,"Portsmouth, OH",2022-01-01,31,35,8,0,74,1273,287
39020,"Portsmouth, OH",2022-02-01,16,27,7,1,51,1324,303
39020,"Portsmouth, OH",2022-03-01,16,40,12,0,68,1392,319
39020,"Portsmouth, OH",2022-04-01,10,30,6,1,47,1439,329
39020,"Portsmouth, OH",2022-05-01,9,12,4,1,26,1465,338
39020,"Portsmouth, OH",2022-06-01,15,19,5,0,39,1504,353
39020,"Portsmouth, OH",2022-07-01,16,21,6,0,43,1547,369
39020,"Portsmouth, OH",2022-08-01,8,28,3,1,40,1587,377
39020,"Portsmouth, OH",2022-09-01,6,28,14,2,50,1637,383
39020,"Portsmouth, OH",2022-10-01,18,23,9,1,51,1688,401
39020,"Portsmouth, OH",2022-11-01,17,34,8,0,59,1747,418
39020,"Portsmouth, OH",2022-12-01,17,26,6,1,50,1797,435
39020,"Portsmouth, OH",2023-01-01,19,30,8,0,57,1854,454
39020,"Portsmouth, OH",2023-02-01,11,18,11,1,41,1895,465
39020,"Portsmouth, OH",2023-03-01,23,34,11,3,71,1966,488
39020,"Portsmouth, OH",2023-04-01,17,31,6,2,56,2022,505
39020,"Portsmouth, OH",2023-05-01,15,26,5,1,47,2069,520
39020,"Portsmouth, OH",2023-06-01,13,24,12,0,49,2118,533
39020,"Portsmouth, OH",2023-07-01,20,29,14,0,63,2181,553
39020,"Portsmouth, OH",2023-08-01,6,15,6,0,27,2208,559
39020,"Portsmouth, OH",2023-09-01,20,13,7,0,40,2248,579
39020,"Portsmouth, OH",2023-10-01,14,20,8,0,42,2290,593
39020,"Portsmouth, OH",2023-11-01,26,31,11,2,70,2360,619
39020,"Portsmouth, OH",2023-12-01,22,30,7,1,60,2420,641
39020,"Portsmouth, OH",2024-01-01,25,28,9,1,63,2483,666
39020,"Portsmouth, OH",2024-02-01,21,19,12,0,52,2535,687
39020,"Portsmouth, OH",2024-03-01,23,32,4,2,61,2596,710
39020,"Portsmouth, OH",2024-04-01,13,23,9,1,46,2642,723
39020,"Portsmouth, OH",2024-05-01,20,14,3,0,37,2679,743
39020,"Portsmouth, OH",2024-06-01,19,23,11,2,55,2734,762
39020,"Portsmouth, OH",2024-07-01,12,16,8,0,36,2770,774
39020,"Portsmouth, OH",2024-08-01,5,11,2,0,18,2788,779
39020,"Portsmouth, OH",2024-09-01,26,26,9,1,62,2850,805
39020,"Portsmouth, OH",2024-10-01,26,31,7,1,65,2915,831
39020,"Portsmouth, OH",2024-11-01,25,26,9,0,60,2975,856
39020,"Portsmouth, OH",2024-12-01,22,36,11,1,70,3045,878
39020,"Portsmouth, OH",2025-01-01,31,25,9,1,66,3111,909
39020,"Portsmouth, OH",2025-02-01,27,21,20,1,69,3180,936
39020,"Portsmouth, OH",2025-03-01,31,31,14,1,77,3257,967
39020,"Portsmouth, OH",2025-04-01,40,33,9,1,83,3340,1007
39020,"Portsmouth, OH",2025-05-01,28,33,11,0,72,3412,1035
39020,"Portsmouth, OH",2025-06-01,26,32,11,3,72,3484,1061
39020,"Portsmouth, OH",2025-07-01,20,22,7,0,49,3533,1081
39020,"Portsmouth, OH",2025-08-01,29,26,10,0,65,3598,1110
40770,"Russellville, AL",2019-01-01,0,1,0,0,1,1,0
40770,"Russellville, AL",2019-03-01,0,4,0,2,6,7,0
40770,"Russellville, AL",2019-04-01,1,7,4,0,12,19,1
40770,"Russellville, AL",2019-05-01,0,3,0,0,3,22,1
40770,"Russellville, AL",2019-06-01,0,4,2,0,6,28,1
40770,"Russellville, AL",2019-07-01,0,12,4,0,16,44,1
40770,"Russellville, AL",2019-08-01,0,8,1,0,9,53,1
40770,"Russellville, AL",2019-09-01,0,9,3,0,12,65,1
40770,"Russellville, AL",2019-10-01,0,11,5,0,16,81,1
40770,"Russellville, AL",2019-11-01,0,2,3,0,5,86,1
40770,"Russellville, AL",2019-12-01,0,7,1,0,8,94,1
40770,"Russellville, AL",2020-01-01,1,12,2,0,15,109,2
40770,"Russellville, AL",2020-02-01,1,10,1,0,12,121,3
40770,"Russellville, AL",2020-03-01,0,15,6,0,21,142,3
40770,"Russellville, AL",2020-04-01,5,10,3,0,18,160,8
40770,"Russellville, AL",2020-05-01,4,21,7,1,33,193,12
40770,"Russellville, AL",2020-06-01,8,22,6,1,37,230,20
40770,"Russellville, AL",2020-07-01,5,24,5,1,35,265,25
40770,"Russellville, AL",2020-08-01,7,25,9,0,41,306,32
40770,"Russellville, AL",2020-09-01,10,23,4,0,37,343,42
40770,"Russellville, AL",2020-10-01,4,14,2,0,20,363,46
40770,"Russellville, AL",2020-11-01,8,13,3,0,24,387,54
40770,"Russellville, AL",2020-12-01,1,9,4,0,14,401,55
40770,"Russellville, AL",2021-01-01,4,27,4,0,35,436,59
40770,"Russellville, AL",2021-02-01,3,9,3,0,15,451,62
40770,"Russellville, AL",2021-03-01,8,23,2,0,33,484,70
40770,"Russellville, AL",2021-04-01,14,54,3,0,71,555,84
40770,"Russellville, AL",2021-05-01,8,34,4,0,46,601,92
40770,"Russellville, AL",2021-06-01,8,36,12,0,56,657,100
40770,"Russellville, AL",2021-07-01,7,20,3,3,33,690,107
40770,"Russellville, AL",2021-08-01,5,17,8,0,30,720,112
40770,"Russellville, AL",2021-09-01,11,30,8,1,50,770,123
40770,"Russellville, AL",2021-10-01,4,22,1,0,27,797,127
40770,"Russellville, AL",2021-11-01,3,18,7,0,28,825,130
40770,"Russellville, AL",2021-12-01,15,18,4,0,37,862,145
40770,"Russellville, AL",2022-01-01,4,30,10,1,45,907,149
40770,"Russellville, AL",2022-02-01,8,21,3,1,33,940,157
40770,"Russellville, AL",2022-03-01,5,31,5,0,41,981,162
40770,"Russellville, AL",2022-04-01,6,16,4,0,26,1007,168
40770,"Russellville, AL",2022-05-01,6,20,4,1,31,1038,174
40770,"Russellville, AL",2022-06-01,9,20,5,0,34,1072,183
40770,"Russellville, AL",2022-07-01,6,17,3,0,26,1098,189
40770,"Russellville, AL",2022-08-01,3,15,2,0,20,1118,192
40770,"Russellville, AL",2022-09-01,11,27,11,2,51,1169,203
40770,"Russellville, AL",2022-10-01,8,19,6,0,33,1202,211
40770,"Russellville, AL",2022-11-01,6,17,3,0,26,1228,217
40770,"Russellville, AL",2022-12-01,5,19,4,0,28,1256,222
40770,"Russellville, AL",2023-01-01,9,17,7,0,33,1289,231
40770,"Russellville, AL",2023-02-01,12,30,12,3,57,1346,243
40770,"Russellville, AL",2023-03-01,9,32,16,0,57,1403,252
40770,"Russellville, AL",2023-04-01,9,26,5,0,40,1443,261
40770,"Russellville, AL",2023-05-01,5,17,4,0,26,1469,266
40770,"Russellville, AL",2023-06-01,5,7,4,0,16,1485,271
40770,"Russellville, AL",2023-07-01,9,12,5,1,27,1512,280
40770,"Russellville, AL",2023-08-01,7,13,2,0,22,1534,287
40770,"Russellville, AL",2023-09-01,7,13,2,2,24,1558,294
40770,"Russellville, AL",2023-10-01,8,23,5,0,36,1594,302
40770,"Russellville, AL",2023-11-01,26,29,10,2,67,1661,328
40770,"Russellville, AL",2023-12-01,16,28,6,1,51,1712,344
40770,"Russellville, AL",2024-01-01,12,26,4,1,43,1755,356
40770,"Russellville, AL",2024-02-01,17,18,2,1,38,1793,373
40770,"Russellville, AL",2024-03-01,18,18,5,0,41,1834,391
40770,"Russellville, AL",2024-04-01,8,18,2,0,28,1862,399
40770,"Russellville, AL",2024-05-01,5,16,4,1,26,1888,404
40770,"Russellville, AL",2024-06-01,2,7,6,0,15,1903,406
40770,"Russellville, AL",2024-07-01,19,10,5,0,34,1937,425
40770,"Russellville, AL",2024-08-01,6,8,4,0,18,1955,431
40770,"Russellville, AL",2024-09-01,9,14,6,1,30,1985,440
40770,"Russellville, AL",2024-10-01,21,32,7,1,61,2046,461
40770,"Russellville, AL",2024-11-01,18,17,10,1,46,2092,479
40770,"Russellville, AL",2024-12-01,19,33,8,0,60,2152,498
40770,"Russellville, AL",2025-01-01,9,13,10,0,32,2184,507
40770,"Russellville, AL",2025-02-01,10,13,4,0,27,2211,517
40770,"Russellville, AL",2025-03-01,15,26,6,2,49,2260,532
40770,"Russellville, AL",2025-04-01,18,31,9,0,58,2318,550
40770,"Russellville, AL",2025-05-01,9,10,8,0,27,2345,559
40770,"Russellville, AL",2025-06-01,6,7,2,1,16,2361,565
40770,"Russellville, AL",2025-07-01,7,14,3,0,24,2385,572
40770,"Russellville, AL",2025-08-01,18,7,2,1,28,2413,590
40770,"Russellville, AL",2025-09-01,1,0,0,0,1,2414,591
13100,"Beatrice, NE",2019-01-01,0,0,1,0,1,1,0
13100,"Beatrice, NE",2019-02-01,0,1,0,0,1,2,0
13100,"Beatrice, NE",2019-04-01,0,0,1,0,1,3,0
13100,"Beatrice, NE",2019-05-01,0,1,0,0,1,4,0
13100,"Beatrice, NE",2019-07-01,0,1,0,0,1,5,0
13100,"Beatrice, NE",2019-08-01,0,2,1,0,3,8,0
13100,"Beatrice, NE",2019-11-01,0,1,0,0,1,9,0
13100,"Beatrice, NE",2020-02-01,0,1,0,0,1,10,0
13100,"Beatrice, NE",2020-03-01,0,2,1,0,3,13,0
13100,"Beatrice, NE",2020-04-01,1,3,0,0,4,17,1
13100,"Beatrice, NE",2020-05-01,1,1,0,0,2,19,2
13100,"Beatrice, NE",2020-06-01,1,3,0,0,4,23,3
13100,"Beatrice, NE",2020-08-01,0,2,1,0,3,26,3
13100,"Beatrice, NE",2020-09-01,1,1,1,0,3,29,4
13100,"Beatrice, NE",2020-10-01,0,2,0,0,2,31,4
13100,"Beatrice, NE",2020-11-01,0,1,0,0,1,32,4
13100,"Beatrice, NE",2020-12-01,0,1,0,0,1,33,4
13100,"Beatrice, NE",2021-01-01,2,1,0,0,3,36,6
13100,"Beatrice, NE",2021-02-01,1,4,0,0,5,41,7
13100,"Beatrice, NE",2021-03-01,2,1,0,0,3,44,9
13100,"Beatrice, NE",2021-04-01,1,6,0,1,8,52,10
13100,"Beatrice, NE",2021-05-01,2,1,1,0,4,56,12
13100,"Beatrice, NE",2021-06-01,1,2,1,0,4,60,13
13100,"Beatrice, NE",2021-07-01,0,1,0,0,1,61,13
13100,"Beatrice, NE",2021-08-01,4,9,6,1,20,81,17
13100,"Beatrice, NE",2021-09-01,1,6,1,0,8,89,18
13100,"Beatrice, NE",2021-10-01,4,6,0,0,10,99,22
13100,"Beatrice, NE",2021-11-01,2,8,4,0,14,113,24
13100,"Beatrice, NE",2021-12-01,5,6,3,1,15,128,29
13100,"Beatrice, NE",2022-01-01,7,11,3,0,21,149,36
13100,"Beatrice, NE",2022-02-01,5,8,0,0,13,162,41
13100,"Beatrice, NE",2022-03-01,5,7,0,1,13,175,46
13100,"Beatrice, NE",2022-04-01,1,10,1,0,12,187,47
13100,"Beatrice, NE",2022-05-01,3,6,1,0,10,197,50
13100,"Beatrice, NE",2022-06-01,3,3,1,0,7,204,53
13100,"Beatrice, NE",2022-07-01,3,6,1,0,10,214,56
13100,"Beatrice, NE",2022-08-01,3,5,3,0,11,225,59
13100,"Beatrice, NE",2022-09-01,2,8,0,0,10,235,61
13100,"Beatrice, NE",2022-10-01,0,3,1,1,5,240,61
13100,"Beatrice, NE",2022-11-01,6,5,1,0,12,252,67
13100,"Beatrice, NE",2022-12-01,9,4,0,1,14,266,76
13100,"Beatrice, NE",2023-01-01,2,4,1,0,7,273,78
13100,"Beatrice, NE",2023-02-01,3,3,1,0,7,280,81
13100,"Beatrice, NE",2023-03-01,6,10,3,0,19,299,87
13100,"Beatrice, NE",2023-04-01,4,7,3,0,14,313,91
13100,"Beatrice, NE",2023-05-01,2,7,1,0,10,323,93
13100,"Beatrice, NE",2023-06-01,0,2,1,0,3,326,93
13100,"Beatrice, NE",2023-07-01,4,4,3,0,11,337,97
13100,"Beatrice, NE",2023-08-01,2,11,2,0,15,352,99
13100,"Beatrice, NE",2023-09-01,7,8,3,1,19,371,106
13100,"Beatrice, NE",2023-10-01,3,8,3,1,15,386,109
13100,"Beatrice, NE",2023-11-01,5,6,4,1,16,402,114
13100,"Beatrice, NE",2023-12-01,2,7,4,0,13,415,116
13100,"Beatrice, NE",2024-01-01,7,8,2,0,17,432,123
13100,"Beatrice, NE",2024-02-01,8,6,2,0,16,448,131
13100,"Beatrice, NE",2024-03-01,6,5,4,1,16,464,137
13100,"Beatrice, NE",2024-04-01,2,5,1,0,8,472,139
13100,"Beatrice, NE",2024-05-01,6,5,1,0,12,484,145
13100,"Beatrice, NE",2024-06-01,4,5,5,0,14,498,149
13100,"Beatrice, NE",2024-07-01,1,4,1,0,6,504,150
13100,"Beatrice, NE",2024-08-01,1,7,2,0,10,514,151
13100,"Beatrice, NE",2024-09-01,2,4,2,0,8,522,153
13100,"Beatrice, NE",2024-10-01,8,7,3,0,18,540,161
13100,"Beatrice, NE",2024-11-01,8,4,3,0,15,555,169
13100,"Beatrice, NE",2024-12-01,6,5,2,0,13,568,175
13100,"Beatrice, NE",2025-01-01,9,6,2,1,18,586,184
13100,"Beatrice, NE",2025-02-01,3,7,2,0,12,598,187
13100,"Beatrice, NE",2025-03-01,5,2,3,0,10,608,192
13100,"Beatrice, NE",2025-04-01,1,9,1,0,11,619,193
13100,"Beatrice, NE",2025-05-01,3,9,4,0,16,635,196
13100,"Beatrice, NE",2025-06-01,3,8,2,0,13,648,199
13100,"Beatrice, NE",2025-07-01,4,5,4,0,13,661,203
13100,"Beatrice, NE",2025-08-01,4,5,2,0,11,672,207
30500,"Lexington Park, MD",2019-01-01,0,6,1,0,7,7,0
30500,"Lexington Park, MD",2019-02-01,0,6,3,0,9,16,0
30500,"Lexington Park, MD",2019-03-01,0,11,3,0,14,30,0
30500,"Lexington Park, MD",2019-04-01,1,18,6,0,25,55,1
30500,"Lexington Park, MD",2019-05-01,3,28,9,0,40,95,4
30500,"Lexington Park, MD",2019-06-01,2,34,9,0,45,140,6
30500,"Lexington Park, MD",2019-07-01,0,26,2,0,28,168,6
30500,"Lexington Park, MD",2019-08-01,2,32,5,0,39,207,8
30500,"Lexington Park, MD",2019-09-01,4,45,10,0,59,266,12
30500,"Lexington Park, MD",2019-10-01,6,32,3,0,41,307,18
30500,"Lexington Park, MD",2019-11-01,2,36,12,1,51,358,20
30500,"Lexington Park, MD",2019-12-01,4,29,11,1,45,403,24
30500,"Lexington Park, MD",2020-01-01,1,32,9,0,42,445,25
30500,"Lexington Park, MD",2020-02-01,4,40,5,0,49,494,29
30500,"Lexington Park, MD",2020-03-01,7,37,6,2,52,546,36
30500,"Lexington Park, MD",2020-04-01,20,85,17,1,123,669,56
30500,"Lexington Park, MD",2020-05-01,31,88,15,1,135,804,87
30500,"Lexington Park, MD",2020-06-01,22,72,11,3,108,912,109
30500,"Lexington Park, MD",2020-07-01,25,86,16,1,128,1040,134
30500,"Lexington Park, MD",2020-08-01,33,97,22,0,152,1192,167
30500,"Lexington Park, MD",2020-09-01,15,76,11,0,102,1294,182
30500,"Lexington Park, MD",2020-10-01,7,67,16,2,92,1386,189
30500,"Lexington Park, MD",2020-11-01,11,53,14,1,79,1465,200
30500,"Lexington Park, MD",2020-12-01,16,44,6,0,66,1531,216
30500,"Lexington Park, MD",2021-01-01,29,79,12,0,120,1651,245
30500,"Lexington Park, MD",2021-02-01,18,49,13,1,81,1732,263
30500,"Lexington Park, MD",2021-03-01,20,77,20,0,117,1849,283
30500,"Lexington Park, MD",2021-04-01,23,67,14,1,105,1954,306
30500,"Lexington Park, MD",2021-05-01,29,87,16,2,134,2088,335
30500,"Lexington Park, MD",2021-06-01,20,80,13,2,115,2203,355
30500,"Lexington Park, MD",2021-07-01,22,63,18,1,104,2307,377
30500,"Lexington Park, MD",2021-08-01,14,61,12,1,88,2395,391
30500,"Lexington Park, MD",2021-09-01,14,46,16,1,77,2472,405
30500,"Lexington Park, MD",2021-10-01,15,55,13,1,84,2556,420
30500,"Lexington Park, MD",2021-11-01,16,56,15,2,89,2645,436
30500,"Lexington Park, MD",2021-12-01,17,46,9,4,76,2721,453
30500,"Lexington Park, MD",2022-01-01,9,49,16,1,75,2796,462
30500,"Lexington Park, MD",2022-02-01,8,56,8,1,73,2869,470
30500,"Lexington Park, MD",2022-03-01,11,55,23,1,90,2959,481
30500,"Lexington Park, MD",2022-04-01,8,53,18,0,79,3038,489
30500,"Lexington Park, MD",2022-05-01,14,55,13,1,83,3121,503
30500,"Lexington Park, MD",2022-06-01,5,50,13,1,69,3190,508
30500,"Lexington Park, MD",2022-07-01,5,47,16,1,69,3259,513
30500,"Lexington Park, MD",2022-08-01,12,63,20,5,100,3359,525
30500,"Lexington Park, MD",2022-09-01,8,45,20,2,75,3434,533
30500,"Lexington Park, MD",2022-10-01,8,46,15,2,71,3505,541
30500,"Lexington Park, MD",2022-11-01,9,52,10,4,75,3580,550
30500,"Lexington Park, MD",2022-12-01,15,39,18,1,73,3653,565
30500,"Lexington Park, MD",2023-01-01,18,42,14,2,76,3729,583
30500,"Lexington Park, MD",2023-02-01,18,41,11,1,71,3800,601
30500,"Lexington Park, MD",2023-03-01,24,43,12,4,83,3883,625
30500,"Lexington Park, MD",2023-04-01,17,36,10,0,63,3946,642
30500,"Lexington Park, MD",2023-05-01,18,30,18,3,69,4015,660
30500,"Lexington Park, MD",2023-06-01,19,32,12,0,63,4078,679
30500,"Lexington Park, MD",2023-07-01,19,31,6,0,56,4134,698
30500,"Lexington Park, MD",2023-08-01,11,22,3,0,36,4170,709
30500,"Lexington Park, MD",2023-09-01,13,22,11,4,50,4220,722
30500,"Lexington Park, MD",2023-10-01,17,51,19,2,89,4309,739
30500,"Lexington Park, MD",2023-11-01,15,40,21,2,78,4387,754
30500,"Lexington Park, MD",2023-12-01,23,44,13,0,80,4467,777
30500,"Lexington Park, MD",2024-01-01,20,33,18,1,72,4539,797
30500,"Lexington Park, MD",2024-02-01,25,40,10,2,77,4616,822
30500,"Lexington Park, MD",2024-03-01,27,36,9,0,72,4688,849
30500,"Lexington Park, MD",2024-04-01,21,30,13,1,65,4753,870
30500,"Lexington Park, MD",2024-05-01,37,32,12,0,81,4834,907
30500,"Lexington Park, MD",2024-06-01,23,24,8,0,55,4889,930
30500,"Lexington Park, MD",2024-07-01,16,23,8,0,47,4936,946
30500,"Lexington Park, MD",2024-08-01,25,29,9,0,63,4999,971
30500,"Lexington Park, MD",2024-09-01,18,17,5,0,40,5039,989
30500,"Lexington Park, MD",2024-10-01,37,47,15,0,99,5138,1026
30500,"Lexington Park, MD",2024-11-01,25,39,19,1,84,5222,1051
30500,"Lexington Park, MD",2024-12-01,31,32,8,1,72,5294,1082
30500,"Lexington Park, MD",2025-01-01,25,47,15,6,93,5387,1107
30500,"Lexington Park, MD",2025-02-01,33,30,14,3,80,5467,1140
30500,"Lexington Park, MD",2025-03-01,28,22,12,0,62,5529,1168
30500,"Lexington Park, MD",2025-04-01,15,35,10,1,61,5590,1183
30500,"Lexington Park, MD",2025-05-01,40,29,6,2,77,5667,1223
30500,"Lexington Park, MD",2025-06-01,43,40,14,1,98,5765,1266
30500,"Lexington Park, MD",2025-07-01,24,32,15,1,72,5837,1290
30500,"Lexington Park, MD",2025-08-01,26,19,13,2,60,5897,1316
30500,"Lexington Park, MD",2025-09-01,1,1,0,0,2,5899,1317
39580,"Raleigh-Cary, NC",2019-01-01,8,273,65,7,353,353,8
39580,"Raleigh-Cary, NC",2019-02-01,8,270,72,7,357,710,16
39580,"Raleigh-Cary, NC",2019-03-01,12,330,91,4,437,1147,28
39580,"Raleigh-Cary, NC",2019-04-01,25,414,105,8,552,1699,53
39580,"Raleigh-Cary, NC",2019-05-01,20,455,92,5,572,2271,73
39580,"Raleigh-Cary, NC",2019-06-01,16,301,59,3,379,2650,89
39580,"Raleigh-Cary, NC",2019-07-01,34,352,79,7,472,3122,123
39580,"Raleigh-Cary, NC",2019-08-01,27,404,96,8,535,3657,150
39580,"Raleigh-Cary, NC",2019-09-01,22,339,80,3,444,4101,172
39580,"Raleigh-Cary, NC",2019-10-01,21,229,42,4,296,4397,193
39580,"Raleigh-Cary, NC",2019-11-01,30,260,71,5,366,4763,223
39580,"Raleigh-Cary, NC",2019-12-01,13,212,47,2,274,5037,236
39580,"Raleigh-Cary, NC",2020-01-01,30,312,101,9,452,5489,266
39580,"Raleigh-Cary, NC",2020-02-01,28,214,45,3,290,5779,294
39580,"Raleigh-Cary, NC",2020-03-01,54,372,70,6,502,6281,348
39580,"Raleigh-Cary, NC",2020-04-01,213,1004,223,22,1462,7743,561
39580,"Raleigh-Cary, NC",2020-05-01,431,1242,233,26,1932,9675,992
39580,"Raleigh-Cary, NC",2020-06-01,434,1103,163,12,1712,11387,1426
39580,"Raleigh-Cary, NC",2020-07-01,421,1345,225,21,2012,13399,1847
39580,"Raleigh-Cary, NC",2020-08-01,418,1613,299,34,2364,15763,2265
39580,"Raleigh-Cary, NC",2020-09-01,356,1339,225,26,1946,17709,2621
39580,"Raleigh-Cary, NC",2020-10-01,206,782,137,15,1140,18849,2827
39580,"Raleigh-Cary, NC",2020-11-01,134,464,78,8,684,19533,2961
39580,"Raleigh-Cary, NC",2020-12-01,146,418,75,3,642,20175,3107
39580,"Raleigh-Cary, NC",2021-01-01,484,1141,209,29,1863,22038,3591
39580,"Raleigh-Cary, NC",2021-02-01,459,1233,258,21,1971,24009,4050
39580,"Raleigh-Cary, NC",2021-03-01,597,1383,295,32,2307,26316,4647
39580,"Raleigh-Cary, NC",2021-04-01,601,1514,300,26,2441,28757,5248
39580,"Raleigh-Cary, NC",2021-05-01,692,1557,277,24,2550,31307,5940
39580,"Raleigh-Cary, NC",2021-06-01,421,982,192,17,1612,32919,6361
39580,"Raleigh-Cary, NC",2021-07-01,566,1488,314,29,2397,35316,6927
39580,"Raleigh-Cary, NC",2021-08-01,467,1587,371,36,2461,37777,7394
39580,"Raleigh-Cary, NC",2021-09-01,456,1488,371,42,2357,40134,7850
39580,"Raleigh-Cary, NC",2021-10-01,261,891,208,22,1382,41516,8111
39580,"Raleigh-Cary, NC",2021-11-01,410,970,244,20,1644,43160,8521
39580,"Raleigh-Cary, NC",2021-12-01,744,1202,293,26,2265,45425,9265
39580,"Raleigh-Cary, NC",2022-01-01,601,1472,356,35,2464,47889,9866
39580,"Raleigh-Cary, NC",2022-02-01,514,1110,266,24,1914,49803,10380
39580,"Raleigh-Cary, NC",2022-03-01,533,1187,320,24,2064,51867,10913
39580,"Raleigh-Cary, NC",2022-04-01,452,1118,306,40,1916,53783,11365
39580,"Raleigh-Cary, NC",2022-05-01,649,1196,303,31,2179,55962,12014
39580,"Raleigh-Cary, NC",2022-06-01,411,780,177,13,1381,57343,12425
39580,"Raleigh-Cary, NC",2022-07-01,478,916,262,31,1687,59030,12903
39580,"Raleigh-Cary, NC",2022-08-01,506,1135,305,36,1982,61012,13409
39580,"Raleigh-Cary, NC",2022-09-01,416,1067,274,17,1774,62786,13825
39580,"Raleigh-Cary, NC",2022-10-01,431,948,284,23,1686,64472,14256
39580,"Raleigh-Cary, NC",2022-11-01,449,1001,265,27,1742,66214,14705
39580,"Raleigh-Cary, NC",2022-12-01,636,927,273,22,1858,68072,15341
39580,"Raleigh-Cary, NC",2023-01-01,503,1013,315,32,1863,69935,15844
39580,"Raleigh-Cary, NC",2023-02-01,413,828,276,29,1546,71481,16257
39580,"Raleigh-Cary, NC",2023-03-01,556,975,283,22,1836,73317,16813
39580,"Raleigh-Cary, NC",2023-04-01,503,902,251,40,1696,75013,17316
39580,"Raleigh-Cary, NC",2023-05-01,474,683,168,20,1345,76358,17790
39580,"Raleigh-Cary, NC",2023-06-01,255,459,89,9,812,77170,18045
39580,"Raleigh-Cary, NC",2023-07-01,257,560,164,17,998,78168,18302
39580,"Raleigh-Cary, NC",2023-08-01,421,819,281,40,1561,79729,18723
39580,"Raleigh-Cary, NC",2023-09-01,521,1127,365,35,2048,81777,19244
39580,"Raleigh-Cary, NC",2023-10-01,519,1082,343,33,1977,83754,19763
39580,"Raleigh-Cary, NC",2023-11-01,555,1031,307,30,1923,85677,20318
39580,"Raleigh-Cary, NC",2023-12-01,709,871,288,27,1895,87572,21027
39580,"Raleigh-Cary, NC",2024-01-01,600,978,285,34,1897,89469,21627
39580,"Raleigh-Cary, NC",2024-02-01,590,865,290,27,1772,91241,22217
39580,"Raleigh-Cary, NC",2024-03-01,591,840,307,33,1771,93012,22808
39580,"Raleigh-Cary, NC",2024-04-01,511,802,218,26,1557,94569,23319
39580,"Raleigh-Cary, NC",2024-05-01,832,990,293,28,2143,96712,24151
39580,"Raleigh-Cary, NC",2024-06-01,765,954,298,23,2040,98752,24916
39580,"Raleigh-Cary, NC",2024-07-01,688,973,283,29,1973,100725,25604
39580,"Raleigh-Cary, NC",2024-08-01,533,932,305,29,1799,102524,26137
39580,"Raleigh-Cary, NC",2024-09-01,471,868,286,28,1653,104177,26608
39580,"Raleigh-Cary, NC",2024-10-01,536,802,231,30,1599,105776,27144
39580,"Raleigh-Cary, NC",2024-11-01,616,787,254,29,1686,107462,27760
39580,"Raleigh-Cary, NC",2024-12-01,732,801,248,19,1800,109262,28492
39580,"Raleigh-Cary, NC",2025-01-01,583,806,243,25,1657,110919,29075
39580,"Raleigh-Cary, NC",2025-02-01,520,653,204,31,1408,112327,29595
39580,"Raleigh-Cary, NC",2025-03-01,645,758,245,25,1673,114000,30240
39580,"Raleigh-Cary, NC",2025-04-01,573,743,250,27,1593,115593,30813
39580,"Raleigh-Cary, NC",2025-05-01,842,689,230,23,1784,117377,31655
39580,"Raleigh-Cary, NC",2025-06-01,749,774,220,24,1767,119144,32404
39580,"Raleigh-Cary, NC",2025-07-01,667,712,252,23,1654,120798,33071
39580,"Raleigh-Cary, NC",2025-08-01,461,594,151,34,1240,122038,33532
39580,"Raleigh-Cary, NC",2025-09-01,8,5,2,0,15,122053,33540
11980,"Athens, TX",2019-01-01,0,2,1,0,3,3,0
11980,"Athens, TX",2019-02-01,0,2,1,0,3,6,0
11980,"Athens, TX",2019-03-01,0,2,1,0,3,9,0
11980,"Athens, TX",2019-05-01,0,2,0,1,3,12,0
11980,"Athens, TX",2019-06-01,0,2,2,0,4,16,0
11980,"Athens, TX",2019-07-01,0,4,0,0,4,20,0
11980,"Athens, TX",2019-08-01,0,0,5,0,5,25,0
11980,"Athens, TX",2019-09-01,0,10,1,0,11,36,0
11980,"Athens, TX",2019-10-01,0,4,1,0,5,41,0
11980,"Athens, TX",2019-11-01,0,3,3,0,6,47,0
11980,"Athens, TX",2019-12-01,1,2,1,0,4,51,1
11980,"Athens, TX",2020-01-01,0,5,1,0,6,57,1
11980,"Athens, TX",2020-02-01,0,8,1,0,9,66,1
11980,"Athens, TX",2020-03-01,0,2,3,0,5,71,1
11980,"Athens, TX",2020-04-01,2,11,3,0,16,87,3
11980,"Athens, TX",2020-05-01,4,14,5,1,24,111,7
11980,"Athens, TX",2020-06-01,1,5,0,1,7,118,8
11980,"Athens, TX",2020-07-01,6,15,6,0,27,145,14
11980,"Athens, TX",2020-08-01,2,12,8,1,23,168,16
11980,"Athens, TX",2020-09-01,2,12,1,0,15,183,18
11980,"Athens, TX",2020-10-01,1,14,4,1,20,203,19
11980,"Athens, TX",2020-11-01,3,15,2,2,22,225,22
11980,"Athens, TX",2020-12-01,4,13,3,0,20,245,26
11980,"Athens, TX",2021-01-01,9,17,7,0,33,278,35
11980,"Athens, TX",2021-02-01,5,12,3,0,20,298,40
11980,"Athens, TX",2021-03-01,7,22,5,2,36,334,47
11980,"Athens, TX",2021-04-01,8,33,6,1,48,382,55
11980,"Athens, TX",2021-05-01,6,35,12,0,53,435,61
11980,"Athens, TX",2021-06-01,2,38,12,2,54,489,63
11980,"Athens, TX",2021-07-01,7,34,8,1,50,539,70
11980,"Athens, TX",2021-08-01,5,25,8,2,40,579,75
11980,"Athens, TX",2021-09-01,7,21,6,0,34,613,82
11980,"Athens, TX",2021-10-01,11,35,6,0,52,665,93
11980,"Athens, TX",2021-11-01,7,22,9,2,40,705,100
11980,"Athens, TX",2021-12-01,10,36,13,2,61,766,110
11980,"Athens, TX",2022-01-01,12,36,10,1,59,825,122
11980,"Athens, TX",2022-02-01,7,38,14,2,61,886,129
11980,"Athens, TX",2022-03-01,18,47,19,1,85,971,147
11980,"Athens, TX",2022-04-01,11,31,8,2,52,1023,158
11980,"Athens, TX",2022-05-01,6,35,14,1,56,1079,164
11980,"Athens, TX",2022-06-01,20,20,6,2,48,1127,184
11980,"Athens, TX",2022-07-01,21,22,9,0,52,1179,205
11980,"Athens, TX",2022-08-01,12,32,13,2,59,1238,217
11980,"Athens, TX",2022-09-01,13,32,14,2,61,1299,230
11980,"Athens, TX",2022-10-01,16,23,11,2,52,1351,246
11980,"Athens, TX",2022-11-01,18,25,14,0,57,1408,264
11980,"Athens, TX",2022-12-01,24,28,12,1,65,1473,288
11980,"Athens, TX",2023-01-01,18,25,8,2,53,1526,306
11980,"Athens, TX",2023-02-01,17,23,7,4,51,1577,323
11980,"Athens, TX",2023-03-01,14,39,12,2,67,1644,337
11980,"Athens, TX",2023-04-01,19,33,9,2,63,1707,356
11980,"Athens, TX",2023-05-01,20,31,8,2,61,1768,376
11980,"Athens, TX",2023-06-01,19,27,11,0,57,1825,395
11980,"Athens, TX",2023-07-01,21,25,10,1,57,1882,416
11980,"Athens, TX",2023-08-01,7,16,6,1,30,1912,423
11980,"Athens, TX",2023-09-01,7,19,3,0,29,1941,430
11980,"Athens, TX",2023-10-01,15,36,16,3,70,2011,445
11980,"Athens, TX",2023-11-01,26,33,14,0,73,2084,471
11980,"Athens, TX",2023-12-01,13,32,15,1,61,2145,484
11980,"Athens, TX",2024-01-01,22,37,19,0,78,2223,506
11980,"Athens, TX",2024-02-01,18,26,9,2,55,2278,524
11980,"Athens, TX",2024-03-01,25,35,12,2,74,2352,549
11980,"Athens, TX",2024-04-01,15,24,11,2,52,2404,564
11980,"Athens, TX",2024-05-01,13,23,1,1,38,2442,577
11980,"Athens, TX",2024-06-01,7,25,8,1,41,2483,584
11980,"Athens, TX",2024-07-01,4,18,1,0,23,2506,588
11980,"Athens, TX",2024-08-01,11,12,12,0,35,2541,599
11980,"Athens, TX",2024-09-01,22,26,16,1,65,2606,621
11980,"Athens, TX",2024-10-01,22,28,9,0,59,2665,643
11980,"Athens, TX",2024-11-01,9,35,9,4,57,2722,652
11980,"Athens, TX",2024-12-01,15,29,16,3,63,2785,667
11980,"Athens, TX",2025-01-01,16,9,17,1,43,2828,683
11980,"Athens, TX",2025-02-01,9,14,5,1,29,2857,692
11980,"Athens, TX",2025-03-01,9,23,12,1,45,2902,701
11980,"Athens, TX",2025-04-01,19,18,6,1,44,2946,720
11980,"Athens, TX",2025-05-01,19,25,12,2,58,3004,739
11980,"Athens, TX",2025-06-01,11,29,11,3,54,3058,750
11980,"Athens, TX",2025-07-01,10,21,3,1,35,3093,760
11980,"Athens, TX",2025-08-01,7,14,9,0,30,3123,767
11980,"Athens, TX",2025-09-01,0,0,1,0,1,3124,767
11740,"Ashland, OH",2019-01-01,0,3,1,0,4,4,0
11740,"Ashland, OH",2019-02-01,1,9,6,0,16,20,1
11740,"Ashland, OH",2019-03-01,0,22,6,1,29,49,1
11740,"Ashland, OH",2019-04-01,0,23,4,2,29,78,1
11740,"Ashland, OH",2019-05-01,3,23,4,1,31,109,4
11740,"Ashland, OH",2019-06-01,0,12,3,0,15,124,4
11740,"Ashland, OH",2019-07-01,2,16,2,1,21,145,6
11740,"Ashland, OH",2019-08-01,1,14,3,2,20,165,7
11740,"Ashland, OH",2019-09-01,0,13,5,1,19,184,7
11740,"Ashland, OH",2019-10-01,1,9,6,0,16,200,8
11740,"Ashland, OH",2019-11-01,1,11,6,0,18,218,9
11740,"Ashland, OH",2019-12-01,4,16,2,0,22,240,13
11740,"Ashland, OH",2020-01-01,4,18,7,0,29,269,17
11740,"Ashland, OH",2020-02-01,2,20,6,0,28,297,19
11740,"Ashland, OH",2020-03-01,5,20,4,1,30,327,24
11740,"Ashland, OH",2020-04-01,13,43,10,1,67,394,37
11740,"Ashland, OH",2020-05-01,14,35,9,1,59,453,51
11740,"Ashland, OH",2020-06-01,12,28,9,0,49,502,63
11740,"Ashland, OH",2020-07-01,14,37,7,0,58,560,77
11740,"Ashland, OH",2020-08-01,10,38,12,1,61,621,87
11740,"Ashland, OH",2020-09-01,11,30,11,0,52,673,98
11740,"Ashland, OH",2020-10-01,4,37,5,1,47,720,102
11740,"Ashland, OH",2020-11-01,5,18,6,0,29,749,107
11740,"Ashland, OH",2020-12-01,8,23,6,2,39,788,115
11740,"Ashland, OH",2021-01-01,23,47,11,1,82,870,138
11740,"Ashland, OH",2021-02-01,10,41,11,2,64,934,148
11740,"Ashland, OH",2021-03-01,34,58,6,0,98,1032,182
11740,"Ashland, OH",2021-04-01,21,57,12,1,91,1123,203
11740,"Ashland, OH",2021-05-01,10,43,13,1,67,1190,213
11740,"Ashland, OH",2021-06-01,7,33,7,0,47,1237,220
11740,"Ashland, OH",2021-07-01,15,42,9,0,66,1303,235
11740,"Ashland, OH",2021-08-01,12,41,5,0,58,1361,247
11740,"Ashland, OH",2021-09-01,12,36,12,1,61,1422,259
11740,"Ashland, OH",2021-10-01,8,26,18,1,53,1475,267
11740,"Ashland, OH",2021-11-01,10,40,11,0,61,1536,277
11740,"Ashland, OH",2021-12-01,13,36,7,2,58,1594,290
11740,"Ashland, OH",2022-01-01,17,46,3,0,66,1660,307
11740,"Ashland, OH",2022-02-01,15,37,11,2,65,1725,322
11740,"Ashland, OH",2022-03-01,15,36,13,2,66,1791,337
11740,"Ashland, OH",2022-04-01,15,29,11,1,56,1847,352
11740,"Ashland, OH",2022-05-01,10,37,9,0,56,1903,362
11740,"Ashland, OH",2022-06-01,12,24,8,2,46,1949,374
11740,"Ashland, OH",2022-07-01,12,33,6,0,51,2000,386
11740,"Ashland, OH",2022-08-01,6,18,6,1,31,2031,392
11740,"Ashland, OH",2022-09-01,17,24,12,0,53,2084,409
11740,"Ashland, OH",2022-10-01,16,35,11,0,62,2146,425
11740,"Ashland, OH",2022-11-01,16,15,11,0,42,2188,441
11740,"Ashland, OH",2022-12-01,19,24,15,1,59,2247,460
11740,"Ashland, OH",2023-01-01,24,28,10,1,63,2310,484
11740,"Ashland, OH",2023-02-01,23,28,4,0,55,2365,507
11740,"Ashland, OH",2023-03-01,17,37,15,2,71,2436,524
11740,"Ashland, OH",2023-04-01,15,17,6,1,39,2475,539
11740,"Ashland, OH",2023-05-01,16,15,4,2,37,2512,555
11740,"Ashland, OH",2023-06-01,10,13,5,0,28,2540,565
11740,"Ashland, OH",2023-07-01,13,14,7,1,35,2575,578
11740,"Ashland, OH",2023-08-01,11,17,3,0,31,2606,589
11740,"Ashland, OH",2023-09-01,19,14,7,2,42,2648,608
11740,"Ashland, OH",2023-10-01,22,32,3,1,58,2706,630
11740,"Ashland, OH",2023-11-01,32,36,12,1,81,2787,662
11740,"Ashland, OH",2023-12-01,24,30,7,1,62,2849,686
11740,"Ashland, OH",2024-01-01,23,24,11,2,60,2909,709
11740,"Ashland, OH",2024-02-01,33,22,11,0,66,2975,742
11740,"Ashland, OH",2024-03-01,31,39,5,2,77,3052,773
11740,"Ashland, OH",2024-04-01,26,20,13,3,62,3114,799
11740,"Ashland, OH",2024-05-01,8,11,2,0,21,3135,807
11740,"Ashland, OH",2024-06-01,11,15,4,1,31,3166,818
11740,"Ashland, OH",2024-07-01,27,25,10,3,65,3231,845
11740,"Ashland, OH",2024-08-01,19,28,15,2,64,3295,864
11740,"Ashland, OH",2024-09-01,15,20,10,0,45,3340,879
11740,"Ashland, OH",2024-10-01,34,29,6,0,69,3409,913
11740,"Ashland, OH",2024-11-01,27,33,15,2,77,3486,940
11740,"Ashland, OH",2024-12-01,32,37,11,1,81,3567,972
11740,"Ashland, OH",2025-01-01,36,52,16,1,105,3672,1008
11740,"Ashland, OH",2025-02-01,32,25,21,1,79,3751,1040
11740,"Ashland, OH",2025-03-01,32,34,17,1,84,3835,1072
11740,"Ashland, OH",2025-04-01,34,52,12,1,99,3934,1106
11740,"Ashland, OH",2025-05-01,41,43,18,0,102,4036,1147
11740,"Ashland, OH",2025-06-01,41,40,10,2,93,4129,1188
11740,"Ashland, OH",2025-07-01,36,48,11,2,97,4226,1224
11740,"Ashland, OH",2025-08-01,23,21,10,0,54,4280,1247
11740,"Ashland, OH",2025-09-01,0,1,0,0,1,4281,1247
20660,"Easton, MD",2019-01-01,0,2,2,0,4,4,0
20660,"Easton, MD",2019-02-01,1,1,1,0,3,7,1
20660,"Easton, MD",2019-03-01,0,2,1,0,3,10,1
20660,"Easton, MD",2019-04-01,0,2,3,0,5,15,1
20660,"Easton, MD",2019-05-01,0,1,1,0,2,17,1
20660,"Easton, MD",2019-06-01,1,7,5,0,13,30,2
20660,"Easton, MD",2019-07-01,2,19,4,1,26,56,4
20660,"Easton, MD",2019-08-01,0,17,3,0,20,76,4
20660,"Easton, MD",2019-09-01,3,15,1,0,19,95,7
20660,"Easton, MD",2019-10-01,1,16,2,0,19,114,8
20660,"Easton, MD",2019-11-01,0,7,1,0,8,122,8
20660,"Easton, MD",2019-12-01,2,12,2,1,17,139,10
20660,"Easton, MD",2020-01-01,2,8,5,1,16,155,12
20660,"Easton, MD",2020-02-01,1,11,5,0,17,172,13
20660,"Easton, MD",2020-03-01,1,11,2,1,15,187,14
20660,"Easton, MD",2020-04-01,7,20,9,2,38,225,21
20660,"Easton, MD",2020-05-01,11,20,5,0,36,261,32
20660,"Easton, MD",2020-06-01,4,17,5,0,26,287,36
20660,"Easton, MD",2020-07-01,9,14,5,1,29,316,45
20660,"Easton, MD",2020-08-01,5,29,7,1,42,358,50
20660,"Easton, MD",2020-09-01,11,29,9,2,51,409,61
20660,"Easton, MD",2020-10-01,12,14,6,1,33,442,73
20660,"Easton, MD",2020-11-01,6,21,3,0,30,472,79
20660,"Easton, MD",2020-12-01,7,18,4,2,31,503,86
20660,"Easton, MD",2021-01-01,9,25,7,2,43,546,95
20660,"Easton, MD",2021-02-01,6,27,3,1,37,583,101
20660,"Easton, MD",2021-03-01,8,26,8,1,43,626,109
20660,"Easton, MD",2021-04-01,16,42,11,2,71,697,125
20660,"Easton, MD",2021-05-01,10,41,12,2,65,762,135
20660,"Easton, MD",2021-06-01,12,35,8,0,55,817,147
20660,"Easton, MD",2021-07-01,6,45,10,2,63,880,153
20660,"Easton, MD",2021-08-01,9,43,8,3,63,943,162
20660,"Easton, MD",2021-09-01,8,35,14,3,60,1003,170
20660,"Easton, MD",2021-10-01,6,34,13,0,53,1056,176
20660,"Easton, MD",2021-11-01,7,26,8,0,41,1097,183
20660,"Easton, MD",2021-12-01,12,28,12,2,54,1151,195
20660,"Easton, MD",2022-01-01,5,38,12,1,56,1207,200
20660,"Easton, MD",2022-02-01,3,18,4,0,25,1232,203
20660,"Easton, MD",2022-03-01,4,21,6,1,32,1264,207
20660,"Easton, MD",2022-04-01,4,18,7,1,30,1294,211
20660,"Easton, MD",2022-05-01,8,30,14,1,53,1347,219
20660,"Easton, MD",2022-06-01,8,17,7,1,33,1380,227
20660,"Easton, MD",2022-07-01,2,22,7,1,32,1412,229
20660,"Easton, MD",2022-08-01,1,28,13,1,43,1455,230
20660,"Easton, MD",2022-09-01,2,21,7,0,30,1485,232
20660,"Easton, MD",2022-10-01,1,18,5,1,25,1510,233
20660,"Easton, MD",2022-11-01,4,23,9,1,37,1547,237
20660,"Easton, MD",2022-12-01,7,20,5,0,32,1579,244
20660,"Easton, MD",2023-01-01,7,25,9,2,43,1622,251
20660,"Easton, MD",2023-02-01,12,16,11,0,39,1661,263
20660,"Easton, MD",2023-03-01,14,26,16,3,59,1720,277
20660,"Easton, MD",2023-04-01,8,14,7,1,30,1750,285
20660,"Easton, MD",2023-05-01,16,22,3,0,41,1791,301
20660,"Easton, MD",2023-06-01,6,26,9,0,41,1832,307
20660,"Easton, MD",2023-07-01,11,26,9,1,47,1879,318
20660,"Easton, MD",2023-08-01,6,15,7,1,29,1908,324
20660,"Easton, MD",2023-09-01,6,30,9,0,45,1953,330
20660,"Easton, MD",2023-10-01,7,25,6,1,39,1992,337
20660,"Easton, MD",2023-11-01,11,28,5,0,44,2036,348
20660,"Easton, MD",2023-12-01,15,21,9,0,45,2081,363
20660,"Easton, MD",2024-01-01,11,21,7,0,39,2120,374
20660,"Easton, MD",2024-02-01,10,11,8,2,31,2151,384
20660,"Easton, MD",2024-03-01,8,18,7,0,33,2184,392
20660,"Easton, MD",2024-04-01,15,9,4,0,28,2212,407
20660,"Easton, MD",2024-05-01,25,26,4,0,55,2267,432
20660,"Easton, MD",2024-06-01,12,23,3,1,39,2306,444
20660,"Easton, MD",2024-07-01,9,17,2,1,29,2335,453
20660,"Easton, MD",2024-08-01,8,35,8,1,52,2387,461
20660,"Easton, MD",2024-09-01,9,22,4,1,36,2423,470
20660,"Easton, MD",2024-10-01,7,19,6,1,33,2456,477
20660,"Easton, MD",2024-11-01,5,15,4,2,26,2482,482
20660,"Easton, MD",2024-12-01,18,20,14,0,52,2534,500
20660,"Easton, MD",2025-01-01,16,10,5,0,31,2565,516
20660,"Easton, MD",2025-02-01,5,19,4,0,28,2593,521
20660,"Easton, MD",2025-03-01,22,24,8,2,56,2649,543
20660,"Easton, MD",2025-04-01,22,26,9,1,58,2707,565
20660,"Easton, MD",2025-05-01,11,24,8,2,45,2752,576
20660,"Easton, MD",2025-06-01,18,17,7,0,42,2794,594
20660,"Easton, MD",2025-07-01,9,18,4,2,33,2827,603
20660,"Easton, MD",2025-08-01,14,18,2,0,34,2861,617
33910,"Monticello, NY",2019-01-01,1,20,4,1,26,26,1
33910,"Monticello, NY",2019-02-01,1,14,3,1,19,45,2
33910,"Monticello, NY",2019-03-01,0,15,5,0,20,65,2
33910,"Monticello, NY",2019-04-01,1,15,9,1,26,91,3
33910,"Monticello, NY",2019-05-01,2,16,3,0,21,112,5
33910,"Monticello, NY",2019-06-01,0,8,6,1,15,127,5
33910,"Monticello, NY",2019-07-01,0,17,6,1,24,151,5
33910,"Monticello, NY",2019-08-01,3,18,5,2,28,179,8
33910,"Monticello, NY",2019-09-01,2,14,10,0,26,205,10
33910,"Monticello, NY",2019-10-01,1,7,5,1,14,219,11
33910,"Monticello, NY",2019-11-01,0,6,4,1,11,230,11
33910,"Monticello, NY",2019-12-01,2,13,4,1,20,250,13
33910,"Monticello, NY",2020-01-01,2,18,5,1,26,276,15
33910,"Monticello, NY",2020-02-01,1,9,4,0,14,290,16
33910,"Monticello, NY",2020-03-01,0,29,8,1,38,328,16
33910,"Monticello, NY",2020-04-01,2,37,24,2,65,393,18
33910,"Monticello, NY",2020-05-01,10,57,18,0,85,478,28
33910,"Monticello, NY",2020-06-01,11,26,11,1,49,527,39
33910,"Monticello, NY",2020-07-01,8,38,17,0,63,590,47
33910,"Monticello, NY",2020-08-01,8,63,16,1,88,678,55
33910,"Monticello, NY",2020-09-01,1,44,15,1,61,739,56
33910,"Monticello, NY",2020-10-01,6,44,24,1,75,814,62
33910,"Monticello, NY",2020-11-01,9,44,15,1,69,883,71
33910,"Monticello, NY",2020-12-01,10,34,9,0,53,936,81
33910,"Monticello, NY",2021-01-01,14,48,17,1,80,1016,95
33910,"Monticello, NY",2021-02-01,16,46,7,3,72,1088,111
33910,"Monticello, NY",2021-03-01,12,54,12,1,79,1167,123
33910,"Monticello, NY",2021-04-01,7,38,10,4,59,1226,130
33910,"Monticello, NY",2021-05-01,13,43,18,1,75,1301,143
33910,"Monticello, NY",2021-06-01,10,52,18,1,81,1382,153
33910,"Monticello, NY",2021-07-01,17,57,13,1,88,1470,170
33910,"Monticello, NY",2021-08-01,9,46,12,4,71,1541,179
33910,"Monticello, NY",2021-09-01,9,60,19,4,92,1633,188
33910,"Monticello, NY",2021-10-01,4,41,17,0,62,1695,192
33910,"Monticello, NY",2021-11-01,3,23,11,0,37,1732,195
33910,"Monticello, NY",2021-12-01,5,26,5,0,36,1768,200
33910,"Monticello, NY",2022-01-01,5,30,7,0,42,1810,205
33910,"Monticello, NY",2022-02-01,4,18,4,1,27,1837,209
33910,"Monticello, NY",2022-03-01,2,20,6,0,28,1865,211
33910,"Monticello, NY",2022-04-01,9,21,3,1,34,1899,220
33910,"Monticello, NY",2022-05-01,8,32,9,0,49,1948,228
33910,"Monticello, NY",2022-06-01,4,28,3,1,36,1984,232
33910,"Monticello, NY",2022-07-01,2,25,10,4,41,2025,234
33910,"Monticello, NY",2022-08-01,4,21,6,2,33,2058,238
33910,"Monticello, NY",2022-09-01,7,25,3,1,36,2094,245
33910,"Monticello, NY",2022-10-01,10,25,10,2,47,2141,255
33910,"Monticello, NY",2022-11-01,11,17,6,1,35,2176,266
33910,"Monticello, NY",2022-12-01,5,18,9,1,33,2209,271
33910,"Monticello, NY",2023-01-01,16,16,8,1,41,2250,287
33910,"Monticello, NY",2023-02-01,9,17,4,2,32,2282,296
33910,"Monticello, NY",2023-03-01,12,28,4,0,44,2326,308
33910,"Monticello, NY",2023-04-01,8,23,6,0,37,2363,316
33910,"Monticello, NY",2023-05-01,4,19,7,0,30,2393,320
33910,"Monticello, NY",2023-06-01,6,14,3,0,23,2416,326
33910,"Monticello, NY",2023-07-01,7,22,6,1,36,2452,333
33910,"Monticello, NY",2023-08-01,8,17,6,0,31,2483,341
33910,"Monticello, NY",2023-09-01,8,16,6,0,30,2513,349
33910,"Monticello, NY",2023-10-01,7,29,9,0,45,2558,356
33910,"Monticello, NY",2023-11-01,7,27,5,1,40,2598,363
33910,"Monticello, NY",2023-12-01,11,27,7,1,46,2644,374
33910,"Monticello, NY",2024-01-01,11,27,6,0,44,2688,385
33910,"Monticello, NY",2024-02-01,10,29,8,1,48,2736,395
33910,"Monticello, NY",2024-03-01,3,26,5,2,36,2772,398
33910,"Monticello, NY",2024-04-01,7,20,4,0,31,2803,405
33910,"Monticello, NY",2024-05-01,9,16,8,1,34,2837,414
33910,"Monticello, NY",2024-06-01,13,25,7,0,45,2882,427
33910,"Monticello, NY",2024-07-01,9,23,11,0,43,2925,436
33910,"Monticello, NY",2024-08-01,13,31,12,1,57,2982,449
33910,"Monticello, NY",2024-09-01,21,29,8,1,59,3041,470
33910,"Monticello, NY",2024-10-01,10,32,8,2,52,3093,480
33910,"Monticello, NY",2024-11-01,14,29,5,0,48,3141,494
33910,"Monticello, NY",2024-12-01,12,38,10,2,62,3203,506
33910,"Monticello, NY",2025-01-01,22,46,12,3,83,3286,528
33910,"Monticello, NY",2025-02-01,15,24,13,0,52,3338,543
33910,"Monticello, NY",2025-03-01,18,31,20,1,70,3408,561
33910,"Monticello, NY",2025-04-01,15,20,7,1,43,3451,576
33910,"Monticello, NY",2025-05-01,15,28,8,1,52,3503,591
33910,"Monticello, NY",2025-06-01,19,30,10,0,59,3562,610
33910,"Monticello, NY",2025-07-01,20,26,8,1,55,3617,630
33910,"Monticello, NY",2025-08-01,12,29,5,2,48,3665,642
33910,"Monticello, NY",2025-09-01,0,1,0,0,1,3666,642
32300,"Martinsville, VA",2019-01-01,0,3,0,0,3,3,0
32300,"Martinsville, VA",2019-02-01,0,3,1,0,4,7,0
32300,"Martinsville, VA",2019-03-01,0,7,2,0,9,16,0
32300,"Martinsville, VA",2019-04-01,0,3,0,0,3,19,0
32300,"Martinsville, VA",2019-05-01,0,12,3,0,15,34,0
32300,"Martinsville, VA",2019-06-01,0,21,6,2,29,63,0
32300,"Martinsville, VA",2019-07-01,0,14,6,0,20,83,0
32300,"Martinsville, VA",2019-08-01,1,14,5,1,21,104,1
32300,"Martinsville, VA",2019-09-01,0,13,2,0,15,119,1
32300,"Martinsville, VA",2019-10-01,0,7,3,1,11,130,1
32300,"Martinsville, VA",2019-11-01,0,5,3,1,9,139,1
32300,"Martinsville, VA",2019-12-01,1,12,2,0,15,154,2
32300,"Martinsville, VA",2020-01-01,0,11,1,0,12,166,2
32300,"Martinsville, VA",2020-02-01,2,8,3,2,15,181,4
32300,"Martinsville, VA",2020-03-01,4,19,7,1,31,212,8
32300,"Martinsville, VA",2020-04-01,3,18,7,0,28,240,11
32300,"Martinsville, VA",2020-05-01,8,22,5,0,35,275,19
32300,"Martinsville, VA",2020-06-01,12,27,4,0,43,318,31
32300,"Martinsville, VA",2020-07-01,7,26,5,2,40,358,38
32300,"Martinsville, VA",2020-08-01,7,21,8,0,36,394,45
32300,"Martinsville, VA",2020-09-01,4,16,7,1,28,422,49
32300,"Martinsville, VA",2020-10-01,8,21,9,1,39,461,57
32300,"Martinsville, VA",2020-11-01,7,14,5,0,26,487,64
32300,"Martinsville, VA",2020-12-01,3,18,5,1,27,514,67
32300,"Martinsville, VA",2021-01-01,10,24,5,1,40,554,77
32300,"Martinsville, VA",2021-02-01,4,22,7,0,33,587,81
32300,"Martinsville, VA",2021-03-01,14,39,6,1,60,647,95
32300,"Martinsville, VA",2021-04-01,7,16,9,0,32,679,102
32300,"Martinsville, VA",2021-05-01,24,50,13,0,87,766,126
32300,"Martinsville, VA",2021-06-01,13,30,7,2,52,818,139
32300,"Martinsville, VA",2021-07-01,11,32,12,2,57,875,150
32300,"Martinsville, VA",2021-08-01,10,37,8,0,55,930,160
32300,"Martinsville, VA",2021-09-01,15,27,13,0,55,985,175
32300,"Martinsville, VA",2021-10-01,6,22,6,1,35,1020,181
32300,"Martinsville, VA",2021-11-01,9,24,4,4,41,1061,190
32300,"Martinsville, VA",2021-12-01,14,17,11,3,45,1106,204
32300,"Martinsville, VA",2022-01-01,12,35,14,0,61,1167,216
32300,"Martinsville, VA",2022-02-01,13,28,11,1,53,1220,229
32300,"Martinsville, VA",2022-03-01,19,29,13,1,62,1282,248
32300,"Martinsville, VA",2022-04-01,8,23,7,1,39,1321,256
32300,"Martinsville, VA",2022-05-01,24,35,11,1,71,1392,280
32300,"Martinsville, VA",2022-06-01,15,22,3,1,41,1433,295
32300,"Martinsville, VA",2022-07-01,12,25,6,0,43,1476,307
32300,"Martinsville, VA",2022-08-01,19,22,7,1,49,1525,326
32300,"Martinsville, VA",2022-09-01,13,26,4,0,43,1568,339
32300,"Martinsville, VA",2022-10-01,14,25,4,0,43,1611,353
32300,"Martinsville, VA",2022-11-01,10,28,13,0,51,1662,363
32300,"Martinsville, VA",2022-12-01,11,19,5,0,35,1697,374
32300,"Martinsville, VA",2023-01-01,11,15,8,2,36,1733,385
32300,"Martinsville, VA",2023-02-01,13,29,4,0,46,1779,398
32300,"Martinsville, VA",2023-03-01,17,34,7,1,59,1838,415
32300,"Martinsville, VA",2023-04-01,10,20,14,0,44,1882,425
32300,"Martinsville, VA",2023-05-01,6,23,8,0,37,1919,431
32300,"Martinsville, VA",2023-06-01,8,7,3,0,18,1937,439
32300,"Martinsville, VA",2023-07-01,12,17,2,0,31,1968,451
32300,"Martinsville, VA",2023-08-01,13,25,5,0,43,2011,464
32300,"Martinsville, VA",2023-09-01,14,23,7,3,47,2058,478
32300,"Martinsville, VA",2023-10-01,11,22,8,1,42,2100,489
32300,"Martinsville, VA",2023-11-01,9,27,10,1,47,2147,498
32300,"Martinsville, VA",2023-12-01,22,26,15,1,64,2211,520
32300,"Martinsville, VA",2024-01-01,19,24,9,1,53,2264,539
32300,"Martinsville, VA",2024-02-01,13,13,9,0,35,2299,552
32300,"Martinsville, VA",2024-03-01,19,31,9,1,60,2359,571
32300,"Martinsville, VA",2024-04-01,20,18,10,2,50,2409,591
32300,"Martinsville, VA",2024-05-01,18,13,11,2,44,2453,609
32300,"Martinsville, VA",2024-06-01,8,16,4,0,28,2481,617
32300,"Martinsville, VA",2024-07-01,7,8,5,1,21,2502,624
32300,"Martinsville, VA",2024-08-01,7,8,5,1,21,2523,631
32300,"Martinsville, VA",2024-09-01,12,21,5,3,41,2564,643
32300,"Martinsville, VA",2024-10-01,22,38,16,1,77,2641,665
32300,"Martinsville, VA",2024-11-01,12,26,8,0,46,2687,677
32300,"Martinsville, VA",2024-12-01,25,23,7,0,55,2742,702
32300,"Martinsville, VA",2025-01-01,15,27,15,0,57,2799,717
32300,"Martinsville, VA",2025-02-01,34,27,9,3,73,2872,751
32300,"Martinsville, VA",2025-03-01,31,36,17,3,87,2959,782
32300,"Martinsville, VA",2025-04-01,31,31,12,0,74,3033,813
32300,"Martinsville, VA",2025-05-01,24,27,14,3,68,3101,837
32300,"Martinsville, VA",2025-06-01,33,28,12,2,75,3176,870
32300,"Martinsville, VA",2025-07-01,28,31,14,0,73,3249,898
32300,"Martinsville, VA",2025-08-01,13,14,9,2,38,3287,911
32300,"Martinsville, VA",2025-09-01,1,1,0,0,2,3289,912
45660,"Tiffin, OH",2019-01-01,0,1,0,0,1,1,0
45660,"Tiffin, OH",2019-02-01,0,0,1,0,1,2,0
45660,"Tiffin, OH",2019-03-01,0,5,0,1,6,8,0
45660,"Tiffin, OH",2019-04-01,0,5,2,0,7,15,0
45660,"Tiffin, OH",2019-05-01,0,5,4,2,11,26,0
45660,"Tiffin, OH",2019-06-01,0,11,3,0,14,40,0
45660,"Tiffin, OH",2019-07-01,8,25,6,0,39,79,8
45660,"Tiffin, OH",2019-08-01,3,27,5,1,36,115,11
45660,"Tiffin, OH",2019-09-01,1,14,9,0,24,139,12
45660,"Tiffin, OH",2019-10-01,0,13,4,0,17,156,12
45660,"Tiffin, OH",2019-11-01,1,13,2,0,16,172,13
45660,"Tiffin, OH",2019-12-01,1,14,2,0,17,189,14
45660,"Tiffin, OH",2020-01-01,2,11,2,1,16,205,16
45660,"Tiffin, OH",2020-02-01,4,17,3,1,25,230,20
45660,"Tiffin, OH",2020-03-01,1,12,1,0,14,244,21
45660,"Tiffin, OH",2020-04-01,8,21,4,0,33,277,29
45660,"Tiffin, OH",2020-05-01,14,22,4,0,40,317,43
45660,"Tiffin, OH",2020-06-01,12,31,4,0,47,364,55
45660,"Tiffin, OH",2020-07-01,12,14,8,1,35,399,67
45660,"Tiffin, OH",2020-08-01,11,9,2,0,22,421,78
45660,"Tiffin, OH",2020-09-01,16,18,1,2,37,458,94
45660,"Tiffin, OH",2020-10-01,17,21,3,0,41,499,111
45660,"Tiffin, OH",2020-11-01,12,21,5,0,38,537,123
45660,"Tiffin, OH",2020-12-01,14,14,3,2,33,570,137
45660,"Tiffin, OH",2021-01-01,19,30,8,0,57,627,156
45660,"Tiffin, OH",2021-02-01,19,18,3,1,41,668,175
45660,"Tiffin, OH",2021-03-01,27,31,1,0,59,727,202
45660,"Tiffin, OH",2021-04-01,19,27,6,1,53,780,221
45660,"Tiffin, OH",2021-05-01,14,25,5,0,44,824,235
45660,"Tiffin, OH",2021-06-01,22,21,6,1,50,874,257
45660,"Tiffin, OH",2021-07-01,8,27,5,1,41,915,265
45660,"Tiffin, OH",2021-08-01,9,13,7,1,30,945,274
45660,"Tiffin, OH",2021-09-01,14,17,6,2,39,984,288
45660,"Tiffin, OH",2021-10-01,12,20,7,0,39,1023,300
45660,"Tiffin, OH",2021-11-01,13,20,4,0,37,1060,313
45660,"Tiffin, OH",2021-12-01,14,29,7,0,50,1110,327
45660,"Tiffin, OH",2022-01-01,23,29,9,1,62,1172,350
45660,"Tiffin, OH",2022-02-01,14,29,7,3,53,1225,364
45660,"Tiffin, OH",2022-03-01,16,24,5,0,45,1270,380
45660,"Tiffin, OH",2022-04-01,15,19,3,1,38,1308,395
45660,"Tiffin, OH",2022-05-01,4,19,3,0,26,1334,399
45660,"Tiffin, OH",2022-06-01,9,14,6,3,32,1366,408
45660,"Tiffin, OH",2022-07-01,15,21,7,0,43,1409,423
45660,"Tiffin, OH",2022-08-01,11,15,5,1,32,1441,434
45660,"Tiffin, OH",2022-09-01,6,15,6,0,27,1468,440
45660,"Tiffin, OH",2022-10-01,18,17,2,0,37,1505,458
45660,"Tiffin, OH",2022-11-01,20,27,4,0,51,1556,478
45660,"Tiffin, OH",2022-12-01,13,10,4,0,27,1583,491
45660,"Tiffin, OH",2023-01-01,12,17,7,0,36,1619,503
45660,"Tiffin, OH",2023-02-01,15,23,13,0,51,1670,518
45660,"Tiffin, OH",2023-03-01,34,29,8,1,72,1742,552
45660,"Tiffin, OH",2023-04-01,18,12,6,1,37,1779,570
45660,"Tiffin, OH",2023-05-01,14,11,2,0,27,1806,584
45660,"Tiffin, OH",2023-06-01,10,11,3,0,24,1830,594
45660,"Tiffin, OH",2023-07-01,13,11,6,0,30,1860,607
45660,"Tiffin, OH",2023-08-01,10,8,3,1,22,1882,617
45660,"Tiffin, OH",2023-09-01,18,16,3,0,37,1919,635
45660,"Tiffin, OH",2023-10-01,18,14,3,2,37,1956,653
45660,"Tiffin, OH",2023-11-01,24,14,7,1,46,2002,677
45660,"Tiffin, OH",2023-12-01,21,21,5,2,49,2051,698
45660,"Tiffin, OH",2024-01-01,20,16,8,2,46,2097,718
45660,"Tiffin, OH",2024-02-01,25,24,9,1,59,2156,743
45660,"Tiffin, OH",2024-03-01,30,15,8,0,53,2209,773
45660,"Tiffin, OH",2024-04-01,19,17,6,0,42,2251,792
45660,"Tiffin, OH",2024-05-01,16,12,3,0,31,2282,808
45660,"Tiffin, OH",2024-06-01,8,8,4,0,20,2302,816
45660,"Tiffin, OH",2024-07-01,10,15,4,0,29,2331,826
45660,"Tiffin, OH",2024-08-01,12,9,3,0,24,2355,838
45660,"Tiffin, OH",2024-09-01,19,8,2,2,31,2386,857
45660,"Tiffin, OH",2024-10-01,31,32,3,1,67,2453,888
45660,"Tiffin, OH",2024-11-01,28,26,8,1,63,2516,916
45660,"Tiffin, OH",2024-12-01,21,18,6,1,46,2562,937
45660,"Tiffin, OH",2025-01-01,32,19,7,0,58,2620,969
45660,"Tiffin, OH",2025-02-01,37,14,7,0,58,2678,1006
45660,"Tiffin, OH",2025-03-01,29,15,9,2,55,2733,1035
45660,"Tiffin, OH",2025-04-01,16,19,9,0,44,2777,1051
45660,"Tiffin, OH",2025-05-01,10,12,6,1,29,2806,1061
45660,"Tiffin, OH",2025-06-01,9,13,7,0,29,2835,1070
45660,"Tiffin, OH",2025-07-01,24,11,8,0,43,2878,1094
45660,"Tiffin, OH",2025-08-01,17,13,2,1,33,2911,1111
45660,"Tiffin, OH",2025-09-01,1,1,0,0,2,2913,1112
32420,"Mayagüez, PR",2019-01-01,0,1,1,0,2,2,0
32420,"Mayagüez, PR",2019-02-01,0,3,1,0,4,6,0
32420,"Mayagüez, PR",2019-03-01,0,1,0,0,1,7,0
32420,"Mayagüez, PR",2019-05-01,0,3,0,0,3,10,0
32420,"Mayagüez, PR",2019-06-01,0,1,1,1,3,13,0
32420,"Mayagüez, PR",2019-07-01,0,1,0,1,2,15,0
32420,"Mayagüez, PR",2019-08-01,0,3,0,0,3,18,0
32420,"Mayagüez, PR",2019-09-01,0,2,0,0,2,20,0
32420,"Mayagüez, PR",2019-10-01,0,0,2,0,2,22,0
32420,"Mayagüez, PR",2019-11-01,0,2,0,0,2,24,0
32420,"Mayagüez, PR",2019-12-01,0,2,0,0,2,26,0
32420,"Mayagüez, PR",2020-01-01,0,1,0,0,1,27,0
32420,"Mayagüez, PR",2020-02-01,0,1,0,0,1,28,0
32420,"Mayagüez, PR",2020-03-01,0,2,0,0,2,30,0
32420,"Mayagüez, PR",2020-04-01,1,3,0,1,5,35,1
32420,"Mayagüez, PR",2020-05-01,0,3,5,0,8,43,1
32420,"Mayagüez, PR",2020-06-01,0,3,1,0,4,47,1
32420,"Mayagüez, PR",2020-07-01,0,4,0,0,4,51,1
32420,"Mayagüez, PR",2020-08-01,1,6,0,0,7,58,2
32420,"Mayagüez, PR",2020-09-01,0,4,2,0,6,64,2
32420,"Mayagüez, PR",2020-10-01,1,1,0,0,2,66,3
32420,"Mayagüez, PR",2020-11-01,2,1,0,0,3,69,5
32420,"Mayagüez, PR",2020-12-01,1,2,1,0,4,73,6
32420,"Mayagüez, PR",2021-01-01,2,6,1,0,9,82,8
32420,"Mayagüez, PR",2021-02-01,3,6,1,0,10,92,11
32420,"Mayagüez, PR",2021-03-01,2,8,4,0,14,106,13
32420,"Mayagüez, PR",2021-04-01,0,6,2,0,8,114,13
32420,"Mayagüez, PR",2021-05-01,3,12,0,0,15,129,16
32420,"Mayagüez, PR",2021-06-01,3,8,1,0,12,141,19
32420,"Mayagüez, PR",2021-07-01,4,7,0,0,11,152,23
32420,"Mayagüez, PR",2021-08-01,3,10,0,0,13,165,26
32420,"Mayagüez, PR",2021-09-01,6,5,2,1,14,179,32
32420,"Mayagüez, PR",2021-10-01,5,5,1,0,11,190,37
32420,"Mayagüez, PR",2021-11-01,1,6,2,0,9,199,38
32420,"Mayagüez, PR",2021-12-01,4,2,0,0,6,205,42
32420,"Mayagüez, PR",2022-01-01,1,9,1,0,11,216,43
32420,"Mayagüez, PR",2022-02-01,2,7,3,0,12,228,45
32420,"Mayagüez, PR",2022-03-01,3,7,1,0,11,239,48
32420,"Mayagüez, PR",2022-04-01,0,8,1,0,9,248,48
32420,"Mayagüez, PR",2022-05-01,1,10,2,0,13,261,49
32420,"Mayagüez, PR",2022-06-01,5,6,1,0,12,273,54
32420,"Mayagüez, PR",2022-07-01,2,7,2,0,11,284,56
32420,"Mayagüez, PR",2022-08-01,0,2,1,0,3,287,56
32420,"Mayagüez, PR",2022-09-01,3,10,0,0,13,300,59
32420,"Mayagüez, PR",2022-10-01,3,4,0,0,7,307,62
32420,"Mayagüez, PR",2022-11-01,9,5,1,0,15,322,71
32420,"Mayagüez, PR",2022-12-01,6,9,0,0,15,337,77
32420,"Mayagüez, PR",2023-01-01,6,4,1,0,11,348,83
32420,"Mayagüez, PR",2023-02-01,0,3,0,0,3,351,83
32420,"Mayagüez, PR",2023-03-01,3,7,0,0,10,361,86
32420,"Mayagüez, PR",2023-04-01,3,16,0,0,19,380,89
32420,"Mayagüez, PR",2023-05-01,8,15,2,0,25,405,97
32420,"Mayagüez, PR",2023-06-01,9,9,2,0,20,425,106
32420,"Mayagüez, PR",2023-07-01,6,17,3,0,26,451,112
32420,"Mayagüez, PR",2023-08-01,4,5,1,0,10,461,116
32420,"Mayagüez, PR",2023-09-01,11,8,1,0,20,481,127
32420,"Mayagüez, PR",2023-10-01,7,9,1,0,17,498,134
32420,"Mayagüez, PR",2023-11-01,15,8,6,0,29,527,149
32420,"Mayagüez, PR",2023-12-01,10,20,3,0,33,560,159
32420,"Mayagüez, PR",2024-01-01,16,20,0,0,36,596,175
32420,"Mayagüez, PR",2024-02-01,11,10,4,0,25,621,186
32420,"Mayagüez, PR",2024-03-01,7,4,2,0,13,634,193
32420,"Mayagüez, PR",2024-04-01,7,9,3,1,20,654,200
32420,"Mayagüez, PR",2024-05-01,11,3,3,0,17,671,211
32420,"Mayagüez, PR",2024-06-01,4,9,1,0,14,685,215
32420,"Mayagüez, PR",2024-07-01,3,14,2,0,19,704,218
32420,"Mayagüez, PR",2024-08-01,5,5,2,0,12,716,223
32420,"Mayagüez, PR",2024-09-01,7,8,3,0,18,734,230
32420,"Mayagüez, PR",2024-10-01,13,10,2,0,25,759,243
32420,"Mayagüez, PR",2024-11-01,11,12,0,0,23,782,254
32420,"Mayagüez, PR",2024-12-01,13,13,1,0,27,809,267
32420,"Mayagüez, PR",2025-01-01,13,10,0,0,23,832,280
32420,"Mayagüez, PR",2025-02-01,8,6,3,1,18,850,288
32420,"Mayagüez, PR",2025-03-01,13,6,2,0,21,871,301
32420,"Mayagüez, PR",2025-04-01,6,14,1,0,21,892,307
32420,"Mayagüez, PR",2025-05-01,13,12,3,0,28,920,320
32420,"Mayagüez, PR",2025-06-01,6,12,0,0,18,938,326
32420,"Mayagüez, PR",2025-07-01,12,11,3,1,27,965,338
32420,"Mayagüez, PR",2025-08-01,8,16,6,1,31,996,346
46300,"Twin Falls, ID",2019-01-01,0,4,3,0,7,7,0
46300,"Twin Falls, ID",2019-02-01,0,0,1,0,1,8,0
46300,"Twin Falls, ID",2019-03-01,0,1,2,1,4,12,0
46300,"Twin Falls, ID",2019-04-01,1,9,8,0,18,30,1
46300,"Twin Falls, ID",2019-05-01,0,18,4,1,23,53,1
46300,"Twin Falls, ID",2019-06-01,1,16,2,1,20,73,2
46300,"Twin Falls, ID",2019-07-01,1,15,5,0,21,94,3
46300,"Twin Falls, ID",2019-08-01,2,18,1,0,21,115,5
46300,"Twin Falls, ID",2019-09-01,3,15,4,0,22,137,8
46300,"Twin Falls, ID",2019-10-01,2,17,2,0,21,158,10
46300,"Twin Falls, ID",2019-11-01,0,13,3,2,18,176,10
46300,"Twin Falls, ID",2019-12-01,2,14,7,0,23,199,12
46300,"Twin Falls, ID",2020-01-01,3,16,2,1,22,221,15
46300,"Twin Falls, ID",2020-02-01,3,13,8,2,26,247,18
46300,"Twin Falls, ID",2020-03-01,6,30,6,1,43,290,24
46300,"Twin Falls, ID",2020-04-01,12,65,9,1,87,377,36
46300,"Twin Falls, ID",2020-05-01,12,42,3,2,59,436,48
46300,"Twin Falls, ID",2020-06-01,2,18,6,0,26,462,50
46300,"Twin Falls, ID",2020-07-01,12,37,9,3,61,523,62
46300,"Twin Falls, ID",2020-08-01,8,43,10,2,63,586,70
46300,"Twin Falls, ID",2020-09-01,14,38,15,0,67,653,84
46300,"Twin Falls, ID",2020-10-01,11,44,12,2,69,722,95
46300,"Twin Falls, ID",2020-11-01,13,35,15,0,63,785,108
46300,"Twin Falls, ID",2020-12-01,10,39,4,1,54,839,118
46300,"Twin Falls, ID",2021-01-01,17,43,5,0,65,904,135
46300,"Twin Falls, ID",2021-02-01,18,35,13,1,67,971,153
46300,"Twin Falls, ID",2021-03-01,31,76,13,0,120,1091,184
46300,"Twin Falls, ID",2021-04-01,22,49,11,3,85,1176,206
46300,"Twin Falls, ID",2021-05-01,26,77,19,4,126,1302,232
46300,"Twin Falls, ID",2021-06-01,21,33,20,0,74,1376,253
46300,"Twin Falls, ID",2021-07-01,16,52,17,1,86,1462,269
46300,"Twin Falls, ID",2021-08-01,20,43,22,2,87,1549,289
46300,"Twin Falls, ID",2021-09-01,16,36,8,1,61,1610,305
46300,"Twin Falls, ID",2021-10-01,18,40,12,3,73,1683,323
46300,"Twin Falls, ID",2021-11-01,18,33,6,2,59,1742,341
46300,"Twin Falls, ID",2021-12-01,18,33,14,1,66,1808,359
46300,"Twin Falls, ID",2022-01-01,37,70,17,1,125,1933,396
46300,"Twin Falls, ID",2022-02-01,16,51,17,3,87,2020,412
46300,"Twin Falls, ID",2022-03-01,33,58,18,2,111,2131,445
46300,"Twin Falls, ID",2022-04-01,17,31,11,0,59,2190,462
46300,"Twin Falls, ID",2022-05-01,28,34,13,0,75,2265,490
46300,"Twin Falls, ID",2022-06-01,20,31,11,1,63,2328,510
46300,"Twin Falls, ID",2022-07-01,18,45,12,0,75,2403,528
46300,"Twin Falls, ID",2022-08-01,24,51,13,0,88,2491,552
46300,"Twin Falls, ID",2022-09-01,26,37,9,3,75,2566,578
46300,"Twin Falls, ID",2022-10-01,27,52,15,0,94,2660,605
46300,"Twin Falls, ID",2022-11-01,22,54,12,0,88,2748,627
46300,"Twin Falls, ID",2022-12-01,36,56,10,1,103,2851,663
46300,"Twin Falls, ID",2023-01-01,29,53,10,0,92,2943,692
46300,"Twin Falls, ID",2023-02-01,26,43,6,2,77,3020,718
46300,"Twin Falls, ID",2023-03-01,41,70,17,4,132,3152,759
46300,"Twin Falls, ID",2023-04-01,23,32,8,0,63,3215,782
46300,"Twin Falls, ID",2023-05-01,10,23,8,0,41,3256,792
46300,"Twin Falls, ID",2023-06-01,15,33,8,2,58,3314,807
46300,"Twin Falls, ID",2023-07-01,18,42,5,0,65,3379,825
46300,"Twin Falls, ID",2023-08-01,21,27,3,2,53,3432,846
46300,"Twin Falls, ID",2023-09-01,21,37,13,1,72,3504,867
46300,"Twin Falls, ID",2023-10-01,24,36,10,0,70,3574,891
46300,"Twin Falls, ID",2023-11-01,43,43,15,0,101,3675,934
46300,"Twin Falls, ID",2023-12-01,56,41,11,2,110,3785,990
46300,"Twin Falls, ID",2024-01-01,43,48,13,1,105,3890,1033
46300,"Twin Falls, ID",2024-02-01,43,38,9,1,91,3981,1076
46300,"Twin Falls, ID",2024-03-01,33,45,13,1,92,4073,1109
46300,"Twin Falls, ID",2024-04-01,26,36,8,0,70,4143,1135
46300,"Twin Falls, ID",2024-05-01,24,29,10,1,64,4207,1159
46300,"Twin Falls, ID",2024-06-01,22,35,13,0,70,4277,1181
46300,"Twin Falls, ID",2024-07-01,28,32,9,0,69,4346,1209
46300,"Twin Falls, ID",2024-08-01,12,21,8,0,41,4387,1221
46300,"Twin Falls, ID",2024-09-01,18,23,11,2,54,4441,1239
46300,"Twin Falls, ID",2024-10-01,45,61,15,3,124,4565,1284
46300,"Twin Falls, ID",2024-11-01,34,55,12,2,103,4668,1318
46300,"Twin Falls, ID",2024-12-01,37,51,17,3,108,4776,1355
46300,"Twin Falls, ID",2025-01-01,25,44,6,0,75,4851,1380
46300,"Twin Falls, ID",2025-02-01,22,29,8,2,61,4912,1402
46300,"Twin Falls, ID",2025-03-01,43,48,15,1,107,5019,1445
46300,"Twin Falls, ID",2025-04-01,36,40,12,0,88,5107,1481
46300,"Twin Falls, ID",2025-05-01,46,38,11,0,95,5202,1527
46300,"Twin Falls, ID",2025-06-01,41,67,12,1,121,5323,1568
46300,"Twin Falls, ID",2025-07-01,29,42,15,0,86,5409,1597
46300,"Twin Falls, ID",2025-08-01,34,37,10,3,84,5493,1631
46300,"Twin Falls, ID",2025-09-01,1,1,1,0,3,5496,1632
39380,"Pueblo, CO",2019-01-01,0,13,5,1,19,19,0
39380,"Pueblo, CO",2019-02-01,1,39,7,2,49,68,1
39380,"Pueblo, CO",2019-03-01,2,56,11,1,70,138,3
39380,"Pueblo, CO",2019-04-01,7,45,22,1,75,213,10
39380,"Pueblo, CO",2019-05-01,3,62,15,1,81,294,13
39380,"Pueblo, CO",2019-06-01,5,36,15,1,57,351,18
39380,"Pueblo, CO",2019-07-01,6,39,10,3,58,409,24
39380,"Pueblo, CO",2019-08-01,7,54,12,2,75,484,31
39380,"Pueblo, CO",2019-09-01,2,45,16,0,63,547,33
39380,"Pueblo, CO",2019-10-01,6,49,16,3,74,621,39
39380,"Pueblo, CO",2019-11-01,1,77,16,2,96,717,40
39380,"Pueblo, CO",2019-12-01,5,37,12,1,55,772,45
39380,"Pueblo, CO",2020-01-01,4,51,18,1,74,846,49
39380,"Pueblo, CO",2020-02-01,5,53,18,1,77,923,54
39380,"Pueblo, CO",2020-03-01,21,107,31,3,162,1085,75
39380,"Pueblo, CO",2020-04-01,39,182,53,3,277,1362,114
39380,"Pueblo, CO",2020-05-01,42,150,34,4,230,1592,156
39380,"Pueblo, CO",2020-06-01,28,100,18,3,149,1741,184
39380,"Pueblo, CO",2020-07-01,42,141,38,5,226,1967,226
39380,"Pueblo, CO",2020-08-01,33,180,43,8,264,2231,259
39380,"Pueblo, CO",2020-09-01,33,167,25,2,227,2458,292
39380,"Pueblo, CO",2020-10-01,31,167,34,4,236,2694,323
39380,"Pueblo, CO",2020-11-01,16,87,18,3,124,2818,339
39380,"Pueblo, CO",2020-12-01,18,65,12,2,97,2915,357
39380,"Pueblo, CO",2021-01-01,53,150,35,2,240,3155,410
39380,"Pueblo, CO",2021-02-01,29,93,11,4,137,3292,439
39380,"Pueblo, CO",2021-03-01,67,168,43,7,285,3577,506
39380,"Pueblo, CO",2021-04-01,72,199,46,8,325,3902,578
39380,"Pueblo, CO",2021-05-01,29,122,36,1,188,4090,607
39380,"Pueblo, CO",2021-06-01,43,132,30,0,205,4295,650
39380,"Pueblo, CO",2021-07-01,28,106,22,3,159,4454,678
39380,"Pueblo, CO",2021-08-01,39,127,26,7,199,4653,717
39380,"Pueblo, CO",2021-09-01,32,105,29,3,169,4822,749
39380,"Pueblo, CO",2021-10-01,21,53,14,2,90,4912,770
39380,"Pueblo, CO",2021-11-01,15,57,14,2,88,5000,785
39380,"Pueblo, CO",2021-12-01,31,91,21,3,146,5146,816
39380,"Pueblo, CO",2022-01-01,49,112,35,5,201,5347,865
39380,"Pueblo, CO",2022-02-01,27,79,34,1,141,5488,892
39380,"Pueblo, CO",2022-03-01,30,95,29,2,156,5644,922
39380,"Pueblo, CO",2022-04-01,19,64,20,4,107,5751,941
39380,"Pueblo, CO",2022-05-01,36,89,18,1,144,5895,977
39380,"Pueblo, CO",2022-06-01,24,65,15,1,105,6000,1001
39380,"Pueblo, CO",2022-07-01,31,57,14,1,103,6103,1032
39380,"Pueblo, CO",2022-08-01,86,130,43,6,265,6368,1118
39380,"Pueblo, CO",2022-09-01,54,154,29,8,245,6613,1172
39380,"Pueblo, CO",2022-10-01,24,58,21,4,107,6720,1196
39380,"Pueblo, CO",2022-11-01,35,86,22,2,145,6865,1231
39380,"Pueblo, CO",2022-12-01,38,79,35,1,153,7018,1269
39380,"Pueblo, CO",2023-01-01,39,103,32,2,176,7194,1308
39380,"Pueblo, CO",2023-02-01,37,88,25,5,155,7349,1345
39380,"Pueblo, CO",2023-03-01,58,114,45,4,221,7570,1403
39380,"Pueblo, CO",2023-04-01,35,70,16,2,123,7693,1438
39380,"Pueblo, CO",2023-05-01,22,46,6,2,76,7769,1460
39380,"Pueblo, CO",2023-06-01,13,41,16,0,70,7839,1473
39380,"Pueblo, CO",2023-07-01,12,40,10,1,63,7902,1485
39380,"Pueblo, CO",2023-08-01,25,64,20,0,109,8011,1510
39380,"Pueblo, CO",2023-09-01,35,58,21,2,116,8127,1545
39380,"Pueblo, CO",2023-10-01,33,81,17,2,133,8260,1578
39380,"Pueblo, CO",2023-11-01,56,92,38,1,187,8447,1634
39380,"Pueblo, CO",2023-12-01,59,70,27,2,158,8605,1693
39380,"Pueblo, CO",2024-01-01,56,74,27,4,161,8766,1749
39380,"Pueblo, CO",2024-02-01,68,64,24,5,161,8927,1817
39380,"Pueblo, CO",2024-03-01,67,75,29,4,175,9102,1884
39380,"Pueblo, CO",2024-04-01,46,84,27,2,159,9261,1930
39380,"Pueblo, CO",2024-05-01,38,84,17,1,140,9401,1968
39380,"Pueblo, CO",2024-06-01,29,50,15,0,94,9495,1997
39380,"Pueblo, CO",2024-07-01,20,60,6,1,87,9582,2017
39380,"Pueblo, CO",2024-08-01,17,31,17,0,65,9647,2034
39380,"Pueblo, CO",2024-09-01,13,33,5,3,54,9701,2047
39380,"Pueblo, CO",2024-10-01,18,31,14,3,66,9767,2065
39380,"Pueblo, CO",2024-11-01,13,35,8,1,57,9824,2078
39380,"Pueblo, CO",2024-12-01,20,42,10,0,72,9896,2098
39380,"Pueblo, CO",2025-01-01,46,80,27,3,156,10052,2144
39380,"Pueblo, CO",2025-02-01,50,81,33,2,166,10218,2194
39380,"Pueblo, CO",2025-03-01,58,97,27,3,185,10403,2252
39380,"Pueblo, CO",2025-04-01,41,75,24,0,140,10543,2293
39380,"Pueblo, CO",2025-05-01,32,51,8,4,95,10638,2325
39380,"Pueblo, CO",2025-06-01,20,41,10,2,73,10711,2345
39380,"Pueblo, CO",2025-07-01,18,27,11,1,57,10768,2363
39380,"Pueblo, CO",2025-08-01,18,33,9,0,60,10828,2381
39380,"Pueblo, CO",2025-09-01,1,0,0,0,1,10829,2382
15340,"Bucyrus, OH",2019-01-01,0,2,0,0,2,2,0
15340,"Bucyrus, OH",2019-02-01,0,0,1,0,1,3,0
15340,"Bucyrus, OH",2019-03-01,0,1,0,1,2,5,0
15340,"Bucyrus, OH",2019-04-01,0,1,2,0,3,8,0
15340,"Bucyrus, OH",2019-05-01,0,2,0,1,3,11,0
15340,"Bucyrus, OH",2019-06-01,0,1,0,0,1,12,0
15340,"Bucyrus, OH",2019-07-01,0,1,1,0,2,14,0
15340,"Bucyrus, OH",2019-08-01,0,2,1,0,3,17,0
15340,"Bucyrus, OH",2019-09-01,0,3,1,0,4,21,0
15340,"Bucyrus, OH",2019-11-01,0,2,2,0,4,25,0
15340,"Bucyrus, OH",2019-12-01,1,3,0,0,4,29,1
15340,"Bucyrus, OH",2020-01-01,1,3,0,0,4,33,2
15340,"Bucyrus, OH",2020-02-01,0,4,0,0,4,37,2
15340,"Bucyrus, OH",2020-03-01,1,4,1,0,6,43,3
15340,"Bucyrus, OH",2020-04-01,2,6,2,0,10,53,5
15340,"Bucyrus, OH",2020-05-01,0,10,4,0,14,67,5
15340,"Bucyrus, OH",2020-06-01,1,2,0,0,3,70,6
15340,"Bucyrus, OH",2020-07-01,0,5,1,0,6,76,6
15340,"Bucyrus, OH",2020-08-01,1,7,4,0,12,88,7
15340,"Bucyrus, OH",2020-09-01,1,6,1,0,8,96,8
15340,"Bucyrus, OH",2020-10-01,0,4,1,0,5,101,8
15340,"Bucyrus, OH",2020-11-01,0,2,1,0,3,104,8
15340,"Bucyrus, OH",2020-12-01,2,5,2,2,11,115,10
15340,"Bucyrus, OH",2021-01-01,0,8,0,0,8,123,10
15340,"Bucyrus, OH",2021-02-01,1,6,1,1,9,132,11
15340,"Bucyrus, OH",2021-03-01,3,14,0,0,17,149,14
15340,"Bucyrus, OH",2021-04-01,5,14,4,0,23,172,19
15340,"Bucyrus, OH",2021-05-01,3,10,5,2,20,192,22
15340,"Bucyrus, OH",2021-06-01,3,15,5,0,23,215,25
15340,"Bucyrus, OH",2021-07-01,5,16,3,0,24,239,30
15340,"Bucyrus, OH",2021-08-01,2,16,6,2,26,265,32
15340,"Bucyrus, OH",2021-09-01,3,15,7,0,25,290,35
15340,"Bucyrus, OH",2021-10-01,5,20,7,0,32,322,40
15340,"Bucyrus, OH",2021-11-01,6,23,6,0,35,357,46
15340,"Bucyrus, OH",2021-12-01,4,18,4,0,26,383,50
15340,"Bucyrus, OH",2022-01-01,7,15,6,0,28,411,57
15340,"Bucyrus, OH",2022-02-01,7,21,6,0,34,445,64
15340,"Bucyrus, OH",2022-03-01,14,17,8,1,40,485,78
15340,"Bucyrus, OH",2022-04-01,5,13,7,1,26,511,83
15340,"Bucyrus, OH",2022-05-01,4,17,4,0,25,536,87
15340,"Bucyrus, OH",2022-06-01,2,12,4,1,19,555,89
15340,"Bucyrus, OH",2022-07-01,7,17,2,0,26,581,96
15340,"Bucyrus, OH",2022-08-01,3,15,1,0,19,600,99
15340,"Bucyrus, OH",2022-09-01,3,8,8,0,19,619,102
15340,"Bucyrus, OH",2022-10-01,5,8,8,0,21,640,107
15340,"Bucyrus, OH",2022-11-01,4,10,7,0,21,661,111
15340,"Bucyrus, OH",2022-12-01,5,15,1,0,21,682,116
15340,"Bucyrus, OH",2023-01-01,4,15,3,0,22,704,120
15340,"Bucyrus, OH",2023-02-01,8,9,11,0,28,732,128
15340,"Bucyrus, OH",2023-03-01,16,16,5,0,37,769,144
15340,"Bucyrus, OH",2023-04-01,7,11,6,0,24,793,151
15340,"Bucyrus, OH",2023-05-01,9,9,2,2,22,815,160
15340,"Bucyrus, OH",2023-06-01,3,10,2,0,15,830,163
15340,"Bucyrus, OH",2023-07-01,7,13,4,1,25,855,170
15340,"Bucyrus, OH",2023-08-01,2,12,4,0,18,873,172
15340,"Bucyrus, OH",2023-09-01,8,9,4,0,21,894,180
15340,"Bucyrus, OH",2023-10-01,13,11,7,1,32,926,193
15340,"Bucyrus, OH",2023-11-01,9,23,8,1,41,967,202
15340,"Bucyrus, OH",2023-12-01,9,18,6,1,34,1001,211
15340,"Bucyrus, OH",2024-01-01,5,12,2,1,20,1021,216
15340,"Bucyrus, OH",2024-02-01,10,9,8,0,27,1048,226
15340,"Bucyrus, OH",2024-03-01,13,16,6,0,35,1083,239
15340,"Bucyrus, OH",2024-04-01,8,9,7,0,24,1107,247
15340,"Bucyrus, OH",2024-05-01,10,11,3,0,24,1131,257
15340,"Bucyrus, OH",2024-06-01,5,17,2,0,24,1155,262
15340,"Bucyrus, OH",2024-07-01,10,14,4,1,29,1184,272
15340,"Bucyrus, OH",2024-08-01,2,7,5,0,14,1198,274
15340,"Bucyrus, OH",2024-09-01,4,8,4,0,16,1214,278
15340,"Bucyrus, OH",2024-10-01,7,17,6,2,32,1246,285
15340,"Bucyrus, OH",2024-11-01,13,14,5,0,32,1278,298
15340,"Bucyrus, OH",2024-12-01,11,14,2,0,27,1305,309
15340,"Bucyrus, OH",2025-01-01,12,10,7,0,29,1334,321
15340,"Bucyrus, OH",2025-02-01,8,12,8,0,28,1362,329
15340,"Bucyrus, OH",2025-03-01,7,19,8,0,34,1396,336
15340,"Bucyrus, OH",2025-04-01,16,19,4,0,39,1435,352
15340,"Bucyrus, OH",2025-05-01,11,15,1,3,30,1465,363
15340,"Bucyrus, OH",2025-06-01,9,6,5,0,20,1485,372
15340,"Bucyrus, OH",2025-07-01,10,13,4,2,29,1514,382
15340,"Bucyrus, OH",2025-08-01,8,8,0,0,16,1530,390
15340,"Bucyrus, OH",2025-09-01,0,1,0,0,1,1531,390
33860,"Montgomery, AL",2019-01-01,0,31,8,0,39,39,0
33860,"Montgomery, AL",2019-02-01,1,27,6,1,35,74,1
33860,"Montgomery, AL",2019-03-01,0,43,8,0,51,125,1
33860,"Montgomery, AL",2019-04-01,1,39,10,1,51,176,2
33860,"Montgomery, AL",2019-05-01,2,40,7,0,49,225,4
33860,"Montgomery, AL",2019-06-01,0,52,4,1,57,282,4
33860,"Montgomery, AL",2019-07-01,3,44,13,0,60,342,7
33860,"Montgomery, AL",2019-08-01,3,57,11,0,71,413,10
33860,"Montgomery, AL",2019-09-01,2,53,10,0,65,478,12
33860,"Montgomery, AL",2019-10-01,1,42,5,0,48,526,13
33860,"Montgomery, AL",2019-11-01,3,51,14,0,68,594,16
33860,"Montgomery, AL",2019-12-01,3,50,9,1,63,657,19
33860,"Montgomery, AL",2020-01-01,6,59,13,0,78,735,25
33860,"Montgomery, AL",2020-02-01,3,55,12,0,70,805,28
33860,"Montgomery, AL",2020-03-01,5,73,16,1,95,900,33
33860,"Montgomery, AL",2020-04-01,20,118,27,1,166,1066,53
33860,"Montgomery, AL",2020-05-01,78,231,36,4,349,1415,131
33860,"Montgomery, AL",2020-06-01,52,193,24,3,272,1687,183
33860,"Montgomery, AL",2020-07-01,49,208,29,2,288,1975,232
33860,"Montgomery, AL",2020-08-01,79,359,49,6,493,2468,311
33860,"Montgomery, AL",2020-09-01,68,285,59,3,415,2883,379
33860,"Montgomery, AL",2020-10-01,43,187,38,2,270,3153,422
33860,"Montgomery, AL",2020-11-01,32,70,15,2,119,3272,454
33860,"Montgomery, AL",2020-12-01,18,76,2,2,98,3370,472
33860,"Montgomery, AL",2021-01-01,44,143,19,0,206,3576,516
33860,"Montgomery, AL",2021-02-01,45,101,17,0,163,3739,561
33860,"Montgomery, AL",2021-03-01,66,175,40,4,285,4024,627
33860,"Montgomery, AL",2021-04-01,146,375,74,6,601,4625,773
33860,"Montgomery, AL",2021-05-01,118,418,70,4,610,5235,891
33860,"Montgomery, AL",2021-06-01,74,282,55,3,414,5649,965
33860,"Montgomery, AL",2021-07-01,70,237,42,6,355,6004,1035
33860,"Montgomery, AL",2021-08-01,70,202,43,3,318,6322,1105
33860,"Montgomery, AL",2021-09-01,73,248,55,2,378,6700,1178
33860,"Montgomery, AL",2021-10-01,45,175,31,1,252,6952,1223
33860,"Montgomery, AL",2021-11-01,57,150,31,0,238,7190,1280
33860,"Montgomery, AL",2021-12-01,103,218,33,5,359,7549,1383
33860,"Montgomery, AL",2022-01-01,153,329,60,5,547,8096,1536
33860,"Montgomery, AL",2022-02-01,62,200,31,6,299,8395,1598
33860,"Montgomery, AL",2022-03-01,132,285,49,7,473,8868,1730
33860,"Montgomery, AL",2022-04-01,95,247,57,2,401,9269,1825
33860,"Montgomery, AL",2022-05-01,82,231,42,4,359,9628,1907
33860,"Montgomery, AL",2022-06-01,68,149,35,0,252,9880,1975
33860,"Montgomery, AL",2022-07-01,54,123,22,0,199,10079,2029
33860,"Montgomery, AL",2022-08-01,62,138,36,4,240,10319,2091
33860,"Montgomery, AL",2022-09-01,69,137,36,4,246,10565,2160
33860,"Montgomery, AL",2022-10-01,70,109,36,2,217,10782,2230
33860,"Montgomery, AL",2022-11-01,99,206,38,4,347,11129,2329
33860,"Montgomery, AL",2022-12-01,133,212,66,8,419,11548,2462
33860,"Montgomery, AL",2023-01-01,108,168,53,8,337,11885,2570
33860,"Montgomery, AL",2023-02-01,120,159,38,2,319,12204,2690
33860,"Montgomery, AL",2023-03-01,140,241,55,4,440,12644,2830
33860,"Montgomery, AL",2023-04-01,126,196,54,6,382,13026,2956
33860,"Montgomery, AL",2023-05-01,94,106,25,3,228,13254,3050
33860,"Montgomery, AL",2023-06-01,52,82,17,4,155,13409,3102
33860,"Montgomery, AL",2023-07-01,89,116,35,3,243,13652,3191
33860,"Montgomery, AL",2023-08-01,59,104,32,2,197,13849,3250
33860,"Montgomery, AL",2023-09-01,72,118,26,5,221,14070,3322
33860,"Montgomery, AL",2023-10-01,74,144,36,4,258,14328,3396
33860,"Montgomery, AL",2023-11-01,111,193,51,3,358,14686,3507
33860,"Montgomery, AL",2023-12-01,154,178,63,3,398,15084,3661
33860,"Montgomery, AL",2024-01-01,143,214,70,2,429,15513,3804
33860,"Montgomery, AL",2024-02-01,158,187,59,6,410,15923,3962
33860,"Montgomery, AL",2024-03-01,205,226,55,3,489,16412,4167
33860,"Montgomery, AL",2024-04-01,143,211,51,8,413,16825,4310
33860,"Montgomery, AL",2024-05-01,125,163,35,1,324,17149,4435
33860,"Montgomery, AL",2024-06-01,83,144,50,4,281,17430,4518
33860,"Montgomery, AL",2024-07-01,107,178,44,5,334,17764,4625
33860,"Montgomery, AL",2024-08-01,110,190,47,11,358,18122,4735
33860,"Montgomery, AL",2024-09-01,180,240,57,10,487,18609,4915
33860,"Montgomery, AL",2024-10-01,166,227,69,7,469,19078,5081
33860,"Montgomery, AL",2024-11-01,175,184,63,8,430,19508,5256
33860,"Montgomery, AL",2024-12-01,193,204,86,10,493,20001,5449
33860,"Montgomery, AL",2025-01-01,189,217,51,9,466,20467,5638
33860,"Montgomery, AL",2025-02-01,143,155,57,8,363,20830,5781
33860,"Montgomery, AL",2025-03-01,188,208,62,8,466,21296,5969
33860,"Montgomery, AL",2025-04-01,188,232,68,7,495,21791,6157
33860,"Montgomery, AL",2025-05-01,178,184,46,7,415,22206,6335
33860,"Montgomery, AL",2025-06-01,226,236,76,5,543,22749,6561
33860,"Montgomery, AL",2025-07-01,173,238,69,5,485,23234,6734
33860,"Montgomery, AL",2025-08-01,166,169,51,3,389,23623,6900
33860,"Montgomery, AL",2025-09-01,6,8,2,0,16,23639,6906
37220,"Pahrump, NV",2019-01-01,0,2,0,0,2,2,0
37220,"Pahrump, NV",2019-02-01,0,0,1,0,1,3,0
37220,"Pahrump, NV",2019-03-01,1,2,1,0,4,7,1
37220,"Pahrump, NV",2019-04-01,0,3,2,0,5,12,1
37220,"Pahrump, NV",2019-05-01,0,0,0,0,0,12,1
37220,"Pahrump, NV",2019-06-01,1,1,0,0,2,14,2
37220,"Pahrump, NV",2019-07-01,1,3,1,0,5,19,3
37220,"Pahrump, NV",2019-08-01,0,3,0,0,3,22,3
37220,"Pahrump, NV",2019-09-01,0,4,0,0,4,26,3
37220,"Pahrump, NV",2019-11-01,0,2,1,0,3,29,3
37220,"Pahrump, NV",2019-12-01,0,3,0,0,3,32,3
37220,"Pahrump, NV",2020-01-01,0,2,1,0,3,35,3
37220,"Pahrump, NV",2020-02-01,0,2,0,0,2,37,3
37220,"Pahrump, NV",2020-03-01,0,3,2,0,5,42,3
37220,"Pahrump, NV",2020-04-01,0,3,1,0,4,46,3
37220,"Pahrump, NV",2020-05-01,0,2,1,0,3,49,3
37220,"Pahrump, NV",2020-06-01,1,1,0,0,2,51,4
37220,"Pahrump, NV",2020-07-01,2,8,0,1,11,62,6
37220,"Pahrump, NV",2020-08-01,0,3,1,0,4,66,6
37220,"Pahrump, NV",2020-09-01,1,6,2,0,9,75,7
37220,"Pahrump, NV",2020-10-01,0,11,6,0,17,92,7
37220,"Pahrump, NV",2020-11-01,0,8,1,0,9,101,7
37220,"Pahrump, NV",2020-12-01,2,8,5,1,16,117,9
37220,"Pahrump, NV",2021-01-01,3,11,6,0,20,137,12
37220,"Pahrump, NV",2021-02-01,2,10,4,1,17,154,14
37220,"Pahrump, NV",2021-03-01,6,12,2,0,20,174,20
37220,"Pahrump, NV",2021-04-01,2,5,3,0,10,184,22
37220,"Pahrump, NV",2021-05-01,3,9,6,1,19,203,25
37220,"Pahrump, NV",2021-06-01,5,14,4,1,24,227,30
37220,"Pahrump, NV",2021-07-01,7,10,6,0,23,250,37
37220,"Pahrump, NV",2021-08-01,1,13,3,1,18,268,38
37220,"Pahrump, NV",2021-09-01,1,13,8,0,22,290,39
37220,"Pahrump, NV",2021-10-01,2,7,3,1,13,303,41
37220,"Pahrump, NV",2021-11-01,3,5,5,1,14,317,44
37220,"Pahrump, NV",2021-12-01,2,11,4,1,18,335,46
37220,"Pahrump, NV",2022-01-01,0,12,10,3,25,360,46
37220,"Pahrump, NV",2022-02-01,0,11,5,0,16,376,46
37220,"Pahrump, NV",2022-03-01,2,10,4,1,17,393,48
37220,"Pahrump, NV",2022-04-01,2,10,6,0,18,411,50
37220,"Pahrump, NV",2022-05-01,8,18,4,0,30,441,58
37220,"Pahrump, NV",2022-06-01,2,10,5,1,18,459,60
37220,"Pahrump, NV",2022-07-01,5,9,7,1,22,481,65
37220,"Pahrump, NV",2022-08-01,3,11,6,1,21,502,68
37220,"Pahrump, NV",2022-09-01,3,13,4,1,21,523,71
37220,"Pahrump, NV",2022-10-01,1,7,4,0,12,535,72
37220,"Pahrump, NV",2022-11-01,6,9,3,2,20,555,78
37220,"Pahrump, NV",2022-12-01,1,9,8,1,19,574,79
37220,"Pahrump, NV",2023-01-01,2,8,4,0,14,588,81
37220,"Pahrump, NV",2023-02-01,2,7,5,0,14,602,83
37220,"Pahrump, NV",2023-03-01,4,10,6,0,20,622,87
37220,"Pahrump, NV",2023-04-01,5,9,6,0,20,642,92
37220,"Pahrump, NV",2023-05-01,1,10,4,0,15,657,93
37220,"Pahrump, NV",2023-06-01,5,10,5,0,20,677,98
37220,"Pahrump, NV",2023-07-01,10,11,3,1,25,702,108
37220,"Pahrump, NV",2023-08-01,10,4,4,2,20,722,118
37220,"Pahrump, NV",2023-09-01,2,8,2,0,12,734,120
37220,"Pahrump, NV",2023-10-01,2,7,4,1,14,748,122
37220,"Pahrump, NV",2023-11-01,4,3,6,0,13,761,126
37220,"Pahrump, NV",2023-12-01,3,5,4,0,12,773,129
37220,"Pahrump, NV",2024-01-01,11,14,6,2,33,806,140
37220,"Pahrump, NV",2024-02-01,2,7,6,1,16,822,142
37220,"Pahrump, NV",2024-03-01,5,8,10,1,24,846,147
37220,"Pahrump, NV",2024-04-01,6,10,2,0,18,864,153
37220,"Pahrump, NV",2024-05-01,2,7,2,0,11,875,155
37220,"Pahrump, NV",2024-06-01,2,3,4,1,10,885,157
37220,"Pahrump, NV",2024-07-01,4,7,5,1,17,902,161
37220,"Pahrump, NV",2024-08-01,2,2,6,0,10,912,163
37220,"Pahrump, NV",2024-09-01,5,8,4,0,17,929,168
37220,"Pahrump, NV",2024-10-01,8,9,6,0,23,952,176
37220,"Pahrump, NV",2024-11-01,8,10,2,0,20,972,184
37220,"Pahrump, NV",2024-12-01,8,13,5,0,26,998,192
37220,"Pahrump, NV",2025-01-01,7,8,9,0,24,1022,199
37220,"Pahrump, NV",2025-02-01,3,1,0,2,6,1028,202
37220,"Pahrump, NV",2025-03-01,12,13,5,0,30,1058,214
37220,"Pahrump, NV",2025-04-01,1,6,0,0,7,1065,215
37220,"Pahrump, NV",2025-05-01,7,8,5,1,21,1086,222
37220,"Pahrump, NV",2025-06-01,5,11,1,0,17,1103,227
37220,"Pahrump, NV",2025-07-01,5,6,0,1,12,1115,232
37220,"Pahrump, NV",2025-08-01,2,1,4,0,7,1122,234
24330,"Grand Rapids, MN",2019-04-01,0,2,0,0,2,2,0
24330,"Grand Rapids, MN",2019-05-01,0,1,0,0,1,3,0
24330,"Grand Rapids, MN",2019-07-01,0,1,0,0,1,4,0
24330,"Grand Rapids, MN",2019-10-01,0,0,1,1,2,6,0
24330,"Grand Rapids, MN",2019-11-01,0,2,0,0,2,8,0
24330,"Grand Rapids, MN",2019-12-01,0,0,2,0,2,10,0
24330,"Grand Rapids, MN",2020-01-01,0,1,0,0,1,11,0
24330,"Grand Rapids, MN",2020-02-01,0,1,0,0,1,12,0
24330,"Grand Rapids, MN",2020-04-01,0,3,1,0,4,16,0
24330,"Grand Rapids, MN",2020-05-01,0,1,3,0,4,20,0
24330,"Grand Rapids, MN",2020-06-01,1,1,1,0,3,23,1
24330,"Grand Rapids, MN",2020-07-01,0,1,2,0,3,26,1
24330,"Grand Rapids, MN",2020-08-01,1,2,0,0,3,29,2
24330,"Grand Rapids, MN",2020-09-01,1,2,2,0,5,34,3
24330,"Grand Rapids, MN",2020-10-01,0,4,0,0,4,38,3
24330,"Grand Rapids, MN",2020-11-01,2,2,0,0,4,42,5
24330,"Grand Rapids, MN",2020-12-01,1,1,2,0,4,46,6
24330,"Grand Rapids, MN",2021-01-01,0,0,2,0,2,48,6
24330,"Grand Rapids, MN",2021-02-01,1,2,1,0,4,52,7
24330,"Grand Rapids, MN",2021-03-01,1,1,0,0,2,54,8
24330,"Grand Rapids, MN",2021-04-01,0,2,0,0,2,56,8
24330,"Grand Rapids, MN",2021-05-01,3,9,4,0,16,72,11
24330,"Grand Rapids, MN",2021-06-01,7,5,3,0,15,87,18
24330,"Grand Rapids, MN",2021-07-01,5,7,2,0,14,101,23
24330,"Grand Rapids, MN",2021-08-01,7,8,6,0,21,122,30
24330,"Grand Rapids, MN",2021-09-01,6,4,2,2,14,136,36
24330,"Grand Rapids, MN",2021-10-01,3,6,4,1,14,150,39
24330,"Grand Rapids, MN",2021-11-01,6,9,1,0,16,166,45
24330,"Grand Rapids, MN",2021-12-01,4,4,1,0,9,175,49
24330,"Grand Rapids, MN",2022-01-01,15,12,7,0,34,209,64
24330,"Grand Rapids, MN",2022-02-01,10,7,5,0,22,231,74
24330,"Grand Rapids, MN",2022-03-01,8,6,4,0,18,249,82
24330,"Grand Rapids, MN",2022-04-01,8,15,5,0,28,277,90
24330,"Grand Rapids, MN",2022-05-01,5,9,4,0,18,295,95
24330,"Grand Rapids, MN",2022-06-01,4,11,1,0,16,311,99
24330,"Grand Rapids, MN",2022-07-01,8,7,2,0,17,328,107
24330,"Grand Rapids, MN",2022-08-01,3,15,3,1,22,350,110
24330,"Grand Rapids, MN",2022-09-01,7,6,1,1,15,365,117
24330,"Grand Rapids, MN",2022-10-01,2,10,3,0,15,380,119
24330,"Grand Rapids, MN",2022-11-01,1,9,4,0,14,394,120
24330,"Grand Rapids, MN",2022-12-01,7,10,3,0,20,414,127
24330,"Grand Rapids, MN",2023-01-01,10,12,1,0,23,437,137
24330,"Grand Rapids, MN",2023-02-01,9,9,2,0,20,457,146
24330,"Grand Rapids, MN",2023-03-01,9,16,5,0,30,487,155
24330,"Grand Rapids, MN",2023-04-01,9,14,8,0,31,518,164
24330,"Grand Rapids, MN",2023-05-01,4,7,4,0,15,533,168
24330,"Grand Rapids, MN",2023-06-01,5,9,2,0,16,549,173
24330,"Grand Rapids, MN",2023-07-01,4,8,4,0,16,565,177
24330,"Grand Rapids, MN",2023-08-01,9,9,4,2,24,589,186
24330,"Grand Rapids, MN",2023-09-01,9,5,2,0,16,605,195
24330,"Grand Rapids, MN",2023-10-01,11,11,4,0,26,631,206
24330,"Grand Rapids, MN",2023-11-01,9,5,1,0,15,646,215
24330,"Grand Rapids, MN",2023-12-01,7,6,0,0,13,659,222
24330,"Grand Rapids, MN",2024-01-01,10,9,2,0,21,680,232
24330,"Grand Rapids, MN",2024-02-01,6,5,1,0,12,692,238
24330,"Grand Rapids, MN",2024-03-01,10,7,3,1,21,713,248
24330,"Grand Rapids, MN",2024-04-01,6,1,1,0,8,721,254
24330,"Grand Rapids, MN",2024-05-01,9,8,1,0,18,739,263
24330,"Grand Rapids, MN",2024-06-01,3,5,1,0,9,748,266
24330,"Grand Rapids, MN",2024-07-01,11,6,4,0,21,769,277
24330,"Grand Rapids, MN",2024-08-01,8,7,0,0,15,784,285
24330,"Grand Rapids, MN",2024-09-01,4,8,0,0,12,796,289
24330,"Grand Rapids, MN",2024-10-01,12,8,1,1,22,818,301
24330,"Grand Rapids, MN",2024-11-01,5,8,1,1,15,833,306
24330,"Grand Rapids, MN",2024-12-01,8,8,4,0,20,853,314
24330,"Grand Rapids, MN",2025-01-01,7,3,1,0,11,864,321
24330,"Grand Rapids, MN",2025-02-01,18,9,4,0,31,895,339
24330,"Grand Rapids, MN",2025-03-01,16,5,2,0,23,918,355
24330,"Grand Rapids, MN",2025-04-01,26,5,6,1,38,956,381
24330,"Grand Rapids, MN",2025-05-01,11,9,0,0,20,976,392
24330,"Grand Rapids, MN",2025-06-01,11,6,4,0,21,997,403
24330,"Grand Rapids, MN",2025-07-01,15,8,1,0,24,1021,418
24330,"Grand Rapids, MN",2025-08-01,8,3,3,1,15,1036,426
43420,"Sierra Vista-Douglas, AZ",2019-01-01,0,5,0,1,6,6,0
43420,"Sierra Vista-Douglas, AZ",2019-02-01,0,7,0,0,7,13,0
43420,"Sierra Vista-Douglas, AZ",2019-03-01,0,5,2,0,7,20,0
43420,"Sierra Vista-Douglas, AZ",2019-04-01,2,10,14,1,27,47,2
43420,"Sierra Vista-Douglas, AZ",2019-05-01,3,17,6,1,27,74,5
43420,"Sierra Vista-Douglas, AZ",2019-06-01,0,17,5,0,22,96,5
43420,"Sierra Vista-Douglas, AZ",2019-07-01,0,15,1,0,16,112,5
43420,"Sierra Vista-Douglas, AZ",2019-08-01,1,15,5,0,21,133,6
43420,"Sierra Vista-Douglas, AZ",2019-09-01,1,17,2,2,22,155,7
43420,"Sierra Vista-Douglas, AZ",2019-10-01,1,11,2,0,14,169,8
43420,"Sierra Vista-Douglas, AZ",2019-11-01,2,15,6,1,24,193,10
43420,"Sierra Vista-Douglas, AZ",2019-12-01,0,15,6,0,21,214,10
43420,"Sierra Vista-Douglas, AZ",2020-01-01,6,21,2,1,30,244,16
43420,"Sierra Vista-Douglas, AZ",2020-02-01,2,14,6,1,23,267,18
43420,"Sierra Vista-Douglas, AZ",2020-03-01,4,31,13,0,48,315,22
43420,"Sierra Vista-Douglas, AZ",2020-04-01,7,45,10,3,65,380,29
43420,"Sierra Vista-Douglas, AZ",2020-05-01,9,49,10,1,69,449,38
43420,"Sierra Vista-Douglas, AZ",2020-06-01,11,28,6,3,48,497,49
43420,"Sierra Vista-Douglas, AZ",2020-07-01,18,56,10,1,85,582,67
43420,"Sierra Vista-Douglas, AZ",2020-08-01,14,81,11,1,107,689,81
43420,"Sierra Vista-Douglas, AZ",2020-09-01,11,82,15,1,109,798,92
43420,"Sierra Vista-Douglas, AZ",2020-10-01,8,63,11,3,85,883,100
43420,"Sierra Vista-Douglas, AZ",2020-11-01,3,32,7,0,42,925,103
43420,"Sierra Vista-Douglas, AZ",2020-12-01,8,42,8,4,62,987,111
43420,"Sierra Vista-Douglas, AZ",2021-01-01,18,53,22,1,94,1081,129
43420,"Sierra Vista-Douglas, AZ",2021-02-01,14,38,10,1,63,1144,143
43420,"Sierra Vista-Douglas, AZ",2021-03-01,11,44,11,2,68,1212,154
43420,"Sierra Vista-Douglas, AZ",2021-04-01,19,57,11,1,88,1300,173
43420,"Sierra Vista-Douglas, AZ",2021-05-01,16,58,12,1,87,1387,189
43420,"Sierra Vista-Douglas, AZ",2021-06-01,20,66,15,3,104,1491,209
43420,"Sierra Vista-Douglas, AZ",2021-07-01,16,62,12,0,90,1581,225
43420,"Sierra Vista-Douglas, AZ",2021-08-01,16,41,12,1,70,1651,241
43420,"Sierra Vista-Douglas, AZ",2021-09-01,8,37,14,0,59,1710,249
43420,"Sierra Vista-Douglas, AZ",2021-10-01,13,34,10,1,58,1768,262
43420,"Sierra Vista-Douglas, AZ",2021-11-01,8,29,12,0,49,1817,270
43420,"Sierra Vista-Douglas, AZ",2021-12-01,15,44,10,3,72,1889,285
43420,"Sierra Vista-Douglas, AZ",2022-01-01,23,44,10,1,78,1967,308
43420,"Sierra Vista-Douglas, AZ",2022-02-01,16,32,4,0,52,2019,324
43420,"Sierra Vista-Douglas, AZ",2022-03-01,22,35,15,4,76,2095,346
43420,"Sierra Vista-Douglas, AZ",2022-04-01,18,25,12,1,56,2151,364
43420,"Sierra Vista-Douglas, AZ",2022-05-01,23,35,10,2,70,2221,387
43420,"Sierra Vista-Douglas, AZ",2022-06-01,21,33,6,1,61,2282,408
43420,"Sierra Vista-Douglas, AZ",2022-07-01,14,29,6,1,50,2332,422
43420,"Sierra Vista-Douglas, AZ",2022-08-01,15,30,13,0,58,2390,437
43420,"Sierra Vista-Douglas, AZ",2022-09-01,11,24,6,0,41,2431,448
43420,"Sierra Vista-Douglas, AZ",2022-10-01,19,35,7,0,61,2492,467
43420,"Sierra Vista-Douglas, AZ",2022-11-01,16,22,7,0,45,2537,483
43420,"Sierra Vista-Douglas, AZ",2022-12-01,15,27,5,0,47,2584,498
43420,"Sierra Vista-Douglas, AZ",2023-01-01,23,39,10,1,73,2657,521
43420,"Sierra Vista-Douglas, AZ",2023-02-01,10,28,9,1,48,2705,531
43420,"Sierra Vista-Douglas, AZ",2023-03-01,16,32,15,4,67,2772,547
43420,"Sierra Vista-Douglas, AZ",2023-04-01,15,29,9,1,54,2826,562
43420,"Sierra Vista-Douglas, AZ",2023-05-01,16,27,6,1,50,2876,578
43420,"Sierra Vista-Douglas, AZ",2023-06-01,12,14,3,0,29,2905,590
43420,"Sierra Vista-Douglas, AZ",2023-07-01,22,17,9,1,49,2954,612
43420,"Sierra Vista-Douglas, AZ",2023-08-01,12,30,10,3,55,3009,624
43420,"Sierra Vista-Douglas, AZ",2023-09-01,21,20,9,1,51,3060,645
43420,"Sierra Vista-Douglas, AZ",2023-10-01,19,28,9,0,56,3116,664
43420,"Sierra Vista-Douglas, AZ",2023-11-01,17,21,6,1,45,3161,681
43420,"Sierra Vista-Douglas, AZ",2023-12-01,11,28,11,2,52,3213,692
43420,"Sierra Vista-Douglas, AZ",2024-01-01,13,28,13,0,54,3267,705
43420,"Sierra Vista-Douglas, AZ",2024-02-01,18,22,6,0,46,3313,723
43420,"Sierra Vista-Douglas, AZ",2024-03-01,20,20,11,0,51,3364,743
43420,"Sierra Vista-Douglas, AZ",2024-04-01,17,15,3,0,35,3399,760
43420,"Sierra Vista-Douglas, AZ",2024-05-01,10,25,6,1,42,3441,770
43420,"Sierra Vista-Douglas, AZ",2024-06-01,6,17,5,2,30,3471,776
43420,"Sierra Vista-Douglas, AZ",2024-07-01,6,9,4,0,19,3490,782
43420,"Sierra Vista-Douglas, AZ",2024-08-01,4,8,2,0,14,3504,786
43420,"Sierra Vista-Douglas, AZ",2024-09-01,7,8,2,0,17,3521,793
43420,"Sierra Vista-Douglas, AZ",2024-10-01,9,16,4,0,29,3550,802
43420,"Sierra Vista-Douglas, AZ",2024-11-01,11,11,4,0,26,3576,813
43420,"Sierra Vista-Douglas, AZ",2024-12-01,9,16,6,1,32,3608,822
43420,"Sierra Vista-Douglas, AZ",2025-01-01,16,14,8,3,41,3649,838
43420,"Sierra Vista-Douglas, AZ",2025-02-01,20,20,5,2,47,3696,858
43420,"Sierra Vista-Douglas, AZ",2025-03-01,17,29,7,0,53,3749,875
43420,"Sierra Vista-Douglas, AZ",2025-04-01,15,34,7,2,58,3807,890
43420,"Sierra Vista-Douglas, AZ",2025-05-01,28,33,17,1,79,3886,918
43420,"Sierra Vista-Douglas, AZ",2025-06-01,19,29,12,1,61,3947,937
43420,"Sierra Vista-Douglas, AZ",2025-07-01,23,28,14,1,66,4013,960
43420,"Sierra Vista-Douglas, AZ",2025-08-01,24,28,8,2,62,4075,984
43420,"Sierra Vista-Douglas, AZ",2025-09-01,3,2,2,0,7,4082,987
46220,"Tuscaloosa, AL",2019-01-01,1,15,6,0,22,22,1
46220,"Tuscaloosa, AL",2019-02-01,0,36,1,1,38,60,1
46220,"Tuscaloosa, AL",2019-03-01,0,29,4,0,33,93,1
46220,"Tuscaloosa, AL",2019-04-01,2,37,8,0,47,140,3
46220,"Tuscaloosa, AL",2019-05-01,2,46,5,0,53,193,5
46220,"Tuscaloosa, AL",2019-06-01,3,35,5,1,44,237,8
46220,"Tuscaloosa, AL",2019-07-01,4,40,7,3,54,291,12
46220,"Tuscaloosa, AL",2019-08-01,7,70,15,0,92,383,19
46220,"Tuscaloosa, AL",2019-09-01,13,77,16,1,107,490,32
46220,"Tuscaloosa, AL",2019-10-01,9,85,8,0,102,592,41
46220,"Tuscaloosa, AL",2019-11-01,7,53,11,0,71,663,48
46220,"Tuscaloosa, AL",2019-12-01,11,45,3,1,60,723,59
46220,"Tuscaloosa, AL",2020-01-01,8,51,5,1,65,788,67
46220,"Tuscaloosa, AL",2020-02-01,23,70,11,2,106,894,90
46220,"Tuscaloosa, AL",2020-03-01,19,87,17,1,124,1018,109
46220,"Tuscaloosa, AL",2020-04-01,50,111,9,1,171,1189,159
46220,"Tuscaloosa, AL",2020-05-01,133,283,24,1,441,1630,292
46220,"Tuscaloosa, AL",2020-06-01,96,194,15,0,305,1935,388
46220,"Tuscaloosa, AL",2020-07-01,92,184,25,1,302,2237,480
46220,"Tuscaloosa, AL",2020-08-01,128,356,37,3,524,2761,608
46220,"Tuscaloosa, AL",2020-09-01,124,309,31,1,465,3226,732
46220,"Tuscaloosa, AL",2020-10-01,87,201,34,3,325,3551,819
46220,"Tuscaloosa, AL",2020-11-01,49,90,15,0,154,3705,868
46220,"Tuscaloosa, AL",2020-12-01,58,68,6,0,132,3837,926
46220,"Tuscaloosa, AL",2021-01-01,96,153,19,2,270,4107,1022
46220,"Tuscaloosa, AL",2021-02-01,87,145,11,1,244,4351,1109
46220,"Tuscaloosa, AL",2021-03-01,135,236,21,4,396,4747,1244
46220,"Tuscaloosa, AL",2021-04-01,216,410,47,3,676,5423,1460
46220,"Tuscaloosa, AL",2021-05-01,164,344,45,2,555,5978,1624
46220,"Tuscaloosa, AL",2021-06-01,94,230,39,1,364,6342,1718
46220,"Tuscaloosa, AL",2021-07-01,72,128,17,3,220,6562,1790
46220,"Tuscaloosa, AL",2021-08-01,115,314,50,5,484,7046,1905
46220,"Tuscaloosa, AL",2021-09-01,143,339,59,4,545,7591,2048
46220,"Tuscaloosa, AL",2021-10-01,137,272,48,3,460,8051,2185
46220,"Tuscaloosa, AL",2021-11-01,95,178,49,2,324,8375,2280
46220,"Tuscaloosa, AL",2021-12-01,101,110,21,1,233,8608,2381
46220,"Tuscaloosa, AL",2022-01-01,162,206,51,3,422,9030,2543
46220,"Tuscaloosa, AL",2022-02-01,137,145,25,2,309,9339,2680
46220,"Tuscaloosa, AL",2022-03-01,139,232,40,0,411,9750,2819
46220,"Tuscaloosa, AL",2022-04-01,90,181,45,5,321,10071,2909
46220,"Tuscaloosa, AL",2022-05-01,126,181,31,3,341,10412,3035
46220,"Tuscaloosa, AL",2022-06-01,73,96,18,2,189,10601,3108
46220,"Tuscaloosa, AL",2022-07-01,84,94,19,1,198,10799,3192
46220,"Tuscaloosa, AL",2022-08-01,159,253,46,5,463,11262,3351
46220,"Tuscaloosa, AL",2022-09-01,116,202,43,5,366,11628,3467
46220,"Tuscaloosa, AL",2022-10-01,139,182,42,3,366,11994,3606
46220,"Tuscaloosa, AL",2022-11-01,130,160,27,4,321,12315,3736
46220,"Tuscaloosa, AL",2022-12-01,162,141,27,5,335,12650,3898
46220,"Tuscaloosa, AL",2023-01-01,150,155,20,2,327,12977,4048
46220,"Tuscaloosa, AL",2023-02-01,158,147,35,2,342,13319,4206
46220,"Tuscaloosa, AL",2023-03-01,205,194,41,1,441,13760,4411
46220,"Tuscaloosa, AL",2023-04-01,169,185,51,4,409,14169,4580
46220,"Tuscaloosa, AL",2023-05-01,99,94,24,1,218,14387,4679
46220,"Tuscaloosa, AL",2023-06-01,54,62,17,0,133,14520,4733
46220,"Tuscaloosa, AL",2023-07-01,59,59,18,3,139,14659,4792
46220,"Tuscaloosa, AL",2023-08-01,122,163,37,6,328,14987,4914
46220,"Tuscaloosa, AL",2023-09-01,194,191,39,6,430,15417,5108
46220,"Tuscaloosa, AL",2023-10-01,147,172,44,7,370,15787,5255
46220,"Tuscaloosa, AL",2023-11-01,191,167,39,1,398,16185,5446
46220,"Tuscaloosa, AL",2023-12-01,165,154,37,2,358,16543,5611
46220,"Tuscaloosa, AL",2024-01-01,194,149,40,5,388,16931,5805
46220,"Tuscaloosa, AL",2024-02-01,259,143,31,3,436,17367,6064
46220,"Tuscaloosa, AL",2024-03-01,239,191,45,3,478,17845,6303
46220,"Tuscaloosa, AL",2024-04-01,195,172,38,4,409,18254,6498
46220,"Tuscaloosa, AL",2024-05-01,156,113,30,5,304,18558,6654
46220,"Tuscaloosa, AL",2024-06-01,70,69,13,0,152,18710,6724
46220,"Tuscaloosa, AL",2024-07-01,79,61,19,2,161,18871,6803
46220,"Tuscaloosa, AL",2024-08-01,142,153,29,1,325,19196,6945
46220,"Tuscaloosa, AL",2024-09-01,209,186,55,5,455,19651,7154
46220,"Tuscaloosa, AL",2024-10-01,216,170,49,4,439,20090,7370
46220,"Tuscaloosa, AL",2024-11-01,233,181,37,6,457,20547,7603
46220,"Tuscaloosa, AL",2024-12-01,216,158,34,4,412,20959,7819
46220,"Tuscaloosa, AL",2025-01-01,219,152,43,7,421,21380,8038
46220,"Tuscaloosa, AL",2025-02-01,213,94,21,3,331,21711,8251
46220,"Tuscaloosa, AL",2025-03-01,221,131,38,4,394,22105,8472
46220,"Tuscaloosa, AL",2025-04-01,191,147,42,7,387,22492,8663
46220,"Tuscaloosa, AL",2025-05-01,167,142,45,6,360,22852,8830
46220,"Tuscaloosa, AL",2025-06-01,181,144,35,3,363,23215,9011
46220,"Tuscaloosa, AL",2025-07-01,152,123,37,8,320,23535,9163
46220,"Tuscaloosa, AL",2025-08-01,156,133,36,5,330,23865,9319
46220,"Tuscaloosa, AL",2025-09-01,3,3,2,0,8,23873,9322
10480,"Alamosa, CO",2019-02-01,0,2,0,0,2,2,0
10480,"Alamosa, CO",2019-05-01,0,1,0,0,1,3,0
10480,"Alamosa, CO",2019-06-01,1,0,1,0,2,5,1
10480,"Alamosa, CO",2019-07-01,0,0,1,0,1,6,1
10480,"Alamosa, CO",2019-08-01,0,1,0,0,1,7,1
10480,"Alamosa, CO",2019-09-01,0,0,1,0,1,8,1
10480,"Alamosa, CO",2019-11-01,0,2,0,0,2,10,1
10480,"Alamosa, CO",2019-12-01,0,2,0,0,2,12,1
10480,"Alamosa, CO",2020-01-01,0,0,0,1,1,13,1
10480,"Alamosa, CO",2020-02-01,0,1,0,0,1,14,1
10480,"Alamosa, CO",2020-03-01,0,1,1,1,3,17,1
10480,"Alamosa, CO",2020-04-01,1,1,0,1,3,20,2
10480,"Alamosa, CO",2020-05-01,0,3,0,0,3,23,2
10480,"Alamosa, CO",2020-06-01,1,1,1,0,3,26,3
10480,"Alamosa, CO",2020-07-01,2,6,0,1,9,35,5
10480,"Alamosa, CO",2020-08-01,2,1,0,0,3,38,7
10480,"Alamosa, CO",2020-09-01,0,6,1,0,7,45,7
10480,"Alamosa, CO",2020-10-01,0,3,2,0,5,50,7
10480,"Alamosa, CO",2020-11-01,0,3,0,0,3,53,7
10480,"Alamosa, CO",2020-12-01,0,1,1,0,2,55,7
10480,"Alamosa, CO",2021-01-01,1,2,1,0,4,59,8
10480,"Alamosa, CO",2021-02-01,1,1,2,0,4,63,9
10480,"Alamosa, CO",2021-03-01,1,4,1,0,6,69,10
10480,"Alamosa, CO",2021-04-01,1,7,2,0,10,79,11
10480,"Alamosa, CO",2021-05-01,3,13,2,0,18,97,14
10480,"Alamosa, CO",2021-06-01,3,10,1,0,14,111,17
10480,"Alamosa, CO",2021-07-01,4,5,0,0,9,120,21
10480,"Alamosa, CO",2021-08-01,5,9,1,1,16,136,26
10480,"Alamosa, CO",2021-09-01,8,4,3,0,15,151,34
10480,"Alamosa, CO",2021-10-01,5,6,2,0,13,164,39
10480,"Alamosa, CO",2021-11-01,5,10,0,0,15,179,44
10480,"Alamosa, CO",2021-12-01,4,6,2,0,12,191,48
10480,"Alamosa, CO",2022-01-01,7,14,5,2,28,219,55
10480,"Alamosa, CO",2022-02-01,0,10,2,0,12,231,55
10480,"Alamosa, CO",2022-03-01,3,10,1,1,15,246,58
10480,"Alamosa, CO",2022-04-01,5,5,3,0,13,259,63
10480,"Alamosa, CO",2022-05-01,3,12,3,0,18,277,66
10480,"Alamosa, CO",2022-06-01,3,6,3,0,12,289,69
10480,"Alamosa, CO",2022-07-01,3,5,1,0,9,298,72
10480,"Alamosa, CO",2022-08-01,5,8,4,0,17,315,77
10480,"Alamosa, CO",2022-09-01,4,9,1,0,14,329,81
10480,"Alamosa, CO",2022-10-01,7,4,1,0,12,341,88
10480,"Alamosa, CO",2022-11-01,7,6,3,0,16,357,95
10480,"Alamosa, CO",2022-12-01,5,11,1,1,18,375,100
10480,"Alamosa, CO",2023-01-01,4,12,4,0,20,395,104
10480,"Alamosa, CO",2023-02-01,7,6,4,0,17,412,111
10480,"Alamosa, CO",2023-03-01,3,4,5,1,13,425,114
10480,"Alamosa, CO",2023-04-01,3,14,2,0,19,444,117
10480,"Alamosa, CO",2023-05-01,9,10,2,0,21,465,126
10480,"Alamosa, CO",2023-06-01,2,9,2,0,13,478,128
10480,"Alamosa, CO",2023-07-01,4,9,2,0,15,493,132
10480,"Alamosa, CO",2023-08-01,5,6,4,0,15,508,137
10480,"Alamosa, CO",2023-09-01,5,9,0,0,14,522,142
10480,"Alamosa, CO",2023-10-01,3,7,3,1,14,536,145
10480,"Alamosa, CO",2023-11-01,4,7,3,0,14,550,149
10480,"Alamosa, CO",2023-12-01,9,8,2,0,19,569,158
10480,"Alamosa, CO",2024-01-01,4,10,1,0,15,584,162
10480,"Alamosa, CO",2024-02-01,6,8,3,1,18,602,168
10480,"Alamosa, CO",2024-03-01,5,8,1,0,14,616,173
10480,"Alamosa, CO",2024-04-01,4,7,1,0,12,628,177
10480,"Alamosa, CO",2024-05-01,4,9,3,0,16,644,181
10480,"Alamosa, CO",2024-06-01,9,5,0,1,15,659,190
10480,"Alamosa, CO",2024-07-01,5,3,2,0,10,669,195
10480,"Alamosa, CO",2024-08-01,6,7,5,0,18,687,201
10480,"Alamosa, CO",2024-09-01,4,7,0,0,11,698,205
10480,"Alamosa, CO",2024-10-01,3,5,1,0,9,707,208
10480,"Alamosa, CO",2024-11-01,9,5,0,0,14,721,217
10480,"Alamosa, CO",2024-12-01,3,6,2,0,11,732,220
10480,"Alamosa, CO",2025-01-01,2,10,2,1,15,747,222
10480,"Alamosa, CO",2025-02-01,5,6,0,0,11,758,227
10480,"Alamosa, CO",2025-03-01,7,11,2,0,20,778,234
10480,"Alamosa, CO",2025-04-01,2,6,5,1,14,792,236
10480,"Alamosa, CO",2025-05-01,7,10,3,1,21,813,243
10480,"Alamosa, CO",2025-06-01,9,8,1,1,19,832,252
10480,"Alamosa, CO",2025-07-01,1,7,3,0,11,843,253
10480,"Alamosa, CO",2025-08-01,4,4,2,0,10,853,257
10480,"Alamosa, CO",2025-09-01,0,1,0,0,1,854,257
23060,"Fort Wayne, IN",2019-01-01,0,32,9,0,41,41,0
23060,"Fort Wayne, IN",2019-02-01,2,54,7,0,63,104,2
23060,"Fort Wayne, IN",2019-03-01,8,61,13,1,83,187,10
23060,"Fort Wayne, IN",2019-04-01,3,70,11,1,85,272,13
23060,"Fort Wayne, IN",2019-05-01,6,69,16,0,91,363,19
23060,"Fort Wayne, IN",2019-06-01,8,65,16,0,89,452,27
23060,"Fort Wayne, IN",2019-07-01,7,74,16,0,97,549,34
23060,"Fort Wayne, IN",2019-08-01,4,69,14,1,88,637,38
23060,"Fort Wayne, IN",2019-09-01,10,71,19,1,101,738,48
23060,"Fort Wayne, IN",2019-10-01,1,46,9,1,57,795,49
23060,"Fort Wayne, IN",2019-11-01,11,89,13,1,114,909,60
23060,"Fort Wayne, IN",2019-12-01,9,42,13,3,67,976,69
23060,"Fort Wayne, IN",2020-01-01,14,67,23,0,104,1080,83
23060,"Fort Wayne, IN",2020-02-01,18,67,17,0,102,1182,101
23060,"Fort Wayne, IN",2020-03-01,22,94,21,2,139,1321,123
23060,"Fort Wayne, IN",2020-04-01,107,276,60,4,447,1768,230
23060,"Fort Wayne, IN",2020-05-01,118,264,42,3,427,2195,348
23060,"Fort Wayne, IN",2020-06-01,74,190,22,1,287,2482,422
23060,"Fort Wayne, IN",2020-07-01,86,247,46,7,386,2868,508
23060,"Fort Wayne, IN",2020-08-01,108,313,51,4,476,3344,616
23060,"Fort Wayne, IN",2020-09-01,99,222,35,2,358,3702,715
23060,"Fort Wayne, IN",2020-10-01,97,236,49,2,384,4086,812
23060,"Fort Wayne, IN",2020-11-01,100,174,38,5,317,4403,912
23060,"Fort Wayne, IN",2020-12-01,55,168,22,3,248,4651,967
23060,"Fort Wayne, IN",2021-01-01,143,299,64,4,510,5161,1110
23060,"Fort Wayne, IN",2021-02-01,143,247,60,1,451,5612,1253
23060,"Fort Wayne, IN",2021-03-01,185,327,56,3,571,6183,1438
23060,"Fort Wayne, IN",2021-04-01,157,353,83,8,601,6784,1595
23060,"Fort Wayne, IN",2021-05-01,113,254,51,5,423,7207,1708
23060,"Fort Wayne, IN",2021-06-01,152,300,55,3,510,7717,1860
23060,"Fort Wayne, IN",2021-07-01,76,169,39,5,289,8006,1936
23060,"Fort Wayne, IN",2021-08-01,79,249,67,9,404,8410,2015
23060,"Fort Wayne, IN",2021-09-01,115,302,68,10,495,8905,2130
23060,"Fort Wayne, IN",2021-10-01,106,232,65,9,412,9317,2236
23060,"Fort Wayne, IN",2021-11-01,116,288,73,5,482,9799,2352
23060,"Fort Wayne, IN",2021-12-01,236,357,80,9,682,10481,2588
23060,"Fort Wayne, IN",2022-01-01,113,272,83,7,475,10956,2701
23060,"Fort Wayne, IN",2022-02-01,149,237,65,9,460,11416,2850
23060,"Fort Wayne, IN",2022-03-01,181,281,74,5,541,11957,3031
23060,"Fort Wayne, IN",2022-04-01,102,248,54,7,411,12368,3133
23060,"Fort Wayne, IN",2022-05-01,117,213,56,1,387,12755,3250
23060,"Fort Wayne, IN",2022-06-01,85,139,41,5,270,13025,3335
23060,"Fort Wayne, IN",2022-07-01,93,159,48,3,303,13328,3428
23060,"Fort Wayne, IN",2022-08-01,85,189,43,7,324,13652,3513
23060,"Fort Wayne, IN",2022-09-01,130,191,58,4,383,14035,3643
23060,"Fort Wayne, IN",2022-10-01,100,185,57,6,348,14383,3743
23060,"Fort Wayne, IN",2022-11-01,175,300,57,6,538,14921,3918
23060,"Fort Wayne, IN",2022-12-01,169,279,72,11,531,15452,4087
23060,"Fort Wayne, IN",2023-01-01,190,277,65,8,540,15992,4277
23060,"Fort Wayne, IN",2023-02-01,185,263,79,9,536,16528,4462
23060,"Fort Wayne, IN",2023-03-01,247,331,93,4,675,17203,4709
23060,"Fort Wayne, IN",2023-04-01,167,246,63,6,482,17685,4876
23060,"Fort Wayne, IN",2023-05-01,88,99,24,2,213,17898,4964
23060,"Fort Wayne, IN",2023-06-01,76,126,32,0,234,18132,5040
23060,"Fort Wayne, IN",2023-07-01,88,102,33,2,225,18357,5128
23060,"Fort Wayne, IN",2023-08-01,148,231,51,7,437,18794,5276
23060,"Fort Wayne, IN",2023-09-01,167,217,74,3,461,19255,5443
23060,"Fort Wayne, IN",2023-10-01,177,264,92,4,537,19792,5620
23060,"Fort Wayne, IN",2023-11-01,197,249,90,8,544,20336,5817
23060,"Fort Wayne, IN",2023-12-01,220,247,75,3,545,20881,6037
23060,"Fort Wayne, IN",2024-01-01,192,235,72,9,508,21389,6229
23060,"Fort Wayne, IN",2024-02-01,184,248,83,10,525,21914,6413
23060,"Fort Wayne, IN",2024-03-01,200,240,68,7,515,22429,6613
23060,"Fort Wayne, IN",2024-04-01,180,204,55,7,446,22875,6793
23060,"Fort Wayne, IN",2024-05-01,181,182,64,9,436,23311,6974
23060,"Fort Wayne, IN",2024-06-01,159,214,74,14,461,23772,7133
23060,"Fort Wayne, IN",2024-07-01,104,189,44,9,346,24118,7237
23060,"Fort Wayne, IN",2024-08-01,98,162,46,10,316,24434,7335
23060,"Fort Wayne, IN",2024-09-01,182,213,72,10,477,24911,7517
23060,"Fort Wayne, IN",2024-10-01,181,246,79,5,511,25422,7698
23060,"Fort Wayne, IN",2024-11-01,164,203,66,11,444,25866,7862
23060,"Fort Wayne, IN",2024-12-01,225,237,80,6,548,26414,8087
23060,"Fort Wayne, IN",2025-01-01,208,229,54,3,494,26908,8295
23060,"Fort Wayne, IN",2025-02-01,197,193,57,3,450,27358,8492
23060,"Fort Wayne, IN",2025-03-01,233,214,41,11,499,27857,8725
23060,"Fort Wayne, IN",2025-04-01,210,177,54,6,447,28304,8935
23060,"Fort Wayne, IN",2025-05-01,216,226,73,6,521,28825,9151
23060,"Fort Wayne, IN",2025-06-01,238,191,57,5,491,29316,9389
23060,"Fort Wayne, IN",2025-07-01,181,201,42,7,431,29747,9570
23060,"Fort Wayne, IN",2025-08-01,166,157,46,7,376,30123,9736
23060,"Fort Wayne, IN",2025-09-01,0,3,1,0,4,30127,9736
47660,"Warrensburg, MO",2019-01-01,1,3,0,0,4,4,1
47660,"Warrensburg, MO",2019-02-01,0,4,1,0,5,9,1
47660,"Warrensburg, MO",2019-03-01,0,6,3,0,9,18,1
47660,"Warrensburg, MO",2019-04-01,0,6,1,0,7,25,1
47660,"Warrensburg, MO",2019-05-01,1,7,1,0,9,34,2
47660,"Warrensburg, MO",2019-06-01,2,40,0,1,43,77,4
47660,"Warrensburg, MO",2019-07-01,1,39,1,0,41,118,5
47660,"Warrensburg, MO",2019-08-01,0,24,0,0,24,142,5
47660,"Warrensburg, MO",2019-09-01,5,39,2,0,46,188,10
47660,"Warrensburg, MO",2019-10-01,5,36,3,0,44,232,15
47660,"Warrensburg, MO",2019-11-01,4,31,4,0,39,271,19
47660,"Warrensburg, MO",2019-12-01,6,15,4,0,25,296,25
47660,"Warrensburg, MO",2020-01-01,7,34,2,0,43,339,32
47660,"Warrensburg, MO",2020-02-01,7,25,2,0,34,373,39
47660,"Warrensburg, MO",2020-03-01,7,41,3,0,51,424,46
47660,"Warrensburg, MO",2020-04-01,12,65,4,0,81,505,58
47660,"Warrensburg, MO",2020-05-01,10,64,2,1,77,582,68
47660,"Warrensburg, MO",2020-06-01,9,35,3,0,47,629,77
47660,"Warrensburg, MO",2020-07-01,19,59,2,0,80,709,96
47660,"Warrensburg, MO",2020-08-01,19,54,6,0,79,788,115
47660,"Warrensburg, MO",2020-09-01,27,55,5,1,88,876,142
47660,"Warrensburg, MO",2020-10-01,16,55,3,1,75,951,158
47660,"Warrensburg, MO",2020-11-01,14,26,3,1,44,995,172
47660,"Warrensburg, MO",2020-12-01,21,37,1,0,59,1054,193
47660,"Warrensburg, MO",2021-01-01,21,43,7,0,71,1125,214
47660,"Warrensburg, MO",2021-02-01,31,52,6,1,90,1215,245
47660,"Warrensburg, MO",2021-03-01,26,45,3,0,74,1289,271
47660,"Warrensburg, MO",2021-04-01,18,37,5,1,61,1350,289
47660,"Warrensburg, MO",2021-05-01,21,59,7,0,87,1437,310
47660,"Warrensburg, MO",2021-06-01,13,56,7,0,76,1513,323
47660,"Warrensburg, MO",2021-07-01,26,67,11,2,106,1619,349
47660,"Warrensburg, MO",2021-08-01,30,46,11,0,87,1706,379
47660,"Warrensburg, MO",2021-09-01,22,25,10,0,57,1763,401
47660,"Warrensburg, MO",2021-10-01,26,33,6,2,67,1830,427
47660,"Warrensburg, MO",2021-11-01,30,24,5,0,59,1889,457
47660,"Warrensburg, MO",2021-12-01,34,33,6,0,73,1962,491
47660,"Warrensburg, MO",2022-01-01,31,59,9,0,99,2061,522
47660,"Warrensburg, MO",2022-02-01,26,45,5,2,78,2139,548
47660,"Warrensburg, MO",2022-03-01,35,42,6,1,84,2223,583
47660,"Warrensburg, MO",2022-04-01,19,29,9,0,57,2280,602
47660,"Warrensburg, MO",2022-05-01,24,42,3,2,71,2351,626
47660,"Warrensburg, MO",2022-06-01,17,21,0,0,38,2389,643
47660,"Warrensburg, MO",2022-07-01,10,28,5,2,45,2434,653
47660,"Warrensburg, MO",2022-08-01,26,37,9,0,72,2506,679
47660,"Warrensburg, MO",2022-09-01,32,38,9,1,80,2586,711
47660,"Warrensburg, MO",2022-10-01,22,34,10,0,66,2652,733
47660,"Warrensburg, MO",2022-11-01,18,24,8,0,50,2702,751
47660,"Warrensburg, MO",2022-12-01,26,39,6,0,71,2773,777
47660,"Warrensburg, MO",2023-01-01,28,23,9,3,63,2836,805
47660,"Warrensburg, MO",2023-02-01,19,27,6,0,52,2888,824
47660,"Warrensburg, MO",2023-03-01,51,44,9,1,105,2993,875
47660,"Warrensburg, MO",2023-04-01,33,24,3,0,60,3053,908
47660,"Warrensburg, MO",2023-05-01,16,29,4,0,49,3102,924
47660,"Warrensburg, MO",2023-06-01,23,21,7,0,51,3153,947
47660,"Warrensburg, MO",2023-07-01,19,28,10,2,59,3212,966
47660,"Warrensburg, MO",2023-08-01,21,23,6,1,51,3263,987
47660,"Warrensburg, MO",2023-09-01,24,18,5,0,47,3310,1011
47660,"Warrensburg, MO",2023-10-01,25,21,2,1,49,3359,1036
47660,"Warrensburg, MO",2023-11-01,31,23,12,0,66,3425,1067
47660,"Warrensburg, MO",2023-12-01,36,23,8,2,69,3494,1103
47660,"Warrensburg, MO",2024-01-01,37,34,11,1,83,3577,1140
47660,"Warrensburg, MO",2024-02-01,40,19,12,2,73,3650,1180
47660,"Warrensburg, MO",2024-03-01,36,24,5,0,65,3715,1216
47660,"Warrensburg, MO",2024-04-01,32,18,8,0,58,3773,1248
47660,"Warrensburg, MO",2024-05-01,23,22,9,0,54,3827,1271
47660,"Warrensburg, MO",2024-06-01,14,15,5,0,34,3861,1285
47660,"Warrensburg, MO",2024-07-01,17,10,6,1,34,3895,1302
47660,"Warrensburg, MO",2024-08-01,22,15,8,2,47,3942,1324
47660,"Warrensburg, MO",2024-09-01,39,31,6,2,78,4020,1363
47660,"Warrensburg, MO",2024-10-01,67,21,3,0,91,4111,1430
47660,"Warrensburg, MO",2024-11-01,36,32,11,3,82,4193,1466
47660,"Warrensburg, MO",2024-12-01,49,38,9,2,98,4291,1515
47660,"Warrensburg, MO",2025-01-01,49,26,8,1,84,4375,1564
47660,"Warrensburg, MO",2025-02-01,42,25,10,0,77,4452,1606
47660,"Warrensburg, MO",2025-03-01,45,25,10,2,82,4534,1651
47660,"Warrensburg, MO",2025-04-01,50,27,9,0,86,4620,1701
47660,"Warrensburg, MO",2025-05-01,41,31,7,0,79,4699,1742
47660,"Warrensburg, MO",2025-06-01,34,21,12,2,69,4768,1776
47660,"Warrensburg, MO",2025-07-01,35,20,7,0,62,4830,1811
47660,"Warrensburg, MO",2025-08-01,40,27,7,0,74,4904,1851
47660,"Warrensburg, MO",2025-09-01,2,0,0,0,2,4906,1853
41060,"St. Cloud, MN",2019-01-01,1,2,1,1,5,5,1
41060,"St. Cloud, MN",2019-02-01,0,4,0,0,4,9,1
41060,"St. Cloud, MN",2019-03-01,2,22,7,0,31,40,3
41060,"St. Cloud, MN",2019-04-01,0,43,11,0,54,94,3
41060,"St. Cloud, MN",2019-05-01,3,39,2,0,44,138,6
41060,"St. Cloud, MN",2019-06-01,0,29,4,2,35,173,6
41060,"St. Cloud, MN",2019-07-01,0,26,3,0,29,202,6
41060,"St. Cloud, MN",2019-08-01,3,26,6,0,35,237,9
41060,"St. Cloud, MN",2019-09-01,2,38,6,1,47,284,11
41060,"St. Cloud, MN",2019-10-01,7,34,5,1,47,331,18
41060,"St. Cloud, MN",2019-11-01,7,34,4,1,46,377,25
41060,"St. Cloud, MN",2019-12-01,7,24,6,0,37,414,32
41060,"St. Cloud, MN",2020-01-01,7,42,2,0,51,465,39
41060,"St. Cloud, MN",2020-02-01,7,43,5,0,55,520,46
41060,"St. Cloud, MN",2020-03-01,11,47,7,5,70,590,57
41060,"St. Cloud, MN",2020-04-01,51,89,15,1,156,746,108
41060,"St. Cloud, MN",2020-05-01,70,114,14,2,200,946,178
41060,"St. Cloud, MN",2020-06-01,23,76,10,1,110,1056,201
41060,"St. Cloud, MN",2020-07-01,29,74,8,0,111,1167,230
41060,"St. Cloud, MN",2020-08-01,44,113,10,2,169,1336,274
41060,"St. Cloud, MN",2020-09-01,34,96,12,1,143,1479,308
41060,"St. Cloud, MN",2020-10-01,42,82,9,0,133,1612,350
41060,"St. Cloud, MN",2020-11-01,30,64,9,0,103,1715,380
41060,"St. Cloud, MN",2020-12-01,39,87,10,0,136,1851,419
41060,"St. Cloud, MN",2021-01-01,55,104,17,1,177,2028,474
41060,"St. Cloud, MN",2021-02-01,47,100,15,0,162,2190,521
41060,"St. Cloud, MN",2021-03-01,62,99,13,0,174,2364,583
41060,"St. Cloud, MN",2021-04-01,46,87,10,0,143,2507,629
41060,"St. Cloud, MN",2021-05-01,52,65,14,2,133,2640,681
41060,"St. Cloud, MN",2021-06-01,42,61,15,1,119,2759,723
41060,"St. Cloud, MN",2021-07-01,36,75,11,2,124,2883,759
41060,"St. Cloud, MN",2021-08-01,46,70,12,0,128,3011,805
41060,"St. Cloud, MN",2021-09-01,31,93,24,0,148,3159,836
41060,"St. Cloud, MN",2021-10-01,33,49,16,1,99,3258,869
41060,"St. Cloud, MN",2021-11-01,39,62,5,3,109,3367,908
41060,"St. Cloud, MN",2021-12-01,63,75,8,3,149,3516,971
41060,"St. Cloud, MN",2022-01-01,86,141,26,4,257,3773,1057
41060,"St. Cloud, MN",2022-02-01,49,76,14,1,140,3913,1106
41060,"St. Cloud, MN",2022-03-01,80,92,27,4,203,4116,1186
41060,"St. Cloud, MN",2022-04-01,33,54,20,1,108,4224,1219
41060,"St. Cloud, MN",2022-05-01,53,73,13,3,142,4366,1272
41060,"St. Cloud, MN",2022-06-01,43,56,9,2,110,4476,1315
41060,"St. Cloud, MN",2022-07-01,49,69,20,1,139,4615,1364
41060,"St. Cloud, MN",2022-08-01,66,82,19,1,168,4783,1430
41060,"St. Cloud, MN",2022-09-01,62,122,11,2,197,4980,1492
41060,"St. Cloud, MN",2022-10-01,45,92,15,3,155,5135,1537
41060,"St. Cloud, MN",2022-11-01,49,89,24,1,163,5298,1586
41060,"St. Cloud, MN",2022-12-01,58,76,13,4,151,5449,1644
41060,"St. Cloud, MN",2023-01-01,49,74,25,1,149,5598,1693
41060,"St. Cloud, MN",2023-02-01,50,75,25,3,153,5751,1743
41060,"St. Cloud, MN",2023-03-01,78,88,19,1,186,5937,1821
41060,"St. Cloud, MN",2023-04-01,70,95,18,5,188,6125,1891
41060,"St. Cloud, MN",2023-05-01,26,55,12,0,93,6218,1917
41060,"St. Cloud, MN",2023-06-01,33,44,11,1,89,6307,1950
41060,"St. Cloud, MN",2023-07-01,39,32,6,0,77,6384,1989
41060,"St. Cloud, MN",2023-08-01,50,44,19,0,113,6497,2039
41060,"St. Cloud, MN",2023-09-01,58,75,14,3,150,6647,2097
41060,"St. Cloud, MN",2023-10-01,53,48,17,1,119,6766,2150
41060,"St. Cloud, MN",2023-11-01,49,61,21,0,131,6897,2199
41060,"St. Cloud, MN",2023-12-01,62,78,18,1,159,7056,2261
41060,"St. Cloud, MN",2024-01-01,64,70,16,1,151,7207,2325
41060,"St. Cloud, MN",2024-02-01,78,68,22,1,169,7376,2403
41060,"St. Cloud, MN",2024-03-01,76,72,24,3,175,7551,2479
41060,"St. Cloud, MN",2024-04-01,53,50,18,1,122,7673,2532
41060,"St. Cloud, MN",2024-05-01,45,57,12,2,116,7789,2577
41060,"St. Cloud, MN",2024-06-01,37,46,5,1,89,7878,2614
41060,"St. Cloud, MN",2024-07-01,56,63,20,2,141,8019,2670
41060,"St. Cloud, MN",2024-08-01,48,58,14,1,121,8140,2718
41060,"St. Cloud, MN",2024-09-01,37,41,9,0,87,8227,2755
41060,"St. Cloud, MN",2024-10-01,79,82,13,1,175,8402,2834
41060,"St. Cloud, MN",2024-11-01,51,64,12,1,128,8530,2885
41060,"St. Cloud, MN",2024-12-01,65,77,29,0,171,8701,2950
41060,"St. Cloud, MN",2025-01-01,87,81,20,1,189,8890,3037
41060,"St. Cloud, MN",2025-02-01,68,69,18,3,158,9048,3105
41060,"St. Cloud, MN",2025-03-01,79,68,13,0,160,9208,3184
41060,"St. Cloud, MN",2025-04-01,79,64,11,6,160,9368,3263
41060,"St. Cloud, MN",2025-05-01,92,52,15,2,161,9529,3355
41060,"St. Cloud, MN",2025-06-01,89,62,16,2,169,9698,3444
41060,"St. Cloud, MN",2025-07-01,59,55,11,2,127,9825,3503
41060,"St. Cloud, MN",2025-08-01,61,38,15,0,114,9939,3564
41060,"St. Cloud, MN",2025-09-01,1,0,1,0,2,9941,3565
21740,"Evanston, WY-UT",2019-01-01,0,1,0,0,1,1,0
21740,"Evanston, WY-UT",2019-04-01,0,3,0,0,3,4,0
21740,"Evanston, WY-UT",2019-05-01,0,1,0,0,1,5,0
21740,"Evanston, WY-UT",2019-09-01,0,1,0,0,1,6,0
21740,"Evanston, WY-UT",2019-10-01,0,2,0,0,2,8,0
21740,"Evanston, WY-UT",2019-11-01,0,2,0,0,2,10,0
21740,"Evanston, WY-UT",2019-12-01,0,0,1,0,1,11,0
21740,"Evanston, WY-UT",2020-01-01,1,1,0,0,2,13,1
21740,"Evanston, WY-UT",2020-02-01,0,1,0,1,2,15,1
21740,"Evanston, WY-UT",2020-03-01,1,2,0,0,3,18,2
21740,"Evanston, WY-UT",2020-04-01,0,6,1,0,7,25,2
21740,"Evanston, WY-UT",2020-05-01,1,1,2,0,4,29,3
21740,"Evanston, WY-UT",2020-06-01,0,1,1,0,2,31,3
21740,"Evanston, WY-UT",2020-07-01,0,2,3,0,5,36,3
21740,"Evanston, WY-UT",2020-08-01,0,1,0,0,1,37,3
21740,"Evanston, WY-UT",2020-09-01,2,2,0,0,4,41,5
21740,"Evanston, WY-UT",2020-10-01,0,2,1,0,3,44,5
21740,"Evanston, WY-UT",2020-11-01,0,0,1,0,1,45,5
21740,"Evanston, WY-UT",2020-12-01,0,3,1,0,4,49,5
21740,"Evanston, WY-UT",2021-01-01,1,1,1,0,3,52,6
21740,"Evanston, WY-UT",2021-02-01,0,5,2,0,7,59,6
21740,"Evanston, WY-UT",2021-03-01,1,4,0,0,5,64,7
21740,"Evanston, WY-UT",2021-04-01,1,3,2,0,6,70,8
21740,"Evanston, WY-UT",2021-05-01,1,10,2,0,13,83,9
21740,"Evanston, WY-UT",2021-06-01,2,12,4,0,18,101,11
21740,"Evanston, WY-UT",2021-07-01,2,14,2,1,19,120,13
21740,"Evanston, WY-UT",2021-08-01,3,17,0,1,21,141,16
21740,"Evanston, WY-UT",2021-09-01,3,14,3,0,20,161,19
21740,"Evanston, WY-UT",2021-10-01,1,14,4,1,20,181,20
21740,"Evanston, WY-UT",2021-11-01,0,5,1,0,6,187,20
21740,"Evanston, WY-UT",2021-12-01,3,9,2,0,14,201,23
21740,"Evanston, WY-UT",2022-01-01,3,13,4,0,20,221,26
21740,"Evanston, WY-UT",2022-02-01,1,7,3,0,11,232,27
21740,"Evanston, WY-UT",2022-03-01,6,12,3,0,21,253,33
21740,"Evanston, WY-UT",2022-04-01,0,8,2,0,10,263,33
21740,"Evanston, WY-UT",2022-05-01,1,12,3,1,17,280,34
21740,"Evanston, WY-UT",2022-06-01,1,7,1,0,9,289,35
21740,"Evanston, WY-UT",2022-07-01,3,7,2,0,12,301,38
21740,"Evanston, WY-UT",2022-08-01,3,3,1,1,8,309,41
21740,"Evanston, WY-UT",2022-09-01,3,3,0,0,6,315,44
21740,"Evanston, WY-UT",2022-10-01,4,7,1,0,12,327,48
21740,"Evanston, WY-UT",2022-11-01,1,9,1,1,12,339,49
21740,"Evanston, WY-UT",2022-12-01,5,5,4,0,14,353,54
21740,"Evanston, WY-UT",2023-01-01,5,12,4,0,21,374,59
21740,"Evanston, WY-UT",2023-02-01,5,6,3,0,14,388,64
21740,"Evanston, WY-UT",2023-03-01,5,11,8,1,25,413,69
21740,"Evanston, WY-UT",2023-04-01,3,6,7,0,16,429,72
21740,"Evanston, WY-UT",2023-05-01,4,6,1,0,11,440,76
21740,"Evanston, WY-UT",2023-06-01,5,7,1,0,13,453,81
21740,"Evanston, WY-UT",2023-07-01,1,7,1,1,10,463,82
21740,"Evanston, WY-UT",2023-08-01,4,7,3,0,14,477,86
21740,"Evanston, WY-UT",2023-09-01,2,10,4,0,16,493,88
21740,"Evanston, WY-UT",2023-10-01,1,8,3,0,12,505,89
21740,"Evanston, WY-UT",2023-11-01,7,14,3,0,24,529,96
21740,"Evanston, WY-UT",2023-12-01,6,8,1,0,15,544,102
21740,"Evanston, WY-UT",2024-01-01,3,3,2,0,8,552,105
21740,"Evanston, WY-UT",2024-02-01,7,4,1,0,12,564,112
21740,"Evanston, WY-UT",2024-03-01,5,5,3,0,13,577,117
21740,"Evanston, WY-UT",2024-04-01,4,7,3,0,14,591,121
21740,"Evanston, WY-UT",2024-05-01,1,6,0,0,7,598,122
21740,"Evanston, WY-UT",2024-06-01,1,3,0,0,4,602,123
21740,"Evanston, WY-UT",2024-07-01,0,5,2,0,7,609,123
21740,"Evanston, WY-UT",2024-08-01,3,4,4,0,11,620,126
21740,"Evanston, WY-UT",2024-09-01,1,6,4,2,13,633,127
21740,"Evanston, WY-UT",2024-10-01,6,6,2,0,14,647,133
21740,"Evanston, WY-UT",2024-11-01,4,5,1,1,11,658,137
21740,"Evanston, WY-UT",2024-12-01,8,13,5,0,26,684,145
21740,"Evanston, WY-UT",2025-01-01,7,6,3,0,16,700,152
21740,"Evanston, WY-UT",2025-02-01,4,4,1,0,9,709,156
21740,"Evanston, WY-UT",2025-03-01,8,4,2,0,14,723,164
21740,"Evanston, WY-UT",2025-04-01,2,4,3,0,9,732,166
21740,"Evanston, WY-UT",2025-05-01,1,8,1,1,11,743,167
21740,"Evanston, WY-UT",2025-06-01,8,11,4,0,23,766,175
21740,"Evanston, WY-UT",2025-07-01,7,7,0,0,14,780,182
21740,"Evanston, WY-UT",2025-08-01,2,3,2,0,7,787,184
21740,"Evanston, WY-UT",2025-09-01,0,1,0,0,1,788,184
48620,"Wichita, KS",2019-01-01,0,54,23,0,77,77,0
48620,"Wichita, KS",2019-02-01,6,68,25,3,102,179,6
48620,"Wichita, KS",2019-03-01,0,70,20,3,93,272,6
48620,"Wichita, KS",2019-04-01,6,91,11,3,111,383,12
48620,"Wichita, KS",2019-05-01,2,77,15,1,95,478,14
48620,"Wichita, KS",2019-06-01,4,85,16,4,109,587,18
48620,"Wichita, KS",2019-07-01,6,54,11,2,73,660,24
48620,"Wichita, KS",2019-08-01,9,74,11,1,95,755,33
48620,"Wichita, KS",2019-09-01,8,105,14,3,130,885,41
48620,"Wichita, KS",2019-10-01,5,65,22,1,93,978,46
48620,"Wichita, KS",2019-11-01,6,79,15,0,100,1078,52
48620,"Wichita, KS",2019-12-01,12,113,20,2,147,1225,64
48620,"Wichita, KS",2020-01-01,20,77,32,0,129,1354,84
48620,"Wichita, KS",2020-02-01,20,78,21,2,121,1475,104
48620,"Wichita, KS",2020-03-01,30,115,21,3,169,1644,134
48620,"Wichita, KS",2020-04-01,169,376,74,10,629,2273,303
48620,"Wichita, KS",2020-05-01,101,210,29,3,343,2616,404
48620,"Wichita, KS",2020-06-01,123,266,41,4,434,3050,527
48620,"Wichita, KS",2020-07-01,140,356,65,4,565,3615,667
48620,"Wichita, KS",2020-08-01,100,344,63,5,512,4127,767
48620,"Wichita, KS",2020-09-01,106,247,54,2,409,4536,873
48620,"Wichita, KS",2020-10-01,90,346,58,6,500,5036,963
48620,"Wichita, KS",2020-11-01,71,201,35,6,313,5349,1034
48620,"Wichita, KS",2020-12-01,53,112,17,3,185,5534,1087
48620,"Wichita, KS",2021-01-01,177,334,55,9,575,6109,1264
48620,"Wichita, KS",2021-02-01,106,193,50,2,351,6460,1370
48620,"Wichita, KS",2021-03-01,229,369,77,6,681,7141,1599
48620,"Wichita, KS",2021-04-01,162,324,70,9,565,7706,1761
48620,"Wichita, KS",2021-05-01,123,259,38,8,428,8134,1884
48620,"Wichita, KS",2021-06-01,87,181,42,5,315,8449,1971
48620,"Wichita, KS",2021-07-01,48,133,18,0,199,8648,2019
48620,"Wichita, KS",2021-08-01,65,171,36,5,277,8925,2084
48620,"Wichita, KS",2021-09-01,97,252,64,5,418,9343,2181
48620,"Wichita, KS",2021-10-01,41,115,20,2,178,9521,2222
48620,"Wichita, KS",2021-11-01,62,105,26,6,199,9720,2284
48620,"Wichita, KS",2021-12-01,81,138,26,4,249,9969,2365
48620,"Wichita, KS",2022-01-01,196,330,91,9,626,10595,2561
48620,"Wichita, KS",2022-02-01,112,161,46,3,322,10917,2673
48620,"Wichita, KS",2022-03-01,82,151,43,3,279,11196,2755
48620,"Wichita, KS",2022-04-01,59,133,28,3,223,11419,2814
48620,"Wichita, KS",2022-05-01,99,161,44,1,305,11724,2913
48620,"Wichita, KS",2022-06-01,85,163,38,6,292,12016,2998
48620,"Wichita, KS",2022-07-01,62,102,26,4,194,12210,3060
48620,"Wichita, KS",2022-08-01,114,173,54,5,346,12556,3174
48620,"Wichita, KS",2022-09-01,299,542,130,13,984,13540,3473
48620,"Wichita, KS",2022-10-01,103,179,50,5,337,13877,3576
48620,"Wichita, KS",2022-11-01,129,224,59,6,418,14295,3705
48620,"Wichita, KS",2022-12-01,197,266,60,7,530,14825,3902
48620,"Wichita, KS",2023-01-01,196,241,64,5,506,15331,4098
48620,"Wichita, KS",2023-02-01,180,220,81,9,490,15821,4278
48620,"Wichita, KS",2023-03-01,320,356,117,12,805,16626,4598
48620,"Wichita, KS",2023-04-01,169,239,61,7,476,17102,4767
48620,"Wichita, KS",2023-05-01,80,104,26,3,213,17315,4847
48620,"Wichita, KS",2023-06-01,69,95,25,2,191,17506,4916
48620,"Wichita, KS",2023-07-01,67,96,23,1,187,17693,4983
48620,"Wichita, KS",2023-08-01,136,179,48,5,368,18061,5119
48620,"Wichita, KS",2023-09-01,175,234,75,8,492,18553,5294
48620,"Wichita, KS",2023-10-01,198,217,75,9,499,19052,5492
48620,"Wichita, KS",2023-11-01,239,299,94,10,642,19694,5731
48620,"Wichita, KS",2023-12-01,271,285,62,7,625,20319,6002
48620,"Wichita, KS",2024-01-01,267,310,98,5,680,20999,6269
48620,"Wichita, KS",2024-02-01,264,240,74,8,586,21585,6533
48620,"Wichita, KS",2024-03-01,270,247,71,8,596,22181,6803
48620,"Wichita, KS",2024-04-01,160,169,51,3,383,22564,6963
48620,"Wichita, KS",2024-05-01,98,98,25,3,224,22788,7061
48620,"Wichita, KS",2024-06-01,80,107,36,3,226,23014,7141
48620,"Wichita, KS",2024-07-01,179,193,71,9,452,23466,7320
48620,"Wichita, KS",2024-08-01,58,100,35,10,203,23669,7378
48620,"Wichita, KS",2024-09-01,105,134,38,2,279,23948,7483
48620,"Wichita, KS",2024-10-01,267,282,79,6,634,24582,7750
48620,"Wichita, KS",2024-11-01,267,290,76,3,636,25218,8017
48620,"Wichita, KS",2024-12-01,288,272,67,7,634,25852,8305
48620,"Wichita, KS",2025-01-01,318,283,77,11,689,26541,8623
48620,"Wichita, KS",2025-02-01,261,261,76,11,609,27150,8884
48620,"Wichita, KS",2025-03-01,317,260,70,10,657,27807,9201
48620,"Wichita, KS",2025-04-01,307,283,77,10,677,28484,9508
48620,"Wichita, KS",2025-05-01,339,289,81,13,722,29206,9847
48620,"Wichita, KS",2025-06-01,322,269,75,3,669,29875,10169
48620,"Wichita, KS",2025-07-01,247,210,72,4,533,30408,10416
48620,"Wichita, KS",2025-08-01,283,244,61,12,600,31008,10699
48620,"Wichita, KS",2025-09-01,7,4,0,0,11,31019,10706
15700,"Cambridge, MD",2019-01-01,0,1,1,0,2,2,0
15700,"Cambridge, MD",2019-02-01,0,1,0,0,1,3,0
15700,"Cambridge, MD",2019-03-01,0,3,1,0,4,7,0
15700,"Cambridge, MD",2019-04-01,0,1,1,0,2,9,0
15700,"Cambridge, MD",2019-05-01,0,2,1,0,3,12,0
15700,"Cambridge, MD",2019-07-01,0,5,0,0,5,17,0
15700,"Cambridge, MD",2019-08-01,0,5,0,0,5,22,0
15700,"Cambridge, MD",2019-09-01,1,5,0,0,6,28,1
15700,"Cambridge, MD",2019-10-01,0,3,1,0,4,32,1
15700,"Cambridge, MD",2019-11-01,0,6,0,0,6,38,1
15700,"Cambridge, MD",2019-12-01,0,4,1,0,5,43,1
15700,"Cambridge, MD",2020-01-01,0,6,2,1,9,52,1
15700,"Cambridge, MD",2020-02-01,0,2,2,0,4,56,1
15700,"Cambridge, MD",2020-03-01,0,4,1,0,5,61,1
15700,"Cambridge, MD",2020-04-01,2,4,1,0,7,68,3
15700,"Cambridge, MD",2020-05-01,3,7,0,0,10,78,6
15700,"Cambridge, MD",2020-06-01,2,6,1,0,9,87,8
15700,"Cambridge, MD",2020-07-01,3,4,3,0,10,97,11
15700,"Cambridge, MD",2020-08-01,1,11,2,1,15,112,12
15700,"Cambridge, MD",2020-09-01,0,11,5,0,16,128,12
15700,"Cambridge, MD",2020-10-01,3,12,2,0,17,145,15
15700,"Cambridge, MD",2020-11-01,2,8,1,0,11,156,17
15700,"Cambridge, MD",2020-12-01,3,5,2,2,12,168,20
15700,"Cambridge, MD",2021-01-01,1,11,2,0,14,182,21
15700,"Cambridge, MD",2021-02-01,5,21,3,2,31,213,26
15700,"Cambridge, MD",2021-03-01,6,24,8,0,38,251,32
15700,"Cambridge, MD",2021-04-01,10,36,12,3,61,312,42
15700,"Cambridge, MD",2021-05-01,5,24,7,1,37,349,47
15700,"Cambridge, MD",2021-06-01,4,32,8,0,44,393,51
15700,"Cambridge, MD",2021-07-01,5,23,6,0,34,427,56
15700,"Cambridge, MD",2021-08-01,5,27,10,3,45,472,61
15700,"Cambridge, MD",2021-09-01,4,29,6,3,42,514,65
15700,"Cambridge, MD",2021-10-01,4,23,12,0,39,553,69
15700,"Cambridge, MD",2021-11-01,2,27,4,0,33,586,71
15700,"Cambridge, MD",2021-12-01,4,30,9,3,46,632,75
15700,"Cambridge, MD",2022-01-01,2,20,9,1,32,664,77
15700,"Cambridge, MD",2022-02-01,1,13,6,2,22,686,78
15700,"Cambridge, MD",2022-03-01,4,14,9,1,28,714,82
15700,"Cambridge, MD",2022-04-01,2,21,6,1,30,744,84
15700,"Cambridge, MD",2022-05-01,3,18,9,1,31,775,87
15700,"Cambridge, MD",2022-06-01,4,15,4,1,24,799,91
15700,"Cambridge, MD",2022-07-01,2,19,7,1,29,828,93
15700,"Cambridge, MD",2022-08-01,4,21,9,1,35,863,97
15700,"Cambridge, MD",2022-09-01,4,20,9,0,33,896,101
15700,"Cambridge, MD",2022-10-01,2,16,10,2,30,926,103
15700,"Cambridge, MD",2022-11-01,3,24,6,0,33,959,106
15700,"Cambridge, MD",2022-12-01,6,22,4,1,33,992,112
15700,"Cambridge, MD",2023-01-01,4,19,5,2,30,1022,116
15700,"Cambridge, MD",2023-02-01,10,24,8,1,43,1065,126
15700,"Cambridge, MD",2023-03-01,11,25,6,0,42,1107,137
15700,"Cambridge, MD",2023-04-01,6,16,4,1,27,1134,143
15700,"Cambridge, MD",2023-05-01,9,9,4,0,22,1156,152
15700,"Cambridge, MD",2023-06-01,5,23,7,0,35,1191,157
15700,"Cambridge, MD",2023-07-01,8,26,7,0,41,1232,165
15700,"Cambridge, MD",2023-08-01,6,15,7,1,29,1261,171
15700,"Cambridge, MD",2023-09-01,9,17,7,0,33,1294,180
15700,"Cambridge, MD",2023-10-01,11,25,6,2,44,1338,191
15700,"Cambridge, MD",2023-11-01,11,29,6,1,47,1385,202
15700,"Cambridge, MD",2023-12-01,10,23,6,1,40,1425,212
15700,"Cambridge, MD",2024-01-01,18,29,5,0,52,1477,230
15700,"Cambridge, MD",2024-02-01,11,12,5,0,28,1505,241
15700,"Cambridge, MD",2024-03-01,11,22,8,0,41,1546,252
15700,"Cambridge, MD",2024-04-01,5,10,2,0,17,1563,257
15700,"Cambridge, MD",2024-05-01,18,25,3,1,47,1610,275
15700,"Cambridge, MD",2024-06-01,15,24,2,2,43,1653,290
15700,"Cambridge, MD",2024-07-01,11,13,2,1,27,1680,301
15700,"Cambridge, MD",2024-08-01,15,34,2,1,52,1732,316
15700,"Cambridge, MD",2024-09-01,6,18,6,2,32,1764,322
15700,"Cambridge, MD",2024-10-01,9,16,8,3,36,1800,331
15700,"Cambridge, MD",2024-11-01,8,16,5,1,30,1830,339
15700,"Cambridge, MD",2024-12-01,15,18,12,2,47,1877,354
15700,"Cambridge, MD",2025-01-01,15,11,6,2,34,1911,369
15700,"Cambridge, MD",2025-02-01,13,15,3,2,33,1944,382
15700,"Cambridge, MD",2025-03-01,14,18,8,2,42,1986,396
15700,"Cambridge, MD",2025-04-01,14,23,8,1,46,2032,410
15700,"Cambridge, MD",2025-05-01,21,18,7,2,48,2080,431
15700,"Cambridge, MD",2025-06-01,16,20,4,1,41,2121,447
15700,"Cambridge, MD",2025-07-01,10,21,8,1,40,2161,457
15700,"Cambridge, MD",2025-08-01,15,21,2,0,38,2199,472
15700,"Cambridge, MD",2025-09-01,0,0,1,0,1,2200,472
44140,"Springfield, MA",2019-01-01,2,70,14,1,87,87,2
44140,"Springfield, MA",2019-02-01,2,99,20,2,123,210,4
44140,"Springfield, MA",2019-03-01,5,95,26,2,128,338,9
44140,"Springfield, MA",2019-04-01,2,99,17,1,119,457,11
44140,"Springfield, MA",2019-05-01,4,75,15,4,98,555,15
44140,"Springfield, MA",2019-06-01,2,35,10,3,50,605,17
44140,"Springfield, MA",2019-07-01,3,76,24,4,107,712,20
44140,"Springfield, MA",2019-08-01,10,94,16,0,120,832,30
44140,"Springfield, MA",2019-09-01,6,95,23,2,126,958,36
44140,"Springfield, MA",2019-10-01,16,112,18,5,151,1109,52
44140,"Springfield, MA",2019-11-01,2,67,21,1,91,1200,54
44140,"Springfield, MA",2019-12-01,15,65,23,0,103,1303,69
44140,"Springfield, MA",2020-01-01,14,107,19,1,141,1444,83
44140,"Springfield, MA",2020-02-01,9,92,14,2,117,1561,92
44140,"Springfield, MA",2020-03-01,5,52,12,2,71,1632,97
44140,"Springfield, MA",2020-04-01,62,239,53,4,358,1990,159
44140,"Springfield, MA",2020-05-01,135,393,82,10,620,2610,294
44140,"Springfield, MA",2020-06-01,111,330,62,3,506,3116,405
44140,"Springfield, MA",2020-07-01,115,428,65,1,609,3725,520
44140,"Springfield, MA",2020-08-01,88,463,87,4,642,4367,608
44140,"Springfield, MA",2020-09-01,78,361,67,5,511,4878,686
44140,"Springfield, MA",2020-10-01,69,269,52,2,392,5270,755
44140,"Springfield, MA",2020-11-01,23,91,28,0,142,5412,778
44140,"Springfield, MA",2020-12-01,61,176,32,4,273,5685,839
44140,"Springfield, MA",2021-01-01,136,373,63,11,583,6268,975
44140,"Springfield, MA",2021-02-01,135,408,85,15,643,6911,1110
44140,"Springfield, MA",2021-03-01,127,418,84,2,631,7542,1237
44140,"Springfield, MA",2021-04-01,138,377,72,7,594,8136,1375
44140,"Springfield, MA",2021-05-01,144,459,61,5,669,8805,1519
44140,"Springfield, MA",2021-06-01,121,427,73,7,628,9433,1640
44140,"Springfield, MA",2021-07-01,98,433,73,7,611,10044,1738
44140,"Springfield, MA",2021-08-01,105,367,86,2,560,10604,1843
44140,"Springfield, MA",2021-09-01,102,585,118,12,817,11421,1945
44140,"Springfield, MA",2021-10-01,98,373,80,8,559,11980,2043
44140,"Springfield, MA",2021-11-01,78,295,67,4,444,12424,2121
44140,"Springfield, MA",2021-12-01,138,383,76,7,604,13028,2259
44140,"Springfield, MA",2022-01-01,142,428,81,10,661,13689,2401
44140,"Springfield, MA",2022-02-01,60,164,50,0,274,13963,2461
44140,"Springfield, MA",2022-03-01,142,419,83,7,651,14614,2603
44140,"Springfield, MA",2022-04-01,111,348,71,5,535,15149,2714
44140,"Springfield, MA",2022-05-01,84,223,59,8,374,15523,2798
44140,"Springfield, MA",2022-06-01,19,57,17,0,93,15616,2817
44140,"Springfield, MA",2022-07-01,18,67,16,1,102,15718,2835
44140,"Springfield, MA",2022-08-01,18,91,24,2,135,15853,2853
44140,"Springfield, MA",2022-09-01,86,264,58,2,410,16263,2939
44140,"Springfield, MA",2022-10-01,59,184,42,2,287,16550,2998
44140,"Springfield, MA",2022-11-01,153,301,93,6,553,17103,3151
44140,"Springfield, MA",2022-12-01,151,311,65,4,531,17634,3302
44140,"Springfield, MA",2023-01-01,144,268,71,7,490,18124,3446
44140,"Springfield, MA",2023-02-01,109,216,69,7,401,18525,3555
44140,"Springfield, MA",2023-03-01,167,297,91,6,561,19086,3722
44140,"Springfield, MA",2023-04-01,89,220,69,3,381,19467,3811
44140,"Springfield, MA",2023-05-01,60,110,17,2,189,19656,3871
44140,"Springfield, MA",2023-06-01,38,89,11,0,138,19794,3909
44140,"Springfield, MA",2023-07-01,33,88,10,3,134,19928,3942
44140,"Springfield, MA",2023-08-01,44,88,31,1,164,20092,3986
44140,"Springfield, MA",2023-09-01,124,276,64,5,469,20561,4110
44140,"Springfield, MA",2023-10-01,153,300,85,2,540,21101,4263
44140,"Springfield, MA",2023-11-01,169,295,90,5,559,21660,4432
44140,"Springfield, MA",2023-12-01,180,301,58,8,547,22207,4612
44140,"Springfield, MA",2024-01-01,176,301,87,2,566,22773,4788
44140,"Springfield, MA",2024-02-01,173,260,73,10,516,23289,4961
44140,"Springfield, MA",2024-03-01,156,287,72,9,524,23813,5117
44140,"Springfield, MA",2024-04-01,133,257,62,1,453,24266,5250
44140,"Springfield, MA",2024-05-01,191,313,84,6,594,24860,5441
44140,"Springfield, MA",2024-06-01,174,286,71,4,535,25395,5615
44140,"Springfield, MA",2024-07-01,139,220,60,6,425,25820,5754
44140,"Springfield, MA",2024-08-01,113,254,67,3,437,26257,5867
44140,"Springfield, MA",2024-09-01,95,199,43,7,344,26601,5962
44140,"Springfield, MA",2024-10-01,180,266,81,10,537,27138,6142
44140,"Springfield, MA",2024-11-01,141,264,62,4,471,27609,6283
44140,"Springfield, MA",2024-12-01,161,271,68,3,503,28112,6444
44140,"Springfield, MA",2025-01-01,155,263,52,4,474,28586,6599
44140,"Springfield, MA",2025-02-01,157,233,56,5,451,29037,6756
44140,"Springfield, MA",2025-03-01,188,234,65,4,491,29528,6944
44140,"Springfield, MA",2025-04-01,179,235,62,4,480,30008,7123
44140,"Springfield, MA",2025-05-01,157,276,51,6,490,30498,7280
44140,"Springfield, MA",2025-06-01,169,229,64,5,467,30965,7449
44140,"Springfield, MA",2025-07-01,143,260,55,5,463,31428,7592
44140,"Springfield, MA",2025-08-01,122,198,33,4,357,31785,7714
44140,"Springfield, MA",2025-09-01,3,5,1,0,9,31794,7717
35220,"New Castle, IN",2019-01-01,0,4,1,0,5,5,0
35220,"New Castle, IN",2019-02-01,0,1,0,0,1,6,0
35220,"New Castle, IN",2019-03-01,0,2,0,0,2,8,0
35220,"New Castle, IN",2019-04-01,0,3,1,0,4,12,0
35220,"New Castle, IN",2019-05-01,0,4,1,0,5,17,0
35220,"New Castle, IN",2019-06-01,0,1,0,0,1,18,0
35220,"New Castle, IN",2019-07-01,0,5,2,0,7,25,0
35220,"New Castle, IN",2019-08-01,0,1,1,0,2,27,0
35220,"New Castle, IN",2019-09-01,0,3,0,0,3,30,0
35220,"New Castle, IN",2019-10-01,0,2,0,1,3,33,0
35220,"New Castle, IN",2019-11-01,2,3,0,0,5,38,2
35220,"New Castle, IN",2019-12-01,0,5,3,0,8,46,2
35220,"New Castle, IN",2020-01-01,0,3,1,0,4,50,2
35220,"New Castle, IN",2020-02-01,0,7,3,0,10,60,2
35220,"New Castle, IN",2020-03-01,0,4,1,0,5,65,2
35220,"New Castle, IN",2020-04-01,3,8,1,0,12,77,5
35220,"New Castle, IN",2020-05-01,1,10,1,0,12,89,6
35220,"New Castle, IN",2020-06-01,1,8,0,0,9,98,7
35220,"New Castle, IN",2020-07-01,2,15,2,0,19,117,9
35220,"New Castle, IN",2020-08-01,4,9,2,1,16,133,13
35220,"New Castle, IN",2020-09-01,4,13,3,0,20,153,17
35220,"New Castle, IN",2020-10-01,5,19,7,1,32,185,22
35220,"New Castle, IN",2020-11-01,13,13,3,0,29,214,35
35220,"New Castle, IN",2020-12-01,14,20,5,0,39,253,49
35220,"New Castle, IN",2021-01-01,16,17,9,0,42,295,65
35220,"New Castle, IN",2021-02-01,3,18,5,0,26,321,68
35220,"New Castle, IN",2021-03-01,6,21,4,2,33,354,74
35220,"New Castle, IN",2021-04-01,10,31,9,1,51,405,84
35220,"New Castle, IN",2021-05-01,13,42,8,0,63,468,97
35220,"New Castle, IN",2021-06-01,14,26,6,1,47,515,111
35220,"New Castle, IN",2021-07-01,12,24,7,1,44,559,123
35220,"New Castle, IN",2021-08-01,13,29,8,0,50,609,136
35220,"New Castle, IN",2021-09-01,12,32,9,1,54,663,148
35220,"New Castle, IN",2021-10-01,5,24,7,1,37,700,153
35220,"New Castle, IN",2021-11-01,7,21,11,1,40,740,160
35220,"New Castle, IN",2021-12-01,9,31,5,1,46,786,169
35220,"New Castle, IN",2022-01-01,16,37,17,2,72,858,185
35220,"New Castle, IN",2022-02-01,15,22,8,1,46,904,200
35220,"New Castle, IN",2022-03-01,15,31,8,4,58,962,215
35220,"New Castle, IN",2022-04-01,13,24,8,1,46,1008,228
35220,"New Castle, IN",2022-05-01,11,38,7,0,56,1064,239
35220,"New Castle, IN",2022-06-01,5,20,7,0,32,1096,244
35220,"New Castle, IN",2022-07-01,9,17,9,0,35,1131,253
35220,"New Castle, IN",2022-08-01,16,21,11,1,49,1180,269
35220,"New Castle, IN",2022-09-01,13,30,10,0,53,1233,282
35220,"New Castle, IN",2022-10-01,10,21,6,1,38,1271,292
35220,"New Castle, IN",2022-11-01,11,21,4,0,36,1307,303
35220,"New Castle, IN",2022-12-01,9,23,6,1,39,1346,312
35220,"New Castle, IN",2023-01-01,11,19,11,1,42,1388,323
35220,"New Castle, IN",2023-02-01,14,16,8,1,39,1427,337
35220,"New Castle, IN",2023-03-01,25,36,14,0,75,1502,362
35220,"New Castle, IN",2023-04-01,11,25,3,1,40,1542,373
35220,"New Castle, IN",2023-05-01,10,26,7,0,43,1585,383
35220,"New Castle, IN",2023-06-01,16,11,9,3,39,1624,399
35220,"New Castle, IN",2023-07-01,11,15,11,0,37,1661,410
35220,"New Castle, IN",2023-08-01,7,11,5,0,23,1684,417
35220,"New Castle, IN",2023-09-01,11,14,3,0,28,1712,428
35220,"New Castle, IN",2023-10-01,17,16,12,1,46,1758,445
35220,"New Castle, IN",2023-11-01,23,16,10,0,49,1807,468
35220,"New Castle, IN",2023-12-01,13,23,7,0,43,1850,481
35220,"New Castle, IN",2024-01-01,26,27,10,0,63,1913,507
35220,"New Castle, IN",2024-02-01,15,13,8,0,36,1949,522
35220,"New Castle, IN",2024-03-01,20,13,11,1,45,1994,542
35220,"New Castle, IN",2024-04-01,15,22,7,0,44,2038,557
35220,"New Castle, IN",2024-05-01,16,28,9,1,54,2092,573
35220,"New Castle, IN",2024-06-01,7,11,4,2,24,2116,580
35220,"New Castle, IN",2024-07-01,5,8,4,1,18,2134,585
35220,"New Castle, IN",2024-08-01,12,11,6,1,30,2164,597
35220,"New Castle, IN",2024-09-01,24,19,6,0,49,2213,621
35220,"New Castle, IN",2024-10-01,19,24,7,1,51,2264,640
35220,"New Castle, IN",2024-11-01,13,18,14,1,46,2310,653
35220,"New Castle, IN",2024-12-01,32,19,7,0,58,2368,685
35220,"New Castle, IN",2025-01-01,21,24,9,0,54,2422,706
35220,"New Castle, IN",2025-02-01,25,18,7,0,50,2472,731
35220,"New Castle, IN",2025-03-01,31,21,5,2,59,2531,762
35220,"New Castle, IN",2025-04-01,23,19,13,0,55,2586,785
35220,"New Castle, IN",2025-05-01,26,27,3,0,56,2642,811
35220,"New Castle, IN",2025-06-01,22,26,4,0,52,2694,833
35220,"New Castle, IN",2025-07-01,23,24,5,0,52,2746,856
35220,"New Castle, IN",2025-08-01,18,19,6,2,45,2791,874
35220,"New Castle, IN",2025-09-01,0,1,0,0,1,2792,874
36180,"Ocean Pines, MD",2019-01-01,0,0,1,0,1,1,0
36180,"Ocean Pines, MD",2019-02-01,0,1,0,0,1,2,0
36180,"Ocean Pines, MD",2019-03-01,0,1,3,0,4,6,0
36180,"Ocean Pines, MD",2019-04-01,0,5,1,0,6,12,0
36180,"Ocean Pines, MD",2019-05-01,0,6,3,1,10,22,0
36180,"Ocean Pines, MD",2019-06-01,1,11,1,0,13,35,1
36180,"Ocean Pines, MD",2019-07-01,0,12,4,0,16,51,1
36180,"Ocean Pines, MD",2019-08-01,0,4,3,1,8,59,1
36180,"Ocean Pines, MD",2019-09-01,0,5,2,0,7,66,1
36180,"Ocean Pines, MD",2019-10-01,0,3,3,0,6,72,1
36180,"Ocean Pines, MD",2019-11-01,0,6,0,1,7,79,1
36180,"Ocean Pines, MD",2019-12-01,0,1,0,0,1,80,1
36180,"Ocean Pines, MD",2020-01-01,0,2,0,0,2,82,1
36180,"Ocean Pines, MD",2020-02-01,0,1,0,0,1,83,1
36180,"Ocean Pines, MD",2020-03-01,0,0,1,0,1,84,1
36180,"Ocean Pines, MD",2020-04-01,0,3,0,0,3,87,1
36180,"Ocean Pines, MD",2020-05-01,0,4,3,0,7,94,1
36180,"Ocean Pines, MD",2020-06-01,0,3,1,0,4,98,1
36180,"Ocean Pines, MD",2020-07-01,0,4,1,0,5,103,1
36180,"Ocean Pines, MD",2020-08-01,1,5,0,0,6,109,2
36180,"Ocean Pines, MD",2020-09-01,0,4,4,0,8,117,2
36180,"Ocean Pines, MD",2020-10-01,0,5,0,0,5,122,2
36180,"Ocean Pines, MD",2020-11-01,0,3,0,0,3,125,2
36180,"Ocean Pines, MD",2020-12-01,0,2,0,0,2,127,2
36180,"Ocean Pines, MD",2021-01-01,1,3,1,0,5,132,3
36180,"Ocean Pines, MD",2021-02-01,0,3,1,0,4,136,3
36180,"Ocean Pines, MD",2021-03-01,0,1,5,0,6,142,3
36180,"Ocean Pines, MD",2021-04-01,1,2,3,0,6,148,4
36180,"Ocean Pines, MD",2021-05-01,1,4,0,0,5,153,5
36180,"Ocean Pines, MD",2021-06-01,3,3,5,0,11,164,8
36180,"Ocean Pines, MD",2021-07-01,3,6,2,1,12,176,11
36180,"Ocean Pines, MD",2021-08-01,0,1,0,1,2,178,11
36180,"Ocean Pines, MD",2021-09-01,0,2,2,0,4,182,11
36180,"Ocean Pines, MD",2021-10-01,0,2,1,0,3,185,11
36180,"Ocean Pines, MD",2021-11-01,1,4,0,0,5,190,12
36180,"Ocean Pines, MD",2021-12-01,1,3,2,1,7,197,13
36180,"Ocean Pines, MD",2022-01-01,2,1,1,0,4,201,15
36180,"Ocean Pines, MD",2022-02-01,0,5,1,0,6,207,15
36180,"Ocean Pines, MD",2022-03-01,1,2,3,1,7,214,16
36180,"Ocean Pines, MD",2022-04-01,0,6,0,0,6,220,16
36180,"Ocean Pines, MD",2022-05-01,1,2,0,1,4,224,17
36180,"Ocean Pines, MD",2022-06-01,0,2,2,0,4,228,17
36180,"Ocean Pines, MD",2022-07-01,0,5,2,0,7,235,17
36180,"Ocean Pines, MD",2022-08-01,1,1,4,0,6,241,18
36180,"Ocean Pines, MD",2022-09-01,3,2,4,0,9,250,21
36180,"Ocean Pines, MD",2022-10-01,0,7,2,0,9,259,21
36180,"Ocean Pines, MD",2022-11-01,1,7,2,0,10,269,22
36180,"Ocean Pines, MD",2022-12-01,1,5,4,1,11,280,23
36180,"Ocean Pines, MD",2023-01-01,2,6,4,0,12,292,25
36180,"Ocean Pines, MD",2023-02-01,1,4,1,0,6,298,26
36180,"Ocean Pines, MD",2023-03-01,1,9,3,0,13,311,27
36180,"Ocean Pines, MD",2023-04-01,1,9,3,0,13,324,28
36180,"Ocean Pines, MD",2023-05-01,1,10,2,0,13,337,29
36180,"Ocean Pines, MD",2023-06-01,1,7,5,0,13,350,30
36180,"Ocean Pines, MD",2023-07-01,1,9,4,0,14,364,31
36180,"Ocean Pines, MD",2023-08-01,3,2,2,1,8,372,34
36180,"Ocean Pines, MD",2023-09-01,1,9,3,0,13,385,35
36180,"Ocean Pines, MD",2023-10-01,1,6,4,1,12,397,36
36180,"Ocean Pines, MD",2023-11-01,4,10,6,2,22,419,40
36180,"Ocean Pines, MD",2023-12-01,1,4,6,0,11,430,41
36180,"Ocean Pines, MD",2024-01-01,2,6,5,1,14,444,43
36180,"Ocean Pines, MD",2024-02-01,5,7,1,1,14,458,48
36180,"Ocean Pines, MD",2024-03-01,0,6,1,1,8,466,48
36180,"Ocean Pines, MD",2024-04-01,4,4,2,0,10,476,52
36180,"Ocean Pines, MD",2024-05-01,3,5,6,0,14,490,55
36180,"Ocean Pines, MD",2024-06-01,2,4,2,1,9,499,57
36180,"Ocean Pines, MD",2024-07-01,1,12,2,0,15,514,58
36180,"Ocean Pines, MD",2024-08-01,3,8,2,0,13,527,61
36180,"Ocean Pines, MD",2024-09-01,0,8,1,1,10,537,61
36180,"Ocean Pines, MD",2024-10-01,2,7,3,2,14,551,63
36180,"Ocean Pines, MD",2024-11-01,4,17,7,0,28,579,67
36180,"Ocean Pines, MD",2024-12-01,2,9,4,0,15,594,69
36180,"Ocean Pines, MD",2025-01-01,3,9,4,1,17,611,72
36180,"Ocean Pines, MD",2025-02-01,2,10,2,1,15,626,74
36180,"Ocean Pines, MD",2025-03-01,5,8,6,1,20,646,79
36180,"Ocean Pines, MD",2025-04-01,3,10,0,0,13,659,82
36180,"Ocean Pines, MD",2025-05-01,3,14,8,2,27,686,85
36180,"Ocean Pines, MD",2025-06-01,4,15,8,2,29,715,89
36180,"Ocean Pines, MD",2025-07-01,4,12,4,1,21,736,93
36180,"Ocean Pines, MD",2025-08-01,2,9,4,0,15,751,95
24140,"Goldsboro, NC",2019-01-01,0,7,2,0,9,9,0
24140,"Goldsboro, NC",2019-02-01,0,8,1,1,10,19,0
24140,"Goldsboro, NC",2019-03-01,1,12,5,0,18,37,1
24140,"Goldsboro, NC",2019-04-01,0,39,8,2,49,86,1
24140,"Goldsboro, NC",2019-05-01,1,28,6,2,37,123,2
24140,"Goldsboro, NC",2019-06-01,0,21,7,0,28,151,2
24140,"Goldsboro, NC",2019-07-01,2,26,10,2,40,191,4
24140,"Goldsboro, NC",2019-08-01,0,26,7,1,34,225,4
24140,"Goldsboro, NC",2019-09-01,2,29,11,0,42,267,6
24140,"Goldsboro, NC",2019-10-01,2,25,3,0,30,297,8
24140,"Goldsboro, NC",2019-11-01,1,19,1,0,21,318,9
24140,"Goldsboro, NC",2019-12-01,1,22,3,0,26,344,10
24140,"Goldsboro, NC",2020-01-01,4,24,5,0,33,377,14
24140,"Goldsboro, NC",2020-02-01,4,23,9,1,37,414,18
24140,"Goldsboro, NC",2020-03-01,5,45,10,2,62,476,23
24140,"Goldsboro, NC",2020-04-01,8,58,18,1,85,561,31
24140,"Goldsboro, NC",2020-05-01,27,87,25,2,141,702,58
24140,"Goldsboro, NC",2020-06-01,25,65,10,1,101,803,83
24140,"Goldsboro, NC",2020-07-01,17,76,17,1,111,914,100
24140,"Goldsboro, NC",2020-08-01,23,148,35,1,207,1121,123
24140,"Goldsboro, NC",2020-09-01,23,114,13,2,152,1273,146
24140,"Goldsboro, NC",2020-10-01,7,50,5,0,62,1335,153
24140,"Goldsboro, NC",2020-11-01,14,51,8,0,73,1408,167
24140,"Goldsboro, NC",2020-12-01,6,38,9,0,53,1461,173
24140,"Goldsboro, NC",2021-01-01,39,118,31,2,190,1651,212
24140,"Goldsboro, NC",2021-02-01,27,99,26,1,153,1804,239
24140,"Goldsboro, NC",2021-03-01,44,108,35,3,190,1994,283
24140,"Goldsboro, NC",2021-04-01,41,157,47,2,247,2241,324
24140,"Goldsboro, NC",2021-05-01,27,99,22,3,151,2392,351
24140,"Goldsboro, NC",2021-06-01,24,72,13,1,110,2502,375
24140,"Goldsboro, NC",2021-07-01,22,66,18,2,108,2610,397
24140,"Goldsboro, NC",2021-08-01,29,65,15,2,111,2721,426
24140,"Goldsboro, NC",2021-09-01,23,95,22,5,145,2866,449
24140,"Goldsboro, NC",2021-10-01,20,59,7,1,87,2953,469
24140,"Goldsboro, NC",2021-11-01,20,44,13,1,78,3031,489
24140,"Goldsboro, NC",2021-12-01,19,78,19,1,117,3148,508
24140,"Goldsboro, NC",2022-01-01,43,95,22,5,165,3313,551
24140,"Goldsboro, NC",2022-02-01,41,87,22,3,153,3466,592
24140,"Goldsboro, NC",2022-03-01,35,73,11,0,119,3585,627
24140,"Goldsboro, NC",2022-04-01,26,82,22,7,137,3722,653
24140,"Goldsboro, NC",2022-05-01,37,99,16,3,155,3877,690
24140,"Goldsboro, NC",2022-06-01,36,43,11,1,91,3968,726
24140,"Goldsboro, NC",2022-07-01,33,64,19,3,119,4087,759
24140,"Goldsboro, NC",2022-08-01,38,90,22,1,151,4238,797
24140,"Goldsboro, NC",2022-09-01,28,122,20,3,173,4411,825
24140,"Goldsboro, NC",2022-10-01,36,78,21,1,136,4547,861
24140,"Goldsboro, NC",2022-11-01,42,82,18,2,144,4691,903
24140,"Goldsboro, NC",2022-12-01,61,94,30,5,190,4881,964
24140,"Goldsboro, NC",2023-01-01,39,70,34,4,147,5028,1003
24140,"Goldsboro, NC",2023-02-01,38,55,17,3,113,5141,1041
24140,"Goldsboro, NC",2023-03-01,43,102,30,6,181,5322,1084
24140,"Goldsboro, NC",2023-04-01,38,81,29,7,155,5477,1122
24140,"Goldsboro, NC",2023-05-01,27,44,9,0,80,5557,1149
24140,"Goldsboro, NC",2023-06-01,19,33,10,3,65,5622,1168
24140,"Goldsboro, NC",2023-07-01,27,49,16,1,93,5715,1195
24140,"Goldsboro, NC",2023-08-01,30,43,26,1,100,5815,1225
24140,"Goldsboro, NC",2023-09-01,26,43,19,3,91,5906,1251
24140,"Goldsboro, NC",2023-10-01,36,66,23,3,128,6034,1287
24140,"Goldsboro, NC",2023-11-01,47,95,27,5,174,6208,1334
24140,"Goldsboro, NC",2023-12-01,72,93,32,3,200,6408,1406
24140,"Goldsboro, NC",2024-01-01,56,89,24,3,172,6580,1462
24140,"Goldsboro, NC",2024-02-01,54,67,24,6,151,6731,1516
24140,"Goldsboro, NC",2024-03-01,58,73,23,2,156,6887,1574
24140,"Goldsboro, NC",2024-04-01,49,69,31,2,151,7038,1623
24140,"Goldsboro, NC",2024-05-01,39,54,22,0,115,7153,1662
24140,"Goldsboro, NC",2024-06-01,31,37,20,1,89,7242,1693
24140,"Goldsboro, NC",2024-07-01,51,78,21,4,154,7396,1744
24140,"Goldsboro, NC",2024-08-01,37,89,34,3,163,7559,1781
24140,"Goldsboro, NC",2024-09-01,43,77,18,1,139,7698,1824
24140,"Goldsboro, NC",2024-10-01,46,93,26,0,165,7863,1870
24140,"Goldsboro, NC",2024-11-01,58,104,26,2,190,8053,1928
24140,"Goldsboro, NC",2024-12-01,71,98,25,2,196,8249,1999
24140,"Goldsboro, NC",2025-01-01,50,92,26,4,172,8421,2049
24140,"Goldsboro, NC",2025-02-01,52,72,21,2,147,8568,2101
24140,"Goldsboro, NC",2025-03-01,59,98,30,2,189,8757,2160
24140,"Goldsboro, NC",2025-04-01,67,80,33,10,190,8947,2227
24140,"Goldsboro, NC",2025-05-01,78,120,34,3,235,9182,2305
24140,"Goldsboro, NC",2025-06-01,68,94,34,8,204,9386,2373
24140,"Goldsboro, NC",2025-07-01,63,79,33,5,180,9566,2436
24140,"Goldsboro, NC",2025-08-01,56,92,27,3,178,9744,2492
24140,"Goldsboro, NC",2025-09-01,1,2,2,0,5,9749,2493
29420,"Lake Havasu City-Kingman, AZ",2019-01-01,0,1,1,1,3,3,0
29420,"Lake Havasu City-Kingman, AZ",2019-02-01,0,9,1,0,10,13,0
29420,"Lake Havasu City-Kingman, AZ",2019-03-01,0,5,3,1,9,22,0
29420,"Lake Havasu City-Kingman, AZ",2019-04-01,0,8,6,1,15,37,0
29420,"Lake Havasu City-Kingman, AZ",2019-05-01,1,24,10,1,36,73,1
29420,"Lake Havasu City-Kingman, AZ",2019-06-01,0,15,14,2,31,104,1
29420,"Lake Havasu City-Kingman, AZ",2019-07-01,1,13,9,1,24,128,2
29420,"Lake Havasu City-Kingman, AZ",2019-08-01,1,19,10,2,32,160,3
29420,"Lake Havasu City-Kingman, AZ",2019-09-01,2,16,10,1,29,189,5
29420,"Lake Havasu City-Kingman, AZ",2019-10-01,1,19,6,0,26,215,6
29420,"Lake Havasu City-Kingman, AZ",2019-11-01,1,14,3,3,21,236,7
29420,"Lake Havasu City-Kingman, AZ",2019-12-01,2,17,6,1,26,262,9
29420,"Lake Havasu City-Kingman, AZ",2020-01-01,0,19,4,1,24,286,9
29420,"Lake Havasu City-Kingman, AZ",2020-02-01,2,17,7,1,27,313,11
29420,"Lake Havasu City-Kingman, AZ",2020-03-01,9,23,18,2,52,365,20
29420,"Lake Havasu City-Kingman, AZ",2020-04-01,10,45,22,11,88,453,30
29420,"Lake Havasu City-Kingman, AZ",2020-05-01,7,34,13,3,57,510,37
29420,"Lake Havasu City-Kingman, AZ",2020-06-01,12,35,9,2,58,568,49
29420,"Lake Havasu City-Kingman, AZ",2020-07-01,5,41,16,1,63,631,54
29420,"Lake Havasu City-Kingman, AZ",2020-08-01,11,48,20,2,81,712,65
29420,"Lake Havasu City-Kingman, AZ",2020-09-01,8,40,17,0,65,777,73
29420,"Lake Havasu City-Kingman, AZ",2020-10-01,12,36,18,1,67,844,85
29420,"Lake Havasu City-Kingman, AZ",2020-11-01,7,28,6,2,43,887,92
29420,"Lake Havasu City-Kingman, AZ",2020-12-01,13,39,23,4,79,966,105
29420,"Lake Havasu City-Kingman, AZ",2021-01-01,12,38,26,2,78,1044,117
29420,"Lake Havasu City-Kingman, AZ",2021-02-01,17,49,18,5,89,1133,134
29420,"Lake Havasu City-Kingman, AZ",2021-03-01,13,45,22,8,88,1221,147
29420,"Lake Havasu City-Kingman, AZ",2021-04-01,19,59,12,7,97,1318,166
29420,"Lake Havasu City-Kingman, AZ",2021-05-01,19,76,27,3,125,1443,185
29420,"Lake Havasu City-Kingman, AZ",2021-06-01,14,63,20,7,104,1547,199
29420,"Lake Havasu City-Kingman, AZ",2021-07-01,21,65,18,5,109,1656,220
29420,"Lake Havasu City-Kingman, AZ",2021-08-01,17,50,17,2,86,1742,237
29420,"Lake Havasu City-Kingman, AZ",2021-09-01,9,59,25,4,97,1839,246
29420,"Lake Havasu City-Kingman, AZ",2021-10-01,17,55,15,5,92,1931,263
29420,"Lake Havasu City-Kingman, AZ",2021-11-01,14,40,27,3,84,2015,277
29420,"Lake Havasu City-Kingman, AZ",2021-12-01,19,63,26,3,111,2126,296
29420,"Lake Havasu City-Kingman, AZ",2022-01-01,21,84,32,7,144,2270,317
29420,"Lake Havasu City-Kingman, AZ",2022-02-01,17,45,19,3,84,2354,334
29420,"Lake Havasu City-Kingman, AZ",2022-03-01,23,53,24,4,104,2458,357
29420,"Lake Havasu City-Kingman, AZ",2022-04-01,21,47,25,2,95,2553,378
29420,"Lake Havasu City-Kingman, AZ",2022-05-01,21,55,19,2,97,2650,399
29420,"Lake Havasu City-Kingman, AZ",2022-06-01,20,44,17,1,82,2732,419
29420,"Lake Havasu City-Kingman, AZ",2022-07-01,16,55,17,1,89,2821,435
29420,"Lake Havasu City-Kingman, AZ",2022-08-01,19,44,30,4,97,2918,454
29420,"Lake Havasu City-Kingman, AZ",2022-09-01,10,49,19,3,81,2999,464
29420,"Lake Havasu City-Kingman, AZ",2022-10-01,16,37,27,9,89,3088,480
29420,"Lake Havasu City-Kingman, AZ",2022-11-01,16,37,34,3,90,3178,496
29420,"Lake Havasu City-Kingman, AZ",2022-12-01,22,57,17,6,102,3280,518
29420,"Lake Havasu City-Kingman, AZ",2023-01-01,19,40,30,3,92,3372,537
29420,"Lake Havasu City-Kingman, AZ",2023-02-01,23,48,20,0,91,3463,560
29420,"Lake Havasu City-Kingman, AZ",2023-03-01,23,76,35,3,137,3600,583
29420,"Lake Havasu City-Kingman, AZ",2023-04-01,23,39,19,4,85,3685,606
29420,"Lake Havasu City-Kingman, AZ",2023-05-01,23,40,14,4,81,3766,629
29420,"Lake Havasu City-Kingman, AZ",2023-06-01,14,32,15,4,65,3831,643
29420,"Lake Havasu City-Kingman, AZ",2023-07-01,32,54,15,3,104,3935,675
29420,"Lake Havasu City-Kingman, AZ",2023-08-01,16,38,16,3,73,4008,691
29420,"Lake Havasu City-Kingman, AZ",2023-09-01,22,40,22,5,89,4097,713
29420,"Lake Havasu City-Kingman, AZ",2023-10-01,23,41,20,6,90,4187,736
29420,"Lake Havasu City-Kingman, AZ",2023-11-01,34,40,25,5,104,4291,770
29420,"Lake Havasu City-Kingman, AZ",2023-12-01,36,60,20,3,119,4410,806
29420,"Lake Havasu City-Kingman, AZ",2024-01-01,42,46,18,2,108,4518,848
29420,"Lake Havasu City-Kingman, AZ",2024-02-01,32,36,14,5,87,4605,880
29420,"Lake Havasu City-Kingman, AZ",2024-03-01,48,45,20,4,117,4722,928
29420,"Lake Havasu City-Kingman, AZ",2024-04-01,23,30,17,2,72,4794,951
29420,"Lake Havasu City-Kingman, AZ",2024-05-01,24,31,16,0,71,4865,975
29420,"Lake Havasu City-Kingman, AZ",2024-06-01,19,31,18,0,68,4933,994
29420,"Lake Havasu City-Kingman, AZ",2024-07-01,20,39,10,1,70,5003,1014
29420,"Lake Havasu City-Kingman, AZ",2024-08-01,13,32,10,4,59,5062,1027
29420,"Lake Havasu City-Kingman, AZ",2024-09-01,12,30,7,1,50,5112,1039
29420,"Lake Havasu City-Kingman, AZ",2024-10-01,23,33,12,4,72,5184,1062
29420,"Lake Havasu City-Kingman, AZ",2024-11-01,12,32,28,1,73,5257,1074
29420,"Lake Havasu City-Kingman, AZ",2024-12-01,20,33,19,3,75,5332,1094
29420,"Lake Havasu City-Kingman, AZ",2025-01-01,17,33,9,1,60,5392,1111
29420,"Lake Havasu City-Kingman, AZ",2025-02-01,3,12,14,1,30,5422,1114
29420,"Lake Havasu City-Kingman, AZ",2025-03-01,27,41,20,2,90,5512,1141
29420,"Lake Havasu City-Kingman, AZ",2025-04-01,24,49,17,4,94,5606,1165
29420,"Lake Havasu City-Kingman, AZ",2025-05-01,32,55,16,0,103,5709,1197
29420,"Lake Havasu City-Kingman, AZ",2025-06-01,28,46,32,1,107,5816,1225
29420,"Lake Havasu City-Kingman, AZ",2025-07-01,28,46,26,4,104,5920,1253
29420,"Lake Havasu City-Kingman, AZ",2025-08-01,26,41,22,3,92,6012,1279
29420,"Lake Havasu City-Kingman, AZ",2025-09-01,0,1,0,0,1,6013,1279
18740,"Coshocton, OH",2019-03-01,0,4,0,0,4,4,0
18740,"Coshocton, OH",2019-04-01,0,1,0,0,1,5,0
18740,"Coshocton, OH",2019-05-01,0,0,2,0,2,7,0
18740,"Coshocton, OH",2019-06-01,0,1,1,0,2,9,0
18740,"Coshocton, OH",2019-07-01,0,2,1,0,3,12,0
18740,"Coshocton, OH",2019-08-01,0,1,2,0,3,15,0
18740,"Coshocton, OH",2019-09-01,0,0,1,0,1,16,0
18740,"Coshocton, OH",2019-10-01,0,1,0,0,1,17,0
18740,"Coshocton, OH",2020-01-01,1,2,0,0,3,20,1
18740,"Coshocton, OH",2020-02-01,0,2,0,0,2,22,1
18740,"Coshocton, OH",2020-03-01,0,3,0,0,3,25,1
18740,"Coshocton, OH",2020-04-01,1,4,0,0,5,30,2
18740,"Coshocton, OH",2020-05-01,2,9,0,0,11,41,4
18740,"Coshocton, OH",2020-06-01,0,6,0,0,6,47,4
18740,"Coshocton, OH",2020-07-01,1,3,1,0,5,52,5
18740,"Coshocton, OH",2020-08-01,0,4,0,0,4,56,5
18740,"Coshocton, OH",2020-09-01,0,7,2,0,9,65,5
18740,"Coshocton, OH",2020-10-01,0,13,1,0,14,79,5
18740,"Coshocton, OH",2020-11-01,1,14,2,0,17,96,6
18740,"Coshocton, OH",2020-12-01,8,12,2,0,22,118,14
18740,"Coshocton, OH",2021-01-01,3,15,1,1,20,138,17
18740,"Coshocton, OH",2021-02-01,3,13,5,0,21,159,20
18740,"Coshocton, OH",2021-03-01,5,15,3,3,26,185,25
18740,"Coshocton, OH",2021-04-01,7,11,3,0,21,206,32
18740,"Coshocton, OH",2021-05-01,14,14,5,0,33,239,46
18740,"Coshocton, OH",2021-06-01,10,14,6,0,30,269,56
18740,"Coshocton, OH",2021-07-01,2,12,4,1,19,288,58
18740,"Coshocton, OH",2021-08-01,3,19,8,0,30,318,61
18740,"Coshocton, OH",2021-09-01,2,12,1,0,15,333,63
18740,"Coshocton, OH",2021-10-01,6,16,4,3,29,362,69
18740,"Coshocton, OH",2021-11-01,7,10,2,1,20,382,76
18740,"Coshocton, OH",2021-12-01,5,11,3,0,19,401,81
18740,"Coshocton, OH",2022-01-01,10,20,6,0,36,437,91
18740,"Coshocton, OH",2022-02-01,1,14,3,0,18,455,92
18740,"Coshocton, OH",2022-03-01,8,15,3,0,26,481,100
18740,"Coshocton, OH",2022-04-01,5,19,4,0,28,509,105
18740,"Coshocton, OH",2022-05-01,6,9,2,0,17,526,111
18740,"Coshocton, OH",2022-06-01,3,16,6,0,25,551,114
18740,"Coshocton, OH",2022-07-01,8,7,5,0,20,571,122
18740,"Coshocton, OH",2022-08-01,5,11,3,1,20,591,127
18740,"Coshocton, OH",2022-09-01,4,16,2,0,22,613,131
18740,"Coshocton, OH",2022-10-01,4,10,1,1,16,629,135
18740,"Coshocton, OH",2022-11-01,2,8,5,1,16,645,137
18740,"Coshocton, OH",2022-12-01,3,7,0,0,10,655,140
18740,"Coshocton, OH",2023-01-01,7,11,1,0,19,674,147
18740,"Coshocton, OH",2023-02-01,10,10,4,0,24,698,157
18740,"Coshocton, OH",2023-03-01,3,12,3,0,18,716,160
18740,"Coshocton, OH",2023-04-01,3,12,2,0,17,733,163
18740,"Coshocton, OH",2023-05-01,4,8,2,0,14,747,167
18740,"Coshocton, OH",2023-06-01,8,9,3,2,22,769,175
18740,"Coshocton, OH",2023-07-01,8,12,3,0,23,792,183
18740,"Coshocton, OH",2023-08-01,5,6,2,0,13,805,188
18740,"Coshocton, OH",2023-09-01,0,8,4,0,12,817,188
18740,"Coshocton, OH",2023-10-01,3,13,1,0,17,834,191
18740,"Coshocton, OH",2023-11-01,7,11,4,0,22,856,198
18740,"Coshocton, OH",2023-12-01,8,11,4,0,23,879,206
18740,"Coshocton, OH",2024-01-01,4,17,8,0,29,908,210
18740,"Coshocton, OH",2024-02-01,15,9,2,0,26,934,225
18740,"Coshocton, OH",2024-03-01,13,11,3,0,27,961,238
18740,"Coshocton, OH",2024-04-01,11,9,3,0,23,984,249
18740,"Coshocton, OH",2024-05-01,5,14,6,2,27,1011,254
18740,"Coshocton, OH",2024-06-01,3,2,3,0,8,1019,257
18740,"Coshocton, OH",2024-07-01,5,7,1,2,15,1034,262
18740,"Coshocton, OH",2024-08-01,8,5,4,0,17,1051,270
18740,"Coshocton, OH",2024-09-01,6,7,4,1,18,1069,276
18740,"Coshocton, OH",2024-10-01,13,15,2,1,31,1100,289
18740,"Coshocton, OH",2024-11-01,19,10,4,1,34,1134,308
18740,"Coshocton, OH",2024-12-01,10,19,6,0,35,1169,318
18740,"Coshocton, OH",2025-01-01,21,9,8,3,41,1210,339
18740,"Coshocton, OH",2025-02-01,15,10,1,0,26,1236,354
18740,"Coshocton, OH",2025-03-01,12,14,3,1,30,1266,366
18740,"Coshocton, OH",2025-04-01,8,10,0,1,19,1285,374
18740,"Coshocton, OH",2025-05-01,17,11,1,0,29,1314,391
18740,"Coshocton, OH",2025-06-01,10,18,1,1,30,1344,401
18740,"Coshocton, OH",2025-07-01,9,15,4,0,28,1372,410
18740,"Coshocton, OH",2025-08-01,11,4,4,0,19,1391,421
25460,"Harrison, AR",2019-01-01,0,3,2,0,5,5,0
25460,"Harrison, AR",2019-03-01,0,1,1,1,3,8,0
25460,"Harrison, AR",2019-04-01,0,1,0,0,1,9,0
25460,"Harrison, AR",2019-05-01,0,1,0,0,1,10,0
25460,"Harrison, AR",2019-06-01,0,0,0,0,0,10,0
25460,"Harrison, AR",2019-07-01,0,0,1,0,1,11,0
25460,"Harrison, AR",2019-08-01,0,1,1,0,2,13,0
25460,"Harrison, AR",2019-09-01,0,1,0,0,1,14,0
25460,"Harrison, AR",2019-10-01,0,1,0,0,1,15,0
25460,"Harrison, AR",2019-11-01,1,1,0,0,2,17,1
25460,"Harrison, AR",2019-12-01,0,1,0,0,1,18,1
25460,"Harrison, AR",2020-01-01,0,4,3,0,7,25,1
25460,"Harrison, AR",2020-02-01,0,0,2,0,2,27,1
25460,"Harrison, AR",2020-03-01,0,2,1,0,3,30,1
25460,"Harrison, AR",2020-04-01,2,7,1,0,10,40,3
25460,"Harrison, AR",2020-05-01,1,13,0,0,14,54,4
25460,"Harrison, AR",2020-06-01,3,3,2,0,8,62,7
25460,"Harrison, AR",2020-07-01,0,7,2,0,9,71,7
25460,"Harrison, AR",2020-08-01,0,4,2,0,6,77,7
25460,"Harrison, AR",2020-09-01,1,7,1,0,9,86,8
25460,"Harrison, AR",2020-10-01,4,16,5,0,25,111,12
25460,"Harrison, AR",2020-11-01,6,21,6,0,33,144,18
25460,"Harrison, AR",2020-12-01,8,27,8,0,43,187,26
25460,"Harrison, AR",2021-01-01,11,29,9,0,49,236,37
25460,"Harrison, AR",2021-02-01,6,17,6,0,29,265,43
25460,"Harrison, AR",2021-03-01,8,16,5,3,32,297,51
25460,"Harrison, AR",2021-04-01,2,17,4,0,23,320,53
25460,"Harrison, AR",2021-05-01,6,35,10,0,51,371,59
25460,"Harrison, AR",2021-06-01,13,18,12,0,43,414,72
25460,"Harrison, AR",2021-07-01,7,27,6,0,40,454,79
25460,"Harrison, AR",2021-08-01,4,25,7,1,37,491,83
25460,"Harrison, AR",2021-09-01,9,22,8,0,39,530,92
25460,"Harrison, AR",2021-10-01,3,22,7,0,32,562,95
25460,"Harrison, AR",2021-11-01,6,19,3,0,28,590,101
25460,"Harrison, AR",2021-12-01,12,17,8,0,37,627,113
25460,"Harrison, AR",2022-01-01,8,21,8,1,38,665,121
25460,"Harrison, AR",2022-02-01,7,17,6,1,31,696,128
25460,"Harrison, AR",2022-03-01,14,21,6,1,42,738,142
25460,"Harrison, AR",2022-04-01,7,15,7,1,30,768,149
25460,"Harrison, AR",2022-05-01,5,13,2,0,20,788,154
25460,"Harrison, AR",2022-06-01,3,15,8,3,29,817,157
25460,"Harrison, AR",2022-07-01,10,26,4,0,40,857,167
25460,"Harrison, AR",2022-08-01,11,16,7,0,34,891,178
25460,"Harrison, AR",2022-09-01,12,16,7,0,35,926,190
25460,"Harrison, AR",2022-10-01,12,9,7,1,29,955,202
25460,"Harrison, AR",2022-11-01,9,14,8,0,31,986,211
25460,"Harrison, AR",2022-12-01,6,14,8,0,28,1014,217
25460,"Harrison, AR",2023-01-01,14,11,4,2,31,1045,231
25460,"Harrison, AR",2023-02-01,13,13,7,1,34,1079,244
25460,"Harrison, AR",2023-03-01,17,27,11,1,56,1135,261
25460,"Harrison, AR",2023-04-01,8,12,3,0,23,1158,269
25460,"Harrison, AR",2023-05-01,7,9,4,0,20,1178,276
25460,"Harrison, AR",2023-06-01,6,24,2,1,33,1211,282
25460,"Harrison, AR",2023-07-01,7,12,2,0,21,1232,289
25460,"Harrison, AR",2023-08-01,9,14,2,1,26,1258,298
25460,"Harrison, AR",2023-09-01,7,8,4,1,20,1278,305
25460,"Harrison, AR",2023-10-01,4,18,3,0,25,1303,309
25460,"Harrison, AR",2023-11-01,14,20,7,0,41,1344,323
25460,"Harrison, AR",2023-12-01,15,12,9,2,38,1382,338
25460,"Harrison, AR",2024-01-01,14,22,11,0,47,1429,352
25460,"Harrison, AR",2024-02-01,12,11,12,0,35,1464,364
25460,"Harrison, AR",2024-03-01,7,7,5,1,20,1484,371
25460,"Harrison, AR",2024-04-01,5,7,5,1,18,1502,376
25460,"Harrison, AR",2024-05-01,6,11,5,0,22,1524,382
25460,"Harrison, AR",2024-06-01,6,11,2,0,19,1543,388
25460,"Harrison, AR",2024-07-01,2,4,2,0,8,1551,390
25460,"Harrison, AR",2024-08-01,9,9,5,1,24,1575,399
25460,"Harrison, AR",2024-09-01,12,8,7,0,27,1602,411
25460,"Harrison, AR",2024-10-01,16,19,5,1,41,1643,427
25460,"Harrison, AR",2024-11-01,11,15,4,0,30,1673,438
25460,"Harrison, AR",2024-12-01,21,14,6,0,41,1714,459
25460,"Harrison, AR",2025-01-01,21,18,4,4,47,1761,480
25460,"Harrison, AR",2025-02-01,16,8,4,1,29,1790,496
25460,"Harrison, AR",2025-03-01,28,13,10,0,51,1841,524
25460,"Harrison, AR",2025-04-01,20,14,8,0,42,1883,544
25460,"Harrison, AR",2025-05-01,21,23,8,0,52,1935,565
25460,"Harrison, AR",2025-06-01,23,20,5,0,48,1983,588
25460,"Harrison, AR",2025-07-01,25,8,7,0,40,2023,613
25460,"Harrison, AR",2025-08-01,16,15,6,0,37,2060,629
37120,"Ozark, AL",2019-01-01,0,4,1,0,5,5,0
37120,"Ozark, AL",2019-02-01,0,2,3,0,5,10,0
37120,"Ozark, AL",2019-03-01,0,11,2,0,13,23,0
37120,"Ozark, AL",2019-04-01,0,4,2,0,6,29,0
37120,"Ozark, AL",2019-05-01,0,16,3,0,19,48,0
37120,"Ozark, AL",2019-06-01,2,19,3,0,24,72,2
37120,"Ozark, AL",2019-07-01,1,11,7,0,19,91,3
37120,"Ozark, AL",2019-08-01,2,9,4,0,15,106,5
37120,"Ozark, AL",2019-09-01,0,11,3,1,15,121,5
37120,"Ozark, AL",2019-10-01,0,15,0,0,15,136,5
37120,"Ozark, AL",2019-11-01,1,9,6,0,16,152,6
37120,"Ozark, AL",2019-12-01,0,8,1,0,9,161,6
37120,"Ozark, AL",2020-01-01,0,10,2,0,12,173,6
37120,"Ozark, AL",2020-02-01,2,19,6,0,27,200,8
37120,"Ozark, AL",2020-03-01,1,21,5,1,28,228,9
37120,"Ozark, AL",2020-04-01,7,37,10,0,54,282,16
37120,"Ozark, AL",2020-05-01,11,61,10,0,82,364,27
37120,"Ozark, AL",2020-06-01,7,45,10,2,64,428,34
37120,"Ozark, AL",2020-07-01,9,53,10,1,73,501,43
37120,"Ozark, AL",2020-08-01,11,72,17,3,103,604,54
37120,"Ozark, AL",2020-09-01,6,61,12,0,79,683,60
37120,"Ozark, AL",2020-10-01,10,59,8,0,77,760,70
37120,"Ozark, AL",2020-11-01,7,26,8,0,41,801,77
37120,"Ozark, AL",2020-12-01,10,27,5,0,42,843,87
37120,"Ozark, AL",2021-01-01,11,44,8,1,64,907,98
37120,"Ozark, AL",2021-02-01,6,23,6,2,37,944,104
37120,"Ozark, AL",2021-03-01,10,68,12,0,90,1034,114
37120,"Ozark, AL",2021-04-01,31,109,18,2,160,1194,145
37120,"Ozark, AL",2021-05-01,19,87,22,5,133,1327,164
37120,"Ozark, AL",2021-06-01,11,74,21,0,106,1433,175
37120,"Ozark, AL",2021-07-01,12,69,11,2,94,1527,187
37120,"Ozark, AL",2021-08-01,17,81,13,1,112,1639,204
37120,"Ozark, AL",2021-09-01,5,49,17,2,73,1712,209
37120,"Ozark, AL",2021-10-01,8,51,9,2,70,1782,217
37120,"Ozark, AL",2021-11-01,4,39,13,0,56,1838,221
37120,"Ozark, AL",2021-12-01,10,41,17,3,71,1909,231
37120,"Ozark, AL",2022-01-01,18,65,15,1,99,2008,249
37120,"Ozark, AL",2022-02-01,20,48,17,0,85,2093,269
37120,"Ozark, AL",2022-03-01,26,63,17,1,107,2200,295
37120,"Ozark, AL",2022-04-01,17,61,22,4,104,2304,312
37120,"Ozark, AL",2022-05-01,20,78,20,0,118,2422,332
37120,"Ozark, AL",2022-06-01,13,44,14,1,72,2494,345
37120,"Ozark, AL",2022-07-01,20,38,16,1,75,2569,365
37120,"Ozark, AL",2022-08-01,12,62,18,3,95,2664,377
37120,"Ozark, AL",2022-09-01,9,33,8,2,52,2716,386
37120,"Ozark, AL",2022-10-01,17,53,24,1,95,2811,403
37120,"Ozark, AL",2022-11-01,16,49,16,2,83,2894,419
37120,"Ozark, AL",2022-12-01,15,40,20,3,78,2972,434
37120,"Ozark, AL",2023-01-01,19,54,16,3,92,3064,453
37120,"Ozark, AL",2023-02-01,16,51,12,1,80,3144,469
37120,"Ozark, AL",2023-03-01,22,54,21,1,98,3242,491
37120,"Ozark, AL",2023-04-01,23,36,13,2,74,3316,514
37120,"Ozark, AL",2023-05-01,8,23,8,0,39,3355,522
37120,"Ozark, AL",2023-06-01,4,17,4,2,27,3382,526
37120,"Ozark, AL",2023-07-01,10,21,4,0,35,3417,536
37120,"Ozark, AL",2023-08-01,7,21,8,0,36,3453,543
37120,"Ozark, AL",2023-09-01,10,10,4,0,24,3477,553
37120,"Ozark, AL",2023-10-01,8,18,8,1,35,3512,561
37120,"Ozark, AL",2023-11-01,10,17,5,2,34,3546,571
37120,"Ozark, AL",2023-12-01,16,26,11,0,53,3599,587
37120,"Ozark, AL",2024-01-01,14,16,5,2,37,3636,601
37120,"Ozark, AL",2024-02-01,12,25,6,2,45,3681,613
37120,"Ozark, AL",2024-03-01,14,22,18,1,55,3736,627
37120,"Ozark, AL",2024-04-01,13,20,8,2,43,3779,640
37120,"Ozark, AL",2024-05-01,5,17,5,0,27,3806,645
37120,"Ozark, AL",2024-06-01,7,11,2,0,20,3826,652
37120,"Ozark, AL",2024-07-01,2,14,5,1,22,3848,654
37120,"Ozark, AL",2024-08-01,5,13,4,0,22,3870,659
37120,"Ozark, AL",2024-09-01,5,18,5,0,28,3898,664
37120,"Ozark, AL",2024-10-01,16,32,6,1,55,3953,680
37120,"Ozark, AL",2024-11-01,16,17,10,0,43,3996,696
37120,"Ozark, AL",2024-12-01,14,16,11,2,43,4039,710
37120,"Ozark, AL",2025-01-01,11,20,4,1,36,4075,721
37120,"Ozark, AL",2025-02-01,14,16,4,0,34,4109,735
37120,"Ozark, AL",2025-03-01,22,21,13,1,57,4166,757
37120,"Ozark, AL",2025-04-01,13,24,7,1,45,4211,770
37120,"Ozark, AL",2025-05-01,6,21,7,1,35,4246,776
37120,"Ozark, AL",2025-06-01,16,14,7,0,37,4283,792
37120,"Ozark, AL",2025-07-01,9,12,6,2,29,4312,801
37120,"Ozark, AL",2025-08-01,10,12,7,0,29,4341,811
21300,"Elmira, NY",2019-01-01,0,3,0,0,3,3,0
21300,"Elmira, NY",2019-02-01,0,2,1,0,3,6,0
21300,"Elmira, NY",2019-03-01,0,28,5,0,33,39,0
21300,"Elmira, NY",2019-04-01,0,20,4,1,25,64,0
21300,"Elmira, NY",2019-05-01,1,27,5,0,33,97,1
21300,"Elmira, NY",2019-06-01,1,17,5,0,23,120,2
21300,"Elmira, NY",2019-07-01,2,8,5,1,16,136,4
21300,"Elmira, NY",2019-08-01,1,16,6,0,23,159,5
21300,"Elmira, NY",2019-09-01,2,11,9,1,23,182,7
21300,"Elmira, NY",2019-10-01,1,25,4,0,30,212,8
21300,"Elmira, NY",2019-11-01,3,18,8,0,29,241,11
21300,"Elmira, NY",2019-12-01,2,26,5,1,34,275,13
21300,"Elmira, NY",2020-01-01,5,25,5,1,36,311,18
21300,"Elmira, NY",2020-02-01,4,17,6,3,30,341,22
21300,"Elmira, NY",2020-03-01,8,38,12,1,59,400,30
21300,"Elmira, NY",2020-04-01,12,35,9,2,58,458,42
21300,"Elmira, NY",2020-05-01,26,56,9,1,92,550,68
21300,"Elmira, NY",2020-06-01,33,60,5,0,98,648,101
21300,"Elmira, NY",2020-07-01,32,64,8,1,105,753,133
21300,"Elmira, NY",2020-08-01,18,78,20,3,119,872,151
21300,"Elmira, NY",2020-09-01,11,58,17,1,87,959,162
21300,"Elmira, NY",2020-10-01,19,77,25,2,123,1082,181
21300,"Elmira, NY",2020-11-01,12,37,8,0,57,1139,193
21300,"Elmira, NY",2020-12-01,19,40,6,1,66,1205,212
21300,"Elmira, NY",2021-01-01,41,55,20,0,116,1321,253
21300,"Elmira, NY",2021-02-01,27,68,18,1,114,1435,280
21300,"Elmira, NY",2021-03-01,17,62,14,1,94,1529,297
21300,"Elmira, NY",2021-04-01,32,57,18,3,110,1639,329
21300,"Elmira, NY",2021-05-01,42,90,26,2,160,1799,371
21300,"Elmira, NY",2021-06-01,17,49,7,1,74,1873,388
21300,"Elmira, NY",2021-07-01,14,31,7,1,53,1926,402
21300,"Elmira, NY",2021-08-01,8,49,8,1,66,1992,410
21300,"Elmira, NY",2021-09-01,9,51,11,2,73,2065,419
21300,"Elmira, NY",2021-10-01,7,34,8,2,51,2116,426
21300,"Elmira, NY",2021-11-01,10,35,12,2,59,2175,436
21300,"Elmira, NY",2021-12-01,23,44,7,1,75,2250,459
21300,"Elmira, NY",2022-01-01,20,45,16,2,83,2333,479
21300,"Elmira, NY",2022-02-01,28,54,21,0,103,2436,507
21300,"Elmira, NY",2022-03-01,32,58,18,2,110,2546,539
21300,"Elmira, NY",2022-04-01,25,50,24,0,99,2645,564
21300,"Elmira, NY",2022-05-01,16,45,12,0,73,2718,580
21300,"Elmira, NY",2022-06-01,20,34,12,0,66,2784,600
21300,"Elmira, NY",2022-07-01,14,39,9,1,63,2847,614
21300,"Elmira, NY",2022-08-01,13,29,13,0,55,2902,627
21300,"Elmira, NY",2022-09-01,10,41,12,0,63,2965,637
21300,"Elmira, NY",2022-10-01,19,40,18,3,80,3045,656
21300,"Elmira, NY",2022-11-01,24,59,14,3,100,3145,680
21300,"Elmira, NY",2022-12-01,29,42,17,2,90,3235,709
21300,"Elmira, NY",2023-01-01,21,36,15,3,75,3310,730
21300,"Elmira, NY",2023-02-01,15,43,12,0,70,3380,745
21300,"Elmira, NY",2023-03-01,28,63,20,0,111,3491,773
21300,"Elmira, NY",2023-04-01,16,26,10,1,53,3544,789
21300,"Elmira, NY",2023-05-01,20,25,3,0,48,3592,809
21300,"Elmira, NY",2023-06-01,13,16,5,0,34,3626,822
21300,"Elmira, NY",2023-07-01,10,19,5,1,35,3661,832
21300,"Elmira, NY",2023-08-01,9,17,9,1,36,3697,841
21300,"Elmira, NY",2023-09-01,27,44,9,2,82,3779,868
21300,"Elmira, NY",2023-10-01,19,32,18,2,71,3850,887
21300,"Elmira, NY",2023-11-01,27,49,21,0,97,3947,914
21300,"Elmira, NY",2023-12-01,31,44,16,1,92,4039,945
21300,"Elmira, NY",2024-01-01,33,54,21,2,110,4149,978
21300,"Elmira, NY",2024-02-01,49,52,16,4,121,4270,1027
21300,"Elmira, NY",2024-03-01,50,61,11,2,124,4394,1077
21300,"Elmira, NY",2024-04-01,31,38,15,1,85,4479,1108
21300,"Elmira, NY",2024-05-01,19,26,12,1,58,4537,1127
21300,"Elmira, NY",2024-06-01,8,16,3,1,28,4565,1135
21300,"Elmira, NY",2024-07-01,28,46,9,0,83,4648,1163
21300,"Elmira, NY",2024-08-01,17,19,9,1,46,4694,1180
21300,"Elmira, NY",2024-09-01,25,26,13,0,64,4758,1205
21300,"Elmira, NY",2024-10-01,41,53,12,5,111,4869,1246
21300,"Elmira, NY",2024-11-01,40,42,25,3,110,4979,1286
21300,"Elmira, NY",2024-12-01,57,51,11,1,120,5099,1343
21300,"Elmira, NY",2025-01-01,41,56,25,2,124,5223,1384
21300,"Elmira, NY",2025-02-01,42,42,13,2,99,5322,1426
21300,"Elmira, NY",2025-03-01,49,59,15,2,125,5447,1475
21300,"Elmira, NY",2025-04-01,56,56,21,0,133,5580,1531
21300,"Elmira, NY",2025-05-01,53,51,14,0,118,5698,1584
21300,"Elmira, NY",2025-06-01,45,68,15,4,132,5830,1629
21300,"Elmira, NY",2025-07-01,35,42,11,0,88,5918,1664
21300,"Elmira, NY",2025-08-01,28,42,7,2,79,5997,1692
21300,"Elmira, NY",2025-09-01,0,2,0,0,2,5999,1692
21260,"Ellensburg, WA",2019-01-01,1,0,0,0,1,1,1
21260,"Ellensburg, WA",2019-02-01,0,4,1,0,5,6,1
21260,"Ellensburg, WA",2019-03-01,1,10,3,0,14,20,2
21260,"Ellensburg, WA",2019-04-01,1,4,1,0,6,26,3
21260,"Ellensburg, WA",2019-05-01,1,7,1,0,9,35,4
21260,"Ellensburg, WA",2019-06-01,2,5,0,0,7,42,6
21260,"Ellensburg, WA",2019-07-01,3,15,0,0,18,60,9
21260,"Ellensburg, WA",2019-08-01,1,11,4,0,16,76,10
21260,"Ellensburg, WA",2019-09-01,0,14,3,0,17,93,10
21260,"Ellensburg, WA",2019-10-01,0,21,1,0,22,115,10
21260,"Ellensburg, WA",2019-11-01,2,13,1,0,16,131,12
21260,"Ellensburg, WA",2019-12-01,5,15,1,0,21,152,17
21260,"Ellensburg, WA",2020-01-01,1,20,0,0,21,173,18
21260,"Ellensburg, WA",2020-02-01,2,18,3,0,23,196,20
21260,"Ellensburg, WA",2020-03-01,8,21,3,0,32,228,28
21260,"Ellensburg, WA",2020-04-01,12,25,1,0,38,266,40
21260,"Ellensburg, WA",2020-05-01,11,18,1,0,30,296,51
21260,"Ellensburg, WA",2020-06-01,21,31,2,0,54,350,72
21260,"Ellensburg, WA",2020-07-01,14,36,1,0,51,401,86
21260,"Ellensburg, WA",2020-08-01,19,35,4,0,58,459,105
21260,"Ellensburg, WA",2020-09-01,26,22,2,0,50,509,131
21260,"Ellensburg, WA",2020-10-01,24,29,3,0,56,565,155
21260,"Ellensburg, WA",2020-11-01,15,21,0,1,37,602,170
21260,"Ellensburg, WA",2020-12-01,21,20,0,0,41,643,191
21260,"Ellensburg, WA",2021-01-01,36,46,9,0,91,734,227
21260,"Ellensburg, WA",2021-02-01,21,24,2,0,47,781,248
21260,"Ellensburg, WA",2021-03-01,23,33,6,0,62,843,271
21260,"Ellensburg, WA",2021-04-01,15,11,4,1,31,874,286
21260,"Ellensburg, WA",2021-05-01,18,28,3,1,50,924,304
21260,"Ellensburg, WA",2021-06-01,17,28,3,0,48,972,321
21260,"Ellensburg, WA",2021-07-01,23,36,6,0,65,1037,344
21260,"Ellensburg, WA",2021-08-01,8,31,4,1,44,1081,352
21260,"Ellensburg, WA",2021-09-01,23,28,5,1,57,1138,375
21260,"Ellensburg, WA",2021-10-01,37,32,2,2,73,1211,412
21260,"Ellensburg, WA",2021-11-01,31,22,8,0,61,1272,443
21260,"Ellensburg, WA",2021-12-01,23,25,3,1,52,1324,466
21260,"Ellensburg, WA",2022-01-01,32,45,4,1,82,1406,498
21260,"Ellensburg, WA",2022-02-01,26,29,6,2,63,1469,524
21260,"Ellensburg, WA",2022-03-01,18,23,10,1,52,1521,542
21260,"Ellensburg, WA",2022-04-01,22,19,7,0,48,1569,564
21260,"Ellensburg, WA",2022-05-01,24,21,2,0,47,1616,588
21260,"Ellensburg, WA",2022-06-01,21,23,2,0,46,1662,609
21260,"Ellensburg, WA",2022-07-01,17,18,7,0,42,1704,626
21260,"Ellensburg, WA",2022-08-01,18,21,7,0,46,1750,644
21260,"Ellensburg, WA",2022-09-01,43,24,7,0,74,1824,687
21260,"Ellensburg, WA",2022-10-01,47,32,3,0,82,1906,734
21260,"Ellensburg, WA",2022-11-01,36,19,8,0,63,1969,770
21260,"Ellensburg, WA",2022-12-01,26,23,4,2,55,2024,796
21260,"Ellensburg, WA",2023-01-01,30,20,9,0,59,2083,826
21260,"Ellensburg, WA",2023-02-01,20,18,3,1,42,2125,846
21260,"Ellensburg, WA",2023-03-01,31,23,5,3,62,2187,877
21260,"Ellensburg, WA",2023-04-01,31,21,3,0,55,2242,908
21260,"Ellensburg, WA",2023-05-01,20,17,5,0,42,2284,928
21260,"Ellensburg, WA",2023-06-01,12,15,1,0,28,2312,940
21260,"Ellensburg, WA",2023-07-01,25,13,4,0,42,2354,965
21260,"Ellensburg, WA",2023-08-01,20,27,3,0,50,2404,985
21260,"Ellensburg, WA",2023-09-01,22,13,4,0,39,2443,1007
21260,"Ellensburg, WA",2023-10-01,22,13,7,1,43,2486,1029
21260,"Ellensburg, WA",2023-11-01,37,17,3,0,57,2543,1066
21260,"Ellensburg, WA",2023-12-01,30,24,1,0,55,2598,1096
21260,"Ellensburg, WA",2024-01-01,30,24,3,0,57,2655,1126
21260,"Ellensburg, WA",2024-02-01,33,21,8,0,62,2717,1159
21260,"Ellensburg, WA",2024-03-01,19,13,5,0,37,2754,1178
21260,"Ellensburg, WA",2024-04-01,19,5,4,1,29,2783,1197
21260,"Ellensburg, WA",2024-05-01,28,14,5,0,47,2830,1225
21260,"Ellensburg, WA",2024-06-01,21,9,8,0,38,2868,1246
21260,"Ellensburg, WA",2024-07-01,16,15,4,1,36,2904,1262
21260,"Ellensburg, WA",2024-08-01,19,16,7,0,42,2946,1281
21260,"Ellensburg, WA",2024-09-01,36,19,2,0,57,3003,1317
21260,"Ellensburg, WA",2024-10-01,43,18,5,1,67,3070,1360
21260,"Ellensburg, WA",2024-11-01,61,25,4,0,90,3160,1421
21260,"Ellensburg, WA",2024-12-01,34,15,7,0,56,3216,1455
21260,"Ellensburg, WA",2025-01-01,24,11,2,0,37,3253,1479
21260,"Ellensburg, WA",2025-02-01,31,18,2,0,51,3304,1510
21260,"Ellensburg, WA",2025-03-01,24,15,1,0,40,3344,1534
21260,"Ellensburg, WA",2025-04-01,34,15,2,1,52,3396,1568
21260,"Ellensburg, WA",2025-05-01,25,19,4,0,48,3444,1593
21260,"Ellensburg, WA",2025-06-01,21,19,3,0,43,3487,1614
21260,"Ellensburg, WA",2025-07-01,38,10,1,1,50,3537,1652
21260,"Ellensburg, WA",2025-08-01,21,9,6,1,37,3574,1673
21260,"Ellensburg, WA",2025-09-01,1,0,0,0,1,3575,1674
48460,"West Plains, MO",2019-01-01,0,0,2,0,2,2,0
48460,"West Plains, MO",2019-03-01,0,1,2,0,3,5,0
48460,"West Plains, MO",2019-04-01,0,1,0,0,1,6,0
48460,"West Plains, MO",2019-05-01,0,0,1,0,1,7,0
48460,"West Plains, MO",2019-06-01,0,1,0,0,1,8,0
48460,"West Plains, MO",2019-07-01,0,1,1,0,2,10,0
48460,"West Plains, MO",2019-08-01,0,2,1,0,3,13,0
48460,"West Plains, MO",2019-09-01,0,1,0,0,1,14,0
48460,"West Plains, MO",2019-11-01,0,3,0,0,3,17,0
48460,"West Plains, MO",2019-12-01,0,1,0,0,1,18,0
48460,"West Plains, MO",2020-01-01,0,2,2,0,4,22,0
48460,"West Plains, MO",2020-02-01,0,3,1,0,4,26,0
48460,"West Plains, MO",2020-03-01,1,1,0,0,2,28,1
48460,"West Plains, MO",2020-04-01,0,2,1,0,3,31,1
48460,"West Plains, MO",2020-05-01,1,3,1,0,5,36,2
48460,"West Plains, MO",2020-06-01,0,5,0,0,5,41,2
48460,"West Plains, MO",2020-07-01,1,5,2,0,8,49,3
48460,"West Plains, MO",2020-08-01,0,1,0,0,1,50,3
48460,"West Plains, MO",2020-09-01,0,3,1,0,4,54,3
48460,"West Plains, MO",2020-10-01,1,9,1,0,11,65,4
48460,"West Plains, MO",2020-11-01,4,3,0,1,8,73,8
48460,"West Plains, MO",2020-12-01,5,10,0,0,15,88,13
48460,"West Plains, MO",2021-01-01,5,16,2,1,24,112,18
48460,"West Plains, MO",2021-02-01,5,7,1,0,13,125,23
48460,"West Plains, MO",2021-03-01,10,8,2,0,20,145,33
48460,"West Plains, MO",2021-04-01,1,6,2,1,10,155,34
48460,"West Plains, MO",2021-05-01,5,11,5,0,21,176,39
48460,"West Plains, MO",2021-06-01,4,14,6,0,24,200,43
48460,"West Plains, MO",2021-07-01,6,16,6,1,29,229,49
48460,"West Plains, MO",2021-08-01,5,14,4,1,24,253,54
48460,"West Plains, MO",2021-09-01,5,12,4,1,22,275,59
48460,"West Plains, MO",2021-10-01,3,15,1,1,20,295,62
48460,"West Plains, MO",2021-11-01,3,15,6,1,25,320,65
48460,"West Plains, MO",2021-12-01,1,10,7,1,19,339,66
48460,"West Plains, MO",2022-01-01,6,21,5,0,32,371,72
48460,"West Plains, MO",2022-02-01,9,8,4,0,21,392,81
48460,"West Plains, MO",2022-03-01,9,18,7,0,34,426,90
48460,"West Plains, MO",2022-04-01,16,12,1,0,29,455,106
48460,"West Plains, MO",2022-05-01,4,11,3,0,18,473,110
48460,"West Plains, MO",2022-06-01,5,1,3,0,9,482,115
48460,"West Plains, MO",2022-07-01,7,16,3,1,27,509,122
48460,"West Plains, MO",2022-08-01,2,11,7,1,21,530,124
48460,"West Plains, MO",2022-09-01,6,7,1,0,14,544,130
48460,"West Plains, MO",2022-10-01,6,12,4,0,22,566,136
48460,"West Plains, MO",2022-11-01,6,8,4,0,18,584,142
48460,"West Plains, MO",2022-12-01,8,14,4,0,26,610,150
48460,"West Plains, MO",2023-01-01,5,13,10,1,29,639,155
48460,"West Plains, MO",2023-02-01,12,9,4,0,25,664,167
48460,"West Plains, MO",2023-03-01,19,13,5,0,37,701,186
48460,"West Plains, MO",2023-04-01,6,9,4,0,19,720,192
48460,"West Plains, MO",2023-05-01,3,6,0,0,9,729,195
48460,"West Plains, MO",2023-06-01,13,7,2,0,22,751,208
48460,"West Plains, MO",2023-07-01,11,8,3,2,24,775,219
48460,"West Plains, MO",2023-08-01,7,9,2,0,18,793,226
48460,"West Plains, MO",2023-09-01,14,6,5,0,25,818,240
48460,"West Plains, MO",2023-10-01,9,11,4,0,24,842,249
48460,"West Plains, MO",2023-11-01,11,11,3,0,25,867,260
48460,"West Plains, MO",2023-12-01,8,13,1,0,22,889,268
48460,"West Plains, MO",2024-01-01,7,13,2,0,22,911,275
48460,"West Plains, MO",2024-02-01,8,16,6,0,30,941,283
48460,"West Plains, MO",2024-03-01,12,15,1,0,28,969,295
48460,"West Plains, MO",2024-04-01,14,13,2,2,31,1000,309
48460,"West Plains, MO",2024-05-01,11,8,3,0,22,1022,320
48460,"West Plains, MO",2024-06-01,4,4,0,0,8,1030,324
48460,"West Plains, MO",2024-07-01,5,6,3,0,14,1044,329
48460,"West Plains, MO",2024-08-01,2,10,3,0,15,1059,331
48460,"West Plains, MO",2024-09-01,14,7,1,0,22,1081,345
48460,"West Plains, MO",2024-10-01,18,16,6,0,40,1121,363
48460,"West Plains, MO",2024-11-01,13,11,3,0,27,1148,376
48460,"West Plains, MO",2024-12-01,15,7,4,0,26,1174,391
48460,"West Plains, MO",2025-01-01,18,17,5,0,40,1214,409
48460,"West Plains, MO",2025-02-01,19,17,10,1,47,1261,428
48460,"West Plains, MO",2025-03-01,23,10,3,0,36,1297,451
48460,"West Plains, MO",2025-04-01,16,8,3,0,27,1324,467
48460,"West Plains, MO",2025-05-01,13,8,1,0,22,1346,480
48460,"West Plains, MO",2025-06-01,7,7,3,0,17,1363,487
48460,"West Plains, MO",2025-07-01,7,8,5,0,20,1383,494
48460,"West Plains, MO",2025-08-01,5,11,1,0,17,1400,499
13380,"Bellingham, WA",2019-01-01,3,21,6,0,30,30,3
13380,"Bellingham, WA",2019-02-01,1,31,3,2,37,67,4
13380,"Bellingham, WA",2019-03-01,2,31,3,0,36,103,6
13380,"Bellingham, WA",2019-04-01,0,50,4,2,56,159,6
13380,"Bellingham, WA",2019-05-01,2,48,6,0,56,215,8
13380,"Bellingham, WA",2019-06-01,3,48,3,0,54,269,11
13380,"Bellingham, WA",2019-07-01,8,38,6,0,52,321,19
13380,"Bellingham, WA",2019-08-01,7,28,11,0,46,367,26
13380,"Bellingham, WA",2019-09-01,9,43,6,1,59,426,35
13380,"Bellingham, WA",2019-10-01,7,39,6,1,53,479,42
13380,"Bellingham, WA",2019-11-01,4,51,3,1,59,538,46
13380,"Bellingham, WA",2019-12-01,8,36,10,0,54,592,54
13380,"Bellingham, WA",2020-01-01,7,37,11,1,56,648,61
13380,"Bellingham, WA",2020-02-01,7,34,10,1,52,700,68
13380,"Bellingham, WA",2020-03-01,18,54,13,2,87,787,86
13380,"Bellingham, WA",2020-04-01,45,97,13,2,157,944,131
13380,"Bellingham, WA",2020-05-01,59,100,17,0,176,1120,190
13380,"Bellingham, WA",2020-06-01,59,101,14,1,175,1295,249
13380,"Bellingham, WA",2020-07-01,49,98,14,0,161,1456,298
13380,"Bellingham, WA",2020-08-01,68,124,18,2,212,1668,366
13380,"Bellingham, WA",2020-09-01,64,115,21,1,201,1869,430
13380,"Bellingham, WA",2020-10-01,44,105,15,1,165,2034,474
13380,"Bellingham, WA",2020-11-01,38,67,8,0,113,2147,512
13380,"Bellingham, WA",2020-12-01,52,81,10,1,144,2291,564
13380,"Bellingham, WA",2021-01-01,57,106,14,2,179,2470,621
13380,"Bellingham, WA",2021-02-01,39,58,12,1,110,2580,660
13380,"Bellingham, WA",2021-03-01,59,79,15,2,155,2735,719
13380,"Bellingham, WA",2021-04-01,43,79,9,2,133,2868,762
13380,"Bellingham, WA",2021-05-01,52,74,9,1,136,3004,814
13380,"Bellingham, WA",2021-06-01,41,78,7,1,127,3131,855
13380,"Bellingham, WA",2021-07-01,50,100,10,1,161,3292,905
13380,"Bellingham, WA",2021-08-01,43,79,18,4,144,3436,948
13380,"Bellingham, WA",2021-09-01,40,76,9,0,125,3561,988
13380,"Bellingham, WA",2021-10-01,42,51,7,0,100,3661,1030
13380,"Bellingham, WA",2021-11-01,51,92,24,0,167,3828,1081
13380,"Bellingham, WA",2021-12-01,51,77,15,0,143,3971,1132
13380,"Bellingham, WA",2022-01-01,81,175,30,4,290,4261,1213
13380,"Bellingham, WA",2022-02-01,69,89,26,2,186,4447,1282
13380,"Bellingham, WA",2022-03-01,55,96,18,2,171,4618,1337
13380,"Bellingham, WA",2022-04-01,46,62,21,1,130,4748,1383
13380,"Bellingham, WA",2022-05-01,49,60,9,2,120,4868,1432
13380,"Bellingham, WA",2022-06-01,53,42,17,1,113,4981,1485
13380,"Bellingham, WA",2022-07-01,59,51,16,1,127,5108,1544
13380,"Bellingham, WA",2022-08-01,72,73,14,2,161,5269,1616
13380,"Bellingham, WA",2022-09-01,65,95,15,0,175,5444,1681
13380,"Bellingham, WA",2022-10-01,56,73,23,2,154,5598,1737
13380,"Bellingham, WA",2022-11-01,69,67,20,0,156,5754,1806
13380,"Bellingham, WA",2022-12-01,70,75,19,1,165,5919,1876
13380,"Bellingham, WA",2023-01-01,88,84,19,0,191,6110,1964
13380,"Bellingham, WA",2023-02-01,57,50,11,1,119,6229,2021
13380,"Bellingham, WA",2023-03-01,57,51,18,3,129,6358,2078
13380,"Bellingham, WA",2023-04-01,43,72,16,2,133,6491,2121
13380,"Bellingham, WA",2023-05-01,41,41,8,1,91,6582,2162
13380,"Bellingham, WA",2023-06-01,31,43,11,0,85,6667,2193
13380,"Bellingham, WA",2023-07-01,50,34,6,2,92,6759,2243
13380,"Bellingham, WA",2023-08-01,30,44,12,1,87,6846,2273
13380,"Bellingham, WA",2023-09-01,42,37,13,1,93,6939,2315
13380,"Bellingham, WA",2023-10-01,60,60,20,0,140,7079,2375
13380,"Bellingham, WA",2023-11-01,61,75,25,1,162,7241,2436
13380,"Bellingham, WA",2023-12-01,60,55,16,2,133,7374,2496
13380,"Bellingham, WA",2024-01-01,59,61,16,2,138,7512,2555
13380,"Bellingham, WA",2024-02-01,59,61,22,3,145,7657,2614
13380,"Bellingham, WA",2024-03-01,76,52,17,3,148,7805,2690
13380,"Bellingham, WA",2024-04-01,50,55,12,1,118,7923,2740
13380,"Bellingham, WA",2024-05-01,47,42,11,1,101,8024,2787
13380,"Bellingham, WA",2024-06-01,40,46,10,0,96,8120,2827
13380,"Bellingham, WA",2024-07-01,25,24,6,2,57,8177,2852
13380,"Bellingham, WA",2024-08-01,29,25,6,0,60,8237,2881
13380,"Bellingham, WA",2024-09-01,62,47,14,2,125,8362,2943
13380,"Bellingham, WA",2024-10-01,79,70,21,4,174,8536,3022
13380,"Bellingham, WA",2024-11-01,73,52,15,1,141,8677,3095
13380,"Bellingham, WA",2024-12-01,92,56,10,2,160,8837,3187
13380,"Bellingham, WA",2025-01-01,71,63,21,2,157,8994,3258
13380,"Bellingham, WA",2025-02-01,73,59,10,3,145,9139,3331
13380,"Bellingham, WA",2025-03-01,67,47,10,2,126,9265,3398
13380,"Bellingham, WA",2025-04-01,60,41,14,1,116,9381,3458
13380,"Bellingham, WA",2025-05-01,65,45,11,1,122,9503,3523
13380,"Bellingham, WA",2025-06-01,67,33,11,1,112,9615,3590
13380,"Bellingham, WA",2025-07-01,27,26,6,0,59,9674,3617
13380,"Bellingham, WA",2025-08-01,39,32,6,2,79,9753,3656
13380,"Bellingham, WA",2025-09-01,2,0,0,0,2,9755,3658
29100,"La Crosse-Onalaska, WI-MN",2019-01-01,0,1,0,0,1,1,0
29100,"La Crosse-Onalaska, WI-MN",2019-02-01,1,1,0,0,2,3,1
29100,"La Crosse-Onalaska, WI-MN",2019-03-01,1,5,1,0,7,10,2
29100,"La Crosse-Onalaska, WI-MN",2019-04-01,3,12,6,1,22,32,5
29100,"La Crosse-Onalaska, WI-MN",2019-05-01,0,19,1,1,21,53,5
29100,"La Crosse-Onalaska, WI-MN",2019-06-01,1,24,5,0,30,83,6
29100,"La Crosse-Onalaska, WI-MN",2019-07-01,1,12,5,1,19,102,7
29100,"La Crosse-Onalaska, WI-MN",2019-08-01,2,11,4,0,17,119,9
29100,"La Crosse-Onalaska, WI-MN",2019-09-01,1,29,7,0,37,156,10
29100,"La Crosse-Onalaska, WI-MN",2019-10-01,2,20,2,0,24,180,12
29100,"La Crosse-Onalaska, WI-MN",2019-11-01,6,16,2,0,24,204,18
29100,"La Crosse-Onalaska, WI-MN",2019-12-01,2,11,2,0,15,219,20
29100,"La Crosse-Onalaska, WI-MN",2020-01-01,5,24,3,1,33,252,25
29100,"La Crosse-Onalaska, WI-MN",2020-02-01,3,17,3,0,23,275,28
29100,"La Crosse-Onalaska, WI-MN",2020-03-01,5,25,6,0,36,311,33
29100,"La Crosse-Onalaska, WI-MN",2020-04-01,27,51,5,0,83,394,60
29100,"La Crosse-Onalaska, WI-MN",2020-05-01,28,48,2,1,79,473,88
29100,"La Crosse-Onalaska, WI-MN",2020-06-01,31,50,4,0,85,558,119
29100,"La Crosse-Onalaska, WI-MN",2020-07-01,25,43,4,0,72,630,144
29100,"La Crosse-Onalaska, WI-MN",2020-08-01,27,42,3,1,73,703,171
29100,"La Crosse-Onalaska, WI-MN",2020-09-01,28,49,5,0,82,785,199
29100,"La Crosse-Onalaska, WI-MN",2020-10-01,29,40,5,1,75,860,228
29100,"La Crosse-Onalaska, WI-MN",2020-11-01,32,42,9,1,84,944,260
29100,"La Crosse-Onalaska, WI-MN",2020-12-01,47,51,6,2,106,1050,307
29100,"La Crosse-Onalaska, WI-MN",2021-01-01,49,57,8,0,114,1164,356
29100,"La Crosse-Onalaska, WI-MN",2021-02-01,60,90,6,1,157,1321,416
29100,"La Crosse-Onalaska, WI-MN",2021-03-01,76,56,10,0,142,1463,492
29100,"La Crosse-Onalaska, WI-MN",2021-04-01,48,63,10,2,123,1586,540
29100,"La Crosse-Onalaska, WI-MN",2021-05-01,60,59,6,0,125,1711,600
29100,"La Crosse-Onalaska, WI-MN",2021-06-01,49,59,7,0,115,1826,649
29100,"La Crosse-Onalaska, WI-MN",2021-07-01,38,33,4,0,75,1901,687
29100,"La Crosse-Onalaska, WI-MN",2021-08-01,33,48,6,0,87,1988,720
29100,"La Crosse-Onalaska, WI-MN",2021-09-01,30,39,7,2,78,2066,750
29100,"La Crosse-Onalaska, WI-MN",2021-10-01,26,55,10,4,95,2161,776
29100,"La Crosse-Onalaska, WI-MN",2021-11-01,37,38,6,0,81,2242,813
29100,"La Crosse-Onalaska, WI-MN",2021-12-01,49,48,8,1,106,2348,862
29100,"La Crosse-Onalaska, WI-MN",2022-01-01,106,80,16,1,203,2551,968
29100,"La Crosse-Onalaska, WI-MN",2022-02-01,66,66,14,0,146,2697,1034
29100,"La Crosse-Onalaska, WI-MN",2022-03-01,42,51,10,0,103,2800,1076
29100,"La Crosse-Onalaska, WI-MN",2022-04-01,36,27,6,3,72,2872,1112
29100,"La Crosse-Onalaska, WI-MN",2022-05-01,34,49,12,1,96,2968,1146
29100,"La Crosse-Onalaska, WI-MN",2022-06-01,43,39,7,0,89,3057,1189
29100,"La Crosse-Onalaska, WI-MN",2022-07-01,46,40,8,1,95,3152,1235
29100,"La Crosse-Onalaska, WI-MN",2022-08-01,37,38,10,1,86,3238,1272
29100,"La Crosse-Onalaska, WI-MN",2022-09-01,45,26,9,0,80,3318,1317
29100,"La Crosse-Onalaska, WI-MN",2022-10-01,61,58,14,1,134,3452,1378
29100,"La Crosse-Onalaska, WI-MN",2022-11-01,48,57,13,1,119,3571,1426
29100,"La Crosse-Onalaska, WI-MN",2022-12-01,55,38,9,2,104,3675,1481
29100,"La Crosse-Onalaska, WI-MN",2023-01-01,77,48,9,0,134,3809,1558
29100,"La Crosse-Onalaska, WI-MN",2023-02-01,65,46,18,1,130,3939,1623
29100,"La Crosse-Onalaska, WI-MN",2023-03-01,80,50,14,1,145,4084,1703
29100,"La Crosse-Onalaska, WI-MN",2023-04-01,46,44,13,0,103,4187,1749
29100,"La Crosse-Onalaska, WI-MN",2023-05-01,31,49,11,0,91,4278,1780
29100,"La Crosse-Onalaska, WI-MN",2023-06-01,39,35,7,0,81,4359,1819
29100,"La Crosse-Onalaska, WI-MN",2023-07-01,57,49,8,0,114,4473,1876
29100,"La Crosse-Onalaska, WI-MN",2023-08-01,33,36,15,1,85,4558,1909
29100,"La Crosse-Onalaska, WI-MN",2023-09-01,49,41,14,1,105,4663,1958
29100,"La Crosse-Onalaska, WI-MN",2023-10-01,71,50,9,3,133,4796,2029
29100,"La Crosse-Onalaska, WI-MN",2023-11-01,55,44,16,2,117,4913,2084
29100,"La Crosse-Onalaska, WI-MN",2023-12-01,73,47,17,0,137,5050,2157
29100,"La Crosse-Onalaska, WI-MN",2024-01-01,68,52,19,3,142,5192,2225
29100,"La Crosse-Onalaska, WI-MN",2024-02-01,60,43,20,4,127,5319,2285
29100,"La Crosse-Onalaska, WI-MN",2024-03-01,73,57,16,0,146,5465,2358
29100,"La Crosse-Onalaska, WI-MN",2024-04-01,51,44,19,4,118,5583,2409
29100,"La Crosse-Onalaska, WI-MN",2024-05-01,63,59,7,1,130,5713,2472
29100,"La Crosse-Onalaska, WI-MN",2024-06-01,66,36,13,0,115,5828,2538
29100,"La Crosse-Onalaska, WI-MN",2024-07-01,65,39,10,0,114,5942,2603
29100,"La Crosse-Onalaska, WI-MN",2024-08-01,26,30,10,0,66,6008,2629
29100,"La Crosse-Onalaska, WI-MN",2024-09-01,54,41,11,2,108,6116,2683
29100,"La Crosse-Onalaska, WI-MN",2024-10-01,75,49,11,2,137,6253,2758
29100,"La Crosse-Onalaska, WI-MN",2024-11-01,78,33,21,1,133,6386,2836
29100,"La Crosse-Onalaska, WI-MN",2024-12-01,89,43,11,1,144,6530,2925
29100,"La Crosse-Onalaska, WI-MN",2025-01-01,76,42,12,1,131,6661,3001
29100,"La Crosse-Onalaska, WI-MN",2025-02-01,92,35,15,2,144,6805,3093
29100,"La Crosse-Onalaska, WI-MN",2025-03-01,70,36,14,1,121,6926,3163
29100,"La Crosse-Onalaska, WI-MN",2025-04-01,78,32,8,3,121,7047,3241
29100,"La Crosse-Onalaska, WI-MN",2025-05-01,73,46,10,1,130,7177,3314
29100,"La Crosse-Onalaska, WI-MN",2025-06-01,64,41,11,1,117,7294,3378
29100,"La Crosse-Onalaska, WI-MN",2025-07-01,65,45,14,2,126,7420,3443
29100,"La Crosse-Onalaska, WI-MN",2025-08-01,51,41,10,0,102,7522,3494
29100,"La Crosse-Onalaska, WI-MN",2025-09-01,4,1,0,0,5,7527,3498
42740,"Sedalia, MO",2019-01-01,0,0,0,1,1,1,0
42740,"Sedalia, MO",2019-02-01,0,5,2,0,7,8,0
42740,"Sedalia, MO",2019-03-01,0,2,0,0,2,10,0
42740,"Sedalia, MO",2019-04-01,0,4,1,0,5,15,0
42740,"Sedalia, MO",2019-05-01,0,2,0,1,3,18,0
42740,"Sedalia, MO",2019-06-01,0,8,0,0,8,26,0
42740,"Sedalia, MO",2019-07-01,2,7,1,0,10,36,2
42740,"Sedalia, MO",2019-08-01,0,17,6,0,23,59,2
42740,"Sedalia, MO",2019-09-01,2,14,2,1,19,78,4
42740,"Sedalia, MO",2019-10-01,0,9,2,0,11,89,4
42740,"Sedalia, MO",2019-11-01,0,13,5,0,18,107,4
42740,"Sedalia, MO",2019-12-01,2,6,3,0,11,118,6
42740,"Sedalia, MO",2020-01-01,2,13,3,0,18,136,8
42740,"Sedalia, MO",2020-02-01,1,16,1,0,18,154,9
42740,"Sedalia, MO",2020-03-01,4,25,1,0,30,184,13
42740,"Sedalia, MO",2020-04-01,3,35,9,0,47,231,16
42740,"Sedalia, MO",2020-05-01,6,28,5,0,39,270,22
42740,"Sedalia, MO",2020-06-01,3,27,3,0,33,303,25
42740,"Sedalia, MO",2020-07-01,6,29,4,1,40,343,31
42740,"Sedalia, MO",2020-08-01,5,30,4,0,39,382,36
42740,"Sedalia, MO",2020-09-01,9,18,6,0,33,415,45
42740,"Sedalia, MO",2020-10-01,7,22,3,1,33,448,52
42740,"Sedalia, MO",2020-11-01,7,13,3,1,24,472,59
42740,"Sedalia, MO",2020-12-01,10,17,2,0,29,501,69
42740,"Sedalia, MO",2021-01-01,6,21,7,0,34,535,75
42740,"Sedalia, MO",2021-02-01,15,30,7,1,53,588,90
42740,"Sedalia, MO",2021-03-01,13,35,5,0,53,641,103
42740,"Sedalia, MO",2021-04-01,12,41,15,0,68,709,115
42740,"Sedalia, MO",2021-05-01,10,44,8,2,64,773,125
42740,"Sedalia, MO",2021-06-01,17,32,13,0,62,835,142
42740,"Sedalia, MO",2021-07-01,20,43,10,1,74,909,162
42740,"Sedalia, MO",2021-08-01,9,24,16,0,49,958,171
42740,"Sedalia, MO",2021-09-01,15,30,7,2,54,1012,186
42740,"Sedalia, MO",2021-10-01,12,39,4,1,56,1068,198
42740,"Sedalia, MO",2021-11-01,15,27,7,1,50,1118,213
42740,"Sedalia, MO",2021-12-01,14,34,9,1,58,1176,227
42740,"Sedalia, MO",2022-01-01,20,48,11,0,79,1255,247
42740,"Sedalia, MO",2022-02-01,15,44,5,2,66,1321,262
42740,"Sedalia, MO",2022-03-01,22,36,7,1,66,1387,284
42740,"Sedalia, MO",2022-04-01,17,27,11,5,60,1447,301
42740,"Sedalia, MO",2022-05-01,13,34,11,1,59,1506,314
42740,"Sedalia, MO",2022-06-01,11,25,4,1,41,1547,325
42740,"Sedalia, MO",2022-07-01,17,29,11,2,59,1606,342
42740,"Sedalia, MO",2022-08-01,14,42,6,0,62,1668,356
42740,"Sedalia, MO",2022-09-01,19,31,9,0,59,1727,375
42740,"Sedalia, MO",2022-10-01,17,25,10,0,52,1779,392
42740,"Sedalia, MO",2022-11-01,12,21,10,0,43,1822,404
42740,"Sedalia, MO",2022-12-01,26,27,12,0,65,1887,430
42740,"Sedalia, MO",2023-01-01,25,26,7,2,60,1947,455
42740,"Sedalia, MO",2023-02-01,16,20,8,0,44,1991,471
42740,"Sedalia, MO",2023-03-01,37,28,12,2,79,2070,508
42740,"Sedalia, MO",2023-04-01,25,20,5,0,50,2120,533
42740,"Sedalia, MO",2023-05-01,13,31,6,0,50,2170,546
42740,"Sedalia, MO",2023-06-01,16,26,6,1,49,2219,562
42740,"Sedalia, MO",2023-07-01,14,17,5,1,37,2256,576
42740,"Sedalia, MO",2023-08-01,12,25,5,0,42,2298,588
42740,"Sedalia, MO",2023-09-01,19,23,11,1,54,2352,607
42740,"Sedalia, MO",2023-10-01,17,25,4,1,47,2399,624
42740,"Sedalia, MO",2023-11-01,36,15,12,1,64,2463,660
42740,"Sedalia, MO",2023-12-01,15,32,6,2,55,2518,675
42740,"Sedalia, MO",2024-01-01,38,29,11,1,79,2597,713
42740,"Sedalia, MO",2024-02-01,26,23,10,1,60,2657,739
42740,"Sedalia, MO",2024-03-01,38,27,9,0,74,2731,777
42740,"Sedalia, MO",2024-04-01,13,19,6,0,38,2769,790
42740,"Sedalia, MO",2024-05-01,9,15,5,0,29,2798,799
42740,"Sedalia, MO",2024-06-01,9,13,7,2,31,2829,808
42740,"Sedalia, MO",2024-07-01,6,8,4,0,18,2847,814
42740,"Sedalia, MO",2024-08-01,14,10,6,0,30,2877,828
42740,"Sedalia, MO",2024-09-01,14,15,6,1,36,2913,842
42740,"Sedalia, MO",2024-10-01,35,26,4,0,65,2978,877
42740,"Sedalia, MO",2024-11-01,27,21,5,1,54,3032,904
42740,"Sedalia, MO",2024-12-01,28,29,11,2,70,3102,932
42740,"Sedalia, MO",2025-01-01,37,25,8,1,71,3173,969
42740,"Sedalia, MO",2025-02-01,32,27,5,1,65,3238,1001
42740,"Sedalia, MO",2025-03-01,31,30,12,1,74,3312,1032
42740,"Sedalia, MO",2025-04-01,26,28,12,0,66,3378,1058
42740,"Sedalia, MO",2025-05-01,28,28,6,0,62,3440,1086
42740,"Sedalia, MO",2025-06-01,20,21,9,1,51,3491,1106
42740,"Sedalia, MO",2025-07-01,24,32,10,1,67,3558,1130
42740,"Sedalia, MO",2025-08-01,28,16,5,1,50,3608,1158
42740,"Sedalia, MO",2025-09-01,1,0,0,0,1,3609,1159
10620,"Albemarle, NC",2019-01-01,0,5,0,0,5,5,0
10620,"Albemarle, NC",2019-02-01,0,5,0,0,5,10,0
10620,"Albemarle, NC",2019-03-01,0,3,3,1,7,17,0
10620,"Albemarle, NC",2019-04-01,0,4,1,0,5,22,0
10620,"Albemarle, NC",2019-05-01,0,6,0,0,6,28,0
10620,"Albemarle, NC",2019-06-01,0,5,3,0,8,36,0
10620,"Albemarle, NC",2019-07-01,0,11,1,0,12,48,0
10620,"Albemarle, NC",2019-08-01,0,10,4,0,14,62,0
10620,"Albemarle, NC",2019-09-01,3,15,4,1,23,85,3
10620,"Albemarle, NC",2019-10-01,0,5,7,0,12,97,3
10620,"Albemarle, NC",2019-11-01,1,7,2,0,10,107,4
10620,"Albemarle, NC",2019-12-01,2,5,2,0,9,116,6
10620,"Albemarle, NC",2020-01-01,1,6,2,0,9,125,7
10620,"Albemarle, NC",2020-02-01,2,8,1,0,11,136,9
10620,"Albemarle, NC",2020-03-01,1,12,0,1,14,150,10
10620,"Albemarle, NC",2020-04-01,5,14,5,1,25,175,15
10620,"Albemarle, NC",2020-05-01,5,14,8,0,27,202,20
10620,"Albemarle, NC",2020-06-01,2,16,3,0,21,223,22
10620,"Albemarle, NC",2020-07-01,3,10,6,1,20,243,25
10620,"Albemarle, NC",2020-08-01,4,26,5,1,36,279,29
10620,"Albemarle, NC",2020-09-01,2,23,3,0,28,307,31
10620,"Albemarle, NC",2020-10-01,3,16,3,1,23,330,34
10620,"Albemarle, NC",2020-11-01,4,10,4,0,18,348,38
10620,"Albemarle, NC",2020-12-01,9,14,3,0,26,374,47
10620,"Albemarle, NC",2021-01-01,9,24,6,1,40,414,56
10620,"Albemarle, NC",2021-02-01,13,35,4,0,52,466,69
10620,"Albemarle, NC",2021-03-01,12,24,10,4,50,516,81
10620,"Albemarle, NC",2021-04-01,13,32,7,0,52,568,94
10620,"Albemarle, NC",2021-05-01,15,37,11,0,63,631,109
10620,"Albemarle, NC",2021-06-01,10,26,6,2,44,675,119
10620,"Albemarle, NC",2021-07-01,10,38,8,0,56,731,129
10620,"Albemarle, NC",2021-08-01,13,33,7,1,54,785,142
10620,"Albemarle, NC",2021-09-01,8,26,9,1,44,829,150
10620,"Albemarle, NC",2021-10-01,7,26,9,1,43,872,157
10620,"Albemarle, NC",2021-11-01,11,21,12,0,44,916,168
10620,"Albemarle, NC",2021-12-01,16,23,8,2,49,965,184
10620,"Albemarle, NC",2022-01-01,15,39,10,0,64,1029,199
10620,"Albemarle, NC",2022-02-01,14,38,7,1,60,1089,213
10620,"Albemarle, NC",2022-03-01,13,31,9,1,54,1143,226
10620,"Albemarle, NC",2022-04-01,13,39,5,0,57,1200,239
10620,"Albemarle, NC",2022-05-01,12,30,8,1,51,1251,251
10620,"Albemarle, NC",2022-06-01,7,14,9,0,30,1281,258
10620,"Albemarle, NC",2022-07-01,15,32,4,0,51,1332,273
10620,"Albemarle, NC",2022-08-01,12,31,8,3,54,1386,285
10620,"Albemarle, NC",2022-09-01,6,23,8,0,37,1423,291
10620,"Albemarle, NC",2022-10-01,8,13,7,0,28,1451,299
10620,"Albemarle, NC",2022-11-01,11,27,9,1,48,1499,310
10620,"Albemarle, NC",2022-12-01,13,20,5,1,39,1538,323
10620,"Albemarle, NC",2023-01-01,18,24,11,0,53,1591,341
10620,"Albemarle, NC",2023-02-01,15,21,6,0,42,1633,356
10620,"Albemarle, NC",2023-03-01,20,23,5,0,48,1681,376
10620,"Albemarle, NC",2023-04-01,10,25,8,0,43,1724,386
10620,"Albemarle, NC",2023-05-01,17,29,3,0,49,1773,403
10620,"Albemarle, NC",2023-06-01,8,15,6,0,29,1802,411
10620,"Albemarle, NC",2023-07-01,12,23,4,1,40,1842,423
10620,"Albemarle, NC",2023-08-01,19,29,9,2,59,1901,442
10620,"Albemarle, NC",2023-09-01,20,34,16,1,71,1972,462
10620,"Albemarle, NC",2023-10-01,14,28,9,1,52,2024,476
10620,"Albemarle, NC",2023-11-01,17,24,7,1,49,2073,493
10620,"Albemarle, NC",2023-12-01,22,26,12,1,61,2134,515
10620,"Albemarle, NC",2024-01-01,14,30,12,1,57,2191,529
10620,"Albemarle, NC",2024-02-01,11,25,15,1,52,2243,540
10620,"Albemarle, NC",2024-03-01,26,23,15,1,65,2308,566
10620,"Albemarle, NC",2024-04-01,11,21,6,1,39,2347,577
10620,"Albemarle, NC",2024-05-01,18,10,9,3,40,2387,595
10620,"Albemarle, NC",2024-06-01,18,25,6,0,49,2436,613
10620,"Albemarle, NC",2024-07-01,11,18,10,0,39,2475,624
10620,"Albemarle, NC",2024-08-01,8,10,7,0,25,2500,632
10620,"Albemarle, NC",2024-09-01,13,20,4,0,37,2537,645
10620,"Albemarle, NC",2024-10-01,18,23,17,5,63,2600,663
10620,"Albemarle, NC",2024-11-01,14,19,10,0,43,2643,677
10620,"Albemarle, NC",2024-12-01,20,17,8,1,46,2689,697
10620,"Albemarle, NC",2025-01-01,12,22,8,0,42,2731,709
10620,"Albemarle, NC",2025-02-01,20,14,4,1,39,2770,729
10620,"Albemarle, NC",2025-03-01,18,24,7,1,50,2820,747
10620,"Albemarle, NC",2025-04-01,24,19,14,2,59,2879,771
10620,"Albemarle, NC",2025-05-01,29,13,7,1,50,2929,800
10620,"Albemarle, NC",2025-06-01,34,22,5,1,62,2991,834
10620,"Albemarle, NC",2025-07-01,15,23,9,2,49,3040,849
10620,"Albemarle, NC",2025-08-01,10,20,4,2,36,3076,859
10620,"Albemarle, NC",2025-09-01,0,0,1,0,1,3077,859
23900,"Gettysburg, PA",2019-01-01,0,5,3,0,8,8,0
23900,"Gettysburg, PA",2019-02-01,0,9,3,0,12,20,0
23900,"Gettysburg, PA",2019-03-01,0,13,3,1,17,37,0
23900,"Gettysburg, PA",2019-04-01,0,29,11,0,40,77,0
23900,"Gettysburg, PA",2019-05-01,0,25,2,0,27,104,0
23900,"Gettysburg, PA",2019-06-01,3,13,5,0,21,125,3
23900,"Gettysburg, PA",2019-07-01,0,7,6,0,13,138,3
23900,"Gettysburg, PA",2019-08-01,2,15,10,1,28,166,5
23900,"Gettysburg, PA",2019-09-01,1,18,5,0,24,190,6
23900,"Gettysburg, PA",2019-10-01,3,16,3,0,22,212,9
23900,"Gettysburg, PA",2019-11-01,2,16,5,0,23,235,11
23900,"Gettysburg, PA",2019-12-01,2,19,3,0,24,259,13
23900,"Gettysburg, PA",2020-01-01,5,14,5,1,25,284,18
23900,"Gettysburg, PA",2020-02-01,0,18,5,0,23,307,18
23900,"Gettysburg, PA",2020-03-01,1,22,3,1,27,334,19
23900,"Gettysburg, PA",2020-04-01,9,32,15,0,56,390,28
23900,"Gettysburg, PA",2020-05-01,30,72,6,0,108,498,58
23900,"Gettysburg, PA",2020-06-01,18,40,6,1,65,563,76
23900,"Gettysburg, PA",2020-07-01,20,62,12,0,94,657,96
23900,"Gettysburg, PA",2020-08-01,22,74,16,2,114,771,118
23900,"Gettysburg, PA",2020-09-01,25,63,17,2,107,878,143
23900,"Gettysburg, PA",2020-10-01,16,60,12,0,88,966,159
23900,"Gettysburg, PA",2020-11-01,7,23,6,0,36,1002,166
23900,"Gettysburg, PA",2020-12-01,12,32,8,0,52,1054,178
23900,"Gettysburg, PA",2021-01-01,26,56,17,1,100,1154,204
23900,"Gettysburg, PA",2021-02-01,27,77,21,4,129,1283,231
23900,"Gettysburg, PA",2021-03-01,27,62,25,2,116,1399,258
23900,"Gettysburg, PA",2021-04-01,29,72,22,4,127,1526,287
23900,"Gettysburg, PA",2021-05-01,23,38,14,1,76,1602,310
23900,"Gettysburg, PA",2021-06-01,12,21,13,1,47,1649,322
23900,"Gettysburg, PA",2021-07-01,10,36,9,0,55,1704,332
23900,"Gettysburg, PA",2021-08-01,7,33,9,0,49,1753,339
23900,"Gettysburg, PA",2021-09-01,8,48,12,2,70,1823,347
23900,"Gettysburg, PA",2021-10-01,2,21,6,1,30,1853,349
23900,"Gettysburg, PA",2021-11-01,5,29,5,0,39,1892,354
23900,"Gettysburg, PA",2021-12-01,15,48,13,2,78,1970,369
23900,"Gettysburg, PA",2022-01-01,16,34,11,1,62,2032,385
23900,"Gettysburg, PA",2022-02-01,19,20,12,2,53,2085,404
23900,"Gettysburg, PA",2022-03-01,13,30,11,1,55,2140,417
23900,"Gettysburg, PA",2022-04-01,12,29,4,0,45,2185,429
23900,"Gettysburg, PA",2022-05-01,19,38,12,2,71,2256,448
23900,"Gettysburg, PA",2022-06-01,11,20,7,0,38,2294,459
23900,"Gettysburg, PA",2022-07-01,8,21,3,0,32,2326,467
23900,"Gettysburg, PA",2022-08-01,9,32,13,1,55,2381,476
23900,"Gettysburg, PA",2022-09-01,4,15,6,0,25,2406,480
23900,"Gettysburg, PA",2022-10-01,11,17,11,1,40,2446,491
23900,"Gettysburg, PA",2022-11-01,13,34,14,1,62,2508,504
23900,"Gettysburg, PA",2022-12-01,31,46,23,2,102,2610,535
23900,"Gettysburg, PA",2023-01-01,22,44,12,1,79,2689,557
23900,"Gettysburg, PA",2023-02-01,22,41,13,2,78,2767,579
23900,"Gettysburg, PA",2023-03-01,34,55,19,1,109,2876,613
23900,"Gettysburg, PA",2023-04-01,21,39,13,1,74,2950,634
23900,"Gettysburg, PA",2023-05-01,13,19,9,0,41,2991,647
23900,"Gettysburg, PA",2023-06-01,8,16,4,0,28,3019,655
23900,"Gettysburg, PA",2023-07-01,4,22,5,1,32,3051,659
23900,"Gettysburg, PA",2023-08-01,13,15,7,0,35,3086,672
23900,"Gettysburg, PA",2023-09-01,18,29,12,1,60,3146,690
23900,"Gettysburg, PA",2023-10-01,29,39,16,0,84,3230,719
23900,"Gettysburg, PA",2023-11-01,27,52,22,2,103,3333,746
23900,"Gettysburg, PA",2023-12-01,37,43,14,1,95,3428,783
23900,"Gettysburg, PA",2024-01-01,26,71,16,1,114,3542,809
23900,"Gettysburg, PA",2024-02-01,42,36,13,0,91,3633,851
23900,"Gettysburg, PA",2024-03-01,32,40,13,1,86,3719,883
23900,"Gettysburg, PA",2024-04-01,37,56,16,4,113,3832,920
23900,"Gettysburg, PA",2024-05-01,27,39,24,0,90,3922,947
23900,"Gettysburg, PA",2024-06-01,32,51,17,1,101,4023,979
23900,"Gettysburg, PA",2024-07-01,18,44,9,1,72,4095,997
23900,"Gettysburg, PA",2024-08-01,8,21,5,1,35,4130,1005
23900,"Gettysburg, PA",2024-09-01,15,24,9,1,49,4179,1020
23900,"Gettysburg, PA",2024-10-01,36,50,22,2,110,4289,1056
23900,"Gettysburg, PA",2024-11-01,30,40,13,2,85,4374,1086
23900,"Gettysburg, PA",2024-12-01,38,50,7,1,96,4470,1124
23900,"Gettysburg, PA",2025-01-01,40,43,12,1,96,4566,1164
23900,"Gettysburg, PA",2025-02-01,32,32,14,0,78,4644,1196
23900,"Gettysburg, PA",2025-03-01,48,40,7,1,96,4740,1244
23900,"Gettysburg, PA",2025-04-01,33,37,14,4,88,4828,1277
23900,"Gettysburg, PA",2025-05-01,34,42,13,1,90,4918,1311
23900,"Gettysburg, PA",2025-06-01,31,35,13,2,81,4999,1342
23900,"Gettysburg, PA",2025-07-01,28,31,7,1,67,5066,1370
23900,"Gettysburg, PA",2025-08-01,19,31,6,2,58,5124,1389
23900,"Gettysburg, PA",2025-09-01,1,0,1,0,2,5126,1390
48680,"Wildwood-The Villages, FL",2019-01-01,0,19,11,0,30,30,0
48680,"Wildwood-The Villages, FL",2019-02-01,1,29,21,6,57,87,1
48680,"Wildwood-The Villages, FL",2019-03-01,0,34,19,3,56,143,1
48680,"Wildwood-The Villages, FL",2019-04-01,2,44,22,0,68,211,3
48680,"Wildwood-The Villages, FL",2019-05-01,0,58,17,2,77,288,3
48680,"Wildwood-The Villages, FL",2019-06-01,2,35,16,3,56,344,5
48680,"Wildwood-The Villages, FL",2019-07-01,3,34,20,2,59,403,8
48680,"Wildwood-The Villages, FL",2019-08-01,1,42,30,4,77,480,9
48680,"Wildwood-The Villages, FL",2019-09-01,1,44,20,1,66,546,10
48680,"Wildwood-The Villages, FL",2019-10-01,1,32,8,1,42,588,11
48680,"Wildwood-The Villages, FL",2019-11-01,5,33,15,2,55,643,16
48680,"Wildwood-The Villages, FL",2019-12-01,2,21,16,2,41,684,18
48680,"Wildwood-The Villages, FL",2020-01-01,7,39,14,0,60,744,25
48680,"Wildwood-The Villages, FL",2020-02-01,2,27,11,4,44,788,27
48680,"Wildwood-The Villages, FL",2020-03-01,3,42,14,2,61,849,30
48680,"Wildwood-The Villages, FL",2020-04-01,13,90,45,6,154,1003,43
48680,"Wildwood-The Villages, FL",2020-05-01,9,87,44,8,148,1151,52
48680,"Wildwood-The Villages, FL",2020-06-01,12,59,17,4,92,1243,64
48680,"Wildwood-The Villages, FL",2020-07-01,27,102,31,11,171,1414,91
48680,"Wildwood-The Villages, FL",2020-08-01,26,125,62,13,226,1640,117
48680,"Wildwood-The Villages, FL",2020-09-01,22,109,30,9,170,1810,139
48680,"Wildwood-The Villages, FL",2020-10-01,10,54,20,2,86,1896,149
48680,"Wildwood-The Villages, FL",2020-11-01,5,36,18,5,64,1960,154
48680,"Wildwood-The Villages, FL",2020-12-01,7,40,16,0,63,2023,161
48680,"Wildwood-The Villages, FL",2021-01-01,45,134,47,7,233,2256,206
48680,"Wildwood-The Villages, FL",2021-02-01,19,85,37,3,144,2400,225
48680,"Wildwood-The Villages, FL",2021-03-01,48,133,57,13,251,2651,273
48680,"Wildwood-The Villages, FL",2021-04-01,49,179,57,13,298,2949,322
48680,"Wildwood-The Villages, FL",2021-05-01,54,208,59,6,327,3276,376
48680,"Wildwood-The Villages, FL",2021-06-01,31,109,39,2,181,3457,407
48680,"Wildwood-The Villages, FL",2021-07-01,32,138,41,11,222,3679,439
48680,"Wildwood-The Villages, FL",2021-08-01,33,140,59,11,243,3922,472
48680,"Wildwood-The Villages, FL",2021-09-01,24,89,38,7,158,4080,496
48680,"Wildwood-The Villages, FL",2021-10-01,14,52,19,0,85,4165,510
48680,"Wildwood-The Villages, FL",2021-11-01,32,96,41,8,177,4342,542
48680,"Wildwood-The Villages, FL",2021-12-01,38,102,41,5,186,4528,580
48680,"Wildwood-The Villages, FL",2022-01-01,41,178,55,8,282,4810,621
48680,"Wildwood-The Villages, FL",2022-02-01,15,67,32,0,114,4924,636
48680,"Wildwood-The Villages, FL",2022-03-01,46,121,45,11,223,5147,682
48680,"Wildwood-The Villages, FL",2022-04-01,45,142,47,4,238,5385,727
48680,"Wildwood-The Villages, FL",2022-05-01,31,98,29,2,160,5545,758
48680,"Wildwood-The Villages, FL",2022-06-01,14,51,21,2,88,5633,772
48680,"Wildwood-The Villages, FL",2022-07-01,25,46,19,4,94,5727,797
48680,"Wildwood-The Villages, FL",2022-08-01,27,49,24,4,104,5831,824
48680,"Wildwood-The Villages, FL",2022-09-01,20,51,17,4,92,5923,844
48680,"Wildwood-The Villages, FL",2022-10-01,56,215,84,13,368,6291,900
48680,"Wildwood-The Villages, FL",2022-11-01,41,112,47,10,210,6501,941
48680,"Wildwood-The Villages, FL",2022-12-01,54,125,46,5,230,6731,995
48680,"Wildwood-The Villages, FL",2023-01-01,41,126,30,6,203,6934,1036
48680,"Wildwood-The Villages, FL",2023-02-01,40,86,52,4,182,7116,1076
48680,"Wildwood-The Villages, FL",2023-03-01,66,121,54,9,250,7366,1142
48680,"Wildwood-The Villages, FL",2023-04-01,42,112,52,8,214,7580,1184
48680,"Wildwood-The Villages, FL",2023-05-01,14,59,15,1,89,7669,1198
48680,"Wildwood-The Villages, FL",2023-06-01,16,40,9,2,67,7736,1214
48680,"Wildwood-The Villages, FL",2023-07-01,19,72,21,4,116,7852,1233
48680,"Wildwood-The Villages, FL",2023-08-01,21,46,20,3,90,7942,1254
48680,"Wildwood-The Villages, FL",2023-09-01,22,81,37,3,143,8085,1276
48680,"Wildwood-The Villages, FL",2023-10-01,45,95,34,6,180,8265,1321
48680,"Wildwood-The Villages, FL",2023-11-01,37,89,45,5,176,8441,1358
48680,"Wildwood-The Villages, FL",2023-12-01,62,112,50,6,230,8671,1420
48680,"Wildwood-The Villages, FL",2024-01-01,48,113,44,13,218,8889,1468
48680,"Wildwood-The Villages, FL",2024-02-01,59,103,57,5,224,9113,1527
48680,"Wildwood-The Villages, FL",2024-03-01,62,131,40,5,238,9351,1589
48680,"Wildwood-The Villages, FL",2024-04-01,70,109,39,5,223,9574,1659
48680,"Wildwood-The Villages, FL",2024-05-01,31,95,34,6,166,9740,1690
48680,"Wildwood-The Villages, FL",2024-06-01,28,67,34,2,131,9871,1718
48680,"Wildwood-The Villages, FL",2024-07-01,30,87,38,11,166,10037,1748
48680,"Wildwood-The Villages, FL",2024-08-01,15,48,10,4,77,10114,1763
48680,"Wildwood-The Villages, FL",2024-09-01,34,71,35,3,143,10257,1797
48680,"Wildwood-The Villages, FL",2024-10-01,36,95,28,8,167,10424,1833
48680,"Wildwood-The Villages, FL",2024-11-01,44,108,51,7,210,10634,1877
48680,"Wildwood-The Villages, FL",2024-12-01,51,86,44,8,189,10823,1928
48680,"Wildwood-The Villages, FL",2025-01-01,47,92,45,5,189,11012,1975
48680,"Wildwood-The Villages, FL",2025-02-01,49,85,47,4,185,11197,2024
48680,"Wildwood-The Villages, FL",2025-03-01,54,94,40,6,194,11391,2078
48680,"Wildwood-The Villages, FL",2025-04-01,63,91,29,3,186,11577,2141
48680,"Wildwood-The Villages, FL",2025-05-01,51,101,34,7,193,11770,2192
48680,"Wildwood-The Villages, FL",2025-06-01,46,94,47,10,197,11967,2238
48680,"Wildwood-The Villages, FL",2025-07-01,38,98,49,8,193,12160,2276
48680,"Wildwood-The Villages, FL",2025-08-01,39,76,33,0,148,12308,2315
24340,"Grand Rapids-Wyoming-Kentwood, MI",2019-01-01,2,51,16,0,69,69,2
24340,"Grand Rapids-Wyoming-Kentwood, MI",2019-02-01,4,85,23,0,112,181,6
24340,"Grand Rapids-Wyoming-Kentwood, MI",2019-03-01,6,113,33,0,152,333,12
24340,"Grand Rapids-Wyoming-Kentwood, MI",2019-04-01,5,146,24,2,177,510,17
24340,"Grand Rapids-Wyoming-Kentwood, MI",2019-05-01,8,162,28,0,198,708,25
24340,"Grand Rapids-Wyoming-Kentwood, MI",2019-06-01,7,90,13,0,110,818,32
24340,"Grand Rapids-Wyoming-Kentwood, MI",2019-07-01,13,110,28,3,154,972,45
24340,"Grand Rapids-Wyoming-Kentwood, MI",2019-08-01,10,133,31,2,176,1148,55
24340,"Grand Rapids-Wyoming-Kentwood, MI",2019-09-01,16,138,22,3,179,1327,71
24340,"Grand Rapids-Wyoming-Kentwood, MI",2019-10-01,14,96,15,2,127,1454,85
24340,"Grand Rapids-Wyoming-Kentwood, MI",2019-11-01,25,139,29,2,195,1649,110
24340,"Grand Rapids-Wyoming-Kentwood, MI",2019-12-01,19,105,20,2,146,1795,129
24340,"Grand Rapids-Wyoming-Kentwood, MI",2020-01-01,10,100,28,3,141,1936,139
24340,"Grand Rapids-Wyoming-Kentwood, MI",2020-02-01,23,108,22,1,154,2090,162
24340,"Grand Rapids-Wyoming-Kentwood, MI",2020-03-01,32,149,29,1,211,2301,194
24340,"Grand Rapids-Wyoming-Kentwood, MI",2020-04-01,150,396,98,8,652,2953,344
24340,"Grand Rapids-Wyoming-Kentwood, MI",2020-05-01,273,638,93,10,1014,3967,617
24340,"Grand Rapids-Wyoming-Kentwood, MI",2020-06-01,177,473,91,7,748,4715,794
24340,"Grand Rapids-Wyoming-Kentwood, MI",2020-07-01,225,528,79,2,834,5549,1019
24340,"Grand Rapids-Wyoming-Kentwood, MI",2020-08-01,148,570,82,8,808,6357,1167
24340,"Grand Rapids-Wyoming-Kentwood, MI",2020-09-01,168,501,68,6,743,7100,1335
24340,"Grand Rapids-Wyoming-Kentwood, MI",2020-10-01,190,490,79,6,765,7865,1525
24340,"Grand Rapids-Wyoming-Kentwood, MI",2020-11-01,118,423,84,6,631,8496,1643
24340,"Grand Rapids-Wyoming-Kentwood, MI",2020-12-01,71,223,37,3,334,8830,1714
24340,"Grand Rapids-Wyoming-Kentwood, MI",2021-01-01,195,413,88,4,700,9530,1909
24340,"Grand Rapids-Wyoming-Kentwood, MI",2021-02-01,222,565,90,11,888,10418,2131
24340,"Grand Rapids-Wyoming-Kentwood, MI",2021-03-01,253,561,98,13,925,11343,2384
24340,"Grand Rapids-Wyoming-Kentwood, MI",2021-04-01,173,513,101,9,796,12139,2557
24340,"Grand Rapids-Wyoming-Kentwood, MI",2021-05-01,190,398,76,5,669,12808,2747
24340,"Grand Rapids-Wyoming-Kentwood, MI",2021-06-01,289,740,123,12,1164,13972,3036
24340,"Grand Rapids-Wyoming-Kentwood, MI",2021-07-01,135,406,75,3,619,14591,3171
24340,"Grand Rapids-Wyoming-Kentwood, MI",2021-08-01,117,423,89,7,636,15227,3288
24340,"Grand Rapids-Wyoming-Kentwood, MI",2021-09-01,170,571,122,14,877,16104,3458
24340,"Grand Rapids-Wyoming-Kentwood, MI",2021-10-01,76,245,55,4,380,16484,3534
24340,"Grand Rapids-Wyoming-Kentwood, MI",2021-11-01,106,312,83,7,508,16992,3640
24340,"Grand Rapids-Wyoming-Kentwood, MI",2021-12-01,261,563,91,9,924,17916,3901
24340,"Grand Rapids-Wyoming-Kentwood, MI",2022-01-01,317,731,135,13,1196,19112,4218
24340,"Grand Rapids-Wyoming-Kentwood, MI",2022-02-01,242,543,125,12,922,20034,4460
24340,"Grand Rapids-Wyoming-Kentwood, MI",2022-03-01,166,507,117,15,805,20839,4626
24340,"Grand Rapids-Wyoming-Kentwood, MI",2022-04-01,126,307,71,8,512,21351,4752
24340,"Grand Rapids-Wyoming-Kentwood, MI",2022-05-01,207,381,80,6,674,22025,4959
24340,"Grand Rapids-Wyoming-Kentwood, MI",2022-06-01,90,161,51,1,303,22328,5049
24340,"Grand Rapids-Wyoming-Kentwood, MI",2022-07-01,98,229,58,7,392,22720,5147
24340,"Grand Rapids-Wyoming-Kentwood, MI",2022-08-01,157,298,63,9,527,23247,5304
24340,"Grand Rapids-Wyoming-Kentwood, MI",2022-09-01,134,294,92,9,529,23776,5438
24340,"Grand Rapids-Wyoming-Kentwood, MI",2022-10-01,170,295,61,5,531,24307,5608
24340,"Grand Rapids-Wyoming-Kentwood, MI",2022-11-01,247,388,113,7,755,25062,5855
24340,"Grand Rapids-Wyoming-Kentwood, MI",2022-12-01,239,381,101,8,729,25791,6094
24340,"Grand Rapids-Wyoming-Kentwood, MI",2023-01-01,276,417,101,4,798,26589,6370
24340,"Grand Rapids-Wyoming-Kentwood, MI",2023-02-01,271,397,99,8,775,27364,6641
24340,"Grand Rapids-Wyoming-Kentwood, MI",2023-03-01,345,495,143,12,995,28359,6986
24340,"Grand Rapids-Wyoming-Kentwood, MI",2023-04-01,224,375,76,5,680,29039,7210
24340,"Grand Rapids-Wyoming-Kentwood, MI",2023-05-01,90,134,34,0,258,29297,7300
24340,"Grand Rapids-Wyoming-Kentwood, MI",2023-06-01,92,155,37,6,290,29587,7392
24340,"Grand Rapids-Wyoming-Kentwood, MI",2023-07-01,96,141,47,3,287,29874,7488
24340,"Grand Rapids-Wyoming-Kentwood, MI",2023-08-01,173,250,79,12,514,30388,7661
24340,"Grand Rapids-Wyoming-Kentwood, MI",2023-09-01,216,348,112,11,687,31075,7877
24340,"Grand Rapids-Wyoming-Kentwood, MI",2023-10-01,224,371,90,3,688,31763,8101
24340,"Grand Rapids-Wyoming-Kentwood, MI",2023-11-01,253,367,103,2,725,32488,8354
24340,"Grand Rapids-Wyoming-Kentwood, MI",2023-12-01,291,397,97,12,797,33285,8645
24340,"Grand Rapids-Wyoming-Kentwood, MI",2024-01-01,284,346,122,10,762,34047,8929
24340,"Grand Rapids-Wyoming-Kentwood, MI",2024-02-01,314,373,88,5,780,34827,9243
24340,"Grand Rapids-Wyoming-Kentwood, MI",2024-03-01,351,378,124,7,860,35687,9594
24340,"Grand Rapids-Wyoming-Kentwood, MI",2024-04-01,301,354,99,9,763,36450,9895
24340,"Grand Rapids-Wyoming-Kentwood, MI",2024-05-01,393,436,106,9,944,37394,10288
24340,"Grand Rapids-Wyoming-Kentwood, MI",2024-06-01,355,420,113,8,896,38290,10643
24340,"Grand Rapids-Wyoming-Kentwood, MI",2024-07-01,253,346,93,6,698,38988,10896
24340,"Grand Rapids-Wyoming-Kentwood, MI",2024-08-01,190,278,65,8,541,39529,11086
24340,"Grand Rapids-Wyoming-Kentwood, MI",2024-09-01,246,336,100,9,691,40220,11332
24340,"Grand Rapids-Wyoming-Kentwood, MI",2024-10-01,320,375,103,8,806,41026,11652
24340,"Grand Rapids-Wyoming-Kentwood, MI",2024-11-01,301,337,98,12,748,41774,11953
24340,"Grand Rapids-Wyoming-Kentwood, MI",2024-12-01,402,424,94,5,925,42699,12355
24340,"Grand Rapids-Wyoming-Kentwood, MI",2025-01-01,353,417,92,6,868,43567,12708
24340,"Grand Rapids-Wyoming-Kentwood, MI",2025-02-01,359,326,78,5,768,44335,13067
24340,"Grand Rapids-Wyoming-Kentwood, MI",2025-03-01,362,331,87,16,796,45131,13429
24340,"Grand Rapids-Wyoming-Kentwood, MI",2025-04-01,326,336,96,7,765,45896,13755
24340,"Grand Rapids-Wyoming-Kentwood, MI",2025-05-01,418,334,79,6,837,46733,14173
24340,"Grand Rapids-Wyoming-Kentwood, MI",2025-06-01,379,330,103,6,818,47551,14552
24340,"Grand Rapids-Wyoming-Kentwood, MI",2025-07-01,315,329,103,10,757,48308,14867
24340,"Grand Rapids-Wyoming-Kentwood, MI",2025-08-01,291,268,87,9,655,48963,15158
24340,"Grand Rapids-Wyoming-Kentwood, MI",2025-09-01,4,6,3,0,13,48976,15162
33700,"Modesto, CA",2019-01-01,3,273,73,5,354,354,3
33700,"Modesto, CA",2019-02-01,4,205,45,5,259,613,7
33700,"Modesto, CA",2019-03-01,8,248,59,3,318,931,15
33700,"Modesto, CA",2019-04-01,15,245,44,12,316,1247,30
33700,"Modesto, CA",2019-05-01,13,225,46,10,294,1541,43
33700,"Modesto, CA",2019-06-01,8,135,27,3,173,1714,51
33700,"Modesto, CA",2019-07-01,10,127,24,1,162,1876,61
33700,"Modesto, CA",2019-08-01,5,61,9,2,77,1953,66
33700,"Modesto, CA",2019-09-01,16,198,44,7,265,2218,82
33700,"Modesto, CA",2019-10-01,15,162,31,3,211,2429,97
33700,"Modesto, CA",2019-11-01,11,72,22,1,106,2535,108
33700,"Modesto, CA",2019-12-01,18,101,20,2,141,2676,126
33700,"Modesto, CA",2020-01-01,31,181,32,2,246,2922,157
33700,"Modesto, CA",2020-02-01,28,151,24,7,210,3132,185
33700,"Modesto, CA",2020-03-01,13,101,51,3,168,3300,198
33700,"Modesto, CA",2020-04-01,79,338,97,9,523,3823,277
33700,"Modesto, CA",2020-05-01,90,353,76,5,524,4347,367
33700,"Modesto, CA",2020-06-01,100,338,90,12,540,4887,467
33700,"Modesto, CA",2020-07-01,121,470,110,13,714,5601,588
33700,"Modesto, CA",2020-08-01,130,467,85,9,691,6292,718
33700,"Modesto, CA",2020-09-01,99,400,96,3,598,6890,817
33700,"Modesto, CA",2020-10-01,88,315,64,6,473,7363,905
33700,"Modesto, CA",2020-11-01,30,177,37,3,247,7610,935
33700,"Modesto, CA",2020-12-01,76,247,53,10,386,7996,1011
33700,"Modesto, CA",2021-01-01,91,260,59,7,417,8413,1102
33700,"Modesto, CA",2021-02-01,55,166,39,3,263,8676,1157
33700,"Modesto, CA",2021-03-01,123,315,58,9,505,9181,1280
33700,"Modesto, CA",2021-04-01,83,195,55,6,339,9520,1363
33700,"Modesto, CA",2021-05-01,42,171,33,7,253,9773,1405
33700,"Modesto, CA",2021-06-01,40,158,32,2,232,10005,1445
33700,"Modesto, CA",2021-07-01,43,142,27,6,218,10223,1488
33700,"Modesto, CA",2021-08-01,55,186,48,5,294,10517,1543
33700,"Modesto, CA",2021-09-01,124,319,92,14,549,11066,1667
33700,"Modesto, CA",2021-10-01,49,131,42,2,224,11290,1716
33700,"Modesto, CA",2021-11-01,48,108,27,1,184,11474,1764
33700,"Modesto, CA",2021-12-01,41,122,37,5,205,11679,1805
33700,"Modesto, CA",2022-01-01,91,258,55,18,422,12101,1896
33700,"Modesto, CA",2022-02-01,47,127,50,6,230,12331,1943
33700,"Modesto, CA",2022-03-01,25,81,32,8,146,12477,1968
33700,"Modesto, CA",2022-04-01,30,92,41,3,166,12643,1998
33700,"Modesto, CA",2022-05-01,34,128,42,7,211,12854,2032
33700,"Modesto, CA",2022-06-01,104,237,59,1,401,13255,2136
33700,"Modesto, CA",2022-07-01,208,504,131,12,855,14110,2344
33700,"Modesto, CA",2022-08-01,198,416,128,11,753,14863,2542
33700,"Modesto, CA",2022-09-01,272,625,146,19,1062,15925,2814
33700,"Modesto, CA",2022-10-01,124,352,97,8,581,16506,2938
33700,"Modesto, CA",2022-11-01,167,333,97,10,607,17113,3105
33700,"Modesto, CA",2022-12-01,152,369,86,14,621,17734,3257
33700,"Modesto, CA",2023-01-01,100,216,59,10,385,18119,3357
33700,"Modesto, CA",2023-02-01,114,265,67,8,454,18573,3471
33700,"Modesto, CA",2023-03-01,164,375,102,16,657,19230,3635
33700,"Modesto, CA",2023-04-01,93,204,47,8,352,19582,3728
33700,"Modesto, CA",2023-05-01,51,119,31,8,209,19791,3779
33700,"Modesto, CA",2023-06-01,32,92,19,2,145,19936,3811
33700,"Modesto, CA",2023-07-01,31,94,30,1,156,20092,3842
33700,"Modesto, CA",2023-08-01,33,108,21,0,162,20254,3875
33700,"Modesto, CA",2023-09-01,28,119,31,3,181,20435,3903
33700,"Modesto, CA",2023-10-01,44,134,36,5,219,20654,3947
33700,"Modesto, CA",2023-11-01,32,155,42,5,234,20888,3979
33700,"Modesto, CA",2023-12-01,62,185,55,6,308,21196,4041
33700,"Modesto, CA",2024-01-01,46,147,40,7,240,21436,4087
33700,"Modesto, CA",2024-02-01,54,159,36,4,253,21689,4141
33700,"Modesto, CA",2024-03-01,46,151,36,4,237,21926,4187
33700,"Modesto, CA",2024-04-01,51,155,41,4,251,22177,4238
33700,"Modesto, CA",2024-05-01,35,153,47,8,243,22420,4273
33700,"Modesto, CA",2024-06-01,36,151,49,5,241,22661,4309
33700,"Modesto, CA",2024-07-01,73,204,59,9,345,23006,4382
33700,"Modesto, CA",2024-08-01,59,189,56,8,312,23318,4441
33700,"Modesto, CA",2024-09-01,59,145,33,8,245,23563,4500
33700,"Modesto, CA",2024-10-01,60,152,31,4,247,23810,4560
33700,"Modesto, CA",2024-11-01,44,167,27,4,242,24052,4604
33700,"Modesto, CA",2024-12-01,55,149,43,4,251,24303,4659
33700,"Modesto, CA",2025-01-01,67,154,34,3,258,24561,4726
33700,"Modesto, CA",2025-02-01,62,132,24,2,220,24781,4788
33700,"Modesto, CA",2025-03-01,65,124,22,3,214,24995,4853
33700,"Modesto, CA",2025-04-01,61,127,28,1,217,25212,4914
33700,"Modesto, CA",2025-05-01,91,146,33,2,272,25484,5005
33700,"Modesto, CA",2025-06-01,60,92,20,0,172,25656,5065
33700,"Modesto, CA",2025-07-01,68,104,17,3,192,25848,5133
33700,"Modesto, CA",2025-08-01,47,67,18,2,134,25982,5180
33700,"Modesto, CA",2025-09-01,0,1,0,0,1,25983,5180
48020,"Watertown-Fort Atkinson, WI",2019-01-01,0,1,2,0,3,3,0
48020,"Watertown-Fort Atkinson, WI",2019-02-01,0,0,2,0,2,5,0
48020,"Watertown-Fort Atkinson, WI",2019-03-01,0,2,1,0,3,8,0
48020,"Watertown-Fort Atkinson, WI",2019-04-01,0,4,0,0,4,12,0
48020,"Watertown-Fort Atkinson, WI",2019-05-01,0,3,1,0,4,16,0
48020,"Watertown-Fort Atkinson, WI",2019-07-01,0,1,0,0,1,17,0
48020,"Watertown-Fort Atkinson, WI",2019-08-01,0,4,1,0,5,22,0
48020,"Watertown-Fort Atkinson, WI",2019-09-01,0,2,0,0,2,24,0
48020,"Watertown-Fort Atkinson, WI",2019-10-01,1,2,1,0,4,28,1
48020,"Watertown-Fort Atkinson, WI",2019-11-01,0,1,1,0,2,30,1
48020,"Watertown-Fort Atkinson, WI",2019-12-01,1,4,2,1,8,38,2
48020,"Watertown-Fort Atkinson, WI",2020-01-01,0,1,0,0,1,39,2
48020,"Watertown-Fort Atkinson, WI",2020-02-01,0,5,1,0,6,45,2
48020,"Watertown-Fort Atkinson, WI",2020-03-01,0,3,0,0,3,48,2
48020,"Watertown-Fort Atkinson, WI",2020-04-01,3,9,2,1,15,63,5
48020,"Watertown-Fort Atkinson, WI",2020-05-01,6,14,3,0,23,86,11
48020,"Watertown-Fort Atkinson, WI",2020-06-01,4,7,0,0,11,97,15
48020,"Watertown-Fort Atkinson, WI",2020-07-01,5,11,4,0,20,117,20
48020,"Watertown-Fort Atkinson, WI",2020-08-01,5,13,2,1,21,138,25
48020,"Watertown-Fort Atkinson, WI",2020-09-01,5,10,2,0,17,155,30
48020,"Watertown-Fort Atkinson, WI",2020-10-01,3,6,3,0,12,167,33
48020,"Watertown-Fort Atkinson, WI",2020-11-01,1,6,3,0,10,177,34
48020,"Watertown-Fort Atkinson, WI",2020-12-01,1,6,1,0,8,185,35
48020,"Watertown-Fort Atkinson, WI",2021-01-01,6,9,1,0,16,201,41
48020,"Watertown-Fort Atkinson, WI",2021-02-01,3,16,3,0,22,223,44
48020,"Watertown-Fort Atkinson, WI",2021-03-01,12,17,4,0,33,256,56
48020,"Watertown-Fort Atkinson, WI",2021-04-01,19,18,10,2,49,305,75
48020,"Watertown-Fort Atkinson, WI",2021-05-01,23,29,8,1,61,366,98
48020,"Watertown-Fort Atkinson, WI",2021-06-01,15,33,5,0,53,419,113
48020,"Watertown-Fort Atkinson, WI",2021-07-01,19,42,8,1,70,489,132
48020,"Watertown-Fort Atkinson, WI",2021-08-01,17,24,11,0,52,541,149
48020,"Watertown-Fort Atkinson, WI",2021-09-01,16,35,14,0,65,606,165
48020,"Watertown-Fort Atkinson, WI",2021-10-01,15,41,10,1,67,673,180
48020,"Watertown-Fort Atkinson, WI",2021-11-01,17,35,14,1,67,740,197
48020,"Watertown-Fort Atkinson, WI",2021-12-01,15,34,14,1,64,804,212
48020,"Watertown-Fort Atkinson, WI",2022-01-01,27,41,7,1,76,880,239
48020,"Watertown-Fort Atkinson, WI",2022-02-01,27,30,14,1,72,952,266
48020,"Watertown-Fort Atkinson, WI",2022-03-01,15,40,4,1,60,1012,281
48020,"Watertown-Fort Atkinson, WI",2022-04-01,24,28,6,0,58,1070,305
48020,"Watertown-Fort Atkinson, WI",2022-05-01,25,22,9,0,56,1126,330
48020,"Watertown-Fort Atkinson, WI",2022-06-01,21,29,6,1,57,1183,351
48020,"Watertown-Fort Atkinson, WI",2022-07-01,19,25,8,1,53,1236,370
48020,"Watertown-Fort Atkinson, WI",2022-08-01,21,23,9,2,55,1291,391
48020,"Watertown-Fort Atkinson, WI",2022-09-01,20,28,9,0,57,1348,411
48020,"Watertown-Fort Atkinson, WI",2022-10-01,23,19,10,0,52,1400,434
48020,"Watertown-Fort Atkinson, WI",2022-11-01,22,30,13,0,65,1465,456
48020,"Watertown-Fort Atkinson, WI",2022-12-01,19,11,5,1,36,1501,475
48020,"Watertown-Fort Atkinson, WI",2023-01-01,27,29,9,0,65,1566,502
48020,"Watertown-Fort Atkinson, WI",2023-02-01,19,27,12,2,60,1626,521
48020,"Watertown-Fort Atkinson, WI",2023-03-01,12,24,10,0,46,1672,533
48020,"Watertown-Fort Atkinson, WI",2023-04-01,22,41,12,0,75,1747,555
48020,"Watertown-Fort Atkinson, WI",2023-05-01,22,22,11,3,58,1805,577
48020,"Watertown-Fort Atkinson, WI",2023-06-01,18,24,7,0,49,1854,595
48020,"Watertown-Fort Atkinson, WI",2023-07-01,29,23,5,2,59,1913,624
48020,"Watertown-Fort Atkinson, WI",2023-08-01,24,18,6,1,49,1962,648
48020,"Watertown-Fort Atkinson, WI",2023-09-01,24,29,6,1,60,2022,672
48020,"Watertown-Fort Atkinson, WI",2023-10-01,28,23,7,0,58,2080,700
48020,"Watertown-Fort Atkinson, WI",2023-11-01,26,27,8,1,62,2142,726
48020,"Watertown-Fort Atkinson, WI",2023-12-01,25,27,12,1,65,2207,751
48020,"Watertown-Fort Atkinson, WI",2024-01-01,24,33,11,2,70,2277,775
48020,"Watertown-Fort Atkinson, WI",2024-02-01,27,27,16,1,71,2348,802
48020,"Watertown-Fort Atkinson, WI",2024-03-01,20,25,11,0,56,2404,822
48020,"Watertown-Fort Atkinson, WI",2024-04-01,13,28,8,0,49,2453,835
48020,"Watertown-Fort Atkinson, WI",2024-05-01,23,23,13,0,59,2512,858
48020,"Watertown-Fort Atkinson, WI",2024-06-01,24,17,6,1,48,2560,882
48020,"Watertown-Fort Atkinson, WI",2024-07-01,18,29,5,2,54,2614,900
48020,"Watertown-Fort Atkinson, WI",2024-08-01,9,15,4,0,28,2642,909
48020,"Watertown-Fort Atkinson, WI",2024-09-01,17,12,5,1,35,2677,926
48020,"Watertown-Fort Atkinson, WI",2024-10-01,25,28,8,2,63,2740,951
48020,"Watertown-Fort Atkinson, WI",2024-11-01,33,27,12,0,72,2812,984
48020,"Watertown-Fort Atkinson, WI",2024-12-01,32,25,14,0,71,2883,1016
48020,"Watertown-Fort Atkinson, WI",2025-01-01,41,37,16,0,94,2977,1057
48020,"Watertown-Fort Atkinson, WI",2025-02-01,25,28,7,0,60,3037,1082
48020,"Watertown-Fort Atkinson, WI",2025-03-01,33,25,12,0,70,3107,1115
48020,"Watertown-Fort Atkinson, WI",2025-04-01,24,24,11,0,59,3166,1139
48020,"Watertown-Fort Atkinson, WI",2025-05-01,26,23,10,0,59,3225,1165
48020,"Watertown-Fort Atkinson, WI",2025-06-01,25,33,10,1,69,3294,1190
48020,"Watertown-Fort Atkinson, WI",2025-07-01,28,36,8,1,73,3367,1218
48020,"Watertown-Fort Atkinson, WI",2025-08-01,20,20,9,2,51,3418,1238
24540,"Greeley, CO",2019-01-01,2,73,16,1,92,92,2
24540,"Greeley, CO",2019-02-01,1,73,11,1,86,178,3
24540,"Greeley, CO",2019-03-01,1,88,20,0,109,287,4
24540,"Greeley, CO",2019-04-01,7,80,13,1,101,388,11
24540,"Greeley, CO",2019-05-01,4,110,7,0,121,509,15
24540,"Greeley, CO",2019-06-01,5,90,17,2,114,623,20
24540,"Greeley, CO",2019-07-01,15,75,11,3,104,727,35
24540,"Greeley, CO",2019-08-01,12,108,14,2,136,863,47
24540,"Greeley, CO",2019-09-01,18,68,11,2,99,962,65
24540,"Greeley, CO",2019-10-01,7,73,19,2,101,1063,72
24540,"Greeley, CO",2019-11-01,8,84,14,0,106,1169,80
24540,"Greeley, CO",2019-12-01,11,73,15,1,100,1269,91
24540,"Greeley, CO",2020-01-01,14,68,21,1,104,1373,105
24540,"Greeley, CO",2020-02-01,17,69,22,2,110,1483,122
24540,"Greeley, CO",2020-03-01,25,125,30,1,181,1664,147
24540,"Greeley, CO",2020-04-01,64,212,39,3,318,1982,211
24540,"Greeley, CO",2020-05-01,87,231,36,4,358,2340,298
24540,"Greeley, CO",2020-06-01,59,196,25,4,284,2624,357
24540,"Greeley, CO",2020-07-01,64,213,36,1,314,2938,421
24540,"Greeley, CO",2020-08-01,48,210,43,6,307,3245,469
24540,"Greeley, CO",2020-09-01,74,171,32,2,279,3524,543
24540,"Greeley, CO",2020-10-01,52,177,31,5,265,3789,595
24540,"Greeley, CO",2020-11-01,21,93,21,0,135,3924,616
24540,"Greeley, CO",2020-12-01,24,38,3,1,66,3990,640
24540,"Greeley, CO",2021-01-01,41,125,25,0,191,4181,681
24540,"Greeley, CO",2021-02-01,23,69,14,1,107,4288,704
24540,"Greeley, CO",2021-03-01,89,160,31,5,285,4573,793
24540,"Greeley, CO",2021-04-01,88,199,62,1,350,4923,881
24540,"Greeley, CO",2021-05-01,74,203,37,2,316,5239,955
24540,"Greeley, CO",2021-06-01,76,224,38,1,339,5578,1031
24540,"Greeley, CO",2021-07-01,71,211,44,4,330,5908,1102
24540,"Greeley, CO",2021-08-01,52,154,30,5,241,6149,1154
24540,"Greeley, CO",2021-09-01,71,167,52,5,295,6444,1225
24540,"Greeley, CO",2021-10-01,41,120,21,5,187,6631,1266
24540,"Greeley, CO",2021-11-01,29,92,14,3,138,6769,1295
24540,"Greeley, CO",2021-12-01,83,139,33,6,261,7030,1378
24540,"Greeley, CO",2022-01-01,114,227,61,2,404,7434,1492
24540,"Greeley, CO",2022-02-01,88,157,67,5,317,7751,1580
24540,"Greeley, CO",2022-03-01,85,192,44,5,326,8077,1665
24540,"Greeley, CO",2022-04-01,48,92,28,1,169,8246,1713
24540,"Greeley, CO",2022-05-01,49,109,28,6,192,8438,1762
24540,"Greeley, CO",2022-06-01,29,73,13,2,117,8555,1791
24540,"Greeley, CO",2022-07-01,49,73,19,0,141,8696,1840
24540,"Greeley, CO",2022-08-01,91,159,36,3,289,8985,1931
24540,"Greeley, CO",2022-09-01,96,148,47,2,293,9278,2027
24540,"Greeley, CO",2022-10-01,59,115,33,3,210,9488,2086
24540,"Greeley, CO",2022-11-01,83,135,37,3,258,9746,2169
24540,"Greeley, CO",2022-12-01,99,131,43,1,274,10020,2268
24540,"Greeley, CO",2023-01-01,73,143,37,6,259,10279,2341
24540,"Greeley, CO",2023-02-01,71,126,51,4,252,10531,2412
24540,"Greeley, CO",2023-03-01,89,154,43,2,288,10819,2501
24540,"Greeley, CO",2023-04-01,79,100,34,6,219,11038,2580
24540,"Greeley, CO",2023-05-01,52,88,25,2,167,11205,2632
24540,"Greeley, CO",2023-06-01,28,53,14,3,98,11303,2660
24540,"Greeley, CO",2023-07-01,20,53,12,0,85,11388,2680
24540,"Greeley, CO",2023-08-01,32,86,10,1,129,11517,2712
24540,"Greeley, CO",2023-09-01,80,156,54,6,296,11813,2792
24540,"Greeley, CO",2023-10-01,135,176,71,5,387,12200,2927
24540,"Greeley, CO",2023-11-01,131,222,64,12,429,12629,3058
24540,"Greeley, CO",2023-12-01,142,224,51,11,428,13057,3200
24540,"Greeley, CO",2024-01-01,129,213,63,8,413,13470,3329
24540,"Greeley, CO",2024-02-01,110,174,45,3,332,13802,3439
24540,"Greeley, CO",2024-03-01,139,156,51,4,350,14152,3578
24540,"Greeley, CO",2024-04-01,86,138,52,5,281,14433,3664
24540,"Greeley, CO",2024-05-01,95,204,42,7,348,14781,3759
24540,"Greeley, CO",2024-06-01,28,80,19,5,132,14913,3787
24540,"Greeley, CO",2024-07-01,33,81,25,2,141,15054,3820
24540,"Greeley, CO",2024-08-01,27,104,24,1,156,15210,3847
24540,"Greeley, CO",2024-09-01,23,102,27,4,156,15366,3870
24540,"Greeley, CO",2024-10-01,26,91,24,1,142,15508,3896
24540,"Greeley, CO",2024-11-01,27,73,24,2,126,15634,3923
24540,"Greeley, CO",2024-12-01,23,93,23,3,142,15776,3946
24540,"Greeley, CO",2025-01-01,64,127,32,4,227,16003,4010
24540,"Greeley, CO",2025-02-01,87,194,31,1,313,16316,4097
24540,"Greeley, CO",2025-03-01,62,138,32,1,233,16549,4159
24540,"Greeley, CO",2025-04-01,36,94,16,1,147,16696,4195
24540,"Greeley, CO",2025-05-01,75,115,31,2,223,16919,4270
24540,"Greeley, CO",2025-06-01,80,147,38,6,271,17190,4350
24540,"Greeley, CO",2025-07-01,55,106,20,2,183,17373,4405
24540,"Greeley, CO",2025-08-01,50,112,20,2,184,17557,4455
24540,"Greeley, CO",2025-09-01,2,3,1,0,6,17563,4457
42300,"Sault Ste. Marie, MI",2019-01-01,0,0,1,0,1,1,0
42300,"Sault Ste. Marie, MI",2019-03-01,0,1,0,0,1,2,0
42300,"Sault Ste. Marie, MI",2019-05-01,0,0,1,0,1,3,0
42300,"Sault Ste. Marie, MI",2019-07-01,0,1,0,0,1,4,0
42300,"Sault Ste. Marie, MI",2019-08-01,0,1,0,0,1,5,0
42300,"Sault Ste. Marie, MI",2019-09-01,0,1,0,0,1,6,0
42300,"Sault Ste. Marie, MI",2019-10-01,0,0,1,0,1,7,0
42300,"Sault Ste. Marie, MI",2019-12-01,1,2,0,0,3,10,1
42300,"Sault Ste. Marie, MI",2020-01-01,0,2,1,0,3,13,1
42300,"Sault Ste. Marie, MI",2020-02-01,0,1,0,0,1,14,1
42300,"Sault Ste. Marie, MI",2020-03-01,0,1,0,0,1,15,1
42300,"Sault Ste. Marie, MI",2020-04-01,0,1,1,0,2,17,1
42300,"Sault Ste. Marie, MI",2020-05-01,1,1,0,0,2,19,2
42300,"Sault Ste. Marie, MI",2020-06-01,2,2,0,0,4,23,4
42300,"Sault Ste. Marie, MI",2020-07-01,1,2,0,0,3,26,5
42300,"Sault Ste. Marie, MI",2020-08-01,2,1,0,0,3,29,7
42300,"Sault Ste. Marie, MI",2020-09-01,2,2,1,0,5,34,9
42300,"Sault Ste. Marie, MI",2020-10-01,0,3,0,0,3,37,9
42300,"Sault Ste. Marie, MI",2020-11-01,1,9,2,0,12,49,10
42300,"Sault Ste. Marie, MI",2020-12-01,3,8,0,0,11,60,13
42300,"Sault Ste. Marie, MI",2021-01-01,0,15,1,0,16,76,13
42300,"Sault Ste. Marie, MI",2021-02-01,2,6,1,0,9,85,15
42300,"Sault Ste. Marie, MI",2021-03-01,2,3,0,0,5,90,17
42300,"Sault Ste. Marie, MI",2021-04-01,3,7,2,0,12,102,20
42300,"Sault Ste. Marie, MI",2021-05-01,6,10,6,0,22,124,26
42300,"Sault Ste. Marie, MI",2021-06-01,6,13,2,0,21,145,32
42300,"Sault Ste. Marie, MI",2021-07-01,0,12,1,0,13,158,32
42300,"Sault Ste. Marie, MI",2021-08-01,4,13,2,0,19,177,36
42300,"Sault Ste. Marie, MI",2021-09-01,10,11,3,0,24,201,46
42300,"Sault Ste. Marie, MI",2021-10-01,5,11,7,1,24,225,51
42300,"Sault Ste. Marie, MI",2021-11-01,5,13,4,0,22,247,56
42300,"Sault Ste. Marie, MI",2021-12-01,6,9,4,1,20,267,62
42300,"Sault Ste. Marie, MI",2022-01-01,4,14,3,2,23,290,66
42300,"Sault Ste. Marie, MI",2022-02-01,2,9,1,2,14,304,68
42300,"Sault Ste. Marie, MI",2022-03-01,2,11,5,0,18,322,70
42300,"Sault Ste. Marie, MI",2022-04-01,2,10,4,1,17,339,72
42300,"Sault Ste. Marie, MI",2022-05-01,3,5,1,0,9,348,75
42300,"Sault Ste. Marie, MI",2022-06-01,2,9,1,0,12,360,77
42300,"Sault Ste. Marie, MI",2022-07-01,3,6,3,0,12,372,80
42300,"Sault Ste. Marie, MI",2022-08-01,5,7,3,0,15,387,85
42300,"Sault Ste. Marie, MI",2022-09-01,3,10,3,0,16,403,88
42300,"Sault Ste. Marie, MI",2022-10-01,6,10,0,0,16,419,94
42300,"Sault Ste. Marie, MI",2022-11-01,4,11,2,0,17,436,98
42300,"Sault Ste. Marie, MI",2022-12-01,2,3,6,0,11,447,100
42300,"Sault Ste. Marie, MI",2023-01-01,5,8,1,0,14,461,105
42300,"Sault Ste. Marie, MI",2023-02-01,6,5,0,0,11,472,111
42300,"Sault Ste. Marie, MI",2023-03-01,4,5,1,0,10,482,115
42300,"Sault Ste. Marie, MI",2023-04-01,7,9,1,0,17,499,122
42300,"Sault Ste. Marie, MI",2023-05-01,5,4,2,0,11,510,127
42300,"Sault Ste. Marie, MI",2023-06-01,5,7,0,0,12,522,132
42300,"Sault Ste. Marie, MI",2023-07-01,0,12,3,0,15,537,132
42300,"Sault Ste. Marie, MI",2023-08-01,4,4,1,0,9,546,136
42300,"Sault Ste. Marie, MI",2023-09-01,9,5,0,0,14,560,145
42300,"Sault Ste. Marie, MI",2023-10-01,6,8,1,0,15,575,151
42300,"Sault Ste. Marie, MI",2023-11-01,7,3,2,0,12,587,158
42300,"Sault Ste. Marie, MI",2023-12-01,11,7,3,0,21,608,169
42300,"Sault Ste. Marie, MI",2024-01-01,8,6,2,0,16,624,177
42300,"Sault Ste. Marie, MI",2024-02-01,4,5,0,1,10,634,181
42300,"Sault Ste. Marie, MI",2024-03-01,14,5,1,0,20,654,195
42300,"Sault Ste. Marie, MI",2024-04-01,3,3,4,2,12,666,198
42300,"Sault Ste. Marie, MI",2024-05-01,3,6,0,0,9,675,201
42300,"Sault Ste. Marie, MI",2024-06-01,3,10,1,0,14,689,204
42300,"Sault Ste. Marie, MI",2024-07-01,3,3,1,0,7,696,207
42300,"Sault Ste. Marie, MI",2024-08-01,5,5,0,0,10,706,212
42300,"Sault Ste. Marie, MI",2024-09-01,6,3,2,0,11,717,218
42300,"Sault Ste. Marie, MI",2024-10-01,10,2,2,0,14,731,228
42300,"Sault Ste. Marie, MI",2024-11-01,4,10,0,0,14,745,232
42300,"Sault Ste. Marie, MI",2024-12-01,7,11,1,1,20,765,239
42300,"Sault Ste. Marie, MI",2025-01-01,6,3,1,1,11,776,245
42300,"Sault Ste. Marie, MI",2025-02-01,7,1,2,0,10,786,252
42300,"Sault Ste. Marie, MI",2025-03-01,12,5,0,1,18,804,264
42300,"Sault Ste. Marie, MI",2025-04-01,6,8,4,2,20,824,270
42300,"Sault Ste. Marie, MI",2025-05-01,3,5,3,0,11,835,273
42300,"Sault Ste. Marie, MI",2025-06-01,2,7,1,0,10,845,275
42300,"Sault Ste. Marie, MI",2025-07-01,6,7,0,0,13,858,281
42300,"Sault Ste. Marie, MI",2025-08-01,8,13,0,0,21,879,289
21120,"Elk City, OK",2019-05-01,0,0,1,0,1,1,0
21120,"Elk City, OK",2019-06-01,0,0,0,1,1,2,0
21120,"Elk City, OK",2019-08-01,0,1,1,0,2,4,0
21120,"Elk City, OK",2019-10-01,0,0,1,0,1,5,0
21120,"Elk City, OK",2020-03-01,0,2,0,0,2,7,0
21120,"Elk City, OK",2020-04-01,0,0,1,0,1,8,0
21120,"Elk City, OK",2020-05-01,0,3,1,0,4,12,0
21120,"Elk City, OK",2020-08-01,0,2,0,0,2,14,0
21120,"Elk City, OK",2020-09-01,1,2,1,0,4,18,1
21120,"Elk City, OK",2020-10-01,0,4,1,0,5,23,1
21120,"Elk City, OK",2020-11-01,2,2,1,0,5,28,3
21120,"Elk City, OK",2020-12-01,0,0,1,0,1,29,3
21120,"Elk City, OK",2021-01-01,0,2,3,0,5,34,3
21120,"Elk City, OK",2021-02-01,2,4,2,0,8,42,5
21120,"Elk City, OK",2021-03-01,1,13,4,0,18,60,6
21120,"Elk City, OK",2021-04-01,2,7,3,1,13,73,8
21120,"Elk City, OK",2021-05-01,4,9,4,0,17,90,12
21120,"Elk City, OK",2021-06-01,2,10,3,0,15,105,14
21120,"Elk City, OK",2021-07-01,1,13,1,0,15,120,15
21120,"Elk City, OK",2021-08-01,3,5,2,1,11,131,18
21120,"Elk City, OK",2021-09-01,1,5,0,0,6,137,19
21120,"Elk City, OK",2021-10-01,2,10,2,0,14,151,21
21120,"Elk City, OK",2021-11-01,0,8,0,0,8,159,21
21120,"Elk City, OK",2021-12-01,6,8,2,0,16,175,27
21120,"Elk City, OK",2022-01-01,2,15,5,0,22,197,29
21120,"Elk City, OK",2022-02-01,1,13,4,0,18,215,30
21120,"Elk City, OK",2022-03-01,8,12,4,1,25,240,38
21120,"Elk City, OK",2022-04-01,2,11,5,0,18,258,40
21120,"Elk City, OK",2022-05-01,4,12,3,0,19,277,44
21120,"Elk City, OK",2022-06-01,2,7,2,1,12,289,46
21120,"Elk City, OK",2022-07-01,2,11,4,0,17,306,48
21120,"Elk City, OK",2022-08-01,4,8,3,0,15,321,52
21120,"Elk City, OK",2022-09-01,1,6,1,0,8,329,53
21120,"Elk City, OK",2022-10-01,2,8,4,0,14,343,55
21120,"Elk City, OK",2022-11-01,2,5,4,0,11,354,57
21120,"Elk City, OK",2022-12-01,2,1,1,0,4,358,59
21120,"Elk City, OK",2023-01-01,3,12,2,0,17,375,62
21120,"Elk City, OK",2023-02-01,4,4,3,0,11,386,66
21120,"Elk City, OK",2023-03-01,2,9,3,0,14,400,68
21120,"Elk City, OK",2023-04-01,3,12,2,1,18,418,71
21120,"Elk City, OK",2023-05-01,5,4,1,0,10,428,76
21120,"Elk City, OK",2023-06-01,2,7,2,1,12,440,78
21120,"Elk City, OK",2023-07-01,2,6,1,0,9,449,80
21120,"Elk City, OK",2023-08-01,3,8,3,0,14,463,83
21120,"Elk City, OK",2023-09-01,1,5,5,0,11,474,84
21120,"Elk City, OK",2023-10-01,5,6,2,0,13,487,89
21120,"Elk City, OK",2023-11-01,5,7,2,0,14,501,94
21120,"Elk City, OK",2023-12-01,4,6,3,0,13,514,98
21120,"Elk City, OK",2024-01-01,6,8,1,0,15,529,104
21120,"Elk City, OK",2024-02-01,6,7,3,0,16,545,110
21120,"Elk City, OK",2024-03-01,9,12,6,0,27,572,119
21120,"Elk City, OK",2024-04-01,5,8,4,0,17,589,124
21120,"Elk City, OK",2024-05-01,4,3,1,1,9,598,128
21120,"Elk City, OK",2024-06-01,0,4,1,0,5,603,128
21120,"Elk City, OK",2024-07-01,6,9,0,0,15,618,134
21120,"Elk City, OK",2024-08-01,4,9,4,0,17,635,138
21120,"Elk City, OK",2024-09-01,2,4,0,0,6,641,140
21120,"Elk City, OK",2024-10-01,9,5,4,2,20,661,149
21120,"Elk City, OK",2024-11-01,4,7,2,0,13,674,153
21120,"Elk City, OK",2024-12-01,10,6,5,1,22,696,163
21120,"Elk City, OK",2025-01-01,6,5,3,1,15,711,169
21120,"Elk City, OK",2025-02-01,3,6,4,0,13,724,172
21120,"Elk City, OK",2025-03-01,6,10,4,0,20,744,178
21120,"Elk City, OK",2025-04-01,5,9,2,0,16,760,183
21120,"Elk City, OK",2025-05-01,9,7,3,0,19,779,192
21120,"Elk City, OK",2025-06-01,4,9,5,0,18,797,196
21120,"Elk City, OK",2025-07-01,4,4,4,0,12,809,200
21120,"Elk City, OK",2025-08-01,6,9,2,0,17,826,206
18380,"Cordele, GA",2019-02-01,0,2,1,0,3,3,0
18380,"Cordele, GA",2019-03-01,0,4,1,0,5,8,0
18380,"Cordele, GA",2019-04-01,0,2,1,0,3,11,0
18380,"Cordele, GA",2019-05-01,0,1,0,0,1,12,0
18380,"Cordele, GA",2019-06-01,0,3,3,1,7,19,0
18380,"Cordele, GA",2019-07-01,0,4,1,0,5,24,0
18380,"Cordele, GA",2019-08-01,2,12,3,1,18,42,2
18380,"Cordele, GA",2019-09-01,0,4,1,0,5,47,2
18380,"Cordele, GA",2019-10-01,0,10,6,2,18,65,2
18380,"Cordele, GA",2019-11-01,1,5,2,0,8,73,3
18380,"Cordele, GA",2019-12-01,0,7,1,0,8,81,3
18380,"Cordele, GA",2020-01-01,0,5,2,0,7,88,3
18380,"Cordele, GA",2020-02-01,0,10,2,0,12,100,3
18380,"Cordele, GA",2020-03-01,1,11,3,0,15,115,4
18380,"Cordele, GA",2020-04-01,1,8,1,1,11,126,5
18380,"Cordele, GA",2020-05-01,2,21,2,0,25,151,7
18380,"Cordele, GA",2020-06-01,3,14,4,0,21,172,10
18380,"Cordele, GA",2020-07-01,2,9,6,0,17,189,12
18380,"Cordele, GA",2020-08-01,8,20,3,1,32,221,20
18380,"Cordele, GA",2020-09-01,6,14,3,1,24,245,26
18380,"Cordele, GA",2020-10-01,2,9,3,0,14,259,28
18380,"Cordele, GA",2020-11-01,3,8,3,1,15,274,31
18380,"Cordele, GA",2020-12-01,1,20,4,0,25,299,32
18380,"Cordele, GA",2021-01-01,8,12,11,1,32,331,40
18380,"Cordele, GA",2021-02-01,4,11,2,0,17,348,44
18380,"Cordele, GA",2021-03-01,9,15,4,0,28,376,53
18380,"Cordele, GA",2021-04-01,6,24,6,0,36,412,59
18380,"Cordele, GA",2021-05-01,3,30,12,0,45,457,62
18380,"Cordele, GA",2021-06-01,2,25,7,0,34,491,64
18380,"Cordele, GA",2021-07-01,6,20,8,0,34,525,70
18380,"Cordele, GA",2021-08-01,2,22,7,0,31,556,72
18380,"Cordele, GA",2021-09-01,5,18,7,1,31,587,77
18380,"Cordele, GA",2021-10-01,2,13,3,0,18,605,79
18380,"Cordele, GA",2021-11-01,2,16,5,0,23,628,81
18380,"Cordele, GA",2021-12-01,1,13,5,0,19,647,82
18380,"Cordele, GA",2022-01-01,5,19,3,0,27,674,87
18380,"Cordele, GA",2022-02-01,3,16,5,0,24,698,90
18380,"Cordele, GA",2022-03-01,6,25,8,0,39,737,96
18380,"Cordele, GA",2022-04-01,6,23,4,0,33,770,102
18380,"Cordele, GA",2022-05-01,4,14,3,0,21,791,106
18380,"Cordele, GA",2022-06-01,4,10,4,0,18,809,110
18380,"Cordele, GA",2022-07-01,4,12,3,0,19,828,114
18380,"Cordele, GA",2022-08-01,3,10,6,0,19,847,117
18380,"Cordele, GA",2022-09-01,0,17,2,0,19,866,117
18380,"Cordele, GA",2022-10-01,3,12,6,1,22,888,120
18380,"Cordele, GA",2022-11-01,1,9,6,0,16,904,121
18380,"Cordele, GA",2022-12-01,10,13,4,0,27,931,131
18380,"Cordele, GA",2023-01-01,2,11,5,1,19,950,133
18380,"Cordele, GA",2023-02-01,6,15,8,0,29,979,139
18380,"Cordele, GA",2023-03-01,5,24,7,0,36,1015,144
18380,"Cordele, GA",2023-04-01,5,12,2,1,20,1035,149
18380,"Cordele, GA",2023-05-01,7,12,4,2,25,1060,156
18380,"Cordele, GA",2023-06-01,5,8,1,0,14,1074,161
18380,"Cordele, GA",2023-07-01,6,16,5,0,27,1101,167
18380,"Cordele, GA",2023-08-01,9,12,6,0,27,1128,176
18380,"Cordele, GA",2023-09-01,7,23,3,0,33,1161,183
18380,"Cordele, GA",2023-10-01,5,15,6,1,27,1188,188
18380,"Cordele, GA",2023-11-01,14,8,4,1,27,1215,202
18380,"Cordele, GA",2023-12-01,5,18,6,1,30,1245,207
18380,"Cordele, GA",2024-01-01,6,13,8,0,27,1272,213
18380,"Cordele, GA",2024-02-01,7,12,10,0,29,1301,220
18380,"Cordele, GA",2024-03-01,17,21,5,1,44,1345,237
18380,"Cordele, GA",2024-04-01,6,18,3,0,27,1372,243
18380,"Cordele, GA",2024-05-01,10,25,6,2,43,1415,253
18380,"Cordele, GA",2024-06-01,5,17,4,0,26,1441,258
18380,"Cordele, GA",2024-07-01,8,10,3,0,21,1462,266
18380,"Cordele, GA",2024-08-01,14,16,3,0,33,1495,280
18380,"Cordele, GA",2024-09-01,6,15,4,0,25,1520,286
18380,"Cordele, GA",2024-10-01,13,13,6,0,32,1552,299
18380,"Cordele, GA",2024-11-01,3,14,6,0,23,1575,302
18380,"Cordele, GA",2024-12-01,6,13,6,0,25,1600,308
18380,"Cordele, GA",2025-01-01,4,14,4,0,22,1622,312
18380,"Cordele, GA",2025-02-01,6,20,10,1,37,1659,318
18380,"Cordele, GA",2025-03-01,8,13,3,0,24,1683,326
18380,"Cordele, GA",2025-04-01,10,19,4,0,33,1716,336
18380,"Cordele, GA",2025-05-01,13,12,2,0,27,1743,349
18380,"Cordele, GA",2025-06-01,10,12,4,0,26,1769,359
18380,"Cordele, GA",2025-07-01,10,11,10,1,32,1801,369
18380,"Cordele, GA",2025-08-01,2,13,5,0,20,1821,371
44020,"Spirit Lake, IA",2020-11-01,1,0,0,0,1,1,1
44020,"Spirit Lake, IA",2021-02-01,0,0,1,0,1,2,1
44020,"Spirit Lake, IA",2021-04-01,0,1,0,0,1,3,1
44020,"Spirit Lake, IA",2021-07-01,0,1,0,0,1,4,1
44020,"Spirit Lake, IA",2021-11-01,0,1,0,0,1,5,1
44020,"Spirit Lake, IA",2022-07-01,0,1,0,0,1,6,1
44020,"Spirit Lake, IA",2022-09-01,0,1,0,0,1,7,1
44020,"Spirit Lake, IA",2022-12-01,1,0,0,0,1,8,2
44020,"Spirit Lake, IA",2023-05-01,0,0,1,0,1,9,2
44020,"Spirit Lake, IA",2023-07-01,0,1,0,0,1,10,2
44020,"Spirit Lake, IA",2023-08-01,0,1,0,0,1,11,2
44020,"Spirit Lake, IA",2023-09-01,1,0,0,0,1,12,3
44020,"Spirit Lake, IA",2023-11-01,0,1,0,0,1,13,3
44020,"Spirit Lake, IA",2023-12-01,0,2,0,0,2,15,3
44020,"Spirit Lake, IA",2024-01-01,2,0,0,1,3,18,5
44020,"Spirit Lake, IA",2024-05-01,1,1,0,0,2,20,6
44020,"Spirit Lake, IA",2024-08-01,1,2,0,0,3,23,7
44020,"Spirit Lake, IA",2024-09-01,0,1,0,0,1,24,7
44020,"Spirit Lake, IA",2024-10-01,1,2,0,0,3,27,8
44020,"Spirit Lake, IA",2024-11-01,0,3,0,0,3,30,8
44020,"Spirit Lake, IA",2024-12-01,0,0,1,0,1,31,8
44020,"Spirit Lake, IA",2025-01-01,0,1,1,0,2,33,8
44020,"Spirit Lake, IA",2025-02-01,0,3,0,0,3,36,8
44020,"Spirit Lake, IA",2025-03-01,0,4,0,0,4,40,8
44020,"Spirit Lake, IA",2025-04-01,1,0,2,0,3,43,9
44020,"Spirit Lake, IA",2025-05-01,0,4,0,0,4,47,9
44020,"Spirit Lake, IA",2025-06-01,1,4,0,0,5,52,10
44020,"Spirit Lake, IA",2025-07-01,0,9,0,0,9,61,10
44020,"Spirit Lake, IA",2025-08-01,1,0,0,0,1,62,11
44540,"Sterling, CO",2019-01-01,0,1,2,0,3,3,0
44540,"Sterling, CO",2019-02-01,0,1,0,0,1,4,0
44540,"Sterling, CO",2019-04-01,0,3,0,0,3,7,0
44540,"Sterling, CO",2019-05-01,0,0,1,0,1,8,0
44540,"Sterling, CO",2019-06-01,0,1,0,0,1,9,0
44540,"Sterling, CO",2019-08-01,0,2,0,0,2,11,0
44540,"Sterling, CO",2019-11-01,0,1,0,0,1,12,0
44540,"Sterling, CO",2020-01-01,0,1,0,0,1,13,0
44540,"Sterling, CO",2020-02-01,0,2,1,0,3,16,0
44540,"Sterling, CO",2020-04-01,0,1,1,0,2,18,0
44540,"Sterling, CO",2020-05-01,1,1,0,0,2,20,1
44540,"Sterling, CO",2020-07-01,1,3,0,0,4,24,2
44540,"Sterling, CO",2020-08-01,0,1,1,0,2,26,2
44540,"Sterling, CO",2020-09-01,0,0,1,0,1,27,2
44540,"Sterling, CO",2020-11-01,0,1,1,0,2,29,2
44540,"Sterling, CO",2020-12-01,1,1,0,0,2,31,3
44540,"Sterling, CO",2021-01-01,1,3,1,0,5,36,4
44540,"Sterling, CO",2021-02-01,1,1,1,0,3,39,5
44540,"Sterling, CO",2021-03-01,2,5,1,0,8,47,7
44540,"Sterling, CO",2021-04-01,1,4,0,0,5,52,8
44540,"Sterling, CO",2021-05-01,3,9,4,0,16,68,11
44540,"Sterling, CO",2021-06-01,3,16,1,1,21,89,14
44540,"Sterling, CO",2021-07-01,7,11,5,0,23,112,21
44540,"Sterling, CO",2021-08-01,4,16,4,1,25,137,25
44540,"Sterling, CO",2021-09-01,7,14,6,0,27,164,32
44540,"Sterling, CO",2021-10-01,4,12,3,0,19,183,36
44540,"Sterling, CO",2021-11-01,4,9,4,1,18,201,40
44540,"Sterling, CO",2021-12-01,2,13,0,0,15,216,42
44540,"Sterling, CO",2022-01-01,3,14,5,0,22,238,45
44540,"Sterling, CO",2022-02-01,5,12,2,1,20,258,50
44540,"Sterling, CO",2022-03-01,6,7,3,0,16,274,56
44540,"Sterling, CO",2022-04-01,6,11,4,0,21,295,62
44540,"Sterling, CO",2022-05-01,7,18,0,0,25,320,69
44540,"Sterling, CO",2022-06-01,4,7,1,0,12,332,73
44540,"Sterling, CO",2022-07-01,5,10,2,0,17,349,78
44540,"Sterling, CO",2022-08-01,2,15,3,0,20,369,80
44540,"Sterling, CO",2022-09-01,6,7,4,0,17,386,86
44540,"Sterling, CO",2022-10-01,9,10,5,0,24,410,95
44540,"Sterling, CO",2022-11-01,2,9,3,0,14,424,97
44540,"Sterling, CO",2022-12-01,5,7,3,1,16,440,102
44540,"Sterling, CO",2023-01-01,4,11,2,2,19,459,106
44540,"Sterling, CO",2023-02-01,6,10,3,0,19,478,112
44540,"Sterling, CO",2023-03-01,6,13,4,1,24,502,118
44540,"Sterling, CO",2023-04-01,13,9,4,0,26,528,131
44540,"Sterling, CO",2023-05-01,2,9,1,0,12,540,133
44540,"Sterling, CO",2023-06-01,3,7,0,1,11,551,136
44540,"Sterling, CO",2023-07-01,5,11,1,2,19,570,141
44540,"Sterling, CO",2023-08-01,7,14,2,0,23,593,148
44540,"Sterling, CO",2023-09-01,3,12,2,0,17,610,151
44540,"Sterling, CO",2023-10-01,5,5,4,0,14,624,156
44540,"Sterling, CO",2023-11-01,4,11,1,0,16,640,160
44540,"Sterling, CO",2023-12-01,9,9,2,2,22,662,169
44540,"Sterling, CO",2024-01-01,7,11,7,0,25,687,176
44540,"Sterling, CO",2024-02-01,1,4,1,0,6,693,177
44540,"Sterling, CO",2024-03-01,5,10,2,0,17,710,182
44540,"Sterling, CO",2024-04-01,5,12,4,0,21,731,187
44540,"Sterling, CO",2024-05-01,4,12,2,0,18,749,191
44540,"Sterling, CO",2024-06-01,1,5,0,0,6,755,192
44540,"Sterling, CO",2024-07-01,0,10,0,0,10,765,192
44540,"Sterling, CO",2024-08-01,2,13,2,0,17,782,194
44540,"Sterling, CO",2024-09-01,2,10,1,0,13,795,196
44540,"Sterling, CO",2024-10-01,2,15,1,0,18,813,198
44540,"Sterling, CO",2024-11-01,2,7,1,1,11,824,200
44540,"Sterling, CO",2024-12-01,6,11,1,1,19,843,206
44540,"Sterling, CO",2025-01-01,9,14,3,0,26,869,215
44540,"Sterling, CO",2025-02-01,8,25,5,0,38,907,223
44540,"Sterling, CO",2025-03-01,5,14,8,0,27,934,228
44540,"Sterling, CO",2025-04-01,3,10,0,0,13,947,231
44540,"Sterling, CO",2025-05-01,12,15,2,1,30,977,243
44540,"Sterling, CO",2025-06-01,6,8,1,0,15,992,249
44540,"Sterling, CO",2025-07-01,1,11,0,0,12,1004,250
44540,"Sterling, CO",2025-08-01,3,2,2,0,7,1011,253
19100,"Dallas-Fort Worth-Arlington, TX",2019-01-01,32,1363,430,30,1855,1855,32
19100,"Dallas-Fort Worth-Arlington, TX",2019-02-01,33,1184,330,31,1578,3433,65
19100,"Dallas-Fort Worth-Arlington, TX",2019-03-01,73,1461,358,38,1930,5363,138
19100,"Dallas-Fort Worth-Arlington, TX",2019-04-01,86,1683,368,39,2176,7539,224
19100,"Dallas-Fort Worth-Arlington, TX",2019-05-01,70,1830,439,33,2372,9911,294
19100,"Dallas-Fort Worth-Arlington, TX",2019-06-01,62,1225,279,24,1590,11501,356
19100,"Dallas-Fort Worth-Arlington, TX",2019-07-01,141,1775,394,35,2345,13846,497
19100,"Dallas-Fort Worth-Arlington, TX",2019-08-01,139,1824,459,48,2470,16316,636
19100,"Dallas-Fort Worth-Arlington, TX",2019-09-01,150,1644,426,39,2259,18575,786
19100,"Dallas-Fort Worth-Arlington, TX",2019-10-01,91,1065,273,22,1451,20026,877
19100,"Dallas-Fort Worth-Arlington, TX",2019-11-01,115,1153,288,26,1582,21608,992
19100,"Dallas-Fort Worth-Arlington, TX",2019-12-01,162,1145,254,24,1585,23193,1154
19100,"Dallas-Fort Worth-Arlington, TX",2020-01-01,195,1726,375,39,2335,25528,1349
19100,"Dallas-Fort Worth-Arlington, TX",2020-02-01,170,1287,315,34,1806,27334,1519
19100,"Dallas-Fort Worth-Arlington, TX",2020-03-01,204,1653,479,53,2389,29723,1723
19100,"Dallas-Fort Worth-Arlington, TX",2020-04-01,824,3922,1062,139,5947,35670,2547
19100,"Dallas-Fort Worth-Arlington, TX",2020-05-01,1756,5083,1154,104,8097,43767,4303
19100,"Dallas-Fort Worth-Arlington, TX",2020-06-01,712,2523,497,58,3790,47557,5015
19100,"Dallas-Fort Worth-Arlington, TX",2020-07-01,1232,4263,920,101,6516,54073,6247
19100,"Dallas-Fort Worth-Arlington, TX",2020-08-01,1360,5611,1200,121,8292,62365,7607
19100,"Dallas-Fort Worth-Arlington, TX",2020-09-01,1351,5523,1199,129,8202,70567,8958
19100,"Dallas-Fort Worth-Arlington, TX",2020-10-01,872,3604,751,66,5293,75860,9830
19100,"Dallas-Fort Worth-Arlington, TX",2020-11-01,416,1509,342,45,2312,78172,10246
19100,"Dallas-Fort Worth-Arlington, TX",2020-12-01,889,2633,621,74,4217,82389,11135
19100,"Dallas-Fort Worth-Arlington, TX",2021-01-01,2042,5633,1298,161,9134,91523,13177
19100,"Dallas-Fort Worth-Arlington, TX",2021-02-01,921,2994,726,119,4760,96283,14098
19100,"Dallas-Fort Worth-Arlington, TX",2021-03-01,2030,5195,1325,154,8704,104987,16128
19100,"Dallas-Fort Worth-Arlington, TX",2021-04-01,2116,6194,1352,149,9811,114798,18244
19100,"Dallas-Fort Worth-Arlington, TX",2021-05-01,2276,6329,1171,135,9911,124709,20520
19100,"Dallas-Fort Worth-Arlington, TX",2021-06-01,907,2988,633,83,4611,129320,21427
19100,"Dallas-Fort Worth-Arlington, TX",2021-07-01,814,2678,622,77,4191,133511,22241
19100,"Dallas-Fort Worth-Arlington, TX",2021-08-01,1170,4606,1101,134,7011,140522,23411
19100,"Dallas-Fort Worth-Arlington, TX",2021-09-01,1583,6090,1535,176,9384,149906,24994
19100,"Dallas-Fort Worth-Arlington, TX",2021-10-01,953,3248,859,137,5197,155103,25947
19100,"Dallas-Fort Worth-Arlington, TX",2021-11-01,1114,3413,824,90,5441,160544,27061
19100,"Dallas-Fort Worth-Arlington, TX",2021-12-01,2023,4780,1246,172,8221,168765,29084
19100,"Dallas-Fort Worth-Arlington, TX",2022-01-01,2664,7012,1797,247,11720,180485,31748
19100,"Dallas-Fort Worth-Arlington, TX",2022-02-01,1214,3210,958,164,5546,186031,32962
19100,"Dallas-Fort Worth-Arlington, TX",2022-03-01,2040,5584,1472,209,9305,195336,35002
19100,"Dallas-Fort Worth-Arlington, TX",2022-04-01,1069,3321,915,140,5445,200781,36071
19100,"Dallas-Fort Worth-Arlington, TX",2022-05-01,683,2014,489,71,3257,204038,36754
19100,"Dallas-Fort Worth-Arlington, TX",2022-06-01,950,2205,556,75,3786,207824,37704
19100,"Dallas-Fort Worth-Arlington, TX",2022-07-01,801,1886,523,57,3267,211091,38505
19100,"Dallas-Fort Worth-Arlington, TX",2022-08-01,1070,2841,756,93,4760,215851,39575
19100,"Dallas-Fort Worth-Arlington, TX",2022-09-01,1357,3409,934,97,5797,221648,40932
19100,"Dallas-Fort Worth-Arlington, TX",2022-10-01,1178,2868,844,111,5001,226649,42110
19100,"Dallas-Fort Worth-Arlington, TX",2022-11-01,2298,5058,1355,142,8853,235502,44408
19100,"Dallas-Fort Worth-Arlington, TX",2022-12-01,2303,4027,1125,97,7552,243054,46711
19100,"Dallas-Fort Worth-Arlington, TX",2023-01-01,1401,2844,754,91,5090,248144,48112
19100,"Dallas-Fort Worth-Arlington, TX",2023-02-01,1883,3504,1076,100,6563,254707,49995
19100,"Dallas-Fort Worth-Arlington, TX",2023-03-01,2463,4695,1327,141,8626,263333,52458
19100,"Dallas-Fort Worth-Arlington, TX",2023-04-01,1569,3470,954,74,6067,269400,54027
19100,"Dallas-Fort Worth-Arlington, TX",2023-05-01,949,1934,434,54,3371,272771,54976
19100,"Dallas-Fort Worth-Arlington, TX",2023-06-01,719,1528,405,31,2683,275454,55695
19100,"Dallas-Fort Worth-Arlington, TX",2023-07-01,706,1650,358,35,2749,278203,56401
19100,"Dallas-Fort Worth-Arlington, TX",2023-08-01,1308,3159,937,98,5502,283705,57709
19100,"Dallas-Fort Worth-Arlington, TX",2023-09-01,1542,3712,1069,102,6425,290130,59251
19100,"Dallas-Fort Worth-Arlington, TX",2023-10-01,1513,3570,998,85,6166,296296,60764
19100,"Dallas-Fort Worth-Arlington, TX",2023-11-01,2153,4223,1273,146,7795,304091,62917
19100,"Dallas-Fort Worth-Arlington, TX",2023-12-01,2489,4209,1169,100,7967,312058,65406
19100,"Dallas-Fort Worth-Arlington, TX",2024-01-01,2393,4358,1178,128,8057,320115,67799
19100,"Dallas-Fort Worth-Arlington, TX",2024-02-01,2051,3695,1070,118,6934,327049,69850
19100,"Dallas-Fort Worth-Arlington, TX",2024-03-01,2379,4201,1138,102,7820,334869,72229
19100,"Dallas-Fort Worth-Arlington, TX",2024-04-01,1691,3335,734,70,5830,340699,73920
19100,"Dallas-Fort Worth-Arlington, TX",2024-05-01,2025,3948,955,90,7018,347717,75945
19100,"Dallas-Fort Worth-Arlington, TX",2024-06-01,1996,4150,1158,116,7420,355137,77941
19100,"Dallas-Fort Worth-Arlington, TX",2024-07-01,1206,2881,790,100,4977,360114,79147
19100,"Dallas-Fort Worth-Arlington, TX",2024-08-01,1251,3199,838,161,5449,365563,80398
19100,"Dallas-Fort Worth-Arlington, TX",2024-09-01,1856,4390,1153,147,7546,373109,82254
19100,"Dallas-Fort Worth-Arlington, TX",2024-10-01,2099,4523,1243,120,7985,381094,84353
19100,"Dallas-Fort Worth-Arlington, TX",2024-11-01,2140,4287,986,106,7519,388613,86493
19100,"Dallas-Fort Worth-Arlington, TX",2024-12-01,2302,4110,1009,92,7513,396126,88795
19100,"Dallas-Fort Worth-Arlington, TX",2025-01-01,2105,4018,1011,100,7234,403360,90900
19100,"Dallas-Fort Worth-Arlington, TX",2025-02-01,2031,3510,874,65,6480,409840,92931
19100,"Dallas-Fort Worth-Arlington, TX",2025-03-01,2217,3666,942,78,6903,416743,95148
19100,"Dallas-Fort Worth-Arlington, TX",2025-04-01,2363,3912,912,110,7297,424040,97511
19100,"Dallas-Fort Worth-Arlington, TX",2025-05-01,2832,3984,992,99,7907,431947,100343
19100,"Dallas-Fort Worth-Arlington, TX",2025-06-01,2643,3892,1059,92,7686,439633,102986
19100,"Dallas-Fort Worth-Arlington, TX",2025-07-01,2034,3170,875,74,6153,445786,105020
19100,"Dallas-Fort Worth-Arlington, TX",2025-08-01,1900,3174,844,78,5996,451782,106920
19100,"Dallas-Fort Worth-Arlington, TX",2025-09-01,45,70,15,4,134,451916,106965
21220,"Elko, NV",2019-01-01,0,2,0,0,2,2,0
21220,"Elko, NV",2019-02-01,1,2,0,0,3,5,1
21220,"Elko, NV",2019-03-01,0,3,1,0,4,9,1
21220,"Elko, NV",2019-04-01,0,1,1,0,2,11,1
21220,"Elko, NV",2019-05-01,0,1,1,0,2,13,1
21220,"Elko, NV",2019-06-01,0,3,1,0,4,17,1
21220,"Elko, NV",2019-08-01,0,1,0,0,1,18,1
21220,"Elko, NV",2019-09-01,0,2,0,0,2,20,1
21220,"Elko, NV",2019-10-01,1,4,0,0,5,25,2
21220,"Elko, NV",2019-11-01,1,2,1,0,4,29,3
21220,"Elko, NV",2019-12-01,0,3,2,0,5,34,3
21220,"Elko, NV",2020-01-01,0,2,0,0,2,36,3
21220,"Elko, NV",2020-02-01,1,2,2,1,6,42,4
21220,"Elko, NV",2020-03-01,1,5,1,0,7,49,5
21220,"Elko, NV",2020-04-01,0,4,3,0,7,56,5
21220,"Elko, NV",2020-05-01,0,4,2,0,6,62,5
21220,"Elko, NV",2020-06-01,0,3,1,0,4,66,5
21220,"Elko, NV",2020-07-01,0,2,2,0,4,70,5
21220,"Elko, NV",2020-08-01,1,4,3,0,8,78,6
21220,"Elko, NV",2020-09-01,1,3,1,0,5,83,7
21220,"Elko, NV",2020-10-01,3,4,3,0,10,93,10
21220,"Elko, NV",2020-11-01,3,14,4,0,21,114,13
21220,"Elko, NV",2020-12-01,1,16,4,0,21,135,14
21220,"Elko, NV",2021-01-01,4,10,7,0,21,156,18
21220,"Elko, NV",2021-02-01,4,12,1,1,18,174,22
21220,"Elko, NV",2021-03-01,5,9,2,0,16,190,27
21220,"Elko, NV",2021-04-01,5,5,5,0,15,205,32
21220,"Elko, NV",2021-05-01,5,20,2,1,28,233,37
21220,"Elko, NV",2021-06-01,11,24,4,0,39,272,48
21220,"Elko, NV",2021-07-01,7,21,4,0,32,304,55
21220,"Elko, NV",2021-08-01,7,18,8,0,33,337,62
21220,"Elko, NV",2021-09-01,3,10,2,0,15,352,65
21220,"Elko, NV",2021-10-01,3,17,2,0,22,374,68
21220,"Elko, NV",2021-11-01,6,14,3,0,23,397,74
21220,"Elko, NV",2021-12-01,2,15,9,1,27,424,76
21220,"Elko, NV",2022-01-01,10,18,5,2,35,459,86
21220,"Elko, NV",2022-02-01,3,14,1,0,18,477,89
21220,"Elko, NV",2022-03-01,9,26,4,0,39,516,98
21220,"Elko, NV",2022-04-01,9,13,2,0,24,540,107
21220,"Elko, NV",2022-05-01,2,20,3,0,25,565,109
21220,"Elko, NV",2022-06-01,9,15,5,0,29,594,118
21220,"Elko, NV",2022-07-01,9,14,6,0,29,623,127
21220,"Elko, NV",2022-08-01,13,26,4,0,43,666,140
21220,"Elko, NV",2022-09-01,9,14,5,0,28,694,149
21220,"Elko, NV",2022-10-01,12,24,4,1,41,735,161
21220,"Elko, NV",2022-11-01,5,25,9,0,39,774,166
21220,"Elko, NV",2022-12-01,9,7,10,1,27,801,175
21220,"Elko, NV",2023-01-01,10,27,5,0,42,843,185
21220,"Elko, NV",2023-02-01,9,20,5,1,35,878,194
21220,"Elko, NV",2023-03-01,18,22,6,1,47,925,212
21220,"Elko, NV",2023-04-01,16,20,8,1,45,970,228
21220,"Elko, NV",2023-05-01,5,12,6,1,24,994,233
21220,"Elko, NV",2023-06-01,7,14,5,1,27,1021,240
21220,"Elko, NV",2023-07-01,9,15,4,0,28,1049,249
21220,"Elko, NV",2023-08-01,7,16,2,0,25,1074,256
21220,"Elko, NV",2023-09-01,13,19,3,1,36,1110,269
21220,"Elko, NV",2023-10-01,16,22,6,1,45,1155,285
21220,"Elko, NV",2023-11-01,7,20,8,0,35,1190,292
21220,"Elko, NV",2023-12-01,18,14,7,1,40,1230,310
21220,"Elko, NV",2024-01-01,23,15,8,0,46,1276,333
21220,"Elko, NV",2024-02-01,14,21,5,1,41,1317,347
21220,"Elko, NV",2024-03-01,21,21,4,0,46,1363,368
21220,"Elko, NV",2024-04-01,14,24,4,0,42,1405,382
21220,"Elko, NV",2024-05-01,16,12,5,1,34,1439,398
21220,"Elko, NV",2024-06-01,11,18,3,0,32,1471,409
21220,"Elko, NV",2024-07-01,6,21,5,0,32,1503,415
21220,"Elko, NV",2024-08-01,18,19,5,1,43,1546,433
21220,"Elko, NV",2024-09-01,14,25,4,0,43,1589,447
21220,"Elko, NV",2024-10-01,14,19,4,0,37,1626,461
21220,"Elko, NV",2024-11-01,22,15,3,0,40,1666,483
21220,"Elko, NV",2024-12-01,22,21,9,1,53,1719,505
21220,"Elko, NV",2025-01-01,18,27,6,0,51,1770,523
21220,"Elko, NV",2025-02-01,21,24,12,0,57,1827,544
21220,"Elko, NV",2025-03-01,30,28,6,1,65,1892,574
21220,"Elko, NV",2025-04-01,27,22,2,0,51,1943,601
21220,"Elko, NV",2025-05-01,22,15,3,0,40,1983,623
21220,"Elko, NV",2025-06-01,11,23,11,0,45,2028,634
21220,"Elko, NV",2025-07-01,17,16,6,0,39,2067,651
21220,"Elko, NV",2025-08-01,13,26,3,0,42,2109,664
40540,"Rock Springs, WY",2019-01-01,0,3,0,0,3,3,0
40540,"Rock Springs, WY",2019-03-01,0,0,1,0,1,4,0
40540,"Rock Springs, WY",2019-04-01,0,3,0,0,3,7,0
40540,"Rock Springs, WY",2019-05-01,0,1,1,0,2,9,0
40540,"Rock Springs, WY",2019-07-01,0,2,1,0,3,12,0
40540,"Rock Springs, WY",2019-08-01,0,14,5,0,19,31,0
40540,"Rock Springs, WY",2019-09-01,1,5,1,1,8,39,1
40540,"Rock Springs, WY",2019-10-01,2,5,2,0,9,48,3
40540,"Rock Springs, WY",2019-11-01,0,6,3,0,9,57,3
40540,"Rock Springs, WY",2019-12-01,1,9,1,0,11,68,4
40540,"Rock Springs, WY",2020-01-01,1,6,1,1,9,77,5
40540,"Rock Springs, WY",2020-02-01,3,9,2,0,14,91,8
40540,"Rock Springs, WY",2020-03-01,1,9,2,0,12,103,9
40540,"Rock Springs, WY",2020-04-01,0,27,6,1,34,137,9
40540,"Rock Springs, WY",2020-05-01,0,8,3,0,11,148,9
40540,"Rock Springs, WY",2020-06-01,3,7,1,0,11,159,12
40540,"Rock Springs, WY",2020-07-01,0,7,2,0,9,168,12
40540,"Rock Springs, WY",2020-08-01,2,10,0,1,13,181,14
40540,"Rock Springs, WY",2020-09-01,3,11,3,1,18,199,17
40540,"Rock Springs, WY",2020-10-01,2,11,3,0,16,215,19
40540,"Rock Springs, WY",2020-11-01,5,10,1,0,16,231,24
40540,"Rock Springs, WY",2020-12-01,4,13,3,1,21,252,28
40540,"Rock Springs, WY",2021-01-01,6,13,2,3,24,276,34
40540,"Rock Springs, WY",2021-02-01,11,19,4,0,34,310,45
40540,"Rock Springs, WY",2021-03-01,9,7,1,0,17,327,54
40540,"Rock Springs, WY",2021-04-01,8,13,4,0,25,352,62
40540,"Rock Springs, WY",2021-05-01,5,22,3,0,30,382,67
40540,"Rock Springs, WY",2021-06-01,9,20,8,1,38,420,76
40540,"Rock Springs, WY",2021-07-01,7,18,3,0,28,448,83
40540,"Rock Springs, WY",2021-08-01,7,22,3,1,33,481,90
40540,"Rock Springs, WY",2021-09-01,7,15,2,0,24,505,97
40540,"Rock Springs, WY",2021-10-01,3,21,3,2,29,534,100
40540,"Rock Springs, WY",2021-11-01,3,12,5,1,21,555,103
40540,"Rock Springs, WY",2021-12-01,9,20,5,0,34,589,112
40540,"Rock Springs, WY",2022-01-01,10,28,7,2,47,636,122
40540,"Rock Springs, WY",2022-02-01,16,18,5,0,39,675,138
40540,"Rock Springs, WY",2022-03-01,11,24,9,2,46,721,149
40540,"Rock Springs, WY",2022-04-01,12,11,7,1,31,752,161
40540,"Rock Springs, WY",2022-05-01,11,15,2,1,29,781,172
40540,"Rock Springs, WY",2022-06-01,3,13,6,1,23,804,175
40540,"Rock Springs, WY",2022-07-01,7,16,3,1,27,831,182
40540,"Rock Springs, WY",2022-08-01,13,13,11,3,40,871,195
40540,"Rock Springs, WY",2022-09-01,14,13,2,1,30,901,209
40540,"Rock Springs, WY",2022-10-01,16,20,1,0,37,938,225
40540,"Rock Springs, WY",2022-11-01,9,24,3,1,37,975,234
40540,"Rock Springs, WY",2022-12-01,8,20,4,0,32,1007,242
40540,"Rock Springs, WY",2023-01-01,8,20,5,0,33,1040,250
40540,"Rock Springs, WY",2023-02-01,9,11,7,0,27,1067,259
40540,"Rock Springs, WY",2023-03-01,15,28,3,1,47,1114,274
40540,"Rock Springs, WY",2023-04-01,10,20,8,1,39,1153,284
40540,"Rock Springs, WY",2023-05-01,13,18,2,1,34,1187,297
40540,"Rock Springs, WY",2023-06-01,11,11,7,1,30,1217,308
40540,"Rock Springs, WY",2023-07-01,13,10,6,0,29,1246,321
40540,"Rock Springs, WY",2023-08-01,16,12,4,2,34,1280,337
40540,"Rock Springs, WY",2023-09-01,4,26,5,0,35,1315,341
40540,"Rock Springs, WY",2023-10-01,12,18,4,0,34,1349,353
40540,"Rock Springs, WY",2023-11-01,5,18,4,0,27,1376,358
40540,"Rock Springs, WY",2023-12-01,16,24,2,0,42,1418,374
40540,"Rock Springs, WY",2024-01-01,16,18,9,1,44,1462,390
40540,"Rock Springs, WY",2024-02-01,12,31,1,1,45,1507,402
40540,"Rock Springs, WY",2024-03-01,27,14,10,0,51,1558,429
40540,"Rock Springs, WY",2024-04-01,14,19,6,1,40,1598,443
40540,"Rock Springs, WY",2024-05-01,11,14,4,1,30,1628,454
40540,"Rock Springs, WY",2024-06-01,6,14,3,1,24,1652,460
40540,"Rock Springs, WY",2024-07-01,4,5,1,0,10,1662,464
40540,"Rock Springs, WY",2024-08-01,7,11,3,0,21,1683,471
40540,"Rock Springs, WY",2024-09-01,5,17,6,1,29,1712,476
40540,"Rock Springs, WY",2024-10-01,18,14,5,1,38,1750,494
40540,"Rock Springs, WY",2024-11-01,22,21,3,0,46,1796,516
40540,"Rock Springs, WY",2024-12-01,12,15,9,1,37,1833,528
40540,"Rock Springs, WY",2025-01-01,11,19,7,1,38,1871,539
40540,"Rock Springs, WY",2025-02-01,5,11,1,0,17,1888,544
40540,"Rock Springs, WY",2025-03-01,11,18,2,1,32,1920,555
40540,"Rock Springs, WY",2025-04-01,6,9,1,0,16,1936,561
40540,"Rock Springs, WY",2025-05-01,8,3,1,0,12,1948,569
40540,"Rock Springs, WY",2025-06-01,2,9,2,0,13,1961,571
40540,"Rock Springs, WY",2025-07-01,4,2,1,0,7,1968,575
40540,"Rock Springs, WY",2025-08-01,2,5,3,0,10,1978,577
36620,"Ontario, OR-ID",2019-01-01,0,4,0,0,4,4,0
36620,"Ontario, OR-ID",2019-02-01,0,3,1,0,4,8,0
36620,"Ontario, OR-ID",2019-03-01,0,5,1,1,7,15,0
36620,"Ontario, OR-ID",2019-04-01,0,4,1,0,5,20,0
36620,"Ontario, OR-ID",2019-05-01,1,5,1,0,7,27,1
36620,"Ontario, OR-ID",2019-06-01,0,5,0,0,5,32,1
36620,"Ontario, OR-ID",2019-07-01,0,2,1,0,3,35,1
36620,"Ontario, OR-ID",2019-08-01,1,3,1,0,5,40,2
36620,"Ontario, OR-ID",2019-09-01,1,4,1,0,6,46,3
36620,"Ontario, OR-ID",2019-10-01,0,4,1,0,5,51,3
36620,"Ontario, OR-ID",2019-11-01,2,5,2,0,9,60,5
36620,"Ontario, OR-ID",2019-12-01,0,3,1,0,4,64,5
36620,"Ontario, OR-ID",2020-01-01,0,4,0,2,6,70,5
36620,"Ontario, OR-ID",2020-02-01,0,5,1,0,6,76,5
36620,"Ontario, OR-ID",2020-03-01,0,4,3,1,8,84,5
36620,"Ontario, OR-ID",2020-04-01,1,5,2,1,9,93,6
36620,"Ontario, OR-ID",2020-05-01,3,5,3,0,11,104,9
36620,"Ontario, OR-ID",2020-06-01,1,9,3,0,13,117,10
36620,"Ontario, OR-ID",2020-07-01,3,13,3,0,19,136,13
36620,"Ontario, OR-ID",2020-08-01,3,13,6,0,22,158,16
36620,"Ontario, OR-ID",2020-09-01,1,24,4,1,30,188,17
36620,"Ontario, OR-ID",2020-10-01,8,26,3,1,38,226,25
36620,"Ontario, OR-ID",2020-11-01,7,19,6,2,34,260,32
36620,"Ontario, OR-ID",2020-12-01,7,28,5,1,41,301,39
36620,"Ontario, OR-ID",2021-01-01,9,32,7,0,48,349,48
36620,"Ontario, OR-ID",2021-02-01,8,17,3,1,29,378,56
36620,"Ontario, OR-ID",2021-03-01,9,30,6,2,47,425,65
36620,"Ontario, OR-ID",2021-04-01,12,36,8,0,56,481,77
36620,"Ontario, OR-ID",2021-05-01,9,26,13,0,48,529,86
36620,"Ontario, OR-ID",2021-06-01,15,36,8,0,59,588,101
36620,"Ontario, OR-ID",2021-07-01,17,37,12,1,67,655,118
36620,"Ontario, OR-ID",2021-08-01,13,45,12,1,71,726,131
36620,"Ontario, OR-ID",2021-09-01,8,42,12,0,62,788,139
36620,"Ontario, OR-ID",2021-10-01,9,32,10,1,52,840,148
36620,"Ontario, OR-ID",2021-11-01,12,38,14,3,67,907,160
36620,"Ontario, OR-ID",2021-12-01,9,36,12,2,59,966,169
36620,"Ontario, OR-ID",2022-01-01,13,40,14,1,68,1034,182
36620,"Ontario, OR-ID",2022-02-01,8,38,10,1,57,1091,190
36620,"Ontario, OR-ID",2022-03-01,12,28,11,1,52,1143,202
36620,"Ontario, OR-ID",2022-04-01,9,30,7,1,47,1190,211
36620,"Ontario, OR-ID",2022-05-01,9,31,7,1,48,1238,220
36620,"Ontario, OR-ID",2022-06-01,7,26,9,1,43,1281,227
36620,"Ontario, OR-ID",2022-07-01,13,28,8,1,50,1331,240
36620,"Ontario, OR-ID",2022-08-01,10,22,6,1,39,1370,250
36620,"Ontario, OR-ID",2022-09-01,20,26,17,0,63,1433,270
36620,"Ontario, OR-ID",2022-10-01,16,25,5,0,46,1479,286
36620,"Ontario, OR-ID",2022-11-01,15,26,7,0,48,1527,301
36620,"Ontario, OR-ID",2022-12-01,11,29,9,1,50,1577,312
36620,"Ontario, OR-ID",2023-01-01,14,29,13,0,56,1633,326
36620,"Ontario, OR-ID",2023-02-01,9,21,10,0,40,1673,335
36620,"Ontario, OR-ID",2023-03-01,24,39,16,1,80,1753,359
36620,"Ontario, OR-ID",2023-04-01,15,27,6,6,54,1807,374
36620,"Ontario, OR-ID",2023-05-01,8,24,6,0,38,1845,382
36620,"Ontario, OR-ID",2023-06-01,8,27,9,0,44,1889,390
36620,"Ontario, OR-ID",2023-07-01,8,11,4,1,24,1913,398
36620,"Ontario, OR-ID",2023-08-01,5,20,2,0,27,1940,403
36620,"Ontario, OR-ID",2023-09-01,13,16,6,0,35,1975,416
36620,"Ontario, OR-ID",2023-10-01,13,20,7,1,41,2016,429
36620,"Ontario, OR-ID",2023-11-01,30,21,12,0,63,2079,459
36620,"Ontario, OR-ID",2023-12-01,17,20,17,0,54,2133,476
36620,"Ontario, OR-ID",2024-01-01,20,40,6,1,67,2200,496
36620,"Ontario, OR-ID",2024-02-01,19,22,14,0,55,2255,515
36620,"Ontario, OR-ID",2024-03-01,18,27,7,0,52,2307,533
36620,"Ontario, OR-ID",2024-04-01,11,16,8,0,35,2342,544
36620,"Ontario, OR-ID",2024-05-01,15,20,6,1,42,2384,559
36620,"Ontario, OR-ID",2024-06-01,15,19,8,5,47,2431,574
36620,"Ontario, OR-ID",2024-07-01,17,21,10,1,49,2480,591
36620,"Ontario, OR-ID",2024-08-01,21,18,12,2,53,2533,612
36620,"Ontario, OR-ID",2024-09-01,12,37,7,2,58,2591,624
36620,"Ontario, OR-ID",2024-10-01,11,14,8,1,34,2625,635
36620,"Ontario, OR-ID",2024-11-01,17,21,7,0,45,2670,652
36620,"Ontario, OR-ID",2024-12-01,20,19,8,1,48,2718,672
36620,"Ontario, OR-ID",2025-01-01,12,18,5,0,35,2753,684
36620,"Ontario, OR-ID",2025-02-01,19,24,6,0,49,2802,703
36620,"Ontario, OR-ID",2025-03-01,17,22,7,0,46,2848,720
36620,"Ontario, OR-ID",2025-04-01,16,17,7,1,41,2889,736
36620,"Ontario, OR-ID",2025-05-01,20,32,8,1,61,2950,756
36620,"Ontario, OR-ID",2025-06-01,19,19,4,1,43,2993,775
36620,"Ontario, OR-ID",2025-07-01,13,27,3,1,44,3037,788
36620,"Ontario, OR-ID",2025-08-01,16,19,4,0,39,3076,804
36620,"Ontario, OR-ID",2025-09-01,1,2,1,0,4,3080,805
31580,"Madisonville, KY",2019-02-01,0,1,0,0,1,1,0
31580,"Madisonville, KY",2019-03-01,0,2,0,0,2,3,0
31580,"Madisonville, KY",2019-04-01,0,3,2,0,5,8,0
31580,"Madisonville, KY",2019-05-01,0,1,0,0,1,9,0
31580,"Madisonville, KY",2019-06-01,0,2,1,0,3,12,0
31580,"Madisonville, KY",2019-07-01,0,3,2,0,5,17,0
31580,"Madisonville, KY",2019-08-01,0,1,1,0,2,19,0
31580,"Madisonville, KY",2019-09-01,1,6,1,0,8,27,1
31580,"Madisonville, KY",2019-11-01,0,1,1,0,2,29,1
31580,"Madisonville, KY",2019-12-01,0,3,1,0,4,33,1
31580,"Madisonville, KY",2020-01-01,0,3,2,0,5,38,1
31580,"Madisonville, KY",2020-02-01,1,4,0,0,5,43,2
31580,"Madisonville, KY",2020-03-01,0,2,1,0,3,46,2
31580,"Madisonville, KY",2020-04-01,1,3,0,0,4,50,3
31580,"Madisonville, KY",2020-05-01,1,5,4,0,10,60,4
31580,"Madisonville, KY",2020-06-01,0,2,2,1,5,65,4
31580,"Madisonville, KY",2020-07-01,1,6,5,0,12,77,5
31580,"Madisonville, KY",2020-08-01,2,10,2,0,14,91,7
31580,"Madisonville, KY",2020-09-01,0,10,1,0,11,102,7
31580,"Madisonville, KY",2020-10-01,7,38,8,0,53,155,14
31580,"Madisonville, KY",2020-11-01,4,24,6,1,35,190,18
31580,"Madisonville, KY",2020-12-01,6,29,11,1,47,237,24
31580,"Madisonville, KY",2021-01-01,5,41,16,0,62,299,29
31580,"Madisonville, KY",2021-02-01,8,26,6,0,40,339,37
31580,"Madisonville, KY",2021-03-01,9,27,7,1,44,383,46
31580,"Madisonville, KY",2021-04-01,10,41,2,1,54,437,56
31580,"Madisonville, KY",2021-05-01,11,72,13,0,96,533,67
31580,"Madisonville, KY",2021-06-01,11,39,8,1,59,592,78
31580,"Madisonville, KY",2021-07-01,6,36,7,2,51,643,84
31580,"Madisonville, KY",2021-08-01,10,44,13,0,67,710,94
31580,"Madisonville, KY",2021-09-01,9,33,6,0,48,758,103
31580,"Madisonville, KY",2021-10-01,0,34,6,2,42,800,103
31580,"Madisonville, KY",2021-11-01,8,29,17,0,54,854,111
31580,"Madisonville, KY",2021-12-01,4,30,8,0,42,896,115
31580,"Madisonville, KY",2022-01-01,7,34,10,1,52,948,122
31580,"Madisonville, KY",2022-02-01,5,30,11,0,46,994,127
31580,"Madisonville, KY",2022-03-01,9,38,12,1,60,1054,136
31580,"Madisonville, KY",2022-04-01,5,28,10,0,43,1097,141
31580,"Madisonville, KY",2022-05-01,11,34,8,0,53,1150,152
31580,"Madisonville, KY",2022-06-01,2,25,4,0,31,1181,154
31580,"Madisonville, KY",2022-07-01,6,25,6,0,37,1218,160
31580,"Madisonville, KY",2022-08-01,5,25,6,0,36,1254,165
31580,"Madisonville, KY",2022-09-01,7,28,9,0,44,1298,172
31580,"Madisonville, KY",2022-10-01,8,17,10,3,38,1336,180
31580,"Madisonville, KY",2022-11-01,8,30,3,0,41,1377,188
31580,"Madisonville, KY",2022-12-01,9,25,10,4,48,1425,197
31580,"Madisonville, KY",2023-01-01,10,28,11,4,53,1478,207
31580,"Madisonville, KY",2023-02-01,6,21,14,1,42,1520,213
31580,"Madisonville, KY",2023-03-01,18,30,7,0,55,1575,231
31580,"Madisonville, KY",2023-04-01,3,27,7,0,37,1612,234
31580,"Madisonville, KY",2023-05-01,11,26,7,1,45,1657,245
31580,"Madisonville, KY",2023-06-01,11,23,7,0,41,1698,256
31580,"Madisonville, KY",2023-07-01,18,22,8,0,48,1746,274
31580,"Madisonville, KY",2023-08-01,15,27,5,0,47,1793,289
31580,"Madisonville, KY",2023-09-01,7,32,11,1,51,1844,296
31580,"Madisonville, KY",2023-10-01,8,16,5,1,30,1874,304
31580,"Madisonville, KY",2023-11-01,17,19,12,1,49,1923,321
31580,"Madisonville, KY",2023-12-01,14,28,8,1,51,1974,335
31580,"Madisonville, KY",2024-01-01,15,18,9,2,44,2018,350
31580,"Madisonville, KY",2024-02-01,12,27,6,0,45,2063,362
31580,"Madisonville, KY",2024-03-01,7,25,8,0,40,2103,369
31580,"Madisonville, KY",2024-04-01,22,24,15,2,63,2166,391
31580,"Madisonville, KY",2024-05-01,10,16,8,0,34,2200,401
31580,"Madisonville, KY",2024-06-01,14,25,7,2,48,2248,415
31580,"Madisonville, KY",2024-07-01,11,8,3,1,23,2271,426
31580,"Madisonville, KY",2024-08-01,6,16,5,1,28,2299,432
31580,"Madisonville, KY",2024-09-01,7,12,1,0,20,2319,439
31580,"Madisonville, KY",2024-10-01,8,22,9,0,39,2358,447
31580,"Madisonville, KY",2024-11-01,15,21,7,1,44,2402,462
31580,"Madisonville, KY",2024-12-01,12,22,10,0,44,2446,474
31580,"Madisonville, KY",2025-01-01,6,29,10,0,45,2491,480
31580,"Madisonville, KY",2025-02-01,14,17,8,0,39,2530,494
31580,"Madisonville, KY",2025-03-01,19,33,6,0,58,2588,513
31580,"Madisonville, KY",2025-04-01,21,22,6,0,49,2637,534
31580,"Madisonville, KY",2025-05-01,20,31,8,0,59,2696,554
31580,"Madisonville, KY",2025-06-01,15,24,9,0,48,2744,569
31580,"Madisonville, KY",2025-07-01,13,25,9,0,47,2791,582
31580,"Madisonville, KY",2025-08-01,17,24,5,1,47,2838,599
28180,"Kapaa, HI",2019-09-01,0,0,1,0,1,1,0
28180,"Kapaa, HI",2020-03-01,1,0,1,0,2,3,1
28180,"Kapaa, HI",2020-05-01,0,1,0,0,1,4,1
28180,"Kapaa, HI",2020-07-01,0,0,1,0,1,5,1
28180,"Kapaa, HI",2021-01-01,0,1,1,0,2,7,1
28180,"Kapaa, HI",2021-03-01,0,1,0,0,1,8,1
28180,"Kapaa, HI",2021-04-01,0,2,1,0,3,11,1
28180,"Kapaa, HI",2021-05-01,0,1,0,1,2,13,1
28180,"Kapaa, HI",2021-06-01,0,1,0,0,1,14,1
28180,"Kapaa, HI",2021-07-01,0,2,0,0,2,16,1
28180,"Kapaa, HI",2021-08-01,0,2,1,0,3,19,1
28180,"Kapaa, HI",2021-10-01,0,1,0,0,1,20,1
28180,"Kapaa, HI",2021-12-01,0,2,0,0,2,22,1
28180,"Kapaa, HI",2022-01-01,0,4,0,0,4,26,1
28180,"Kapaa, HI",2022-02-01,0,1,0,0,1,27,1
28180,"Kapaa, HI",2022-03-01,0,1,1,2,4,31,1
28180,"Kapaa, HI",2022-04-01,1,2,0,0,3,34,2
28180,"Kapaa, HI",2022-05-01,0,0,1,0,1,35,2
28180,"Kapaa, HI",2022-06-01,0,2,0,0,2,37,2
28180,"Kapaa, HI",2022-07-01,0,2,0,0,2,39,2
28180,"Kapaa, HI",2022-08-01,0,1,1,0,2,41,2
28180,"Kapaa, HI",2022-09-01,1,3,2,0,6,47,3
28180,"Kapaa, HI",2022-10-01,1,2,1,0,4,51,4
28180,"Kapaa, HI",2022-11-01,0,0,1,0,1,52,4
28180,"Kapaa, HI",2022-12-01,1,1,2,0,4,56,5
28180,"Kapaa, HI",2023-01-01,1,3,0,1,5,61,6
28180,"Kapaa, HI",2023-02-01,0,3,0,0,3,64,6
28180,"Kapaa, HI",2023-03-01,0,3,1,1,5,69,6
28180,"Kapaa, HI",2023-04-01,1,1,1,0,3,72,7
28180,"Kapaa, HI",2023-05-01,0,5,0,0,5,77,7
28180,"Kapaa, HI",2023-06-01,0,2,1,0,3,80,7
28180,"Kapaa, HI",2023-07-01,0,4,0,0,4,84,7
28180,"Kapaa, HI",2023-08-01,0,2,0,0,2,86,7
28180,"Kapaa, HI",2023-09-01,0,2,1,0,3,89,7
28180,"Kapaa, HI",2023-10-01,0,1,0,0,1,90,7
28180,"Kapaa, HI",2023-11-01,0,4,2,0,6,96,7
28180,"Kapaa, HI",2023-12-01,1,2,0,0,3,99,8
28180,"Kapaa, HI",2024-01-01,1,0,0,1,2,101,9
28180,"Kapaa, HI",2024-02-01,1,1,0,0,2,103,10
28180,"Kapaa, HI",2024-03-01,1,0,1,0,2,105,11
28180,"Kapaa, HI",2024-04-01,1,3,0,0,4,109,12
28180,"Kapaa, HI",2024-05-01,1,0,1,0,2,111,13
28180,"Kapaa, HI",2024-06-01,3,3,1,0,7,118,16
28180,"Kapaa, HI",2024-07-01,0,3,3,0,6,124,16
28180,"Kapaa, HI",2024-08-01,1,4,1,0,6,130,17
28180,"Kapaa, HI",2024-09-01,4,2,0,0,6,136,21
28180,"Kapaa, HI",2024-10-01,4,0,0,0,4,140,25
28180,"Kapaa, HI",2024-11-01,1,2,0,0,3,143,26
28180,"Kapaa, HI",2024-12-01,3,2,1,0,6,149,29
28180,"Kapaa, HI",2025-01-01,0,3,1,0,4,153,29
28180,"Kapaa, HI",2025-02-01,3,3,0,0,6,159,32
28180,"Kapaa, HI",2025-03-01,3,5,1,0,9,168,35
28180,"Kapaa, HI",2025-04-01,2,3,1,0,6,174,37
28180,"Kapaa, HI",2025-05-01,1,2,0,0,3,177,38
28180,"Kapaa, HI",2025-06-01,2,1,0,0,3,180,40
28180,"Kapaa, HI",2025-07-01,2,2,0,0,4,184,42
28180,"Kapaa, HI",2025-08-01,1,5,1,0,7,191,43
23140,"Frankfort, IN",2019-01-01,0,1,0,0,1,1,0
23140,"Frankfort, IN",2019-02-01,0,1,0,0,1,2,0
23140,"Frankfort, IN",2019-04-01,0,1,0,0,1,3,0
23140,"Frankfort, IN",2019-05-01,0,1,1,0,2,5,0
23140,"Frankfort, IN",2019-06-01,0,1,0,0,1,6,0
23140,"Frankfort, IN",2019-07-01,0,1,0,0,1,7,0
23140,"Frankfort, IN",2019-09-01,0,3,0,0,3,10,0
23140,"Frankfort, IN",2019-10-01,0,4,0,0,4,14,0
23140,"Frankfort, IN",2019-11-01,1,0,0,0,1,15,1
23140,"Frankfort, IN",2019-12-01,0,0,1,0,1,16,1
23140,"Frankfort, IN",2020-01-01,0,1,1,1,3,19,1
23140,"Frankfort, IN",2020-02-01,0,1,0,0,1,20,1
23140,"Frankfort, IN",2020-03-01,0,4,1,0,5,25,1
23140,"Frankfort, IN",2020-04-01,0,3,2,0,5,30,1
23140,"Frankfort, IN",2020-05-01,2,3,0,0,5,35,3
23140,"Frankfort, IN",2020-06-01,2,4,2,0,8,43,5
23140,"Frankfort, IN",2020-07-01,1,5,3,0,9,52,6
23140,"Frankfort, IN",2020-08-01,1,17,3,0,21,73,7
23140,"Frankfort, IN",2020-09-01,3,12,2,0,17,90,10
23140,"Frankfort, IN",2020-10-01,8,10,4,1,23,113,18
23140,"Frankfort, IN",2020-11-01,4,11,2,0,17,130,22
23140,"Frankfort, IN",2020-12-01,3,13,1,0,17,147,25
23140,"Frankfort, IN",2021-01-01,8,20,4,0,32,179,33
23140,"Frankfort, IN",2021-02-01,8,14,5,0,27,206,41
23140,"Frankfort, IN",2021-03-01,8,17,6,0,31,237,49
23140,"Frankfort, IN",2021-04-01,7,17,7,0,31,268,56
23140,"Frankfort, IN",2021-05-01,14,16,7,0,37,305,70
23140,"Frankfort, IN",2021-06-01,3,21,8,0,32,337,73
23140,"Frankfort, IN",2021-07-01,8,13,1,1,23,360,81
23140,"Frankfort, IN",2021-08-01,6,16,9,0,31,391,87
23140,"Frankfort, IN",2021-09-01,9,21,4,1,35,426,96
23140,"Frankfort, IN",2021-10-01,2,15,7,0,24,450,98
23140,"Frankfort, IN",2021-11-01,7,14,6,3,30,480,105
23140,"Frankfort, IN",2021-12-01,11,19,4,0,34,514,116
23140,"Frankfort, IN",2022-01-01,9,18,7,2,36,550,125
23140,"Frankfort, IN",2022-02-01,5,8,4,0,17,567,130
23140,"Frankfort, IN",2022-03-01,9,15,3,0,27,594,139
23140,"Frankfort, IN",2022-04-01,4,14,1,1,20,614,143
23140,"Frankfort, IN",2022-05-01,7,18,3,1,29,643,150
23140,"Frankfort, IN",2022-06-01,3,7,4,0,14,657,153
23140,"Frankfort, IN",2022-07-01,2,9,3,1,15,672,155
23140,"Frankfort, IN",2022-08-01,3,13,5,0,21,693,158
23140,"Frankfort, IN",2022-09-01,4,15,0,0,19,712,162
23140,"Frankfort, IN",2022-10-01,7,9,2,1,19,731,169
23140,"Frankfort, IN",2022-11-01,11,9,2,0,22,753,180
23140,"Frankfort, IN",2022-12-01,1,14,5,0,20,773,181
23140,"Frankfort, IN",2023-01-01,7,11,6,0,24,797,188
23140,"Frankfort, IN",2023-02-01,8,14,4,0,26,823,196
23140,"Frankfort, IN",2023-03-01,10,9,5,1,25,848,206
23140,"Frankfort, IN",2023-04-01,8,17,5,0,30,878,214
23140,"Frankfort, IN",2023-05-01,8,5,6,0,19,897,222
23140,"Frankfort, IN",2023-06-01,7,6,4,1,18,915,229
23140,"Frankfort, IN",2023-07-01,6,10,5,0,21,936,235
23140,"Frankfort, IN",2023-08-01,6,8,4,0,18,954,241
23140,"Frankfort, IN",2023-09-01,8,10,5,0,23,977,249
23140,"Frankfort, IN",2023-10-01,5,14,3,1,23,1000,254
23140,"Frankfort, IN",2023-11-01,12,11,7,1,31,1031,266
23140,"Frankfort, IN",2023-12-01,12,13,6,0,31,1062,278
23140,"Frankfort, IN",2024-01-01,12,13,6,1,32,1094,290
23140,"Frankfort, IN",2024-02-01,10,9,4,0,23,1117,300
23140,"Frankfort, IN",2024-03-01,16,15,1,0,32,1149,316
23140,"Frankfort, IN",2024-04-01,13,11,6,1,31,1180,329
23140,"Frankfort, IN",2024-05-01,10,12,4,1,27,1207,339
23140,"Frankfort, IN",2024-06-01,6,16,1,1,24,1231,345
23140,"Frankfort, IN",2024-07-01,9,9,3,0,21,1252,354
23140,"Frankfort, IN",2024-08-01,11,12,5,0,28,1280,365
23140,"Frankfort, IN",2024-09-01,9,14,0,0,23,1303,374
23140,"Frankfort, IN",2024-10-01,9,8,4,0,21,1324,383
23140,"Frankfort, IN",2024-11-01,16,17,1,1,35,1359,399
23140,"Frankfort, IN",2024-12-01,17,20,4,0,41,1400,416
23140,"Frankfort, IN",2025-01-01,16,12,8,0,36,1436,432
23140,"Frankfort, IN",2025-02-01,7,16,7,0,30,1466,439
23140,"Frankfort, IN",2025-03-01,9,18,4,0,31,1497,448
23140,"Frankfort, IN",2025-04-01,15,8,8,0,31,1528,463
23140,"Frankfort, IN",2025-05-01,18,8,2,0,28,1556,481
23140,"Frankfort, IN",2025-06-01,13,9,4,0,26,1582,494
23140,"Frankfort, IN",2025-07-01,9,16,4,0,29,1611,503
23140,"Frankfort, IN",2025-08-01,9,8,5,0,22,1633,512
23140,"Frankfort, IN",2025-09-01,1,0,0,0,1,1634,513
22020,"Fargo, ND-MN",2019-01-01,0,14,1,0,15,15,0
22020,"Fargo, ND-MN",2019-02-01,2,19,3,0,24,39,2
22020,"Fargo, ND-MN",2019-03-01,2,28,8,0,38,77,4
22020,"Fargo, ND-MN",2019-04-01,3,50,3,2,58,135,7
22020,"Fargo, ND-MN",2019-05-01,2,32,8,0,42,177,9
22020,"Fargo, ND-MN",2019-06-01,3,35,5,0,43,220,12
22020,"Fargo, ND-MN",2019-07-01,4,31,6,0,41,261,16
22020,"Fargo, ND-MN",2019-08-01,1,34,8,2,45,306,17
22020,"Fargo, ND-MN",2019-09-01,5,44,10,1,60,366,22
22020,"Fargo, ND-MN",2019-10-01,4,37,6,0,47,413,26
22020,"Fargo, ND-MN",2019-11-01,7,50,10,1,68,481,33
22020,"Fargo, ND-MN",2019-12-01,12,42,8,1,63,544,45
22020,"Fargo, ND-MN",2020-01-01,13,55,10,1,79,623,58
22020,"Fargo, ND-MN",2020-02-01,7,52,5,1,65,688,65
22020,"Fargo, ND-MN",2020-03-01,14,86,13,0,113,801,79
22020,"Fargo, ND-MN",2020-04-01,47,170,21,2,240,1041,126
22020,"Fargo, ND-MN",2020-05-01,59,129,21,1,210,1251,185
22020,"Fargo, ND-MN",2020-06-01,52,113,12,0,177,1428,237
22020,"Fargo, ND-MN",2020-07-01,50,134,24,1,209,1637,287
22020,"Fargo, ND-MN",2020-08-01,60,164,20,2,246,1883,347
22020,"Fargo, ND-MN",2020-09-01,73,147,19,2,241,2124,420
22020,"Fargo, ND-MN",2020-10-01,53,176,20,2,251,2375,473
22020,"Fargo, ND-MN",2020-11-01,49,97,13,0,159,2534,522
22020,"Fargo, ND-MN",2020-12-01,34,75,4,2,115,2649,556
22020,"Fargo, ND-MN",2021-01-01,88,146,18,2,254,2903,644
22020,"Fargo, ND-MN",2021-02-01,108,207,25,2,342,3245,752
22020,"Fargo, ND-MN",2021-03-01,108,196,23,0,327,3572,860
22020,"Fargo, ND-MN",2021-04-01,82,171,30,1,284,3856,942
22020,"Fargo, ND-MN",2021-05-01,93,142,23,4,262,4118,1035
22020,"Fargo, ND-MN",2021-06-01,45,140,21,1,207,4325,1080
22020,"Fargo, ND-MN",2021-07-01,41,111,14,3,169,4494,1121
22020,"Fargo, ND-MN",2021-08-01,67,126,23,1,217,4711,1188
22020,"Fargo, ND-MN",2021-09-01,56,116,25,0,197,4908,1244
22020,"Fargo, ND-MN",2021-10-01,37,61,14,2,114,5022,1281
22020,"Fargo, ND-MN",2021-11-01,93,107,25,1,226,5248,1374
22020,"Fargo, ND-MN",2021-12-01,70,106,21,1,198,5446,1444
22020,"Fargo, ND-MN",2022-01-01,174,233,44,6,457,5903,1618
22020,"Fargo, ND-MN",2022-02-01,114,183,29,5,331,6234,1732
22020,"Fargo, ND-MN",2022-03-01,109,164,38,3,314,6548,1841
22020,"Fargo, ND-MN",2022-04-01,71,91,21,2,185,6733,1912
22020,"Fargo, ND-MN",2022-05-01,50,99,18,4,171,6904,1962
22020,"Fargo, ND-MN",2022-06-01,81,99,21,0,201,7105,2043
22020,"Fargo, ND-MN",2022-07-01,67,92,18,0,177,7282,2110
22020,"Fargo, ND-MN",2022-08-01,88,113,12,3,216,7498,2198
22020,"Fargo, ND-MN",2022-09-01,101,98,19,3,221,7719,2299
22020,"Fargo, ND-MN",2022-10-01,83,120,24,4,231,7950,2382
22020,"Fargo, ND-MN",2022-11-01,94,123,24,3,244,8194,2476
22020,"Fargo, ND-MN",2022-12-01,104,105,26,1,236,8430,2580
22020,"Fargo, ND-MN",2023-01-01,106,115,23,3,247,8677,2686
22020,"Fargo, ND-MN",2023-02-01,146,110,22,2,280,8957,2832
22020,"Fargo, ND-MN",2023-03-01,123,166,30,2,321,9278,2955
22020,"Fargo, ND-MN",2023-04-01,130,101,28,4,263,9541,3085
22020,"Fargo, ND-MN",2023-05-01,74,73,22,0,169,9710,3159
22020,"Fargo, ND-MN",2023-06-01,72,62,15,0,149,9859,3231
22020,"Fargo, ND-MN",2023-07-01,54,48,17,1,120,9979,3285
22020,"Fargo, ND-MN",2023-08-01,97,95,23,2,217,10196,3382
22020,"Fargo, ND-MN",2023-09-01,126,89,23,0,238,10434,3508
22020,"Fargo, ND-MN",2023-10-01,106,82,25,0,213,10647,3614
22020,"Fargo, ND-MN",2023-11-01,107,112,29,2,250,10897,3721
22020,"Fargo, ND-MN",2023-12-01,119,100,26,2,247,11144,3840
22020,"Fargo, ND-MN",2024-01-01,137,120,36,1,294,11438,3977
22020,"Fargo, ND-MN",2024-02-01,132,113,25,3,273,11711,4109
22020,"Fargo, ND-MN",2024-03-01,130,91,29,2,252,11963,4239
22020,"Fargo, ND-MN",2024-04-01,109,84,29,0,222,12185,4348
22020,"Fargo, ND-MN",2024-05-01,121,124,31,2,278,12463,4469
22020,"Fargo, ND-MN",2024-06-01,114,107,30,0,251,12714,4583
22020,"Fargo, ND-MN",2024-07-01,105,110,27,5,247,12961,4688
22020,"Fargo, ND-MN",2024-08-01,96,90,17,0,203,13164,4784
22020,"Fargo, ND-MN",2024-09-01,122,92,39,2,255,13419,4906
22020,"Fargo, ND-MN",2024-10-01,119,108,28,1,256,13675,5025
22020,"Fargo, ND-MN",2024-11-01,122,92,27,0,241,13916,5147
22020,"Fargo, ND-MN",2024-12-01,119,119,30,1,269,14185,5266
22020,"Fargo, ND-MN",2025-01-01,136,132,17,3,288,14473,5402
22020,"Fargo, ND-MN",2025-02-01,113,86,22,0,221,14694,5515
22020,"Fargo, ND-MN",2025-03-01,132,104,21,1,258,14952,5647
22020,"Fargo, ND-MN",2025-04-01,120,107,24,2,253,15205,5767
22020,"Fargo, ND-MN",2025-05-01,144,103,36,4,287,15492,5911
22020,"Fargo, ND-MN",2025-06-01,158,114,33,1,306,15798,6069
22020,"Fargo, ND-MN",2025-07-01,110,97,28,0,235,16033,6179
22020,"Fargo, ND-MN",2025-08-01,98,89,21,1,209,16242,6277
22020,"Fargo, ND-MN",2025-09-01,3,1,2,0,6,16248,6280
12220,"Auburn-Opelika, AL",2019-01-01,2,17,0,0,19,19,2
12220,"Auburn-Opelika, AL",2019-02-01,0,28,3,1,32,51,2
12220,"Auburn-Opelika, AL",2019-03-01,1,23,5,0,29,80,3
12220,"Auburn-Opelika, AL",2019-04-01,1,45,9,1,56,136,4
12220,"Auburn-Opelika, AL",2019-05-01,4,37,5,1,47,183,8
12220,"Auburn-Opelika, AL",2019-06-01,3,45,3,2,53,236,11
12220,"Auburn-Opelika, AL",2019-07-01,4,28,8,0,40,276,15
12220,"Auburn-Opelika, AL",2019-08-01,7,47,15,1,70,346,22
12220,"Auburn-Opelika, AL",2019-09-01,3,28,3,0,34,380,25
12220,"Auburn-Opelika, AL",2019-10-01,6,40,1,0,47,427,31
12220,"Auburn-Opelika, AL",2019-11-01,5,37,6,0,48,475,36
12220,"Auburn-Opelika, AL",2019-12-01,5,37,5,1,48,523,41
12220,"Auburn-Opelika, AL",2020-01-01,5,42,3,0,50,573,46
12220,"Auburn-Opelika, AL",2020-02-01,13,62,10,0,85,658,59
12220,"Auburn-Opelika, AL",2020-03-01,12,55,6,0,73,731,71
12220,"Auburn-Opelika, AL",2020-04-01,39,95,11,0,145,876,110
12220,"Auburn-Opelika, AL",2020-05-01,89,180,16,1,286,1162,199
12220,"Auburn-Opelika, AL",2020-06-01,66,154,10,2,232,1394,265
12220,"Auburn-Opelika, AL",2020-07-01,60,149,12,2,223,1617,325
12220,"Auburn-Opelika, AL",2020-08-01,90,309,29,4,432,2049,415
12220,"Auburn-Opelika, AL",2020-09-01,93,210,29,0,332,2381,508
12220,"Auburn-Opelika, AL",2020-10-01,80,154,14,1,249,2630,588
12220,"Auburn-Opelika, AL",2020-11-01,39,65,4,1,109,2739,627
12220,"Auburn-Opelika, AL",2020-12-01,34,60,6,0,100,2839,661
12220,"Auburn-Opelika, AL",2021-01-01,79,121,10,0,210,3049,740
12220,"Auburn-Opelika, AL",2021-02-01,49,91,10,2,152,3201,789
12220,"Auburn-Opelika, AL",2021-03-01,80,131,21,0,232,3433,869
12220,"Auburn-Opelika, AL",2021-04-01,144,222,31,2,399,3832,1013
12220,"Auburn-Opelika, AL",2021-05-01,133,216,34,1,384,4216,1146
12220,"Auburn-Opelika, AL",2021-06-01,83,164,22,1,270,4486,1229
12220,"Auburn-Opelika, AL",2021-07-01,48,131,14,2,195,4681,1277
12220,"Auburn-Opelika, AL",2021-08-01,70,141,22,4,237,4918,1347
12220,"Auburn-Opelika, AL",2021-09-01,69,168,26,5,268,5186,1416
12220,"Auburn-Opelika, AL",2021-10-01,42,99,17,4,162,5348,1458
12220,"Auburn-Opelika, AL",2021-11-01,67,123,20,2,212,5560,1525
12220,"Auburn-Opelika, AL",2021-12-01,74,138,28,1,241,5801,1599
12220,"Auburn-Opelika, AL",2022-01-01,69,130,28,0,227,6028,1668
12220,"Auburn-Opelika, AL",2022-02-01,88,99,19,2,208,6236,1756
12220,"Auburn-Opelika, AL",2022-03-01,107,191,46,2,346,6582,1863
12220,"Auburn-Opelika, AL",2022-04-01,71,189,28,1,289,6871,1934
12220,"Auburn-Opelika, AL",2022-05-01,109,131,27,0,267,7138,2043
12220,"Auburn-Opelika, AL",2022-06-01,57,92,21,0,170,7308,2100
12220,"Auburn-Opelika, AL",2022-07-01,51,92,26,0,169,7477,2151
12220,"Auburn-Opelika, AL",2022-08-01,111,174,29,0,314,7791,2262
12220,"Auburn-Opelika, AL",2022-09-01,86,151,33,1,271,8062,2348
12220,"Auburn-Opelika, AL",2022-10-01,78,109,30,1,218,8280,2426
12220,"Auburn-Opelika, AL",2022-11-01,96,128,20,0,244,8524,2522
12220,"Auburn-Opelika, AL",2022-12-01,115,125,24,2,266,8790,2637
12220,"Auburn-Opelika, AL",2023-01-01,139,115,21,0,275,9065,2776
12220,"Auburn-Opelika, AL",2023-02-01,108,99,34,0,241,9306,2884
12220,"Auburn-Opelika, AL",2023-03-01,162,150,36,5,353,9659,3046
12220,"Auburn-Opelika, AL",2023-04-01,108,124,24,1,257,9916,3154
12220,"Auburn-Opelika, AL",2023-05-01,66,95,11,2,174,10090,3220
12220,"Auburn-Opelika, AL",2023-06-01,46,71,17,1,135,10225,3266
12220,"Auburn-Opelika, AL",2023-07-01,46,72,12,1,131,10356,3312
12220,"Auburn-Opelika, AL",2023-08-01,67,95,23,0,185,10541,3379
12220,"Auburn-Opelika, AL",2023-09-01,99,109,28,4,240,10781,3478
12220,"Auburn-Opelika, AL",2023-10-01,94,97,18,3,212,10993,3572
12220,"Auburn-Opelika, AL",2023-11-01,90,102,26,1,219,11212,3662
12220,"Auburn-Opelika, AL",2023-12-01,125,109,32,2,268,11480,3787
12220,"Auburn-Opelika, AL",2024-01-01,168,114,36,3,321,11801,3955
12220,"Auburn-Opelika, AL",2024-02-01,161,119,21,1,302,12103,4116
12220,"Auburn-Opelika, AL",2024-03-01,147,113,36,1,297,12400,4263
12220,"Auburn-Opelika, AL",2024-04-01,106,100,23,0,229,12629,4369
12220,"Auburn-Opelika, AL",2024-05-01,72,73,16,1,162,12791,4441
12220,"Auburn-Opelika, AL",2024-06-01,63,66,14,1,144,12935,4504
12220,"Auburn-Opelika, AL",2024-07-01,36,59,24,0,119,13054,4540
12220,"Auburn-Opelika, AL",2024-08-01,94,110,28,4,236,13290,4634
12220,"Auburn-Opelika, AL",2024-09-01,135,116,28,2,281,13571,4769
12220,"Auburn-Opelika, AL",2024-10-01,153,126,43,4,326,13897,4922
12220,"Auburn-Opelika, AL",2024-11-01,144,96,35,6,281,14178,5066
12220,"Auburn-Opelika, AL",2024-12-01,166,110,38,2,316,14494,5232
12220,"Auburn-Opelika, AL",2025-01-01,146,107,26,4,283,14777,5378
12220,"Auburn-Opelika, AL",2025-02-01,162,93,28,4,287,15064,5540
12220,"Auburn-Opelika, AL",2025-03-01,173,101,23,2,299,15363,5713
12220,"Auburn-Opelika, AL",2025-04-01,154,100,26,2,282,15645,5867
12220,"Auburn-Opelika, AL",2025-05-01,154,95,26,2,277,15922,6021
12220,"Auburn-Opelika, AL",2025-06-01,108,81,26,2,217,16139,6129
12220,"Auburn-Opelika, AL",2025-07-01,99,85,28,2,214,16353,6228
12220,"Auburn-Opelika, AL",2025-08-01,117,83,23,0,223,16576,6345
12220,"Auburn-Opelika, AL",2025-09-01,6,1,1,0,8,16584,6351
39980,"Richmond, IN",2019-01-01,0,4,2,0,6,6,0
39980,"Richmond, IN",2019-02-01,0,5,1,0,6,12,0
39980,"Richmond, IN",2019-03-01,0,2,2,0,4,16,0
39980,"Richmond, IN",2019-04-01,0,5,2,1,8,24,0
39980,"Richmond, IN",2019-05-01,0,28,6,0,34,58,0
39980,"Richmond, IN",2019-06-01,0,15,2,0,17,75,0
39980,"Richmond, IN",2019-07-01,0,19,3,0,22,97,0
39980,"Richmond, IN",2019-08-01,0,17,9,1,27,124,0
39980,"Richmond, IN",2019-09-01,4,27,10,0,41,165,4
39980,"Richmond, IN",2019-10-01,0,16,3,1,20,185,4
39980,"Richmond, IN",2019-11-01,1,19,2,0,22,207,5
39980,"Richmond, IN",2019-12-01,3,12,5,1,21,228,8
39980,"Richmond, IN",2020-01-01,1,10,4,0,15,243,9
39980,"Richmond, IN",2020-02-01,3,15,4,1,23,266,12
39980,"Richmond, IN",2020-03-01,5,25,8,0,38,304,17
39980,"Richmond, IN",2020-04-01,13,38,9,0,60,364,30
39980,"Richmond, IN",2020-05-01,13,40,14,1,68,432,43
39980,"Richmond, IN",2020-06-01,10,41,2,0,53,485,53
39980,"Richmond, IN",2020-07-01,7,40,8,1,56,541,60
39980,"Richmond, IN",2020-08-01,8,24,3,0,35,576,68
39980,"Richmond, IN",2020-09-01,7,30,10,1,48,624,75
39980,"Richmond, IN",2020-10-01,12,40,15,0,67,691,87
39980,"Richmond, IN",2020-11-01,12,24,7,0,43,734,99
39980,"Richmond, IN",2020-12-01,16,40,9,2,67,801,115
39980,"Richmond, IN",2021-01-01,24,61,14,0,99,900,139
39980,"Richmond, IN",2021-02-01,26,42,11,0,79,979,165
39980,"Richmond, IN",2021-03-01,27,71,14,2,114,1093,192
39980,"Richmond, IN",2021-04-01,27,83,14,0,124,1217,219
39980,"Richmond, IN",2021-05-01,35,84,16,3,138,1355,254
39980,"Richmond, IN",2021-06-01,14,47,14,3,78,1433,268
39980,"Richmond, IN",2021-07-01,20,57,10,2,89,1522,288
39980,"Richmond, IN",2021-08-01,16,56,9,3,84,1606,304
39980,"Richmond, IN",2021-09-01,13,43,13,1,70,1676,317
39980,"Richmond, IN",2021-10-01,10,29,7,0,46,1722,327
39980,"Richmond, IN",2021-11-01,14,29,8,1,52,1774,341
39980,"Richmond, IN",2021-12-01,20,43,9,1,73,1847,361
39980,"Richmond, IN",2022-01-01,25,61,23,4,113,1960,386
39980,"Richmond, IN",2022-02-01,16,46,15,0,77,2037,402
39980,"Richmond, IN",2022-03-01,22,33,15,2,72,2109,424
39980,"Richmond, IN",2022-04-01,18,32,11,1,62,2171,442
39980,"Richmond, IN",2022-05-01,16,35,15,0,66,2237,458
39980,"Richmond, IN",2022-06-01,11,30,14,2,57,2294,469
39980,"Richmond, IN",2022-07-01,20,31,11,0,62,2356,489
39980,"Richmond, IN",2022-08-01,23,28,14,0,65,2421,512
39980,"Richmond, IN",2022-09-01,18,40,14,2,74,2495,530
39980,"Richmond, IN",2022-10-01,22,45,11,3,81,2576,552
39980,"Richmond, IN",2022-11-01,12,46,16,0,74,2650,564
39980,"Richmond, IN",2022-12-01,24,39,16,1,80,2730,588
39980,"Richmond, IN",2023-01-01,22,43,21,1,87,2817,610
39980,"Richmond, IN",2023-02-01,21,31,4,0,56,2873,631
39980,"Richmond, IN",2023-03-01,40,53,12,1,106,2979,671
39980,"Richmond, IN",2023-04-01,26,36,9,0,71,3050,697
39980,"Richmond, IN",2023-05-01,21,41,13,0,75,3125,718
39980,"Richmond, IN",2023-06-01,15,23,16,1,55,3180,733
39980,"Richmond, IN",2023-07-01,15,30,13,1,59,3239,748
39980,"Richmond, IN",2023-08-01,10,27,10,0,47,3286,758
39980,"Richmond, IN",2023-09-01,17,29,11,1,58,3344,775
39980,"Richmond, IN",2023-10-01,17,31,12,0,60,3404,792
39980,"Richmond, IN",2023-11-01,23,46,9,0,78,3482,815
39980,"Richmond, IN",2023-12-01,29,36,12,1,78,3560,844
39980,"Richmond, IN",2024-01-01,30,40,12,1,83,3643,874
39980,"Richmond, IN",2024-02-01,31,38,8,1,78,3721,905
39980,"Richmond, IN",2024-03-01,32,39,12,0,83,3804,937
39980,"Richmond, IN",2024-04-01,25,32,18,2,77,3881,962
39980,"Richmond, IN",2024-05-01,23,25,6,1,55,3936,985
39980,"Richmond, IN",2024-06-01,14,19,8,1,42,3978,999
39980,"Richmond, IN",2024-07-01,7,14,4,0,25,4003,1006
39980,"Richmond, IN",2024-08-01,7,13,12,0,32,4035,1013
39980,"Richmond, IN",2024-09-01,22,17,9,0,48,4083,1035
39980,"Richmond, IN",2024-10-01,35,43,10,1,89,4172,1070
39980,"Richmond, IN",2024-11-01,32,37,15,2,86,4258,1102
39980,"Richmond, IN",2024-12-01,28,44,9,2,83,4341,1130
39980,"Richmond, IN",2025-01-01,29,28,10,1,68,4409,1159
39980,"Richmond, IN",2025-02-01,33,30,15,1,79,4488,1192
39980,"Richmond, IN",2025-03-01,38,24,18,0,80,4568,1230
39980,"Richmond, IN",2025-04-01,40,30,16,2,88,4656,1270
39980,"Richmond, IN",2025-05-01,26,30,12,0,68,4724,1296
39980,"Richmond, IN",2025-06-01,26,23,10,0,59,4783,1322
39980,"Richmond, IN",2025-07-01,21,22,10,0,53,4836,1343
39980,"Richmond, IN",2025-08-01,25,27,8,0,60,4896,1368
49340,"Worcester, MA",2019-01-01,1,57,18,1,77,77,1
49340,"Worcester, MA",2019-02-01,2,97,16,1,116,193,3
49340,"Worcester, MA",2019-03-01,2,93,21,3,119,312,5
49340,"Worcester, MA",2019-04-01,4,91,22,0,117,429,9
49340,"Worcester, MA",2019-05-01,4,103,18,0,125,554,13
49340,"Worcester, MA",2019-06-01,3,53,13,1,70,624,16
49340,"Worcester, MA",2019-07-01,7,92,19,1,119,743,23
49340,"Worcester, MA",2019-08-01,4,83,17,0,104,847,27
49340,"Worcester, MA",2019-09-01,4,85,19,3,111,958,31
49340,"Worcester, MA",2019-10-01,6,99,25,1,131,1089,37
49340,"Worcester, MA",2019-11-01,9,103,12,0,124,1213,46
49340,"Worcester, MA",2019-12-01,13,106,18,9,146,1359,59
49340,"Worcester, MA",2020-01-01,15,67,15,2,99,1458,74
49340,"Worcester, MA",2020-02-01,2,68,14,0,84,1542,76
49340,"Worcester, MA",2020-03-01,8,47,19,0,74,1616,84
49340,"Worcester, MA",2020-04-01,12,137,39,5,193,1809,96
49340,"Worcester, MA",2020-05-01,84,191,42,9,326,2135,180
49340,"Worcester, MA",2020-06-01,62,195,38,3,298,2433,242
49340,"Worcester, MA",2020-07-01,87,266,54,3,410,2843,329
49340,"Worcester, MA",2020-08-01,86,312,51,9,458,3301,415
49340,"Worcester, MA",2020-09-01,60,256,56,9,381,3682,475
49340,"Worcester, MA",2020-10-01,63,273,48,6,390,4072,538
49340,"Worcester, MA",2020-11-01,92,296,53,4,445,4517,630
49340,"Worcester, MA",2020-12-01,101,268,46,7,422,4939,731
49340,"Worcester, MA",2021-01-01,127,339,86,17,569,5508,858
49340,"Worcester, MA",2021-02-01,90,282,57,13,442,5950,948
49340,"Worcester, MA",2021-03-01,105,269,63,12,449,6399,1053
49340,"Worcester, MA",2021-04-01,123,313,56,9,501,6900,1176
49340,"Worcester, MA",2021-05-01,106,326,63,9,504,7404,1282
49340,"Worcester, MA",2021-06-01,124,400,60,11,595,7999,1406
49340,"Worcester, MA",2021-07-01,129,448,79,9,665,8664,1535
49340,"Worcester, MA",2021-08-01,95,410,88,4,597,9261,1630
49340,"Worcester, MA",2021-09-01,86,484,110,7,687,9948,1716
49340,"Worcester, MA",2021-10-01,90,417,107,6,620,10568,1806
49340,"Worcester, MA",2021-11-01,102,318,90,9,519,11087,1908
49340,"Worcester, MA",2021-12-01,133,300,81,9,523,11610,2041
49340,"Worcester, MA",2022-01-01,152,411,104,8,675,12285,2193
49340,"Worcester, MA",2022-02-01,92,311,101,11,515,12800,2285
49340,"Worcester, MA",2022-03-01,106,311,95,4,516,13316,2391
49340,"Worcester, MA",2022-04-01,93,274,86,4,457,13773,2484
49340,"Worcester, MA",2022-05-01,86,211,67,4,368,14141,2570
49340,"Worcester, MA",2022-06-01,80,163,61,6,310,14451,2650
49340,"Worcester, MA",2022-07-01,75,200,58,5,338,14789,2725
49340,"Worcester, MA",2022-08-01,94,249,80,7,430,15219,2819
49340,"Worcester, MA",2022-09-01,95,242,62,10,409,15628,2914
49340,"Worcester, MA",2022-10-01,84,228,72,6,390,16018,2998
49340,"Worcester, MA",2022-11-01,98,190,68,5,361,16379,3096
49340,"Worcester, MA",2022-12-01,130,203,54,7,394,16773,3226
49340,"Worcester, MA",2023-01-01,146,250,82,7,485,17258,3372
49340,"Worcester, MA",2023-02-01,122,228,47,5,402,17660,3494
49340,"Worcester, MA",2023-03-01,128,241,60,3,432,18092,3622
49340,"Worcester, MA",2023-04-01,149,252,61,4,466,18558,3771
49340,"Worcester, MA",2023-05-01,138,224,45,2,409,18967,3909
49340,"Worcester, MA",2023-06-01,152,228,65,2,447,19414,4061
49340,"Worcester, MA",2023-07-01,139,233,65,8,445,19859,4200
49340,"Worcester, MA",2023-08-01,129,221,76,6,432,20291,4329
49340,"Worcester, MA",2023-09-01,105,285,72,9,471,20762,4434
49340,"Worcester, MA",2023-10-01,125,252,65,5,447,21209,4559
49340,"Worcester, MA",2023-11-01,137,293,98,11,539,21748,4696
49340,"Worcester, MA",2023-12-01,199,262,90,13,564,22312,4895
49340,"Worcester, MA",2024-01-01,136,309,88,7,540,22852,5031
49340,"Worcester, MA",2024-02-01,111,217,77,8,413,23265,5142
49340,"Worcester, MA",2024-03-01,127,209,75,8,419,23684,5269
49340,"Worcester, MA",2024-04-01,95,196,66,1,358,24042,5364
49340,"Worcester, MA",2024-05-01,136,237,68,8,449,24491,5500
49340,"Worcester, MA",2024-06-01,133,208,73,8,422,24913,5633
49340,"Worcester, MA",2024-07-01,148,241,66,4,459,25372,5781
49340,"Worcester, MA",2024-08-01,171,323,77,8,579,25951,5952
49340,"Worcester, MA",2024-09-01,137,305,82,11,535,26486,6089
49340,"Worcester, MA",2024-10-01,149,285,90,13,537,27023,6238
49340,"Worcester, MA",2024-11-01,136,256,74,4,470,27493,6374
49340,"Worcester, MA",2024-12-01,184,276,69,6,535,28028,6558
49340,"Worcester, MA",2025-01-01,205,348,83,4,640,28668,6763
49340,"Worcester, MA",2025-02-01,132,230,53,3,418,29086,6895
49340,"Worcester, MA",2025-03-01,144,233,75,3,455,29541,7039
49340,"Worcester, MA",2025-04-01,147,240,52,7,446,29987,7186
49340,"Worcester, MA",2025-05-01,180,241,52,3,476,30463,7366
49340,"Worcester, MA",2025-06-01,212,235,38,1,486,30949,7578
49340,"Worcester, MA",2025-07-01,174,245,52,7,478,31427,7752
49340,"Worcester, MA",2025-08-01,130,212,57,1,400,31827,7882
49340,"Worcester, MA",2025-09-01,1,9,0,1,11,31838,7883
16260,"Cedar City, UT",2019-01-01,0,5,0,0,5,5,0
16260,"Cedar City, UT",2019-02-01,0,5,1,0,6,11,0
16260,"Cedar City, UT",2019-03-01,1,12,2,0,15,26,1
16260,"Cedar City, UT",2019-04-01,0,7,0,0,7,33,1
16260,"Cedar City, UT",2019-05-01,0,8,3,1,12,45,1
16260,"Cedar City, UT",2019-06-01,0,10,1,0,11,56,1
16260,"Cedar City, UT",2019-07-01,0,14,5,0,19,75,1
16260,"Cedar City, UT",2019-08-01,7,14,6,1,28,103,8
16260,"Cedar City, UT",2019-09-01,5,8,3,0,16,119,13
16260,"Cedar City, UT",2019-10-01,5,14,0,1,20,139,18
16260,"Cedar City, UT",2019-11-01,5,13,0,0,18,157,23
16260,"Cedar City, UT",2019-12-01,5,17,4,1,27,184,28
16260,"Cedar City, UT",2020-01-01,2,21,2,0,25,209,30
16260,"Cedar City, UT",2020-02-01,4,18,1,1,24,233,34
16260,"Cedar City, UT",2020-03-01,5,17,6,0,28,261,39
16260,"Cedar City, UT",2020-04-01,17,50,8,1,76,337,56
16260,"Cedar City, UT",2020-05-01,12,39,4,2,57,394,68
16260,"Cedar City, UT",2020-06-01,11,31,8,1,51,445,79
16260,"Cedar City, UT",2020-07-01,15,32,7,0,54,499,94
16260,"Cedar City, UT",2020-08-01,18,36,3,0,57,556,112
16260,"Cedar City, UT",2020-09-01,22,55,7,0,84,640,134
16260,"Cedar City, UT",2020-10-01,28,30,5,0,63,703,162
16260,"Cedar City, UT",2020-11-01,13,21,4,1,39,742,175
16260,"Cedar City, UT",2020-12-01,13,29,5,2,49,791,188
16260,"Cedar City, UT",2021-01-01,24,31,2,0,57,848,212
16260,"Cedar City, UT",2021-02-01,23,29,4,1,57,905,235
16260,"Cedar City, UT",2021-03-01,37,55,12,1,105,1010,272
16260,"Cedar City, UT",2021-04-01,25,39,7,0,71,1081,297
16260,"Cedar City, UT",2021-05-01,25,49,9,1,84,1165,322
16260,"Cedar City, UT",2021-06-01,30,67,12,0,109,1274,352
16260,"Cedar City, UT",2021-07-01,21,44,7,1,73,1347,373
16260,"Cedar City, UT",2021-08-01,17,41,3,2,63,1410,390
16260,"Cedar City, UT",2021-09-01,23,35,6,0,64,1474,413
16260,"Cedar City, UT",2021-10-01,17,26,7,1,51,1525,430
16260,"Cedar City, UT",2021-11-01,30,29,4,1,64,1589,460
16260,"Cedar City, UT",2021-12-01,28,35,2,0,65,1654,488
16260,"Cedar City, UT",2022-01-01,55,60,6,1,122,1776,543
16260,"Cedar City, UT",2022-02-01,50,38,1,1,90,1866,593
16260,"Cedar City, UT",2022-03-01,37,48,9,3,97,1963,630
16260,"Cedar City, UT",2022-04-01,23,32,11,0,66,2029,653
16260,"Cedar City, UT",2022-05-01,38,42,1,0,81,2110,691
16260,"Cedar City, UT",2022-06-01,32,37,10,0,79,2189,723
16260,"Cedar City, UT",2022-07-01,37,23,8,1,69,2258,760
16260,"Cedar City, UT",2022-08-01,49,47,9,3,108,2366,809
16260,"Cedar City, UT",2022-09-01,67,36,12,1,116,2482,876
16260,"Cedar City, UT",2022-10-01,49,45,4,0,98,2580,925
16260,"Cedar City, UT",2022-11-01,49,45,7,1,102,2682,974
16260,"Cedar City, UT",2022-12-01,35,34,8,1,78,2760,1009
16260,"Cedar City, UT",2023-01-01,53,39,9,0,101,2861,1062
16260,"Cedar City, UT",2023-02-01,44,36,11,1,92,2953,1106
16260,"Cedar City, UT",2023-03-01,55,41,8,2,106,3059,1161
16260,"Cedar City, UT",2023-04-01,37,24,11,1,73,3132,1198
16260,"Cedar City, UT",2023-05-01,17,36,2,0,55,3187,1215
16260,"Cedar City, UT",2023-06-01,24,19,2,1,46,3233,1239
16260,"Cedar City, UT",2023-07-01,29,14,4,0,47,3280,1268
16260,"Cedar City, UT",2023-08-01,23,17,5,3,48,3328,1291
16260,"Cedar City, UT",2023-09-01,55,21,4,0,80,3408,1346
16260,"Cedar City, UT",2023-10-01,42,21,7,1,71,3479,1388
16260,"Cedar City, UT",2023-11-01,37,23,15,0,75,3554,1425
16260,"Cedar City, UT",2023-12-01,31,24,9,2,66,3620,1456
16260,"Cedar City, UT",2024-01-01,45,29,10,0,84,3704,1501
16260,"Cedar City, UT",2024-02-01,35,31,7,1,74,3778,1536
16260,"Cedar City, UT",2024-03-01,43,30,12,0,85,3863,1579
16260,"Cedar City, UT",2024-04-01,25,13,4,2,44,3907,1604
16260,"Cedar City, UT",2024-05-01,18,25,5,1,49,3956,1622
16260,"Cedar City, UT",2024-06-01,11,8,4,1,24,3980,1633
16260,"Cedar City, UT",2024-07-01,14,19,9,0,42,4022,1647
16260,"Cedar City, UT",2024-08-01,16,19,12,0,47,4069,1663
16260,"Cedar City, UT",2024-09-01,28,18,3,0,49,4118,1691
16260,"Cedar City, UT",2024-10-01,40,30,4,0,74,4192,1731
16260,"Cedar City, UT",2024-11-01,48,36,7,1,92,4284,1779
16260,"Cedar City, UT",2024-12-01,36,20,8,1,65,4349,1815
16260,"Cedar City, UT",2025-01-01,28,16,4,3,51,4400,1843
16260,"Cedar City, UT",2025-02-01,25,24,8,0,57,4457,1868
16260,"Cedar City, UT",2025-03-01,44,20,4,1,69,4526,1912
16260,"Cedar City, UT",2025-04-01,41,30,3,0,74,4600,1953
16260,"Cedar City, UT",2025-05-01,44,27,5,1,77,4677,1997
16260,"Cedar City, UT",2025-06-01,31,26,5,0,62,4739,2028
16260,"Cedar City, UT",2025-07-01,29,18,7,1,55,4794,2057
16260,"Cedar City, UT",2025-08-01,52,25,4,1,82,4876,2109
17220,"Clarksburg, WV",2019-01-01,0,2,1,0,3,3,0
17220,"Clarksburg, WV",2019-02-01,0,0,1,0,1,4,0
17220,"Clarksburg, WV",2019-03-01,0,0,2,0,2,6,0
17220,"Clarksburg, WV",2019-04-01,0,9,3,0,12,18,0
17220,"Clarksburg, WV",2019-05-01,0,12,3,0,15,33,0
17220,"Clarksburg, WV",2019-06-01,0,22,4,0,26,59,0
17220,"Clarksburg, WV",2019-07-01,2,24,2,0,28,87,2
17220,"Clarksburg, WV",2019-08-01,0,25,1,0,26,113,2
17220,"Clarksburg, WV",2019-09-01,3,19,2,0,24,137,5
17220,"Clarksburg, WV",2019-10-01,2,13,3,0,18,155,7
17220,"Clarksburg, WV",2019-11-01,1,12,6,0,19,174,8
17220,"Clarksburg, WV",2019-12-01,2,12,4,0,18,192,10
17220,"Clarksburg, WV",2020-01-01,2,15,4,0,21,213,12
17220,"Clarksburg, WV",2020-02-01,7,21,5,2,35,248,19
17220,"Clarksburg, WV",2020-03-01,6,21,7,0,34,282,25
17220,"Clarksburg, WV",2020-04-01,9,41,6,1,57,339,34
17220,"Clarksburg, WV",2020-05-01,28,57,9,2,96,435,62
17220,"Clarksburg, WV",2020-06-01,14,48,5,1,68,503,76
17220,"Clarksburg, WV",2020-07-01,11,44,8,0,63,566,87
17220,"Clarksburg, WV",2020-08-01,15,61,17,2,95,661,102
17220,"Clarksburg, WV",2020-09-01,13,51,11,1,76,737,115
17220,"Clarksburg, WV",2020-10-01,10,46,10,0,66,803,125
17220,"Clarksburg, WV",2020-11-01,19,44,5,1,69,872,144
17220,"Clarksburg, WV",2020-12-01,14,24,11,0,49,921,158
17220,"Clarksburg, WV",2021-01-01,19,65,12,3,99,1020,177
17220,"Clarksburg, WV",2021-02-01,19,45,13,1,78,1098,196
17220,"Clarksburg, WV",2021-03-01,28,61,13,0,102,1200,224
17220,"Clarksburg, WV",2021-04-01,30,79,20,0,129,1329,254
17220,"Clarksburg, WV",2021-05-01,19,56,10,1,86,1415,273
17220,"Clarksburg, WV",2021-06-01,10,48,8,1,67,1482,283
17220,"Clarksburg, WV",2021-07-01,12,51,7,2,72,1554,295
17220,"Clarksburg, WV",2021-08-01,21,52,12,1,86,1640,316
17220,"Clarksburg, WV",2021-09-01,16,47,10,1,74,1714,332
17220,"Clarksburg, WV",2021-10-01,19,53,8,1,81,1795,351
17220,"Clarksburg, WV",2021-11-01,19,42,20,0,81,1876,370
17220,"Clarksburg, WV",2021-12-01,19,61,10,0,90,1966,389
17220,"Clarksburg, WV",2022-01-01,29,61,13,2,105,2071,418
17220,"Clarksburg, WV",2022-02-01,22,58,15,0,95,2166,440
17220,"Clarksburg, WV",2022-03-01,18,48,7,0,73,2239,458
17220,"Clarksburg, WV",2022-04-01,29,49,23,1,102,2341,487
17220,"Clarksburg, WV",2022-05-01,6,52,5,1,64,2405,493
17220,"Clarksburg, WV",2022-06-01,23,43,11,1,78,2483,516
17220,"Clarksburg, WV",2022-07-01,15,38,15,1,69,2552,531
17220,"Clarksburg, WV",2022-08-01,19,71,10,1,101,2653,550
17220,"Clarksburg, WV",2022-09-01,24,51,16,2,93,2746,574
17220,"Clarksburg, WV",2022-10-01,19,51,18,0,88,2834,593
17220,"Clarksburg, WV",2022-11-01,22,42,14,0,78,2912,615
17220,"Clarksburg, WV",2022-12-01,29,49,11,0,89,3001,644
17220,"Clarksburg, WV",2023-01-01,33,41,13,2,89,3090,677
17220,"Clarksburg, WV",2023-02-01,18,38,11,2,69,3159,695
17220,"Clarksburg, WV",2023-03-01,40,49,14,0,103,3262,735
17220,"Clarksburg, WV",2023-04-01,26,31,15,0,72,3334,761
17220,"Clarksburg, WV",2023-05-01,27,40,11,0,78,3412,788
17220,"Clarksburg, WV",2023-06-01,20,31,12,2,65,3477,808
17220,"Clarksburg, WV",2023-07-01,21,34,8,2,65,3542,829
17220,"Clarksburg, WV",2023-08-01,18,33,11,1,63,3605,847
17220,"Clarksburg, WV",2023-09-01,20,43,9,3,75,3680,867
17220,"Clarksburg, WV",2023-10-01,39,57,16,1,113,3793,906
17220,"Clarksburg, WV",2023-11-01,46,52,20,1,119,3912,952
17220,"Clarksburg, WV",2023-12-01,43,47,13,2,105,4017,995
17220,"Clarksburg, WV",2024-01-01,41,41,14,1,97,4114,1036
17220,"Clarksburg, WV",2024-02-01,27,40,14,3,84,4198,1063
17220,"Clarksburg, WV",2024-03-01,21,43,15,1,80,4278,1084
17220,"Clarksburg, WV",2024-04-01,23,43,11,2,79,4357,1107
17220,"Clarksburg, WV",2024-05-01,37,45,14,2,98,4455,1144
17220,"Clarksburg, WV",2024-06-01,36,47,14,1,98,4553,1180
17220,"Clarksburg, WV",2024-07-01,23,44,21,1,89,4642,1203
17220,"Clarksburg, WV",2024-08-01,25,46,12,1,84,4726,1228
17220,"Clarksburg, WV",2024-09-01,24,35,14,0,73,4799,1252
17220,"Clarksburg, WV",2024-10-01,34,54,12,0,100,4899,1286
17220,"Clarksburg, WV",2024-11-01,26,41,11,1,79,4978,1312
17220,"Clarksburg, WV",2024-12-01,37,30,15,1,83,5061,1349
17220,"Clarksburg, WV",2025-01-01,28,31,12,2,73,5134,1377
17220,"Clarksburg, WV",2025-02-01,26,45,16,0,87,5221,1403
17220,"Clarksburg, WV",2025-03-01,30,41,17,2,90,5311,1433
17220,"Clarksburg, WV",2025-04-01,34,47,23,3,107,5418,1467
17220,"Clarksburg, WV",2025-05-01,42,49,12,1,104,5522,1509
17220,"Clarksburg, WV",2025-06-01,51,46,20,0,117,5639,1560
17220,"Clarksburg, WV",2025-07-01,30,47,19,6,102,5741,1590
17220,"Clarksburg, WV",2025-08-01,26,36,18,2,82,5823,1616
17220,"Clarksburg, WV",2025-09-01,0,0,0,1,1,5824,1616
46100,"Tullahoma-Manchester, TN",2019-01-01,0,6,0,0,6,6,0
46100,"Tullahoma-Manchester, TN",2019-02-01,0,2,1,0,3,9,0
46100,"Tullahoma-Manchester, TN",2019-03-01,0,9,4,0,13,22,0
46100,"Tullahoma-Manchester, TN",2019-04-01,0,21,3,0,24,46,0
46100,"Tullahoma-Manchester, TN",2019-05-01,0,22,7,1,30,76,0
46100,"Tullahoma-Manchester, TN",2019-06-01,1,16,3,0,20,96,1
46100,"Tullahoma-Manchester, TN",2019-07-01,1,13,5,1,20,116,2
46100,"Tullahoma-Manchester, TN",2019-08-01,0,9,0,0,9,125,2
46100,"Tullahoma-Manchester, TN",2019-09-01,0,22,5,0,27,152,2
46100,"Tullahoma-Manchester, TN",2019-10-01,1,9,5,0,15,167,3
46100,"Tullahoma-Manchester, TN",2019-11-01,2,15,7,1,25,192,5
46100,"Tullahoma-Manchester, TN",2019-12-01,4,6,2,0,12,204,9
46100,"Tullahoma-Manchester, TN",2020-01-01,1,16,3,0,20,224,10
46100,"Tullahoma-Manchester, TN",2020-02-01,0,19,4,1,24,248,10
46100,"Tullahoma-Manchester, TN",2020-03-01,1,23,4,1,29,277,11
46100,"Tullahoma-Manchester, TN",2020-04-01,10,40,5,0,55,332,21
46100,"Tullahoma-Manchester, TN",2020-05-01,7,28,12,0,47,379,28
46100,"Tullahoma-Manchester, TN",2020-06-01,6,24,7,0,37,416,34
46100,"Tullahoma-Manchester, TN",2020-07-01,9,40,10,1,60,476,43
46100,"Tullahoma-Manchester, TN",2020-08-01,6,32,6,1,45,521,49
46100,"Tullahoma-Manchester, TN",2020-09-01,12,38,16,3,69,590,61
46100,"Tullahoma-Manchester, TN",2020-10-01,3,32,7,0,42,632,64
46100,"Tullahoma-Manchester, TN",2020-11-01,2,30,6,3,41,673,66
46100,"Tullahoma-Manchester, TN",2020-12-01,2,31,4,0,37,710,68
46100,"Tullahoma-Manchester, TN",2021-01-01,16,27,7,0,50,760,84
46100,"Tullahoma-Manchester, TN",2021-02-01,7,26,12,0,45,805,91
46100,"Tullahoma-Manchester, TN",2021-03-01,14,40,10,1,65,870,105
46100,"Tullahoma-Manchester, TN",2021-04-01,28,86,20,3,137,1007,133
46100,"Tullahoma-Manchester, TN",2021-05-01,13,56,11,1,81,1088,146
46100,"Tullahoma-Manchester, TN",2021-06-01,19,63,9,2,93,1181,165
46100,"Tullahoma-Manchester, TN",2021-07-01,24,52,15,0,91,1272,189
46100,"Tullahoma-Manchester, TN",2021-08-01,10,48,17,0,75,1347,199
46100,"Tullahoma-Manchester, TN",2021-09-01,12,41,14,2,69,1416,211
46100,"Tullahoma-Manchester, TN",2021-10-01,16,39,12,0,67,1483,227
46100,"Tullahoma-Manchester, TN",2021-11-01,10,48,13,0,71,1554,237
46100,"Tullahoma-Manchester, TN",2021-12-01,17,50,10,0,77,1631,254
46100,"Tullahoma-Manchester, TN",2022-01-01,16,72,18,2,108,1739,270
46100,"Tullahoma-Manchester, TN",2022-02-01,12,52,19,1,84,1823,282
46100,"Tullahoma-Manchester, TN",2022-03-01,14,51,22,1,88,1911,296
46100,"Tullahoma-Manchester, TN",2022-04-01,14,53,18,1,86,1997,310
46100,"Tullahoma-Manchester, TN",2022-05-01,19,54,13,3,89,2086,329
46100,"Tullahoma-Manchester, TN",2022-06-01,22,49,12,1,84,2170,351
46100,"Tullahoma-Manchester, TN",2022-07-01,13,44,13,0,70,2240,364
46100,"Tullahoma-Manchester, TN",2022-08-01,28,52,16,2,98,2338,392
46100,"Tullahoma-Manchester, TN",2022-09-01,14,49,18,2,83,2421,406
46100,"Tullahoma-Manchester, TN",2022-10-01,17,44,10,0,71,2492,423
46100,"Tullahoma-Manchester, TN",2022-11-01,18,38,12,1,69,2561,441
46100,"Tullahoma-Manchester, TN",2022-12-01,28,38,18,0,84,2645,469
46100,"Tullahoma-Manchester, TN",2023-01-01,17,39,12,2,70,2715,486
46100,"Tullahoma-Manchester, TN",2023-02-01,14,44,17,1,76,2791,500
46100,"Tullahoma-Manchester, TN",2023-03-01,35,73,13,1,122,2913,535
46100,"Tullahoma-Manchester, TN",2023-04-01,19,39,14,2,74,2987,554
46100,"Tullahoma-Manchester, TN",2023-05-01,21,34,12,0,67,3054,575
46100,"Tullahoma-Manchester, TN",2023-06-01,15,20,4,0,39,3093,590
46100,"Tullahoma-Manchester, TN",2023-07-01,18,27,9,1,55,3148,608
46100,"Tullahoma-Manchester, TN",2023-08-01,11,17,3,0,31,3179,619
46100,"Tullahoma-Manchester, TN",2023-09-01,13,24,3,0,40,3219,632
46100,"Tullahoma-Manchester, TN",2023-10-01,14,39,11,1,65,3284,646
46100,"Tullahoma-Manchester, TN",2023-11-01,25,65,11,0,101,3385,671
46100,"Tullahoma-Manchester, TN",2023-12-01,26,60,16,0,102,3487,697
46100,"Tullahoma-Manchester, TN",2024-01-01,33,61,22,2,118,3605,730
46100,"Tullahoma-Manchester, TN",2024-02-01,35,50,13,0,98,3703,765
46100,"Tullahoma-Manchester, TN",2024-03-01,45,57,16,2,120,3823,810
46100,"Tullahoma-Manchester, TN",2024-04-01,44,61,16,0,121,3944,854
46100,"Tullahoma-Manchester, TN",2024-05-01,32,60,21,0,113,4057,886
46100,"Tullahoma-Manchester, TN",2024-06-01,28,34,21,0,83,4140,914
46100,"Tullahoma-Manchester, TN",2024-07-01,30,21,13,1,65,4205,944
46100,"Tullahoma-Manchester, TN",2024-08-01,14,33,7,1,55,4260,958
46100,"Tullahoma-Manchester, TN",2024-09-01,18,23,14,2,57,4317,976
46100,"Tullahoma-Manchester, TN",2024-10-01,29,37,12,1,79,4396,1005
46100,"Tullahoma-Manchester, TN",2024-11-01,37,48,16,3,104,4500,1042
46100,"Tullahoma-Manchester, TN",2024-12-01,32,46,17,0,95,4595,1074
46100,"Tullahoma-Manchester, TN",2025-01-01,39,46,14,2,101,4696,1113
46100,"Tullahoma-Manchester, TN",2025-02-01,28,43,15,1,87,4783,1141
46100,"Tullahoma-Manchester, TN",2025-03-01,50,33,16,0,99,4882,1191
46100,"Tullahoma-Manchester, TN",2025-04-01,29,44,10,1,84,4966,1220
46100,"Tullahoma-Manchester, TN",2025-05-01,42,48,13,5,108,5074,1262
46100,"Tullahoma-Manchester, TN",2025-06-01,46,51,21,2,120,5194,1308
46100,"Tullahoma-Manchester, TN",2025-07-01,47,59,11,1,118,5312,1355
46100,"Tullahoma-Manchester, TN",2025-08-01,35,45,14,4,98,5410,1390
21660,"Eugene-Springfield, OR",2019-01-01,3,35,8,1,47,47,3
21660,"Eugene-Springfield, OR",2019-02-01,1,56,10,0,67,114,4
21660,"Eugene-Springfield, OR",2019-03-01,6,48,10,0,64,178,10
21660,"Eugene-Springfield, OR",2019-04-01,5,51,14,2,72,250,15
21660,"Eugene-Springfield, OR",2019-05-01,4,59,14,1,78,328,19
21660,"Eugene-Springfield, OR",2019-06-01,3,38,5,0,46,374,22
21660,"Eugene-Springfield, OR",2019-07-01,5,70,5,2,82,456,27
21660,"Eugene-Springfield, OR",2019-08-01,7,60,7,3,77,533,34
21660,"Eugene-Springfield, OR",2019-09-01,9,72,13,1,95,628,43
21660,"Eugene-Springfield, OR",2019-10-01,12,66,15,0,93,721,55
21660,"Eugene-Springfield, OR",2019-11-01,17,70,17,3,107,828,72
21660,"Eugene-Springfield, OR",2019-12-01,3,45,9,0,57,885,75
21660,"Eugene-Springfield, OR",2020-01-01,7,62,17,1,87,972,82
21660,"Eugene-Springfield, OR",2020-02-01,11,51,19,2,83,1055,93
21660,"Eugene-Springfield, OR",2020-03-01,26,86,32,2,146,1201,119
21660,"Eugene-Springfield, OR",2020-04-01,71,221,47,10,349,1550,190
21660,"Eugene-Springfield, OR",2020-05-01,115,167,37,5,324,1874,305
21660,"Eugene-Springfield, OR",2020-06-01,77,158,27,0,262,2136,382
21660,"Eugene-Springfield, OR",2020-07-01,116,236,45,5,402,2538,498
21660,"Eugene-Springfield, OR",2020-08-01,133,259,43,6,441,2979,631
21660,"Eugene-Springfield, OR",2020-09-01,95,234,37,6,372,3351,726
21660,"Eugene-Springfield, OR",2020-10-01,93,244,52,8,397,3748,819
21660,"Eugene-Springfield, OR",2020-11-01,65,111,36,3,215,3963,884
21660,"Eugene-Springfield, OR",2020-12-01,42,93,16,3,154,4117,926
21660,"Eugene-Springfield, OR",2021-01-01,141,260,39,1,441,4558,1067
21660,"Eugene-Springfield, OR",2021-02-01,63,128,23,1,215,4773,1130
21660,"Eugene-Springfield, OR",2021-03-01,130,229,49,7,415,5188,1260
21660,"Eugene-Springfield, OR",2021-04-01,137,256,48,5,446,5634,1397
21660,"Eugene-Springfield, OR",2021-05-01,89,148,32,4,273,5907,1486
21660,"Eugene-Springfield, OR",2021-06-01,117,254,37,3,411,6318,1603
21660,"Eugene-Springfield, OR",2021-07-01,91,168,37,4,300,6618,1694
21660,"Eugene-Springfield, OR",2021-08-01,81,136,36,1,254,6872,1775
21660,"Eugene-Springfield, OR",2021-09-01,104,247,63,4,418,7290,1879
21660,"Eugene-Springfield, OR",2021-10-01,30,127,30,4,191,7481,1909
21660,"Eugene-Springfield, OR",2021-11-01,70,121,31,3,225,7706,1979
21660,"Eugene-Springfield, OR",2021-12-01,87,135,31,2,255,7961,2066
21660,"Eugene-Springfield, OR",2022-01-01,141,264,81,5,491,8452,2207
21660,"Eugene-Springfield, OR",2022-02-01,72,112,45,3,232,8684,2279
21660,"Eugene-Springfield, OR",2022-03-01,76,121,36,4,237,8921,2355
21660,"Eugene-Springfield, OR",2022-04-01,62,136,31,1,230,9151,2417
21660,"Eugene-Springfield, OR",2022-05-01,76,136,31,4,247,9398,2493
21660,"Eugene-Springfield, OR",2022-06-01,81,105,26,0,212,9610,2574
21660,"Eugene-Springfield, OR",2022-07-01,74,89,24,0,187,9797,2648
21660,"Eugene-Springfield, OR",2022-08-01,73,132,26,6,237,10034,2721
21660,"Eugene-Springfield, OR",2022-09-01,97,144,48,3,292,10326,2818
21660,"Eugene-Springfield, OR",2022-10-01,84,167,41,5,297,10623,2902
21660,"Eugene-Springfield, OR",2022-11-01,108,153,47,2,310,10933,3010
21660,"Eugene-Springfield, OR",2022-12-01,129,166,49,3,347,11280,3139
21660,"Eugene-Springfield, OR",2023-01-01,93,156,44,6,299,11579,3232
21660,"Eugene-Springfield, OR",2023-02-01,115,135,44,4,298,11877,3347
21660,"Eugene-Springfield, OR",2023-03-01,154,159,52,5,370,12247,3501
21660,"Eugene-Springfield, OR",2023-04-01,114,126,39,1,280,12527,3615
21660,"Eugene-Springfield, OR",2023-05-01,47,58,15,3,123,12650,3662
21660,"Eugene-Springfield, OR",2023-06-01,55,82,22,2,161,12811,3717
21660,"Eugene-Springfield, OR",2023-07-01,91,81,27,2,201,13012,3808
21660,"Eugene-Springfield, OR",2023-08-01,88,85,30,6,209,13221,3896
21660,"Eugene-Springfield, OR",2023-09-01,119,129,44,4,296,13517,4015
21660,"Eugene-Springfield, OR",2023-10-01,120,135,39,6,300,13817,4135
21660,"Eugene-Springfield, OR",2023-11-01,138,171,47,4,360,14177,4273
21660,"Eugene-Springfield, OR",2023-12-01,133,168,47,4,352,14529,4406
21660,"Eugene-Springfield, OR",2024-01-01,120,150,39,6,315,14844,4526
21660,"Eugene-Springfield, OR",2024-02-01,150,136,46,14,346,15190,4676
21660,"Eugene-Springfield, OR",2024-03-01,147,116,39,7,309,15499,4823
21660,"Eugene-Springfield, OR",2024-04-01,113,127,40,1,281,15780,4936
21660,"Eugene-Springfield, OR",2024-05-01,146,138,27,6,317,16097,5082
21660,"Eugene-Springfield, OR",2024-06-01,74,71,19,2,166,16263,5156
21660,"Eugene-Springfield, OR",2024-07-01,184,160,47,3,394,16657,5340
21660,"Eugene-Springfield, OR",2024-08-01,89,98,31,1,219,16876,5429
21660,"Eugene-Springfield, OR",2024-09-01,131,159,41,6,337,17213,5560
21660,"Eugene-Springfield, OR",2024-10-01,142,168,32,10,352,17565,5702
21660,"Eugene-Springfield, OR",2024-11-01,150,153,48,7,358,17923,5852
21660,"Eugene-Springfield, OR",2024-12-01,165,151,35,9,360,18283,6017
21660,"Eugene-Springfield, OR",2025-01-01,188,156,41,4,389,18672,6205
21660,"Eugene-Springfield, OR",2025-02-01,149,119,44,6,318,18990,6354
21660,"Eugene-Springfield, OR",2025-03-01,144,123,39,7,313,19303,6498
21660,"Eugene-Springfield, OR",2025-04-01,160,127,40,3,330,19633,6658
21660,"Eugene-Springfield, OR",2025-05-01,204,109,33,1,347,19980,6862
21660,"Eugene-Springfield, OR",2025-06-01,139,117,44,3,303,20283,7001
21660,"Eugene-Springfield, OR",2025-07-01,171,97,31,3,302,20585,7172
21660,"Eugene-Springfield, OR",2025-08-01,134,120,26,0,280,20865,7306
21660,"Eugene-Springfield, OR",2025-09-01,2,4,1,0,7,20872,7308
30820,"Lock Haven, PA",2019-01-01,0,1,0,0,1,1,0
30820,"Lock Haven, PA",2019-02-01,0,2,0,0,2,3,0
30820,"Lock Haven, PA",2019-04-01,0,2,1,0,3,6,0
30820,"Lock Haven, PA",2019-05-01,0,1,0,0,1,7,0
30820,"Lock Haven, PA",2019-06-01,0,1,0,1,2,9,0
30820,"Lock Haven, PA",2019-08-01,1,3,0,0,4,13,1
30820,"Lock Haven, PA",2019-09-01,0,4,0,0,4,17,1
30820,"Lock Haven, PA",2019-10-01,1,2,0,0,3,20,2
30820,"Lock Haven, PA",2019-11-01,0,1,0,0,1,21,2
30820,"Lock Haven, PA",2019-12-01,0,1,1,0,2,23,2
30820,"Lock Haven, PA",2020-01-01,1,1,0,0,2,25,3
30820,"Lock Haven, PA",2020-02-01,0,2,0,0,2,27,3
30820,"Lock Haven, PA",2020-03-01,1,5,0,0,6,33,4
30820,"Lock Haven, PA",2020-04-01,2,5,1,0,8,41,6
30820,"Lock Haven, PA",2020-05-01,1,5,0,1,7,48,7
30820,"Lock Haven, PA",2020-06-01,3,7,0,0,10,58,10
30820,"Lock Haven, PA",2020-07-01,2,7,2,0,11,69,12
30820,"Lock Haven, PA",2020-08-01,4,10,3,0,17,86,16
30820,"Lock Haven, PA",2020-09-01,4,10,0,0,14,100,20
30820,"Lock Haven, PA",2020-10-01,3,11,2,0,16,116,23
30820,"Lock Haven, PA",2020-11-01,2,14,1,0,17,133,25
30820,"Lock Haven, PA",2020-12-01,7,16,2,1,26,159,32
30820,"Lock Haven, PA",2021-01-01,4,18,1,1,24,183,36
30820,"Lock Haven, PA",2021-02-01,3,15,0,0,18,201,39
30820,"Lock Haven, PA",2021-03-01,13,12,2,0,27,228,52
30820,"Lock Haven, PA",2021-04-01,6,18,2,1,27,255,58
30820,"Lock Haven, PA",2021-05-01,12,21,2,0,35,290,70
30820,"Lock Haven, PA",2021-06-01,6,16,2,1,25,315,76
30820,"Lock Haven, PA",2021-07-01,6,13,6,0,25,340,82
30820,"Lock Haven, PA",2021-08-01,6,19,2,0,27,367,88
30820,"Lock Haven, PA",2021-09-01,5,21,3,1,30,397,93
30820,"Lock Haven, PA",2021-10-01,9,15,6,0,30,427,102
30820,"Lock Haven, PA",2021-11-01,13,12,2,0,27,454,115
30820,"Lock Haven, PA",2021-12-01,4,6,3,0,13,467,119
30820,"Lock Haven, PA",2022-01-01,7,17,2,1,27,494,126
30820,"Lock Haven, PA",2022-02-01,5,17,2,0,24,518,131
30820,"Lock Haven, PA",2022-03-01,8,6,4,1,19,537,139
30820,"Lock Haven, PA",2022-04-01,6,11,1,0,18,555,145
30820,"Lock Haven, PA",2022-05-01,8,15,0,0,23,578,153
30820,"Lock Haven, PA",2022-06-01,8,7,0,1,16,594,161
30820,"Lock Haven, PA",2022-07-01,6,6,3,0,15,609,167
30820,"Lock Haven, PA",2022-08-01,7,3,1,0,11,620,174
30820,"Lock Haven, PA",2022-09-01,8,6,1,0,15,635,182
30820,"Lock Haven, PA",2022-10-01,9,10,0,1,20,655,191
30820,"Lock Haven, PA",2022-11-01,13,5,3,0,21,676,204
30820,"Lock Haven, PA",2022-12-01,15,10,1,0,26,702,219
30820,"Lock Haven, PA",2023-01-01,8,11,7,0,26,728,227
30820,"Lock Haven, PA",2023-02-01,16,7,5,0,28,756,243
30820,"Lock Haven, PA",2023-03-01,12,13,6,0,31,787,255
30820,"Lock Haven, PA",2023-04-01,7,15,1,0,23,810,262
30820,"Lock Haven, PA",2023-05-01,5,9,1,0,15,825,267
30820,"Lock Haven, PA",2023-06-01,4,6,2,1,13,838,271
30820,"Lock Haven, PA",2023-07-01,8,11,1,1,21,859,279
30820,"Lock Haven, PA",2023-08-01,6,7,2,0,15,874,285
30820,"Lock Haven, PA",2023-09-01,2,6,0,0,8,882,287
30820,"Lock Haven, PA",2023-10-01,9,10,2,0,21,903,296
30820,"Lock Haven, PA",2023-11-01,8,9,3,0,20,923,304
30820,"Lock Haven, PA",2023-12-01,8,7,2,0,17,940,312
30820,"Lock Haven, PA",2024-01-01,11,12,8,0,31,971,323
30820,"Lock Haven, PA",2024-02-01,19,11,3,0,33,1004,342
30820,"Lock Haven, PA",2024-03-01,17,11,3,1,32,1036,359
30820,"Lock Haven, PA",2024-04-01,23,8,4,0,35,1071,382
30820,"Lock Haven, PA",2024-05-01,8,8,3,0,19,1090,390
30820,"Lock Haven, PA",2024-06-01,7,5,1,0,13,1103,397
30820,"Lock Haven, PA",2024-07-01,7,9,3,0,19,1122,404
30820,"Lock Haven, PA",2024-08-01,5,8,0,0,13,1135,409
30820,"Lock Haven, PA",2024-09-01,13,19,3,0,35,1170,422
30820,"Lock Haven, PA",2024-10-01,14,8,0,0,22,1192,436
30820,"Lock Haven, PA",2024-11-01,18,10,5,0,33,1225,454
30820,"Lock Haven, PA",2024-12-01,15,8,3,0,26,1251,469
30820,"Lock Haven, PA",2025-01-01,18,10,5,1,34,1285,487
30820,"Lock Haven, PA",2025-02-01,15,13,2,0,30,1315,502
30820,"Lock Haven, PA",2025-03-01,26,16,3,1,46,1361,528
30820,"Lock Haven, PA",2025-04-01,15,8,2,0,25,1386,543
30820,"Lock Haven, PA",2025-05-01,14,11,3,0,28,1414,557
30820,"Lock Haven, PA",2025-06-01,22,6,5,1,34,1448,579
30820,"Lock Haven, PA",2025-07-01,19,15,4,0,38,1486,598
30820,"Lock Haven, PA",2025-08-01,14,9,5,0,28,1514,612
19300,"Daphne-Fairhope-Foley, AL",2019-01-01,0,18,10,0,28,28,0
19300,"Daphne-Fairhope-Foley, AL",2019-02-01,0,19,8,1,28,56,0
19300,"Daphne-Fairhope-Foley, AL",2019-03-01,0,45,8,2,55,111,0
19300,"Daphne-Fairhope-Foley, AL",2019-04-01,1,41,17,2,61,172,1
19300,"Daphne-Fairhope-Foley, AL",2019-05-01,2,43,13,2,60,232,3
19300,"Daphne-Fairhope-Foley, AL",2019-06-01,5,59,16,3,83,315,8
19300,"Daphne-Fairhope-Foley, AL",2019-07-01,1,29,10,2,42,357,9
19300,"Daphne-Fairhope-Foley, AL",2019-08-01,3,50,12,2,67,424,12
19300,"Daphne-Fairhope-Foley, AL",2019-09-01,2,44,8,1,55,479,14
19300,"Daphne-Fairhope-Foley, AL",2019-10-01,0,53,7,0,60,539,14
19300,"Daphne-Fairhope-Foley, AL",2019-11-01,2,32,8,0,42,581,16
19300,"Daphne-Fairhope-Foley, AL",2019-12-01,1,25,9,0,35,616,17
19300,"Daphne-Fairhope-Foley, AL",2020-01-01,4,35,16,0,55,671,21
19300,"Daphne-Fairhope-Foley, AL",2020-02-01,13,48,14,1,76,747,34
19300,"Daphne-Fairhope-Foley, AL",2020-03-01,3,60,15,3,81,828,37
19300,"Daphne-Fairhope-Foley, AL",2020-04-01,27,102,27,5,161,989,64
19300,"Daphne-Fairhope-Foley, AL",2020-05-01,61,193,48,8,310,1299,125
19300,"Daphne-Fairhope-Foley, AL",2020-06-01,40,122,22,2,186,1485,165
19300,"Daphne-Fairhope-Foley, AL",2020-07-01,31,165,39,4,239,1724,196
19300,"Daphne-Fairhope-Foley, AL",2020-08-01,48,248,50,10,356,2080,244
19300,"Daphne-Fairhope-Foley, AL",2020-09-01,31,138,38,3,210,2290,275
19300,"Daphne-Fairhope-Foley, AL",2020-10-01,46,153,30,3,232,2522,321
19300,"Daphne-Fairhope-Foley, AL",2020-11-01,24,89,31,7,151,2673,345
19300,"Daphne-Fairhope-Foley, AL",2020-12-01,29,76,11,2,118,2791,374
19300,"Daphne-Fairhope-Foley, AL",2021-01-01,45,115,35,3,198,2989,419
19300,"Daphne-Fairhope-Foley, AL",2021-02-01,30,75,25,4,134,3123,449
19300,"Daphne-Fairhope-Foley, AL",2021-03-01,48,151,36,5,240,3363,497
19300,"Daphne-Fairhope-Foley, AL",2021-04-01,71,235,55,6,367,3730,568
19300,"Daphne-Fairhope-Foley, AL",2021-05-01,56,272,62,7,397,4127,624
19300,"Daphne-Fairhope-Foley, AL",2021-06-01,92,286,72,9,459,4586,716
19300,"Daphne-Fairhope-Foley, AL",2021-07-01,70,228,70,10,378,4964,786
19300,"Daphne-Fairhope-Foley, AL",2021-08-01,69,232,47,8,356,5320,855
19300,"Daphne-Fairhope-Foley, AL",2021-09-01,58,205,65,9,337,5657,913
19300,"Daphne-Fairhope-Foley, AL",2021-10-01,35,147,39,9,230,5887,948
19300,"Daphne-Fairhope-Foley, AL",2021-11-01,27,89,30,1,147,6034,975
19300,"Daphne-Fairhope-Foley, AL",2021-12-01,56,130,50,4,240,6274,1031
19300,"Daphne-Fairhope-Foley, AL",2022-01-01,64,170,47,5,286,6560,1095
19300,"Daphne-Fairhope-Foley, AL",2022-02-01,58,126,35,6,225,6785,1153
19300,"Daphne-Fairhope-Foley, AL",2022-03-01,68,182,60,6,316,7101,1221
19300,"Daphne-Fairhope-Foley, AL",2022-04-01,76,181,51,9,317,7418,1297
19300,"Daphne-Fairhope-Foley, AL",2022-05-01,78,210,47,3,338,7756,1375
19300,"Daphne-Fairhope-Foley, AL",2022-06-01,47,111,39,2,199,7955,1422
19300,"Daphne-Fairhope-Foley, AL",2022-07-01,77,132,37,3,249,8204,1499
19300,"Daphne-Fairhope-Foley, AL",2022-08-01,56,162,34,5,257,8461,1555
19300,"Daphne-Fairhope-Foley, AL",2022-09-01,38,84,29,3,154,8615,1593
19300,"Daphne-Fairhope-Foley, AL",2022-10-01,60,170,64,7,301,8916,1653
19300,"Daphne-Fairhope-Foley, AL",2022-11-01,65,147,49,5,266,9182,1718
19300,"Daphne-Fairhope-Foley, AL",2022-12-01,87,167,58,3,315,9497,1805
19300,"Daphne-Fairhope-Foley, AL",2023-01-01,71,165,57,8,301,9798,1876
19300,"Daphne-Fairhope-Foley, AL",2023-02-01,67,132,60,5,264,10062,1943
19300,"Daphne-Fairhope-Foley, AL",2023-03-01,84,182,75,4,345,10407,2027
19300,"Daphne-Fairhope-Foley, AL",2023-04-01,63,127,55,7,252,10659,2090
19300,"Daphne-Fairhope-Foley, AL",2023-05-01,44,104,36,9,193,10852,2134
19300,"Daphne-Fairhope-Foley, AL",2023-06-01,52,80,36,8,176,11028,2186
19300,"Daphne-Fairhope-Foley, AL",2023-07-01,62,150,52,3,267,11295,2248
19300,"Daphne-Fairhope-Foley, AL",2023-08-01,40,103,46,3,192,11487,2288
19300,"Daphne-Fairhope-Foley, AL",2023-09-01,43,103,27,7,180,11667,2331
19300,"Daphne-Fairhope-Foley, AL",2023-10-01,71,119,63,7,260,11927,2402
19300,"Daphne-Fairhope-Foley, AL",2023-11-01,73,145,46,7,271,12198,2475
19300,"Daphne-Fairhope-Foley, AL",2023-12-01,94,133,43,1,271,12469,2569
19300,"Daphne-Fairhope-Foley, AL",2024-01-01,65,148,55,5,273,12742,2634
19300,"Daphne-Fairhope-Foley, AL",2024-02-01,89,116,55,7,267,13009,2723
19300,"Daphne-Fairhope-Foley, AL",2024-03-01,101,154,50,3,308,13317,2824
19300,"Daphne-Fairhope-Foley, AL",2024-04-01,59,138,36,2,235,13552,2883
19300,"Daphne-Fairhope-Foley, AL",2024-05-01,48,99,38,6,191,13743,2931
19300,"Daphne-Fairhope-Foley, AL",2024-06-01,57,60,23,3,143,13886,2988
19300,"Daphne-Fairhope-Foley, AL",2024-07-01,68,103,42,2,215,14101,3056
19300,"Daphne-Fairhope-Foley, AL",2024-08-01,46,69,17,5,137,14238,3102
19300,"Daphne-Fairhope-Foley, AL",2024-09-01,27,81,16,2,126,14364,3129
19300,"Daphne-Fairhope-Foley, AL",2024-10-01,39,58,14,2,113,14477,3168
19300,"Daphne-Fairhope-Foley, AL",2024-11-01,97,154,72,6,329,14806,3265
19300,"Daphne-Fairhope-Foley, AL",2024-12-01,162,155,59,4,380,15186,3427
19300,"Daphne-Fairhope-Foley, AL",2025-01-01,126,169,53,6,354,15540,3553
19300,"Daphne-Fairhope-Foley, AL",2025-02-01,93,123,41,4,261,15801,3646
19300,"Daphne-Fairhope-Foley, AL",2025-03-01,161,130,58,6,355,16156,3807
19300,"Daphne-Fairhope-Foley, AL",2025-04-01,126,150,62,11,349,16505,3933
19300,"Daphne-Fairhope-Foley, AL",2025-05-01,128,162,62,7,359,16864,4061
19300,"Daphne-Fairhope-Foley, AL",2025-06-01,130,124,52,6,312,17176,4191
19300,"Daphne-Fairhope-Foley, AL",2025-07-01,147,176,62,6,391,17567,4338
19300,"Daphne-Fairhope-Foley, AL",2025-08-01,33,42,19,2,96,17663,4371
19300,"Daphne-Fairhope-Foley, AL",2025-09-01,1,2,0,0,3,17666,4372
40340,"Rochester, MN",2019-01-01,1,22,4,0,27,27,1
40340,"Rochester, MN",2019-02-01,0,27,4,1,32,59,1
40340,"Rochester, MN",2019-03-01,3,40,13,0,56,115,4
40340,"Rochester, MN",2019-04-01,1,35,9,2,47,162,5
40340,"Rochester, MN",2019-05-01,4,27,7,1,39,201,9
40340,"Rochester, MN",2019-06-01,3,29,9,0,41,242,12
40340,"Rochester, MN",2019-07-01,3,31,9,0,43,285,15
40340,"Rochester, MN",2019-08-01,1,25,8,2,36,321,16
40340,"Rochester, MN",2019-09-01,5,26,12,0,43,364,21
40340,"Rochester, MN",2019-10-01,2,40,4,1,47,411,23
40340,"Rochester, MN",2019-11-01,6,30,8,0,44,455,29
40340,"Rochester, MN",2019-12-01,4,37,8,2,51,506,33
40340,"Rochester, MN",2020-01-01,4,44,9,0,57,563,37
40340,"Rochester, MN",2020-02-01,10,42,5,1,58,621,47
40340,"Rochester, MN",2020-03-01,18,58,14,4,94,715,65
40340,"Rochester, MN",2020-04-01,32,95,31,4,162,877,97
40340,"Rochester, MN",2020-05-01,60,103,19,4,186,1063,157
40340,"Rochester, MN",2020-06-01,63,88,24,2,177,1240,220
40340,"Rochester, MN",2020-07-01,42,69,14,2,127,1367,262
40340,"Rochester, MN",2020-08-01,55,112,20,5,192,1559,317
40340,"Rochester, MN",2020-09-01,34,86,23,1,144,1703,351
40340,"Rochester, MN",2020-10-01,38,107,20,2,167,1870,389
40340,"Rochester, MN",2020-11-01,40,93,15,1,149,2019,429
40340,"Rochester, MN",2020-12-01,23,81,12,0,116,2135,452
40340,"Rochester, MN",2021-01-01,52,68,16,3,139,2274,504
40340,"Rochester, MN",2021-02-01,40,64,15,4,123,2397,544
40340,"Rochester, MN",2021-03-01,54,103,27,4,188,2585,598
40340,"Rochester, MN",2021-04-01,36,71,16,1,124,2709,634
40340,"Rochester, MN",2021-05-01,65,68,18,1,152,2861,699
40340,"Rochester, MN",2021-06-01,21,57,14,0,92,2953,720
40340,"Rochester, MN",2021-07-01,29,67,10,3,109,3062,749
40340,"Rochester, MN",2021-08-01,25,58,17,2,102,3164,774
40340,"Rochester, MN",2021-09-01,24,81,19,4,128,3292,798
40340,"Rochester, MN",2021-10-01,26,73,11,0,110,3402,824
40340,"Rochester, MN",2021-11-01,28,53,12,1,94,3496,852
40340,"Rochester, MN",2021-12-01,30,80,19,3,132,3628,882
40340,"Rochester, MN",2022-01-01,69,129,21,3,222,3850,951
40340,"Rochester, MN",2022-02-01,60,71,11,0,142,3992,1011
40340,"Rochester, MN",2022-03-01,43,54,24,0,121,4113,1054
40340,"Rochester, MN",2022-04-01,25,55,19,1,100,4213,1079
40340,"Rochester, MN",2022-05-01,42,56,12,0,110,4323,1121
40340,"Rochester, MN",2022-06-01,35,54,9,0,98,4421,1156
40340,"Rochester, MN",2022-07-01,30,51,20,2,103,4524,1186
40340,"Rochester, MN",2022-08-01,55,81,23,1,160,4684,1241
40340,"Rochester, MN",2022-09-01,51,83,23,1,158,4842,1292
40340,"Rochester, MN",2022-10-01,54,57,15,1,127,4969,1346
40340,"Rochester, MN",2022-11-01,47,66,25,1,139,5108,1393
40340,"Rochester, MN",2022-12-01,40,67,19,2,128,5236,1433
40340,"Rochester, MN",2023-01-01,48,67,18,1,134,5370,1481
40340,"Rochester, MN",2023-02-01,38,52,19,0,109,5479,1519
40340,"Rochester, MN",2023-03-01,55,83,21,2,161,5640,1574
40340,"Rochester, MN",2023-04-01,36,65,16,0,117,5757,1610
40340,"Rochester, MN",2023-05-01,44,52,20,0,116,5873,1654
40340,"Rochester, MN",2023-06-01,26,42,11,2,81,5954,1680
40340,"Rochester, MN",2023-07-01,35,46,5,2,88,6042,1715
40340,"Rochester, MN",2023-08-01,27,41,17,1,86,6128,1742
40340,"Rochester, MN",2023-09-01,41,49,10,4,104,6232,1783
40340,"Rochester, MN",2023-10-01,23,61,12,1,97,6329,1806
40340,"Rochester, MN",2023-11-01,48,44,17,1,110,6439,1854
40340,"Rochester, MN",2023-12-01,61,51,14,4,130,6569,1915
40340,"Rochester, MN",2024-01-01,52,63,19,1,135,6704,1967
40340,"Rochester, MN",2024-02-01,49,47,16,0,112,6816,2016
40340,"Rochester, MN",2024-03-01,57,47,16,0,120,6936,2073
40340,"Rochester, MN",2024-04-01,56,42,26,2,126,7062,2129
40340,"Rochester, MN",2024-05-01,49,60,14,1,124,7186,2178
40340,"Rochester, MN",2024-06-01,54,75,13,2,144,7330,2232
40340,"Rochester, MN",2024-07-01,49,50,16,1,116,7446,2281
40340,"Rochester, MN",2024-08-01,17,37,9,0,63,7509,2298
40340,"Rochester, MN",2024-09-01,24,40,17,0,81,7590,2322
40340,"Rochester, MN",2024-10-01,54,58,12,3,127,7717,2376
40340,"Rochester, MN",2024-11-01,42,63,25,0,130,7847,2418
40340,"Rochester, MN",2024-12-01,79,56,19,4,158,8005,2497
40340,"Rochester, MN",2025-01-01,66,75,26,1,168,8173,2563
40340,"Rochester, MN",2025-02-01,47,52,19,0,118,8291,2610
40340,"Rochester, MN",2025-03-01,61,71,21,0,153,8444,2671
40340,"Rochester, MN",2025-04-01,63,62,23,1,149,8593,2734
40340,"Rochester, MN",2025-05-01,74,60,16,0,150,8743,2808
40340,"Rochester, MN",2025-06-01,94,58,25,2,179,8922,2902
40340,"Rochester, MN",2025-07-01,66,52,16,1,135,9057,2968
40340,"Rochester, MN",2025-08-01,70,54,11,0,135,9192,3038
40340,"Rochester, MN",2025-09-01,6,1,0,0,7,9199,3044
25980,"Hinesville, GA",2019-01-01,0,7,6,0,13,13,0
25980,"Hinesville, GA",2019-02-01,0,16,0,0,16,29,0
25980,"Hinesville, GA",2019-03-01,1,16,2,0,19,48,1
25980,"Hinesville, GA",2019-04-01,0,45,5,0,50,98,1
25980,"Hinesville, GA",2019-05-01,1,54,10,1,66,164,2
25980,"Hinesville, GA",2019-06-01,1,39,6,0,46,210,3
25980,"Hinesville, GA",2019-07-01,3,49,6,0,58,268,6
25980,"Hinesville, GA",2019-08-01,2,56,9,1,68,336,8
25980,"Hinesville, GA",2019-09-01,2,44,8,0,54,390,10
25980,"Hinesville, GA",2019-10-01,2,47,8,1,58,448,12
25980,"Hinesville, GA",2019-11-01,9,53,7,0,69,517,21
25980,"Hinesville, GA",2019-12-01,3,30,6,1,40,557,24
25980,"Hinesville, GA",2020-01-01,2,45,11,1,59,616,26
25980,"Hinesville, GA",2020-02-01,12,46,10,0,68,684,38
25980,"Hinesville, GA",2020-03-01,2,61,14,0,77,761,40
25980,"Hinesville, GA",2020-04-01,10,91,19,1,121,882,50
25980,"Hinesville, GA",2020-05-01,23,152,21,2,198,1080,73
25980,"Hinesville, GA",2020-06-01,17,103,8,0,128,1208,90
25980,"Hinesville, GA",2020-07-01,32,139,18,1,190,1398,122
25980,"Hinesville, GA",2020-08-01,42,233,31,0,306,1704,164
25980,"Hinesville, GA",2020-09-01,29,147,15,1,192,1896,193
25980,"Hinesville, GA",2020-10-01,16,90,12,1,119,2015,209
25980,"Hinesville, GA",2020-11-01,21,87,16,1,125,2140,230
25980,"Hinesville, GA",2020-12-01,25,93,9,0,127,2267,255
25980,"Hinesville, GA",2021-01-01,41,183,28,2,254,2521,296
25980,"Hinesville, GA",2021-02-01,48,118,20,1,187,2708,344
25980,"Hinesville, GA",2021-03-01,49,166,13,5,233,2941,393
25980,"Hinesville, GA",2021-04-01,79,261,34,0,374,3315,472
25980,"Hinesville, GA",2021-05-01,78,278,48,1,405,3720,550
25980,"Hinesville, GA",2021-06-01,61,199,19,1,280,4000,611
25980,"Hinesville, GA",2021-07-01,51,159,23,2,235,4235,662
25980,"Hinesville, GA",2021-08-01,58,139,21,2,220,4455,720
25980,"Hinesville, GA",2021-09-01,46,182,31,2,261,4716,766
25980,"Hinesville, GA",2021-10-01,44,190,21,2,257,4973,810
25980,"Hinesville, GA",2021-11-01,65,200,34,0,299,5272,875
25980,"Hinesville, GA",2021-12-01,59,164,18,2,243,5515,934
25980,"Hinesville, GA",2022-01-01,58,159,22,2,241,5756,992
25980,"Hinesville, GA",2022-02-01,50,93,19,3,165,5921,1042
25980,"Hinesville, GA",2022-03-01,75,179,33,3,290,6211,1117
25980,"Hinesville, GA",2022-04-01,64,141,28,1,234,6445,1181
25980,"Hinesville, GA",2022-05-01,48,117,22,2,189,6634,1229
25980,"Hinesville, GA",2022-06-01,61,167,25,0,253,6887,1290
25980,"Hinesville, GA",2022-07-01,58,110,25,1,194,7081,1348
25980,"Hinesville, GA",2022-08-01,51,134,18,6,209,7290,1399
25980,"Hinesville, GA",2022-09-01,61,142,18,2,223,7513,1460
25980,"Hinesville, GA",2022-10-01,87,207,43,5,342,7855,1547
25980,"Hinesville, GA",2022-11-01,74,158,28,2,262,8117,1621
25980,"Hinesville, GA",2022-12-01,74,136,24,2,236,8353,1695
25980,"Hinesville, GA",2023-01-01,68,135,22,1,226,8579,1763
25980,"Hinesville, GA",2023-02-01,61,94,23,3,181,8760,1824
25980,"Hinesville, GA",2023-03-01,94,170,27,3,294,9054,1918
25980,"Hinesville, GA",2023-04-01,72,118,28,4,222,9276,1990
25980,"Hinesville, GA",2023-05-01,62,119,20,0,201,9477,2052
25980,"Hinesville, GA",2023-06-01,50,78,14,1,143,9620,2102
25980,"Hinesville, GA",2023-07-01,51,91,25,2,169,9789,2153
25980,"Hinesville, GA",2023-08-01,60,118,29,1,208,9997,2213
25980,"Hinesville, GA",2023-09-01,37,89,17,2,145,10142,2250
25980,"Hinesville, GA",2023-10-01,52,111,26,4,193,10335,2302
25980,"Hinesville, GA",2023-11-01,64,103,24,2,193,10528,2366
25980,"Hinesville, GA",2023-12-01,61,121,23,2,207,10735,2427
25980,"Hinesville, GA",2024-01-01,77,123,35,2,237,10972,2504
25980,"Hinesville, GA",2024-02-01,63,116,21,4,204,11176,2567
25980,"Hinesville, GA",2024-03-01,98,110,22,6,236,11412,2665
25980,"Hinesville, GA",2024-04-01,73,103,22,1,199,11611,2738
25980,"Hinesville, GA",2024-05-01,95,141,24,2,262,11873,2833
25980,"Hinesville, GA",2024-06-01,96,150,32,2,280,12153,2929
25980,"Hinesville, GA",2024-07-01,65,94,28,3,190,12343,2994
25980,"Hinesville, GA",2024-08-01,93,112,29,3,237,12580,3087
25980,"Hinesville, GA",2024-09-01,80,108,24,4,216,12796,3167
25980,"Hinesville, GA",2024-10-01,78,99,29,1,207,13003,3245
25980,"Hinesville, GA",2024-11-01,76,95,15,3,189,13192,3321
25980,"Hinesville, GA",2024-12-01,83,102,26,0,211,13403,3404
25980,"Hinesville, GA",2025-01-01,63,110,23,2,198,13601,3467
25980,"Hinesville, GA",2025-02-01,47,75,19,0,141,13742,3514
25980,"Hinesville, GA",2025-03-01,63,88,23,2,176,13918,3577
25980,"Hinesville, GA",2025-04-01,87,96,20,5,208,14126,3664
25980,"Hinesville, GA",2025-05-01,55,89,19,3,166,14292,3719
25980,"Hinesville, GA",2025-06-01,77,83,24,0,184,14476,3796
25980,"Hinesville, GA",2025-07-01,45,67,11,2,125,14601,3841
25980,"Hinesville, GA",2025-08-01,58,95,20,1,174,14775,3899
25980,"Hinesville, GA",2025-09-01,0,2,0,0,2,14777,3899
31300,"Lumberton, NC",2019-01-01,0,6,1,0,7,7,0
31300,"Lumberton, NC",2019-02-01,0,5,0,1,6,13,0
31300,"Lumberton, NC",2019-03-01,0,11,2,0,13,26,0
31300,"Lumberton, NC",2019-04-01,0,14,3,0,17,43,0
31300,"Lumberton, NC",2019-05-01,1,13,5,0,19,62,1
31300,"Lumberton, NC",2019-06-01,0,23,12,0,35,97,1
31300,"Lumberton, NC",2019-07-01,4,28,9,0,41,138,5
31300,"Lumberton, NC",2019-08-01,1,19,4,0,24,162,6
31300,"Lumberton, NC",2019-09-01,2,21,5,0,28,190,8
31300,"Lumberton, NC",2019-10-01,1,11,3,0,15,205,9
31300,"Lumberton, NC",2019-11-01,3,23,7,0,33,238,12
31300,"Lumberton, NC",2019-12-01,2,15,7,0,24,262,14
31300,"Lumberton, NC",2020-01-01,1,13,1,1,16,278,15
31300,"Lumberton, NC",2020-02-01,0,15,3,0,18,296,15
31300,"Lumberton, NC",2020-03-01,5,24,6,1,36,332,20
31300,"Lumberton, NC",2020-04-01,6,26,7,1,40,372,26
31300,"Lumberton, NC",2020-05-01,8,49,5,2,64,436,34
31300,"Lumberton, NC",2020-06-01,5,41,5,0,51,487,39
31300,"Lumberton, NC",2020-07-01,10,30,4,0,44,531,49
31300,"Lumberton, NC",2020-08-01,17,62,6,1,86,617,66
31300,"Lumberton, NC",2020-09-01,19,44,9,1,73,690,85
31300,"Lumberton, NC",2020-10-01,3,31,7,0,41,731,88
31300,"Lumberton, NC",2020-11-01,2,29,6,2,39,770,90
31300,"Lumberton, NC",2020-12-01,8,26,5,0,39,809,98
31300,"Lumberton, NC",2021-01-01,16,67,14,1,98,907,114
31300,"Lumberton, NC",2021-02-01,21,48,13,2,84,991,135
31300,"Lumberton, NC",2021-03-01,17,61,13,1,92,1083,152
31300,"Lumberton, NC",2021-04-01,28,79,15,1,123,1206,180
31300,"Lumberton, NC",2021-05-01,20,62,15,1,98,1304,200
31300,"Lumberton, NC",2021-06-01,18,48,15,2,83,1387,218
31300,"Lumberton, NC",2021-07-01,23,57,14,0,94,1481,241
31300,"Lumberton, NC",2021-08-01,24,71,12,3,110,1591,265
31300,"Lumberton, NC",2021-09-01,16,64,10,2,92,1683,281
31300,"Lumberton, NC",2021-10-01,14,43,17,0,74,1757,295
31300,"Lumberton, NC",2021-11-01,24,42,13,1,80,1837,319
31300,"Lumberton, NC",2021-12-01,22,62,17,0,101,1938,341
31300,"Lumberton, NC",2022-01-01,38,74,18,1,131,2069,379
31300,"Lumberton, NC",2022-02-01,18,52,13,0,83,2152,397
31300,"Lumberton, NC",2022-03-01,22,67,17,2,108,2260,419
31300,"Lumberton, NC",2022-04-01,22,69,16,1,108,2368,441
31300,"Lumberton, NC",2022-05-01,24,58,11,1,94,2462,465
31300,"Lumberton, NC",2022-06-01,26,55,15,2,98,2560,491
31300,"Lumberton, NC",2022-07-01,30,51,12,0,93,2653,521
31300,"Lumberton, NC",2022-08-01,19,49,6,1,75,2728,540
31300,"Lumberton, NC",2022-09-01,20,40,9,1,70,2798,560
31300,"Lumberton, NC",2022-10-01,18,44,12,2,76,2874,578
31300,"Lumberton, NC",2022-11-01,23,47,8,1,79,2953,601
31300,"Lumberton, NC",2022-12-01,22,53,13,0,88,3041,623
31300,"Lumberton, NC",2023-01-01,28,43,16,0,87,3128,651
31300,"Lumberton, NC",2023-02-01,26,43,17,0,86,3214,677
31300,"Lumberton, NC",2023-03-01,43,69,15,1,128,3342,720
31300,"Lumberton, NC",2023-04-01,32,59,15,1,107,3449,752
31300,"Lumberton, NC",2023-05-01,20,44,13,1,78,3527,772
31300,"Lumberton, NC",2023-06-01,22,39,16,2,79,3606,794
31300,"Lumberton, NC",2023-07-01,21,36,13,2,72,3678,815
31300,"Lumberton, NC",2023-08-01,19,34,15,2,70,3748,834
31300,"Lumberton, NC",2023-09-01,24,31,12,1,68,3816,858
31300,"Lumberton, NC",2023-10-01,14,39,21,0,74,3890,872
31300,"Lumberton, NC",2023-11-01,39,46,20,0,105,3995,911
31300,"Lumberton, NC",2023-12-01,20,51,15,1,87,4082,931
31300,"Lumberton, NC",2024-01-01,40,39,10,3,92,4174,971
31300,"Lumberton, NC",2024-02-01,39,42,5,3,89,4263,1010
31300,"Lumberton, NC",2024-03-01,39,46,17,1,103,4366,1049
31300,"Lumberton, NC",2024-04-01,40,42,10,1,93,4459,1089
31300,"Lumberton, NC",2024-05-01,28,46,16,1,91,4550,1117
31300,"Lumberton, NC",2024-06-01,22,47,12,0,81,4631,1139
31300,"Lumberton, NC",2024-07-01,12,36,13,1,62,4693,1151
31300,"Lumberton, NC",2024-08-01,20,38,20,2,80,4773,1171
31300,"Lumberton, NC",2024-09-01,26,50,13,1,90,4863,1197
31300,"Lumberton, NC",2024-10-01,32,44,17,1,94,4957,1229
31300,"Lumberton, NC",2024-11-01,35,46,13,2,96,5053,1264
31300,"Lumberton, NC",2024-12-01,38,39,18,2,97,5150,1302
31300,"Lumberton, NC",2025-01-01,31,41,16,1,89,5239,1333
31300,"Lumberton, NC",2025-02-01,26,36,10,1,73,5312,1359
31300,"Lumberton, NC",2025-03-01,38,47,14,2,101,5413,1397
31300,"Lumberton, NC",2025-04-01,33,44,18,1,96,5509,1430
31300,"Lumberton, NC",2025-05-01,38,53,16,0,107,5616,1468
31300,"Lumberton, NC",2025-06-01,40,40,11,1,92,5708,1508
31300,"Lumberton, NC",2025-07-01,29,54,12,3,98,5806,1537
31300,"Lumberton, NC",2025-08-01,24,34,17,2,77,5883,1561
31300,"Lumberton, NC",2025-09-01,0,1,0,0,1,5884,1561
10700,"Albertville, AL",2019-01-01,0,2,1,0,3,3,0
10700,"Albertville, AL",2019-03-01,0,4,0,0,4,7,0
10700,"Albertville, AL",2019-04-01,0,3,0,0,3,10,0
10700,"Albertville, AL",2019-05-01,0,13,4,0,17,27,0
10700,"Albertville, AL",2019-06-01,0,11,7,0,18,45,0
10700,"Albertville, AL",2019-07-01,0,10,3,0,13,58,0
10700,"Albertville, AL",2019-08-01,0,7,5,1,13,71,0
10700,"Albertville, AL",2019-09-01,0,13,2,1,16,87,0
10700,"Albertville, AL",2019-10-01,1,9,5,0,15,102,1
10700,"Albertville, AL",2019-11-01,1,9,4,0,14,116,2
10700,"Albertville, AL",2019-12-01,0,4,4,2,10,126,2
10700,"Albertville, AL",2020-01-01,0,15,3,0,18,144,2
10700,"Albertville, AL",2020-02-01,1,11,2,0,14,158,3
10700,"Albertville, AL",2020-03-01,3,20,4,0,27,185,6
10700,"Albertville, AL",2020-04-01,6,25,5,0,36,221,12
10700,"Albertville, AL",2020-05-01,6,37,6,0,49,270,18
10700,"Albertville, AL",2020-06-01,9,13,4,0,26,296,27
10700,"Albertville, AL",2020-07-01,9,39,2,1,51,347,36
10700,"Albertville, AL",2020-08-01,5,50,9,0,64,411,41
10700,"Albertville, AL",2020-09-01,6,29,5,1,41,452,47
10700,"Albertville, AL",2020-10-01,4,21,2,0,27,479,51
10700,"Albertville, AL",2020-11-01,2,18,6,0,26,505,53
10700,"Albertville, AL",2020-12-01,6,13,3,0,22,527,59
10700,"Albertville, AL",2021-01-01,7,24,2,0,33,560,66
10700,"Albertville, AL",2021-02-01,3,25,3,0,31,591,69
10700,"Albertville, AL",2021-03-01,9,35,8,2,54,645,78
10700,"Albertville, AL",2021-04-01,25,91,28,2,146,791,103
10700,"Albertville, AL",2021-05-01,21,54,13,1,89,880,124
10700,"Albertville, AL",2021-06-01,16,49,16,3,84,964,140
10700,"Albertville, AL",2021-07-01,13,40,12,1,66,1030,153
10700,"Albertville, AL",2021-08-01,21,43,11,2,77,1107,174
10700,"Albertville, AL",2021-09-01,11,38,8,1,58,1165,185
10700,"Albertville, AL",2021-10-01,6,42,13,2,63,1228,191
10700,"Albertville, AL",2021-11-01,16,34,8,0,58,1286,207
10700,"Albertville, AL",2021-12-01,11,49,9,0,69,1355,218
10700,"Albertville, AL",2022-01-01,11,54,15,0,80,1435,229
10700,"Albertville, AL",2022-02-01,16,39,14,0,69,1504,245
10700,"Albertville, AL",2022-03-01,20,52,16,0,88,1592,265
10700,"Albertville, AL",2022-04-01,8,33,8,0,49,1641,273
10700,"Albertville, AL",2022-05-01,18,34,9,0,61,1702,291
10700,"Albertville, AL",2022-06-01,13,33,6,1,53,1755,304
10700,"Albertville, AL",2022-07-01,8,29,10,1,48,1803,312
10700,"Albertville, AL",2022-08-01,18,48,10,0,76,1879,330
10700,"Albertville, AL",2022-09-01,18,35,13,0,66,1945,348
10700,"Albertville, AL",2022-10-01,20,25,10,1,56,2001,368
10700,"Albertville, AL",2022-11-01,22,34,8,1,65,2066,390
10700,"Albertville, AL",2022-12-01,16,32,9,1,58,2124,406
10700,"Albertville, AL",2023-01-01,11,26,9,1,47,2171,417
10700,"Albertville, AL",2023-02-01,28,33,25,2,88,2259,445
10700,"Albertville, AL",2023-03-01,22,65,15,2,104,2363,467
10700,"Albertville, AL",2023-04-01,15,28,12,0,55,2418,482
10700,"Albertville, AL",2023-05-01,11,30,13,0,54,2472,493
10700,"Albertville, AL",2023-06-01,17,40,6,2,65,2537,510
10700,"Albertville, AL",2023-07-01,19,29,13,1,62,2599,529
10700,"Albertville, AL",2023-08-01,14,15,4,1,34,2633,543
10700,"Albertville, AL",2023-09-01,16,23,10,0,49,2682,559
10700,"Albertville, AL",2023-10-01,17,34,12,2,65,2747,576
10700,"Albertville, AL",2023-11-01,34,55,11,1,101,2848,610
10700,"Albertville, AL",2023-12-01,26,55,12,1,94,2942,636
10700,"Albertville, AL",2024-01-01,35,61,13,1,110,3052,671
10700,"Albertville, AL",2024-02-01,32,44,14,0,90,3142,703
10700,"Albertville, AL",2024-03-01,30,45,15,1,91,3233,733
10700,"Albertville, AL",2024-04-01,20,34,10,0,64,3297,753
10700,"Albertville, AL",2024-05-01,17,14,6,2,39,3336,770
10700,"Albertville, AL",2024-06-01,9,22,3,0,34,3370,779
10700,"Albertville, AL",2024-07-01,9,18,7,1,35,3405,788
10700,"Albertville, AL",2024-08-01,8,30,8,1,47,3452,796
10700,"Albertville, AL",2024-09-01,17,24,10,0,51,3503,813
10700,"Albertville, AL",2024-10-01,32,59,13,0,104,3607,845
10700,"Albertville, AL",2024-11-01,37,68,14,0,119,3726,882
10700,"Albertville, AL",2024-12-01,43,44,18,1,106,3832,925
10700,"Albertville, AL",2025-01-01,15,20,3,1,39,3871,940
10700,"Albertville, AL",2025-02-01,20,29,8,1,58,3929,960
10700,"Albertville, AL",2025-03-01,36,55,13,3,107,4036,996
10700,"Albertville, AL",2025-04-01,29,62,9,0,100,4136,1025
10700,"Albertville, AL",2025-05-01,26,32,9,1,68,4204,1051
10700,"Albertville, AL",2025-06-01,20,60,9,0,89,4293,1071
10700,"Albertville, AL",2025-07-01,15,27,3,0,45,4338,1086
10700,"Albertville, AL",2025-08-01,16,28,3,0,47,4385,1102
24020,"Glens Falls, NY",2019-01-01,0,5,4,0,9,9,0
24020,"Glens Falls, NY",2019-02-01,0,9,3,0,12,21,0
24020,"Glens Falls, NY",2019-03-01,0,13,1,0,14,35,0
24020,"Glens Falls, NY",2019-04-01,0,13,0,0,13,48,0
24020,"Glens Falls, NY",2019-05-01,0,22,5,0,27,75,0
24020,"Glens Falls, NY",2019-06-01,2,12,2,1,17,92,2
24020,"Glens Falls, NY",2019-07-01,3,16,2,0,21,113,5
24020,"Glens Falls, NY",2019-08-01,4,14,3,0,21,134,9
24020,"Glens Falls, NY",2019-09-01,5,19,12,0,36,170,14
24020,"Glens Falls, NY",2019-10-01,2,26,6,2,36,206,16
24020,"Glens Falls, NY",2019-11-01,1,13,5,0,19,225,17
24020,"Glens Falls, NY",2019-12-01,3,24,6,0,33,258,20
24020,"Glens Falls, NY",2020-01-01,3,19,7,1,30,288,23
24020,"Glens Falls, NY",2020-02-01,5,19,4,1,29,317,28
24020,"Glens Falls, NY",2020-03-01,3,9,12,0,24,341,31
24020,"Glens Falls, NY",2020-04-01,21,33,13,1,68,409,52
24020,"Glens Falls, NY",2020-05-01,24,39,8,0,71,480,76
24020,"Glens Falls, NY",2020-06-01,14,47,12,0,73,553,90
24020,"Glens Falls, NY",2020-07-01,20,57,16,1,94,647,110
24020,"Glens Falls, NY",2020-08-01,15,57,8,1,81,728,125
24020,"Glens Falls, NY",2020-09-01,12,53,13,0,78,806,137
24020,"Glens Falls, NY",2020-10-01,14,60,14,0,88,894,151
24020,"Glens Falls, NY",2020-11-01,7,23,7,0,37,931,158
24020,"Glens Falls, NY",2020-12-01,6,19,6,1,32,963,164
24020,"Glens Falls, NY",2021-01-01,29,68,20,2,119,1082,193
24020,"Glens Falls, NY",2021-02-01,20,75,17,1,113,1195,213
24020,"Glens Falls, NY",2021-03-01,20,62,15,1,98,1293,233
24020,"Glens Falls, NY",2021-04-01,30,60,17,4,111,1404,263
24020,"Glens Falls, NY",2021-05-01,21,63,19,3,106,1510,284
24020,"Glens Falls, NY",2021-06-01,24,56,15,2,97,1607,308
24020,"Glens Falls, NY",2021-07-01,22,61,17,2,102,1709,330
24020,"Glens Falls, NY",2021-08-01,15,59,12,2,88,1797,345
24020,"Glens Falls, NY",2021-09-01,16,62,24,3,105,1902,361
24020,"Glens Falls, NY",2021-10-01,9,22,6,1,38,1940,370
24020,"Glens Falls, NY",2021-11-01,18,36,10,0,64,2004,388
24020,"Glens Falls, NY",2021-12-01,31,55,16,3,105,2109,419
24020,"Glens Falls, NY",2022-01-01,25,59,16,1,101,2210,444
24020,"Glens Falls, NY",2022-02-01,17,45,18,1,81,2291,461
24020,"Glens Falls, NY",2022-03-01,24,62,21,2,109,2400,485
24020,"Glens Falls, NY",2022-04-01,15,52,12,2,81,2481,500
24020,"Glens Falls, NY",2022-05-01,13,55,9,3,80,2561,513
24020,"Glens Falls, NY",2022-06-01,6,26,6,0,38,2599,519
24020,"Glens Falls, NY",2022-07-01,7,17,3,2,29,2628,526
24020,"Glens Falls, NY",2022-08-01,10,41,14,0,65,2693,536
24020,"Glens Falls, NY",2022-09-01,18,59,18,1,96,2789,554
24020,"Glens Falls, NY",2022-10-01,18,47,20,0,85,2874,572
24020,"Glens Falls, NY",2022-11-01,21,47,15,1,84,2958,593
24020,"Glens Falls, NY",2022-12-01,26,45,19,2,92,3050,619
24020,"Glens Falls, NY",2023-01-01,43,50,21,2,116,3166,662
24020,"Glens Falls, NY",2023-02-01,32,40,24,2,98,3264,694
24020,"Glens Falls, NY",2023-03-01,37,37,11,1,86,3350,731
24020,"Glens Falls, NY",2023-04-01,19,42,13,0,74,3424,750
24020,"Glens Falls, NY",2023-05-01,15,24,10,1,50,3474,765
24020,"Glens Falls, NY",2023-06-01,7,19,4,0,30,3504,772
24020,"Glens Falls, NY",2023-07-01,13,17,7,1,38,3542,785
24020,"Glens Falls, NY",2023-08-01,11,35,11,1,58,3600,796
24020,"Glens Falls, NY",2023-09-01,24,47,20,4,95,3695,820
24020,"Glens Falls, NY",2023-10-01,23,41,15,0,79,3774,843
24020,"Glens Falls, NY",2023-11-01,29,66,12,4,111,3885,872
24020,"Glens Falls, NY",2023-12-01,34,49,23,1,107,3992,906
24020,"Glens Falls, NY",2024-01-01,35,54,18,0,107,4099,941
24020,"Glens Falls, NY",2024-02-01,28,48,21,1,98,4197,969
24020,"Glens Falls, NY",2024-03-01,26,37,17,0,80,4277,995
24020,"Glens Falls, NY",2024-04-01,25,47,13,2,87,4364,1020
24020,"Glens Falls, NY",2024-05-01,24,37,12,1,74,4438,1044
24020,"Glens Falls, NY",2024-06-01,30,59,15,3,107,4545,1074
24020,"Glens Falls, NY",2024-07-01,31,50,13,3,97,4642,1105
24020,"Glens Falls, NY",2024-08-01,28,54,19,3,104,4746,1133
24020,"Glens Falls, NY",2024-09-01,23,44,18,5,90,4836,1156
24020,"Glens Falls, NY",2024-10-01,44,62,10,0,116,4952,1200
24020,"Glens Falls, NY",2024-11-01,36,41,16,1,94,5046,1236
24020,"Glens Falls, NY",2024-12-01,49,40,16,1,106,5152,1285
24020,"Glens Falls, NY",2025-01-01,66,57,15,2,140,5292,1351
24020,"Glens Falls, NY",2025-02-01,34,33,15,4,86,5378,1385
24020,"Glens Falls, NY",2025-03-01,30,42,23,2,97,5475,1415
24020,"Glens Falls, NY",2025-04-01,47,52,17,1,117,5592,1462
24020,"Glens Falls, NY",2025-05-01,40,54,16,3,113,5705,1502
24020,"Glens Falls, NY",2025-06-01,38,40,15,3,96,5801,1540
24020,"Glens Falls, NY",2025-07-01,36,41,18,3,98,5899,1576
24020,"Glens Falls, NY",2025-08-01,26,46,18,0,90,5989,1602
24020,"Glens Falls, NY",2025-09-01,0,1,0,0,1,5990,1602
19860,"Dickinson, ND",2019-01-01,0,1,0,0,1,1,0
19860,"Dickinson, ND",2019-03-01,0,2,0,0,2,3,0
19860,"Dickinson, ND",2019-04-01,0,1,0,0,1,4,0
19860,"Dickinson, ND",2019-05-01,0,1,0,0,1,5,0
19860,"Dickinson, ND",2019-06-01,1,3,0,0,4,9,1
19860,"Dickinson, ND",2019-07-01,0,2,0,0,2,11,1
19860,"Dickinson, ND",2019-09-01,0,1,0,0,1,12,1
19860,"Dickinson, ND",2019-10-01,0,2,1,0,3,15,1
19860,"Dickinson, ND",2019-12-01,0,1,1,0,2,17,1
19860,"Dickinson, ND",2020-01-01,1,1,0,0,2,19,2
19860,"Dickinson, ND",2020-02-01,0,2,0,0,2,21,2
19860,"Dickinson, ND",2020-03-01,0,1,1,0,2,23,2
19860,"Dickinson, ND",2020-04-01,1,5,1,0,7,30,3
19860,"Dickinson, ND",2020-05-01,1,4,1,0,6,36,4
19860,"Dickinson, ND",2020-06-01,1,3,2,0,6,42,5
19860,"Dickinson, ND",2020-07-01,1,4,2,0,7,49,6
19860,"Dickinson, ND",2020-08-01,1,11,2,0,14,63,7
19860,"Dickinson, ND",2020-09-01,1,6,0,0,7,70,8
19860,"Dickinson, ND",2020-10-01,7,42,5,0,54,124,15
19860,"Dickinson, ND",2020-11-01,0,27,2,0,29,153,15
19860,"Dickinson, ND",2020-12-01,6,39,9,0,54,207,21
19860,"Dickinson, ND",2021-01-01,6,34,7,0,47,254,27
19860,"Dickinson, ND",2021-02-01,6,22,1,0,29,283,33
19860,"Dickinson, ND",2021-03-01,8,22,4,1,35,318,41
19860,"Dickinson, ND",2021-04-01,3,16,3,0,22,340,44
19860,"Dickinson, ND",2021-05-01,10,27,5,1,43,383,54
19860,"Dickinson, ND",2021-06-01,10,19,8,1,38,421,64
19860,"Dickinson, ND",2021-07-01,5,25,4,0,34,455,69
19860,"Dickinson, ND",2021-08-01,6,18,2,0,26,481,75
19860,"Dickinson, ND",2021-09-01,5,22,5,1,33,514,80
19860,"Dickinson, ND",2021-10-01,6,19,5,0,30,544,86
19860,"Dickinson, ND",2021-11-01,7,17,6,0,30,574,93
19860,"Dickinson, ND",2021-12-01,4,20,4,0,28,602,97
19860,"Dickinson, ND",2022-01-01,8,21,4,1,34,636,105
19860,"Dickinson, ND",2022-02-01,5,10,1,0,16,652,110
19860,"Dickinson, ND",2022-03-01,8,14,5,1,28,680,118
19860,"Dickinson, ND",2022-04-01,8,13,5,0,26,706,126
19860,"Dickinson, ND",2022-05-01,8,12,5,0,25,731,134
19860,"Dickinson, ND",2022-06-01,6,18,2,2,28,759,140
19860,"Dickinson, ND",2022-07-01,8,21,5,0,34,793,148
19860,"Dickinson, ND",2022-08-01,11,13,3,0,27,820,159
19860,"Dickinson, ND",2022-09-01,6,19,4,0,29,849,165
19860,"Dickinson, ND",2022-10-01,4,12,2,0,18,867,169
19860,"Dickinson, ND",2022-11-01,7,10,3,0,20,887,176
19860,"Dickinson, ND",2022-12-01,10,11,2,0,23,910,186
19860,"Dickinson, ND",2023-01-01,10,17,5,0,32,942,196
19860,"Dickinson, ND",2023-02-01,14,11,3,2,30,972,210
19860,"Dickinson, ND",2023-03-01,10,23,5,1,39,1011,220
19860,"Dickinson, ND",2023-04-01,12,21,5,0,38,1049,232
19860,"Dickinson, ND",2023-05-01,11,12,4,0,27,1076,243
19860,"Dickinson, ND",2023-06-01,9,8,2,0,19,1095,252
19860,"Dickinson, ND",2023-07-01,13,14,0,0,27,1122,265
19860,"Dickinson, ND",2023-08-01,12,18,5,0,35,1157,277
19860,"Dickinson, ND",2023-09-01,16,16,5,0,37,1194,293
19860,"Dickinson, ND",2023-10-01,14,19,1,1,35,1229,307
19860,"Dickinson, ND",2023-11-01,12,16,5,0,33,1262,319
19860,"Dickinson, ND",2023-12-01,6,20,6,1,33,1295,325
19860,"Dickinson, ND",2024-01-01,12,16,4,1,33,1328,337
19860,"Dickinson, ND",2024-02-01,17,21,5,2,45,1373,354
19860,"Dickinson, ND",2024-03-01,17,21,4,1,43,1416,371
19860,"Dickinson, ND",2024-04-01,10,12,4,0,26,1442,381
19860,"Dickinson, ND",2024-05-01,11,22,12,0,45,1487,392
19860,"Dickinson, ND",2024-06-01,6,8,2,0,16,1503,398
19860,"Dickinson, ND",2024-07-01,5,11,2,1,19,1522,403
19860,"Dickinson, ND",2024-08-01,3,24,6,0,33,1555,406
19860,"Dickinson, ND",2024-09-01,10,17,4,0,31,1586,416
19860,"Dickinson, ND",2024-10-01,17,19,8,1,45,1631,433
19860,"Dickinson, ND",2024-11-01,17,19,5,0,41,1672,450
19860,"Dickinson, ND",2024-12-01,14,29,5,1,49,1721,464
19860,"Dickinson, ND",2025-01-01,20,19,5,1,45,1766,484
19860,"Dickinson, ND",2025-02-01,11,15,1,1,28,1794,495
19860,"Dickinson, ND",2025-03-01,12,20,2,0,34,1828,507
19860,"Dickinson, ND",2025-04-01,5,16,3,0,24,1852,512
19860,"Dickinson, ND",2025-05-01,10,12,6,0,28,1880,522
19860,"Dickinson, ND",2025-06-01,20,16,2,0,38,1918,542
19860,"Dickinson, ND",2025-07-01,6,13,1,1,21,1939,548
19860,"Dickinson, ND",2025-08-01,9,9,3,0,21,1960,557
19860,"Dickinson, ND",2025-09-01,1,0,0,0,1,1961,558
44900,"Summerville, GA",2019-01-01,0,1,0,0,1,1,0
44900,"Summerville, GA",2019-04-01,0,1,0,0,1,2,0
44900,"Summerville, GA",2019-05-01,0,1,0,0,1,3,0
44900,"Summerville, GA",2019-07-01,0,1,0,0,1,4,0
44900,"Summerville, GA",2019-08-01,0,1,0,0,1,5,0
44900,"Summerville, GA",2019-09-01,0,2,0,0,2,7,0
44900,"Summerville, GA",2019-10-01,0,1,0,0,1,8,0
44900,"Summerville, GA",2019-11-01,0,2,0,0,2,10,0
44900,"Summerville, GA",2019-12-01,0,1,1,0,2,12,0
44900,"Summerville, GA",2020-03-01,0,1,0,0,1,13,0
44900,"Summerville, GA",2020-04-01,0,4,0,0,4,17,0
44900,"Summerville, GA",2020-05-01,2,4,2,0,8,25,2
44900,"Summerville, GA",2020-06-01,0,6,0,0,6,31,2
44900,"Summerville, GA",2020-07-01,1,8,0,0,9,40,3
44900,"Summerville, GA",2020-08-01,1,9,2,0,12,52,4
44900,"Summerville, GA",2020-09-01,1,2,2,1,6,58,5
44900,"Summerville, GA",2020-10-01,1,5,0,0,6,64,6
44900,"Summerville, GA",2020-11-01,0,2,0,0,2,66,6
44900,"Summerville, GA",2020-12-01,0,4,4,0,8,74,6
44900,"Summerville, GA",2021-01-01,0,6,3,0,9,83,6
44900,"Summerville, GA",2021-02-01,0,6,4,0,10,93,6
44900,"Summerville, GA",2021-03-01,2,9,0,0,11,104,8
44900,"Summerville, GA",2021-04-01,1,7,1,0,9,113,9
44900,"Summerville, GA",2021-05-01,3,22,4,0,29,142,12
44900,"Summerville, GA",2021-06-01,5,37,11,2,55,197,17
44900,"Summerville, GA",2021-07-01,5,35,4,1,45,242,22
44900,"Summerville, GA",2021-08-01,5,25,4,0,34,276,27
44900,"Summerville, GA",2021-09-01,3,18,8,0,29,305,30
44900,"Summerville, GA",2021-10-01,4,16,7,0,27,332,34
44900,"Summerville, GA",2021-11-01,10,18,4,1,33,365,44
44900,"Summerville, GA",2021-12-01,5,25,9,0,39,404,49
44900,"Summerville, GA",2022-01-01,7,21,5,1,34,438,56
44900,"Summerville, GA",2022-02-01,9,10,4,1,24,462,65
44900,"Summerville, GA",2022-03-01,11,23,4,1,39,501,76
44900,"Summerville, GA",2022-04-01,7,20,9,2,38,539,83
44900,"Summerville, GA",2022-05-01,7,24,9,1,41,580,90
44900,"Summerville, GA",2022-06-01,7,15,4,0,26,606,97
44900,"Summerville, GA",2022-07-01,3,17,6,1,27,633,100
44900,"Summerville, GA",2022-08-01,2,19,4,0,25,658,102
44900,"Summerville, GA",2022-09-01,4,19,5,0,28,686,106
44900,"Summerville, GA",2022-10-01,6,13,7,0,26,712,112
44900,"Summerville, GA",2022-11-01,4,20,6,0,30,742,116
44900,"Summerville, GA",2022-12-01,8,18,8,0,34,776,124
44900,"Summerville, GA",2023-01-01,7,12,3,0,22,798,131
44900,"Summerville, GA",2023-02-01,7,10,4,2,23,821,138
44900,"Summerville, GA",2023-03-01,11,13,2,0,26,847,149
44900,"Summerville, GA",2023-04-01,5,12,3,0,20,867,154
44900,"Summerville, GA",2023-05-01,7,19,4,0,30,897,161
44900,"Summerville, GA",2023-06-01,3,13,3,1,20,917,164
44900,"Summerville, GA",2023-07-01,4,11,4,0,19,936,168
44900,"Summerville, GA",2023-08-01,5,8,4,0,17,953,173
44900,"Summerville, GA",2023-09-01,4,16,0,1,21,974,177
44900,"Summerville, GA",2023-10-01,10,11,6,1,28,1002,187
44900,"Summerville, GA",2023-11-01,9,21,5,0,35,1037,196
44900,"Summerville, GA",2023-12-01,9,17,0,2,28,1065,205
44900,"Summerville, GA",2024-01-01,8,12,4,1,25,1090,213
44900,"Summerville, GA",2024-02-01,6,12,3,0,21,1111,219
44900,"Summerville, GA",2024-03-01,7,6,4,2,19,1130,226
44900,"Summerville, GA",2024-04-01,12,9,6,0,27,1157,238
44900,"Summerville, GA",2024-05-01,11,19,6,0,36,1193,249
44900,"Summerville, GA",2024-06-01,7,14,6,0,27,1220,256
44900,"Summerville, GA",2024-07-01,7,16,3,1,27,1247,263
44900,"Summerville, GA",2024-08-01,9,14,7,0,30,1277,272
44900,"Summerville, GA",2024-09-01,5,8,4,0,17,1294,277
44900,"Summerville, GA",2024-10-01,9,16,5,0,30,1324,286
44900,"Summerville, GA",2024-11-01,8,16,6,0,30,1354,294
44900,"Summerville, GA",2024-12-01,8,11,9,0,28,1382,302
44900,"Summerville, GA",2025-01-01,7,13,4,0,24,1406,309
44900,"Summerville, GA",2025-02-01,7,15,1,0,23,1429,316
44900,"Summerville, GA",2025-03-01,2,11,4,1,18,1447,318
44900,"Summerville, GA",2025-04-01,4,13,3,0,20,1467,322
44900,"Summerville, GA",2025-05-01,7,18,2,1,28,1495,329
44900,"Summerville, GA",2025-06-01,8,15,2,2,27,1522,337
44900,"Summerville, GA",2025-07-01,5,7,7,1,20,1542,342
44900,"Summerville, GA",2025-08-01,6,7,3,0,16,1558,348
43380,"Sidney, OH",2019-01-01,0,2,6,0,8,8,0
43380,"Sidney, OH",2019-02-01,0,5,5,0,10,18,0
43380,"Sidney, OH",2019-03-01,0,10,5,0,15,33,0
43380,"Sidney, OH",2019-04-01,1,38,11,2,52,85,1
43380,"Sidney, OH",2019-05-01,2,32,8,0,42,127,3
43380,"Sidney, OH",2019-06-01,0,17,7,0,24,151,3
43380,"Sidney, OH",2019-07-01,3,33,10,0,46,197,6
43380,"Sidney, OH",2019-08-01,1,15,11,1,28,225,7
43380,"Sidney, OH",2019-09-01,1,23,9,1,34,259,8
43380,"Sidney, OH",2019-10-01,0,18,8,2,28,287,8
43380,"Sidney, OH",2019-11-01,1,13,5,0,19,306,9
43380,"Sidney, OH",2019-12-01,0,11,4,0,15,321,9
43380,"Sidney, OH",2020-01-01,4,10,4,0,18,339,13
43380,"Sidney, OH",2020-02-01,4,22,7,0,33,372,17
43380,"Sidney, OH",2020-03-01,1,21,6,0,28,400,18
43380,"Sidney, OH",2020-04-01,13,46,19,0,78,478,31
43380,"Sidney, OH",2020-05-01,21,46,7,3,77,555,52
43380,"Sidney, OH",2020-06-01,9,31,12,3,55,610,61
43380,"Sidney, OH",2020-07-01,8,45,12,2,67,677,69
43380,"Sidney, OH",2020-08-01,6,41,7,0,54,731,75
43380,"Sidney, OH",2020-09-01,13,40,7,0,60,791,88
43380,"Sidney, OH",2020-10-01,8,21,11,0,40,831,96
43380,"Sidney, OH",2020-11-01,5,12,8,1,26,857,101
43380,"Sidney, OH",2020-12-01,7,26,5,0,38,895,108
43380,"Sidney, OH",2021-01-01,10,55,15,2,82,977,118
43380,"Sidney, OH",2021-02-01,17,33,17,0,67,1044,135
43380,"Sidney, OH",2021-03-01,16,56,14,1,87,1131,151
43380,"Sidney, OH",2021-04-01,11,61,11,1,84,1215,162
43380,"Sidney, OH",2021-05-01,17,46,9,2,74,1289,179
43380,"Sidney, OH",2021-06-01,13,37,9,0,59,1348,192
43380,"Sidney, OH",2021-07-01,11,40,5,1,57,1405,203
43380,"Sidney, OH",2021-08-01,9,43,15,2,69,1474,212
43380,"Sidney, OH",2021-09-01,10,52,18,1,81,1555,222
43380,"Sidney, OH",2021-10-01,18,30,14,3,65,1620,240
43380,"Sidney, OH",2021-11-01,17,20,13,1,51,1671,257
43380,"Sidney, OH",2021-12-01,10,45,13,2,70,1741,267
43380,"Sidney, OH",2022-01-01,17,41,21,5,84,1825,284
43380,"Sidney, OH",2022-02-01,12,46,14,0,72,1897,296
43380,"Sidney, OH",2022-03-01,14,25,16,1,56,1953,310
43380,"Sidney, OH",2022-04-01,13,28,12,1,54,2007,323
43380,"Sidney, OH",2022-05-01,6,19,8,0,33,2040,329
43380,"Sidney, OH",2022-06-01,8,18,7,0,33,2073,337
43380,"Sidney, OH",2022-07-01,4,18,2,1,25,2098,341
43380,"Sidney, OH",2022-08-01,7,15,3,0,25,2123,348
43380,"Sidney, OH",2022-09-01,8,21,11,3,43,2166,356
43380,"Sidney, OH",2022-10-01,4,22,11,1,38,2204,360
43380,"Sidney, OH",2022-11-01,18,17,10,2,47,2251,378
43380,"Sidney, OH",2022-12-01,17,30,14,2,63,2314,395
43380,"Sidney, OH",2023-01-01,10,27,13,0,50,2364,405
43380,"Sidney, OH",2023-02-01,8,26,8,1,43,2407,413
43380,"Sidney, OH",2023-03-01,12,42,12,2,68,2475,425
43380,"Sidney, OH",2023-04-01,15,23,16,2,56,2531,440
43380,"Sidney, OH",2023-05-01,9,15,3,1,28,2559,449
43380,"Sidney, OH",2023-06-01,6,12,5,0,23,2582,455
43380,"Sidney, OH",2023-07-01,5,13,6,1,25,2607,460
43380,"Sidney, OH",2023-08-01,4,15,7,0,26,2633,464
43380,"Sidney, OH",2023-09-01,9,22,4,2,37,2670,473
43380,"Sidney, OH",2023-10-01,10,27,8,0,45,2715,483
43380,"Sidney, OH",2023-11-01,17,45,10,5,77,2792,500
43380,"Sidney, OH",2023-12-01,11,37,9,2,59,2851,511
43380,"Sidney, OH",2024-01-01,13,30,9,1,53,2904,524
43380,"Sidney, OH",2024-02-01,23,25,8,3,59,2963,547
43380,"Sidney, OH",2024-03-01,16,30,12,1,59,3022,563
43380,"Sidney, OH",2024-04-01,21,38,16,1,76,3098,584
43380,"Sidney, OH",2024-05-01,18,25,11,2,56,3154,602
43380,"Sidney, OH",2024-06-01,16,25,11,2,54,3208,618
43380,"Sidney, OH",2024-07-01,14,24,11,0,49,3257,632
43380,"Sidney, OH",2024-08-01,15,17,3,0,35,3292,647
43380,"Sidney, OH",2024-09-01,22,42,6,2,72,3364,669
43380,"Sidney, OH",2024-10-01,32,37,7,1,77,3441,701
43380,"Sidney, OH",2024-11-01,23,28,9,2,62,3503,724
43380,"Sidney, OH",2024-12-01,18,28,10,2,58,3561,742
43380,"Sidney, OH",2025-01-01,36,48,14,0,98,3659,778
43380,"Sidney, OH",2025-02-01,31,42,20,0,93,3752,809
43380,"Sidney, OH",2025-03-01,35,33,14,2,84,3836,844
43380,"Sidney, OH",2025-04-01,31,40,10,3,84,3920,875
43380,"Sidney, OH",2025-05-01,36,41,18,2,97,4017,911
43380,"Sidney, OH",2025-06-01,30,30,15,2,77,4094,941
43380,"Sidney, OH",2025-07-01,32,27,12,1,72,4166,973
43380,"Sidney, OH",2025-08-01,19,21,6,1,47,4213,992
11060,"Altus, OK",2019-01-01,0,1,0,0,1,1,0
11060,"Altus, OK",2019-02-01,0,1,0,0,1,2,0
11060,"Altus, OK",2019-05-01,0,1,0,0,1,3,0
11060,"Altus, OK",2019-06-01,0,1,0,0,1,4,0
11060,"Altus, OK",2019-08-01,0,2,0,0,2,6,0
11060,"Altus, OK",2019-09-01,0,2,0,0,2,8,0
11060,"Altus, OK",2019-10-01,0,0,1,0,1,9,0
11060,"Altus, OK",2019-11-01,0,1,0,0,1,10,0
11060,"Altus, OK",2019-12-01,0,2,0,0,2,12,0
11060,"Altus, OK",2020-01-01,1,2,0,0,3,15,1
11060,"Altus, OK",2020-02-01,0,2,1,0,3,18,1
11060,"Altus, OK",2020-03-01,0,2,0,0,2,20,1
11060,"Altus, OK",2020-04-01,1,2,0,0,3,23,2
11060,"Altus, OK",2020-05-01,2,5,0,0,7,30,4
11060,"Altus, OK",2020-06-01,0,2,0,0,2,32,4
11060,"Altus, OK",2020-07-01,1,4,0,0,5,37,5
11060,"Altus, OK",2020-08-01,3,3,1,0,7,44,8
11060,"Altus, OK",2020-09-01,0,2,1,1,4,48,8
11060,"Altus, OK",2020-10-01,1,2,1,0,4,52,9
11060,"Altus, OK",2020-11-01,0,1,0,0,1,53,9
11060,"Altus, OK",2020-12-01,2,1,0,0,3,56,11
11060,"Altus, OK",2021-01-01,1,2,3,0,6,62,12
11060,"Altus, OK",2021-02-01,2,9,3,0,14,76,14
11060,"Altus, OK",2021-03-01,15,39,4,0,58,134,29
11060,"Altus, OK",2021-04-01,10,24,1,1,36,170,39
11060,"Altus, OK",2021-05-01,7,16,1,0,24,194,46
11060,"Altus, OK",2021-06-01,4,16,0,1,21,215,50
11060,"Altus, OK",2021-07-01,5,16,1,0,22,237,55
11060,"Altus, OK",2021-08-01,6,12,1,0,19,256,61
11060,"Altus, OK",2021-09-01,3,16,6,0,25,281,64
11060,"Altus, OK",2021-10-01,1,18,1,1,21,302,65
11060,"Altus, OK",2021-11-01,5,9,2,0,16,318,70
11060,"Altus, OK",2021-12-01,5,8,2,0,15,333,75
11060,"Altus, OK",2022-01-01,10,23,5,1,39,372,85
11060,"Altus, OK",2022-02-01,6,6,2,0,14,386,91
11060,"Altus, OK",2022-03-01,10,20,2,0,32,418,101
11060,"Altus, OK",2022-04-01,7,12,3,1,23,441,108
11060,"Altus, OK",2022-05-01,5,18,5,0,28,469,113
11060,"Altus, OK",2022-06-01,1,10,2,0,13,482,114
11060,"Altus, OK",2022-07-01,5,5,1,0,11,493,119
11060,"Altus, OK",2022-08-01,6,13,1,1,21,514,125
11060,"Altus, OK",2022-09-01,5,8,2,0,15,529,130
11060,"Altus, OK",2022-10-01,3,9,0,2,14,543,133
11060,"Altus, OK",2022-11-01,7,10,3,0,20,563,140
11060,"Altus, OK",2022-12-01,5,10,2,0,17,580,145
11060,"Altus, OK",2023-01-01,5,15,4,0,24,604,150
11060,"Altus, OK",2023-02-01,10,10,3,0,23,627,160
11060,"Altus, OK",2023-03-01,8,17,6,0,31,658,168
11060,"Altus, OK",2023-04-01,5,14,3,0,22,680,173
11060,"Altus, OK",2023-05-01,8,15,2,2,27,707,181
11060,"Altus, OK",2023-06-01,4,13,7,0,24,731,185
11060,"Altus, OK",2023-07-01,13,13,3,0,29,760,198
11060,"Altus, OK",2023-08-01,4,9,2,0,15,775,202
11060,"Altus, OK",2023-09-01,7,3,3,0,13,788,209
11060,"Altus, OK",2023-10-01,3,17,5,1,26,814,212
11060,"Altus, OK",2023-11-01,12,13,7,1,33,847,224
11060,"Altus, OK",2023-12-01,17,11,2,0,30,877,241
11060,"Altus, OK",2024-01-01,18,15,4,0,37,914,259
11060,"Altus, OK",2024-02-01,16,9,2,1,28,942,275
11060,"Altus, OK",2024-03-01,12,13,9,0,34,976,287
11060,"Altus, OK",2024-04-01,8,7,8,0,23,999,295
11060,"Altus, OK",2024-05-01,5,4,0,0,9,1008,300
11060,"Altus, OK",2024-06-01,2,5,0,0,7,1015,302
11060,"Altus, OK",2024-07-01,5,6,0,0,11,1026,307
11060,"Altus, OK",2024-08-01,11,11,2,0,24,1050,318
11060,"Altus, OK",2024-09-01,5,14,4,0,23,1073,323
11060,"Altus, OK",2024-10-01,11,18,3,3,35,1108,334
11060,"Altus, OK",2024-11-01,10,13,6,0,29,1137,344
11060,"Altus, OK",2024-12-01,14,15,2,0,31,1168,358
11060,"Altus, OK",2025-01-01,4,15,0,0,19,1187,362
11060,"Altus, OK",2025-02-01,11,14,3,1,29,1216,373
11060,"Altus, OK",2025-03-01,17,13,4,1,35,1251,390
11060,"Altus, OK",2025-04-01,11,11,6,0,28,1279,401
11060,"Altus, OK",2025-05-01,18,22,7,1,48,1327,419
11060,"Altus, OK",2025-06-01,19,15,2,0,36,1363,438
11060,"Altus, OK",2025-07-01,13,8,6,0,27,1390,451
11060,"Altus, OK",2025-08-01,12,9,5,0,26,1416,463
29940,"Lawrence, KS",2019-01-01,0,46,6,1,53,53,0
29940,"Lawrence, KS",2019-02-01,4,50,4,1,59,112,4
29940,"Lawrence, KS",2019-03-01,3,61,10,0,74,186,7
29940,"Lawrence, KS",2019-04-01,4,65,9,0,78,264,11
29940,"Lawrence, KS",2019-05-01,0,49,9,1,59,323,11
29940,"Lawrence, KS",2019-06-01,2,57,2,3,64,387,13
29940,"Lawrence, KS",2019-07-01,3,49,12,2,66,453,16
29940,"Lawrence, KS",2019-08-01,6,49,7,1,63,516,22
29940,"Lawrence, KS",2019-09-01,9,59,11,1,80,596,31
29940,"Lawrence, KS",2019-10-01,6,50,13,0,69,665,37
29940,"Lawrence, KS",2019-11-01,12,49,12,0,73,738,49
29940,"Lawrence, KS",2019-12-01,6,39,5,0,50,788,55
29940,"Lawrence, KS",2020-01-01,9,45,8,2,64,852,64
29940,"Lawrence, KS",2020-02-01,6,43,8,2,59,911,70
29940,"Lawrence, KS",2020-03-01,13,50,12,5,80,991,83
29940,"Lawrence, KS",2020-04-01,88,191,26,0,305,1296,171
29940,"Lawrence, KS",2020-05-01,124,201,23,3,351,1647,295
29940,"Lawrence, KS",2020-06-01,91,113,14,1,219,1866,386
29940,"Lawrence, KS",2020-07-01,92,188,24,1,305,2171,478
29940,"Lawrence, KS",2020-08-01,64,175,24,4,267,2438,542
29940,"Lawrence, KS",2020-09-01,72,160,18,3,253,2691,614
29940,"Lawrence, KS",2020-10-01,80,114,18,3,215,2906,694
29940,"Lawrence, KS",2020-11-01,35,50,6,0,91,2997,729
29940,"Lawrence, KS",2020-12-01,43,46,6,0,95,3092,772
29940,"Lawrence, KS",2021-01-01,155,197,21,4,377,3469,927
29940,"Lawrence, KS",2021-02-01,80,129,15,2,226,3695,1007
29940,"Lawrence, KS",2021-03-01,135,188,18,1,342,4037,1142
29940,"Lawrence, KS",2021-04-01,110,149,14,0,273,4310,1252
29940,"Lawrence, KS",2021-05-01,107,152,17,4,280,4590,1359
29940,"Lawrence, KS",2021-06-01,73,104,19,1,197,4787,1432
29940,"Lawrence, KS",2021-07-01,46,67,13,1,127,4914,1478
29940,"Lawrence, KS",2021-08-01,67,133,18,1,219,5133,1545
29940,"Lawrence, KS",2021-09-01,63,95,20,0,178,5311,1608
29940,"Lawrence, KS",2021-10-01,57,73,9,1,140,5451,1665
29940,"Lawrence, KS",2021-11-01,64,71,14,0,149,5600,1729
29940,"Lawrence, KS",2021-12-01,110,134,24,1,269,5869,1839
29940,"Lawrence, KS",2022-01-01,151,180,24,4,359,6228,1990
29940,"Lawrence, KS",2022-02-01,101,133,29,1,264,6492,2091
29940,"Lawrence, KS",2022-03-01,107,123,23,3,256,6748,2198
29940,"Lawrence, KS",2022-04-01,76,96,23,3,198,6946,2274
29940,"Lawrence, KS",2022-05-01,95,82,17,3,197,7143,2369
29940,"Lawrence, KS",2022-06-01,38,26,13,0,77,7220,2407
29940,"Lawrence, KS",2022-07-01,45,51,10,1,107,7327,2452
29940,"Lawrence, KS",2022-08-01,65,69,18,4,156,7483,2517
29940,"Lawrence, KS",2022-09-01,77,83,20,2,182,7665,2594
29940,"Lawrence, KS",2022-10-01,54,45,19,2,120,7785,2648
29940,"Lawrence, KS",2022-11-01,103,115,32,3,253,8038,2751
29940,"Lawrence, KS",2022-12-01,142,89,23,3,257,8295,2893
29940,"Lawrence, KS",2023-01-01,152,110,26,4,292,8587,3045
29940,"Lawrence, KS",2023-02-01,103,86,21,1,211,8798,3148
29940,"Lawrence, KS",2023-03-01,151,107,30,3,291,9089,3299
29940,"Lawrence, KS",2023-04-01,108,100,27,5,240,9329,3407
29940,"Lawrence, KS",2023-05-01,74,61,23,0,158,9487,3481
29940,"Lawrence, KS",2023-06-01,42,29,7,0,78,9565,3523
29940,"Lawrence, KS",2023-07-01,31,33,8,0,72,9637,3554
29940,"Lawrence, KS",2023-08-01,75,75,14,3,167,9804,3629
29940,"Lawrence, KS",2023-09-01,130,96,26,3,255,10059,3759
29940,"Lawrence, KS",2023-10-01,131,77,25,0,233,10292,3890
29940,"Lawrence, KS",2023-11-01,135,89,31,4,259,10551,4025
29940,"Lawrence, KS",2023-12-01,136,77,29,1,243,10794,4161
29940,"Lawrence, KS",2024-01-01,162,93,26,2,283,11077,4323
29940,"Lawrence, KS",2024-02-01,192,87,30,4,313,11390,4515
29940,"Lawrence, KS",2024-03-01,161,85,28,3,277,11667,4676
29940,"Lawrence, KS",2024-04-01,135,77,18,2,232,11899,4811
29940,"Lawrence, KS",2024-05-01,122,89,15,5,231,12130,4933
29940,"Lawrence, KS",2024-06-01,118,63,24,1,206,12336,5051
29940,"Lawrence, KS",2024-07-01,92,71,14,5,182,12518,5143
29940,"Lawrence, KS",2024-08-01,74,62,15,2,153,12671,5217
29940,"Lawrence, KS",2024-09-01,144,72,27,4,247,12918,5361
29940,"Lawrence, KS",2024-10-01,154,79,26,1,260,13178,5515
29940,"Lawrence, KS",2024-11-01,151,80,20,0,251,13429,5666
29940,"Lawrence, KS",2024-12-01,180,91,26,3,300,13729,5846
29940,"Lawrence, KS",2025-01-01,165,71,20,0,256,13985,6011
29940,"Lawrence, KS",2025-02-01,192,56,15,2,265,14250,6203
29940,"Lawrence, KS",2025-03-01,180,83,24,1,288,14538,6383
29940,"Lawrence, KS",2025-04-01,121,87,22,5,235,14773,6504
29940,"Lawrence, KS",2025-05-01,124,61,19,3,207,14980,6628
29940,"Lawrence, KS",2025-06-01,142,74,23,4,243,15223,6770
29940,"Lawrence, KS",2025-07-01,104,62,22,2,190,15413,6874
29940,"Lawrence, KS",2025-08-01,115,58,12,1,186,15599,6989
29940,"Lawrence, KS",2025-09-01,4,3,1,0,8,15607,6993
39700,"Raymondville, TX",2019-01-01,0,1,0,0,1,1,0
39700,"Raymondville, TX",2019-02-01,0,2,1,0,3,4,0
39700,"Raymondville, TX",2019-03-01,0,2,0,0,2,6,0
39700,"Raymondville, TX",2019-04-01,0,1,1,0,2,8,0
39700,"Raymondville, TX",2019-05-01,1,0,1,0,2,10,1
39700,"Raymondville, TX",2019-06-01,0,2,0,0,2,12,1
39700,"Raymondville, TX",2019-08-01,0,1,0,0,1,13,1
39700,"Raymondville, TX",2019-09-01,0,1,0,0,1,14,1
39700,"Raymondville, TX",2019-10-01,0,2,0,0,2,16,1
39700,"Raymondville, TX",2019-11-01,0,1,0,0,1,17,1
39700,"Raymondville, TX",2019-12-01,0,1,0,0,1,18,1
39700,"Raymondville, TX",2020-02-01,1,1,1,0,3,21,2
39700,"Raymondville, TX",2020-03-01,0,2,3,0,5,26,2
39700,"Raymondville, TX",2020-04-01,1,12,2,0,15,41,3
39700,"Raymondville, TX",2020-05-01,0,8,0,0,8,49,3
39700,"Raymondville, TX",2020-06-01,0,2,0,0,2,51,3
39700,"Raymondville, TX",2020-07-01,2,12,2,0,16,67,5
39700,"Raymondville, TX",2020-08-01,2,2,1,0,5,72,7
39700,"Raymondville, TX",2020-09-01,2,8,1,0,11,83,9
39700,"Raymondville, TX",2020-10-01,0,0,2,0,2,85,9
39700,"Raymondville, TX",2020-11-01,0,2,0,0,2,87,9
39700,"Raymondville, TX",2020-12-01,0,2,2,0,4,91,9
39700,"Raymondville, TX",2021-01-01,0,2,4,0,6,97,9
39700,"Raymondville, TX",2021-02-01,2,1,1,1,5,102,11
39700,"Raymondville, TX",2021-03-01,4,10,0,0,14,116,15
39700,"Raymondville, TX",2021-04-01,1,5,1,0,7,123,16
39700,"Raymondville, TX",2021-05-01,3,2,2,0,7,130,19
39700,"Raymondville, TX",2021-06-01,0,2,0,0,2,132,19
39700,"Raymondville, TX",2021-08-01,1,3,1,0,5,137,20
39700,"Raymondville, TX",2021-09-01,3,2,2,0,7,144,23
39700,"Raymondville, TX",2021-10-01,1,6,2,0,9,153,24
39700,"Raymondville, TX",2021-11-01,1,1,1,0,3,156,25
39700,"Raymondville, TX",2021-12-01,1,11,3,0,15,171,26
39700,"Raymondville, TX",2022-01-01,8,30,8,0,46,217,34
39700,"Raymondville, TX",2022-02-01,5,8,1,0,14,231,39
39700,"Raymondville, TX",2022-03-01,5,15,3,0,23,254,44
39700,"Raymondville, TX",2022-04-01,3,13,5,0,21,275,47
39700,"Raymondville, TX",2022-05-01,1,9,2,0,12,287,48
39700,"Raymondville, TX",2022-06-01,1,3,2,0,6,293,49
39700,"Raymondville, TX",2022-07-01,3,8,1,0,12,305,52
39700,"Raymondville, TX",2022-08-01,4,8,2,1,15,320,56
39700,"Raymondville, TX",2022-09-01,2,8,2,1,13,333,58
39700,"Raymondville, TX",2022-10-01,1,8,2,0,11,344,59
39700,"Raymondville, TX",2022-11-01,6,18,4,1,29,373,65
39700,"Raymondville, TX",2022-12-01,8,18,3,1,30,403,73
39700,"Raymondville, TX",2023-01-01,0,12,3,0,15,418,73
39700,"Raymondville, TX",2023-02-01,10,7,1,0,18,436,83
39700,"Raymondville, TX",2023-03-01,11,29,6,1,47,483,94
39700,"Raymondville, TX",2023-04-01,8,12,1,0,21,504,102
39700,"Raymondville, TX",2023-05-01,5,3,2,0,10,514,107
39700,"Raymondville, TX",2023-06-01,1,3,0,0,4,518,108
39700,"Raymondville, TX",2023-07-01,1,4,2,1,8,526,109
39700,"Raymondville, TX",2023-08-01,3,1,0,1,5,531,112
39700,"Raymondville, TX",2023-09-01,1,9,4,0,14,545,113
39700,"Raymondville, TX",2023-10-01,2,7,0,0,9,554,115
39700,"Raymondville, TX",2023-11-01,2,14,1,0,17,571,117
39700,"Raymondville, TX",2023-12-01,9,16,1,0,26,597,126
39700,"Raymondville, TX",2024-01-01,7,18,3,2,30,627,133
39700,"Raymondville, TX",2024-02-01,14,21,1,0,36,663,147
39700,"Raymondville, TX",2024-03-01,12,17,4,0,33,696,159
39700,"Raymondville, TX",2024-04-01,10,22,5,1,38,734,169
39700,"Raymondville, TX",2024-05-01,13,14,4,1,32,766,182
39700,"Raymondville, TX",2024-06-01,10,8,2,0,20,786,192
39700,"Raymondville, TX",2024-07-01,1,5,4,0,10,796,193
39700,"Raymondville, TX",2024-08-01,4,3,0,0,7,803,197
39700,"Raymondville, TX",2024-09-01,4,9,3,0,16,819,201
39700,"Raymondville, TX",2024-10-01,4,23,3,0,30,849,205
39700,"Raymondville, TX",2024-11-01,11,16,4,0,31,880,216
39700,"Raymondville, TX",2024-12-01,16,15,3,0,34,914,232
39700,"Raymondville, TX",2025-01-01,12,21,3,1,37,951,244
39700,"Raymondville, TX",2025-02-01,12,13,3,0,28,979,256
39700,"Raymondville, TX",2025-03-01,9,6,3,0,18,997,265
39700,"Raymondville, TX",2025-04-01,10,13,4,1,28,1025,275
39700,"Raymondville, TX",2025-05-01,9,14,4,0,27,1052,284
39700,"Raymondville, TX",2025-06-01,11,19,4,0,34,1086,295
39700,"Raymondville, TX",2025-07-01,10,8,0,0,18,1104,305
39700,"Raymondville, TX",2025-08-01,6,12,2,0,20,1124,311
36340,"Oil City, PA",2019-05-01,0,2,1,0,3,3,0
36340,"Oil City, PA",2019-06-01,0,0,1,0,1,4,0
36340,"Oil City, PA",2019-07-01,0,6,2,0,8,12,0
36340,"Oil City, PA",2019-08-01,0,3,0,0,3,15,0
36340,"Oil City, PA",2019-10-01,0,1,0,0,1,16,0
36340,"Oil City, PA",2019-11-01,1,2,1,0,4,20,1
36340,"Oil City, PA",2019-12-01,0,2,1,0,3,23,1
36340,"Oil City, PA",2020-01-01,1,1,1,0,3,26,2
36340,"Oil City, PA",2020-02-01,2,1,3,0,6,32,4
36340,"Oil City, PA",2020-03-01,1,4,1,0,6,38,5
36340,"Oil City, PA",2020-04-01,0,7,2,0,9,47,5
36340,"Oil City, PA",2020-05-01,2,8,5,1,16,63,7
36340,"Oil City, PA",2020-06-01,0,5,1,0,6,69,7
36340,"Oil City, PA",2020-07-01,3,6,0,1,10,79,10
36340,"Oil City, PA",2020-08-01,3,7,1,0,11,90,13
36340,"Oil City, PA",2020-09-01,5,9,0,0,14,104,18
36340,"Oil City, PA",2020-10-01,1,8,1,0,10,114,19
36340,"Oil City, PA",2020-11-01,2,6,1,0,9,123,21
36340,"Oil City, PA",2020-12-01,4,12,1,1,18,141,25
36340,"Oil City, PA",2021-01-01,6,6,1,0,13,154,31
36340,"Oil City, PA",2021-02-01,4,15,4,0,23,177,35
36340,"Oil City, PA",2021-03-01,4,10,2,0,16,193,39
36340,"Oil City, PA",2021-04-01,6,6,2,0,14,207,45
36340,"Oil City, PA",2021-05-01,8,16,2,0,26,233,53
36340,"Oil City, PA",2021-06-01,4,13,2,0,19,252,57
36340,"Oil City, PA",2021-07-01,2,11,5,0,18,270,59
36340,"Oil City, PA",2021-08-01,7,11,5,0,23,293,66
36340,"Oil City, PA",2021-09-01,1,10,3,0,14,307,67
36340,"Oil City, PA",2021-10-01,2,12,3,0,17,324,69
36340,"Oil City, PA",2021-11-01,4,9,3,0,16,340,73
36340,"Oil City, PA",2021-12-01,0,13,1,1,15,355,73
36340,"Oil City, PA",2022-01-01,5,24,4,0,33,388,78
36340,"Oil City, PA",2022-02-01,1,8,1,0,10,398,79
36340,"Oil City, PA",2022-03-01,8,12,3,0,23,421,87
36340,"Oil City, PA",2022-04-01,4,17,1,0,22,443,91
36340,"Oil City, PA",2022-05-01,7,18,7,0,32,475,98
36340,"Oil City, PA",2022-06-01,4,11,1,1,17,492,102
36340,"Oil City, PA",2022-07-01,4,2,1,1,8,500,106
36340,"Oil City, PA",2022-08-01,5,11,3,0,19,519,111
36340,"Oil City, PA",2022-09-01,3,5,4,0,12,531,114
36340,"Oil City, PA",2022-10-01,5,4,3,0,12,543,119
36340,"Oil City, PA",2022-11-01,8,6,6,0,20,563,127
36340,"Oil City, PA",2022-12-01,4,8,2,0,14,577,131
36340,"Oil City, PA",2023-01-01,5,15,6,0,26,603,136
36340,"Oil City, PA",2023-02-01,2,8,5,1,16,619,138
36340,"Oil City, PA",2023-03-01,11,13,7,1,32,651,149
36340,"Oil City, PA",2023-04-01,7,4,1,0,12,663,156
36340,"Oil City, PA",2023-05-01,1,8,0,0,9,672,157
36340,"Oil City, PA",2023-06-01,1,6,3,0,10,682,158
36340,"Oil City, PA",2023-07-01,3,14,4,0,21,703,161
36340,"Oil City, PA",2023-08-01,2,12,4,0,18,721,163
36340,"Oil City, PA",2023-09-01,9,9,2,0,20,741,172
36340,"Oil City, PA",2023-10-01,11,5,4,0,20,761,183
36340,"Oil City, PA",2023-11-01,3,8,1,1,13,774,186
36340,"Oil City, PA",2023-12-01,2,7,4,0,13,787,188
36340,"Oil City, PA",2024-01-01,7,17,1,0,25,812,195
36340,"Oil City, PA",2024-02-01,11,2,2,0,15,827,206
36340,"Oil City, PA",2024-03-01,11,8,5,1,25,852,217
36340,"Oil City, PA",2024-04-01,15,9,7,0,31,883,232
36340,"Oil City, PA",2024-05-01,10,5,1,0,16,899,242
36340,"Oil City, PA",2024-06-01,11,12,2,0,25,924,253
36340,"Oil City, PA",2024-07-01,7,14,0,0,21,945,260
36340,"Oil City, PA",2024-08-01,10,9,2,3,24,969,270
36340,"Oil City, PA",2024-09-01,8,5,4,0,17,986,278
36340,"Oil City, PA",2024-10-01,9,8,4,0,21,1007,287
36340,"Oil City, PA",2024-11-01,4,13,5,0,22,1029,291
36340,"Oil City, PA",2024-12-01,9,13,3,0,25,1054,300
36340,"Oil City, PA",2025-01-01,13,18,1,0,32,1086,313
36340,"Oil City, PA",2025-02-01,11,10,4,0,25,1111,324
36340,"Oil City, PA",2025-03-01,10,9,6,0,25,1136,334
36340,"Oil City, PA",2025-04-01,6,5,5,1,17,1153,340
36340,"Oil City, PA",2025-05-01,11,7,2,0,20,1173,351
36340,"Oil City, PA",2025-06-01,9,5,1,0,15,1188,360
36340,"Oil City, PA",2025-07-01,5,7,3,0,15,1203,365
36340,"Oil City, PA",2025-08-01,8,6,4,0,18,1221,373
40140,"Riverside-San Bernardino-Ontario, CA",2019-01-01,22,892,182,26,1122,1122,22
40140,"Riverside-San Bernardino-Ontario, CA",2019-02-01,31,785,196,30,1042,2164,53
40140,"Riverside-San Bernardino-Ontario, CA",2019-03-01,59,894,200,37,1190,3354,112
40140,"Riverside-San Bernardino-Ontario, CA",2019-04-01,51,890,205,18,1164,4518,163
40140,"Riverside-San Bernardino-Ontario, CA",2019-05-01,71,1126,256,28,1481,5999,234
40140,"Riverside-San Bernardino-Ontario, CA",2019-06-01,32,503,110,19,664,6663,266
40140,"Riverside-San Bernardino-Ontario, CA",2019-07-01,72,988,204,37,1301,7964,338
40140,"Riverside-San Bernardino-Ontario, CA",2019-08-01,42,543,127,11,723,8687,380
40140,"Riverside-San Bernardino-Ontario, CA",2019-09-01,63,749,201,28,1041,9728,443
40140,"Riverside-San Bernardino-Ontario, CA",2019-10-01,67,696,173,17,953,10681,510
40140,"Riverside-San Bernardino-Ontario, CA",2019-11-01,78,611,133,14,836,11517,588
40140,"Riverside-San Bernardino-Ontario, CA",2019-12-01,81,604,123,11,819,12336,669
40140,"Riverside-San Bernardino-Ontario, CA",2020-01-01,116,750,160,15,1041,13377,785
40140,"Riverside-San Bernardino-Ontario, CA",2020-02-01,66,554,134,16,770,14147,851
40140,"Riverside-San Bernardino-Ontario, CA",2020-03-01,125,831,270,34,1260,15407,976
40140,"Riverside-San Bernardino-Ontario, CA",2020-04-01,480,2098,686,90,3354,18761,1456
40140,"Riverside-San Bernardino-Ontario, CA",2020-05-01,458,1448,410,48,2364,21125,1914
40140,"Riverside-San Bernardino-Ontario, CA",2020-06-01,631,1744,432,55,2862,23987,2545
40140,"Riverside-San Bernardino-Ontario, CA",2020-07-01,828,2421,580,71,3900,27887,3373
40140,"Riverside-San Bernardino-Ontario, CA",2020-08-01,726,2600,598,56,3980,31867,4099
40140,"Riverside-San Bernardino-Ontario, CA",2020-09-01,650,2111,515,59,3335,35202,4749
40140,"Riverside-San Bernardino-Ontario, CA",2020-10-01,566,1990,476,72,3104,38306,5315
40140,"Riverside-San Bernardino-Ontario, CA",2020-11-01,376,1238,284,23,1921,40227,5691
40140,"Riverside-San Bernardino-Ontario, CA",2020-12-01,297,1017,277,39,1630,41857,5988
40140,"Riverside-San Bernardino-Ontario, CA",2021-01-01,352,1175,279,34,1840,43697,6340
40140,"Riverside-San Bernardino-Ontario, CA",2021-02-01,272,912,244,29,1457,45154,6612
40140,"Riverside-San Bernardino-Ontario, CA",2021-03-01,634,1854,551,55,3094,48248,7246
40140,"Riverside-San Bernardino-Ontario, CA",2021-04-01,814,2363,587,79,3843,52091,8060
40140,"Riverside-San Bernardino-Ontario, CA",2021-05-01,794,2285,527,55,3661,55752,8854
40140,"Riverside-San Bernardino-Ontario, CA",2021-06-01,390,1323,268,27,2008,57760,9244
40140,"Riverside-San Bernardino-Ontario, CA",2021-07-01,200,644,143,21,1008,58768,9444
40140,"Riverside-San Bernardino-Ontario, CA",2021-08-01,349,1137,330,42,1858,60626,9793
40140,"Riverside-San Bernardino-Ontario, CA",2021-09-01,508,1968,531,57,3064,63690,10301
40140,"Riverside-San Bernardino-Ontario, CA",2021-10-01,158,630,198,16,1002,64692,10459
40140,"Riverside-San Bernardino-Ontario, CA",2021-11-01,105,491,136,22,754,65446,10564
40140,"Riverside-San Bernardino-Ontario, CA",2021-12-01,265,827,231,52,1375,66821,10829
40140,"Riverside-San Bernardino-Ontario, CA",2022-01-01,530,1563,498,101,2692,69513,11359
40140,"Riverside-San Bernardino-Ontario, CA",2022-02-01,100,391,180,59,730,70243,11459
40140,"Riverside-San Bernardino-Ontario, CA",2022-03-01,91,381,239,54,765,71008,11550
40140,"Riverside-San Bernardino-Ontario, CA",2022-04-01,105,477,216,32,830,71838,11655
40140,"Riverside-San Bernardino-Ontario, CA",2022-05-01,138,458,218,45,859,72697,11793
40140,"Riverside-San Bernardino-Ontario, CA",2022-06-01,99,325,149,18,591,73288,11892
40140,"Riverside-San Bernardino-Ontario, CA",2022-07-01,88,335,128,21,572,73860,11980
40140,"Riverside-San Bernardino-Ontario, CA",2022-08-01,110,399,141,26,676,74536,12090
40140,"Riverside-San Bernardino-Ontario, CA",2022-09-01,91,404,116,31,642,75178,12181
40140,"Riverside-San Bernardino-Ontario, CA",2022-10-01,314,861,265,33,1473,76651,12495
40140,"Riverside-San Bernardino-Ontario, CA",2022-11-01,996,2222,708,73,3999,80650,13491
40140,"Riverside-San Bernardino-Ontario, CA",2022-12-01,845,1662,530,50,3087,83737,14336
40140,"Riverside-San Bernardino-Ontario, CA",2023-01-01,260,679,191,28,1158,84895,14596
40140,"Riverside-San Bernardino-Ontario, CA",2023-02-01,275,698,198,28,1199,86094,14871
40140,"Riverside-San Bernardino-Ontario, CA",2023-03-01,972,2150,782,92,3996,90090,15843
40140,"Riverside-San Bernardino-Ontario, CA",2023-04-01,449,1027,323,24,1823,91913,16292
40140,"Riverside-San Bernardino-Ontario, CA",2023-05-01,201,511,160,18,890,92803,16493
40140,"Riverside-San Bernardino-Ontario, CA",2023-06-01,162,449,143,14,768,93571,16655
40140,"Riverside-San Bernardino-Ontario, CA",2023-07-01,139,495,143,12,789,94360,16794
40140,"Riverside-San Bernardino-Ontario, CA",2023-08-01,190,596,186,16,988,95348,16984
40140,"Riverside-San Bernardino-Ontario, CA",2023-09-01,156,628,209,18,1011,96359,17140
40140,"Riverside-San Bernardino-Ontario, CA",2023-10-01,146,587,159,24,916,97275,17286
40140,"Riverside-San Bernardino-Ontario, CA",2023-11-01,150,649,214,38,1051,98326,17436
40140,"Riverside-San Bernardino-Ontario, CA",2023-12-01,170,673,233,25,1101,99427,17606
40140,"Riverside-San Bernardino-Ontario, CA",2024-01-01,246,851,325,27,1449,100876,17852
40140,"Riverside-San Bernardino-Ontario, CA",2024-02-01,333,963,340,41,1677,102553,18185
40140,"Riverside-San Bernardino-Ontario, CA",2024-03-01,255,796,305,22,1378,103931,18440
40140,"Riverside-San Bernardino-Ontario, CA",2024-04-01,381,1027,315,47,1770,105701,18821
40140,"Riverside-San Bernardino-Ontario, CA",2024-05-01,438,1156,353,43,1990,107691,19259
40140,"Riverside-San Bernardino-Ontario, CA",2024-06-01,364,1030,322,53,1769,109460,19623
40140,"Riverside-San Bernardino-Ontario, CA",2024-07-01,267,940,274,28,1509,110969,19890
40140,"Riverside-San Bernardino-Ontario, CA",2024-08-01,203,778,223,20,1224,112193,20093
40140,"Riverside-San Bernardino-Ontario, CA",2024-09-01,193,723,209,16,1141,113334,20286
40140,"Riverside-San Bernardino-Ontario, CA",2024-10-01,180,761,172,16,1129,114463,20466
40140,"Riverside-San Bernardino-Ontario, CA",2024-11-01,180,618,144,7,949,115412,20646
40140,"Riverside-San Bernardino-Ontario, CA",2024-12-01,163,571,147,12,893,116305,20809
40140,"Riverside-San Bernardino-Ontario, CA",2025-01-01,183,564,160,22,929,117234,20992
40140,"Riverside-San Bernardino-Ontario, CA",2025-02-01,178,458,133,13,782,118016,21170
40140,"Riverside-San Bernardino-Ontario, CA",2025-03-01,206,521,124,9,860,118876,21376
40140,"Riverside-San Bernardino-Ontario, CA",2025-04-01,195,413,98,11,717,119593,21571
40140,"Riverside-San Bernardino-Ontario, CA",2025-05-01,292,625,190,8,1115,120708,21863
40140,"Riverside-San Bernardino-Ontario, CA",2025-06-01,140,319,83,5,547,121255,22003
40140,"Riverside-San Bernardino-Ontario, CA",2025-07-01,197,385,97,9,688,121943,22200
40140,"Riverside-San Bernardino-Ontario, CA",2025-08-01,135,276,86,4,501,122444,22335
40140,"Riverside-San Bernardino-Ontario, CA",2025-09-01,1,4,1,0,6,122450,22336
22260,"Fergus Falls, MN",2019-09-01,1,1,0,0,2,2,1
22260,"Fergus Falls, MN",2019-11-01,1,0,0,0,1,3,2
22260,"Fergus Falls, MN",2019-12-01,0,1,0,0,1,4,2
22260,"Fergus Falls, MN",2020-03-01,0,2,1,1,4,8,2
22260,"Fergus Falls, MN",2020-04-01,1,4,1,0,6,14,3
22260,"Fergus Falls, MN",2020-05-01,1,3,2,0,6,20,4
22260,"Fergus Falls, MN",2020-06-01,0,3,1,0,4,24,4
22260,"Fergus Falls, MN",2020-07-01,1,2,1,0,4,28,5
22260,"Fergus Falls, MN",2020-08-01,0,3,0,0,3,31,5
22260,"Fergus Falls, MN",2020-09-01,2,1,0,0,3,34,7
22260,"Fergus Falls, MN",2020-10-01,2,4,0,0,6,40,9
22260,"Fergus Falls, MN",2020-11-01,2,3,0,0,5,45,11
22260,"Fergus Falls, MN",2020-12-01,1,1,0,0,2,47,12
22260,"Fergus Falls, MN",2021-01-01,2,8,2,0,12,59,14
22260,"Fergus Falls, MN",2021-02-01,4,3,2,0,9,68,18
22260,"Fergus Falls, MN",2021-03-01,1,4,1,0,6,74,19
22260,"Fergus Falls, MN",2021-04-01,0,1,1,0,2,76,19
22260,"Fergus Falls, MN",2021-05-01,6,7,3,0,16,92,25
22260,"Fergus Falls, MN",2021-06-01,4,16,4,1,25,117,29
22260,"Fergus Falls, MN",2021-07-01,4,10,2,0,16,133,33
22260,"Fergus Falls, MN",2021-08-01,4,10,1,0,15,148,37
22260,"Fergus Falls, MN",2021-09-01,8,9,2,0,19,167,45
22260,"Fergus Falls, MN",2021-10-01,6,10,5,0,21,188,51
22260,"Fergus Falls, MN",2021-11-01,6,15,4,0,25,213,57
22260,"Fergus Falls, MN",2021-12-01,7,14,3,0,24,237,64
22260,"Fergus Falls, MN",2022-01-01,7,10,4,0,21,258,71
22260,"Fergus Falls, MN",2022-02-01,6,9,1,0,16,274,77
22260,"Fergus Falls, MN",2022-03-01,2,6,9,1,18,292,79
22260,"Fergus Falls, MN",2022-04-01,4,10,2,0,16,308,83
22260,"Fergus Falls, MN",2022-05-01,3,5,1,0,9,317,86
22260,"Fergus Falls, MN",2022-06-01,7,6,1,0,14,331,93
22260,"Fergus Falls, MN",2022-07-01,3,3,2,0,8,339,96
22260,"Fergus Falls, MN",2022-08-01,7,10,0,0,17,356,103
22260,"Fergus Falls, MN",2022-09-01,6,9,0,1,16,372,109
22260,"Fergus Falls, MN",2022-10-01,5,5,1,0,11,383,114
22260,"Fergus Falls, MN",2022-11-01,8,8,4,1,21,404,122
22260,"Fergus Falls, MN",2022-12-01,4,3,1,0,8,412,126
22260,"Fergus Falls, MN",2023-01-01,3,8,0,0,11,423,129
22260,"Fergus Falls, MN",2023-02-01,10,10,3,0,23,446,139
22260,"Fergus Falls, MN",2023-03-01,8,10,3,0,21,467,147
22260,"Fergus Falls, MN",2023-04-01,4,9,0,1,14,481,151
22260,"Fergus Falls, MN",2023-05-01,8,0,2,0,10,491,159
22260,"Fergus Falls, MN",2023-06-01,4,9,2,0,15,506,163
22260,"Fergus Falls, MN",2023-07-01,7,4,1,0,12,518,170
22260,"Fergus Falls, MN",2023-08-01,8,2,2,0,12,530,178
22260,"Fergus Falls, MN",2023-09-01,4,10,1,1,16,546,182
22260,"Fergus Falls, MN",2023-10-01,3,10,1,0,14,560,185
22260,"Fergus Falls, MN",2023-11-01,11,5,4,0,20,580,196
22260,"Fergus Falls, MN",2023-12-01,7,11,1,0,19,599,203
22260,"Fergus Falls, MN",2024-01-01,9,7,7,0,23,622,212
22260,"Fergus Falls, MN",2024-02-01,6,15,3,0,24,646,218
22260,"Fergus Falls, MN",2024-03-01,5,13,3,1,22,668,223
22260,"Fergus Falls, MN",2024-04-01,2,12,5,0,19,687,225
22260,"Fergus Falls, MN",2024-05-01,6,19,3,2,30,717,231
22260,"Fergus Falls, MN",2024-06-01,5,8,2,0,15,732,236
22260,"Fergus Falls, MN",2024-07-01,3,14,3,0,20,752,239
22260,"Fergus Falls, MN",2024-08-01,7,25,1,1,34,786,246
22260,"Fergus Falls, MN",2024-09-01,8,14,2,0,24,810,254
22260,"Fergus Falls, MN",2024-10-01,5,13,3,1,22,832,259
22260,"Fergus Falls, MN",2024-11-01,7,11,2,1,21,853,266
22260,"Fergus Falls, MN",2024-12-01,10,17,4,2,33,886,276
22260,"Fergus Falls, MN",2025-01-01,8,23,3,0,34,920,284
22260,"Fergus Falls, MN",2025-02-01,6,8,1,0,15,935,290
22260,"Fergus Falls, MN",2025-03-01,7,14,2,1,24,959,297
22260,"Fergus Falls, MN",2025-04-01,7,9,4,0,20,979,304
22260,"Fergus Falls, MN",2025-05-01,7,8,2,0,17,996,311
22260,"Fergus Falls, MN",2025-06-01,8,10,2,0,20,1016,319
22260,"Fergus Falls, MN",2025-07-01,3,6,1,0,10,1026,322
22260,"Fergus Falls, MN",2025-08-01,1,8,2,0,11,1037,323
49020,"Winchester, VA-WV",2019-01-01,0,12,0,0,12,12,0
49020,"Winchester, VA-WV",2019-02-01,0,12,2,1,15,27,0
49020,"Winchester, VA-WV",2019-03-01,2,38,16,1,57,84,2
49020,"Winchester, VA-WV",2019-04-01,2,69,11,2,84,168,4
49020,"Winchester, VA-WV",2019-05-01,2,67,15,1,85,253,6
49020,"Winchester, VA-WV",2019-06-01,6,47,12,2,67,320,12
49020,"Winchester, VA-WV",2019-07-01,3,49,9,1,62,382,15
49020,"Winchester, VA-WV",2019-08-01,4,47,9,3,63,445,19
49020,"Winchester, VA-WV",2019-09-01,8,41,7,1,57,502,27
49020,"Winchester, VA-WV",2019-10-01,1,43,10,0,54,556,28
49020,"Winchester, VA-WV",2019-11-01,4,31,5,0,40,596,32
49020,"Winchester, VA-WV",2019-12-01,4,45,9,2,60,656,36
49020,"Winchester, VA-WV",2020-01-01,7,46,11,4,68,724,43
49020,"Winchester, VA-WV",2020-02-01,8,33,11,2,54,778,51
49020,"Winchester, VA-WV",2020-03-01,15,73,16,0,104,882,66
49020,"Winchester, VA-WV",2020-04-01,32,137,26,5,200,1082,98
49020,"Winchester, VA-WV",2020-05-01,54,144,21,6,225,1307,152
49020,"Winchester, VA-WV",2020-06-01,19,70,11,1,101,1408,171
49020,"Winchester, VA-WV",2020-07-01,43,126,20,3,192,1600,214
49020,"Winchester, VA-WV",2020-08-01,47,168,30,3,248,1848,261
49020,"Winchester, VA-WV",2020-09-01,23,102,23,3,151,1999,284
49020,"Winchester, VA-WV",2020-10-01,25,78,15,0,118,2117,309
49020,"Winchester, VA-WV",2020-11-01,25,77,15,1,118,2235,334
49020,"Winchester, VA-WV",2020-12-01,34,56,15,2,107,2342,368
49020,"Winchester, VA-WV",2021-01-01,48,115,30,5,198,2540,416
49020,"Winchester, VA-WV",2021-02-01,24,95,26,2,147,2687,440
49020,"Winchester, VA-WV",2021-03-01,58,148,45,3,254,2941,498
49020,"Winchester, VA-WV",2021-04-01,61,156,41,3,261,3202,559
49020,"Winchester, VA-WV",2021-05-01,64,104,20,5,193,3395,623
49020,"Winchester, VA-WV",2021-06-01,31,106,30,1,168,3563,654
49020,"Winchester, VA-WV",2021-07-01,31,97,27,3,158,3721,685
49020,"Winchester, VA-WV",2021-08-01,23,95,25,2,145,3866,708
49020,"Winchester, VA-WV",2021-09-01,44,108,37,3,192,4058,752
49020,"Winchester, VA-WV",2021-10-01,26,77,30,2,135,4193,778
49020,"Winchester, VA-WV",2021-11-01,31,73,27,4,135,4328,809
49020,"Winchester, VA-WV",2021-12-01,58,112,36,2,208,4536,867
49020,"Winchester, VA-WV",2022-01-01,81,122,40,2,245,4781,948
49020,"Winchester, VA-WV",2022-02-01,45,76,29,0,150,4931,993
49020,"Winchester, VA-WV",2022-03-01,42,117,39,2,200,5131,1035
49020,"Winchester, VA-WV",2022-04-01,36,86,27,6,155,5286,1071
49020,"Winchester, VA-WV",2022-05-01,53,105,36,1,195,5481,1124
49020,"Winchester, VA-WV",2022-06-01,47,85,21,3,156,5637,1171
49020,"Winchester, VA-WV",2022-07-01,29,76,23,1,129,5766,1200
49020,"Winchester, VA-WV",2022-08-01,61,125,33,5,224,5990,1261
49020,"Winchester, VA-WV",2022-09-01,65,111,38,1,215,6205,1326
49020,"Winchester, VA-WV",2022-10-01,37,103,29,4,173,6378,1363
49020,"Winchester, VA-WV",2022-11-01,65,103,35,1,204,6582,1428
49020,"Winchester, VA-WV",2022-12-01,71,116,26,0,213,6795,1499
49020,"Winchester, VA-WV",2023-01-01,59,112,31,3,205,7000,1558
49020,"Winchester, VA-WV",2023-02-01,60,97,33,4,194,7194,1618
49020,"Winchester, VA-WV",2023-03-01,83,128,42,5,258,7452,1701
49020,"Winchester, VA-WV",2023-04-01,48,87,20,6,161,7613,1749
49020,"Winchester, VA-WV",2023-05-01,49,59,19,2,129,7742,1798
49020,"Winchester, VA-WV",2023-06-01,48,53,20,2,123,7865,1846
49020,"Winchester, VA-WV",2023-07-01,39,52,20,2,113,7978,1885
49020,"Winchester, VA-WV",2023-08-01,42,61,23,2,128,8106,1927
49020,"Winchester, VA-WV",2023-09-01,47,51,32,2,132,8238,1974
49020,"Winchester, VA-WV",2023-10-01,56,86,30,2,174,8412,2030
49020,"Winchester, VA-WV",2023-11-01,67,106,45,4,222,8634,2097
49020,"Winchester, VA-WV",2023-12-01,86,96,28,2,212,8846,2183
49020,"Winchester, VA-WV",2024-01-01,76,113,60,5,254,9100,2259
49020,"Winchester, VA-WV",2024-02-01,85,108,36,3,232,9332,2344
49020,"Winchester, VA-WV",2024-03-01,85,106,33,3,227,9559,2429
49020,"Winchester, VA-WV",2024-04-01,93,81,17,4,195,9754,2522
49020,"Winchester, VA-WV",2024-05-01,61,90,30,0,181,9935,2583
49020,"Winchester, VA-WV",2024-06-01,60,73,38,2,173,10108,2643
49020,"Winchester, VA-WV",2024-07-01,52,77,20,2,151,10259,2695
49020,"Winchester, VA-WV",2024-08-01,31,41,16,2,90,10349,2726
49020,"Winchester, VA-WV",2024-09-01,55,79,25,2,161,10510,2781
49020,"Winchester, VA-WV",2024-10-01,77,127,38,1,243,10753,2858
49020,"Winchester, VA-WV",2024-11-01,76,102,32,4,214,10967,2934
49020,"Winchester, VA-WV",2024-12-01,87,110,30,6,233,11200,3021
49020,"Winchester, VA-WV",2025-01-01,79,90,22,4,195,11395,3100
49020,"Winchester, VA-WV",2025-02-01,80,89,19,1,189,11584,3180
49020,"Winchester, VA-WV",2025-03-01,81,96,29,3,209,11793,3261
49020,"Winchester, VA-WV",2025-04-01,89,103,24,3,219,12012,3350
49020,"Winchester, VA-WV",2025-05-01,107,101,29,3,240,12252,3457
49020,"Winchester, VA-WV",2025-06-01,95,76,30,1,202,12454,3552
49020,"Winchester, VA-WV",2025-07-01,69,64,19,3,155,12609,3621
49020,"Winchester, VA-WV",2025-08-01,51,68,24,1,144,12753,3672
49020,"Winchester, VA-WV",2025-09-01,0,4,3,0,7,12760,3672
23580,"Gainesville, GA",2019-01-01,1,32,6,0,39,39,1
23580,"Gainesville, GA",2019-02-01,0,29,9,1,39,78,1
23580,"Gainesville, GA",2019-03-01,2,50,20,0,72,150,3
23580,"Gainesville, GA",2019-04-01,2,68,21,1,92,242,5
23580,"Gainesville, GA",2019-05-01,2,67,25,5,99,341,7
23580,"Gainesville, GA",2019-06-01,0,34,4,3,41,382,7
23580,"Gainesville, GA",2019-07-01,2,51,18,1,72,454,9
23580,"Gainesville, GA",2019-08-01,6,63,15,1,85,539,15
23580,"Gainesville, GA",2019-09-01,4,63,21,0,88,627,19
23580,"Gainesville, GA",2019-10-01,5,80,16,1,102,729,24
23580,"Gainesville, GA",2019-11-01,9,57,14,2,82,811,33
23580,"Gainesville, GA",2019-12-01,2,33,8,1,44,855,35
23580,"Gainesville, GA",2020-01-01,9,60,17,0,86,941,44
23580,"Gainesville, GA",2020-02-01,7,57,15,2,81,1022,51
23580,"Gainesville, GA",2020-03-01,19,83,25,2,129,1151,70
23580,"Gainesville, GA",2020-04-01,24,100,30,2,156,1307,94
23580,"Gainesville, GA",2020-05-01,57,162,26,4,249,1556,151
23580,"Gainesville, GA",2020-06-01,50,167,30,3,250,1806,201
23580,"Gainesville, GA",2020-07-01,63,210,49,7,329,2135,264
23580,"Gainesville, GA",2020-08-01,46,224,49,4,323,2458,310
23580,"Gainesville, GA",2020-09-01,50,197,50,1,298,2756,360
23580,"Gainesville, GA",2020-10-01,32,171,31,1,235,2991,392
23580,"Gainesville, GA",2020-11-01,33,116,19,3,171,3162,425
23580,"Gainesville, GA",2020-12-01,42,174,37,2,255,3417,467
23580,"Gainesville, GA",2021-01-01,70,196,41,5,312,3729,537
23580,"Gainesville, GA",2021-02-01,59,151,33,3,246,3975,596
23580,"Gainesville, GA",2021-03-01,71,171,53,2,297,4272,667
23580,"Gainesville, GA",2021-04-01,66,247,47,3,363,4635,733
23580,"Gainesville, GA",2021-05-01,86,253,57,5,401,5036,819
23580,"Gainesville, GA",2021-06-01,80,276,54,8,418,5454,899
23580,"Gainesville, GA",2021-07-01,65,248,69,5,387,5841,964
23580,"Gainesville, GA",2021-08-01,61,271,52,9,393,6234,1025
23580,"Gainesville, GA",2021-09-01,50,187,55,5,297,6531,1075
23580,"Gainesville, GA",2021-10-01,55,210,46,8,319,6850,1130
23580,"Gainesville, GA",2021-11-01,66,178,43,7,294,7144,1196
23580,"Gainesville, GA",2021-12-01,68,188,39,5,300,7444,1264
23580,"Gainesville, GA",2022-01-01,81,173,60,4,318,7762,1345
23580,"Gainesville, GA",2022-02-01,35,90,25,5,155,7917,1380
23580,"Gainesville, GA",2022-03-01,70,170,65,7,312,8229,1450
23580,"Gainesville, GA",2022-04-01,79,179,53,4,315,8544,1529
23580,"Gainesville, GA",2022-05-01,78,187,47,6,318,8862,1607
23580,"Gainesville, GA",2022-06-01,46,115,47,2,210,9072,1653
23580,"Gainesville, GA",2022-07-01,33,69,19,0,121,9193,1686
23580,"Gainesville, GA",2022-08-01,34,128,33,3,198,9391,1720
23580,"Gainesville, GA",2022-09-01,60,133,41,7,241,9632,1780
23580,"Gainesville, GA",2022-10-01,70,182,56,2,310,9942,1850
23580,"Gainesville, GA",2022-11-01,73,164,52,5,294,10236,1923
23580,"Gainesville, GA",2022-12-01,83,143,45,7,278,10514,2006
23580,"Gainesville, GA",2023-01-01,85,161,44,3,293,10807,2091
23580,"Gainesville, GA",2023-02-01,58,121,46,9,234,11041,2149
23580,"Gainesville, GA",2023-03-01,79,175,56,8,318,11359,2228
23580,"Gainesville, GA",2023-04-01,68,157,67,1,293,11652,2296
23580,"Gainesville, GA",2023-05-01,71,103,37,5,216,11868,2367
23580,"Gainesville, GA",2023-06-01,37,68,19,4,128,11996,2404
23580,"Gainesville, GA",2023-07-01,35,56,18,2,111,12107,2439
23580,"Gainesville, GA",2023-08-01,67,122,37,1,227,12334,2506
23580,"Gainesville, GA",2023-09-01,72,174,50,5,301,12635,2578
23580,"Gainesville, GA",2023-10-01,87,168,51,5,311,12946,2665
23580,"Gainesville, GA",2023-11-01,85,155,51,3,294,13240,2750
23580,"Gainesville, GA",2023-12-01,98,150,52,8,308,13548,2848
23580,"Gainesville, GA",2024-01-01,82,159,64,6,311,13859,2930
23580,"Gainesville, GA",2024-02-01,86,157,51,2,296,14155,3016
23580,"Gainesville, GA",2024-03-01,105,166,63,6,340,14495,3121
23580,"Gainesville, GA",2024-04-01,87,154,53,2,296,14791,3208
23580,"Gainesville, GA",2024-05-01,85,162,27,4,278,15069,3293
23580,"Gainesville, GA",2024-06-01,88,157,40,3,288,15357,3381
23580,"Gainesville, GA",2024-07-01,28,86,15,4,133,15490,3409
23580,"Gainesville, GA",2024-08-01,65,205,62,5,337,15827,3474
23580,"Gainesville, GA",2024-09-01,84,215,88,8,395,16222,3558
23580,"Gainesville, GA",2024-10-01,97,191,52,9,349,16571,3655
23580,"Gainesville, GA",2024-11-01,92,172,55,2,321,16892,3747
23580,"Gainesville, GA",2024-12-01,101,171,55,6,333,17225,3848
23580,"Gainesville, GA",2025-01-01,126,153,62,3,344,17569,3974
23580,"Gainesville, GA",2025-02-01,87,128,38,3,256,17825,4061
23580,"Gainesville, GA",2025-03-01,89,145,34,6,274,18099,4150
23580,"Gainesville, GA",2025-04-01,87,162,46,3,298,18397,4237
23580,"Gainesville, GA",2025-05-01,86,162,54,6,308,18705,4323
23580,"Gainesville, GA",2025-06-01,98,150,46,5,299,19004,4421
23580,"Gainesville, GA",2025-07-01,85,122,36,1,244,19248,4506
23580,"Gainesville, GA",2025-08-01,69,99,29,3,200,19448,4575
23580,"Gainesville, GA",2025-09-01,1,3,0,0,4,19452,4576
36100,"Ocala, FL",2019-01-01,1,40,20,1,62,62,1
36100,"Ocala, FL",2019-02-01,1,40,25,6,72,134,2
36100,"Ocala, FL",2019-03-01,1,60,23,4,88,222,3
36100,"Ocala, FL",2019-04-01,2,70,22,2,96,318,5
36100,"Ocala, FL",2019-05-01,1,59,24,1,85,403,6
36100,"Ocala, FL",2019-06-01,1,57,20,2,80,483,7
36100,"Ocala, FL",2019-07-01,3,52,25,4,84,567,10
36100,"Ocala, FL",2019-08-01,1,66,20,1,88,655,11
36100,"Ocala, FL",2019-09-01,2,52,20,1,75,730,13
36100,"Ocala, FL",2019-10-01,3,46,13,1,63,793,16
36100,"Ocala, FL",2019-11-01,4,57,16,3,80,873,20
36100,"Ocala, FL",2019-12-01,6,45,17,2,70,943,26
36100,"Ocala, FL",2020-01-01,6,56,19,1,82,1025,32
36100,"Ocala, FL",2020-02-01,3,45,22,3,73,1098,35
36100,"Ocala, FL",2020-03-01,11,72,22,4,109,1207,46
36100,"Ocala, FL",2020-04-01,25,133,58,5,221,1428,71
36100,"Ocala, FL",2020-05-01,32,162,57,6,257,1685,103
36100,"Ocala, FL",2020-06-01,13,68,28,1,110,1795,116
36100,"Ocala, FL",2020-07-01,30,157,42,9,238,2033,146
36100,"Ocala, FL",2020-08-01,47,193,63,12,315,2348,193
36100,"Ocala, FL",2020-09-01,36,164,33,9,242,2590,229
36100,"Ocala, FL",2020-10-01,28,105,30,3,166,2756,257
36100,"Ocala, FL",2020-11-01,27,95,26,7,155,2911,284
36100,"Ocala, FL",2020-12-01,37,96,30,2,165,3076,321
36100,"Ocala, FL",2021-01-01,89,222,71,10,392,3468,410
36100,"Ocala, FL",2021-02-01,49,181,62,8,300,3768,459
36100,"Ocala, FL",2021-03-01,85,220,74,13,392,4160,544
36100,"Ocala, FL",2021-04-01,100,328,94,10,532,4692,644
36100,"Ocala, FL",2021-05-01,100,338,86,9,533,5225,744
36100,"Ocala, FL",2021-06-01,48,166,57,4,275,5500,792
36100,"Ocala, FL",2021-07-01,61,224,67,14,366,5866,853
36100,"Ocala, FL",2021-08-01,75,320,112,13,520,6386,928
36100,"Ocala, FL",2021-09-01,73,262,69,8,412,6798,1001
36100,"Ocala, FL",2021-10-01,35,130,37,1,203,7001,1036
36100,"Ocala, FL",2021-11-01,48,216,52,7,323,7324,1084
36100,"Ocala, FL",2021-12-01,86,236,84,10,416,7740,1170
36100,"Ocala, FL",2022-01-01,99,241,76,11,427,8167,1269
36100,"Ocala, FL",2022-02-01,42,161,58,6,267,8434,1311
36100,"Ocala, FL",2022-03-01,98,252,102,15,467,8901,1409
36100,"Ocala, FL",2022-04-01,90,259,89,13,451,9352,1499
36100,"Ocala, FL",2022-05-01,67,224,64,8,363,9715,1566
36100,"Ocala, FL",2022-06-01,41,117,40,4,202,9917,1607
36100,"Ocala, FL",2022-07-01,66,134,38,4,242,10159,1673
36100,"Ocala, FL",2022-08-01,55,113,52,4,224,10383,1728
36100,"Ocala, FL",2022-09-01,51,135,48,7,241,10624,1779
36100,"Ocala, FL",2022-10-01,104,314,99,13,530,11154,1883
36100,"Ocala, FL",2022-11-01,77,196,82,13,368,11522,1960
36100,"Ocala, FL",2022-12-01,100,216,73,8,397,11919,2060
36100,"Ocala, FL",2023-01-01,100,198,63,12,373,12292,2160
36100,"Ocala, FL",2023-02-01,61,149,67,7,284,12576,2221
36100,"Ocala, FL",2023-03-01,130,223,85,12,450,13026,2351
36100,"Ocala, FL",2023-04-01,89,196,86,11,382,13408,2440
36100,"Ocala, FL",2023-05-01,51,120,28,2,201,13609,2491
36100,"Ocala, FL",2023-06-01,28,86,20,2,136,13745,2519
36100,"Ocala, FL",2023-07-01,48,133,50,5,236,13981,2567
36100,"Ocala, FL",2023-08-01,39,99,48,4,190,14171,2606
36100,"Ocala, FL",2023-09-01,55,160,65,5,285,14456,2661
36100,"Ocala, FL",2023-10-01,71,145,60,4,280,14736,2732
36100,"Ocala, FL",2023-11-01,103,195,82,10,390,15126,2835
36100,"Ocala, FL",2023-12-01,122,221,93,5,441,15567,2957
36100,"Ocala, FL",2024-01-01,112,215,99,16,442,16009,3069
36100,"Ocala, FL",2024-02-01,124,183,77,10,394,16403,3193
36100,"Ocala, FL",2024-03-01,135,216,73,8,432,16835,3328
36100,"Ocala, FL",2024-04-01,132,210,56,9,407,17242,3460
36100,"Ocala, FL",2024-05-01,83,149,44,7,283,17525,3543
36100,"Ocala, FL",2024-06-01,47,131,42,6,226,17751,3590
36100,"Ocala, FL",2024-07-01,73,142,58,6,279,18030,3663
36100,"Ocala, FL",2024-08-01,37,131,40,7,215,18245,3700
36100,"Ocala, FL",2024-09-01,86,166,78,10,340,18585,3786
36100,"Ocala, FL",2024-10-01,91,192,56,7,346,18931,3877
36100,"Ocala, FL",2024-11-01,95,209,64,7,375,19306,3972
36100,"Ocala, FL",2024-12-01,107,177,71,10,365,19671,4079
36100,"Ocala, FL",2025-01-01,118,201,71,9,399,20070,4197
36100,"Ocala, FL",2025-02-01,93,146,60,11,310,20380,4290
36100,"Ocala, FL",2025-03-01,130,178,62,9,379,20759,4420
36100,"Ocala, FL",2025-04-01,124,173,53,7,357,21116,4544
36100,"Ocala, FL",2025-05-01,147,212,85,13,457,21573,4691
36100,"Ocala, FL",2025-06-01,111,220,78,6,415,21988,4802
36100,"Ocala, FL",2025-07-01,104,203,72,7,386,22374,4906
36100,"Ocala, FL",2025-08-01,106,196,63,11,376,22750,5012
36100,"Ocala, FL",2025-09-01,2,1,1,0,4,22754,5014
25580,"Hastings, NE",2019-01-01,0,0,1,0,1,1,0
25580,"Hastings, NE",2019-03-01,0,2,0,1,3,4,0
25580,"Hastings, NE",2019-04-01,0,1,2,0,3,7,0
25580,"Hastings, NE",2019-05-01,0,3,1,0,4,11,0
25580,"Hastings, NE",2019-06-01,0,2,0,0,2,13,0
25580,"Hastings, NE",2019-07-01,1,3,0,0,4,17,1
25580,"Hastings, NE",2019-08-01,0,5,0,0,5,22,1
25580,"Hastings, NE",2019-09-01,0,1,0,0,1,23,1
25580,"Hastings, NE",2019-11-01,0,2,0,0,2,25,1
25580,"Hastings, NE",2019-12-01,0,2,1,0,3,28,1
25580,"Hastings, NE",2020-01-01,0,4,3,0,7,35,1
25580,"Hastings, NE",2020-02-01,0,2,0,0,2,37,1
25580,"Hastings, NE",2020-03-01,1,6,2,0,9,46,2
25580,"Hastings, NE",2020-04-01,2,12,0,0,14,60,4
25580,"Hastings, NE",2020-05-01,0,8,1,0,9,69,4
25580,"Hastings, NE",2020-06-01,0,2,1,0,3,72,4
25580,"Hastings, NE",2020-07-01,3,8,1,0,12,84,7
25580,"Hastings, NE",2020-08-01,2,3,2,0,7,91,9
25580,"Hastings, NE",2020-09-01,1,4,0,0,5,96,10
25580,"Hastings, NE",2020-10-01,4,4,1,0,9,105,14
25580,"Hastings, NE",2020-11-01,4,5,0,0,9,114,18
25580,"Hastings, NE",2020-12-01,1,8,0,0,9,123,19
25580,"Hastings, NE",2021-01-01,4,4,3,0,11,134,23
25580,"Hastings, NE",2021-02-01,7,11,2,0,20,154,30
25580,"Hastings, NE",2021-03-01,6,12,3,0,21,175,36
25580,"Hastings, NE",2021-04-01,5,18,3,1,27,202,41
25580,"Hastings, NE",2021-05-01,12,16,5,2,35,237,53
25580,"Hastings, NE",2021-06-01,8,19,5,0,32,269,61
25580,"Hastings, NE",2021-07-01,6,14,8,1,29,298,67
25580,"Hastings, NE",2021-08-01,12,14,4,1,31,329,79
25580,"Hastings, NE",2021-09-01,5,20,6,0,31,360,84
25580,"Hastings, NE",2021-10-01,10,16,3,0,29,389,94
25580,"Hastings, NE",2021-11-01,11,20,3,0,34,423,105
25580,"Hastings, NE",2021-12-01,12,21,5,0,38,461,117
25580,"Hastings, NE",2022-01-01,15,23,5,1,44,505,132
25580,"Hastings, NE",2022-02-01,15,20,7,0,42,547,147
25580,"Hastings, NE",2022-03-01,20,32,4,0,56,603,167
25580,"Hastings, NE",2022-04-01,10,21,6,0,37,640,177
25580,"Hastings, NE",2022-05-01,13,21,2,0,36,676,190
25580,"Hastings, NE",2022-06-01,11,26,9,2,48,724,201
25580,"Hastings, NE",2022-07-01,7,17,6,0,30,754,208
25580,"Hastings, NE",2022-08-01,14,24,6,0,44,798,222
25580,"Hastings, NE",2022-09-01,6,22,9,0,37,835,228
25580,"Hastings, NE",2022-10-01,12,22,6,1,41,876,240
25580,"Hastings, NE",2022-11-01,9,18,11,0,38,914,249
25580,"Hastings, NE",2022-12-01,12,27,12,1,52,966,261
25580,"Hastings, NE",2023-01-01,15,20,7,0,42,1008,276
25580,"Hastings, NE",2023-02-01,6,18,6,1,31,1039,282
25580,"Hastings, NE",2023-03-01,18,29,12,0,59,1098,300
25580,"Hastings, NE",2023-04-01,12,15,7,0,34,1132,312
25580,"Hastings, NE",2023-05-01,9,20,5,0,34,1166,321
25580,"Hastings, NE",2023-06-01,8,9,7,0,24,1190,329
25580,"Hastings, NE",2023-07-01,8,20,6,0,34,1224,337
25580,"Hastings, NE",2023-08-01,8,10,1,1,20,1244,345
25580,"Hastings, NE",2023-09-01,11,17,5,0,33,1277,356
25580,"Hastings, NE",2023-10-01,19,27,6,0,52,1329,375
25580,"Hastings, NE",2023-11-01,11,28,11,0,50,1379,386
25580,"Hastings, NE",2023-12-01,14,27,11,0,52,1431,400
25580,"Hastings, NE",2024-01-01,12,26,9,1,48,1479,412
25580,"Hastings, NE",2024-02-01,15,18,9,1,43,1522,427
25580,"Hastings, NE",2024-03-01,20,15,4,1,40,1562,447
25580,"Hastings, NE",2024-04-01,5,15,6,0,26,1588,452
25580,"Hastings, NE",2024-05-01,7,13,5,0,25,1613,459
25580,"Hastings, NE",2024-06-01,2,9,3,0,14,1627,461
25580,"Hastings, NE",2024-07-01,5,10,2,0,17,1644,466
25580,"Hastings, NE",2024-08-01,5,17,3,0,25,1669,471
25580,"Hastings, NE",2024-09-01,12,26,12,0,50,1719,483
25580,"Hastings, NE",2024-10-01,18,33,7,0,58,1777,501
25580,"Hastings, NE",2024-11-01,20,27,8,4,59,1836,521
25580,"Hastings, NE",2024-12-01,17,24,9,1,51,1887,538
25580,"Hastings, NE",2025-01-01,22,20,8,1,51,1938,560
25580,"Hastings, NE",2025-02-01,20,17,6,0,43,1981,580
25580,"Hastings, NE",2025-03-01,13,24,3,1,41,2022,593
25580,"Hastings, NE",2025-04-01,20,24,7,1,52,2074,613
25580,"Hastings, NE",2025-05-01,14,26,1,0,41,2115,627
25580,"Hastings, NE",2025-06-01,12,20,4,0,36,2151,639
25580,"Hastings, NE",2025-07-01,6,18,5,1,30,2181,645
25580,"Hastings, NE",2025-08-01,18,20,5,0,43,2224,663
25580,"Hastings, NE",2025-09-01,3,0,0,0,3,2227,666
18700,"Corvallis, OR",2019-01-01,1,9,4,0,14,14,1
18700,"Corvallis, OR",2019-02-01,1,29,5,0,35,49,2
18700,"Corvallis, OR",2019-03-01,4,26,4,0,34,83,6
18700,"Corvallis, OR",2019-04-01,1,35,4,0,40,123,7
18700,"Corvallis, OR",2019-05-01,3,24,11,0,38,161,10
18700,"Corvallis, OR",2019-06-01,5,27,3,1,36,197,15
18700,"Corvallis, OR",2019-07-01,1,32,6,0,39,236,16
18700,"Corvallis, OR",2019-08-01,3,31,4,0,38,274,19
18700,"Corvallis, OR",2019-09-01,4,41,4,0,49,323,23
18700,"Corvallis, OR",2019-10-01,11,36,6,0,53,376,34
18700,"Corvallis, OR",2019-11-01,9,39,6,3,57,433,43
18700,"Corvallis, OR",2019-12-01,4,42,5,0,51,484,47
18700,"Corvallis, OR",2020-01-01,4,43,12,1,60,544,51
18700,"Corvallis, OR",2020-02-01,9,48,11,1,69,613,60
18700,"Corvallis, OR",2020-03-01,11,44,9,2,66,679,71
18700,"Corvallis, OR",2020-04-01,54,134,15,2,205,884,125
18700,"Corvallis, OR",2020-05-01,96,155,11,4,266,1150,221
18700,"Corvallis, OR",2020-06-01,63,113,14,0,190,1340,284
18700,"Corvallis, OR",2020-07-01,62,136,17,1,216,1556,346
18700,"Corvallis, OR",2020-08-01,84,180,11,3,278,1834,430
18700,"Corvallis, OR",2020-09-01,79,151,18,2,250,2084,509
18700,"Corvallis, OR",2020-10-01,73,144,25,1,243,2327,582
18700,"Corvallis, OR",2020-11-01,64,116,15,3,198,2525,646
18700,"Corvallis, OR",2020-12-01,38,56,4,0,98,2623,684
18700,"Corvallis, OR",2021-01-01,62,136,21,2,221,2844,746
18700,"Corvallis, OR",2021-02-01,73,114,15,4,206,3050,819
18700,"Corvallis, OR",2021-03-01,95,142,19,4,260,3310,914
18700,"Corvallis, OR",2021-04-01,86,102,19,1,208,3518,1000
18700,"Corvallis, OR",2021-05-01,66,102,19,3,190,3708,1066
18700,"Corvallis, OR",2021-06-01,66,118,20,1,205,3913,1132
18700,"Corvallis, OR",2021-07-01,83,126,21,1,231,4144,1215
18700,"Corvallis, OR",2021-08-01,65,90,15,0,170,4314,1280
18700,"Corvallis, OR",2021-09-01,63,147,24,6,240,4554,1343
18700,"Corvallis, OR",2021-10-01,37,82,22,4,145,4699,1380
18700,"Corvallis, OR",2021-11-01,54,79,8,0,141,4840,1434
18700,"Corvallis, OR",2021-12-01,82,83,12,2,179,5019,1516
18700,"Corvallis, OR",2022-01-01,110,163,43,3,319,5338,1626
18700,"Corvallis, OR",2022-02-01,84,114,34,1,233,5571,1710
18700,"Corvallis, OR",2022-03-01,51,91,21,3,166,5737,1761
18700,"Corvallis, OR",2022-04-01,55,54,19,0,128,5865,1816
18700,"Corvallis, OR",2022-05-01,74,88,17,4,183,6048,1890
18700,"Corvallis, OR",2022-06-01,68,67,16,1,152,6200,1958
18700,"Corvallis, OR",2022-07-01,71,61,13,1,146,6346,2029
18700,"Corvallis, OR",2022-08-01,54,52,5,6,117,6463,2083
18700,"Corvallis, OR",2022-09-01,64,77,25,4,170,6633,2147
18700,"Corvallis, OR",2022-10-01,76,64,11,2,153,6786,2223
18700,"Corvallis, OR",2022-11-01,64,87,17,2,170,6956,2287
18700,"Corvallis, OR",2022-12-01,76,79,21,2,178,7134,2363
18700,"Corvallis, OR",2023-01-01,86,93,23,2,204,7338,2449
18700,"Corvallis, OR",2023-02-01,77,80,18,2,177,7515,2526
18700,"Corvallis, OR",2023-03-01,79,87,24,7,197,7712,2605
18700,"Corvallis, OR",2023-04-01,76,61,18,0,155,7867,2681
18700,"Corvallis, OR",2023-05-01,56,62,16,0,134,8001,2737
18700,"Corvallis, OR",2023-06-01,53,44,14,1,112,8113,2790
18700,"Corvallis, OR",2023-07-01,58,37,16,1,112,8225,2848
18700,"Corvallis, OR",2023-08-01,49,39,13,2,103,8328,2897
18700,"Corvallis, OR",2023-09-01,64,62,13,2,141,8469,2961
18700,"Corvallis, OR",2023-10-01,55,59,10,2,126,8595,3016
18700,"Corvallis, OR",2023-11-01,97,80,22,4,203,8798,3113
18700,"Corvallis, OR",2023-12-01,106,69,21,1,197,8995,3219
18700,"Corvallis, OR",2024-01-01,86,86,20,5,197,9192,3305
18700,"Corvallis, OR",2024-02-01,117,60,21,4,202,9394,3422
18700,"Corvallis, OR",2024-03-01,89,58,19,0,166,9560,3511
18700,"Corvallis, OR",2024-04-01,70,49,14,1,134,9694,3581
18700,"Corvallis, OR",2024-05-01,55,47,19,0,121,9815,3636
18700,"Corvallis, OR",2024-06-01,60,45,9,1,115,9930,3696
18700,"Corvallis, OR",2024-07-01,72,54,15,1,142,10072,3768
18700,"Corvallis, OR",2024-08-01,36,33,12,0,81,10153,3804
18700,"Corvallis, OR",2024-09-01,36,44,11,3,94,10247,3840
18700,"Corvallis, OR",2024-10-01,103,66,18,0,187,10434,3943
18700,"Corvallis, OR",2024-11-01,116,57,20,1,194,10628,4059
18700,"Corvallis, OR",2024-12-01,97,52,19,2,170,10798,4156
18700,"Corvallis, OR",2025-01-01,109,54,17,2,182,10980,4265
18700,"Corvallis, OR",2025-02-01,73,65,17,2,157,11137,4338
18700,"Corvallis, OR",2025-03-01,88,49,18,2,157,11294,4426
18700,"Corvallis, OR",2025-04-01,106,43,15,0,164,11458,4532
18700,"Corvallis, OR",2025-05-01,106,52,12,3,173,11631,4638
18700,"Corvallis, OR",2025-06-01,104,53,14,1,172,11803,4742
18700,"Corvallis, OR",2025-07-01,64,41,6,1,112,11915,4806
18700,"Corvallis, OR",2025-08-01,69,29,9,0,107,12022,4875
18700,"Corvallis, OR",2025-09-01,4,1,0,0,5,12027,4879
34180,"Moses Lake, WA",2019-01-01,1,6,0,0,7,7,1
34180,"Moses Lake, WA",2019-03-01,0,3,1,0,4,11,1
34180,"Moses Lake, WA",2019-04-01,0,2,1,0,3,14,1
34180,"Moses Lake, WA",2019-05-01,0,0,1,0,1,15,1
34180,"Moses Lake, WA",2019-07-01,0,6,2,0,8,23,1
34180,"Moses Lake, WA",2019-08-01,2,21,3,2,28,51,3
34180,"Moses Lake, WA",2019-09-01,0,10,1,0,11,62,3
34180,"Moses Lake, WA",2019-10-01,0,3,3,0,6,68,3
34180,"Moses Lake, WA",2019-11-01,1,5,4,0,10,78,4
34180,"Moses Lake, WA",2019-12-01,1,7,0,0,8,86,5
34180,"Moses Lake, WA",2020-01-01,0,6,1,0,7,93,5
34180,"Moses Lake, WA",2020-02-01,0,7,4,0,11,104,5
34180,"Moses Lake, WA",2020-03-01,3,9,5,0,17,121,8
34180,"Moses Lake, WA",2020-04-01,7,17,7,1,32,153,15
34180,"Moses Lake, WA",2020-05-01,10,17,0,1,28,181,25
34180,"Moses Lake, WA",2020-06-01,3,12,6,0,21,202,28
34180,"Moses Lake, WA",2020-07-01,11,17,6,0,34,236,39
34180,"Moses Lake, WA",2020-08-01,9,14,5,1,29,265,48
34180,"Moses Lake, WA",2020-09-01,5,25,2,0,32,297,53
34180,"Moses Lake, WA",2020-10-01,5,24,6,0,35,332,58
34180,"Moses Lake, WA",2020-11-01,4,14,0,0,18,350,62
34180,"Moses Lake, WA",2020-12-01,6,16,3,0,25,375,68
34180,"Moses Lake, WA",2021-01-01,14,15,8,0,37,412,82
34180,"Moses Lake, WA",2021-02-01,9,23,1,1,34,446,91
34180,"Moses Lake, WA",2021-03-01,11,22,4,1,38,484,102
34180,"Moses Lake, WA",2021-04-01,6,23,5,2,36,520,108
34180,"Moses Lake, WA",2021-05-01,11,34,4,1,50,570,119
34180,"Moses Lake, WA",2021-06-01,16,28,5,0,49,619,135
34180,"Moses Lake, WA",2021-07-01,13,39,8,0,60,679,148
34180,"Moses Lake, WA",2021-08-01,6,19,6,0,31,710,154
34180,"Moses Lake, WA",2021-09-01,5,19,5,2,31,741,159
34180,"Moses Lake, WA",2021-10-01,5,15,2,2,24,765,164
34180,"Moses Lake, WA",2021-11-01,11,16,2,0,29,794,175
34180,"Moses Lake, WA",2021-12-01,17,19,4,0,40,834,192
34180,"Moses Lake, WA",2022-01-01,19,37,10,0,66,900,211
34180,"Moses Lake, WA",2022-02-01,10,22,7,1,40,940,221
34180,"Moses Lake, WA",2022-03-01,15,20,6,0,41,981,236
34180,"Moses Lake, WA",2022-04-01,9,37,6,1,53,1034,245
34180,"Moses Lake, WA",2022-05-01,14,26,2,2,44,1078,259
34180,"Moses Lake, WA",2022-06-01,13,12,6,0,31,1109,272
34180,"Moses Lake, WA",2022-07-01,5,23,1,1,30,1139,277
34180,"Moses Lake, WA",2022-08-01,10,33,4,0,47,1186,287
34180,"Moses Lake, WA",2022-09-01,5,27,5,1,38,1224,292
34180,"Moses Lake, WA",2022-10-01,7,28,7,1,43,1267,299
34180,"Moses Lake, WA",2022-11-01,14,19,7,1,41,1308,313
34180,"Moses Lake, WA",2022-12-01,20,31,12,0,63,1371,333
34180,"Moses Lake, WA",2023-01-01,18,34,13,1,66,1437,351
34180,"Moses Lake, WA",2023-02-01,12,23,1,1,37,1474,363
34180,"Moses Lake, WA",2023-03-01,27,25,2,0,54,1528,390
34180,"Moses Lake, WA",2023-04-01,15,25,8,0,48,1576,405
34180,"Moses Lake, WA",2023-05-01,11,18,2,1,32,1608,416
34180,"Moses Lake, WA",2023-06-01,12,17,7,0,36,1644,428
34180,"Moses Lake, WA",2023-07-01,22,25,7,0,54,1698,450
34180,"Moses Lake, WA",2023-08-01,12,12,5,0,29,1727,462
34180,"Moses Lake, WA",2023-09-01,14,18,7,0,39,1766,476
34180,"Moses Lake, WA",2023-10-01,20,23,6,1,50,1816,496
34180,"Moses Lake, WA",2023-11-01,26,21,4,1,52,1868,522
34180,"Moses Lake, WA",2023-12-01,23,27,8,0,58,1926,545
34180,"Moses Lake, WA",2024-01-01,25,28,9,0,62,1988,570
34180,"Moses Lake, WA",2024-02-01,16,28,5,0,49,2037,586
34180,"Moses Lake, WA",2024-03-01,21,32,5,1,59,2096,607
34180,"Moses Lake, WA",2024-04-01,15,17,4,0,36,2132,622
34180,"Moses Lake, WA",2024-05-01,17,28,11,0,56,2188,639
34180,"Moses Lake, WA",2024-06-01,19,25,9,0,53,2241,658
34180,"Moses Lake, WA",2024-07-01,18,32,9,1,60,2301,676
34180,"Moses Lake, WA",2024-08-01,24,29,11,1,65,2366,700
34180,"Moses Lake, WA",2024-09-01,16,30,6,0,52,2418,716
34180,"Moses Lake, WA",2024-10-01,12,29,12,1,54,2472,728
34180,"Moses Lake, WA",2024-11-01,22,24,5,0,51,2523,750
34180,"Moses Lake, WA",2024-12-01,33,37,14,2,86,2609,783
34180,"Moses Lake, WA",2025-01-01,16,32,7,0,55,2664,799
34180,"Moses Lake, WA",2025-02-01,14,16,4,2,36,2700,813
34180,"Moses Lake, WA",2025-03-01,25,22,8,1,56,2756,838
34180,"Moses Lake, WA",2025-04-01,23,35,11,2,71,2827,861
34180,"Moses Lake, WA",2025-05-01,23,33,2,0,58,2885,884
34180,"Moses Lake, WA",2025-06-01,19,13,2,0,34,2919,903
34180,"Moses Lake, WA",2025-07-01,15,18,6,0,39,2958,918
34180,"Moses Lake, WA",2025-08-01,23,19,4,0,46,3004,941
34180,"Moses Lake, WA",2025-09-01,2,0,1,0,3,3007,943
38210,"Pikeville, KY",2019-01-01,0,0,1,0,1,1,0
38210,"Pikeville, KY",2019-02-01,0,1,0,0,1,2,0
38210,"Pikeville, KY",2019-03-01,0,2,0,0,2,4,0
38210,"Pikeville, KY",2019-04-01,0,2,0,0,2,6,0
38210,"Pikeville, KY",2019-05-01,0,3,0,0,3,9,0
38210,"Pikeville, KY",2019-06-01,0,1,1,0,2,11,0
38210,"Pikeville, KY",2019-08-01,0,3,1,0,4,15,0
38210,"Pikeville, KY",2019-10-01,0,1,0,0,1,16,0
38210,"Pikeville, KY",2019-11-01,0,2,0,0,2,18,0
38210,"Pikeville, KY",2019-12-01,1,4,0,0,5,23,1
38210,"Pikeville, KY",2020-01-01,0,1,1,0,2,25,1
38210,"Pikeville, KY",2020-02-01,0,2,0,0,2,27,1
38210,"Pikeville, KY",2020-03-01,0,1,0,0,1,28,1
38210,"Pikeville, KY",2020-04-01,0,3,0,0,3,31,1
38210,"Pikeville, KY",2020-05-01,0,8,1,0,9,40,1
38210,"Pikeville, KY",2020-06-01,1,2,1,0,4,44,2
38210,"Pikeville, KY",2020-07-01,0,2,1,0,3,47,2
38210,"Pikeville, KY",2020-08-01,2,3,1,0,6,53,4
38210,"Pikeville, KY",2020-09-01,2,8,0,0,10,63,6
38210,"Pikeville, KY",2020-10-01,1,12,2,0,15,78,7
38210,"Pikeville, KY",2020-11-01,5,15,4,0,24,102,12
38210,"Pikeville, KY",2020-12-01,1,9,4,0,14,116,13
38210,"Pikeville, KY",2021-01-01,5,17,4,0,26,142,18
38210,"Pikeville, KY",2021-02-01,6,21,2,1,30,172,24
38210,"Pikeville, KY",2021-03-01,7,26,3,0,36,208,31
38210,"Pikeville, KY",2021-04-01,6,22,6,0,34,242,37
38210,"Pikeville, KY",2021-05-01,10,34,9,0,53,295,47
38210,"Pikeville, KY",2021-06-01,10,24,6,0,40,335,57
38210,"Pikeville, KY",2021-07-01,10,43,5,0,58,393,67
38210,"Pikeville, KY",2021-08-01,6,34,7,0,47,440,73
38210,"Pikeville, KY",2021-09-01,9,34,4,0,47,487,82
38210,"Pikeville, KY",2021-10-01,3,20,9,1,33,520,85
38210,"Pikeville, KY",2021-11-01,9,34,8,0,51,571,94
38210,"Pikeville, KY",2021-12-01,10,25,10,1,46,617,104
38210,"Pikeville, KY",2022-01-01,11,28,7,1,47,664,115
38210,"Pikeville, KY",2022-02-01,9,32,6,0,47,711,124
38210,"Pikeville, KY",2022-03-01,6,44,9,2,61,772,130
38210,"Pikeville, KY",2022-04-01,4,29,13,0,46,818,134
38210,"Pikeville, KY",2022-05-01,10,27,5,0,42,860,144
38210,"Pikeville, KY",2022-06-01,4,20,6,0,30,890,148
38210,"Pikeville, KY",2022-07-01,12,23,5,0,40,930,160
38210,"Pikeville, KY",2022-08-01,10,18,8,2,38,968,170
38210,"Pikeville, KY",2022-09-01,2,15,6,0,23,991,172
38210,"Pikeville, KY",2022-10-01,8,15,4,0,27,1018,180
38210,"Pikeville, KY",2022-11-01,9,25,8,1,43,1061,189
38210,"Pikeville, KY",2022-12-01,3,18,6,0,27,1088,192
38210,"Pikeville, KY",2023-01-01,11,15,5,1,32,1120,203
38210,"Pikeville, KY",2023-02-01,2,21,5,0,28,1148,205
38210,"Pikeville, KY",2023-03-01,5,29,8,1,43,1191,210
38210,"Pikeville, KY",2023-04-01,9,28,5,0,42,1233,219
38210,"Pikeville, KY",2023-05-01,10,25,6,0,41,1274,229
38210,"Pikeville, KY",2023-06-01,6,17,6,1,30,1304,235
38210,"Pikeville, KY",2023-07-01,11,28,3,0,42,1346,246
38210,"Pikeville, KY",2023-08-01,5,18,3,1,27,1373,251
38210,"Pikeville, KY",2023-09-01,8,11,7,0,26,1399,259
38210,"Pikeville, KY",2023-10-01,5,20,2,1,28,1427,264
38210,"Pikeville, KY",2023-11-01,10,17,6,1,34,1461,274
38210,"Pikeville, KY",2023-12-01,8,27,6,1,42,1503,282
38210,"Pikeville, KY",2024-01-01,26,29,4,0,59,1562,308
38210,"Pikeville, KY",2024-02-01,13,21,6,0,40,1602,321
38210,"Pikeville, KY",2024-03-01,13,17,2,1,33,1635,334
38210,"Pikeville, KY",2024-04-01,11,23,9,1,44,1679,345
38210,"Pikeville, KY",2024-05-01,10,35,13,0,58,1737,355
38210,"Pikeville, KY",2024-06-01,11,21,3,1,36,1773,366
38210,"Pikeville, KY",2024-07-01,14,29,8,1,52,1825,380
38210,"Pikeville, KY",2024-08-01,11,27,8,1,47,1872,391
38210,"Pikeville, KY",2024-09-01,12,31,8,2,53,1925,403
38210,"Pikeville, KY",2024-10-01,10,24,4,0,38,1963,413
38210,"Pikeville, KY",2024-11-01,10,27,8,0,45,2008,423
38210,"Pikeville, KY",2024-12-01,19,25,10,0,54,2062,442
38210,"Pikeville, KY",2025-01-01,16,29,11,1,57,2119,458
38210,"Pikeville, KY",2025-02-01,18,20,8,0,46,2165,476
38210,"Pikeville, KY",2025-03-01,21,31,5,0,57,2222,497
38210,"Pikeville, KY",2025-04-01,18,37,4,1,60,2282,515
38210,"Pikeville, KY",2025-05-01,24,31,12,2,69,2351,539
38210,"Pikeville, KY",2025-06-01,16,45,11,1,73,2424,555
38210,"Pikeville, KY",2025-07-01,23,39,10,2,74,2498,578
38210,"Pikeville, KY",2025-08-01,19,26,8,1,54,2552,597
38210,"Pikeville, KY",2025-09-01,0,0,1,0,1,2553,597
10780,"Alexandria, LA",2019-01-01,0,2,2,0,4,4,0
10780,"Alexandria, LA",2019-02-01,0,3,3,0,6,10,0
10780,"Alexandria, LA",2019-03-01,0,8,2,0,10,20,0
10780,"Alexandria, LA",2019-04-01,0,7,0,0,7,27,0
10780,"Alexandria, LA",2019-05-01,0,14,0,0,14,41,0
10780,"Alexandria, LA",2019-06-01,0,12,2,0,14,55,0
10780,"Alexandria, LA",2019-07-01,1,15,5,1,22,77,1
10780,"Alexandria, LA",2019-08-01,1,20,8,1,30,107,2
10780,"Alexandria, LA",2019-09-01,4,16,3,0,23,130,6
10780,"Alexandria, LA",2019-10-01,1,12,5,3,21,151,7
10780,"Alexandria, LA",2019-11-01,0,26,8,2,36,187,7
10780,"Alexandria, LA",2019-12-01,1,11,0,0,12,199,8
10780,"Alexandria, LA",2020-01-01,0,17,1,1,19,218,8
10780,"Alexandria, LA",2020-02-01,1,18,4,0,23,241,9
10780,"Alexandria, LA",2020-03-01,2,22,8,2,34,275,11
10780,"Alexandria, LA",2020-04-01,4,48,9,2,63,338,15
10780,"Alexandria, LA",2020-05-01,14,49,9,0,72,410,29
10780,"Alexandria, LA",2020-06-01,13,52,13,1,79,489,42
10780,"Alexandria, LA",2020-07-01,13,65,12,2,92,581,55
10780,"Alexandria, LA",2020-08-01,15,70,10,2,97,678,70
10780,"Alexandria, LA",2020-09-01,34,78,16,1,129,807,104
10780,"Alexandria, LA",2020-10-01,29,66,11,1,107,914,133
10780,"Alexandria, LA",2020-11-01,16,52,2,3,73,987,149
10780,"Alexandria, LA",2020-12-01,18,49,8,1,76,1063,167
10780,"Alexandria, LA",2021-01-01,18,60,17,1,96,1159,185
10780,"Alexandria, LA",2021-02-01,15,52,16,0,83,1242,200
10780,"Alexandria, LA",2021-03-01,18,43,9,0,70,1312,218
10780,"Alexandria, LA",2021-04-01,21,73,7,0,101,1413,239
10780,"Alexandria, LA",2021-05-01,47,128,14,1,190,1603,286
10780,"Alexandria, LA",2021-06-01,26,89,16,2,133,1736,312
10780,"Alexandria, LA",2021-07-01,28,76,26,3,133,1869,340
10780,"Alexandria, LA",2021-08-01,27,83,14,1,125,1994,367
10780,"Alexandria, LA",2021-09-01,8,61,7,0,76,2070,375
10780,"Alexandria, LA",2021-10-01,8,64,8,0,80,2150,383
10780,"Alexandria, LA",2021-11-01,12,33,8,3,56,2206,395
10780,"Alexandria, LA",2021-12-01,21,66,11,0,98,2304,416
10780,"Alexandria, LA",2022-01-01,29,70,16,1,116,2420,445
10780,"Alexandria, LA",2022-02-01,32,39,15,0,86,2506,477
10780,"Alexandria, LA",2022-03-01,33,77,13,2,125,2631,510
10780,"Alexandria, LA",2022-04-01,31,76,16,0,123,2754,541
10780,"Alexandria, LA",2022-05-01,33,73,19,1,126,2880,574
10780,"Alexandria, LA",2022-06-01,31,67,11,1,110,2990,605
10780,"Alexandria, LA",2022-07-01,29,43,12,1,85,3075,634
10780,"Alexandria, LA",2022-08-01,22,51,10,1,84,3159,656
10780,"Alexandria, LA",2022-09-01,17,46,11,0,74,3233,673
10780,"Alexandria, LA",2022-10-01,28,56,16,1,101,3334,701
10780,"Alexandria, LA",2022-11-01,28,56,17,1,102,3436,729
10780,"Alexandria, LA",2022-12-01,34,51,15,3,103,3539,763
10780,"Alexandria, LA",2023-01-01,28,60,16,2,106,3645,791
10780,"Alexandria, LA",2023-02-01,26,51,19,1,97,3742,817
10780,"Alexandria, LA",2023-03-01,57,82,26,2,167,3909,874
10780,"Alexandria, LA",2023-04-01,36,49,15,1,101,4010,910
10780,"Alexandria, LA",2023-05-01,26,35,9,1,71,4081,936
10780,"Alexandria, LA",2023-06-01,20,48,11,2,81,4162,956
10780,"Alexandria, LA",2023-07-01,33,44,13,2,92,4254,989
10780,"Alexandria, LA",2023-08-01,18,55,8,0,81,4335,1007
10780,"Alexandria, LA",2023-09-01,30,60,17,3,110,4445,1037
10780,"Alexandria, LA",2023-10-01,29,50,16,2,97,4542,1066
10780,"Alexandria, LA",2023-11-01,42,63,9,1,115,4657,1108
10780,"Alexandria, LA",2023-12-01,38,70,20,4,132,4789,1146
10780,"Alexandria, LA",2024-01-01,49,56,26,2,133,4922,1195
10780,"Alexandria, LA",2024-02-01,60,62,16,2,140,5062,1255
10780,"Alexandria, LA",2024-03-01,50,74,16,1,141,5203,1305
10780,"Alexandria, LA",2024-04-01,51,55,9,1,116,5319,1356
10780,"Alexandria, LA",2024-05-01,80,82,25,0,187,5506,1436
10780,"Alexandria, LA",2024-06-01,67,79,22,1,169,5675,1503
10780,"Alexandria, LA",2024-07-01,62,72,27,2,163,5838,1565
10780,"Alexandria, LA",2024-08-01,62,78,28,2,170,6008,1627
10780,"Alexandria, LA",2024-09-01,54,72,21,2,149,6157,1681
10780,"Alexandria, LA",2024-10-01,78,87,25,0,190,6347,1759
10780,"Alexandria, LA",2024-11-01,75,109,21,2,207,6554,1834
10780,"Alexandria, LA",2024-12-01,75,81,27,6,189,6743,1909
10780,"Alexandria, LA",2025-01-01,64,91,19,2,176,6919,1973
10780,"Alexandria, LA",2025-02-01,53,71,29,1,154,7073,2026
10780,"Alexandria, LA",2025-03-01,85,85,18,4,192,7265,2111
10780,"Alexandria, LA",2025-04-01,90,98,19,4,211,7476,2201
10780,"Alexandria, LA",2025-05-01,81,117,33,0,231,7707,2282
10780,"Alexandria, LA",2025-06-01,91,84,32,4,211,7918,2373
10780,"Alexandria, LA",2025-07-01,72,84,21,1,178,8096,2445
10780,"Alexandria, LA",2025-08-01,65,73,18,1,157,8253,2510
10780,"Alexandria, LA",2025-09-01,1,3,2,0,6,8259,2511
21580,"Española, NM",2019-02-01,0,1,0,0,1,1,0
21580,"Española, NM",2019-03-01,0,0,2,0,2,3,0
21580,"Española, NM",2019-04-01,0,2,0,0,2,5,0
21580,"Española, NM",2019-05-01,0,0,1,0,1,6,0
21580,"Española, NM",2019-07-01,0,2,0,0,2,8,0
21580,"Española, NM",2019-08-01,0,0,1,0,1,9,0
21580,"Española, NM",2019-10-01,0,1,2,0,3,12,0
21580,"Española, NM",2019-11-01,0,0,0,1,1,13,0
21580,"Española, NM",2019-12-01,0,1,2,0,3,16,0
21580,"Española, NM",2020-01-01,1,4,0,0,5,21,1
21580,"Española, NM",2020-02-01,0,0,1,0,1,22,1
21580,"Española, NM",2020-03-01,0,2,1,0,3,25,1
21580,"Española, NM",2020-04-01,0,4,0,0,4,29,1
21580,"Española, NM",2020-05-01,2,0,1,0,3,32,3
21580,"Española, NM",2020-06-01,0,4,4,0,8,40,3
21580,"Española, NM",2020-07-01,1,3,0,0,4,44,4
21580,"Española, NM",2020-08-01,0,10,0,0,10,54,4
21580,"Española, NM",2020-09-01,0,4,2,0,6,60,4
21580,"Española, NM",2020-10-01,0,9,4,0,13,73,4
21580,"Española, NM",2020-11-01,1,4,0,0,5,78,5
21580,"Española, NM",2020-12-01,1,3,1,1,6,84,6
21580,"Española, NM",2021-01-01,0,4,5,0,9,93,6
21580,"Española, NM",2021-02-01,3,6,3,0,12,105,9
21580,"Española, NM",2021-03-01,4,19,6,0,29,134,13
21580,"Española, NM",2021-04-01,3,13,3,0,19,153,16
21580,"Española, NM",2021-05-01,7,13,3,1,24,177,23
21580,"Española, NM",2021-06-01,4,15,3,0,22,199,27
21580,"Española, NM",2021-07-01,7,13,2,0,22,221,34
21580,"Española, NM",2021-08-01,5,12,1,0,18,239,39
21580,"Española, NM",2021-09-01,3,16,5,0,24,263,42
21580,"Española, NM",2021-10-01,2,14,6,1,23,286,44
21580,"Española, NM",2021-11-01,0,14,3,0,17,303,44
21580,"Española, NM",2021-12-01,5,17,6,0,28,331,49
21580,"Española, NM",2022-01-01,11,21,5,1,38,369,60
21580,"Española, NM",2022-02-01,8,18,0,0,26,395,68
21580,"Española, NM",2022-03-01,6,17,1,0,24,419,74
21580,"Española, NM",2022-04-01,6,14,3,0,23,442,80
21580,"Española, NM",2022-05-01,9,15,0,0,24,466,89
21580,"Española, NM",2022-06-01,7,11,3,0,21,487,96
21580,"Española, NM",2022-07-01,9,9,2,0,20,507,105
21580,"Española, NM",2022-08-01,8,15,3,0,26,533,113
21580,"Española, NM",2022-09-01,1,13,3,0,17,550,114
21580,"Española, NM",2022-10-01,4,10,1,0,15,565,118
21580,"Española, NM",2022-11-01,9,16,2,1,28,593,127
21580,"Española, NM",2022-12-01,6,12,3,0,21,614,133
21580,"Española, NM",2023-01-01,6,20,5,0,31,645,139
21580,"Española, NM",2023-02-01,5,20,4,0,29,674,144
21580,"Española, NM",2023-03-01,11,14,4,1,30,704,155
21580,"Española, NM",2023-04-01,7,15,5,0,27,731,162
21580,"Española, NM",2023-05-01,7,12,2,1,22,753,169
21580,"Española, NM",2023-06-01,4,13,2,0,19,772,173
21580,"Española, NM",2023-07-01,8,12,6,0,26,798,181
21580,"Española, NM",2023-08-01,7,9,3,0,19,817,188
21580,"Española, NM",2023-09-01,8,13,4,0,25,842,196
21580,"Española, NM",2023-10-01,11,6,4,2,23,865,207
21580,"Española, NM",2023-11-01,15,11,7,0,33,898,222
21580,"Española, NM",2023-12-01,7,15,5,0,27,925,229
21580,"Española, NM",2024-01-01,10,16,5,0,31,956,239
21580,"Española, NM",2024-02-01,16,17,1,1,35,991,255
21580,"Española, NM",2024-03-01,10,19,4,1,34,1025,265
21580,"Española, NM",2024-04-01,13,13,2,0,28,1053,278
21580,"Española, NM",2024-05-01,16,11,6,0,33,1086,294
21580,"Española, NM",2024-06-01,8,21,2,0,31,1117,302
21580,"Española, NM",2024-07-01,12,22,5,0,39,1156,314
21580,"Española, NM",2024-08-01,4,14,2,0,20,1176,318
21580,"Española, NM",2024-09-01,7,14,2,0,23,1199,325
21580,"Española, NM",2024-10-01,5,18,1,0,24,1223,330
21580,"Española, NM",2024-11-01,18,10,6,2,36,1259,348
21580,"Española, NM",2024-12-01,2,16,7,1,26,1285,350
21580,"Española, NM",2025-01-01,8,12,3,0,23,1308,358
21580,"Española, NM",2025-02-01,9,12,6,1,28,1336,367
21580,"Española, NM",2025-03-01,10,14,7,0,31,1367,377
21580,"Española, NM",2025-04-01,11,16,4,0,31,1398,388
21580,"Española, NM",2025-05-01,10,20,0,2,32,1430,398
21580,"Española, NM",2025-06-01,7,24,1,0,32,1462,405
21580,"Española, NM",2025-07-01,11,16,4,0,31,1493,416
21580,"Española, NM",2025-08-01,5,11,0,0,16,1509,421
13860,"Bishop, CA",2019-02-01,0,1,0,0,1,1,0
13860,"Bishop, CA",2019-04-01,0,0,1,0,1,2,0
13860,"Bishop, CA",2019-07-01,0,2,0,0,2,4,0
13860,"Bishop, CA",2019-08-01,0,0,1,0,1,5,0
13860,"Bishop, CA",2019-11-01,0,1,0,0,1,6,0
13860,"Bishop, CA",2020-01-01,0,2,0,0,2,8,0
13860,"Bishop, CA",2020-02-01,0,0,1,0,1,9,0
13860,"Bishop, CA",2020-03-01,0,1,0,0,1,10,0
13860,"Bishop, CA",2020-04-01,0,2,1,0,3,13,0
13860,"Bishop, CA",2020-05-01,0,1,0,0,1,14,0
13860,"Bishop, CA",2020-06-01,0,1,0,0,1,15,0
13860,"Bishop, CA",2020-07-01,0,1,1,0,2,17,0
13860,"Bishop, CA",2020-08-01,1,2,0,0,3,20,1
13860,"Bishop, CA",2020-09-01,0,4,0,0,4,24,1
13860,"Bishop, CA",2020-10-01,0,2,1,0,3,27,1
13860,"Bishop, CA",2020-11-01,1,0,0,0,1,28,2
13860,"Bishop, CA",2020-12-01,1,1,0,0,2,30,3
13860,"Bishop, CA",2021-01-01,0,1,1,0,2,32,3
13860,"Bishop, CA",2021-02-01,0,3,2,0,5,37,3
13860,"Bishop, CA",2021-03-01,0,0,2,0,2,39,3
13860,"Bishop, CA",2021-04-01,0,1,0,0,1,40,3
13860,"Bishop, CA",2021-05-01,0,2,0,0,2,42,3
13860,"Bishop, CA",2021-06-01,0,5,2,1,8,50,3
13860,"Bishop, CA",2021-07-01,0,1,0,0,1,51,3
13860,"Bishop, CA",2021-08-01,1,3,2,0,6,57,4
13860,"Bishop, CA",2021-09-01,1,4,0,1,6,63,5
13860,"Bishop, CA",2021-10-01,1,5,0,0,6,69,6
13860,"Bishop, CA",2021-11-01,0,1,2,0,3,72,6
13860,"Bishop, CA",2021-12-01,1,4,1,0,6,78,7
13860,"Bishop, CA",2022-01-01,0,9,4,1,14,92,7
13860,"Bishop, CA",2022-02-01,0,3,1,0,4,96,7
13860,"Bishop, CA",2022-03-01,0,2,0,1,3,99,7
13860,"Bishop, CA",2022-04-01,0,1,1,0,2,101,7
13860,"Bishop, CA",2022-05-01,0,2,0,0,2,103,7
13860,"Bishop, CA",2022-06-01,0,5,0,0,5,108,7
13860,"Bishop, CA",2022-07-01,0,1,1,0,2,110,7
13860,"Bishop, CA",2022-08-01,0,7,1,1,9,119,7
13860,"Bishop, CA",2022-09-01,0,2,1,0,3,122,7
13860,"Bishop, CA",2022-10-01,1,3,0,0,4,126,8
13860,"Bishop, CA",2022-11-01,2,2,1,0,5,131,10
13860,"Bishop, CA",2022-12-01,1,4,0,0,5,136,11
13860,"Bishop, CA",2023-01-01,0,4,1,0,5,141,11
13860,"Bishop, CA",2023-02-01,1,4,0,1,6,147,12
13860,"Bishop, CA",2023-03-01,1,3,0,0,4,151,13
13860,"Bishop, CA",2023-04-01,1,1,1,0,3,154,14
13860,"Bishop, CA",2023-05-01,0,2,0,1,3,157,14
13860,"Bishop, CA",2023-06-01,2,0,0,0,2,159,16
13860,"Bishop, CA",2023-07-01,2,1,0,0,3,162,18
13860,"Bishop, CA",2023-08-01,0,2,3,0,5,167,18
13860,"Bishop, CA",2023-09-01,2,0,1,0,3,170,20
13860,"Bishop, CA",2023-11-01,1,0,0,1,2,172,21
13860,"Bishop, CA",2023-12-01,1,1,2,0,4,176,22
13860,"Bishop, CA",2024-01-01,0,3,2,0,5,181,22
13860,"Bishop, CA",2024-02-01,0,4,1,0,5,186,22
13860,"Bishop, CA",2024-03-01,2,2,0,0,4,190,24
13860,"Bishop, CA",2024-04-01,0,3,2,0,5,195,24
13860,"Bishop, CA",2024-05-01,0,5,0,0,5,200,24
13860,"Bishop, CA",2024-06-01,1,6,1,0,8,208,25
13860,"Bishop, CA",2024-07-01,3,2,0,0,5,213,28
13860,"Bishop, CA",2024-08-01,1,0,1,0,2,215,29
13860,"Bishop, CA",2024-09-01,1,1,0,1,3,218,30
13860,"Bishop, CA",2024-10-01,2,6,0,0,8,226,32
13860,"Bishop, CA",2024-11-01,2,2,0,0,4,230,34
13860,"Bishop, CA",2024-12-01,0,3,0,0,3,233,34
13860,"Bishop, CA",2025-01-01,1,2,1,0,4,237,35
13860,"Bishop, CA",2025-02-01,1,3,2,0,6,243,36
13860,"Bishop, CA",2025-03-01,0,3,1,0,4,247,36
13860,"Bishop, CA",2025-04-01,2,2,0,0,4,251,38
13860,"Bishop, CA",2025-05-01,1,1,0,0,2,253,39
13860,"Bishop, CA",2025-06-01,3,3,1,2,9,262,42
13860,"Bishop, CA",2025-07-01,1,2,1,0,4,266,43
13860,"Bishop, CA",2025-08-01,2,2,1,0,5,271,45
25200,"Hailey, ID",2019-01-01,0,1,0,0,1,1,0
25200,"Hailey, ID",2019-07-01,0,0,1,0,1,2,0
25200,"Hailey, ID",2020-01-01,0,1,0,0,1,3,0
25200,"Hailey, ID",2020-04-01,1,1,0,0,2,5,1
25200,"Hailey, ID",2020-05-01,0,1,0,0,1,6,1
25200,"Hailey, ID",2020-08-01,0,1,0,0,1,7,1
25200,"Hailey, ID",2020-10-01,0,0,0,1,1,8,1
25200,"Hailey, ID",2021-01-01,0,1,0,0,1,9,1
25200,"Hailey, ID",2021-02-01,0,1,0,0,1,10,1
25200,"Hailey, ID",2021-03-01,0,1,0,0,1,11,1
25200,"Hailey, ID",2021-04-01,0,1,1,0,2,13,1
25200,"Hailey, ID",2021-06-01,0,1,0,0,1,14,1
25200,"Hailey, ID",2021-07-01,1,1,0,0,2,16,2
25200,"Hailey, ID",2021-08-01,1,1,5,0,7,23,3
25200,"Hailey, ID",2021-10-01,0,1,0,0,1,24,3
25200,"Hailey, ID",2021-11-01,0,0,1,0,1,25,3
25200,"Hailey, ID",2021-12-01,0,2,0,0,2,27,3
25200,"Hailey, ID",2022-01-01,1,0,1,0,2,29,4
25200,"Hailey, ID",2022-02-01,0,1,0,0,1,30,4
25200,"Hailey, ID",2022-03-01,0,1,0,0,1,31,4
25200,"Hailey, ID",2022-04-01,0,1,0,0,1,32,4
25200,"Hailey, ID",2022-05-01,1,0,0,0,1,33,5
25200,"Hailey, ID",2022-06-01,0,1,1,0,2,35,5
25200,"Hailey, ID",2022-07-01,0,1,0,0,1,36,5
25200,"Hailey, ID",2022-09-01,1,1,0,0,2,38,6
25200,"Hailey, ID",2022-10-01,0,1,0,0,1,39,6
25200,"Hailey, ID",2022-11-01,1,0,0,0,1,40,7
25200,"Hailey, ID",2022-12-01,0,1,0,0,1,41,7
25200,"Hailey, ID",2023-03-01,0,1,0,0,1,42,7
25200,"Hailey, ID",2023-08-01,1,0,0,0,1,43,8
25200,"Hailey, ID",2024-07-01,0,1,0,0,1,44,8
25200,"Hailey, ID",2024-08-01,1,0,0,0,1,45,9
25200,"Hailey, ID",2024-10-01,1,0,0,0,1,46,10
25200,"Hailey, ID",2024-12-01,1,0,0,0,1,47,11
25200,"Hailey, ID",2025-02-01,0,2,1,0,3,50,11
25200,"Hailey, ID",2025-03-01,0,3,0,0,3,53,11
25200,"Hailey, ID",2025-04-01,0,1,0,0,1,54,11
25200,"Hailey, ID",2025-05-01,0,1,0,0,1,55,11
25200,"Hailey, ID",2025-06-01,1,1,0,0,2,57,12
25200,"Hailey, ID",2025-07-01,0,1,0,0,1,58,12
12520,"Baker City, OR",2019-01-01,0,0,1,0,1,1,0
12520,"Baker City, OR",2019-06-01,0,1,0,0,1,2,0
12520,"Baker City, OR",2019-07-01,0,0,1,0,1,3,0
12520,"Baker City, OR",2019-09-01,0,1,0,0,1,4,0
12520,"Baker City, OR",2019-10-01,1,1,0,0,2,6,1
12520,"Baker City, OR",2020-01-01,0,1,0,0,1,7,1
12520,"Baker City, OR",2020-02-01,0,2,0,0,2,9,1
12520,"Baker City, OR",2020-04-01,0,1,0,0,1,10,1
12520,"Baker City, OR",2020-07-01,0,1,1,0,2,12,1
12520,"Baker City, OR",2020-08-01,0,2,0,0,2,14,1
12520,"Baker City, OR",2020-09-01,0,1,0,0,1,15,1
12520,"Baker City, OR",2020-10-01,0,2,0,0,2,17,1
12520,"Baker City, OR",2020-11-01,0,0,1,0,1,18,1
12520,"Baker City, OR",2021-01-01,0,2,0,0,2,20,1
12520,"Baker City, OR",2021-03-01,1,0,0,0,1,21,2
12520,"Baker City, OR",2021-04-01,0,1,0,1,2,23,2
12520,"Baker City, OR",2021-05-01,2,2,0,0,4,27,4
12520,"Baker City, OR",2021-06-01,0,1,0,0,1,28,4
12520,"Baker City, OR",2021-08-01,1,3,1,0,5,33,5
12520,"Baker City, OR",2021-09-01,0,2,0,0,2,35,5
12520,"Baker City, OR",2021-10-01,0,1,1,0,2,37,5
12520,"Baker City, OR",2021-11-01,2,2,2,0,6,43,7
12520,"Baker City, OR",2021-12-01,0,2,1,1,4,47,7
12520,"Baker City, OR",2022-01-01,1,5,3,0,9,56,8
12520,"Baker City, OR",2022-02-01,1,3,0,0,4,60,9
12520,"Baker City, OR",2022-03-01,2,2,2,0,6,66,11
12520,"Baker City, OR",2022-04-01,2,5,0,0,7,73,13
12520,"Baker City, OR",2022-05-01,0,4,4,0,8,81,13
12520,"Baker City, OR",2022-06-01,1,1,3,0,5,86,14
12520,"Baker City, OR",2022-07-01,1,0,2,0,3,89,15
12520,"Baker City, OR",2022-08-01,2,2,0,0,4,93,17
12520,"Baker City, OR",2022-09-01,1,6,2,0,9,102,18
12520,"Baker City, OR",2022-11-01,0,2,4,0,6,108,18
12520,"Baker City, OR",2022-12-01,1,4,1,0,6,114,19
12520,"Baker City, OR",2023-01-01,2,2,1,0,5,119,21
12520,"Baker City, OR",2023-02-01,3,1,0,0,4,123,24
12520,"Baker City, OR",2023-03-01,1,7,1,0,9,132,25
12520,"Baker City, OR",2023-04-01,2,1,2,0,5,137,27
12520,"Baker City, OR",2023-05-01,0,2,1,0,3,140,27
12520,"Baker City, OR",2023-06-01,0,6,0,0,6,146,27
12520,"Baker City, OR",2023-07-01,3,2,2,0,7,153,30
12520,"Baker City, OR",2023-08-01,0,1,1,0,2,155,30
12520,"Baker City, OR",2023-09-01,0,3,1,0,4,159,30
12520,"Baker City, OR",2023-10-01,1,1,3,0,5,164,31
12520,"Baker City, OR",2023-11-01,2,6,0,0,8,172,33
12520,"Baker City, OR",2023-12-01,2,2,1,0,5,177,35
12520,"Baker City, OR",2024-01-01,1,5,0,0,6,183,36
12520,"Baker City, OR",2024-02-01,1,3,1,1,6,189,37
12520,"Baker City, OR",2024-03-01,4,1,4,0,9,198,41
12520,"Baker City, OR",2024-04-01,4,2,2,0,8,206,45
12520,"Baker City, OR",2024-05-01,1,6,0,0,7,213,46
12520,"Baker City, OR",2024-06-01,2,2,1,0,5,218,48
12520,"Baker City, OR",2024-07-01,1,2,0,0,3,221,49
12520,"Baker City, OR",2024-08-01,0,4,1,0,5,226,49
12520,"Baker City, OR",2024-09-01,0,2,1,0,3,229,49
12520,"Baker City, OR",2024-10-01,2,3,1,0,6,235,51
12520,"Baker City, OR",2024-11-01,2,2,0,0,4,239,53
12520,"Baker City, OR",2024-12-01,3,4,2,0,9,248,56
12520,"Baker City, OR",2025-01-01,2,4,2,0,8,256,58
12520,"Baker City, OR",2025-02-01,2,5,1,0,8,264,60
12520,"Baker City, OR",2025-03-01,1,1,0,0,2,266,61
12520,"Baker City, OR",2025-04-01,1,4,0,0,5,271,62
12520,"Baker City, OR",2025-05-01,2,2,0,0,4,275,64
12520,"Baker City, OR",2025-06-01,3,4,3,2,12,287,67
12520,"Baker City, OR",2025-07-01,1,4,2,0,7,294,68
12520,"Baker City, OR",2025-08-01,1,3,0,0,4,298,69
46180,"Tupelo, MS",2019-01-01,0,6,4,0,10,10,0
46180,"Tupelo, MS",2019-02-01,0,9,3,0,12,22,0
46180,"Tupelo, MS",2019-03-01,0,11,1,0,12,34,0
46180,"Tupelo, MS",2019-04-01,1,16,2,0,19,53,1
46180,"Tupelo, MS",2019-05-01,1,16,9,0,26,79,2
46180,"Tupelo, MS",2019-06-01,1,18,5,1,25,104,3
46180,"Tupelo, MS",2019-07-01,0,22,8,0,30,134,3
46180,"Tupelo, MS",2019-08-01,0,20,4,0,24,158,3
46180,"Tupelo, MS",2019-09-01,3,20,10,0,33,191,6
46180,"Tupelo, MS",2019-10-01,1,18,6,0,25,216,7
46180,"Tupelo, MS",2019-11-01,0,18,8,1,27,243,7
46180,"Tupelo, MS",2019-12-01,4,24,7,0,35,278,11
46180,"Tupelo, MS",2020-01-01,1,16,5,0,22,300,12
46180,"Tupelo, MS",2020-02-01,0,11,5,0,16,316,12
46180,"Tupelo, MS",2020-03-01,4,32,5,0,41,357,16
46180,"Tupelo, MS",2020-04-01,7,60,16,3,86,443,23
46180,"Tupelo, MS",2020-05-01,16,64,13,3,96,539,39
46180,"Tupelo, MS",2020-06-01,23,70,10,0,103,642,62
46180,"Tupelo, MS",2020-07-01,14,56,9,0,79,721,76
46180,"Tupelo, MS",2020-08-01,21,292,48,4,365,1086,97
46180,"Tupelo, MS",2020-09-01,24,122,18,2,166,1252,121
46180,"Tupelo, MS",2020-10-01,14,68,11,1,94,1346,135
46180,"Tupelo, MS",2020-11-01,12,73,9,0,94,1440,147
46180,"Tupelo, MS",2020-12-01,22,72,13,0,107,1547,169
46180,"Tupelo, MS",2021-01-01,30,72,14,1,117,1664,199
46180,"Tupelo, MS",2021-02-01,31,80,15,2,128,1792,230
46180,"Tupelo, MS",2021-03-01,34,77,16,1,128,1920,264
46180,"Tupelo, MS",2021-04-01,37,100,13,0,150,2070,301
46180,"Tupelo, MS",2021-05-01,35,126,19,0,180,2250,336
46180,"Tupelo, MS",2021-06-01,45,122,26,2,195,2445,381
46180,"Tupelo, MS",2021-07-01,29,87,18,2,136,2581,410
46180,"Tupelo, MS",2021-08-01,21,86,11,1,119,2700,431
46180,"Tupelo, MS",2021-09-01,32,93,14,1,140,2840,463
46180,"Tupelo, MS",2021-10-01,15,64,14,1,94,2934,478
46180,"Tupelo, MS",2021-11-01,34,104,15,0,153,3087,512
46180,"Tupelo, MS",2021-12-01,32,88,15,3,138,3225,544
46180,"Tupelo, MS",2022-01-01,27,121,35,2,185,3410,571
46180,"Tupelo, MS",2022-02-01,30,66,12,1,109,3519,601
46180,"Tupelo, MS",2022-03-01,33,81,27,2,143,3662,634
46180,"Tupelo, MS",2022-04-01,44,84,19,2,149,3811,678
46180,"Tupelo, MS",2022-05-01,36,97,14,0,147,3958,714
46180,"Tupelo, MS",2022-06-01,29,72,18,0,119,4077,743
46180,"Tupelo, MS",2022-07-01,25,62,23,2,112,4189,768
46180,"Tupelo, MS",2022-08-01,32,51,12,2,97,4286,800
46180,"Tupelo, MS",2022-09-01,23,64,24,0,111,4397,823
46180,"Tupelo, MS",2022-10-01,23,65,11,3,102,4499,846
46180,"Tupelo, MS",2022-11-01,22,58,16,1,97,4596,868
46180,"Tupelo, MS",2022-12-01,41,75,15,2,133,4729,909
46180,"Tupelo, MS",2023-01-01,49,98,14,0,161,4890,958
46180,"Tupelo, MS",2023-02-01,30,67,23,2,122,5012,988
46180,"Tupelo, MS",2023-03-01,61,97,22,3,183,5195,1049
46180,"Tupelo, MS",2023-04-01,46,97,25,1,169,5364,1095
46180,"Tupelo, MS",2023-05-01,28,68,16,1,113,5477,1123
46180,"Tupelo, MS",2023-06-01,32,51,23,0,106,5583,1155
46180,"Tupelo, MS",2023-07-01,28,68,15,1,112,5695,1183
46180,"Tupelo, MS",2023-08-01,37,57,13,1,108,5803,1220
46180,"Tupelo, MS",2023-09-01,24,59,14,2,99,5902,1244
46180,"Tupelo, MS",2023-10-01,36,81,28,1,146,6048,1280
46180,"Tupelo, MS",2023-11-01,54,84,29,1,168,6216,1334
46180,"Tupelo, MS",2023-12-01,74,94,28,2,198,6414,1408
46180,"Tupelo, MS",2024-01-01,50,88,26,3,167,6581,1458
46180,"Tupelo, MS",2024-02-01,66,85,25,0,176,6757,1524
46180,"Tupelo, MS",2024-03-01,74,108,33,3,218,6975,1598
46180,"Tupelo, MS",2024-04-01,54,71,22,1,148,7123,1652
46180,"Tupelo, MS",2024-05-01,52,76,21,2,151,7274,1704
46180,"Tupelo, MS",2024-06-01,46,61,15,1,123,7397,1750
46180,"Tupelo, MS",2024-07-01,51,70,18,2,141,7538,1801
46180,"Tupelo, MS",2024-08-01,36,44,14,0,94,7632,1837
46180,"Tupelo, MS",2024-09-01,51,63,16,1,131,7763,1888
46180,"Tupelo, MS",2024-10-01,38,55,21,1,115,7878,1926
46180,"Tupelo, MS",2024-11-01,58,80,21,2,161,8039,1984
46180,"Tupelo, MS",2024-12-01,55,107,14,3,179,8218,2039
46180,"Tupelo, MS",2025-01-01,47,65,15,0,127,8345,2086
46180,"Tupelo, MS",2025-02-01,68,53,23,2,146,8491,2154
46180,"Tupelo, MS",2025-03-01,106,93,20,2,221,8712,2260
46180,"Tupelo, MS",2025-04-01,86,100,30,2,218,8930,2346
46180,"Tupelo, MS",2025-05-01,93,111,24,3,231,9161,2439
46180,"Tupelo, MS",2025-06-01,77,111,30,3,221,9382,2516
46180,"Tupelo, MS",2025-07-01,68,104,32,5,209,9591,2584
46180,"Tupelo, MS",2025-08-01,54,79,24,1,158,9749,2638
46180,"Tupelo, MS",2025-09-01,0,1,1,0,2,9751,2638
45980,"Troy, AL",2019-01-01,0,1,0,0,1,1,0
45980,"Troy, AL",2019-02-01,0,1,0,1,2,3,0
45980,"Troy, AL",2019-03-01,0,3,0,0,3,6,0
45980,"Troy, AL",2019-04-01,0,4,3,0,7,13,0
45980,"Troy, AL",2019-05-01,0,2,0,0,2,15,0
45980,"Troy, AL",2019-06-01,0,22,0,0,22,37,0
45980,"Troy, AL",2019-07-01,1,19,4,0,24,61,1
45980,"Troy, AL",2019-08-01,0,19,5,1,25,86,1
45980,"Troy, AL",2019-09-01,3,19,3,0,25,111,4
45980,"Troy, AL",2019-10-01,1,10,0,0,11,122,5
45980,"Troy, AL",2019-11-01,1,14,4,0,19,141,6
45980,"Troy, AL",2019-12-01,2,8,0,0,10,151,8
45980,"Troy, AL",2020-01-01,1,11,1,0,13,164,9
45980,"Troy, AL",2020-02-01,1,11,1,0,13,177,10
45980,"Troy, AL",2020-03-01,1,16,2,0,19,196,11
45980,"Troy, AL",2020-04-01,9,32,3,0,44,240,20
45980,"Troy, AL",2020-05-01,17,39,1,0,57,297,37
45980,"Troy, AL",2020-06-01,8,30,3,0,41,338,45
45980,"Troy, AL",2020-07-01,15,27,2,1,45,383,60
45980,"Troy, AL",2020-08-01,14,40,7,1,62,445,74
45980,"Troy, AL",2020-09-01,13,43,4,0,60,505,87
45980,"Troy, AL",2020-10-01,10,29,3,0,42,547,97
45980,"Troy, AL",2020-11-01,5,12,4,0,21,568,102
45980,"Troy, AL",2020-12-01,9,10,0,0,19,587,111
45980,"Troy, AL",2021-01-01,21,24,2,0,47,634,132
45980,"Troy, AL",2021-02-01,7,15,2,0,24,658,139
45980,"Troy, AL",2021-03-01,14,29,4,0,47,705,153
45980,"Troy, AL",2021-04-01,33,43,5,1,82,787,186
45980,"Troy, AL",2021-05-01,29,65,6,2,102,889,215
45980,"Troy, AL",2021-06-01,16,37,6,0,59,948,231
45980,"Troy, AL",2021-07-01,13,34,4,0,51,999,244
45980,"Troy, AL",2021-08-01,15,39,8,0,62,1061,259
45980,"Troy, AL",2021-09-01,16,28,6,0,50,1111,275
45980,"Troy, AL",2021-10-01,17,29,3,0,49,1160,292
45980,"Troy, AL",2021-11-01,19,28,5,0,52,1212,311
45980,"Troy, AL",2021-12-01,14,23,4,1,42,1254,325
45980,"Troy, AL",2022-01-01,32,29,6,1,68,1322,357
45980,"Troy, AL",2022-02-01,24,25,6,0,55,1377,381
45980,"Troy, AL",2022-03-01,31,25,5,1,62,1439,412
45980,"Troy, AL",2022-04-01,19,24,7,0,50,1489,431
45980,"Troy, AL",2022-05-01,22,25,5,0,52,1541,453
45980,"Troy, AL",2022-06-01,20,16,4,0,40,1581,473
45980,"Troy, AL",2022-07-01,18,19,6,2,45,1626,491
45980,"Troy, AL",2022-08-01,22,25,4,0,51,1677,513
45980,"Troy, AL",2022-09-01,24,26,2,0,52,1729,537
45980,"Troy, AL",2022-10-01,22,18,8,0,48,1777,559
45980,"Troy, AL",2022-11-01,29,24,5,1,59,1836,588
45980,"Troy, AL",2022-12-01,26,23,5,0,54,1890,614
45980,"Troy, AL",2023-01-01,20,31,6,0,57,1947,634
45980,"Troy, AL",2023-02-01,25,20,5,0,50,1997,659
45980,"Troy, AL",2023-03-01,40,33,5,0,78,2075,699
45980,"Troy, AL",2023-04-01,20,21,6,1,48,2123,719
45980,"Troy, AL",2023-05-01,21,20,6,1,48,2171,740
45980,"Troy, AL",2023-06-01,14,18,3,2,37,2208,754
45980,"Troy, AL",2023-07-01,23,30,3,0,56,2264,777
45980,"Troy, AL",2023-08-01,9,15,3,0,27,2291,786
45980,"Troy, AL",2023-09-01,16,23,3,0,42,2333,802
45980,"Troy, AL",2023-10-01,21,24,8,1,54,2387,823
45980,"Troy, AL",2023-11-01,25,26,9,1,61,2448,848
45980,"Troy, AL",2023-12-01,28,18,7,0,53,2501,876
45980,"Troy, AL",2024-01-01,51,31,7,1,90,2591,927
45980,"Troy, AL",2024-02-01,58,23,6,0,87,2678,985
45980,"Troy, AL",2024-03-01,47,26,9,0,82,2760,1032
45980,"Troy, AL",2024-04-01,29,26,7,1,63,2823,1061
45980,"Troy, AL",2024-05-01,11,14,6,0,31,2854,1072
45980,"Troy, AL",2024-06-01,15,17,0,0,32,2886,1087
45980,"Troy, AL",2024-07-01,16,13,1,1,31,2917,1103
45980,"Troy, AL",2024-08-01,9,9,3,1,22,2939,1112
45980,"Troy, AL",2024-09-01,31,17,5,0,53,2992,1143
45980,"Troy, AL",2024-10-01,45,16,3,0,64,3056,1188
45980,"Troy, AL",2024-11-01,46,25,6,0,77,3133,1234
45980,"Troy, AL",2024-12-01,42,22,10,2,76,3209,1276
45980,"Troy, AL",2025-01-01,32,25,7,2,66,3275,1308
45980,"Troy, AL",2025-02-01,31,28,9,0,68,3343,1339
45980,"Troy, AL",2025-03-01,54,18,7,0,79,3422,1393
45980,"Troy, AL",2025-04-01,43,27,11,0,81,3503,1436
45980,"Troy, AL",2025-05-01,32,21,10,1,64,3567,1468
45980,"Troy, AL",2025-06-01,24,34,12,2,72,3639,1492
45980,"Troy, AL",2025-07-01,13,18,7,1,39,3678,1505
45980,"Troy, AL",2025-08-01,31,15,7,1,54,3732,1536
45980,"Troy, AL",2025-09-01,1,1,0,0,2,3734,1537
46020,"Truckee-Grass Valley, CA",2019-01-01,1,7,4,0,12,12,1
46020,"Truckee-Grass Valley, CA",2019-02-01,0,8,7,1,16,28,1
46020,"Truckee-Grass Valley, CA",2019-03-01,2,16,8,1,27,55,3
46020,"Truckee-Grass Valley, CA",2019-04-01,1,9,2,0,12,67,4
46020,"Truckee-Grass Valley, CA",2019-05-01,0,8,4,0,12,79,4
46020,"Truckee-Grass Valley, CA",2019-06-01,3,13,0,2,18,97,7
46020,"Truckee-Grass Valley, CA",2019-07-01,1,17,5,0,23,120,8
46020,"Truckee-Grass Valley, CA",2019-08-01,2,11,6,1,20,140,10
46020,"Truckee-Grass Valley, CA",2019-09-01,3,15,3,1,22,162,13
46020,"Truckee-Grass Valley, CA",2019-10-01,0,12,5,1,18,180,13
46020,"Truckee-Grass Valley, CA",2019-11-01,1,19,5,1,26,206,14
46020,"Truckee-Grass Valley, CA",2019-12-01,4,11,5,1,21,227,18
46020,"Truckee-Grass Valley, CA",2020-01-01,5,10,12,1,28,255,23
46020,"Truckee-Grass Valley, CA",2020-02-01,4,19,5,0,28,283,27
46020,"Truckee-Grass Valley, CA",2020-03-01,7,25,5,2,39,322,34
46020,"Truckee-Grass Valley, CA",2020-04-01,8,47,22,2,79,401,42
46020,"Truckee-Grass Valley, CA",2020-05-01,11,43,14,3,71,472,53
46020,"Truckee-Grass Valley, CA",2020-06-01,8,32,11,4,55,527,61
46020,"Truckee-Grass Valley, CA",2020-07-01,11,39,16,0,66,593,72
46020,"Truckee-Grass Valley, CA",2020-08-01,12,41,14,3,70,663,84
46020,"Truckee-Grass Valley, CA",2020-09-01,16,35,6,4,61,724,100
46020,"Truckee-Grass Valley, CA",2020-10-01,16,40,7,3,66,790,116
46020,"Truckee-Grass Valley, CA",2020-11-01,14,41,10,4,69,859,130
46020,"Truckee-Grass Valley, CA",2020-12-01,18,55,14,2,89,948,148
46020,"Truckee-Grass Valley, CA",2021-01-01,16,57,20,5,98,1046,164
46020,"Truckee-Grass Valley, CA",2021-02-01,14,49,16,6,85,1131,178
46020,"Truckee-Grass Valley, CA",2021-03-01,14,54,15,5,88,1219,192
46020,"Truckee-Grass Valley, CA",2021-04-01,10,45,15,2,72,1291,202
46020,"Truckee-Grass Valley, CA",2021-05-01,12,48,9,3,72,1363,214
46020,"Truckee-Grass Valley, CA",2021-06-01,17,46,14,3,80,1443,231
46020,"Truckee-Grass Valley, CA",2021-07-01,15,43,17,2,77,1520,246
46020,"Truckee-Grass Valley, CA",2021-08-01,15,51,19,2,87,1607,261
46020,"Truckee-Grass Valley, CA",2021-09-01,12,51,22,6,91,1698,273
46020,"Truckee-Grass Valley, CA",2021-10-01,10,35,18,7,70,1768,283
46020,"Truckee-Grass Valley, CA",2021-11-01,7,28,12,1,48,1816,290
46020,"Truckee-Grass Valley, CA",2021-12-01,15,39,13,2,69,1885,305
46020,"Truckee-Grass Valley, CA",2022-01-01,13,61,19,2,95,1980,318
46020,"Truckee-Grass Valley, CA",2022-02-01,12,28,8,2,50,2030,330
46020,"Truckee-Grass Valley, CA",2022-03-01,7,38,17,0,62,2092,337
46020,"Truckee-Grass Valley, CA",2022-04-01,8,38,7,3,56,2148,345
46020,"Truckee-Grass Valley, CA",2022-05-01,16,37,11,1,65,2213,361
46020,"Truckee-Grass Valley, CA",2022-06-01,12,32,6,3,53,2266,373
46020,"Truckee-Grass Valley, CA",2022-07-01,8,48,15,1,72,2338,381
46020,"Truckee-Grass Valley, CA",2022-08-01,11,46,23,0,80,2418,392
46020,"Truckee-Grass Valley, CA",2022-09-01,9,36,12,2,59,2477,401
46020,"Truckee-Grass Valley, CA",2022-10-01,12,45,13,1,71,2548,413
46020,"Truckee-Grass Valley, CA",2022-11-01,15,59,22,0,96,2644,428
46020,"Truckee-Grass Valley, CA",2022-12-01,20,68,29,5,122,2766,448
46020,"Truckee-Grass Valley, CA",2023-01-01,23,67,25,3,118,2884,471
46020,"Truckee-Grass Valley, CA",2023-02-01,17,41,19,1,78,2962,488
46020,"Truckee-Grass Valley, CA",2023-03-01,15,68,25,2,110,3072,503
46020,"Truckee-Grass Valley, CA",2023-04-01,18,45,19,1,83,3155,521
46020,"Truckee-Grass Valley, CA",2023-05-01,16,52,17,1,86,3241,537
46020,"Truckee-Grass Valley, CA",2023-06-01,13,44,11,1,69,3310,550
46020,"Truckee-Grass Valley, CA",2023-07-01,12,53,15,2,82,3392,562
46020,"Truckee-Grass Valley, CA",2023-08-01,11,65,15,1,92,3484,573
46020,"Truckee-Grass Valley, CA",2023-09-01,14,57,20,4,95,3579,587
46020,"Truckee-Grass Valley, CA",2023-10-01,11,59,10,1,81,3660,598
46020,"Truckee-Grass Valley, CA",2023-11-01,13,71,21,1,106,3766,611
46020,"Truckee-Grass Valley, CA",2023-12-01,29,54,22,2,107,3873,640
46020,"Truckee-Grass Valley, CA",2024-01-01,16,65,7,2,90,3963,656
46020,"Truckee-Grass Valley, CA",2024-02-01,15,45,7,0,67,4030,671
46020,"Truckee-Grass Valley, CA",2024-03-01,23,36,12,2,73,4103,694
46020,"Truckee-Grass Valley, CA",2024-04-01,11,39,12,0,62,4165,705
46020,"Truckee-Grass Valley, CA",2024-05-01,18,38,9,2,67,4232,723
46020,"Truckee-Grass Valley, CA",2024-06-01,14,49,6,0,69,4301,737
46020,"Truckee-Grass Valley, CA",2024-07-01,14,37,10,0,61,4362,751
46020,"Truckee-Grass Valley, CA",2024-08-01,11,31,5,1,48,4410,762
46020,"Truckee-Grass Valley, CA",2024-09-01,17,35,2,0,54,4464,779
46020,"Truckee-Grass Valley, CA",2024-10-01,9,21,5,0,35,4499,788
46020,"Truckee-Grass Valley, CA",2024-11-01,10,31,4,0,45,4544,798
46020,"Truckee-Grass Valley, CA",2024-12-01,16,49,5,1,71,4615,814
46020,"Truckee-Grass Valley, CA",2025-01-01,9,46,2,0,57,4672,823
46020,"Truckee-Grass Valley, CA",2025-02-01,16,25,9,0,50,4722,839
46020,"Truckee-Grass Valley, CA",2025-03-01,14,33,5,0,52,4774,853
46020,"Truckee-Grass Valley, CA",2025-04-01,9,31,7,1,48,4822,862
46020,"Truckee-Grass Valley, CA",2025-05-01,23,34,14,0,71,4893,885
46020,"Truckee-Grass Valley, CA",2025-06-01,14,34,12,2,62,4955,899
46020,"Truckee-Grass Valley, CA",2025-07-01,27,39,6,1,73,5028,926
46020,"Truckee-Grass Valley, CA",2025-08-01,13,23,6,0,42,5070,939
46020,"Truckee-Grass Valley, CA",2025-09-01,0,1,0,0,1,5071,939
32000,"Marion, NC",2019-01-01,0,1,2,1,4,4,0
32000,"Marion, NC",2019-02-01,0,0,1,0,1,5,0
32000,"Marion, NC",2019-03-01,0,0,1,0,1,6,0
32000,"Marion, NC",2019-04-01,0,0,2,0,2,8,0
32000,"Marion, NC",2019-05-01,0,1,2,1,4,12,0
32000,"Marion, NC",2019-06-01,0,2,1,0,3,15,0
32000,"Marion, NC",2019-07-01,1,1,0,1,3,18,1
32000,"Marion, NC",2019-08-01,1,4,1,0,6,24,2
32000,"Marion, NC",2019-09-01,0,3,2,0,5,29,2
32000,"Marion, NC",2019-11-01,0,2,0,0,2,31,2
32000,"Marion, NC",2019-12-01,0,2,2,0,4,35,2
32000,"Marion, NC",2020-01-01,0,9,0,0,9,44,2
32000,"Marion, NC",2020-02-01,0,8,2,0,10,54,2
32000,"Marion, NC",2020-03-01,1,8,2,0,11,65,3
32000,"Marion, NC",2020-04-01,5,13,3,0,21,86,8
32000,"Marion, NC",2020-05-01,4,20,4,0,28,114,12
32000,"Marion, NC",2020-06-01,5,16,2,0,23,137,17
32000,"Marion, NC",2020-07-01,1,16,3,0,20,157,18
32000,"Marion, NC",2020-08-01,3,29,3,1,36,193,21
32000,"Marion, NC",2020-09-01,6,14,4,0,24,217,27
32000,"Marion, NC",2020-10-01,3,16,1,2,22,239,30
32000,"Marion, NC",2020-11-01,3,17,7,1,28,267,33
32000,"Marion, NC",2020-12-01,5,19,6,1,31,298,38
32000,"Marion, NC",2021-01-01,7,30,10,1,48,346,45
32000,"Marion, NC",2021-02-01,4,18,4,1,27,373,49
32000,"Marion, NC",2021-03-01,8,19,12,0,39,412,57
32000,"Marion, NC",2021-04-01,5,29,9,2,45,457,62
32000,"Marion, NC",2021-05-01,13,39,6,0,58,515,75
32000,"Marion, NC",2021-06-01,6,44,7,2,59,574,81
32000,"Marion, NC",2021-07-01,5,25,12,1,43,617,86
32000,"Marion, NC",2021-08-01,7,29,8,1,45,662,93
32000,"Marion, NC",2021-09-01,6,21,8,1,36,698,99
32000,"Marion, NC",2021-10-01,6,21,7,1,35,733,105
32000,"Marion, NC",2021-11-01,9,16,8,0,33,766,114
32000,"Marion, NC",2021-12-01,6,27,6,0,39,805,120
32000,"Marion, NC",2022-01-01,10,27,12,0,49,854,130
32000,"Marion, NC",2022-02-01,4,36,3,0,43,897,134
32000,"Marion, NC",2022-03-01,10,30,6,1,47,944,144
32000,"Marion, NC",2022-04-01,7,28,8,0,43,987,151
32000,"Marion, NC",2022-05-01,11,28,9,1,49,1036,162
32000,"Marion, NC",2022-06-01,11,20,6,1,38,1074,173
32000,"Marion, NC",2022-07-01,12,23,4,0,39,1113,185
32000,"Marion, NC",2022-08-01,10,16,10,0,36,1149,195
32000,"Marion, NC",2022-09-01,4,21,2,0,27,1176,199
32000,"Marion, NC",2022-10-01,10,25,10,0,45,1221,209
32000,"Marion, NC",2022-11-01,17,19,5,1,42,1263,226
32000,"Marion, NC",2022-12-01,8,22,7,0,37,1300,234
32000,"Marion, NC",2023-01-01,10,19,8,0,37,1337,244
32000,"Marion, NC",2023-02-01,18,21,15,0,54,1391,262
32000,"Marion, NC",2023-03-01,12,21,10,1,44,1435,274
32000,"Marion, NC",2023-04-01,17,26,15,2,60,1495,291
32000,"Marion, NC",2023-05-01,9,23,9,3,44,1539,300
32000,"Marion, NC",2023-06-01,5,15,8,1,29,1568,305
32000,"Marion, NC",2023-07-01,9,29,7,0,45,1613,314
32000,"Marion, NC",2023-08-01,7,7,8,1,23,1636,321
32000,"Marion, NC",2023-09-01,7,22,5,0,34,1670,328
32000,"Marion, NC",2023-10-01,6,27,10,1,44,1714,334
32000,"Marion, NC",2023-11-01,10,19,6,1,36,1750,344
32000,"Marion, NC",2023-12-01,16,26,9,0,51,1801,360
32000,"Marion, NC",2024-01-01,20,19,18,0,57,1858,380
32000,"Marion, NC",2024-02-01,23,24,7,0,54,1912,403
32000,"Marion, NC",2024-03-01,13,27,6,1,47,1959,416
32000,"Marion, NC",2024-04-01,17,20,5,1,43,2002,433
32000,"Marion, NC",2024-05-01,24,26,13,2,65,2067,457
32000,"Marion, NC",2024-06-01,13,29,6,3,51,2118,470
32000,"Marion, NC",2024-07-01,12,23,8,1,44,2162,482
32000,"Marion, NC",2024-08-01,14,29,13,1,57,2219,496
32000,"Marion, NC",2024-09-01,11,13,4,0,28,2247,507
32000,"Marion, NC",2024-10-01,7,15,4,0,26,2273,514
32000,"Marion, NC",2024-11-01,13,14,6,0,33,2306,527
32000,"Marion, NC",2024-12-01,17,19,8,0,44,2350,544
32000,"Marion, NC",2025-01-01,13,17,4,0,34,2384,557
32000,"Marion, NC",2025-02-01,13,21,8,0,42,2426,570
32000,"Marion, NC",2025-03-01,17,23,10,1,51,2477,587
32000,"Marion, NC",2025-04-01,27,15,5,1,48,2525,614
32000,"Marion, NC",2025-05-01,28,26,8,0,62,2587,642
32000,"Marion, NC",2025-06-01,21,24,7,1,53,2640,663
32000,"Marion, NC",2025-07-01,18,25,5,1,49,2689,681
32000,"Marion, NC",2025-08-01,15,21,7,0,43,2732,696
32000,"Marion, NC",2025-09-01,1,2,0,0,3,2735,697
14100,"Bloomsburg-Berwick, PA",2019-01-01,0,6,0,0,6,6,0
14100,"Bloomsburg-Berwick, PA",2019-02-01,0,2,1,0,3,9,0
14100,"Bloomsburg-Berwick, PA",2019-04-01,0,5,6,1,12,21,0
14100,"Bloomsburg-Berwick, PA",2019-05-01,0,10,5,0,15,36,0
14100,"Bloomsburg-Berwick, PA",2019-06-01,0,6,1,1,8,44,0
14100,"Bloomsburg-Berwick, PA",2019-07-01,0,30,7,0,37,81,0
14100,"Bloomsburg-Berwick, PA",2019-08-01,0,26,9,0,35,116,0
14100,"Bloomsburg-Berwick, PA",2019-09-01,0,23,8,0,31,147,0
14100,"Bloomsburg-Berwick, PA",2019-10-01,2,19,4,1,26,173,2
14100,"Bloomsburg-Berwick, PA",2019-11-01,0,26,1,0,27,200,2
14100,"Bloomsburg-Berwick, PA",2019-12-01,1,14,5,0,20,220,3
14100,"Bloomsburg-Berwick, PA",2020-01-01,3,22,0,0,25,245,6
14100,"Bloomsburg-Berwick, PA",2020-02-01,10,16,4,0,30,275,16
14100,"Bloomsburg-Berwick, PA",2020-03-01,4,24,9,0,37,312,20
14100,"Bloomsburg-Berwick, PA",2020-04-01,15,31,8,0,54,366,35
14100,"Bloomsburg-Berwick, PA",2020-05-01,32,62,6,0,100,466,67
14100,"Bloomsburg-Berwick, PA",2020-06-01,24,60,2,1,87,553,91
14100,"Bloomsburg-Berwick, PA",2020-07-01,17,58,5,1,81,634,108
14100,"Bloomsburg-Berwick, PA",2020-08-01,19,57,7,0,83,717,127
14100,"Bloomsburg-Berwick, PA",2020-09-01,30,47,4,1,82,799,157
14100,"Bloomsburg-Berwick, PA",2020-10-01,21,37,10,1,69,868,178
14100,"Bloomsburg-Berwick, PA",2020-11-01,11,37,6,1,55,923,189
14100,"Bloomsburg-Berwick, PA",2020-12-01,24,32,3,1,60,983,213
14100,"Bloomsburg-Berwick, PA",2021-01-01,40,54,9,1,104,1087,253
14100,"Bloomsburg-Berwick, PA",2021-02-01,24,38,8,0,70,1157,277
14100,"Bloomsburg-Berwick, PA",2021-03-01,36,34,4,0,74,1231,313
14100,"Bloomsburg-Berwick, PA",2021-04-01,22,42,10,1,75,1306,335
14100,"Bloomsburg-Berwick, PA",2021-05-01,30,58,11,0,99,1405,365
14100,"Bloomsburg-Berwick, PA",2021-06-01,31,48,10,1,90,1495,396
14100,"Bloomsburg-Berwick, PA",2021-07-01,18,44,9,0,71,1566,414
14100,"Bloomsburg-Berwick, PA",2021-08-01,21,48,8,0,77,1643,435
14100,"Bloomsburg-Berwick, PA",2021-09-01,17,41,12,1,71,1714,452
14100,"Bloomsburg-Berwick, PA",2021-10-01,12,38,8,0,58,1772,464
14100,"Bloomsburg-Berwick, PA",2021-11-01,15,33,3,0,51,1823,479
14100,"Bloomsburg-Berwick, PA",2021-12-01,25,42,5,0,72,1895,504
14100,"Bloomsburg-Berwick, PA",2022-01-01,27,51,4,1,83,1978,531
14100,"Bloomsburg-Berwick, PA",2022-02-01,17,50,7,0,74,2052,548
14100,"Bloomsburg-Berwick, PA",2022-03-01,28,35,9,1,73,2125,576
14100,"Bloomsburg-Berwick, PA",2022-04-01,21,32,8,0,61,2186,597
14100,"Bloomsburg-Berwick, PA",2022-05-01,20,31,9,0,60,2246,617
14100,"Bloomsburg-Berwick, PA",2022-06-01,18,27,10,0,55,2301,635
14100,"Bloomsburg-Berwick, PA",2022-07-01,12,26,6,1,45,2346,647
14100,"Bloomsburg-Berwick, PA",2022-08-01,20,35,5,2,62,2408,667
14100,"Bloomsburg-Berwick, PA",2022-09-01,27,25,7,0,59,2467,694
14100,"Bloomsburg-Berwick, PA",2022-10-01,21,25,10,1,57,2524,715
14100,"Bloomsburg-Berwick, PA",2022-11-01,32,31,10,0,73,2597,747
14100,"Bloomsburg-Berwick, PA",2022-12-01,17,25,6,1,49,2646,764
14100,"Bloomsburg-Berwick, PA",2023-01-01,32,30,6,0,68,2714,796
14100,"Bloomsburg-Berwick, PA",2023-02-01,21,35,12,3,71,2785,817
14100,"Bloomsburg-Berwick, PA",2023-03-01,30,38,5,1,74,2859,847
14100,"Bloomsburg-Berwick, PA",2023-04-01,22,39,9,1,71,2930,869
14100,"Bloomsburg-Berwick, PA",2023-05-01,29,19,3,0,51,2981,898
14100,"Bloomsburg-Berwick, PA",2023-06-01,16,16,10,1,43,3024,914
14100,"Bloomsburg-Berwick, PA",2023-07-01,25,22,4,1,52,3076,939
14100,"Bloomsburg-Berwick, PA",2023-08-01,15,24,6,0,45,3121,954
14100,"Bloomsburg-Berwick, PA",2023-09-01,23,26,9,2,60,3181,977
14100,"Bloomsburg-Berwick, PA",2023-10-01,33,24,9,2,68,3249,1010
14100,"Bloomsburg-Berwick, PA",2023-11-01,33,38,9,0,80,3329,1043
14100,"Bloomsburg-Berwick, PA",2023-12-01,39,41,7,0,87,3416,1082
14100,"Bloomsburg-Berwick, PA",2024-01-01,39,32,16,1,88,3504,1121
14100,"Bloomsburg-Berwick, PA",2024-02-01,40,35,15,1,91,3595,1161
14100,"Bloomsburg-Berwick, PA",2024-03-01,49,30,20,1,100,3695,1210
14100,"Bloomsburg-Berwick, PA",2024-04-01,40,19,9,0,68,3763,1250
14100,"Bloomsburg-Berwick, PA",2024-05-01,35,25,8,0,68,3831,1285
14100,"Bloomsburg-Berwick, PA",2024-06-01,19,28,8,1,56,3887,1304
14100,"Bloomsburg-Berwick, PA",2024-07-01,16,23,6,0,45,3932,1320
14100,"Bloomsburg-Berwick, PA",2024-08-01,24,28,9,0,61,3993,1344
14100,"Bloomsburg-Berwick, PA",2024-09-01,44,41,6,0,91,4084,1388
14100,"Bloomsburg-Berwick, PA",2024-10-01,44,22,10,0,76,4160,1432
14100,"Bloomsburg-Berwick, PA",2024-11-01,46,22,8,0,76,4236,1478
14100,"Bloomsburg-Berwick, PA",2024-12-01,43,34,6,2,85,4321,1521
14100,"Bloomsburg-Berwick, PA",2025-01-01,47,40,9,1,97,4418,1568
14100,"Bloomsburg-Berwick, PA",2025-02-01,45,36,11,1,93,4511,1613
14100,"Bloomsburg-Berwick, PA",2025-03-01,46,35,9,1,91,4602,1659
14100,"Bloomsburg-Berwick, PA",2025-04-01,39,33,6,3,81,4683,1698
14100,"Bloomsburg-Berwick, PA",2025-05-01,55,36,14,1,106,4789,1753
14100,"Bloomsburg-Berwick, PA",2025-06-01,35,42,6,2,85,4874,1788
14100,"Bloomsburg-Berwick, PA",2025-07-01,31,37,10,0,78,4952,1819
14100,"Bloomsburg-Berwick, PA",2025-08-01,31,27,4,0,62,5014,1850
14100,"Bloomsburg-Berwick, PA",2025-09-01,1,1,0,0,2,5016,1851
42620,"Searcy, AR",2019-01-01,0,1,1,0,2,2,0
42620,"Searcy, AR",2019-02-01,0,0,1,0,1,3,0
42620,"Searcy, AR",2019-03-01,0,4,0,0,4,7,0
42620,"Searcy, AR",2019-04-01,0,2,0,0,2,9,0
42620,"Searcy, AR",2019-05-01,0,6,3,0,9,18,0
42620,"Searcy, AR",2019-06-01,1,12,5,0,18,36,1
42620,"Searcy, AR",2019-07-01,0,11,4,0,15,51,1
42620,"Searcy, AR",2019-08-01,0,6,3,0,9,60,1
42620,"Searcy, AR",2019-09-01,1,11,3,1,16,76,2
42620,"Searcy, AR",2019-10-01,1,7,1,0,9,85,3
42620,"Searcy, AR",2019-11-01,4,14,2,0,20,105,7
42620,"Searcy, AR",2019-12-01,4,11,0,0,15,120,11
42620,"Searcy, AR",2020-01-01,0,17,3,0,20,140,11
42620,"Searcy, AR",2020-02-01,4,13,4,0,21,161,15
42620,"Searcy, AR",2020-03-01,7,21,2,0,30,191,22
42620,"Searcy, AR",2020-04-01,7,27,7,0,41,232,29
42620,"Searcy, AR",2020-05-01,9,39,2,0,50,282,38
42620,"Searcy, AR",2020-06-01,8,32,3,0,43,325,46
42620,"Searcy, AR",2020-07-01,11,36,4,1,52,377,57
42620,"Searcy, AR",2020-08-01,6,20,5,0,31,408,63
42620,"Searcy, AR",2020-09-01,8,31,3,1,43,451,71
42620,"Searcy, AR",2020-10-01,8,30,7,0,45,496,79
42620,"Searcy, AR",2020-11-01,6,19,4,0,29,525,85
42620,"Searcy, AR",2020-12-01,12,32,8,1,53,578,97
42620,"Searcy, AR",2021-01-01,15,39,7,1,62,640,112
42620,"Searcy, AR",2021-02-01,18,41,9,1,69,709,130
42620,"Searcy, AR",2021-03-01,14,42,9,0,65,774,144
42620,"Searcy, AR",2021-04-01,14,35,13,0,62,836,158
42620,"Searcy, AR",2021-05-01,17,35,7,2,61,897,175
42620,"Searcy, AR",2021-06-01,15,44,9,0,68,965,190
42620,"Searcy, AR",2021-07-01,11,45,5,0,61,1026,201
42620,"Searcy, AR",2021-08-01,13,31,6,1,51,1077,214
42620,"Searcy, AR",2021-09-01,7,27,7,1,42,1119,221
42620,"Searcy, AR",2021-10-01,14,30,6,1,51,1170,235
42620,"Searcy, AR",2021-11-01,12,31,7,0,50,1220,247
42620,"Searcy, AR",2021-12-01,26,22,10,1,59,1279,273
42620,"Searcy, AR",2022-01-01,26,49,23,2,100,1379,299
42620,"Searcy, AR",2022-02-01,19,33,11,0,63,1442,318
42620,"Searcy, AR",2022-03-01,23,45,12,2,82,1524,341
42620,"Searcy, AR",2022-04-01,22,39,11,1,73,1597,363
42620,"Searcy, AR",2022-05-01,10,54,11,0,75,1672,373
42620,"Searcy, AR",2022-06-01,18,27,7,1,53,1725,391
42620,"Searcy, AR",2022-07-01,10,26,12,1,49,1774,401
42620,"Searcy, AR",2022-08-01,15,27,8,0,50,1824,416
42620,"Searcy, AR",2022-09-01,19,26,17,1,63,1887,435
42620,"Searcy, AR",2022-10-01,11,34,8,0,53,1940,446
42620,"Searcy, AR",2022-11-01,22,51,22,2,97,2037,468
42620,"Searcy, AR",2022-12-01,14,45,9,1,69,2106,482
42620,"Searcy, AR",2023-01-01,17,34,8,0,59,2165,499
42620,"Searcy, AR",2023-02-01,24,31,10,2,67,2232,523
42620,"Searcy, AR",2023-03-01,31,51,14,0,96,2328,554
42620,"Searcy, AR",2023-04-01,22,35,11,0,68,2396,576
42620,"Searcy, AR",2023-05-01,19,30,11,1,61,2457,595
42620,"Searcy, AR",2023-06-01,11,26,12,1,50,2507,606
42620,"Searcy, AR",2023-07-01,11,27,6,1,45,2552,617
42620,"Searcy, AR",2023-08-01,8,38,6,0,52,2604,625
42620,"Searcy, AR",2023-09-01,14,30,10,1,55,2659,639
42620,"Searcy, AR",2023-10-01,9,29,10,0,48,2707,648
42620,"Searcy, AR",2023-11-01,25,31,12,2,70,2777,673
42620,"Searcy, AR",2023-12-01,27,33,13,0,73,2850,700
42620,"Searcy, AR",2024-01-01,30,38,12,0,80,2930,730
42620,"Searcy, AR",2024-02-01,36,30,12,1,79,3009,766
42620,"Searcy, AR",2024-03-01,29,41,13,1,84,3093,795
42620,"Searcy, AR",2024-04-01,10,27,8,0,45,3138,805
42620,"Searcy, AR",2024-05-01,26,16,10,0,52,3190,831
42620,"Searcy, AR",2024-06-01,14,13,4,2,33,3223,845
42620,"Searcy, AR",2024-07-01,17,14,5,1,37,3260,862
42620,"Searcy, AR",2024-08-01,18,21,7,3,49,3309,880
42620,"Searcy, AR",2024-09-01,13,16,15,1,45,3354,893
42620,"Searcy, AR",2024-10-01,29,38,8,0,75,3429,922
42620,"Searcy, AR",2024-11-01,36,31,7,1,75,3504,958
42620,"Searcy, AR",2024-12-01,28,22,11,1,62,3566,986
42620,"Searcy, AR",2025-01-01,34,36,12,1,83,3649,1020
42620,"Searcy, AR",2025-02-01,39,34,14,2,89,3738,1059
42620,"Searcy, AR",2025-03-01,49,36,14,1,100,3838,1108
42620,"Searcy, AR",2025-04-01,40,38,7,2,87,3925,1148
42620,"Searcy, AR",2025-05-01,50,38,14,1,103,4028,1198
42620,"Searcy, AR",2025-06-01,49,35,14,2,100,4128,1247
42620,"Searcy, AR",2025-07-01,28,44,10,1,83,4211,1275
42620,"Searcy, AR",2025-08-01,31,41,14,1,87,4298,1306
42620,"Searcy, AR",2025-09-01,1,0,0,0,1,4299,1307
40580,"Rocky Mount, NC",2019-01-01,0,8,3,0,11,11,0
40580,"Rocky Mount, NC",2019-02-01,0,11,2,2,15,26,0
40580,"Rocky Mount, NC",2019-03-01,0,22,7,0,29,55,0
40580,"Rocky Mount, NC",2019-04-01,0,32,10,1,43,98,0
40580,"Rocky Mount, NC",2019-05-01,3,45,7,1,56,154,3
40580,"Rocky Mount, NC",2019-06-01,0,27,5,1,33,187,3
40580,"Rocky Mount, NC",2019-07-01,0,25,7,1,33,220,3
40580,"Rocky Mount, NC",2019-08-01,0,25,4,1,30,250,3
40580,"Rocky Mount, NC",2019-09-01,0,23,5,0,28,278,3
40580,"Rocky Mount, NC",2019-10-01,1,25,6,1,33,311,4
40580,"Rocky Mount, NC",2019-11-01,2,27,3,1,33,344,6
40580,"Rocky Mount, NC",2019-12-01,2,26,9,1,38,382,8
40580,"Rocky Mount, NC",2020-01-01,1,18,5,1,25,407,9
40580,"Rocky Mount, NC",2020-02-01,4,19,10,1,34,441,13
40580,"Rocky Mount, NC",2020-03-01,2,40,7,1,50,491,15
40580,"Rocky Mount, NC",2020-04-01,7,62,19,2,90,581,22
40580,"Rocky Mount, NC",2020-05-01,17,75,13,4,109,690,39
40580,"Rocky Mount, NC",2020-06-01,14,69,10,0,93,783,53
40580,"Rocky Mount, NC",2020-07-01,20,64,10,4,98,881,73
40580,"Rocky Mount, NC",2020-08-01,25,110,40,3,178,1059,98
40580,"Rocky Mount, NC",2020-09-01,18,94,25,0,137,1196,116
40580,"Rocky Mount, NC",2020-10-01,10,58,15,1,84,1280,126
40580,"Rocky Mount, NC",2020-11-01,11,40,13,1,65,1345,137
40580,"Rocky Mount, NC",2020-12-01,10,46,16,1,73,1418,147
40580,"Rocky Mount, NC",2021-01-01,30,98,19,1,148,1566,177
40580,"Rocky Mount, NC",2021-02-01,21,79,18,3,121,1687,198
40580,"Rocky Mount, NC",2021-03-01,24,88,24,3,139,1826,222
40580,"Rocky Mount, NC",2021-04-01,39,127,35,2,203,2029,261
40580,"Rocky Mount, NC",2021-05-01,43,106,25,4,178,2207,304
40580,"Rocky Mount, NC",2021-06-01,28,89,8,2,127,2334,332
40580,"Rocky Mount, NC",2021-07-01,24,94,24,4,146,2480,356
40580,"Rocky Mount, NC",2021-08-01,38,93,27,2,160,2640,394
40580,"Rocky Mount, NC",2021-09-01,25,99,24,4,152,2792,419
40580,"Rocky Mount, NC",2021-10-01,19,87,18,4,128,2920,438
40580,"Rocky Mount, NC",2021-11-01,20,60,16,2,98,3018,458
40580,"Rocky Mount, NC",2021-12-01,26,83,18,0,127,3145,484
40580,"Rocky Mount, NC",2022-01-01,33,109,32,1,175,3320,517
40580,"Rocky Mount, NC",2022-02-01,27,78,18,3,126,3446,544
40580,"Rocky Mount, NC",2022-03-01,45,98,37,2,182,3628,589
40580,"Rocky Mount, NC",2022-04-01,22,104,33,5,164,3792,611
40580,"Rocky Mount, NC",2022-05-01,38,106,30,2,176,3968,649
40580,"Rocky Mount, NC",2022-06-01,20,69,12,1,102,4070,669
40580,"Rocky Mount, NC",2022-07-01,23,64,14,0,101,4171,692
40580,"Rocky Mount, NC",2022-08-01,31,96,34,3,164,4335,723
40580,"Rocky Mount, NC",2022-09-01,26,80,15,3,124,4459,749
40580,"Rocky Mount, NC",2022-10-01,32,61,26,5,124,4583,781
40580,"Rocky Mount, NC",2022-11-01,28,63,15,4,110,4693,809
40580,"Rocky Mount, NC",2022-12-01,42,88,19,2,151,4844,851
40580,"Rocky Mount, NC",2023-01-01,31,58,22,1,112,4956,882
40580,"Rocky Mount, NC",2023-02-01,37,45,29,0,111,5067,919
40580,"Rocky Mount, NC",2023-03-01,36,60,20,0,116,5183,955
40580,"Rocky Mount, NC",2023-04-01,36,72,23,3,134,5317,991
40580,"Rocky Mount, NC",2023-05-01,33,50,11,3,97,5414,1024
40580,"Rocky Mount, NC",2023-06-01,27,45,17,2,91,5505,1051
40580,"Rocky Mount, NC",2023-07-01,30,54,20,3,107,5612,1081
40580,"Rocky Mount, NC",2023-08-01,19,59,22,2,102,5714,1100
40580,"Rocky Mount, NC",2023-09-01,37,86,21,2,146,5860,1137
40580,"Rocky Mount, NC",2023-10-01,28,56,19,3,106,5966,1165
40580,"Rocky Mount, NC",2023-11-01,53,82,26,1,162,6128,1218
40580,"Rocky Mount, NC",2023-12-01,53,64,29,2,148,6276,1271
40580,"Rocky Mount, NC",2024-01-01,53,81,23,2,159,6435,1324
40580,"Rocky Mount, NC",2024-02-01,45,53,18,4,120,6555,1369
40580,"Rocky Mount, NC",2024-03-01,47,58,21,5,131,6686,1416
40580,"Rocky Mount, NC",2024-04-01,40,67,16,5,128,6814,1456
40580,"Rocky Mount, NC",2024-05-01,46,69,21,1,137,6951,1502
40580,"Rocky Mount, NC",2024-06-01,33,51,23,1,108,7059,1535
40580,"Rocky Mount, NC",2024-07-01,25,47,15,2,89,7148,1560
40580,"Rocky Mount, NC",2024-08-01,33,68,36,0,137,7285,1593
40580,"Rocky Mount, NC",2024-09-01,51,85,18,7,161,7446,1644
40580,"Rocky Mount, NC",2024-10-01,58,93,37,2,190,7636,1702
40580,"Rocky Mount, NC",2024-11-01,51,83,32,4,170,7806,1753
40580,"Rocky Mount, NC",2024-12-01,66,80,23,0,169,7975,1819
40580,"Rocky Mount, NC",2025-01-01,58,64,34,1,157,8132,1877
40580,"Rocky Mount, NC",2025-02-01,48,59,20,6,133,8265,1925
40580,"Rocky Mount, NC",2025-03-01,62,67,25,5,159,8424,1987
40580,"Rocky Mount, NC",2025-04-01,57,66,34,5,162,8586,2044
40580,"Rocky Mount, NC",2025-05-01,70,77,37,8,192,8778,2114
40580,"Rocky Mount, NC",2025-06-01,63,64,43,6,176,8954,2177
40580,"Rocky Mount, NC",2025-07-01,57,68,21,3,149,9103,2234
40580,"Rocky Mount, NC",2025-08-01,45,67,31,1,144,9247,2279
40580,"Rocky Mount, NC",2025-09-01,1,1,0,0,2,9249,2280
16060,"Carbondale, IL",2019-01-01,1,3,0,0,4,4,1
16060,"Carbondale, IL",2019-02-01,1,6,2,0,9,13,2
16060,"Carbondale, IL",2019-03-01,1,5,3,0,9,22,3
16060,"Carbondale, IL",2019-04-01,1,22,6,1,30,52,4
16060,"Carbondale, IL",2019-05-01,2,18,1,0,21,73,6
16060,"Carbondale, IL",2019-06-01,1,15,2,0,18,91,7
16060,"Carbondale, IL",2019-07-01,4,21,2,1,28,119,11
16060,"Carbondale, IL",2019-08-01,1,21,3,0,25,144,12
16060,"Carbondale, IL",2019-09-01,3,28,5,0,36,180,15
16060,"Carbondale, IL",2019-10-01,0,19,3,1,23,203,15
16060,"Carbondale, IL",2019-11-01,1,31,5,1,38,241,16
16060,"Carbondale, IL",2019-12-01,4,17,4,0,25,266,20
16060,"Carbondale, IL",2020-01-01,12,26,3,1,42,308,32
16060,"Carbondale, IL",2020-02-01,7,24,3,0,34,342,39
16060,"Carbondale, IL",2020-03-01,7,33,4,2,46,388,46
16060,"Carbondale, IL",2020-04-01,11,47,8,1,67,455,57
16060,"Carbondale, IL",2020-05-01,22,67,5,3,97,552,79
16060,"Carbondale, IL",2020-06-01,12,46,3,0,61,613,91
16060,"Carbondale, IL",2020-07-01,17,71,4,0,92,705,108
16060,"Carbondale, IL",2020-08-01,21,68,10,2,101,806,129
16060,"Carbondale, IL",2020-09-01,16,47,7,0,70,876,145
16060,"Carbondale, IL",2020-10-01,13,48,4,0,65,941,158
16060,"Carbondale, IL",2020-11-01,13,24,1,0,38,979,171
16060,"Carbondale, IL",2020-12-01,13,23,12,0,48,1027,184
16060,"Carbondale, IL",2021-01-01,25,48,13,2,88,1115,209
16060,"Carbondale, IL",2021-02-01,25,49,14,0,88,1203,234
16060,"Carbondale, IL",2021-03-01,46,62,13,0,121,1324,280
16060,"Carbondale, IL",2021-04-01,37,60,8,2,107,1431,317
16060,"Carbondale, IL",2021-05-01,26,61,9,3,99,1530,343
16060,"Carbondale, IL",2021-06-01,27,59,1,1,88,1618,370
16060,"Carbondale, IL",2021-07-01,10,45,10,0,65,1683,380
16060,"Carbondale, IL",2021-08-01,30,46,17,1,94,1777,410
16060,"Carbondale, IL",2021-09-01,7,32,4,0,43,1820,417
16060,"Carbondale, IL",2021-10-01,20,44,7,0,71,1891,437
16060,"Carbondale, IL",2021-11-01,22,47,17,1,87,1978,459
16060,"Carbondale, IL",2021-12-01,29,45,11,0,85,2063,488
16060,"Carbondale, IL",2022-01-01,41,63,19,1,124,2187,529
16060,"Carbondale, IL",2022-02-01,32,45,14,0,91,2278,561
16060,"Carbondale, IL",2022-03-01,38,62,19,1,120,2398,599
16060,"Carbondale, IL",2022-04-01,21,56,11,1,89,2487,620
16060,"Carbondale, IL",2022-05-01,22,40,11,0,73,2560,642
16060,"Carbondale, IL",2022-06-01,19,32,11,1,63,2623,661
16060,"Carbondale, IL",2022-07-01,11,43,6,2,62,2685,672
16060,"Carbondale, IL",2022-08-01,15,30,7,0,52,2737,687
16060,"Carbondale, IL",2022-09-01,24,47,14,0,85,2822,711
16060,"Carbondale, IL",2022-10-01,32,39,9,1,81,2903,743
16060,"Carbondale, IL",2022-11-01,27,56,10,1,94,2997,770
16060,"Carbondale, IL",2022-12-01,21,36,16,2,75,3072,791
16060,"Carbondale, IL",2023-01-01,29,36,5,0,70,3142,820
16060,"Carbondale, IL",2023-02-01,32,35,6,0,73,3215,852
16060,"Carbondale, IL",2023-03-01,66,48,16,1,131,3346,918
16060,"Carbondale, IL",2023-04-01,24,39,16,1,80,3426,942
16060,"Carbondale, IL",2023-05-01,17,20,11,0,48,3474,959
16060,"Carbondale, IL",2023-06-01,23,27,9,0,59,3533,982
16060,"Carbondale, IL",2023-07-01,15,23,15,0,53,3586,997
16060,"Carbondale, IL",2023-08-01,21,14,10,2,47,3633,1018
16060,"Carbondale, IL",2023-09-01,28,29,8,0,65,3698,1046
16060,"Carbondale, IL",2023-10-01,28,35,13,1,77,3775,1074
16060,"Carbondale, IL",2023-11-01,42,49,12,1,104,3879,1116
16060,"Carbondale, IL",2023-12-01,47,45,9,1,102,3981,1163
16060,"Carbondale, IL",2024-01-01,46,46,12,2,106,4087,1209
16060,"Carbondale, IL",2024-02-01,57,27,6,0,90,4177,1266
16060,"Carbondale, IL",2024-03-01,62,51,11,1,125,4302,1328
16060,"Carbondale, IL",2024-04-01,30,33,8,0,71,4373,1358
16060,"Carbondale, IL",2024-05-01,25,25,6,0,56,4429,1383
16060,"Carbondale, IL",2024-06-01,21,22,4,0,47,4476,1404
16060,"Carbondale, IL",2024-07-01,11,11,6,1,29,4505,1415
16060,"Carbondale, IL",2024-08-01,25,40,3,1,69,4574,1440
16060,"Carbondale, IL",2024-09-01,57,37,15,1,110,4684,1497
16060,"Carbondale, IL",2024-10-01,61,52,10,3,126,4810,1558
16060,"Carbondale, IL",2024-11-01,75,53,17,2,147,4957,1633
16060,"Carbondale, IL",2024-12-01,81,56,13,1,151,5108,1714
16060,"Carbondale, IL",2025-01-01,66,31,14,2,113,5221,1780
16060,"Carbondale, IL",2025-02-01,63,42,12,2,119,5340,1843
16060,"Carbondale, IL",2025-03-01,83,43,10,3,139,5479,1926
16060,"Carbondale, IL",2025-04-01,81,61,14,0,156,5635,2007
16060,"Carbondale, IL",2025-05-01,64,42,9,0,115,5750,2071
16060,"Carbondale, IL",2025-06-01,33,25,6,0,64,5814,2104
16060,"Carbondale, IL",2025-07-01,24,16,4,0,44,5858,2128
16060,"Carbondale, IL",2025-08-01,22,29,2,1,54,5912,2150
16060,"Carbondale, IL",2025-09-01,3,0,0,0,3,5915,2153
14460,"Boston-Cambridge-Newton, MA-NH",2019-01-01,14,360,89,6,469,469,14
14460,"Boston-Cambridge-Newton, MA-NH",2019-02-01,11,401,72,7,491,960,25
14460,"Boston-Cambridge-Newton, MA-NH",2019-03-01,27,531,109,13,680,1640,52
14460,"Boston-Cambridge-Newton, MA-NH",2019-04-01,23,495,105,9,632,2272,75
14460,"Boston-Cambridge-Newton, MA-NH",2019-05-01,30,495,112,12,649,2921,105
14460,"Boston-Cambridge-Newton, MA-NH",2019-06-01,33,383,68,6,490,3411,138
14460,"Boston-Cambridge-Newton, MA-NH",2019-07-01,48,616,85,9,758,4169,186
14460,"Boston-Cambridge-Newton, MA-NH",2019-08-01,43,475,98,10,626,4795,229
14460,"Boston-Cambridge-Newton, MA-NH",2019-09-01,33,555,96,10,694,5489,262
14460,"Boston-Cambridge-Newton, MA-NH",2019-10-01,58,676,125,19,878,6367,320
14460,"Boston-Cambridge-Newton, MA-NH",2019-11-01,38,644,114,9,805,7172,358
14460,"Boston-Cambridge-Newton, MA-NH",2019-12-01,72,544,106,17,739,7911,430
14460,"Boston-Cambridge-Newton, MA-NH",2020-01-01,55,457,103,11,626,8537,485
14460,"Boston-Cambridge-Newton, MA-NH",2020-02-01,43,313,78,19,453,8990,528
14460,"Boston-Cambridge-Newton, MA-NH",2020-03-01,40,402,150,17,609,9599,568
14460,"Boston-Cambridge-Newton, MA-NH",2020-04-01,134,675,259,36,1104,10703,702
14460,"Boston-Cambridge-Newton, MA-NH",2020-05-01,353,1077,282,42,1754,12457,1055
14460,"Boston-Cambridge-Newton, MA-NH",2020-06-01,331,1021,244,38,1634,14091,1386
14460,"Boston-Cambridge-Newton, MA-NH",2020-07-01,342,1302,274,41,1959,16050,1728
14460,"Boston-Cambridge-Newton, MA-NH",2020-08-01,292,2135,389,58,2874,18924,2020
14460,"Boston-Cambridge-Newton, MA-NH",2020-09-01,303,1945,443,79,2770,21694,2323
14460,"Boston-Cambridge-Newton, MA-NH",2020-10-01,310,1739,371,57,2477,24171,2633
14460,"Boston-Cambridge-Newton, MA-NH",2020-11-01,364,1593,335,59,2351,26522,2997
14460,"Boston-Cambridge-Newton, MA-NH",2020-12-01,463,1604,385,84,2536,29058,3460
14460,"Boston-Cambridge-Newton, MA-NH",2021-01-01,513,1909,560,115,3097,32155,3973
14460,"Boston-Cambridge-Newton, MA-NH",2021-02-01,367,1647,506,89,2609,34764,4340
14460,"Boston-Cambridge-Newton, MA-NH",2021-03-01,475,1545,434,73,2527,37291,4815
14460,"Boston-Cambridge-Newton, MA-NH",2021-04-01,441,1538,401,76,2456,39747,5256
14460,"Boston-Cambridge-Newton, MA-NH",2021-05-01,662,1599,337,48,2646,42393,5918
14460,"Boston-Cambridge-Newton, MA-NH",2021-06-01,604,1755,324,41,2724,45117,6522
14460,"Boston-Cambridge-Newton, MA-NH",2021-07-01,663,1845,419,41,2968,48085,7185
14460,"Boston-Cambridge-Newton, MA-NH",2021-08-01,465,1814,484,46,2809,50894,7650
14460,"Boston-Cambridge-Newton, MA-NH",2021-09-01,405,2125,633,71,3234,54128,8055
14460,"Boston-Cambridge-Newton, MA-NH",2021-10-01,354,2379,680,155,3568,57696,8409
14460,"Boston-Cambridge-Newton, MA-NH",2021-11-01,442,1535,397,36,2410,60106,8851
14460,"Boston-Cambridge-Newton, MA-NH",2021-12-01,634,1607,401,60,2702,62808,9485
14460,"Boston-Cambridge-Newton, MA-NH",2022-01-01,660,1856,554,72,3142,65950,10145
14460,"Boston-Cambridge-Newton, MA-NH",2022-02-01,447,1506,496,87,2536,68486,10592
14460,"Boston-Cambridge-Newton, MA-NH",2022-03-01,436,1431,555,49,2471,70957,11028
14460,"Boston-Cambridge-Newton, MA-NH",2022-04-01,413,1288,776,91,2568,73525,11441
14460,"Boston-Cambridge-Newton, MA-NH",2022-05-01,452,1158,720,150,2480,76005,11893
14460,"Boston-Cambridge-Newton, MA-NH",2022-06-01,394,957,354,38,1743,77748,12287
14460,"Boston-Cambridge-Newton, MA-NH",2022-07-01,384,910,404,41,1739,79487,12671
14460,"Boston-Cambridge-Newton, MA-NH",2022-08-01,456,1296,820,105,2677,82164,13127
14460,"Boston-Cambridge-Newton, MA-NH",2022-09-01,402,1417,1069,120,3008,85172,13529
14460,"Boston-Cambridge-Newton, MA-NH",2022-10-01,379,1390,861,145,2775,87947,13908
14460,"Boston-Cambridge-Newton, MA-NH",2022-11-01,424,1185,448,38,2095,90042,14332
14460,"Boston-Cambridge-Newton, MA-NH",2022-12-01,572,1167,445,52,2236,92278,14904
14460,"Boston-Cambridge-Newton, MA-NH",2023-01-01,594,1179,366,39,2178,94456,15498
14460,"Boston-Cambridge-Newton, MA-NH",2023-02-01,476,1074,297,27,1874,96330,15974
14460,"Boston-Cambridge-Newton, MA-NH",2023-03-01,555,1187,316,28,2086,98416,16529
14460,"Boston-Cambridge-Newton, MA-NH",2023-04-01,472,993,253,20,1738,100154,17001
14460,"Boston-Cambridge-Newton, MA-NH",2023-05-01,604,948,198,20,1770,101924,17605
14460,"Boston-Cambridge-Newton, MA-NH",2023-06-01,651,957,202,21,1831,103755,18256
14460,"Boston-Cambridge-Newton, MA-NH",2023-07-01,615,1020,229,23,1887,105642,18871
14460,"Boston-Cambridge-Newton, MA-NH",2023-08-01,518,1073,284,21,1896,107538,19389
14460,"Boston-Cambridge-Newton, MA-NH",2023-09-01,529,1336,321,23,2209,109747,19918
14460,"Boston-Cambridge-Newton, MA-NH",2023-10-01,537,1320,340,35,2232,111979,20455
14460,"Boston-Cambridge-Newton, MA-NH",2023-11-01,557,1356,370,39,2322,114301,21012
14460,"Boston-Cambridge-Newton, MA-NH",2023-12-01,660,1263,389,49,2361,116662,21672
14460,"Boston-Cambridge-Newton, MA-NH",2024-01-01,620,1435,417,33,2505,119167,22292
14460,"Boston-Cambridge-Newton, MA-NH",2024-02-01,568,1185,316,56,2125,121292,22860
14460,"Boston-Cambridge-Newton, MA-NH",2024-03-01,636,1277,379,36,2328,123620,23496
14460,"Boston-Cambridge-Newton, MA-NH",2024-04-01,498,1114,327,21,1960,125580,23994
14460,"Boston-Cambridge-Newton, MA-NH",2024-05-01,708,1186,299,35,2228,127808,24702
14460,"Boston-Cambridge-Newton, MA-NH",2024-06-01,719,1127,311,31,2188,129996,25421
14460,"Boston-Cambridge-Newton, MA-NH",2024-07-01,728,1224,308,29,2289,132285,26149
14460,"Boston-Cambridge-Newton, MA-NH",2024-08-01,615,1425,376,52,2468,134753,26764
14460,"Boston-Cambridge-Newton, MA-NH",2024-09-01,604,1338,367,48,2357,137110,27368
14460,"Boston-Cambridge-Newton, MA-NH",2024-10-01,574,1283,337,47,2241,139351,27942
14460,"Boston-Cambridge-Newton, MA-NH",2024-11-01,636,1228,331,26,2221,141572,28578
14460,"Boston-Cambridge-Newton, MA-NH",2024-12-01,786,1251,319,24,2380,143952,29364
14460,"Boston-Cambridge-Newton, MA-NH",2025-01-01,744,1339,369,43,2495,146447,30108
14460,"Boston-Cambridge-Newton, MA-NH",2025-02-01,586,1138,365,49,2138,148585,30694
14460,"Boston-Cambridge-Newton, MA-NH",2025-03-01,636,1176,317,58,2187,150772,31330
14460,"Boston-Cambridge-Newton, MA-NH",2025-04-01,622,1062,251,40,1975,152747,31952
14460,"Boston-Cambridge-Newton, MA-NH",2025-05-01,792,1030,272,27,2121,154868,32744
14460,"Boston-Cambridge-Newton, MA-NH",2025-06-01,800,907,212,21,1940,156808,33544
14460,"Boston-Cambridge-Newton, MA-NH",2025-07-01,755,940,219,24,1938,158746,34299
14460,"Boston-Cambridge-Newton, MA-NH",2025-08-01,510,778,176,18,1482,160228,34809
14460,"Boston-Cambridge-Newton, MA-NH",2025-09-01,8,17,3,0,28,160256,34817
30280,"Lewisburg, TN",2019-01-01,0,2,1,0,3,3,0
30280,"Lewisburg, TN",2019-02-01,0,0,2,0,2,5,0
30280,"Lewisburg, TN",2019-03-01,0,1,2,0,3,8,0
30280,"Lewisburg, TN",2019-04-01,0,3,2,0,5,13,0
30280,"Lewisburg, TN",2019-05-01,0,4,0,0,4,17,0
30280,"Lewisburg, TN",2019-06-01,1,5,0,0,6,23,1
30280,"Lewisburg, TN",2019-07-01,0,1,3,0,4,27,1
30280,"Lewisburg, TN",2019-08-01,1,2,0,0,3,30,2
30280,"Lewisburg, TN",2019-09-01,0,4,0,0,4,34,2
30280,"Lewisburg, TN",2019-10-01,1,2,0,0,3,37,3
30280,"Lewisburg, TN",2019-11-01,0,3,0,0,3,40,3
30280,"Lewisburg, TN",2019-12-01,1,3,0,0,4,44,4
30280,"Lewisburg, TN",2020-01-01,0,1,0,0,1,45,4
30280,"Lewisburg, TN",2020-02-01,1,3,4,0,8,53,5
30280,"Lewisburg, TN",2020-03-01,0,4,0,0,4,57,5
30280,"Lewisburg, TN",2020-04-01,3,4,3,0,10,67,8
30280,"Lewisburg, TN",2020-05-01,1,7,3,0,11,78,9
30280,"Lewisburg, TN",2020-06-01,3,8,0,0,11,89,12
30280,"Lewisburg, TN",2020-07-01,4,9,5,0,18,107,16
30280,"Lewisburg, TN",2020-08-01,4,10,5,1,20,127,20
30280,"Lewisburg, TN",2020-09-01,0,12,5,1,18,145,20
30280,"Lewisburg, TN",2020-10-01,4,17,8,1,30,175,24
30280,"Lewisburg, TN",2020-11-01,3,17,3,2,25,200,27
30280,"Lewisburg, TN",2020-12-01,5,18,3,0,26,226,32
30280,"Lewisburg, TN",2021-01-01,8,21,8,0,37,263,40
30280,"Lewisburg, TN",2021-02-01,5,22,2,0,29,292,45
30280,"Lewisburg, TN",2021-03-01,4,21,6,0,31,323,49
30280,"Lewisburg, TN",2021-04-01,3,22,4,1,30,353,52
30280,"Lewisburg, TN",2021-05-01,10,31,12,0,53,406,62
30280,"Lewisburg, TN",2021-06-01,9,22,8,1,40,446,71
30280,"Lewisburg, TN",2021-07-01,9,26,8,2,45,491,80
30280,"Lewisburg, TN",2021-08-01,10,46,13,1,70,561,90
30280,"Lewisburg, TN",2021-09-01,12,32,11,1,56,617,102
30280,"Lewisburg, TN",2021-10-01,6,21,5,1,33,650,108
30280,"Lewisburg, TN",2021-11-01,8,28,7,1,44,694,116
30280,"Lewisburg, TN",2021-12-01,11,31,9,0,51,745,127
30280,"Lewisburg, TN",2022-01-01,11,24,10,1,46,791,138
30280,"Lewisburg, TN",2022-02-01,3,19,8,1,31,822,141
30280,"Lewisburg, TN",2022-03-01,7,24,2,0,33,855,148
30280,"Lewisburg, TN",2022-04-01,11,33,9,2,55,910,159
30280,"Lewisburg, TN",2022-05-01,14,19,5,0,38,948,173
30280,"Lewisburg, TN",2022-06-01,4,24,5,0,33,981,177
30280,"Lewisburg, TN",2022-07-01,6,16,2,0,24,1005,183
30280,"Lewisburg, TN",2022-08-01,6,21,9,2,38,1043,189
30280,"Lewisburg, TN",2022-09-01,15,20,6,0,41,1084,204
30280,"Lewisburg, TN",2022-10-01,4,22,7,1,34,1118,208
30280,"Lewisburg, TN",2022-11-01,10,22,3,2,37,1155,218
30280,"Lewisburg, TN",2022-12-01,9,17,5,0,31,1186,227
30280,"Lewisburg, TN",2023-01-01,8,14,5,1,28,1214,235
30280,"Lewisburg, TN",2023-02-01,4,13,9,1,27,1241,239
30280,"Lewisburg, TN",2023-03-01,7,17,5,1,30,1271,246
30280,"Lewisburg, TN",2023-04-01,11,27,4,2,44,1315,257
30280,"Lewisburg, TN",2023-05-01,6,19,4,0,29,1344,263
30280,"Lewisburg, TN",2023-06-01,7,20,2,0,29,1373,270
30280,"Lewisburg, TN",2023-07-01,13,17,8,1,39,1412,283
30280,"Lewisburg, TN",2023-08-01,4,17,11,0,32,1444,287
30280,"Lewisburg, TN",2023-09-01,7,11,4,2,24,1468,294
30280,"Lewisburg, TN",2023-10-01,13,20,6,1,40,1508,307
30280,"Lewisburg, TN",2023-11-01,13,34,7,0,54,1562,320
30280,"Lewisburg, TN",2023-12-01,9,17,10,1,37,1599,329
30280,"Lewisburg, TN",2024-01-01,8,27,3,4,42,1641,337
30280,"Lewisburg, TN",2024-02-01,16,11,8,1,36,1677,353
30280,"Lewisburg, TN",2024-03-01,11,14,9,0,34,1711,364
30280,"Lewisburg, TN",2024-04-01,11,16,8,0,35,1746,375
30280,"Lewisburg, TN",2024-05-01,9,20,5,0,34,1780,384
30280,"Lewisburg, TN",2024-06-01,10,13,9,0,32,1812,394
30280,"Lewisburg, TN",2024-07-01,5,7,2,0,14,1826,399
30280,"Lewisburg, TN",2024-08-01,10,25,7,5,47,1873,409
30280,"Lewisburg, TN",2024-09-01,15,18,6,0,39,1912,424
30280,"Lewisburg, TN",2024-10-01,13,17,12,2,44,1956,437
30280,"Lewisburg, TN",2024-11-01,14,26,7,2,49,2005,451
30280,"Lewisburg, TN",2024-12-01,10,12,6,0,28,2033,461
30280,"Lewisburg, TN",2025-01-01,14,23,10,0,47,2080,475
30280,"Lewisburg, TN",2025-02-01,18,15,5,1,39,2119,493
30280,"Lewisburg, TN",2025-03-01,14,20,5,1,40,2159,507
30280,"Lewisburg, TN",2025-04-01,20,15,2,2,39,2198,527
30280,"Lewisburg, TN",2025-05-01,12,17,12,0,41,2239,539
30280,"Lewisburg, TN",2025-06-01,16,28,9,2,55,2294,555
30280,"Lewisburg, TN",2025-07-01,14,16,7,0,37,2331,569
30280,"Lewisburg, TN",2025-08-01,14,21,7,2,44,2375,583
30280,"Lewisburg, TN",2025-09-01,1,1,0,0,2,2377,584
18500,"Corning, NY",2019-01-01,0,4,0,0,4,4,0
18500,"Corning, NY",2019-02-01,0,0,1,0,1,5,0
18500,"Corning, NY",2019-03-01,0,7,2,0,9,14,0
18500,"Corning, NY",2019-04-01,0,6,0,1,7,21,0
18500,"Corning, NY",2019-05-01,0,8,3,0,11,32,0
18500,"Corning, NY",2019-06-01,0,8,3,0,11,43,0
18500,"Corning, NY",2019-07-01,1,4,2,0,7,50,1
18500,"Corning, NY",2019-08-01,1,12,5,0,18,68,2
18500,"Corning, NY",2019-09-01,1,12,6,1,20,88,3
18500,"Corning, NY",2019-10-01,0,22,4,1,27,115,3
18500,"Corning, NY",2019-11-01,1,14,4,0,19,134,4
18500,"Corning, NY",2019-12-01,2,14,6,1,23,157,6
18500,"Corning, NY",2020-01-01,2,15,3,1,21,178,8
18500,"Corning, NY",2020-02-01,2,15,7,3,27,205,10
18500,"Corning, NY",2020-03-01,6,23,11,2,42,247,16
18500,"Corning, NY",2020-04-01,4,17,6,1,28,275,20
18500,"Corning, NY",2020-05-01,12,31,4,0,47,322,32
18500,"Corning, NY",2020-06-01,19,31,0,0,50,372,51
18500,"Corning, NY",2020-07-01,12,30,6,1,49,421,63
18500,"Corning, NY",2020-08-01,9,35,13,3,60,481,72
18500,"Corning, NY",2020-09-01,9,35,8,1,53,534,81
18500,"Corning, NY",2020-10-01,10,34,8,2,54,588,91
18500,"Corning, NY",2020-11-01,7,21,3,0,31,619,98
18500,"Corning, NY",2020-12-01,12,17,4,1,34,653,110
18500,"Corning, NY",2021-01-01,19,25,12,0,56,709,129
18500,"Corning, NY",2021-02-01,11,32,10,1,54,763,140
18500,"Corning, NY",2021-03-01,4,26,8,0,38,801,144
18500,"Corning, NY",2021-04-01,14,25,9,1,49,850,158
18500,"Corning, NY",2021-05-01,19,47,18,1,85,935,177
18500,"Corning, NY",2021-06-01,8,28,4,1,41,976,185
18500,"Corning, NY",2021-07-01,7,17,5,1,30,1006,192
18500,"Corning, NY",2021-08-01,4,28,5,1,38,1044,196
18500,"Corning, NY",2021-09-01,8,27,4,1,40,1084,204
18500,"Corning, NY",2021-10-01,3,25,5,2,35,1119,207
18500,"Corning, NY",2021-11-01,7,21,5,2,35,1154,214
18500,"Corning, NY",2021-12-01,14,31,4,0,49,1203,228
18500,"Corning, NY",2022-01-01,10,31,9,0,50,1253,238
18500,"Corning, NY",2022-02-01,18,32,7,0,57,1310,256
18500,"Corning, NY",2022-03-01,18,37,4,2,61,1371,274
18500,"Corning, NY",2022-04-01,10,23,10,1,44,1415,284
18500,"Corning, NY",2022-05-01,11,21,7,0,39,1454,295
18500,"Corning, NY",2022-06-01,9,23,7,0,39,1493,304
18500,"Corning, NY",2022-07-01,6,30,8,0,44,1537,310
18500,"Corning, NY",2022-08-01,4,22,6,0,32,1569,314
18500,"Corning, NY",2022-09-01,10,32,9,1,52,1621,324
18500,"Corning, NY",2022-10-01,13,23,12,1,49,1670,337
18500,"Corning, NY",2022-11-01,12,45,6,0,63,1733,349
18500,"Corning, NY",2022-12-01,14,27,7,1,49,1782,363
18500,"Corning, NY",2023-01-01,12,25,12,2,51,1833,375
18500,"Corning, NY",2023-02-01,13,26,6,0,45,1878,388
18500,"Corning, NY",2023-03-01,19,41,13,0,73,1951,407
18500,"Corning, NY",2023-04-01,15,19,8,0,42,1993,422
18500,"Corning, NY",2023-05-01,11,18,1,0,30,2023,433
18500,"Corning, NY",2023-06-01,10,12,5,0,27,2050,443
18500,"Corning, NY",2023-07-01,7,18,6,1,32,2082,450
18500,"Corning, NY",2023-08-01,6,14,4,1,25,2107,456
18500,"Corning, NY",2023-09-01,20,39,9,2,70,2177,476
18500,"Corning, NY",2023-10-01,13,27,11,2,53,2230,489
18500,"Corning, NY",2023-11-01,14,33,18,1,66,2296,503
18500,"Corning, NY",2023-12-01,16,22,12,1,51,2347,519
18500,"Corning, NY",2024-01-01,24,34,17,1,76,2423,543
18500,"Corning, NY",2024-02-01,21,30,15,1,67,2490,564
18500,"Corning, NY",2024-03-01,28,39,5,1,73,2563,592
18500,"Corning, NY",2024-04-01,17,29,7,0,53,2616,609
18500,"Corning, NY",2024-05-01,13,21,7,0,41,2657,622
18500,"Corning, NY",2024-06-01,4,11,0,1,16,2673,626
18500,"Corning, NY",2024-07-01,18,29,5,0,52,2725,644
18500,"Corning, NY",2024-08-01,8,10,8,1,27,2752,652
18500,"Corning, NY",2024-09-01,8,16,11,0,35,2787,660
18500,"Corning, NY",2024-10-01,29,39,10,0,78,2865,689
18500,"Corning, NY",2024-11-01,31,36,13,2,82,2947,720
18500,"Corning, NY",2024-12-01,34,30,9,1,74,3021,754
18500,"Corning, NY",2025-01-01,32,35,19,1,87,3108,786
18500,"Corning, NY",2025-02-01,13,28,9,2,52,3160,799
18500,"Corning, NY",2025-03-01,27,38,10,1,76,3236,826
18500,"Corning, NY",2025-04-01,42,39,14,0,95,3331,868
18500,"Corning, NY",2025-05-01,39,28,8,1,76,3407,907
18500,"Corning, NY",2025-06-01,26,41,10,2,79,3486,933
18500,"Corning, NY",2025-07-01,18,28,7,0,53,3539,951
18500,"Corning, NY",2025-08-01,26,21,9,1,57,3596,977
18500,"Corning, NY",2025-09-01,0,1,0,0,1,3597,977
42540,"Scranton--Wilkes-Barre, PA",2019-01-01,1,47,11,0,59,59,1
42540,"Scranton--Wilkes-Barre, PA",2019-02-01,1,59,11,1,72,131,2
42540,"Scranton--Wilkes-Barre, PA",2019-03-01,8,63,8,3,82,213,10
42540,"Scranton--Wilkes-Barre, PA",2019-04-01,6,76,22,0,104,317,16
42540,"Scranton--Wilkes-Barre, PA",2019-05-01,1,65,23,0,89,406,17
42540,"Scranton--Wilkes-Barre, PA",2019-06-01,1,49,18,1,69,475,18
42540,"Scranton--Wilkes-Barre, PA",2019-07-01,5,74,14,1,94,569,23
42540,"Scranton--Wilkes-Barre, PA",2019-08-01,7,89,17,2,115,684,30
42540,"Scranton--Wilkes-Barre, PA",2019-09-01,2,71,20,1,94,778,32
42540,"Scranton--Wilkes-Barre, PA",2019-10-01,2,54,11,1,68,846,34
42540,"Scranton--Wilkes-Barre, PA",2019-11-01,4,55,9,0,68,914,38
42540,"Scranton--Wilkes-Barre, PA",2019-12-01,6,53,15,2,76,990,44
42540,"Scranton--Wilkes-Barre, PA",2020-01-01,3,84,12,0,99,1089,47
42540,"Scranton--Wilkes-Barre, PA",2020-02-01,9,57,10,2,78,1167,56
42540,"Scranton--Wilkes-Barre, PA",2020-03-01,11,72,33,1,117,1284,67
42540,"Scranton--Wilkes-Barre, PA",2020-04-01,36,162,27,4,229,1513,103
42540,"Scranton--Wilkes-Barre, PA",2020-05-01,123,346,52,5,526,2039,226
42540,"Scranton--Wilkes-Barre, PA",2020-06-01,112,270,42,3,427,2466,338
42540,"Scranton--Wilkes-Barre, PA",2020-07-01,116,297,57,4,474,2940,454
42540,"Scranton--Wilkes-Barre, PA",2020-08-01,90,367,55,16,528,3468,544
42540,"Scranton--Wilkes-Barre, PA",2020-09-01,92,273,48,2,415,3883,636
42540,"Scranton--Wilkes-Barre, PA",2020-10-01,61,239,44,0,344,4227,697
42540,"Scranton--Wilkes-Barre, PA",2020-11-01,55,178,41,1,275,4502,752
42540,"Scranton--Wilkes-Barre, PA",2020-12-01,71,156,19,3,249,4751,823
42540,"Scranton--Wilkes-Barre, PA",2021-01-01,126,307,54,3,490,5241,949
42540,"Scranton--Wilkes-Barre, PA",2021-02-01,88,267,57,5,417,5658,1037
42540,"Scranton--Wilkes-Barre, PA",2021-03-01,112,293,49,0,454,6112,1149
42540,"Scranton--Wilkes-Barre, PA",2021-04-01,109,320,63,7,499,6611,1258
42540,"Scranton--Wilkes-Barre, PA",2021-05-01,119,332,63,1,515,7126,1377
42540,"Scranton--Wilkes-Barre, PA",2021-06-01,112,290,65,7,474,7600,1489
42540,"Scranton--Wilkes-Barre, PA",2021-07-01,42,154,40,1,237,7837,1531
42540,"Scranton--Wilkes-Barre, PA",2021-08-01,60,180,44,1,285,8122,1591
42540,"Scranton--Wilkes-Barre, PA",2021-09-01,91,291,74,5,461,8583,1682
42540,"Scranton--Wilkes-Barre, PA",2021-10-01,26,126,34,1,187,8770,1708
42540,"Scranton--Wilkes-Barre, PA",2021-11-01,34,94,28,1,157,8927,1742
42540,"Scranton--Wilkes-Barre, PA",2021-12-01,44,107,22,4,177,9104,1786
42540,"Scranton--Wilkes-Barre, PA",2022-01-01,68,185,36,2,291,9395,1854
42540,"Scranton--Wilkes-Barre, PA",2022-02-01,75,167,39,2,283,9678,1929
42540,"Scranton--Wilkes-Barre, PA",2022-03-01,84,182,32,3,301,9979,2013
42540,"Scranton--Wilkes-Barre, PA",2022-04-01,72,181,40,3,296,10275,2085
42540,"Scranton--Wilkes-Barre, PA",2022-05-01,74,130,36,1,241,10516,2159
42540,"Scranton--Wilkes-Barre, PA",2022-06-01,59,135,24,4,222,10738,2218
42540,"Scranton--Wilkes-Barre, PA",2022-07-01,35,87,21,3,146,10884,2253
42540,"Scranton--Wilkes-Barre, PA",2022-08-01,55,152,46,1,254,11138,2308
42540,"Scranton--Wilkes-Barre, PA",2022-09-01,91,192,52,4,339,11477,2399
42540,"Scranton--Wilkes-Barre, PA",2022-10-01,54,138,43,3,238,11715,2453
42540,"Scranton--Wilkes-Barre, PA",2022-11-01,81,177,48,5,311,12026,2534
42540,"Scranton--Wilkes-Barre, PA",2022-12-01,116,188,57,2,363,12389,2650
42540,"Scranton--Wilkes-Barre, PA",2023-01-01,110,201,53,4,368,12757,2760
42540,"Scranton--Wilkes-Barre, PA",2023-02-01,102,152,49,9,312,13069,2862
42540,"Scranton--Wilkes-Barre, PA",2023-03-01,146,236,80,7,469,13538,3008
42540,"Scranton--Wilkes-Barre, PA",2023-04-01,84,193,52,6,335,13873,3092
42540,"Scranton--Wilkes-Barre, PA",2023-05-01,55,90,16,4,165,14038,3147
42540,"Scranton--Wilkes-Barre, PA",2023-06-01,40,81,11,1,133,14171,3187
42540,"Scranton--Wilkes-Barre, PA",2023-07-01,51,66,14,1,132,14303,3238
42540,"Scranton--Wilkes-Barre, PA",2023-08-01,40,114,23,0,177,14480,3278
42540,"Scranton--Wilkes-Barre, PA",2023-09-01,58,121,52,6,237,14717,3336
42540,"Scranton--Wilkes-Barre, PA",2023-10-01,100,163,47,4,314,15031,3436
42540,"Scranton--Wilkes-Barre, PA",2023-11-01,136,217,76,3,432,15463,3572
42540,"Scranton--Wilkes-Barre, PA",2023-12-01,132,195,72,3,402,15865,3704
42540,"Scranton--Wilkes-Barre, PA",2024-01-01,152,227,61,8,448,16313,3856
42540,"Scranton--Wilkes-Barre, PA",2024-02-01,148,182,55,5,390,16703,4004
42540,"Scranton--Wilkes-Barre, PA",2024-03-01,172,214,75,4,465,17168,4176
42540,"Scranton--Wilkes-Barre, PA",2024-04-01,124,177,50,2,353,17521,4300
42540,"Scranton--Wilkes-Barre, PA",2024-05-01,142,196,54,5,397,17918,4442
42540,"Scranton--Wilkes-Barre, PA",2024-06-01,149,195,54,4,402,18320,4591
42540,"Scranton--Wilkes-Barre, PA",2024-07-01,62,111,26,2,201,18521,4653
42540,"Scranton--Wilkes-Barre, PA",2024-08-01,84,156,43,2,285,18806,4737
42540,"Scranton--Wilkes-Barre, PA",2024-09-01,118,197,68,4,387,19193,4855
42540,"Scranton--Wilkes-Barre, PA",2024-10-01,157,222,73,10,462,19655,5012
42540,"Scranton--Wilkes-Barre, PA",2024-11-01,160,211,63,10,444,20099,5172
42540,"Scranton--Wilkes-Barre, PA",2024-12-01,197,218,58,5,478,20577,5369
42540,"Scranton--Wilkes-Barre, PA",2025-01-01,188,238,72,7,505,21082,5557
42540,"Scranton--Wilkes-Barre, PA",2025-02-01,166,205,51,3,425,21507,5723
42540,"Scranton--Wilkes-Barre, PA",2025-03-01,213,251,58,5,527,22034,5936
42540,"Scranton--Wilkes-Barre, PA",2025-04-01,193,232,51,5,481,22515,6129
42540,"Scranton--Wilkes-Barre, PA",2025-05-01,230,247,71,3,551,23066,6359
42540,"Scranton--Wilkes-Barre, PA",2025-06-01,186,260,80,3,529,23595,6545
42540,"Scranton--Wilkes-Barre, PA",2025-07-01,172,227,62,5,466,24061,6717
42540,"Scranton--Wilkes-Barre, PA",2025-08-01,163,199,56,4,422,24483,6880
42540,"Scranton--Wilkes-Barre, PA",2025-09-01,1,7,3,0,11,24494,6881
36820,"Oskaloosa, IA",2019-05-01,0,1,1,0,2,2,0
36820,"Oskaloosa, IA",2019-07-01,1,0,1,0,2,4,1
36820,"Oskaloosa, IA",2019-08-01,1,1,0,0,2,6,2
36820,"Oskaloosa, IA",2019-11-01,0,2,0,0,2,8,2
36820,"Oskaloosa, IA",2020-01-01,0,1,1,0,2,10,2
36820,"Oskaloosa, IA",2020-02-01,1,0,1,0,2,12,3
36820,"Oskaloosa, IA",2020-04-01,0,2,0,0,2,14,3
36820,"Oskaloosa, IA",2020-05-01,1,5,1,0,7,21,4
36820,"Oskaloosa, IA",2020-06-01,1,1,0,0,2,23,5
36820,"Oskaloosa, IA",2020-07-01,0,6,2,0,8,31,5
36820,"Oskaloosa, IA",2020-08-01,1,3,0,0,4,35,6
36820,"Oskaloosa, IA",2020-09-01,0,5,1,0,6,41,6
36820,"Oskaloosa, IA",2020-10-01,2,4,1,0,7,48,8
36820,"Oskaloosa, IA",2020-11-01,3,5,0,0,8,56,11
36820,"Oskaloosa, IA",2020-12-01,4,7,0,0,11,67,15
36820,"Oskaloosa, IA",2021-01-01,8,9,1,0,18,85,23
36820,"Oskaloosa, IA",2021-02-01,8,6,0,0,14,99,31
36820,"Oskaloosa, IA",2021-03-01,6,12,1,0,19,118,37
36820,"Oskaloosa, IA",2021-04-01,9,9,2,1,21,139,46
36820,"Oskaloosa, IA",2021-05-01,10,19,2,0,31,170,56
36820,"Oskaloosa, IA",2021-06-01,5,16,1,2,24,194,61
36820,"Oskaloosa, IA",2021-07-01,2,19,3,0,24,218,63
36820,"Oskaloosa, IA",2021-08-01,8,8,1,0,17,235,71
36820,"Oskaloosa, IA",2021-09-01,4,11,4,0,19,254,75
36820,"Oskaloosa, IA",2021-10-01,4,13,4,1,22,276,79
36820,"Oskaloosa, IA",2021-11-01,9,17,1,1,28,304,88
36820,"Oskaloosa, IA",2021-12-01,10,11,3,0,24,328,98
36820,"Oskaloosa, IA",2022-01-01,15,15,2,0,32,360,113
36820,"Oskaloosa, IA",2022-02-01,19,16,2,0,37,397,132
36820,"Oskaloosa, IA",2022-03-01,21,17,8,1,47,444,153
36820,"Oskaloosa, IA",2022-04-01,10,7,0,2,19,463,163
36820,"Oskaloosa, IA",2022-05-01,4,9,1,0,14,477,167
36820,"Oskaloosa, IA",2022-06-01,5,9,3,0,17,494,172
36820,"Oskaloosa, IA",2022-07-01,3,11,3,0,17,511,175
36820,"Oskaloosa, IA",2022-08-01,1,12,3,0,16,527,176
36820,"Oskaloosa, IA",2022-09-01,2,11,1,1,15,542,178
36820,"Oskaloosa, IA",2022-10-01,5,6,1,1,13,555,183
36820,"Oskaloosa, IA",2022-11-01,13,6,3,0,22,577,196
36820,"Oskaloosa, IA",2022-12-01,5,7,2,0,14,591,201
36820,"Oskaloosa, IA",2023-01-01,3,15,2,0,20,611,204
36820,"Oskaloosa, IA",2023-02-01,18,9,1,1,29,640,222
36820,"Oskaloosa, IA",2023-03-01,7,12,3,0,22,662,229
36820,"Oskaloosa, IA",2023-04-01,4,13,5,0,22,684,233
36820,"Oskaloosa, IA",2023-05-01,2,6,6,0,14,698,235
36820,"Oskaloosa, IA",2023-06-01,9,3,0,1,13,711,244
36820,"Oskaloosa, IA",2023-07-01,3,7,1,0,11,722,247
36820,"Oskaloosa, IA",2023-08-01,7,4,3,1,15,737,254
36820,"Oskaloosa, IA",2023-09-01,8,5,1,0,14,751,262
36820,"Oskaloosa, IA",2023-10-01,12,12,3,0,27,778,274
36820,"Oskaloosa, IA",2023-11-01,8,12,1,0,21,799,282
36820,"Oskaloosa, IA",2023-12-01,12,12,4,0,28,827,294
36820,"Oskaloosa, IA",2024-01-01,15,12,1,0,28,855,309
36820,"Oskaloosa, IA",2024-02-01,7,10,3,0,20,875,316
36820,"Oskaloosa, IA",2024-03-01,10,7,5,0,22,897,326
36820,"Oskaloosa, IA",2024-04-01,6,13,1,0,20,917,332
36820,"Oskaloosa, IA",2024-05-01,4,14,2,0,20,937,336
36820,"Oskaloosa, IA",2024-06-01,11,10,2,0,23,960,347
36820,"Oskaloosa, IA",2024-07-01,9,9,1,1,20,980,356
36820,"Oskaloosa, IA",2024-08-01,9,11,2,1,23,1003,365
36820,"Oskaloosa, IA",2024-09-01,3,9,2,1,15,1018,368
36820,"Oskaloosa, IA",2024-10-01,4,6,2,0,12,1030,372
36820,"Oskaloosa, IA",2024-11-01,11,2,3,0,16,1046,383
36820,"Oskaloosa, IA",2024-12-01,10,11,2,0,23,1069,393
36820,"Oskaloosa, IA",2025-01-01,7,8,2,0,17,1086,400
36820,"Oskaloosa, IA",2025-02-01,12,9,3,0,24,1110,412
36820,"Oskaloosa, IA",2025-03-01,14,11,2,0,27,1137,426
36820,"Oskaloosa, IA",2025-04-01,8,8,5,0,21,1158,434
36820,"Oskaloosa, IA",2025-05-01,9,11,3,0,23,1181,443
36820,"Oskaloosa, IA",2025-06-01,8,14,6,0,28,1209,451
36820,"Oskaloosa, IA",2025-07-01,10,12,2,0,24,1233,461
36820,"Oskaloosa, IA",2025-08-01,19,11,0,0,30,1263,480
36820,"Oskaloosa, IA",2025-09-01,0,1,0,0,1,1264,480
11540,"Appleton, WI",2019-01-01,1,12,5,0,18,18,1
11540,"Appleton, WI",2019-02-01,1,20,10,1,32,50,2
11540,"Appleton, WI",2019-03-01,3,35,8,0,46,96,5
11540,"Appleton, WI",2019-04-01,4,36,11,0,51,147,9
11540,"Appleton, WI",2019-05-01,2,48,12,0,62,209,11
11540,"Appleton, WI",2019-06-01,0,30,11,1,42,251,11
11540,"Appleton, WI",2019-07-01,3,30,9,0,42,293,14
11540,"Appleton, WI",2019-08-01,2,35,9,2,48,341,16
11540,"Appleton, WI",2019-09-01,3,40,7,0,50,391,19
11540,"Appleton, WI",2019-10-01,2,12,2,0,16,407,21
11540,"Appleton, WI",2019-11-01,2,25,8,0,35,442,23
11540,"Appleton, WI",2019-12-01,5,25,5,0,35,477,28
11540,"Appleton, WI",2020-01-01,8,38,16,1,63,540,36
11540,"Appleton, WI",2020-02-01,7,34,10,0,51,591,43
11540,"Appleton, WI",2020-03-01,13,57,12,1,83,674,56
11540,"Appleton, WI",2020-04-01,49,104,34,3,190,864,105
11540,"Appleton, WI",2020-05-01,33,84,15,1,133,997,138
11540,"Appleton, WI",2020-06-01,24,47,7,0,78,1075,162
11540,"Appleton, WI",2020-07-01,36,108,11,1,156,1231,198
11540,"Appleton, WI",2020-08-01,46,117,19,2,184,1415,244
11540,"Appleton, WI",2020-09-01,44,95,24,2,165,1580,288
11540,"Appleton, WI",2020-10-01,44,100,15,0,159,1739,332
11540,"Appleton, WI",2020-11-01,21,48,8,0,77,1816,353
11540,"Appleton, WI",2020-12-01,26,56,6,0,88,1904,379
11540,"Appleton, WI",2021-01-01,90,142,37,1,270,2174,469
11540,"Appleton, WI",2021-02-01,104,160,25,1,290,2464,573
11540,"Appleton, WI",2021-03-01,95,143,33,2,273,2737,668
11540,"Appleton, WI",2021-04-01,83,108,22,1,214,2951,751
11540,"Appleton, WI",2021-05-01,59,89,20,1,169,3120,810
11540,"Appleton, WI",2021-06-01,38,94,23,4,159,3279,848
11540,"Appleton, WI",2021-07-01,45,99,13,2,159,3438,893
11540,"Appleton, WI",2021-08-01,35,73,12,2,122,3560,928
11540,"Appleton, WI",2021-09-01,38,78,24,2,142,3702,966
11540,"Appleton, WI",2021-10-01,25,50,13,0,88,3790,991
11540,"Appleton, WI",2021-11-01,36,66,15,0,117,3907,1027
11540,"Appleton, WI",2021-12-01,98,120,32,1,251,4158,1125
11540,"Appleton, WI",2022-01-01,133,215,45,0,393,4551,1258
11540,"Appleton, WI",2022-02-01,76,109,38,7,230,4781,1334
11540,"Appleton, WI",2022-03-01,73,114,34,2,223,5004,1407
11540,"Appleton, WI",2022-04-01,57,124,32,3,216,5220,1464
11540,"Appleton, WI",2022-05-01,64,86,24,0,174,5394,1528
11540,"Appleton, WI",2022-06-01,44,62,17,0,123,5517,1572
11540,"Appleton, WI",2022-07-01,70,79,25,0,174,5691,1642
11540,"Appleton, WI",2022-08-01,43,92,25,4,164,5855,1685
11540,"Appleton, WI",2022-09-01,52,90,23,4,169,6024,1737
11540,"Appleton, WI",2022-10-01,74,124,41,0,239,6263,1811
11540,"Appleton, WI",2022-11-01,81,96,33,1,211,6474,1892
11540,"Appleton, WI",2022-12-01,86,97,25,1,209,6683,1978
11540,"Appleton, WI",2023-01-01,109,131,39,1,280,6963,2087
11540,"Appleton, WI",2023-02-01,97,136,47,1,281,7244,2184
11540,"Appleton, WI",2023-03-01,95,131,41,1,268,7512,2279
11540,"Appleton, WI",2023-04-01,75,134,47,1,257,7769,2354
11540,"Appleton, WI",2023-05-01,34,51,11,2,98,7867,2388
11540,"Appleton, WI",2023-06-01,32,49,11,0,92,7959,2420
11540,"Appleton, WI",2023-07-01,34,43,14,0,91,8050,2454
11540,"Appleton, WI",2023-08-01,42,64,23,2,131,8181,2496
11540,"Appleton, WI",2023-09-01,66,102,28,3,199,8380,2562
11540,"Appleton, WI",2023-10-01,68,128,34,1,231,8611,2630
11540,"Appleton, WI",2023-11-01,118,136,43,4,301,8912,2748
11540,"Appleton, WI",2023-12-01,99,121,30,1,251,9163,2847
11540,"Appleton, WI",2024-01-01,119,86,30,2,237,9400,2966
11540,"Appleton, WI",2024-02-01,109,85,32,5,231,9631,3075
11540,"Appleton, WI",2024-03-01,99,102,34,1,236,9867,3174
11540,"Appleton, WI",2024-04-01,76,104,30,3,213,10080,3250
11540,"Appleton, WI",2024-05-01,107,98,29,5,239,10319,3357
11540,"Appleton, WI",2024-06-01,90,102,46,1,239,10558,3447
11540,"Appleton, WI",2024-07-01,67,91,26,0,184,10742,3514
11540,"Appleton, WI",2024-08-01,52,68,21,0,141,10883,3566
11540,"Appleton, WI",2024-09-01,50,79,23,3,155,11038,3616
11540,"Appleton, WI",2024-10-01,96,160,42,4,302,11340,3712
11540,"Appleton, WI",2024-11-01,100,123,44,3,270,11610,3812
11540,"Appleton, WI",2024-12-01,125,114,26,3,268,11878,3937
11540,"Appleton, WI",2025-01-01,125,130,44,3,302,12180,4062
11540,"Appleton, WI",2025-02-01,113,98,28,1,240,12420,4175
11540,"Appleton, WI",2025-03-01,143,118,37,1,299,12719,4318
11540,"Appleton, WI",2025-04-01,111,115,29,5,260,12979,4429
11540,"Appleton, WI",2025-05-01,151,111,32,1,295,13274,4580
11540,"Appleton, WI",2025-06-01,147,130,36,2,315,13589,4727
11540,"Appleton, WI",2025-07-01,127,92,34,3,256,13845,4854
11540,"Appleton, WI",2025-08-01,102,93,22,1,218,14063,4956
11540,"Appleton, WI",2025-09-01,1,2,0,0,3,14066,4957
19810,"Detroit Lakes, MN",2019-02-01,0,0,1,0,1,1,0
19810,"Detroit Lakes, MN",2019-04-01,0,1,0,0,1,2,0
19810,"Detroit Lakes, MN",2019-05-01,1,0,0,0,1,3,1
19810,"Detroit Lakes, MN",2019-06-01,0,1,0,0,1,4,1
19810,"Detroit Lakes, MN",2019-07-01,0,1,0,0,1,5,1
19810,"Detroit Lakes, MN",2019-08-01,0,0,1,0,1,6,1
19810,"Detroit Lakes, MN",2019-09-01,1,1,0,0,2,8,2
19810,"Detroit Lakes, MN",2019-11-01,0,2,1,0,3,11,2
19810,"Detroit Lakes, MN",2019-12-01,1,3,0,0,4,15,3
19810,"Detroit Lakes, MN",2020-01-01,0,1,0,0,1,16,3
19810,"Detroit Lakes, MN",2020-02-01,0,1,0,0,1,17,3
19810,"Detroit Lakes, MN",2020-03-01,0,1,0,0,1,18,3
19810,"Detroit Lakes, MN",2020-04-01,1,2,1,0,4,22,4
19810,"Detroit Lakes, MN",2020-05-01,1,1,2,0,4,26,5
19810,"Detroit Lakes, MN",2020-06-01,0,2,1,0,3,29,5
19810,"Detroit Lakes, MN",2020-07-01,1,2,0,0,3,32,6
19810,"Detroit Lakes, MN",2020-08-01,0,2,2,0,4,36,6
19810,"Detroit Lakes, MN",2020-09-01,3,2,1,1,7,43,9
19810,"Detroit Lakes, MN",2020-10-01,1,5,4,0,10,53,10
19810,"Detroit Lakes, MN",2020-11-01,0,2,0,0,2,55,10
19810,"Detroit Lakes, MN",2020-12-01,0,2,2,0,4,59,10
19810,"Detroit Lakes, MN",2021-01-01,2,5,1,0,8,67,12
19810,"Detroit Lakes, MN",2021-02-01,2,2,1,0,5,72,14
19810,"Detroit Lakes, MN",2021-03-01,5,7,0,0,12,84,19
19810,"Detroit Lakes, MN",2021-04-01,4,6,4,1,15,99,23
19810,"Detroit Lakes, MN",2021-05-01,10,15,4,0,29,128,33
19810,"Detroit Lakes, MN",2021-06-01,2,18,2,1,23,151,35
19810,"Detroit Lakes, MN",2021-07-01,6,12,1,0,19,170,41
19810,"Detroit Lakes, MN",2021-08-01,6,11,4,0,21,191,47
19810,"Detroit Lakes, MN",2021-09-01,4,14,4,0,22,213,51
19810,"Detroit Lakes, MN",2021-10-01,3,5,10,0,18,231,54
19810,"Detroit Lakes, MN",2021-11-01,4,6,1,0,11,242,58
19810,"Detroit Lakes, MN",2021-12-01,5,9,1,0,15,257,63
19810,"Detroit Lakes, MN",2022-01-01,7,16,5,0,28,285,70
19810,"Detroit Lakes, MN",2022-02-01,3,12,2,0,17,302,73
19810,"Detroit Lakes, MN",2022-03-01,3,11,5,1,20,322,76
19810,"Detroit Lakes, MN",2022-04-01,6,8,3,0,17,339,82
19810,"Detroit Lakes, MN",2022-05-01,3,5,1,0,9,348,85
19810,"Detroit Lakes, MN",2022-06-01,4,11,3,0,18,366,89
19810,"Detroit Lakes, MN",2022-07-01,8,6,3,0,17,383,97
19810,"Detroit Lakes, MN",2022-08-01,2,8,2,1,13,396,99
19810,"Detroit Lakes, MN",2022-09-01,3,7,2,0,12,408,102
19810,"Detroit Lakes, MN",2022-10-01,7,4,2,0,13,421,109
19810,"Detroit Lakes, MN",2022-11-01,7,10,2,0,19,440,116
19810,"Detroit Lakes, MN",2022-12-01,4,7,2,1,14,454,120
19810,"Detroit Lakes, MN",2023-01-01,4,9,5,0,18,472,124
19810,"Detroit Lakes, MN",2023-02-01,3,3,3,0,9,481,127
19810,"Detroit Lakes, MN",2023-03-01,5,16,1,0,22,503,132
19810,"Detroit Lakes, MN",2023-04-01,7,13,3,0,23,526,139
19810,"Detroit Lakes, MN",2023-05-01,2,5,2,1,10,536,141
19810,"Detroit Lakes, MN",2023-06-01,3,6,3,0,12,548,144
19810,"Detroit Lakes, MN",2023-07-01,4,2,2,0,8,556,148
19810,"Detroit Lakes, MN",2023-08-01,1,3,4,0,8,564,149
19810,"Detroit Lakes, MN",2023-09-01,11,10,2,0,23,587,160
19810,"Detroit Lakes, MN",2023-10-01,6,8,0,0,14,601,166
19810,"Detroit Lakes, MN",2023-11-01,7,7,1,0,15,616,173
19810,"Detroit Lakes, MN",2023-12-01,7,8,0,0,15,631,180
19810,"Detroit Lakes, MN",2024-01-01,13,12,4,0,29,660,193
19810,"Detroit Lakes, MN",2024-02-01,3,8,2,0,13,673,196
19810,"Detroit Lakes, MN",2024-03-01,0,8,5,1,14,687,196
19810,"Detroit Lakes, MN",2024-04-01,6,7,3,0,16,703,202
19810,"Detroit Lakes, MN",2024-05-01,7,8,2,0,17,720,209
19810,"Detroit Lakes, MN",2024-06-01,2,6,2,0,10,730,211
19810,"Detroit Lakes, MN",2024-07-01,5,4,2,0,11,741,216
19810,"Detroit Lakes, MN",2024-08-01,2,7,1,0,10,751,218
19810,"Detroit Lakes, MN",2024-09-01,5,2,2,0,9,760,223
19810,"Detroit Lakes, MN",2024-10-01,6,5,5,0,16,776,229
19810,"Detroit Lakes, MN",2024-11-01,5,7,1,0,13,789,234
19810,"Detroit Lakes, MN",2024-12-01,10,6,1,1,18,807,244
19810,"Detroit Lakes, MN",2025-01-01,6,7,3,0,16,823,250
19810,"Detroit Lakes, MN",2025-02-01,7,5,0,0,12,835,257
19810,"Detroit Lakes, MN",2025-03-01,8,4,2,0,14,849,265
19810,"Detroit Lakes, MN",2025-04-01,7,10,2,0,19,868,272
19810,"Detroit Lakes, MN",2025-05-01,8,6,4,0,18,886,280
19810,"Detroit Lakes, MN",2025-06-01,8,8,3,1,20,906,288
19810,"Detroit Lakes, MN",2025-07-01,7,11,5,0,23,929,295
19810,"Detroit Lakes, MN",2025-08-01,12,5,3,0,20,949,307
13740,"Billings, MT",2019-01-01,0,17,9,0,26,26,0
13740,"Billings, MT",2019-02-01,0,14,5,1,20,46,0
13740,"Billings, MT",2019-03-01,3,15,6,1,25,71,3
13740,"Billings, MT",2019-04-01,0,28,9,1,38,109,3
13740,"Billings, MT",2019-05-01,2,31,8,0,41,150,5
13740,"Billings, MT",2019-06-01,3,28,10,1,42,192,8
13740,"Billings, MT",2019-07-01,2,25,5,0,32,224,10
13740,"Billings, MT",2019-08-01,1,21,3,0,25,249,11
13740,"Billings, MT",2019-09-01,2,24,9,2,37,286,13
13740,"Billings, MT",2019-10-01,3,31,7,0,41,327,16
13740,"Billings, MT",2019-11-01,12,33,14,1,60,387,28
13740,"Billings, MT",2019-12-01,2,28,11,1,42,429,30
13740,"Billings, MT",2020-01-01,3,32,15,2,52,481,33
13740,"Billings, MT",2020-02-01,8,28,15,0,51,532,41
13740,"Billings, MT",2020-03-01,9,54,8,2,73,605,50
13740,"Billings, MT",2020-04-01,27,101,26,2,156,761,77
13740,"Billings, MT",2020-05-01,27,86,18,2,133,894,104
13740,"Billings, MT",2020-06-01,26,76,15,1,118,1012,130
13740,"Billings, MT",2020-07-01,25,74,20,2,121,1133,155
13740,"Billings, MT",2020-08-01,37,121,22,2,182,1315,192
13740,"Billings, MT",2020-09-01,46,88,12,0,146,1461,238
13740,"Billings, MT",2020-10-01,32,94,21,3,150,1611,270
13740,"Billings, MT",2020-11-01,31,58,17,3,109,1720,301
13740,"Billings, MT",2020-12-01,16,57,14,1,88,1808,317
13740,"Billings, MT",2021-01-01,49,74,22,3,148,1956,366
13740,"Billings, MT",2021-02-01,23,71,13,1,108,2064,389
13740,"Billings, MT",2021-03-01,40,125,34,4,203,2267,429
13740,"Billings, MT",2021-04-01,41,93,24,1,159,2426,470
13740,"Billings, MT",2021-05-01,39,88,15,3,145,2571,509
13740,"Billings, MT",2021-06-01,22,85,17,3,127,2698,531
13740,"Billings, MT",2021-07-01,21,53,13,1,88,2786,552
13740,"Billings, MT",2021-08-01,16,74,19,3,112,2898,568
13740,"Billings, MT",2021-09-01,33,69,22,2,126,3024,601
13740,"Billings, MT",2021-10-01,19,50,11,2,82,3106,620
13740,"Billings, MT",2021-11-01,25,61,17,1,104,3210,645
13740,"Billings, MT",2021-12-01,32,62,19,1,114,3324,677
13740,"Billings, MT",2022-01-01,62,74,20,4,160,3484,739
13740,"Billings, MT",2022-02-01,32,52,16,0,100,3584,771
13740,"Billings, MT",2022-03-01,52,90,17,4,163,3747,823
13740,"Billings, MT",2022-04-01,29,53,16,3,101,3848,852
13740,"Billings, MT",2022-05-01,29,77,22,1,129,3977,881
13740,"Billings, MT",2022-06-01,27,60,10,2,99,4076,908
13740,"Billings, MT",2022-07-01,33,52,17,1,103,4179,941
13740,"Billings, MT",2022-08-01,38,48,19,3,108,4287,979
13740,"Billings, MT",2022-09-01,45,94,17,3,159,4446,1024
13740,"Billings, MT",2022-10-01,36,58,24,0,118,4564,1060
13740,"Billings, MT",2022-11-01,41,81,21,5,148,4712,1101
13740,"Billings, MT",2022-12-01,46,105,23,0,174,4886,1147
13740,"Billings, MT",2023-01-01,62,58,21,1,142,5028,1209
13740,"Billings, MT",2023-02-01,41,73,24,2,140,5168,1250
13740,"Billings, MT",2023-03-01,67,72,31,4,174,5342,1317
13740,"Billings, MT",2023-04-01,38,68,23,2,131,5473,1355
13740,"Billings, MT",2023-05-01,33,44,15,3,95,5568,1388
13740,"Billings, MT",2023-06-01,23,29,12,2,66,5634,1411
13740,"Billings, MT",2023-07-01,20,38,15,0,73,5707,1431
13740,"Billings, MT",2023-08-01,38,32,12,0,82,5789,1469
13740,"Billings, MT",2023-09-01,35,49,14,1,99,5888,1504
13740,"Billings, MT",2023-10-01,32,41,17,0,90,5978,1536
13740,"Billings, MT",2023-11-01,37,72,23,0,132,6110,1573
13740,"Billings, MT",2023-12-01,57,63,20,4,144,6254,1630
13740,"Billings, MT",2024-01-01,40,63,23,3,129,6383,1670
13740,"Billings, MT",2024-02-01,32,86,17,1,136,6519,1702
13740,"Billings, MT",2024-03-01,51,63,17,0,131,6650,1753
13740,"Billings, MT",2024-04-01,39,51,14,1,105,6755,1792
13740,"Billings, MT",2024-05-01,38,36,12,1,87,6842,1830
13740,"Billings, MT",2024-06-01,26,55,13,2,96,6938,1856
13740,"Billings, MT",2024-07-01,34,63,27,1,125,7063,1890
13740,"Billings, MT",2024-08-01,21,51,17,3,92,7155,1911
13740,"Billings, MT",2024-09-01,32,37,8,1,78,7233,1943
13740,"Billings, MT",2024-10-01,55,64,14,3,136,7369,1998
13740,"Billings, MT",2024-11-01,47,65,22,4,138,7507,2045
13740,"Billings, MT",2024-12-01,59,76,17,3,155,7662,2104
13740,"Billings, MT",2025-01-01,58,78,17,5,158,7820,2162
13740,"Billings, MT",2025-02-01,47,55,8,1,111,7931,2209
13740,"Billings, MT",2025-03-01,70,67,19,1,157,8088,2279
13740,"Billings, MT",2025-04-01,61,74,23,5,163,8251,2340
13740,"Billings, MT",2025-05-01,57,60,22,0,139,8390,2397
13740,"Billings, MT",2025-06-01,61,79,19,1,160,8550,2458
13740,"Billings, MT",2025-07-01,50,63,28,1,142,8692,2508
13740,"Billings, MT",2025-08-01,45,72,18,2,137,8829,2553
13740,"Billings, MT",2025-09-01,4,3,2,0,9,8838,2557
40300,"Rochelle, IL",2019-01-01,0,3,0,0,3,3,0
40300,"Rochelle, IL",2019-03-01,0,2,2,0,4,7,0
40300,"Rochelle, IL",2019-05-01,0,2,0,0,2,9,0
40300,"Rochelle, IL",2019-06-01,0,0,1,0,1,10,0
40300,"Rochelle, IL",2019-07-01,0,1,0,0,1,11,0
40300,"Rochelle, IL",2019-08-01,0,2,1,0,3,14,0
40300,"Rochelle, IL",2019-10-01,0,1,1,0,2,16,0
40300,"Rochelle, IL",2019-11-01,0,3,0,0,3,19,0
40300,"Rochelle, IL",2019-12-01,0,0,2,0,2,21,0
40300,"Rochelle, IL",2020-01-01,1,1,0,1,3,24,1
40300,"Rochelle, IL",2020-02-01,0,1,0,0,1,25,1
40300,"Rochelle, IL",2020-03-01,0,0,1,0,1,26,1
40300,"Rochelle, IL",2020-04-01,0,4,0,0,4,30,1
40300,"Rochelle, IL",2020-05-01,0,3,1,2,6,36,1
40300,"Rochelle, IL",2020-06-01,0,7,1,0,8,44,1
40300,"Rochelle, IL",2020-07-01,0,3,2,0,5,49,1
40300,"Rochelle, IL",2020-08-01,1,3,1,0,5,54,2
40300,"Rochelle, IL",2020-09-01,0,3,0,0,3,57,2
40300,"Rochelle, IL",2020-10-01,2,3,1,1,7,64,4
40300,"Rochelle, IL",2020-11-01,0,4,0,0,4,68,4
40300,"Rochelle, IL",2020-12-01,0,4,1,0,5,73,4
40300,"Rochelle, IL",2021-01-01,1,11,0,0,12,85,5
40300,"Rochelle, IL",2021-02-01,1,5,0,0,6,91,6
40300,"Rochelle, IL",2021-03-01,1,8,2,2,13,104,7
40300,"Rochelle, IL",2021-04-01,2,5,1,0,8,112,9
40300,"Rochelle, IL",2021-05-01,3,5,1,0,9,121,12
40300,"Rochelle, IL",2021-06-01,2,7,1,0,10,131,14
40300,"Rochelle, IL",2021-07-01,0,5,1,0,6,137,14
40300,"Rochelle, IL",2021-08-01,3,10,0,1,14,151,17
40300,"Rochelle, IL",2021-09-01,4,14,3,0,21,172,21
40300,"Rochelle, IL",2021-10-01,3,9,4,0,16,188,24
40300,"Rochelle, IL",2021-11-01,3,18,2,0,23,211,27
40300,"Rochelle, IL",2021-12-01,5,21,8,0,34,245,32
40300,"Rochelle, IL",2022-01-01,5,33,8,4,50,295,37
40300,"Rochelle, IL",2022-02-01,4,26,6,0,36,331,41
40300,"Rochelle, IL",2022-03-01,6,15,4,1,26,357,47
40300,"Rochelle, IL",2022-04-01,4,16,5,0,25,382,51
40300,"Rochelle, IL",2022-05-01,4,7,2,0,13,395,55
40300,"Rochelle, IL",2022-06-01,2,3,1,0,6,401,57
40300,"Rochelle, IL",2022-07-01,6,7,1,0,14,415,63
40300,"Rochelle, IL",2022-08-01,4,5,2,0,11,426,67
40300,"Rochelle, IL",2022-09-01,9,14,6,0,29,455,76
40300,"Rochelle, IL",2022-10-01,10,12,3,0,25,480,86
40300,"Rochelle, IL",2022-11-01,3,12,5,0,20,500,89
40300,"Rochelle, IL",2022-12-01,7,7,4,0,18,518,96
40300,"Rochelle, IL",2023-01-01,6,6,5,0,17,535,102
40300,"Rochelle, IL",2023-02-01,5,10,5,0,20,555,107
40300,"Rochelle, IL",2023-03-01,9,11,6,1,27,582,116
40300,"Rochelle, IL",2023-04-01,7,9,5,0,21,603,123
40300,"Rochelle, IL",2023-05-01,8,9,0,0,17,620,131
40300,"Rochelle, IL",2023-06-01,6,11,2,0,19,639,137
40300,"Rochelle, IL",2023-07-01,9,6,3,0,18,657,146
40300,"Rochelle, IL",2023-08-01,2,6,4,1,13,670,148
40300,"Rochelle, IL",2023-09-01,1,12,2,0,15,685,149
40300,"Rochelle, IL",2023-10-01,7,11,3,0,21,706,156
40300,"Rochelle, IL",2023-11-01,8,5,5,0,18,724,164
40300,"Rochelle, IL",2023-12-01,11,16,7,0,34,758,175
40300,"Rochelle, IL",2024-01-01,8,14,3,2,27,785,183
40300,"Rochelle, IL",2024-02-01,8,7,1,0,16,801,191
40300,"Rochelle, IL",2024-03-01,7,18,3,0,28,829,198
40300,"Rochelle, IL",2024-04-01,5,14,2,0,21,850,203
40300,"Rochelle, IL",2024-05-01,6,11,1,0,18,868,209
40300,"Rochelle, IL",2024-06-01,8,9,2,0,19,887,217
40300,"Rochelle, IL",2024-07-01,2,4,0,0,6,893,219
40300,"Rochelle, IL",2024-08-01,2,2,0,0,4,897,221
40300,"Rochelle, IL",2024-09-01,4,9,4,1,18,915,225
40300,"Rochelle, IL",2024-10-01,4,14,3,0,21,936,229
40300,"Rochelle, IL",2024-11-01,4,8,2,1,15,951,233
40300,"Rochelle, IL",2024-12-01,9,11,3,0,23,974,242
40300,"Rochelle, IL",2025-01-01,4,11,2,0,17,991,246
40300,"Rochelle, IL",2025-02-01,8,11,5,0,24,1015,254
40300,"Rochelle, IL",2025-03-01,12,11,5,0,28,1043,266
40300,"Rochelle, IL",2025-04-01,4,4,1,0,9,1052,270
40300,"Rochelle, IL",2025-05-01,6,14,3,0,23,1075,276
40300,"Rochelle, IL",2025-06-01,4,5,3,0,12,1087,280
40300,"Rochelle, IL",2025-07-01,0,2,1,0,3,1090,280
40300,"Rochelle, IL",2025-08-01,1,2,0,0,3,1093,281
27980,"Kahului-Wailuku, HI",2019-01-01,1,0,0,0,1,1,1
27980,"Kahului-Wailuku, HI",2019-02-01,0,3,0,0,3,4,1
27980,"Kahului-Wailuku, HI",2019-03-01,0,4,0,0,4,8,1
27980,"Kahului-Wailuku, HI",2019-04-01,1,4,0,0,5,13,2
27980,"Kahului-Wailuku, HI",2019-05-01,0,1,1,0,2,15,2
27980,"Kahului-Wailuku, HI",2019-06-01,1,9,0,1,11,26,3
27980,"Kahului-Wailuku, HI",2019-07-01,0,12,6,0,18,44,3
27980,"Kahului-Wailuku, HI",2019-08-01,2,13,4,1,20,64,5
27980,"Kahului-Wailuku, HI",2019-09-01,0,13,2,1,16,80,5
27980,"Kahului-Wailuku, HI",2019-10-01,1,11,2,1,15,95,6
27980,"Kahului-Wailuku, HI",2019-11-01,0,10,7,0,17,112,6
27980,"Kahului-Wailuku, HI",2019-12-01,4,10,2,0,16,128,10
27980,"Kahului-Wailuku, HI",2020-01-01,1,7,3,0,11,139,11
27980,"Kahului-Wailuku, HI",2020-02-01,1,7,4,0,12,151,12
27980,"Kahului-Wailuku, HI",2020-03-01,0,10,11,4,25,176,12
27980,"Kahului-Wailuku, HI",2020-04-01,0,16,9,2,27,203,12
27980,"Kahului-Wailuku, HI",2020-05-01,1,23,7,0,31,234,13
27980,"Kahului-Wailuku, HI",2020-06-01,2,19,3,0,24,258,15
27980,"Kahului-Wailuku, HI",2020-07-01,3,14,9,1,27,285,18
27980,"Kahului-Wailuku, HI",2020-08-01,1,17,1,2,21,306,19
27980,"Kahului-Wailuku, HI",2020-09-01,2,16,5,0,23,329,21
27980,"Kahului-Wailuku, HI",2020-10-01,1,16,2,1,20,349,22
27980,"Kahului-Wailuku, HI",2020-11-01,2,15,2,0,19,368,24
27980,"Kahului-Wailuku, HI",2020-12-01,6,12,4,1,23,391,30
27980,"Kahului-Wailuku, HI",2021-01-01,6,24,6,1,37,428,36
27980,"Kahului-Wailuku, HI",2021-02-01,3,17,2,0,22,450,39
27980,"Kahului-Wailuku, HI",2021-03-01,8,26,7,0,41,491,47
27980,"Kahului-Wailuku, HI",2021-04-01,11,24,6,1,42,533,58
27980,"Kahului-Wailuku, HI",2021-05-01,8,25,2,1,36,569,66
27980,"Kahului-Wailuku, HI",2021-06-01,10,30,4,0,44,613,76
27980,"Kahului-Wailuku, HI",2021-07-01,9,26,8,0,43,656,85
27980,"Kahului-Wailuku, HI",2021-08-01,4,40,8,0,52,708,89
27980,"Kahului-Wailuku, HI",2021-09-01,6,33,13,0,52,760,95
27980,"Kahului-Wailuku, HI",2021-10-01,4,26,9,1,40,800,99
27980,"Kahului-Wailuku, HI",2021-11-01,5,13,9,0,27,827,104
27980,"Kahului-Wailuku, HI",2021-12-01,10,27,5,2,44,871,114
27980,"Kahului-Wailuku, HI",2022-01-01,11,33,12,1,57,928,125
27980,"Kahului-Wailuku, HI",2022-02-01,7,19,5,2,33,961,132
27980,"Kahului-Wailuku, HI",2022-03-01,4,20,9,1,34,995,136
27980,"Kahului-Wailuku, HI",2022-04-01,4,21,9,1,35,1030,140
27980,"Kahului-Wailuku, HI",2022-05-01,9,27,10,1,47,1077,149
27980,"Kahului-Wailuku, HI",2022-06-01,14,30,8,3,55,1132,163
27980,"Kahului-Wailuku, HI",2022-07-01,9,28,12,0,49,1181,172
27980,"Kahului-Wailuku, HI",2022-08-01,5,33,6,0,44,1225,177
27980,"Kahului-Wailuku, HI",2022-09-01,7,33,6,1,47,1272,184
27980,"Kahului-Wailuku, HI",2022-10-01,10,16,5,1,32,1304,194
27980,"Kahului-Wailuku, HI",2022-11-01,12,14,9,3,38,1342,206
27980,"Kahului-Wailuku, HI",2022-12-01,12,20,8,3,43,1385,218
27980,"Kahului-Wailuku, HI",2023-01-01,7,17,16,0,40,1425,225
27980,"Kahului-Wailuku, HI",2023-02-01,14,29,8,0,51,1476,239
27980,"Kahului-Wailuku, HI",2023-03-01,11,16,5,0,32,1508,250
27980,"Kahului-Wailuku, HI",2023-04-01,7,27,10,0,44,1552,257
27980,"Kahului-Wailuku, HI",2023-05-01,8,26,9,1,44,1596,265
27980,"Kahului-Wailuku, HI",2023-06-01,21,21,8,1,51,1647,286
27980,"Kahului-Wailuku, HI",2023-07-01,13,27,6,1,47,1694,299
27980,"Kahului-Wailuku, HI",2023-08-01,6,13,8,1,28,1722,305
27980,"Kahului-Wailuku, HI",2023-09-01,11,15,8,0,34,1756,316
27980,"Kahului-Wailuku, HI",2023-10-01,8,23,10,1,42,1798,324
27980,"Kahului-Wailuku, HI",2023-11-01,12,27,10,0,49,1847,336
27980,"Kahului-Wailuku, HI",2023-12-01,12,23,3,1,39,1886,348
27980,"Kahului-Wailuku, HI",2024-01-01,8,24,9,0,41,1927,356
27980,"Kahului-Wailuku, HI",2024-02-01,13,16,6,0,35,1962,369
27980,"Kahului-Wailuku, HI",2024-03-01,19,19,7,0,45,2007,388
27980,"Kahului-Wailuku, HI",2024-04-01,11,20,9,0,40,2047,399
27980,"Kahului-Wailuku, HI",2024-05-01,15,20,3,1,39,2086,414
27980,"Kahului-Wailuku, HI",2024-06-01,15,20,6,0,41,2127,429
27980,"Kahului-Wailuku, HI",2024-07-01,12,21,4,1,38,2165,441
27980,"Kahului-Wailuku, HI",2024-08-01,15,24,8,0,47,2212,456
27980,"Kahului-Wailuku, HI",2024-09-01,8,34,11,0,53,2265,464
27980,"Kahului-Wailuku, HI",2024-10-01,18,23,9,0,50,2315,482
27980,"Kahului-Wailuku, HI",2024-11-01,12,33,6,0,51,2366,494
27980,"Kahului-Wailuku, HI",2024-12-01,19,24,3,0,46,2412,513
27980,"Kahului-Wailuku, HI",2025-01-01,20,19,7,0,46,2458,533
27980,"Kahului-Wailuku, HI",2025-02-01,16,12,9,1,38,2496,549
27980,"Kahului-Wailuku, HI",2025-03-01,14,19,9,0,42,2538,563
27980,"Kahului-Wailuku, HI",2025-04-01,12,21,5,1,39,2577,575
27980,"Kahului-Wailuku, HI",2025-05-01,20,38,13,1,72,2649,595
27980,"Kahului-Wailuku, HI",2025-06-01,40,34,8,2,84,2733,635
27980,"Kahului-Wailuku, HI",2025-07-01,19,35,9,0,63,2796,654
27980,"Kahului-Wailuku, HI",2025-08-01,29,28,10,1,68,2864,683
34460,"Mount Sterling, KY",2019-01-01,0,1,0,0,1,1,0
34460,"Mount Sterling, KY",2019-02-01,0,1,0,0,1,2,0
34460,"Mount Sterling, KY",2019-04-01,0,2,0,0,2,4,0
34460,"Mount Sterling, KY",2019-05-01,0,1,0,0,1,5,0
34460,"Mount Sterling, KY",2019-07-01,1,2,0,0,3,8,1
34460,"Mount Sterling, KY",2019-08-01,0,2,0,0,2,10,1
34460,"Mount Sterling, KY",2019-09-01,0,3,0,0,3,13,1
34460,"Mount Sterling, KY",2019-10-01,0,1,0,0,1,14,1
34460,"Mount Sterling, KY",2019-11-01,0,4,0,0,4,18,1
34460,"Mount Sterling, KY",2019-12-01,0,4,0,0,4,22,1
34460,"Mount Sterling, KY",2020-01-01,0,2,1,0,3,25,1
34460,"Mount Sterling, KY",2020-02-01,0,2,0,0,2,27,1
34460,"Mount Sterling, KY",2020-03-01,1,1,1,0,3,30,2
34460,"Mount Sterling, KY",2020-04-01,1,3,0,0,4,34,3
34460,"Mount Sterling, KY",2020-05-01,0,7,2,0,9,43,3
34460,"Mount Sterling, KY",2020-06-01,0,6,1,0,7,50,3
34460,"Mount Sterling, KY",2020-07-01,1,14,2,0,17,67,4
34460,"Mount Sterling, KY",2020-08-01,0,4,1,0,5,72,4
34460,"Mount Sterling, KY",2020-09-01,1,6,2,0,9,81,5
34460,"Mount Sterling, KY",2020-10-01,0,10,3,0,13,94,5
34460,"Mount Sterling, KY",2020-11-01,1,7,2,0,10,104,6
34460,"Mount Sterling, KY",2020-12-01,3,7,2,1,13,117,9
34460,"Mount Sterling, KY",2021-01-01,2,12,2,0,16,133,11
34460,"Mount Sterling, KY",2021-02-01,1,11,2,0,14,147,12
34460,"Mount Sterling, KY",2021-03-01,2,17,3,0,22,169,14
34460,"Mount Sterling, KY",2021-04-01,4,23,5,0,32,201,18
34460,"Mount Sterling, KY",2021-05-01,6,51,11,1,69,270,24
34460,"Mount Sterling, KY",2021-06-01,4,31,12,0,47,317,28
34460,"Mount Sterling, KY",2021-07-01,6,34,6,0,46,363,34
34460,"Mount Sterling, KY",2021-08-01,6,28,6,0,40,403,40
34460,"Mount Sterling, KY",2021-09-01,3,31,7,0,41,444,43
34460,"Mount Sterling, KY",2021-10-01,5,35,10,1,51,495,48
34460,"Mount Sterling, KY",2021-11-01,5,32,8,2,47,542,53
34460,"Mount Sterling, KY",2021-12-01,7,36,8,0,51,593,60
34460,"Mount Sterling, KY",2022-01-01,10,31,8,1,50,643,70
34460,"Mount Sterling, KY",2022-02-01,5,28,7,0,40,683,75
34460,"Mount Sterling, KY",2022-03-01,18,25,5,0,48,731,93
34460,"Mount Sterling, KY",2022-04-01,7,23,14,1,45,776,100
34460,"Mount Sterling, KY",2022-05-01,4,25,7,1,37,813,104
34460,"Mount Sterling, KY",2022-06-01,7,22,5,0,34,847,111
34460,"Mount Sterling, KY",2022-07-01,10,21,9,0,40,887,121
34460,"Mount Sterling, KY",2022-08-01,7,31,11,0,49,936,128
34460,"Mount Sterling, KY",2022-09-01,3,19,5,0,27,963,131
34460,"Mount Sterling, KY",2022-10-01,6,21,2,0,29,992,137
34460,"Mount Sterling, KY",2022-11-01,9,20,5,2,36,1028,146
34460,"Mount Sterling, KY",2022-12-01,10,22,4,0,36,1064,156
34460,"Mount Sterling, KY",2023-01-01,7,20,7,0,34,1098,163
34460,"Mount Sterling, KY",2023-02-01,8,20,3,0,31,1129,171
34460,"Mount Sterling, KY",2023-03-01,21,42,8,0,71,1200,192
34460,"Mount Sterling, KY",2023-04-01,10,30,8,0,48,1248,202
34460,"Mount Sterling, KY",2023-05-01,7,26,7,0,40,1288,209
34460,"Mount Sterling, KY",2023-06-01,7,23,4,2,36,1324,216
34460,"Mount Sterling, KY",2023-07-01,9,22,7,1,39,1363,225
34460,"Mount Sterling, KY",2023-08-01,6,18,8,2,34,1397,231
34460,"Mount Sterling, KY",2023-09-01,6,22,6,0,34,1431,237
34460,"Mount Sterling, KY",2023-10-01,6,23,8,0,37,1468,243
34460,"Mount Sterling, KY",2023-11-01,19,28,9,2,58,1526,262
34460,"Mount Sterling, KY",2023-12-01,13,26,9,2,50,1576,275
34460,"Mount Sterling, KY",2024-01-01,9,29,8,0,46,1622,284
34460,"Mount Sterling, KY",2024-02-01,17,17,10,0,44,1666,301
34460,"Mount Sterling, KY",2024-03-01,16,35,9,0,60,1726,317
34460,"Mount Sterling, KY",2024-04-01,13,25,7,0,45,1771,330
34460,"Mount Sterling, KY",2024-05-01,22,24,7,2,55,1826,352
34460,"Mount Sterling, KY",2024-06-01,4,13,6,0,23,1849,356
34460,"Mount Sterling, KY",2024-07-01,5,8,3,0,16,1865,361
34460,"Mount Sterling, KY",2024-08-01,3,5,2,0,10,1875,364
34460,"Mount Sterling, KY",2024-09-01,5,14,3,1,23,1898,369
34460,"Mount Sterling, KY",2024-10-01,17,23,8,0,48,1946,386
34460,"Mount Sterling, KY",2024-11-01,15,18,12,1,46,1992,401
34460,"Mount Sterling, KY",2024-12-01,15,27,8,0,50,2042,416
34460,"Mount Sterling, KY",2025-01-01,15,26,8,0,49,2091,431
34460,"Mount Sterling, KY",2025-02-01,12,24,10,3,49,2140,443
34460,"Mount Sterling, KY",2025-03-01,14,30,6,0,50,2190,457
34460,"Mount Sterling, KY",2025-04-01,24,21,7,0,52,2242,481
34460,"Mount Sterling, KY",2025-05-01,19,30,6,1,56,2298,500
34460,"Mount Sterling, KY",2025-06-01,17,33,13,0,63,2361,517
34460,"Mount Sterling, KY",2025-07-01,7,20,13,1,41,2402,524
34460,"Mount Sterling, KY",2025-08-01,13,16,5,1,35,2437,537
13220,"Beckley, WV",2019-01-01,0,3,3,0,6,6,0
13220,"Beckley, WV",2019-02-01,0,4,1,0,5,11,0
13220,"Beckley, WV",2019-03-01,0,2,0,0,2,13,0
13220,"Beckley, WV",2019-04-01,4,8,2,0,14,27,4
13220,"Beckley, WV",2019-05-01,1,26,6,0,33,60,5
13220,"Beckley, WV",2019-06-01,1,18,3,0,22,82,6
13220,"Beckley, WV",2019-07-01,0,8,4,0,12,94,6
13220,"Beckley, WV",2019-08-01,0,20,2,0,22,116,6
13220,"Beckley, WV",2019-09-01,4,20,5,0,29,145,10
13220,"Beckley, WV",2019-10-01,0,15,3,0,18,163,10
13220,"Beckley, WV",2019-11-01,1,15,6,1,23,186,11
13220,"Beckley, WV",2019-12-01,3,18,0,0,21,207,14
13220,"Beckley, WV",2020-01-01,3,16,2,1,22,229,17
13220,"Beckley, WV",2020-02-01,2,10,7,0,19,248,19
13220,"Beckley, WV",2020-03-01,3,18,4,0,25,273,22
13220,"Beckley, WV",2020-04-01,5,33,15,0,53,326,27
13220,"Beckley, WV",2020-05-01,14,45,13,2,74,400,41
13220,"Beckley, WV",2020-06-01,11,43,12,0,66,466,52
13220,"Beckley, WV",2020-07-01,16,24,5,0,45,511,68
13220,"Beckley, WV",2020-08-01,15,47,9,1,72,583,83
13220,"Beckley, WV",2020-09-01,9,40,8,2,59,642,92
13220,"Beckley, WV",2020-10-01,11,35,7,0,53,695,103
13220,"Beckley, WV",2020-11-01,8,26,8,0,42,737,111
13220,"Beckley, WV",2020-12-01,13,26,4,0,43,780,124
13220,"Beckley, WV",2021-01-01,25,45,17,0,87,867,149
13220,"Beckley, WV",2021-02-01,22,45,11,1,79,946,171
13220,"Beckley, WV",2021-03-01,25,54,20,2,101,1047,196
13220,"Beckley, WV",2021-04-01,17,59,22,0,98,1145,213
13220,"Beckley, WV",2021-05-01,18,55,9,0,82,1227,231
13220,"Beckley, WV",2021-06-01,14,49,11,0,74,1301,245
13220,"Beckley, WV",2021-07-01,14,51,11,1,77,1378,259
13220,"Beckley, WV",2021-08-01,9,51,11,1,72,1450,268
13220,"Beckley, WV",2021-09-01,13,39,17,1,70,1520,281
13220,"Beckley, WV",2021-10-01,10,53,13,1,77,1597,291
13220,"Beckley, WV",2021-11-01,17,37,17,1,72,1669,308
13220,"Beckley, WV",2021-12-01,19,52,13,0,84,1753,327
13220,"Beckley, WV",2022-01-01,17,72,14,3,106,1859,344
13220,"Beckley, WV",2022-02-01,27,43,19,1,90,1949,371
13220,"Beckley, WV",2022-03-01,16,42,15,2,75,2024,387
13220,"Beckley, WV",2022-04-01,18,52,12,2,84,2108,405
13220,"Beckley, WV",2022-05-01,17,37,15,2,71,2179,422
13220,"Beckley, WV",2022-06-01,27,40,15,1,83,2262,449
13220,"Beckley, WV",2022-07-01,21,36,10,2,69,2331,470
13220,"Beckley, WV",2022-08-01,21,42,17,2,82,2413,491
13220,"Beckley, WV",2022-09-01,16,31,11,1,59,2472,507
13220,"Beckley, WV",2022-10-01,19,23,15,1,58,2530,526
13220,"Beckley, WV",2022-11-01,20,47,9,1,77,2607,546
13220,"Beckley, WV",2022-12-01,21,33,14,1,69,2676,567
13220,"Beckley, WV",2023-01-01,25,42,9,2,78,2754,592
13220,"Beckley, WV",2023-02-01,30,38,14,0,82,2836,622
13220,"Beckley, WV",2023-03-01,30,50,15,2,97,2933,652
13220,"Beckley, WV",2023-04-01,17,40,13,1,71,3004,669
13220,"Beckley, WV",2023-05-01,20,29,8,1,58,3062,689
13220,"Beckley, WV",2023-06-01,15,30,7,1,53,3115,704
13220,"Beckley, WV",2023-07-01,25,17,15,4,61,3176,729
13220,"Beckley, WV",2023-08-01,13,24,7,0,44,3220,742
13220,"Beckley, WV",2023-09-01,17,35,8,1,61,3281,759
13220,"Beckley, WV",2023-10-01,28,30,11,1,70,3351,787
13220,"Beckley, WV",2023-11-01,34,44,12,0,90,3441,821
13220,"Beckley, WV",2023-12-01,32,43,10,1,86,3527,853
13220,"Beckley, WV",2024-01-01,27,46,13,0,86,3613,880
13220,"Beckley, WV",2024-02-01,24,35,13,0,72,3685,904
13220,"Beckley, WV",2024-03-01,23,39,15,1,78,3763,927
13220,"Beckley, WV",2024-04-01,32,39,12,0,83,3846,959
13220,"Beckley, WV",2024-05-01,19,41,13,0,73,3919,978
13220,"Beckley, WV",2024-06-01,30,41,21,6,98,4017,1008
13220,"Beckley, WV",2024-07-01,26,43,12,1,82,4099,1034
13220,"Beckley, WV",2024-08-01,15,31,7,2,55,4154,1049
13220,"Beckley, WV",2024-09-01,22,37,9,1,69,4223,1071
13220,"Beckley, WV",2024-10-01,42,47,17,4,110,4333,1113
13220,"Beckley, WV",2024-11-01,40,39,12,2,93,4426,1153
13220,"Beckley, WV",2024-12-01,29,37,25,1,92,4518,1182
13220,"Beckley, WV",2025-01-01,28,40,20,2,90,4608,1210
13220,"Beckley, WV",2025-02-01,27,35,21,0,83,4691,1237
13220,"Beckley, WV",2025-03-01,36,35,21,2,94,4785,1273
13220,"Beckley, WV",2025-04-01,40,37,11,2,90,4875,1313
13220,"Beckley, WV",2025-05-01,46,48,10,0,104,4979,1359
13220,"Beckley, WV",2025-06-01,31,44,18,1,94,5073,1390
13220,"Beckley, WV",2025-07-01,36,44,18,0,98,5171,1426
13220,"Beckley, WV",2025-08-01,23,39,9,2,73,5244,1449
13220,"Beckley, WV",2025-09-01,2,1,0,0,3,5247,1451
26220,"Hood River, OR",2019-01-01,0,1,0,0,1,1,0
26220,"Hood River, OR",2019-02-01,0,0,2,0,2,3,0
26220,"Hood River, OR",2019-03-01,0,3,0,0,3,6,0
26220,"Hood River, OR",2019-05-01,0,1,1,0,2,8,0
26220,"Hood River, OR",2019-06-01,0,1,0,0,1,9,0
26220,"Hood River, OR",2019-07-01,0,0,0,0,0,9,0
26220,"Hood River, OR",2019-08-01,0,1,0,0,1,10,0
26220,"Hood River, OR",2019-09-01,1,3,1,0,5,15,1
26220,"Hood River, OR",2019-10-01,0,2,1,0,3,18,1
26220,"Hood River, OR",2019-11-01,0,3,0,0,3,21,1
26220,"Hood River, OR",2019-12-01,0,1,0,0,1,22,1
26220,"Hood River, OR",2020-01-01,1,2,0,0,3,25,2
26220,"Hood River, OR",2020-02-01,0,1,2,0,3,28,2
26220,"Hood River, OR",2020-03-01,0,0,1,0,1,29,2
26220,"Hood River, OR",2020-04-01,3,6,0,0,9,38,5
26220,"Hood River, OR",2020-05-01,1,1,0,0,2,40,6
26220,"Hood River, OR",2020-06-01,2,2,3,0,7,47,8
26220,"Hood River, OR",2020-07-01,0,3,3,0,6,53,8
26220,"Hood River, OR",2020-08-01,4,7,3,0,14,67,12
26220,"Hood River, OR",2020-09-01,1,4,0,0,5,72,13
26220,"Hood River, OR",2020-10-01,2,6,0,0,8,80,15
26220,"Hood River, OR",2020-11-01,1,2,1,1,5,85,16
26220,"Hood River, OR",2020-12-01,1,6,2,0,9,94,17
26220,"Hood River, OR",2021-01-01,2,4,2,0,8,102,19
26220,"Hood River, OR",2021-02-01,0,5,2,0,7,109,19
26220,"Hood River, OR",2021-03-01,3,13,1,0,17,126,22
26220,"Hood River, OR",2021-04-01,6,21,7,0,34,160,28
26220,"Hood River, OR",2021-05-01,7,23,2,0,32,192,35
26220,"Hood River, OR",2021-06-01,2,17,4,0,23,215,37
26220,"Hood River, OR",2021-07-01,1,8,4,1,14,229,38
26220,"Hood River, OR",2021-08-01,2,12,4,0,18,247,40
26220,"Hood River, OR",2021-09-01,1,13,7,0,21,268,41
26220,"Hood River, OR",2021-10-01,2,17,3,0,22,290,43
26220,"Hood River, OR",2021-11-01,2,16,5,0,23,313,45
26220,"Hood River, OR",2021-12-01,7,20,4,0,31,344,52
26220,"Hood River, OR",2022-01-01,7,22,3,0,32,376,59
26220,"Hood River, OR",2022-02-01,5,15,3,1,24,400,64
26220,"Hood River, OR",2022-03-01,6,14,2,1,23,423,70
26220,"Hood River, OR",2022-04-01,3,14,6,0,23,446,73
26220,"Hood River, OR",2022-05-01,3,8,7,1,19,465,76
26220,"Hood River, OR",2022-06-01,4,14,3,0,21,486,80
26220,"Hood River, OR",2022-07-01,8,16,2,1,27,513,88
26220,"Hood River, OR",2022-08-01,5,17,3,0,25,538,93
26220,"Hood River, OR",2022-09-01,7,15,4,0,26,564,100
26220,"Hood River, OR",2022-10-01,10,8,3,0,21,585,110
26220,"Hood River, OR",2022-11-01,1,17,1,1,20,605,111
26220,"Hood River, OR",2022-12-01,7,11,3,1,22,627,118
26220,"Hood River, OR",2023-01-01,5,29,6,0,40,667,123
26220,"Hood River, OR",2023-02-01,1,11,7,1,20,687,124
26220,"Hood River, OR",2023-03-01,6,13,2,0,21,708,130
26220,"Hood River, OR",2023-04-01,5,11,5,1,22,730,135
26220,"Hood River, OR",2023-05-01,9,8,1,0,18,748,144
26220,"Hood River, OR",2023-06-01,7,8,0,1,16,764,151
26220,"Hood River, OR",2023-07-01,10,17,3,0,30,794,161
26220,"Hood River, OR",2023-08-01,3,8,5,0,16,810,164
26220,"Hood River, OR",2023-09-01,6,12,8,1,27,837,170
26220,"Hood River, OR",2023-10-01,3,13,1,0,17,854,173
26220,"Hood River, OR",2023-11-01,6,10,4,0,20,874,179
26220,"Hood River, OR",2023-12-01,9,5,4,1,19,893,188
26220,"Hood River, OR",2024-01-01,8,14,5,0,27,920,196
26220,"Hood River, OR",2024-02-01,5,12,3,1,21,941,201
26220,"Hood River, OR",2024-03-01,11,3,0,0,14,955,212
26220,"Hood River, OR",2024-04-01,8,7,4,0,19,974,220
26220,"Hood River, OR",2024-05-01,10,7,7,2,26,1000,230
26220,"Hood River, OR",2024-06-01,3,10,5,0,18,1018,233
26220,"Hood River, OR",2024-07-01,1,10,1,0,12,1030,234
26220,"Hood River, OR",2024-08-01,4,9,2,0,15,1045,238
26220,"Hood River, OR",2024-09-01,10,8,4,0,22,1067,248
26220,"Hood River, OR",2024-10-01,7,7,1,0,15,1082,255
26220,"Hood River, OR",2024-11-01,8,9,3,0,20,1102,263
26220,"Hood River, OR",2024-12-01,5,10,5,0,20,1122,268
26220,"Hood River, OR",2025-01-01,5,11,6,0,22,1144,273
26220,"Hood River, OR",2025-02-01,5,6,1,1,13,1157,278
26220,"Hood River, OR",2025-03-01,10,9,4,1,24,1181,288
26220,"Hood River, OR",2025-04-01,8,7,3,0,18,1199,296
26220,"Hood River, OR",2025-05-01,10,8,1,0,19,1218,306
26220,"Hood River, OR",2025-06-01,9,11,1,0,21,1239,315
26220,"Hood River, OR",2025-07-01,10,6,2,0,18,1257,325
26220,"Hood River, OR",2025-08-01,5,4,1,1,11,1268,330
18220,"Connersville, IN",2019-02-01,0,1,0,0,1,1,0
18220,"Connersville, IN",2019-04-01,0,0,1,0,1,2,0
18220,"Connersville, IN",2019-05-01,0,6,0,0,6,8,0
18220,"Connersville, IN",2019-06-01,0,0,1,0,1,9,0
18220,"Connersville, IN",2019-07-01,1,2,0,0,3,12,1
18220,"Connersville, IN",2019-08-01,0,0,1,0,1,13,1
18220,"Connersville, IN",2019-09-01,0,2,0,0,2,15,1
18220,"Connersville, IN",2019-10-01,0,0,0,1,1,16,1
18220,"Connersville, IN",2019-11-01,1,1,0,0,2,18,2
18220,"Connersville, IN",2019-12-01,0,1,2,1,4,22,2
18220,"Connersville, IN",2020-01-01,0,2,0,0,2,24,2
18220,"Connersville, IN",2020-02-01,0,0,1,0,1,25,2
18220,"Connersville, IN",2020-03-01,1,6,0,0,7,32,3
18220,"Connersville, IN",2020-04-01,1,3,1,0,5,37,4
18220,"Connersville, IN",2020-06-01,1,7,0,0,8,45,5
18220,"Connersville, IN",2020-07-01,2,5,0,0,7,52,7
18220,"Connersville, IN",2020-08-01,1,7,0,0,8,60,8
18220,"Connersville, IN",2020-09-01,1,10,2,0,13,73,9
18220,"Connersville, IN",2020-10-01,8,10,1,0,19,92,17
18220,"Connersville, IN",2020-11-01,1,12,1,0,14,106,18
18220,"Connersville, IN",2020-12-01,3,16,4,0,23,129,21
18220,"Connersville, IN",2021-01-01,7,18,3,0,28,157,28
18220,"Connersville, IN",2021-02-01,6,12,6,0,24,181,34
18220,"Connersville, IN",2021-03-01,7,22,4,0,33,214,41
18220,"Connersville, IN",2021-04-01,9,23,3,0,35,249,50
18220,"Connersville, IN",2021-05-01,11,34,7,1,53,302,61
18220,"Connersville, IN",2021-06-01,4,18,9,1,32,334,65
18220,"Connersville, IN",2021-07-01,6,27,8,0,41,375,71
18220,"Connersville, IN",2021-08-01,2,18,10,1,31,406,73
18220,"Connersville, IN",2021-09-01,10,22,4,0,36,442,83
18220,"Connersville, IN",2021-10-01,4,10,5,0,19,461,87
18220,"Connersville, IN",2021-11-01,7,18,4,0,29,490,94
18220,"Connersville, IN",2021-12-01,6,18,6,0,30,520,100
18220,"Connersville, IN",2022-01-01,9,18,15,0,42,562,109
18220,"Connersville, IN",2022-02-01,9,13,7,1,30,592,118
18220,"Connersville, IN",2022-03-01,9,18,3,0,30,622,127
18220,"Connersville, IN",2022-04-01,5,14,7,0,26,648,132
18220,"Connersville, IN",2022-05-01,6,8,2,0,16,664,138
18220,"Connersville, IN",2022-06-01,3,12,3,0,18,682,141
18220,"Connersville, IN",2022-07-01,3,12,3,0,18,700,144
18220,"Connersville, IN",2022-08-01,8,7,2,0,17,717,152
18220,"Connersville, IN",2022-09-01,6,14,2,1,23,740,158
18220,"Connersville, IN",2022-10-01,8,15,5,2,30,770,166
18220,"Connersville, IN",2022-11-01,0,15,5,0,20,790,166
18220,"Connersville, IN",2022-12-01,8,7,5,0,20,810,174
18220,"Connersville, IN",2023-01-01,10,16,2,0,28,838,184
18220,"Connersville, IN",2023-02-01,7,10,4,1,22,860,191
18220,"Connersville, IN",2023-03-01,14,16,6,2,38,898,205
18220,"Connersville, IN",2023-04-01,7,14,5,0,26,924,212
18220,"Connersville, IN",2023-05-01,7,14,2,0,23,947,219
18220,"Connersville, IN",2023-06-01,8,9,3,0,20,967,227
18220,"Connersville, IN",2023-07-01,5,8,3,0,16,983,232
18220,"Connersville, IN",2023-08-01,3,7,7,0,17,1000,235
18220,"Connersville, IN",2023-09-01,4,10,4,2,20,1020,239
18220,"Connersville, IN",2023-10-01,9,14,4,1,28,1048,248
18220,"Connersville, IN",2023-11-01,12,18,4,0,34,1082,260
18220,"Connersville, IN",2023-12-01,11,13,4,0,28,1110,271
18220,"Connersville, IN",2024-01-01,18,17,9,1,45,1155,289
18220,"Connersville, IN",2024-02-01,8,16,4,1,29,1184,297
18220,"Connersville, IN",2024-03-01,14,10,2,0,26,1210,311
18220,"Connersville, IN",2024-04-01,7,9,3,1,20,1230,318
18220,"Connersville, IN",2024-05-01,7,8,1,0,16,1246,325
18220,"Connersville, IN",2024-06-01,4,3,3,1,11,1257,329
18220,"Connersville, IN",2024-07-01,3,7,1,0,11,1268,332
18220,"Connersville, IN",2024-08-01,3,13,6,0,22,1290,335
18220,"Connersville, IN",2024-09-01,6,9,4,0,19,1309,341
18220,"Connersville, IN",2024-10-01,13,13,4,0,30,1339,354
18220,"Connersville, IN",2024-11-01,7,11,5,0,23,1362,361
18220,"Connersville, IN",2024-12-01,10,14,1,0,25,1387,371
18220,"Connersville, IN",2025-01-01,12,13,1,1,27,1414,383
18220,"Connersville, IN",2025-02-01,10,11,6,0,27,1441,393
18220,"Connersville, IN",2025-03-01,12,6,1,1,20,1461,405
18220,"Connersville, IN",2025-04-01,15,12,8,0,35,1496,420
18220,"Connersville, IN",2025-05-01,12,13,7,0,32,1528,432
18220,"Connersville, IN",2025-06-01,19,15,3,0,37,1565,451
18220,"Connersville, IN",2025-07-01,20,12,7,0,39,1604,471
18220,"Connersville, IN",2025-08-01,19,15,2,1,37,1641,490
18220,"Connersville, IN",2025-09-01,1,0,0,0,1,1642,491
27340,"Jacksonville, NC",2019-01-01,0,13,7,0,20,20,0
27340,"Jacksonville, NC",2019-02-01,0,26,2,1,29,49,0
27340,"Jacksonville, NC",2019-03-01,2,45,7,0,54,103,2
27340,"Jacksonville, NC",2019-04-01,6,77,16,1,100,203,8
27340,"Jacksonville, NC",2019-05-01,1,89,10,1,101,304,9
27340,"Jacksonville, NC",2019-06-01,5,84,6,0,95,399,14
27340,"Jacksonville, NC",2019-07-01,2,81,15,2,100,499,16
27340,"Jacksonville, NC",2019-08-01,3,86,12,1,102,601,19
27340,"Jacksonville, NC",2019-09-01,6,56,9,0,71,672,25
27340,"Jacksonville, NC",2019-10-01,5,59,5,0,69,741,30
27340,"Jacksonville, NC",2019-11-01,3,73,12,0,88,829,33
27340,"Jacksonville, NC",2019-12-01,5,42,8,0,55,884,38
27340,"Jacksonville, NC",2020-01-01,10,72,12,1,95,979,48
27340,"Jacksonville, NC",2020-02-01,11,89,9,3,112,1091,59
27340,"Jacksonville, NC",2020-03-01,16,89,16,2,123,1214,75
27340,"Jacksonville, NC",2020-04-01,38,170,25,2,235,1449,113
27340,"Jacksonville, NC",2020-05-01,56,233,27,3,319,1768,169
27340,"Jacksonville, NC",2020-06-01,40,179,5,1,225,1993,209
27340,"Jacksonville, NC",2020-07-01,37,166,20,2,225,2218,246
27340,"Jacksonville, NC",2020-08-01,73,343,41,2,459,2677,319
27340,"Jacksonville, NC",2020-09-01,83,257,27,3,370,3047,402
27340,"Jacksonville, NC",2020-10-01,38,165,14,0,217,3264,440
27340,"Jacksonville, NC",2020-11-01,33,112,12,4,161,3425,473
27340,"Jacksonville, NC",2020-12-01,17,66,11,1,95,3520,490
27340,"Jacksonville, NC",2021-01-01,90,191,25,2,308,3828,580
27340,"Jacksonville, NC",2021-02-01,78,182,35,2,297,4125,658
27340,"Jacksonville, NC",2021-03-01,93,227,36,2,358,4483,751
27340,"Jacksonville, NC",2021-04-01,94,196,34,1,325,4808,845
27340,"Jacksonville, NC",2021-05-01,108,204,28,4,344,5152,953
27340,"Jacksonville, NC",2021-06-01,88,191,25,0,304,5456,1041
27340,"Jacksonville, NC",2021-07-01,51,111,15,1,178,5634,1092
27340,"Jacksonville, NC",2021-08-01,38,112,22,0,172,5806,1130
27340,"Jacksonville, NC",2021-09-01,85,156,34,3,278,6084,1215
27340,"Jacksonville, NC",2021-10-01,61,122,19,1,203,6287,1276
27340,"Jacksonville, NC",2021-11-01,49,99,12,3,163,6450,1325
27340,"Jacksonville, NC",2021-12-01,60,110,23,2,195,6645,1385
27340,"Jacksonville, NC",2022-01-01,105,176,27,4,312,6957,1490
27340,"Jacksonville, NC",2022-02-01,90,150,19,3,262,7219,1580
27340,"Jacksonville, NC",2022-03-01,100,158,29,4,291,7510,1680
27340,"Jacksonville, NC",2022-04-01,63,104,15,1,183,7693,1743
27340,"Jacksonville, NC",2022-05-01,120,146,19,5,290,7983,1863
27340,"Jacksonville, NC",2022-06-01,93,106,19,1,219,8202,1956
27340,"Jacksonville, NC",2022-07-01,54,111,20,3,188,8390,2010
27340,"Jacksonville, NC",2022-08-01,185,270,56,5,516,8906,2195
27340,"Jacksonville, NC",2022-09-01,152,229,40,3,424,9330,2347
27340,"Jacksonville, NC",2022-10-01,92,156,20,2,270,9600,2439
27340,"Jacksonville, NC",2022-11-01,131,144,36,3,314,9914,2570
27340,"Jacksonville, NC",2022-12-01,92,120,22,3,237,10151,2662
27340,"Jacksonville, NC",2023-01-01,87,131,35,6,259,10410,2749
27340,"Jacksonville, NC",2023-02-01,93,120,31,2,246,10656,2842
27340,"Jacksonville, NC",2023-03-01,187,176,44,3,410,11066,3029
27340,"Jacksonville, NC",2023-04-01,111,137,21,3,272,11338,3140
27340,"Jacksonville, NC",2023-05-01,70,101,23,2,196,11534,3210
27340,"Jacksonville, NC",2023-06-01,54,48,6,4,112,11646,3264
27340,"Jacksonville, NC",2023-07-01,65,82,20,3,170,11816,3329
27340,"Jacksonville, NC",2023-08-01,88,108,20,1,217,12033,3417
27340,"Jacksonville, NC",2023-09-01,52,86,18,2,158,12191,3469
27340,"Jacksonville, NC",2023-10-01,85,79,18,3,185,12376,3554
27340,"Jacksonville, NC",2023-11-01,121,116,29,5,271,12647,3675
27340,"Jacksonville, NC",2023-12-01,169,148,34,2,353,13000,3844
27340,"Jacksonville, NC",2024-01-01,193,183,42,4,422,13422,4037
27340,"Jacksonville, NC",2024-02-01,146,114,27,2,289,13711,4183
27340,"Jacksonville, NC",2024-03-01,161,106,36,3,306,14017,4344
27340,"Jacksonville, NC",2024-04-01,189,119,18,2,328,14345,4533
27340,"Jacksonville, NC",2024-05-01,215,138,35,2,390,14735,4748
27340,"Jacksonville, NC",2024-06-01,191,122,32,3,348,15083,4939
27340,"Jacksonville, NC",2024-07-01,181,133,23,3,340,15423,5120
27340,"Jacksonville, NC",2024-08-01,56,64,25,1,146,15569,5176
27340,"Jacksonville, NC",2024-09-01,102,90,12,3,207,15776,5278
27340,"Jacksonville, NC",2024-10-01,173,122,30,6,331,16107,5451
27340,"Jacksonville, NC",2024-11-01,144,113,21,1,279,16386,5595
27340,"Jacksonville, NC",2024-12-01,149,143,44,3,339,16725,5744
27340,"Jacksonville, NC",2025-01-01,165,110,22,1,298,17023,5909
27340,"Jacksonville, NC",2025-02-01,131,100,27,4,262,17285,6040
27340,"Jacksonville, NC",2025-03-01,156,113,26,4,299,17584,6196
27340,"Jacksonville, NC",2025-04-01,173,99,29,5,306,17890,6369
27340,"Jacksonville, NC",2025-05-01,222,121,18,4,365,18255,6591
27340,"Jacksonville, NC",2025-06-01,227,132,39,2,400,18655,6818
27340,"Jacksonville, NC",2025-07-01,158,108,33,2,301,18956,6976
27340,"Jacksonville, NC",2025-08-01,144,136,32,4,316,19272,7120
27340,"Jacksonville, NC",2025-09-01,1,3,1,0,5,19277,7121
14660,"Brainerd, MN",2019-03-01,0,2,1,0,3,3,0
14660,"Brainerd, MN",2019-04-01,0,5,0,0,5,8,0
14660,"Brainerd, MN",2019-05-01,0,7,2,0,9,17,0
14660,"Brainerd, MN",2019-06-01,0,1,1,0,2,19,0
14660,"Brainerd, MN",2019-07-01,0,5,5,1,11,30,0
14660,"Brainerd, MN",2019-08-01,2,8,2,0,12,42,2
14660,"Brainerd, MN",2019-09-01,3,12,6,0,21,63,5
14660,"Brainerd, MN",2019-10-01,1,5,2,1,9,72,6
14660,"Brainerd, MN",2019-11-01,0,2,2,2,6,78,6
14660,"Brainerd, MN",2019-12-01,0,12,2,1,15,93,6
14660,"Brainerd, MN",2020-01-01,1,11,2,0,14,107,7
14660,"Brainerd, MN",2020-02-01,0,7,2,0,9,116,7
14660,"Brainerd, MN",2020-03-01,0,4,2,0,6,122,7
14660,"Brainerd, MN",2020-04-01,4,18,5,0,27,149,11
14660,"Brainerd, MN",2020-05-01,17,23,6,1,47,196,28
14660,"Brainerd, MN",2020-06-01,4,22,3,1,30,226,32
14660,"Brainerd, MN",2020-07-01,8,20,2,0,30,256,40
14660,"Brainerd, MN",2020-08-01,8,24,8,1,41,297,48
14660,"Brainerd, MN",2020-09-01,8,15,5,0,28,325,56
14660,"Brainerd, MN",2020-10-01,5,15,2,0,22,347,61
14660,"Brainerd, MN",2020-11-01,5,11,6,0,22,369,66
14660,"Brainerd, MN",2020-12-01,11,32,6,0,49,418,77
14660,"Brainerd, MN",2021-01-01,14,20,10,0,44,462,91
14660,"Brainerd, MN",2021-02-01,8,18,7,2,35,497,99
14660,"Brainerd, MN",2021-03-01,17,29,2,1,49,546,116
14660,"Brainerd, MN",2021-04-01,11,18,6,1,36,582,127
14660,"Brainerd, MN",2021-05-01,10,20,10,0,40,622,137
14660,"Brainerd, MN",2021-06-01,7,20,7,1,35,657,144
14660,"Brainerd, MN",2021-07-01,7,22,1,1,31,688,151
14660,"Brainerd, MN",2021-08-01,16,14,6,1,37,725,167
14660,"Brainerd, MN",2021-09-01,10,25,6,0,41,766,177
14660,"Brainerd, MN",2021-10-01,7,20,8,3,38,804,184
14660,"Brainerd, MN",2021-11-01,13,17,5,1,36,840,197
14660,"Brainerd, MN",2021-12-01,13,20,9,0,42,882,210
14660,"Brainerd, MN",2022-01-01,22,27,10,2,61,943,232
14660,"Brainerd, MN",2022-02-01,13,26,9,2,50,993,245
14660,"Brainerd, MN",2022-03-01,13,19,6,0,38,1031,258
14660,"Brainerd, MN",2022-04-01,11,19,2,0,32,1063,269
14660,"Brainerd, MN",2022-05-01,12,13,6,0,31,1094,281
14660,"Brainerd, MN",2022-06-01,18,12,4,0,34,1128,299
14660,"Brainerd, MN",2022-07-01,17,13,6,1,37,1165,316
14660,"Brainerd, MN",2022-08-01,25,27,11,1,64,1229,341
14660,"Brainerd, MN",2022-09-01,13,26,8,1,48,1277,354
14660,"Brainerd, MN",2022-10-01,9,26,6,1,42,1319,363
14660,"Brainerd, MN",2022-11-01,11,27,9,1,48,1367,374
14660,"Brainerd, MN",2022-12-01,11,20,5,1,37,1404,385
14660,"Brainerd, MN",2023-01-01,15,17,6,0,38,1442,400
14660,"Brainerd, MN",2023-02-01,16,17,12,0,45,1487,416
14660,"Brainerd, MN",2023-03-01,18,26,10,0,54,1541,434
14660,"Brainerd, MN",2023-04-01,14,31,8,0,53,1594,448
14660,"Brainerd, MN",2023-05-01,5,12,5,0,22,1616,453
14660,"Brainerd, MN",2023-06-01,11,16,8,1,36,1652,464
14660,"Brainerd, MN",2023-07-01,9,10,4,1,24,1676,473
14660,"Brainerd, MN",2023-08-01,9,12,5,1,27,1703,482
14660,"Brainerd, MN",2023-09-01,23,24,3,2,52,1755,505
14660,"Brainerd, MN",2023-10-01,21,11,1,0,33,1788,526
14660,"Brainerd, MN",2023-11-01,17,11,6,1,35,1823,543
14660,"Brainerd, MN",2023-12-01,14,12,7,1,34,1857,557
14660,"Brainerd, MN",2024-01-01,12,13,6,1,32,1889,569
14660,"Brainerd, MN",2024-02-01,11,9,9,0,29,1918,580
14660,"Brainerd, MN",2024-03-01,14,13,10,1,38,1956,594
14660,"Brainerd, MN",2024-04-01,12,10,5,1,28,1984,606
14660,"Brainerd, MN",2024-05-01,5,10,3,1,19,2003,611
14660,"Brainerd, MN",2024-06-01,14,11,6,0,31,2034,625
14660,"Brainerd, MN",2024-07-01,9,7,4,1,21,2055,634
14660,"Brainerd, MN",2024-08-01,12,19,6,1,38,2093,646
14660,"Brainerd, MN",2024-09-01,13,9,3,1,26,2119,659
14660,"Brainerd, MN",2024-10-01,27,13,5,0,45,2164,686
14660,"Brainerd, MN",2024-11-01,24,14,5,0,43,2207,710
14660,"Brainerd, MN",2024-12-01,31,27,8,3,69,2276,741
14660,"Brainerd, MN",2025-01-01,18,17,7,0,42,2318,759
14660,"Brainerd, MN",2025-02-01,20,13,4,0,37,2355,779
14660,"Brainerd, MN",2025-03-01,22,14,7,0,43,2398,801
14660,"Brainerd, MN",2025-04-01,23,17,3,3,46,2444,824
14660,"Brainerd, MN",2025-05-01,24,12,4,0,40,2484,848
14660,"Brainerd, MN",2025-06-01,32,19,3,0,54,2538,880
14660,"Brainerd, MN",2025-07-01,22,20,3,1,46,2584,902
14660,"Brainerd, MN",2025-08-01,13,19,1,0,33,2617,915
14660,"Brainerd, MN",2025-09-01,1,0,1,0,2,2619,916
28420,"Kennewick-Richland, WA",2019-01-01,3,47,12,2,64,64,3
28420,"Kennewick-Richland, WA",2019-02-01,4,49,9,1,63,127,7
28420,"Kennewick-Richland, WA",2019-03-01,6,52,10,1,69,196,13
28420,"Kennewick-Richland, WA",2019-04-01,6,36,12,0,54,250,19
28420,"Kennewick-Richland, WA",2019-05-01,0,41,11,1,53,303,19
28420,"Kennewick-Richland, WA",2019-06-01,1,29,4,2,36,339,20
28420,"Kennewick-Richland, WA",2019-07-01,4,29,6,0,39,378,24
28420,"Kennewick-Richland, WA",2019-08-01,6,38,5,1,50,428,30
28420,"Kennewick-Richland, WA",2019-09-01,3,32,7,1,43,471,33
28420,"Kennewick-Richland, WA",2019-10-01,8,27,10,2,47,518,41
28420,"Kennewick-Richland, WA",2019-11-01,2,37,7,1,47,565,43
28420,"Kennewick-Richland, WA",2019-12-01,3,35,7,0,45,610,46
28420,"Kennewick-Richland, WA",2020-01-01,4,41,17,1,63,673,50
28420,"Kennewick-Richland, WA",2020-02-01,9,28,10,1,48,721,59
28420,"Kennewick-Richland, WA",2020-03-01,26,60,17,3,106,827,85
28420,"Kennewick-Richland, WA",2020-04-01,73,151,35,4,263,1090,158
28420,"Kennewick-Richland, WA",2020-05-01,42,71,15,3,131,1221,200
28420,"Kennewick-Richland, WA",2020-06-01,34,72,15,1,122,1343,234
28420,"Kennewick-Richland, WA",2020-07-01,49,106,17,2,174,1517,283
28420,"Kennewick-Richland, WA",2020-08-01,66,149,26,5,246,1763,349
28420,"Kennewick-Richland, WA",2020-09-01,43,101,21,0,165,1928,392
28420,"Kennewick-Richland, WA",2020-10-01,40,103,18,0,161,2089,432
28420,"Kennewick-Richland, WA",2020-11-01,32,77,14,1,124,2213,464
28420,"Kennewick-Richland, WA",2020-12-01,35,62,10,0,107,2320,499
28420,"Kennewick-Richland, WA",2021-01-01,97,147,27,2,273,2593,596
28420,"Kennewick-Richland, WA",2021-02-01,35,79,22,3,139,2732,631
28420,"Kennewick-Richland, WA",2021-03-01,72,125,32,4,233,2965,703
28420,"Kennewick-Richland, WA",2021-04-01,61,114,29,1,205,3170,764
28420,"Kennewick-Richland, WA",2021-05-01,44,103,20,2,169,3339,808
28420,"Kennewick-Richland, WA",2021-06-01,46,102,20,2,170,3509,854
28420,"Kennewick-Richland, WA",2021-07-01,54,122,28,1,205,3714,908
28420,"Kennewick-Richland, WA",2021-08-01,43,95,17,5,160,3874,951
28420,"Kennewick-Richland, WA",2021-09-01,60,133,37,4,234,4108,1011
28420,"Kennewick-Richland, WA",2021-10-01,25,80,22,1,128,4236,1036
28420,"Kennewick-Richland, WA",2021-11-01,41,62,33,4,140,4376,1077
28420,"Kennewick-Richland, WA",2021-12-01,80,161,39,3,283,4659,1157
28420,"Kennewick-Richland, WA",2022-01-01,145,248,55,5,453,5112,1302
28420,"Kennewick-Richland, WA",2022-02-01,66,130,33,4,233,5345,1368
28420,"Kennewick-Richland, WA",2022-03-01,47,111,42,1,201,5546,1415
28420,"Kennewick-Richland, WA",2022-04-01,54,89,24,1,168,5714,1469
28420,"Kennewick-Richland, WA",2022-05-01,51,80,15,1,147,5861,1520
28420,"Kennewick-Richland, WA",2022-06-01,58,107,19,2,186,6047,1578
28420,"Kennewick-Richland, WA",2022-07-01,40,90,17,3,150,6197,1618
28420,"Kennewick-Richland, WA",2022-08-01,74,115,37,1,227,6424,1692
28420,"Kennewick-Richland, WA",2022-09-01,77,168,51,3,299,6723,1769
28420,"Kennewick-Richland, WA",2022-10-01,47,95,22,1,165,6888,1816
28420,"Kennewick-Richland, WA",2022-11-01,65,109,19,4,197,7085,1881
28420,"Kennewick-Richland, WA",2022-12-01,91,128,32,4,255,7340,1972
28420,"Kennewick-Richland, WA",2023-01-01,78,119,31,4,232,7572,2050
28420,"Kennewick-Richland, WA",2023-02-01,60,87,33,4,184,7756,2110
28420,"Kennewick-Richland, WA",2023-03-01,95,150,42,4,291,8047,2205
28420,"Kennewick-Richland, WA",2023-04-01,79,112,25,2,218,8265,2284
28420,"Kennewick-Richland, WA",2023-05-01,39,58,17,2,116,8381,2323
28420,"Kennewick-Richland, WA",2023-06-01,46,52,14,2,114,8495,2369
28420,"Kennewick-Richland, WA",2023-07-01,36,44,8,2,90,8585,2405
28420,"Kennewick-Richland, WA",2023-08-01,47,65,19,1,132,8717,2452
28420,"Kennewick-Richland, WA",2023-09-01,47,71,12,3,133,8850,2499
28420,"Kennewick-Richland, WA",2023-10-01,57,101,19,3,180,9030,2556
28420,"Kennewick-Richland, WA",2023-11-01,94,125,38,2,259,9289,2650
28420,"Kennewick-Richland, WA",2023-12-01,107,144,45,6,302,9591,2757
28420,"Kennewick-Richland, WA",2024-01-01,75,96,36,3,210,9801,2832
28420,"Kennewick-Richland, WA",2024-02-01,86,106,33,1,226,10027,2918
28420,"Kennewick-Richland, WA",2024-03-01,42,50,11,1,104,10131,2960
28420,"Kennewick-Richland, WA",2024-04-01,77,112,27,0,216,10347,3037
28420,"Kennewick-Richland, WA",2024-05-01,76,125,31,3,235,10582,3113
28420,"Kennewick-Richland, WA",2024-06-01,49,61,15,0,125,10707,3162
28420,"Kennewick-Richland, WA",2024-07-01,29,49,16,2,96,10803,3191
28420,"Kennewick-Richland, WA",2024-08-01,20,48,17,0,85,10888,3211
28420,"Kennewick-Richland, WA",2024-09-01,39,38,13,1,91,10979,3250
28420,"Kennewick-Richland, WA",2024-10-01,59,110,22,2,193,11172,3309
28420,"Kennewick-Richland, WA",2024-11-01,77,116,22,2,217,11389,3386
28420,"Kennewick-Richland, WA",2024-12-01,91,108,19,4,222,11611,3477
28420,"Kennewick-Richland, WA",2025-01-01,46,77,11,1,135,11746,3523
28420,"Kennewick-Richland, WA",2025-02-01,87,102,29,0,218,11964,3610
28420,"Kennewick-Richland, WA",2025-03-01,93,99,28,2,222,12186,3703
28420,"Kennewick-Richland, WA",2025-04-01,28,45,14,1,88,12274,3731
28420,"Kennewick-Richland, WA",2025-05-01,101,99,21,1,222,12496,3832
28420,"Kennewick-Richland, WA",2025-06-01,141,121,25,2,289,12785,3973
28420,"Kennewick-Richland, WA",2025-07-01,88,88,23,2,201,12986,4061
28420,"Kennewick-Richland, WA",2025-08-01,120,86,21,3,230,13216,4181
28420,"Kennewick-Richland, WA",2025-09-01,3,3,1,0,7,13223,4184
30580,"Liberal, KS",2019-01-01,0,1,0,0,1,1,0
30580,"Liberal, KS",2019-02-01,0,1,1,0,2,3,0
30580,"Liberal, KS",2019-03-01,0,2,0,0,2,5,0
30580,"Liberal, KS",2019-05-01,0,1,0,0,1,6,0
30580,"Liberal, KS",2019-06-01,0,2,0,0,2,8,0
30580,"Liberal, KS",2019-08-01,0,1,0,0,1,9,0
30580,"Liberal, KS",2019-09-01,0,2,0,0,2,11,0
30580,"Liberal, KS",2019-12-01,0,1,1,0,2,13,0
30580,"Liberal, KS",2020-03-01,0,1,0,0,1,14,0
30580,"Liberal, KS",2020-04-01,0,1,0,1,2,16,0
30580,"Liberal, KS",2020-05-01,0,2,2,1,5,21,0
30580,"Liberal, KS",2020-06-01,0,0,2,0,2,23,0
30580,"Liberal, KS",2020-07-01,1,1,1,0,3,26,1
30580,"Liberal, KS",2020-08-01,1,2,0,0,3,29,2
30580,"Liberal, KS",2020-09-01,0,2,0,0,2,31,2
30580,"Liberal, KS",2020-10-01,0,4,1,0,5,36,2
30580,"Liberal, KS",2020-11-01,2,4,3,0,9,45,4
30580,"Liberal, KS",2020-12-01,2,9,1,0,12,57,6
30580,"Liberal, KS",2021-01-01,2,7,3,1,13,70,8
30580,"Liberal, KS",2021-02-01,1,3,0,0,4,74,9
30580,"Liberal, KS",2021-03-01,3,7,2,0,12,86,12
30580,"Liberal, KS",2021-04-01,2,2,0,0,4,90,14
30580,"Liberal, KS",2021-05-01,0,9,2,0,11,101,14
30580,"Liberal, KS",2021-06-01,0,9,2,0,11,112,14
30580,"Liberal, KS",2021-07-01,2,10,3,1,16,128,16
30580,"Liberal, KS",2021-08-01,1,6,2,0,9,137,17
30580,"Liberal, KS",2021-09-01,0,7,0,0,7,144,17
30580,"Liberal, KS",2021-10-01,0,4,0,0,4,148,17
30580,"Liberal, KS",2021-11-01,2,8,0,0,10,158,19
30580,"Liberal, KS",2021-12-01,7,11,1,1,20,178,26
30580,"Liberal, KS",2022-01-01,3,8,4,0,15,193,29
30580,"Liberal, KS",2022-02-01,7,9,6,1,23,216,36
30580,"Liberal, KS",2022-03-01,4,11,1,0,16,232,40
30580,"Liberal, KS",2022-04-01,2,10,1,1,14,246,42
30580,"Liberal, KS",2022-05-01,6,8,0,0,14,260,48
30580,"Liberal, KS",2022-06-01,4,5,4,0,13,273,52
30580,"Liberal, KS",2022-07-01,4,9,1,0,14,287,56
30580,"Liberal, KS",2022-08-01,3,9,2,0,14,301,59
30580,"Liberal, KS",2022-09-01,5,7,0,0,12,313,64
30580,"Liberal, KS",2022-10-01,5,5,3,0,13,326,69
30580,"Liberal, KS",2022-11-01,11,6,2,0,19,345,80
30580,"Liberal, KS",2022-12-01,3,5,2,0,10,355,83
30580,"Liberal, KS",2023-01-01,7,6,0,0,13,368,90
30580,"Liberal, KS",2023-02-01,4,1,1,0,6,374,94
30580,"Liberal, KS",2023-03-01,9,7,3,0,19,393,103
30580,"Liberal, KS",2023-04-01,6,8,0,0,14,407,109
30580,"Liberal, KS",2023-05-01,8,4,3,0,15,422,117
30580,"Liberal, KS",2023-06-01,7,6,1,0,14,436,124
30580,"Liberal, KS",2023-07-01,4,14,3,0,21,457,128
30580,"Liberal, KS",2023-08-01,5,5,2,0,12,469,133
30580,"Liberal, KS",2023-09-01,4,5,0,0,9,478,137
30580,"Liberal, KS",2023-10-01,5,8,2,0,15,493,142
30580,"Liberal, KS",2023-11-01,3,5,0,0,8,501,145
30580,"Liberal, KS",2023-12-01,6,5,1,0,12,513,151
30580,"Liberal, KS",2024-01-01,6,9,7,0,22,535,157
30580,"Liberal, KS",2024-02-01,3,5,0,0,8,543,160
30580,"Liberal, KS",2024-03-01,8,5,3,0,16,559,168
30580,"Liberal, KS",2024-04-01,9,8,2,0,19,578,177
30580,"Liberal, KS",2024-05-01,3,3,1,0,7,585,180
30580,"Liberal, KS",2024-06-01,1,2,0,0,3,588,181
30580,"Liberal, KS",2024-07-01,2,4,0,0,6,594,183
30580,"Liberal, KS",2024-08-01,1,4,0,0,5,599,184
30580,"Liberal, KS",2024-09-01,4,1,1,0,6,605,188
30580,"Liberal, KS",2024-10-01,8,6,2,0,16,621,196
30580,"Liberal, KS",2024-11-01,10,6,3,0,19,640,206
30580,"Liberal, KS",2024-12-01,13,9,1,0,23,663,219
30580,"Liberal, KS",2025-01-01,5,10,1,0,16,679,224
30580,"Liberal, KS",2025-02-01,10,4,3,0,17,696,234
30580,"Liberal, KS",2025-03-01,3,4,2,0,9,705,237
30580,"Liberal, KS",2025-04-01,0,3,0,0,3,708,237
30580,"Liberal, KS",2025-05-01,9,10,2,0,21,729,246
30580,"Liberal, KS",2025-06-01,0,2,0,0,2,731,246
30580,"Liberal, KS",2025-07-01,2,3,0,0,5,736,248
30580,"Liberal, KS",2025-08-01,3,3,2,0,8,744,251
29860,"Laurel, MS",2019-02-01,0,1,1,0,2,2,0
29860,"Laurel, MS",2019-03-01,0,3,0,0,3,5,0
29860,"Laurel, MS",2019-04-01,0,2,1,0,3,8,0
29860,"Laurel, MS",2019-05-01,0,12,4,0,16,24,0
29860,"Laurel, MS",2019-06-01,1,10,4,0,15,39,1
29860,"Laurel, MS",2019-07-01,2,24,2,0,28,67,3
29860,"Laurel, MS",2019-08-01,1,21,5,0,27,94,4
29860,"Laurel, MS",2019-09-01,1,12,4,0,17,111,5
29860,"Laurel, MS",2019-10-01,1,12,8,0,21,132,6
29860,"Laurel, MS",2019-11-01,0,15,5,0,20,152,6
29860,"Laurel, MS",2019-12-01,3,15,0,0,18,170,9
29860,"Laurel, MS",2020-01-01,0,12,1,0,13,183,9
29860,"Laurel, MS",2020-02-01,2,11,2,0,15,198,11
29860,"Laurel, MS",2020-03-01,5,22,1,1,29,227,16
29860,"Laurel, MS",2020-04-01,2,25,4,1,32,259,18
29860,"Laurel, MS",2020-05-01,9,48,7,0,64,323,27
29860,"Laurel, MS",2020-06-01,5,32,3,0,40,363,32
29860,"Laurel, MS",2020-07-01,6,28,3,2,39,402,38
29860,"Laurel, MS",2020-08-01,13,54,8,1,76,478,51
29860,"Laurel, MS",2020-09-01,6,25,5,0,36,514,57
29860,"Laurel, MS",2020-10-01,12,18,4,0,34,548,69
29860,"Laurel, MS",2020-11-01,14,28,5,0,47,595,83
29860,"Laurel, MS",2020-12-01,10,26,4,0,40,635,93
29860,"Laurel, MS",2021-01-01,12,27,6,0,45,680,105
29860,"Laurel, MS",2021-02-01,11,32,11,0,54,734,116
29860,"Laurel, MS",2021-03-01,23,49,4,0,76,810,139
29860,"Laurel, MS",2021-04-01,16,52,8,0,76,886,155
29860,"Laurel, MS",2021-05-01,11,55,8,0,74,960,166
29860,"Laurel, MS",2021-06-01,14,44,3,0,61,1021,180
29860,"Laurel, MS",2021-07-01,10,65,10,2,87,1108,190
29860,"Laurel, MS",2021-08-01,15,39,8,0,62,1170,205
29860,"Laurel, MS",2021-09-01,10,41,6,0,57,1227,215
29860,"Laurel, MS",2021-10-01,10,32,6,0,48,1275,225
29860,"Laurel, MS",2021-11-01,11,30,10,0,51,1326,236
29860,"Laurel, MS",2021-12-01,20,38,10,0,68,1394,256
29860,"Laurel, MS",2022-01-01,21,46,13,0,80,1474,277
29860,"Laurel, MS",2022-02-01,15,24,7,1,47,1521,292
29860,"Laurel, MS",2022-03-01,17,49,12,0,78,1599,309
29860,"Laurel, MS",2022-04-01,20,44,7,1,72,1671,329
29860,"Laurel, MS",2022-05-01,16,48,8,3,75,1746,345
29860,"Laurel, MS",2022-06-01,18,25,1,1,45,1791,363
29860,"Laurel, MS",2022-07-01,18,26,6,2,52,1843,381
29860,"Laurel, MS",2022-08-01,16,35,9,2,62,1905,397
29860,"Laurel, MS",2022-09-01,21,26,8,1,56,1961,418
29860,"Laurel, MS",2022-10-01,15,35,12,0,62,2023,433
29860,"Laurel, MS",2022-11-01,20,30,8,0,58,2081,453
29860,"Laurel, MS",2022-12-01,26,43,15,3,87,2168,479
29860,"Laurel, MS",2023-01-01,17,27,13,0,57,2225,496
29860,"Laurel, MS",2023-02-01,18,41,10,1,70,2295,514
29860,"Laurel, MS",2023-03-01,27,47,6,1,81,2376,541
29860,"Laurel, MS",2023-04-01,31,46,7,0,84,2460,572
29860,"Laurel, MS",2023-05-01,8,29,3,1,41,2501,580
29860,"Laurel, MS",2023-06-01,17,30,5,1,53,2554,597
29860,"Laurel, MS",2023-07-01,19,33,4,0,56,2610,616
29860,"Laurel, MS",2023-08-01,14,20,6,0,40,2650,630
29860,"Laurel, MS",2023-09-01,8,28,2,0,38,2688,638
29860,"Laurel, MS",2023-10-01,35,42,3,0,80,2768,673
29860,"Laurel, MS",2023-11-01,26,44,14,0,84,2852,699
29860,"Laurel, MS",2023-12-01,33,48,13,3,97,2949,732
29860,"Laurel, MS",2024-01-01,22,41,21,0,84,3033,754
29860,"Laurel, MS",2024-02-01,36,46,9,2,93,3126,790
29860,"Laurel, MS",2024-03-01,47,41,13,0,101,3227,837
29860,"Laurel, MS",2024-04-01,33,53,11,4,101,3328,870
29860,"Laurel, MS",2024-05-01,24,37,13,0,74,3402,894
29860,"Laurel, MS",2024-06-01,7,20,8,0,35,3437,901
29860,"Laurel, MS",2024-07-01,22,33,6,3,64,3501,923
29860,"Laurel, MS",2024-08-01,32,42,13,2,89,3590,955
29860,"Laurel, MS",2024-09-01,23,29,12,1,65,3655,978
29860,"Laurel, MS",2024-10-01,38,54,13,1,106,3761,1016
29860,"Laurel, MS",2024-11-01,39,46,14,2,101,3862,1055
29860,"Laurel, MS",2024-12-01,43,32,11,3,89,3951,1098
29860,"Laurel, MS",2025-01-01,46,30,10,4,90,4041,1144
29860,"Laurel, MS",2025-02-01,36,39,13,4,92,4133,1180
29860,"Laurel, MS",2025-03-01,52,45,15,7,119,4252,1232
29860,"Laurel, MS",2025-04-01,48,45,12,1,106,4358,1280
29860,"Laurel, MS",2025-05-01,51,49,13,3,116,4474,1331
29860,"Laurel, MS",2025-06-01,37,45,20,2,104,4578,1368
29860,"Laurel, MS",2025-07-01,34,27,8,1,70,4648,1402
29860,"Laurel, MS",2025-08-01,31,33,6,0,70,4718,1433
29860,"Laurel, MS",2025-09-01,1,0,0,0,1,4719,1434
25500,"Harrisonburg, VA",2019-01-01,1,9,4,1,15,15,1
25500,"Harrisonburg, VA",2019-02-01,0,8,2,1,11,26,1
25500,"Harrisonburg, VA",2019-03-01,7,21,7,0,35,61,8
25500,"Harrisonburg, VA",2019-04-01,2,35,6,0,43,104,10
25500,"Harrisonburg, VA",2019-05-01,3,57,6,0,66,170,13
25500,"Harrisonburg, VA",2019-06-01,6,37,6,2,51,221,19
25500,"Harrisonburg, VA",2019-07-01,1,38,5,1,45,266,20
25500,"Harrisonburg, VA",2019-08-01,3,41,7,0,51,317,23
25500,"Harrisonburg, VA",2019-09-01,2,41,8,0,51,368,25
25500,"Harrisonburg, VA",2019-10-01,1,20,9,0,30,398,26
25500,"Harrisonburg, VA",2019-11-01,7,59,7,0,73,471,33
25500,"Harrisonburg, VA",2019-12-01,9,46,7,0,62,533,42
25500,"Harrisonburg, VA",2020-01-01,5,54,7,1,67,600,47
25500,"Harrisonburg, VA",2020-02-01,10,58,6,0,74,674,57
25500,"Harrisonburg, VA",2020-03-01,12,69,16,3,100,774,69
25500,"Harrisonburg, VA",2020-04-01,57,99,8,4,168,942,126
25500,"Harrisonburg, VA",2020-05-01,120,181,17,3,321,1263,246
25500,"Harrisonburg, VA",2020-06-01,66,107,5,1,179,1442,312
25500,"Harrisonburg, VA",2020-07-01,77,120,13,1,211,1653,389
25500,"Harrisonburg, VA",2020-08-01,69,147,9,2,227,1880,458
25500,"Harrisonburg, VA",2020-09-01,75,153,8,0,236,2116,533
25500,"Harrisonburg, VA",2020-10-01,53,90,4,2,149,2265,586
25500,"Harrisonburg, VA",2020-11-01,41,62,5,1,109,2374,627
25500,"Harrisonburg, VA",2020-12-01,52,60,8,1,121,2495,679
25500,"Harrisonburg, VA",2021-01-01,66,98,13,1,178,2673,745
25500,"Harrisonburg, VA",2021-02-01,48,110,12,2,172,2845,793
25500,"Harrisonburg, VA",2021-03-01,128,157,24,4,313,3158,921
25500,"Harrisonburg, VA",2021-04-01,88,117,10,2,217,3375,1009
25500,"Harrisonburg, VA",2021-05-01,102,119,8,1,230,3605,1111
25500,"Harrisonburg, VA",2021-06-01,54,90,10,1,155,3760,1165
25500,"Harrisonburg, VA",2021-07-01,60,82,8,0,150,3910,1225
25500,"Harrisonburg, VA",2021-08-01,72,94,17,0,183,4093,1297
25500,"Harrisonburg, VA",2021-09-01,72,91,28,4,195,4288,1369
25500,"Harrisonburg, VA",2021-10-01,39,39,11,0,89,4377,1408
25500,"Harrisonburg, VA",2021-11-01,50,66,19,1,136,4513,1458
25500,"Harrisonburg, VA",2021-12-01,88,83,19,0,190,4703,1546
25500,"Harrisonburg, VA",2022-01-01,123,145,24,2,294,4997,1669
25500,"Harrisonburg, VA",2022-02-01,76,89,21,2,188,5185,1745
25500,"Harrisonburg, VA",2022-03-01,58,75,14,0,147,5332,1803
25500,"Harrisonburg, VA",2022-04-01,42,67,13,2,124,5456,1845
25500,"Harrisonburg, VA",2022-05-01,108,83,16,1,208,5664,1953
25500,"Harrisonburg, VA",2022-06-01,48,69,15,1,133,5797,2001
25500,"Harrisonburg, VA",2022-07-01,43,58,8,1,110,5907,2044
25500,"Harrisonburg, VA",2022-08-01,85,80,23,0,188,6095,2129
25500,"Harrisonburg, VA",2022-09-01,88,81,24,2,195,6290,2217
25500,"Harrisonburg, VA",2022-10-01,96,74,28,3,201,6491,2313
25500,"Harrisonburg, VA",2022-11-01,86,91,22,1,200,6691,2399
25500,"Harrisonburg, VA",2022-12-01,127,86,20,5,238,6929,2526
25500,"Harrisonburg, VA",2023-01-01,99,95,19,1,214,7143,2625
25500,"Harrisonburg, VA",2023-02-01,84,63,13,3,163,7306,2709
25500,"Harrisonburg, VA",2023-03-01,113,79,31,6,229,7535,2822
25500,"Harrisonburg, VA",2023-04-01,92,72,17,2,183,7718,2914
25500,"Harrisonburg, VA",2023-05-01,62,62,16,2,142,7860,2976
25500,"Harrisonburg, VA",2023-06-01,37,31,8,1,77,7937,3013
25500,"Harrisonburg, VA",2023-07-01,45,41,12,1,99,8036,3058
25500,"Harrisonburg, VA",2023-08-01,58,56,23,1,138,8174,3116
25500,"Harrisonburg, VA",2023-09-01,58,44,9,2,113,8287,3174
25500,"Harrisonburg, VA",2023-10-01,75,62,15,3,155,8442,3249
25500,"Harrisonburg, VA",2023-11-01,92,83,17,1,193,8635,3341
25500,"Harrisonburg, VA",2023-12-01,101,72,16,4,193,8828,3442
25500,"Harrisonburg, VA",2024-01-01,100,59,31,1,191,9019,3542
25500,"Harrisonburg, VA",2024-02-01,99,60,17,1,177,9196,3641
25500,"Harrisonburg, VA",2024-03-01,112,72,17,1,202,9398,3753
25500,"Harrisonburg, VA",2024-04-01,91,61,14,3,169,9567,3844
25500,"Harrisonburg, VA",2024-05-01,82,53,13,2,150,9717,3926
25500,"Harrisonburg, VA",2024-06-01,40,37,10,2,89,9806,3966
25500,"Harrisonburg, VA",2024-07-01,31,39,9,1,80,9886,3997
25500,"Harrisonburg, VA",2024-08-01,29,45,11,2,87,9973,4026
25500,"Harrisonburg, VA",2024-09-01,63,80,21,3,167,10140,4089
25500,"Harrisonburg, VA",2024-10-01,106,106,33,0,245,10385,4195
25500,"Harrisonburg, VA",2024-11-01,103,86,24,1,214,10599,4298
25500,"Harrisonburg, VA",2024-12-01,119,84,20,1,224,10823,4417
25500,"Harrisonburg, VA",2025-01-01,88,91,24,0,203,11026,4505
25500,"Harrisonburg, VA",2025-02-01,117,78,20,1,216,11242,4622
25500,"Harrisonburg, VA",2025-03-01,124,78,23,1,226,11468,4746
25500,"Harrisonburg, VA",2025-04-01,111,66,18,2,197,11665,4857
25500,"Harrisonburg, VA",2025-05-01,105,73,16,2,196,11861,4962
25500,"Harrisonburg, VA",2025-06-01,89,67,17,0,173,12034,5051
25500,"Harrisonburg, VA",2025-07-01,70,57,15,0,142,12176,5121
25500,"Harrisonburg, VA",2025-08-01,92,63,15,1,171,12347,5213
25500,"Harrisonburg, VA",2025-09-01,0,0,1,0,1,12348,5213
44260,"Starkville, MS",2019-01-01,0,2,1,0,3,3,0
44260,"Starkville, MS",2019-02-01,0,1,0,0,1,4,0
44260,"Starkville, MS",2019-03-01,0,1,0,0,1,5,0
44260,"Starkville, MS",2019-04-01,1,7,0,0,8,13,1
44260,"Starkville, MS",2019-05-01,0,6,1,0,7,20,1
44260,"Starkville, MS",2019-06-01,2,22,3,0,27,47,3
44260,"Starkville, MS",2019-07-01,1,26,1,0,28,75,4
44260,"Starkville, MS",2019-08-01,1,25,2,0,28,103,5
44260,"Starkville, MS",2019-09-01,3,49,6,0,58,161,8
44260,"Starkville, MS",2019-10-01,4,34,2,0,40,201,12
44260,"Starkville, MS",2019-11-01,2,23,1,0,26,227,14
44260,"Starkville, MS",2019-12-01,6,29,1,0,36,263,20
44260,"Starkville, MS",2020-01-01,3,23,2,0,28,291,23
44260,"Starkville, MS",2020-02-01,5,38,2,0,45,336,28
44260,"Starkville, MS",2020-03-01,8,35,4,0,47,383,36
44260,"Starkville, MS",2020-04-01,9,44,1,0,54,437,45
44260,"Starkville, MS",2020-05-01,34,102,3,0,139,576,79
44260,"Starkville, MS",2020-06-01,21,80,3,0,104,680,100
44260,"Starkville, MS",2020-07-01,23,68,4,1,96,776,123
44260,"Starkville, MS",2020-08-01,24,136,4,2,166,942,147
44260,"Starkville, MS",2020-09-01,64,138,10,0,212,1154,211
44260,"Starkville, MS",2020-10-01,57,102,5,1,165,1319,268
44260,"Starkville, MS",2020-11-01,33,75,4,0,112,1431,301
44260,"Starkville, MS",2020-12-01,28,55,1,0,84,1515,329
44260,"Starkville, MS",2021-01-01,48,101,5,0,154,1669,377
44260,"Starkville, MS",2021-02-01,51,89,4,1,145,1814,428
44260,"Starkville, MS",2021-03-01,80,119,10,2,211,2025,508
44260,"Starkville, MS",2021-04-01,56,78,6,0,140,2165,564
44260,"Starkville, MS",2021-05-01,36,74,9,0,119,2284,600
44260,"Starkville, MS",2021-06-01,39,70,8,2,119,2403,639
44260,"Starkville, MS",2021-07-01,42,86,5,0,133,2536,681
44260,"Starkville, MS",2021-08-01,50,99,7,0,156,2692,731
44260,"Starkville, MS",2021-09-01,50,61,7,0,118,2810,781
44260,"Starkville, MS",2021-10-01,33,48,6,0,87,2897,814
44260,"Starkville, MS",2021-11-01,46,55,11,1,113,3010,860
44260,"Starkville, MS",2021-12-01,56,61,7,1,125,3135,916
44260,"Starkville, MS",2022-01-01,72,69,9,0,150,3285,988
44260,"Starkville, MS",2022-02-01,41,46,5,0,92,3377,1029
44260,"Starkville, MS",2022-03-01,48,45,6,1,100,3477,1077
44260,"Starkville, MS",2022-04-01,31,56,6,0,93,3570,1108
44260,"Starkville, MS",2022-05-01,46,66,8,0,120,3690,1154
44260,"Starkville, MS",2022-06-01,34,49,6,0,89,3779,1188
44260,"Starkville, MS",2022-07-01,35,53,9,1,98,3877,1223
44260,"Starkville, MS",2022-08-01,44,54,8,0,106,3983,1267
44260,"Starkville, MS",2022-09-01,86,71,6,0,163,4146,1353
44260,"Starkville, MS",2022-10-01,74,56,10,1,141,4287,1427
44260,"Starkville, MS",2022-11-01,52,59,5,2,118,4405,1479
44260,"Starkville, MS",2022-12-01,69,63,8,1,141,4546,1548
44260,"Starkville, MS",2023-01-01,60,59,10,0,129,4675,1608
44260,"Starkville, MS",2023-02-01,91,50,7,1,149,4824,1699
44260,"Starkville, MS",2023-03-01,92,80,13,2,187,5011,1791
44260,"Starkville, MS",2023-04-01,53,50,10,1,114,5125,1844
44260,"Starkville, MS",2023-05-01,42,50,2,0,94,5219,1886
44260,"Starkville, MS",2023-06-01,32,42,8,0,82,5301,1918
44260,"Starkville, MS",2023-07-01,31,37,5,1,74,5375,1949
44260,"Starkville, MS",2023-08-01,53,38,5,0,96,5471,2002
44260,"Starkville, MS",2023-09-01,66,53,15,2,136,5607,2068
44260,"Starkville, MS",2023-10-01,60,37,9,0,106,5713,2128
44260,"Starkville, MS",2023-11-01,89,57,9,0,155,5868,2217
44260,"Starkville, MS",2023-12-01,85,47,11,1,144,6012,2302
44260,"Starkville, MS",2024-01-01,90,51,5,1,147,6159,2392
44260,"Starkville, MS",2024-02-01,114,65,8,0,187,6346,2506
44260,"Starkville, MS",2024-03-01,90,47,13,0,150,6496,2596
44260,"Starkville, MS",2024-04-01,70,42,12,0,124,6620,2666
44260,"Starkville, MS",2024-05-01,72,55,8,1,136,6756,2738
44260,"Starkville, MS",2024-06-01,60,22,6,0,88,6844,2798
44260,"Starkville, MS",2024-07-01,44,29,6,0,79,6923,2842
44260,"Starkville, MS",2024-08-01,36,30,6,0,72,6995,2878
44260,"Starkville, MS",2024-09-01,93,53,13,2,161,7156,2971
44260,"Starkville, MS",2024-10-01,131,65,12,2,210,7366,3102
44260,"Starkville, MS",2024-11-01,141,65,12,0,218,7584,3243
44260,"Starkville, MS",2024-12-01,96,53,11,0,160,7744,3339
44260,"Starkville, MS",2025-01-01,111,39,15,0,165,7909,3450
44260,"Starkville, MS",2025-02-01,121,40,9,2,172,8081,3571
44260,"Starkville, MS",2025-03-01,127,65,10,1,203,8284,3698
44260,"Starkville, MS",2025-04-01,108,60,11,2,181,8465,3806
44260,"Starkville, MS",2025-05-01,92,54,19,3,168,8633,3898
44260,"Starkville, MS",2025-06-01,76,49,7,2,134,8767,3974
44260,"Starkville, MS",2025-07-01,58,50,10,0,118,8885,4032
44260,"Starkville, MS",2025-08-01,111,45,10,2,168,9053,4143
44260,"Starkville, MS",2025-09-01,2,2,0,0,4,9057,4145
43220,"Shelton, WA",2019-01-01,0,3,1,0,4,4,0
43220,"Shelton, WA",2019-02-01,0,1,0,0,1,5,0
43220,"Shelton, WA",2019-03-01,0,3,2,0,5,10,0
43220,"Shelton, WA",2019-04-01,0,1,1,0,2,12,0
43220,"Shelton, WA",2019-05-01,0,5,1,0,6,18,0
43220,"Shelton, WA",2019-06-01,0,5,1,0,6,24,0
43220,"Shelton, WA",2019-07-01,0,2,2,0,4,28,0
43220,"Shelton, WA",2019-08-01,0,4,2,0,6,34,0
43220,"Shelton, WA",2019-09-01,0,3,1,0,4,38,0
43220,"Shelton, WA",2019-10-01,0,2,0,0,2,40,0
43220,"Shelton, WA",2019-11-01,1,2,0,1,4,44,1
43220,"Shelton, WA",2019-12-01,0,3,1,1,5,49,1
43220,"Shelton, WA",2020-01-01,0,4,1,0,5,54,1
43220,"Shelton, WA",2020-02-01,0,3,1,0,4,58,1
43220,"Shelton, WA",2020-03-01,1,1,1,0,3,61,2
43220,"Shelton, WA",2020-04-01,0,6,2,0,8,69,2
43220,"Shelton, WA",2020-05-01,0,5,5,0,10,79,2
43220,"Shelton, WA",2020-06-01,2,7,0,1,10,89,4
43220,"Shelton, WA",2020-07-01,3,7,3,0,13,102,7
43220,"Shelton, WA",2020-08-01,0,4,3,1,8,110,7
43220,"Shelton, WA",2020-09-01,4,12,1,0,17,127,11
43220,"Shelton, WA",2020-10-01,1,10,3,0,14,141,12
43220,"Shelton, WA",2020-11-01,1,7,0,0,8,149,13
43220,"Shelton, WA",2020-12-01,7,12,5,1,25,174,20
43220,"Shelton, WA",2021-01-01,2,13,5,0,20,194,22
43220,"Shelton, WA",2021-02-01,3,9,4,0,16,210,25
43220,"Shelton, WA",2021-03-01,4,13,4,0,21,231,29
43220,"Shelton, WA",2021-04-01,7,15,5,1,28,259,36
43220,"Shelton, WA",2021-05-01,10,31,10,0,51,310,46
43220,"Shelton, WA",2021-06-01,9,29,11,1,50,360,55
43220,"Shelton, WA",2021-07-01,11,27,11,0,49,409,66
43220,"Shelton, WA",2021-08-01,5,25,10,0,40,449,71
43220,"Shelton, WA",2021-09-01,8,42,10,2,62,511,79
43220,"Shelton, WA",2021-10-01,9,35,13,0,57,568,88
43220,"Shelton, WA",2021-11-01,12,44,15,0,71,639,100
43220,"Shelton, WA",2021-12-01,12,22,6,0,40,679,112
43220,"Shelton, WA",2022-01-01,9,34,18,1,62,741,121
43220,"Shelton, WA",2022-02-01,10,25,8,1,44,785,131
43220,"Shelton, WA",2022-03-01,9,26,13,1,49,834,140
43220,"Shelton, WA",2022-04-01,10,23,12,1,46,880,150
43220,"Shelton, WA",2022-05-01,9,18,4,0,31,911,159
43220,"Shelton, WA",2022-06-01,8,16,3,0,27,938,167
43220,"Shelton, WA",2022-07-01,11,21,6,0,38,976,178
43220,"Shelton, WA",2022-08-01,8,23,7,2,40,1016,186
43220,"Shelton, WA",2022-09-01,9,22,13,1,45,1061,195
43220,"Shelton, WA",2022-10-01,10,29,3,0,42,1103,205
43220,"Shelton, WA",2022-11-01,9,29,7,0,45,1148,214
43220,"Shelton, WA",2022-12-01,12,25,9,0,46,1194,226
43220,"Shelton, WA",2023-01-01,5,18,13,1,37,1231,231
43220,"Shelton, WA",2023-02-01,10,13,6,1,30,1261,241
43220,"Shelton, WA",2023-03-01,9,17,3,0,29,1290,250
43220,"Shelton, WA",2023-04-01,7,20,6,2,35,1325,257
43220,"Shelton, WA",2023-05-01,7,14,5,2,28,1353,264
43220,"Shelton, WA",2023-06-01,10,17,7,2,36,1389,274
43220,"Shelton, WA",2023-07-01,8,22,6,0,36,1425,282
43220,"Shelton, WA",2023-08-01,8,24,5,0,37,1462,290
43220,"Shelton, WA",2023-09-01,8,17,3,2,30,1492,298
43220,"Shelton, WA",2023-10-01,6,24,3,0,33,1525,304
43220,"Shelton, WA",2023-11-01,13,13,8,0,34,1559,317
43220,"Shelton, WA",2023-12-01,9,17,8,0,34,1593,326
43220,"Shelton, WA",2024-01-01,12,17,6,1,36,1629,338
43220,"Shelton, WA",2024-02-01,7,20,8,0,35,1664,345
43220,"Shelton, WA",2024-03-01,13,16,4,1,34,1698,358
43220,"Shelton, WA",2024-04-01,13,17,6,1,37,1735,371
43220,"Shelton, WA",2024-05-01,7,19,9,0,35,1770,378
43220,"Shelton, WA",2024-06-01,12,11,4,0,27,1797,390
43220,"Shelton, WA",2024-07-01,6,10,5,0,21,1818,396
43220,"Shelton, WA",2024-08-01,9,22,3,2,36,1854,405
43220,"Shelton, WA",2024-09-01,8,17,5,0,30,1884,413
43220,"Shelton, WA",2024-10-01,7,19,6,0,32,1916,420
43220,"Shelton, WA",2024-11-01,15,33,14,0,62,1978,435
43220,"Shelton, WA",2024-12-01,18,12,4,0,34,2012,453
43220,"Shelton, WA",2025-01-01,19,20,7,1,47,2059,472
43220,"Shelton, WA",2025-02-01,12,16,5,0,33,2092,484
43220,"Shelton, WA",2025-03-01,12,19,3,1,35,2127,496
43220,"Shelton, WA",2025-04-01,17,18,3,0,38,2165,513
43220,"Shelton, WA",2025-05-01,17,22,4,2,45,2210,530
43220,"Shelton, WA",2025-06-01,18,16,2,1,37,2247,548
43220,"Shelton, WA",2025-07-01,20,26,6,0,52,2299,568
43220,"Shelton, WA",2025-08-01,12,11,8,0,31,2330,580
43220,"Shelton, WA",2025-09-01,1,0,0,0,1,2331,581
40090,"Rifle, CO",2019-02-01,0,1,0,0,1,1,0
40090,"Rifle, CO",2019-03-01,0,1,1,0,2,3,0
40090,"Rifle, CO",2019-04-01,0,1,0,0,1,4,0
40090,"Rifle, CO",2019-05-01,0,3,0,0,3,7,0
40090,"Rifle, CO",2019-08-01,0,1,1,0,2,9,0
40090,"Rifle, CO",2019-09-01,0,1,0,0,1,10,0
40090,"Rifle, CO",2019-12-01,0,0,0,1,1,11,0
40090,"Rifle, CO",2020-01-01,0,1,0,0,1,12,0
40090,"Rifle, CO",2020-02-01,0,5,0,0,5,17,0
40090,"Rifle, CO",2020-03-01,0,1,1,0,2,19,0
40090,"Rifle, CO",2020-04-01,1,2,1,0,4,23,1
40090,"Rifle, CO",2020-05-01,0,1,0,0,1,24,1
40090,"Rifle, CO",2020-07-01,0,3,0,0,3,27,1
40090,"Rifle, CO",2020-08-01,2,3,3,0,8,35,3
40090,"Rifle, CO",2020-09-01,1,4,1,0,6,41,4
40090,"Rifle, CO",2020-10-01,0,0,1,0,1,42,4
40090,"Rifle, CO",2020-11-01,0,1,0,0,1,43,4
40090,"Rifle, CO",2020-12-01,0,1,2,0,3,46,4
40090,"Rifle, CO",2021-01-01,0,3,0,0,3,49,4
40090,"Rifle, CO",2021-03-01,0,5,3,0,8,57,4
40090,"Rifle, CO",2021-04-01,1,3,1,0,5,62,5
40090,"Rifle, CO",2021-05-01,1,4,2,0,7,69,6
40090,"Rifle, CO",2021-06-01,1,4,0,0,5,74,7
40090,"Rifle, CO",2021-07-01,0,8,0,0,8,82,7
40090,"Rifle, CO",2021-08-01,2,7,1,0,10,92,9
40090,"Rifle, CO",2021-09-01,2,5,5,1,13,105,11
40090,"Rifle, CO",2021-10-01,0,6,2,1,9,114,11
40090,"Rifle, CO",2021-11-01,1,4,0,1,6,120,12
40090,"Rifle, CO",2021-12-01,2,5,2,0,9,129,14
40090,"Rifle, CO",2022-01-01,3,12,5,0,20,149,17
40090,"Rifle, CO",2022-02-01,4,4,1,0,9,158,21
40090,"Rifle, CO",2022-03-01,7,11,2,0,20,178,28
40090,"Rifle, CO",2022-04-01,2,5,3,0,10,188,30
40090,"Rifle, CO",2022-05-01,3,14,6,0,23,211,33
40090,"Rifle, CO",2022-06-01,5,14,2,0,21,232,38
40090,"Rifle, CO",2022-07-01,5,6,0,0,11,243,43
40090,"Rifle, CO",2022-08-01,5,10,3,0,18,261,48
40090,"Rifle, CO",2022-09-01,1,6,2,2,11,272,49
40090,"Rifle, CO",2022-10-01,5,10,5,0,20,292,54
40090,"Rifle, CO",2022-11-01,6,8,1,0,15,307,60
40090,"Rifle, CO",2022-12-01,4,8,6,0,18,325,64
40090,"Rifle, CO",2023-01-01,4,13,3,0,20,345,68
40090,"Rifle, CO",2023-02-01,6,3,3,0,12,357,74
40090,"Rifle, CO",2023-03-01,3,11,4,0,18,375,77
40090,"Rifle, CO",2023-04-01,3,6,0,0,9,384,80
40090,"Rifle, CO",2023-05-01,4,8,1,0,13,397,84
40090,"Rifle, CO",2023-06-01,2,12,2,0,16,413,86
40090,"Rifle, CO",2023-07-01,8,5,4,1,18,431,94
40090,"Rifle, CO",2023-08-01,3,4,1,0,8,439,97
40090,"Rifle, CO",2023-09-01,4,7,3,0,14,453,101
40090,"Rifle, CO",2023-10-01,5,6,5,0,16,469,106
40090,"Rifle, CO",2023-11-01,4,14,4,1,23,492,110
40090,"Rifle, CO",2023-12-01,7,10,3,0,20,512,117
40090,"Rifle, CO",2024-01-01,8,8,5,1,22,534,125
40090,"Rifle, CO",2024-02-01,6,5,4,0,15,549,131
40090,"Rifle, CO",2024-03-01,11,7,6,1,25,574,142
40090,"Rifle, CO",2024-04-01,4,8,2,1,15,589,146
40090,"Rifle, CO",2024-05-01,8,11,5,0,24,613,154
40090,"Rifle, CO",2024-06-01,5,10,2,0,17,630,159
40090,"Rifle, CO",2024-07-01,6,11,3,1,21,651,165
40090,"Rifle, CO",2024-08-01,4,5,4,0,13,664,169
40090,"Rifle, CO",2024-09-01,1,8,2,1,12,676,170
40090,"Rifle, CO",2024-10-01,5,7,6,0,18,694,175
40090,"Rifle, CO",2024-11-01,2,11,3,0,16,710,177
40090,"Rifle, CO",2024-12-01,5,9,0,1,15,725,182
40090,"Rifle, CO",2025-01-01,8,11,2,0,21,746,190
40090,"Rifle, CO",2025-02-01,5,8,1,0,14,760,195
40090,"Rifle, CO",2025-03-01,7,7,4,0,18,778,202
40090,"Rifle, CO",2025-04-01,3,11,0,0,14,792,205
40090,"Rifle, CO",2025-05-01,6,6,2,0,14,806,211
40090,"Rifle, CO",2025-06-01,9,7,2,1,19,825,220
40090,"Rifle, CO",2025-07-01,6,5,1,0,12,837,226
40090,"Rifle, CO",2025-08-01,3,3,2,1,9,846,229
40090,"Rifle, CO",2025-09-01,0,1,0,0,1,847,229
31060,"Los Alamos, NM",2020-04-01,1,0,0,0,1,1,1
31060,"Los Alamos, NM",2020-08-01,0,2,0,0,2,3,1
31060,"Los Alamos, NM",2020-12-01,1,0,0,0,1,4,2
31060,"Los Alamos, NM",2021-03-01,0,1,0,0,1,5,2
31060,"Los Alamos, NM",2021-04-01,0,1,0,0,1,6,2
31060,"Los Alamos, NM",2021-05-01,0,1,0,0,1,7,2
31060,"Los Alamos, NM",2021-06-01,1,1,0,0,2,9,3
31060,"Los Alamos, NM",2021-08-01,0,1,0,0,1,10,3
31060,"Los Alamos, NM",2021-09-01,0,1,0,0,1,11,3
31060,"Los Alamos, NM",2021-11-01,1,0,0,0,1,12,4
31060,"Los Alamos, NM",2022-02-01,1,0,0,0,1,13,5
31060,"Los Alamos, NM",2022-04-01,1,0,0,0,1,14,6
31060,"Los Alamos, NM",2022-06-01,0,0,1,0,1,15,6
31060,"Los Alamos, NM",2022-07-01,0,2,0,0,2,17,6
31060,"Los Alamos, NM",2022-08-01,0,1,0,0,1,18,6
31060,"Los Alamos, NM",2022-11-01,0,2,0,0,2,20,6
31060,"Los Alamos, NM",2023-01-01,0,1,0,0,1,21,6
31060,"Los Alamos, NM",2023-02-01,0,0,1,0,1,22,6
31060,"Los Alamos, NM",2023-03-01,2,1,0,0,3,25,8
31060,"Los Alamos, NM",2023-04-01,1,1,0,0,2,27,9
31060,"Los Alamos, NM",2023-05-01,0,1,0,0,1,28,9
31060,"Los Alamos, NM",2023-06-01,0,3,1,0,4,32,9
31060,"Los Alamos, NM",2023-07-01,1,2,0,0,3,35,10
31060,"Los Alamos, NM",2023-09-01,0,2,0,0,2,37,10
31060,"Los Alamos, NM",2023-10-01,1,1,1,0,3,40,11
31060,"Los Alamos, NM",2023-11-01,0,1,0,0,1,41,11
31060,"Los Alamos, NM",2023-12-01,0,3,0,0,3,44,11
31060,"Los Alamos, NM",2024-01-01,1,2,0,0,3,47,12
31060,"Los Alamos, NM",2024-02-01,1,1,0,0,2,49,13
31060,"Los Alamos, NM",2024-03-01,0,3,0,1,4,53,13
31060,"Los Alamos, NM",2024-04-01,2,3,0,0,5,58,15
31060,"Los Alamos, NM",2024-05-01,4,1,0,0,5,63,19
31060,"Los Alamos, NM",2024-06-01,2,0,0,0,2,65,21
31060,"Los Alamos, NM",2024-07-01,2,3,1,0,6,71,23
31060,"Los Alamos, NM",2024-08-01,0,1,1,0,2,73,23
31060,"Los Alamos, NM",2024-09-01,0,0,1,0,1,74,23
31060,"Los Alamos, NM",2024-10-01,0,1,0,0,1,75,23
31060,"Los Alamos, NM",2024-11-01,2,2,1,0,5,80,25
31060,"Los Alamos, NM",2024-12-01,2,2,0,0,4,84,27
31060,"Los Alamos, NM",2025-01-01,1,1,0,1,3,87,28
31060,"Los Alamos, NM",2025-02-01,1,1,0,0,2,89,29
31060,"Los Alamos, NM",2025-03-01,0,0,1,0,1,90,29
31060,"Los Alamos, NM",2025-04-01,0,4,1,0,5,95,29
31060,"Los Alamos, NM",2025-05-01,1,3,0,0,4,99,30
31060,"Los Alamos, NM",2025-06-01,1,1,0,0,2,101,31
31060,"Los Alamos, NM",2025-07-01,1,1,0,0,2,103,32
31060,"Los Alamos, NM",2025-08-01,1,2,0,0,3,106,33
42460,"Scottsboro, AL",2019-01-01,0,1,1,0,2,2,0
42460,"Scottsboro, AL",2019-02-01,0,1,0,0,1,3,0
42460,"Scottsboro, AL",2019-03-01,0,4,0,0,4,7,0
42460,"Scottsboro, AL",2019-04-01,0,1,0,0,1,8,0
42460,"Scottsboro, AL",2019-05-01,0,3,1,0,4,12,0
42460,"Scottsboro, AL",2019-06-01,0,4,2,0,6,18,0
42460,"Scottsboro, AL",2019-07-01,0,1,3,0,4,22,0
42460,"Scottsboro, AL",2019-08-01,0,2,2,0,4,26,0
42460,"Scottsboro, AL",2019-09-01,0,3,1,0,4,30,0
42460,"Scottsboro, AL",2019-10-01,0,2,0,0,2,32,0
42460,"Scottsboro, AL",2019-11-01,0,3,0,0,3,35,0
42460,"Scottsboro, AL",2019-12-01,0,0,2,0,2,37,0
42460,"Scottsboro, AL",2020-01-01,0,4,2,0,6,43,0
42460,"Scottsboro, AL",2020-02-01,0,5,2,0,7,50,0
42460,"Scottsboro, AL",2020-03-01,0,1,0,0,1,51,0
42460,"Scottsboro, AL",2020-04-01,1,9,2,0,12,63,1
42460,"Scottsboro, AL",2020-05-01,0,11,1,0,12,75,1
42460,"Scottsboro, AL",2020-06-01,3,2,2,0,7,82,4
42460,"Scottsboro, AL",2020-07-01,2,9,3,0,14,96,6
42460,"Scottsboro, AL",2020-08-01,4,20,4,0,28,124,10
42460,"Scottsboro, AL",2020-09-01,3,9,0,0,12,136,13
42460,"Scottsboro, AL",2020-10-01,3,16,1,0,20,156,16
42460,"Scottsboro, AL",2020-11-01,3,15,5,0,23,179,19
42460,"Scottsboro, AL",2020-12-01,0,7,1,0,8,187,19
42460,"Scottsboro, AL",2021-01-01,3,10,4,1,18,205,22
42460,"Scottsboro, AL",2021-02-01,4,10,2,0,16,221,26
42460,"Scottsboro, AL",2021-03-01,3,12,3,0,18,239,29
42460,"Scottsboro, AL",2021-04-01,5,30,5,1,41,280,34
42460,"Scottsboro, AL",2021-05-01,6,28,5,0,39,319,40
42460,"Scottsboro, AL",2021-06-01,11,36,8,2,57,376,51
42460,"Scottsboro, AL",2021-07-01,14,27,2,0,43,419,65
42460,"Scottsboro, AL",2021-08-01,15,46,12,2,75,494,80
42460,"Scottsboro, AL",2021-09-01,5,28,7,0,40,534,85
42460,"Scottsboro, AL",2021-10-01,7,35,10,2,54,588,92
42460,"Scottsboro, AL",2021-11-01,12,33,7,1,53,641,104
42460,"Scottsboro, AL",2021-12-01,12,31,5,0,48,689,116
42460,"Scottsboro, AL",2022-01-01,9,34,13,0,56,745,125
42460,"Scottsboro, AL",2022-02-01,14,35,10,1,60,805,139
42460,"Scottsboro, AL",2022-03-01,17,29,10,0,56,861,156
42460,"Scottsboro, AL",2022-04-01,12,25,6,0,43,904,168
42460,"Scottsboro, AL",2022-05-01,12,19,11,0,42,946,180
42460,"Scottsboro, AL",2022-06-01,12,26,9,0,47,993,192
42460,"Scottsboro, AL",2022-07-01,13,26,11,1,51,1044,205
42460,"Scottsboro, AL",2022-08-01,18,30,13,0,61,1105,223
42460,"Scottsboro, AL",2022-09-01,12,23,5,0,40,1145,235
42460,"Scottsboro, AL",2022-10-01,6,25,7,0,38,1183,241
42460,"Scottsboro, AL",2022-11-01,7,26,7,0,40,1223,248
42460,"Scottsboro, AL",2022-12-01,18,27,7,1,53,1276,266
42460,"Scottsboro, AL",2023-01-01,13,27,5,0,45,1321,279
42460,"Scottsboro, AL",2023-02-01,8,33,9,1,51,1372,287
42460,"Scottsboro, AL",2023-03-01,18,40,10,2,70,1442,305
42460,"Scottsboro, AL",2023-04-01,19,26,13,0,58,1500,324
42460,"Scottsboro, AL",2023-05-01,16,33,8,0,57,1557,340
42460,"Scottsboro, AL",2023-06-01,17,38,5,1,61,1618,357
42460,"Scottsboro, AL",2023-07-01,7,17,10,1,35,1653,364
42460,"Scottsboro, AL",2023-08-01,5,19,5,0,29,1682,369
42460,"Scottsboro, AL",2023-09-01,8,24,5,0,37,1719,377
42460,"Scottsboro, AL",2023-10-01,7,23,8,2,40,1759,384
42460,"Scottsboro, AL",2023-11-01,20,28,12,0,60,1819,404
42460,"Scottsboro, AL",2023-12-01,21,31,13,1,66,1885,425
42460,"Scottsboro, AL",2024-01-01,17,35,8,0,60,1945,442
42460,"Scottsboro, AL",2024-02-01,18,30,13,0,61,2006,460
42460,"Scottsboro, AL",2024-03-01,29,19,11,1,60,2066,489
42460,"Scottsboro, AL",2024-04-01,20,28,5,0,53,2119,509
42460,"Scottsboro, AL",2024-05-01,24,29,6,2,61,2180,533
42460,"Scottsboro, AL",2024-06-01,5,15,4,1,25,2205,538
42460,"Scottsboro, AL",2024-07-01,7,24,3,0,34,2239,545
42460,"Scottsboro, AL",2024-08-01,15,20,9,0,44,2283,560
42460,"Scottsboro, AL",2024-09-01,23,29,14,2,68,2351,583
42460,"Scottsboro, AL",2024-10-01,29,33,14,0,76,2427,612
42460,"Scottsboro, AL",2024-11-01,30,42,9,1,82,2509,642
42460,"Scottsboro, AL",2024-12-01,28,40,13,0,81,2590,670
42460,"Scottsboro, AL",2025-01-01,20,25,7,0,52,2642,690
42460,"Scottsboro, AL",2025-02-01,21,23,12,2,58,2700,711
42460,"Scottsboro, AL",2025-03-01,32,33,12,1,78,2778,743
42460,"Scottsboro, AL",2025-04-01,17,26,15,0,58,2836,760
42460,"Scottsboro, AL",2025-05-01,27,28,15,2,72,2908,787
42460,"Scottsboro, AL",2025-06-01,26,38,11,0,75,2983,813
42460,"Scottsboro, AL",2025-07-01,28,25,12,0,65,3048,841
42460,"Scottsboro, AL",2025-08-01,16,18,8,0,42,3090,857
22500,"Florence, SC",2019-01-01,2,16,8,0,26,26,2
22500,"Florence, SC",2019-02-01,1,14,6,0,21,47,3
22500,"Florence, SC",2019-03-01,0,24,10,0,34,81,3
22500,"Florence, SC",2019-04-01,0,31,9,0,40,121,3
22500,"Florence, SC",2019-05-01,1,60,15,0,76,197,4
22500,"Florence, SC",2019-06-01,0,36,7,3,46,243,4
22500,"Florence, SC",2019-07-01,3,43,14,0,60,303,7
22500,"Florence, SC",2019-08-01,0,39,14,1,54,357,7
22500,"Florence, SC",2019-09-01,0,34,17,0,51,408,7
22500,"Florence, SC",2019-10-01,3,51,12,3,69,477,10
22500,"Florence, SC",2019-11-01,4,39,14,1,58,535,14
22500,"Florence, SC",2019-12-01,6,37,11,2,56,591,20
22500,"Florence, SC",2020-01-01,7,52,12,0,71,662,27
22500,"Florence, SC",2020-02-01,8,45,15,1,69,731,35
22500,"Florence, SC",2020-03-01,6,63,15,0,84,815,41
22500,"Florence, SC",2020-04-01,16,69,32,4,121,936,57
22500,"Florence, SC",2020-05-01,29,153,41,6,229,1165,86
22500,"Florence, SC",2020-06-01,30,117,23,2,172,1337,116
22500,"Florence, SC",2020-07-01,30,125,21,5,181,1518,146
22500,"Florence, SC",2020-08-01,38,200,37,6,281,1799,184
22500,"Florence, SC",2020-09-01,22,169,27,5,223,2022,206
22500,"Florence, SC",2020-10-01,22,99,19,1,141,2163,228
22500,"Florence, SC",2020-11-01,22,79,21,2,124,2287,250
22500,"Florence, SC",2020-12-01,21,85,14,0,120,2407,271
22500,"Florence, SC",2021-01-01,55,170,27,6,258,2665,326
22500,"Florence, SC",2021-02-01,44,154,23,3,224,2889,370
22500,"Florence, SC",2021-03-01,54,166,39,4,263,3152,424
22500,"Florence, SC",2021-04-01,52,196,40,2,290,3442,476
22500,"Florence, SC",2021-05-01,72,232,50,9,363,3805,548
22500,"Florence, SC",2021-06-01,48,196,36,5,285,4090,596
22500,"Florence, SC",2021-07-01,40,181,25,3,249,4339,636
22500,"Florence, SC",2021-08-01,44,181,41,6,272,4611,680
22500,"Florence, SC",2021-09-01,41,178,49,3,271,4882,721
22500,"Florence, SC",2021-10-01,31,114,27,4,176,5058,752
22500,"Florence, SC",2021-11-01,34,117,25,4,180,5238,786
22500,"Florence, SC",2021-12-01,61,159,43,4,267,5505,847
22500,"Florence, SC",2022-01-01,59,188,52,4,303,5808,906
22500,"Florence, SC",2022-02-01,28,104,29,3,164,5972,934
22500,"Florence, SC",2022-03-01,83,177,39,2,301,6273,1017
22500,"Florence, SC",2022-04-01,64,172,41,6,283,6556,1081
22500,"Florence, SC",2022-05-01,55,168,39,6,268,6824,1136
22500,"Florence, SC",2022-06-01,62,133,27,3,225,7049,1198
22500,"Florence, SC",2022-07-01,62,139,34,6,241,7290,1260
22500,"Florence, SC",2022-08-01,66,177,48,3,294,7584,1326
22500,"Florence, SC",2022-09-01,49,153,45,5,252,7836,1375
22500,"Florence, SC",2022-10-01,44,134,38,4,220,8056,1419
22500,"Florence, SC",2022-11-01,39,134,40,3,216,8272,1458
22500,"Florence, SC",2022-12-01,65,123,35,6,229,8501,1523
22500,"Florence, SC",2023-01-01,55,133,45,4,237,8738,1578
22500,"Florence, SC",2023-02-01,56,102,37,4,199,8937,1634
22500,"Florence, SC",2023-03-01,90,158,43,4,295,9232,1724
22500,"Florence, SC",2023-04-01,66,155,48,2,271,9503,1790
22500,"Florence, SC",2023-05-01,54,96,24,7,181,9684,1844
22500,"Florence, SC",2023-06-01,63,113,39,3,218,9902,1907
22500,"Florence, SC",2023-07-01,46,97,32,2,177,10079,1953
22500,"Florence, SC",2023-08-01,37,120,32,5,194,10273,1990
22500,"Florence, SC",2023-09-01,47,89,27,0,163,10436,2037
22500,"Florence, SC",2023-10-01,48,125,38,3,214,10650,2085
22500,"Florence, SC",2023-11-01,55,108,35,3,201,10851,2140
22500,"Florence, SC",2023-12-01,70,111,25,4,210,11061,2210
22500,"Florence, SC",2024-01-01,64,144,41,6,255,11316,2274
22500,"Florence, SC",2024-02-01,81,149,33,1,264,11580,2355
22500,"Florence, SC",2024-03-01,91,146,34,4,275,11855,2446
22500,"Florence, SC",2024-04-01,69,120,31,7,227,12082,2515
22500,"Florence, SC",2024-05-01,84,140,29,10,263,12345,2599
22500,"Florence, SC",2024-06-01,73,112,30,4,219,12564,2672
22500,"Florence, SC",2024-07-01,70,97,42,3,212,12776,2742
22500,"Florence, SC",2024-08-01,48,83,26,3,160,12936,2790
22500,"Florence, SC",2024-09-01,71,89,28,1,189,13125,2861
22500,"Florence, SC",2024-10-01,99,120,38,1,258,13383,2960
22500,"Florence, SC",2024-11-01,96,115,35,0,246,13629,3056
22500,"Florence, SC",2024-12-01,112,96,34,6,248,13877,3168
22500,"Florence, SC",2025-01-01,87,138,40,8,273,14150,3255
22500,"Florence, SC",2025-02-01,80,79,30,6,195,14345,3335
22500,"Florence, SC",2025-03-01,114,102,34,4,254,14599,3449
22500,"Florence, SC",2025-04-01,108,128,46,4,286,14885,3557
22500,"Florence, SC",2025-05-01,121,131,33,2,287,15172,3678
22500,"Florence, SC",2025-06-01,120,132,52,8,312,15484,3798
22500,"Florence, SC",2025-07-01,107,116,40,9,272,15756,3905
22500,"Florence, SC",2025-08-01,79,109,27,4,219,15975,3984
22500,"Florence, SC",2025-09-01,1,1,0,0,2,15977,3985
41400,"Salem, OH",2019-01-01,0,7,2,1,10,10,0
41400,"Salem, OH",2019-02-01,0,11,3,1,15,25,0
41400,"Salem, OH",2019-03-01,1,22,6,1,30,55,1
41400,"Salem, OH",2019-04-01,1,25,8,1,35,90,2
41400,"Salem, OH",2019-05-01,3,21,7,2,33,123,5
41400,"Salem, OH",2019-06-01,2,16,5,0,23,146,7
41400,"Salem, OH",2019-07-01,4,25,6,2,37,183,11
41400,"Salem, OH",2019-08-01,1,22,6,0,29,212,12
41400,"Salem, OH",2019-09-01,1,18,6,2,27,239,13
41400,"Salem, OH",2019-10-01,1,22,2,1,26,265,14
41400,"Salem, OH",2019-11-01,3,17,6,1,27,292,17
41400,"Salem, OH",2019-12-01,2,30,8,1,41,333,19
41400,"Salem, OH",2020-01-01,2,21,2,0,25,358,21
41400,"Salem, OH",2020-02-01,3,12,5,1,21,379,24
41400,"Salem, OH",2020-03-01,3,25,8,1,37,416,27
41400,"Salem, OH",2020-04-01,7,50,20,3,80,496,34
41400,"Salem, OH",2020-05-01,24,68,12,3,107,603,58
41400,"Salem, OH",2020-06-01,13,51,8,0,72,675,71
41400,"Salem, OH",2020-07-01,19,61,19,0,99,774,90
41400,"Salem, OH",2020-08-01,12,67,17,1,97,871,102
41400,"Salem, OH",2020-09-01,19,44,12,1,76,947,121
41400,"Salem, OH",2020-10-01,16,36,7,3,62,1009,137
41400,"Salem, OH",2020-11-01,16,30,7,1,54,1063,153
41400,"Salem, OH",2020-12-01,7,21,9,1,38,1101,160
41400,"Salem, OH",2021-01-01,39,61,14,2,116,1217,199
41400,"Salem, OH",2021-02-01,17,34,10,1,62,1279,216
41400,"Salem, OH",2021-03-01,19,53,18,1,91,1370,235
41400,"Salem, OH",2021-04-01,24,61,15,2,102,1472,259
41400,"Salem, OH",2021-05-01,17,59,11,2,89,1561,276
41400,"Salem, OH",2021-06-01,15,39,10,2,66,1627,291
41400,"Salem, OH",2021-07-01,11,30,4,3,48,1675,302
41400,"Salem, OH",2021-08-01,9,41,5,1,56,1731,311
41400,"Salem, OH",2021-09-01,26,47,14,2,89,1820,337
41400,"Salem, OH",2021-10-01,7,28,13,1,49,1869,344
41400,"Salem, OH",2021-11-01,16,32,22,0,70,1939,360
41400,"Salem, OH",2021-12-01,25,45,13,2,85,2024,385
41400,"Salem, OH",2022-01-01,23,36,8,0,67,2091,408
41400,"Salem, OH",2022-02-01,22,40,21,3,86,2177,430
41400,"Salem, OH",2022-03-01,18,47,19,1,85,2262,448
41400,"Salem, OH",2022-04-01,13,35,11,2,61,2323,461
41400,"Salem, OH",2022-05-01,15,38,6,0,59,2382,476
41400,"Salem, OH",2022-06-01,10,19,12,0,41,2423,486
41400,"Salem, OH",2022-07-01,5,20,3,0,28,2451,491
41400,"Salem, OH",2022-08-01,5,12,12,1,30,2481,496
41400,"Salem, OH",2022-09-01,12,44,17,1,74,2555,508
41400,"Salem, OH",2022-10-01,13,25,7,1,46,2601,521
41400,"Salem, OH",2022-11-01,17,42,12,1,72,2673,538
41400,"Salem, OH",2022-12-01,27,39,12,1,79,2752,565
41400,"Salem, OH",2023-01-01,22,32,10,1,65,2817,587
41400,"Salem, OH",2023-02-01,30,33,16,1,80,2897,617
41400,"Salem, OH",2023-03-01,20,39,13,2,74,2971,637
41400,"Salem, OH",2023-04-01,12,31,13,3,59,3030,649
41400,"Salem, OH",2023-05-01,14,7,5,1,27,3057,663
41400,"Salem, OH",2023-06-01,9,14,4,0,27,3084,672
41400,"Salem, OH",2023-07-01,8,13,2,1,24,3108,680
41400,"Salem, OH",2023-08-01,9,18,13,0,40,3148,689
41400,"Salem, OH",2023-09-01,17,22,7,1,47,3195,706
41400,"Salem, OH",2023-10-01,24,40,7,1,72,3267,730
41400,"Salem, OH",2023-11-01,23,40,14,3,80,3347,753
41400,"Salem, OH",2023-12-01,25,34,14,0,73,3420,778
41400,"Salem, OH",2024-01-01,28,38,15,2,83,3503,806
41400,"Salem, OH",2024-02-01,16,22,10,0,48,3551,822
41400,"Salem, OH",2024-03-01,29,25,12,1,67,3618,851
41400,"Salem, OH",2024-04-01,22,26,8,3,59,3677,873
41400,"Salem, OH",2024-05-01,19,28,11,1,59,3736,892
41400,"Salem, OH",2024-06-01,20,31,13,1,65,3801,912
41400,"Salem, OH",2024-07-01,17,38,11,2,68,3869,929
41400,"Salem, OH",2024-08-01,22,36,14,3,75,3944,951
41400,"Salem, OH",2024-09-01,14,19,6,1,40,3984,965
41400,"Salem, OH",2024-10-01,18,29,12,5,64,4048,983
41400,"Salem, OH",2024-11-01,26,38,17,4,85,4133,1009
41400,"Salem, OH",2024-12-01,24,30,24,1,79,4212,1033
41400,"Salem, OH",2025-01-01,27,46,17,5,95,4307,1060
41400,"Salem, OH",2025-02-01,22,27,13,3,65,4372,1082
41400,"Salem, OH",2025-03-01,21,31,9,0,61,4433,1103
41400,"Salem, OH",2025-04-01,28,23,15,2,68,4501,1131
41400,"Salem, OH",2025-05-01,36,29,12,0,77,4578,1167
41400,"Salem, OH",2025-06-01,23,24,11,2,60,4638,1190
41400,"Salem, OH",2025-07-01,27,25,12,0,64,4702,1217
41400,"Salem, OH",2025-08-01,14,15,9,2,40,4742,1231
17340,"Clearlake, CA",2019-01-01,0,0,1,0,1,1,0
17340,"Clearlake, CA",2019-02-01,0,2,2,0,4,5,0
17340,"Clearlake, CA",2019-03-01,0,3,1,0,4,9,0
17340,"Clearlake, CA",2019-05-01,0,1,0,0,1,10,0
17340,"Clearlake, CA",2019-06-01,0,2,0,0,2,12,0
17340,"Clearlake, CA",2019-07-01,0,1,2,0,3,15,0
17340,"Clearlake, CA",2019-08-01,0,1,0,1,2,17,0
17340,"Clearlake, CA",2019-09-01,1,2,2,0,5,22,1
17340,"Clearlake, CA",2019-10-01,1,1,0,0,2,24,2
17340,"Clearlake, CA",2019-11-01,0,1,0,0,1,25,2
17340,"Clearlake, CA",2019-12-01,0,1,1,0,2,27,2
17340,"Clearlake, CA",2020-01-01,0,4,1,0,5,32,2
17340,"Clearlake, CA",2020-02-01,0,1,0,0,1,33,2
17340,"Clearlake, CA",2020-03-01,0,2,1,0,3,36,2
17340,"Clearlake, CA",2020-04-01,0,3,1,0,4,40,2
17340,"Clearlake, CA",2020-06-01,0,2,4,0,6,46,2
17340,"Clearlake, CA",2020-07-01,0,5,0,0,5,51,2
17340,"Clearlake, CA",2020-08-01,2,2,1,0,5,56,4
17340,"Clearlake, CA",2020-09-01,5,12,3,0,20,76,9
17340,"Clearlake, CA",2020-10-01,2,4,2,0,8,84,11
17340,"Clearlake, CA",2020-11-01,0,10,0,1,11,95,11
17340,"Clearlake, CA",2020-12-01,2,6,0,0,8,103,13
17340,"Clearlake, CA",2021-01-01,1,10,1,0,12,115,14
17340,"Clearlake, CA",2021-02-01,0,3,3,0,6,121,14
17340,"Clearlake, CA",2021-03-01,3,7,4,0,14,135,17
17340,"Clearlake, CA",2021-04-01,2,14,5,1,22,157,19
17340,"Clearlake, CA",2021-05-01,0,22,5,1,28,185,19
17340,"Clearlake, CA",2021-06-01,2,21,3,2,28,213,21
17340,"Clearlake, CA",2021-07-01,3,19,4,0,26,239,24
17340,"Clearlake, CA",2021-08-01,3,17,7,1,28,267,27
17340,"Clearlake, CA",2021-09-01,4,19,5,1,29,296,31
17340,"Clearlake, CA",2021-10-01,2,23,10,0,35,331,33
17340,"Clearlake, CA",2021-11-01,9,19,3,0,31,362,42
17340,"Clearlake, CA",2021-12-01,3,13,3,0,19,381,45
17340,"Clearlake, CA",2022-01-01,4,28,8,1,41,422,49
17340,"Clearlake, CA",2022-02-01,3,18,6,0,27,449,52
17340,"Clearlake, CA",2022-03-01,2,12,8,1,23,472,54
17340,"Clearlake, CA",2022-04-01,5,18,6,1,30,502,59
17340,"Clearlake, CA",2022-05-01,5,10,5,1,21,523,64
17340,"Clearlake, CA",2022-06-01,1,10,6,0,17,540,65
17340,"Clearlake, CA",2022-07-01,5,17,6,0,28,568,70
17340,"Clearlake, CA",2022-08-01,12,21,6,2,41,609,82
17340,"Clearlake, CA",2022-09-01,2,24,6,0,32,641,84
17340,"Clearlake, CA",2022-10-01,11,14,3,0,28,669,95
17340,"Clearlake, CA",2022-11-01,5,14,4,0,23,692,100
17340,"Clearlake, CA",2022-12-01,3,13,8,2,26,718,103
17340,"Clearlake, CA",2023-01-01,2,10,6,0,18,736,105
17340,"Clearlake, CA",2023-02-01,3,4,2,1,10,746,108
17340,"Clearlake, CA",2023-03-01,3,15,3,0,21,767,111
17340,"Clearlake, CA",2023-04-01,3,11,5,0,19,786,114
17340,"Clearlake, CA",2023-05-01,8,17,3,1,29,815,122
17340,"Clearlake, CA",2023-06-01,6,7,4,1,18,833,128
17340,"Clearlake, CA",2023-07-01,6,13,5,0,24,857,134
17340,"Clearlake, CA",2023-08-01,4,14,7,1,26,883,138
17340,"Clearlake, CA",2023-09-01,4,10,3,2,19,902,142
17340,"Clearlake, CA",2023-10-01,7,13,7,1,28,930,149
17340,"Clearlake, CA",2023-11-01,5,15,6,0,26,956,154
17340,"Clearlake, CA",2023-12-01,3,7,4,3,17,973,157
17340,"Clearlake, CA",2024-01-01,3,10,4,2,19,992,160
17340,"Clearlake, CA",2024-02-01,5,13,4,1,23,1015,165
17340,"Clearlake, CA",2024-03-01,14,16,6,0,36,1051,179
17340,"Clearlake, CA",2024-04-01,7,10,1,1,19,1070,186
17340,"Clearlake, CA",2024-05-01,9,13,1,1,24,1094,195
17340,"Clearlake, CA",2024-06-01,5,22,5,0,32,1126,200
17340,"Clearlake, CA",2024-07-01,5,7,4,0,16,1142,205
17340,"Clearlake, CA",2024-08-01,3,15,2,0,20,1162,208
17340,"Clearlake, CA",2024-09-01,7,15,5,1,28,1190,215
17340,"Clearlake, CA",2024-10-01,5,12,4,1,22,1212,220
17340,"Clearlake, CA",2024-11-01,10,16,2,0,28,1240,230
17340,"Clearlake, CA",2024-12-01,3,12,7,0,22,1262,233
17340,"Clearlake, CA",2025-01-01,11,18,5,0,34,1296,244
17340,"Clearlake, CA",2025-02-01,5,8,4,0,17,1313,249
17340,"Clearlake, CA",2025-03-01,11,8,2,1,22,1335,260
17340,"Clearlake, CA",2025-04-01,5,6,1,1,13,1348,265
17340,"Clearlake, CA",2025-05-01,4,14,4,0,22,1370,269
17340,"Clearlake, CA",2025-06-01,4,15,5,0,24,1394,273
17340,"Clearlake, CA",2025-07-01,10,9,5,0,24,1418,283
17340,"Clearlake, CA",2025-08-01,7,9,5,0,21,1439,290
31700,"Manchester-Nashua, NH",2019-01-01,2,97,19,4,122,122,2
31700,"Manchester-Nashua, NH",2019-02-01,2,112,27,1,142,264,4
31700,"Manchester-Nashua, NH",2019-03-01,7,155,35,4,201,465,11
31700,"Manchester-Nashua, NH",2019-04-01,11,136,35,3,185,650,22
31700,"Manchester-Nashua, NH",2019-05-01,8,149,38,2,197,847,30
31700,"Manchester-Nashua, NH",2019-06-01,10,88,19,2,119,966,40
31700,"Manchester-Nashua, NH",2019-07-01,16,191,31,4,242,1208,56
31700,"Manchester-Nashua, NH",2019-08-01,23,160,28,4,215,1423,79
31700,"Manchester-Nashua, NH",2019-09-01,10,121,27,3,161,1584,89
31700,"Manchester-Nashua, NH",2019-10-01,12,111,20,2,145,1729,101
31700,"Manchester-Nashua, NH",2019-11-01,14,142,25,1,182,1911,115
31700,"Manchester-Nashua, NH",2019-12-01,30,102,25,0,157,2068,145
31700,"Manchester-Nashua, NH",2020-01-01,16,151,26,0,193,2261,161
31700,"Manchester-Nashua, NH",2020-02-01,8,76,15,0,99,2360,169
31700,"Manchester-Nashua, NH",2020-03-01,15,95,26,3,139,2499,184
31700,"Manchester-Nashua, NH",2020-04-01,51,171,61,7,290,2789,235
31700,"Manchester-Nashua, NH",2020-05-01,137,383,83,6,609,3398,372
31700,"Manchester-Nashua, NH",2020-06-01,162,316,47,8,533,3931,534
31700,"Manchester-Nashua, NH",2020-07-01,152,369,91,7,619,4550,686
31700,"Manchester-Nashua, NH",2020-08-01,115,390,61,11,577,5127,801
31700,"Manchester-Nashua, NH",2020-09-01,107,378,77,8,570,5697,908
31700,"Manchester-Nashua, NH",2020-10-01,86,326,63,2,477,6174,994
31700,"Manchester-Nashua, NH",2020-11-01,144,389,77,6,616,6790,1138
31700,"Manchester-Nashua, NH",2020-12-01,135,361,56,9,561,7351,1273
31700,"Manchester-Nashua, NH",2021-01-01,189,450,112,12,763,8114,1462
31700,"Manchester-Nashua, NH",2021-02-01,158,394,89,8,649,8763,1620
31700,"Manchester-Nashua, NH",2021-03-01,194,416,102,22,734,9497,1814
31700,"Manchester-Nashua, NH",2021-04-01,173,467,90,12,742,10239,1987
31700,"Manchester-Nashua, NH",2021-05-01,194,359,71,6,630,10869,2181
31700,"Manchester-Nashua, NH",2021-06-01,199,546,112,11,868,11737,2380
31700,"Manchester-Nashua, NH",2021-07-01,183,435,83,9,710,12447,2563
31700,"Manchester-Nashua, NH",2021-08-01,130,381,93,3,607,13054,2693
31700,"Manchester-Nashua, NH",2021-09-01,121,471,104,6,702,13756,2814
31700,"Manchester-Nashua, NH",2021-10-01,80,257,68,7,412,14168,2894
31700,"Manchester-Nashua, NH",2021-11-01,93,273,71,3,440,14608,2987
31700,"Manchester-Nashua, NH",2021-12-01,296,496,125,13,930,15538,3283
31700,"Manchester-Nashua, NH",2022-01-01,235,558,125,12,930,16468,3518
31700,"Manchester-Nashua, NH",2022-02-01,187,402,124,0,713,17181,3705
31700,"Manchester-Nashua, NH",2022-03-01,129,308,99,6,542,17723,3834
31700,"Manchester-Nashua, NH",2022-04-01,70,188,57,4,319,18042,3904
31700,"Manchester-Nashua, NH",2022-05-01,211,374,87,8,680,18722,4115
31700,"Manchester-Nashua, NH",2022-06-01,103,235,59,1,398,19120,4218
31700,"Manchester-Nashua, NH",2022-07-01,102,200,71,4,377,19497,4320
31700,"Manchester-Nashua, NH",2022-08-01,93,262,79,4,438,19935,4413
31700,"Manchester-Nashua, NH",2022-09-01,152,366,120,3,641,20576,4565
31700,"Manchester-Nashua, NH",2022-10-01,157,328,81,5,571,21147,4722
31700,"Manchester-Nashua, NH",2022-11-01,186,340,74,10,610,21757,4908
31700,"Manchester-Nashua, NH",2022-12-01,231,304,95,7,637,22394,5139
31700,"Manchester-Nashua, NH",2023-01-01,211,369,123,13,716,23110,5350
31700,"Manchester-Nashua, NH",2023-02-01,193,310,88,5,596,23706,5543
31700,"Manchester-Nashua, NH",2023-03-01,179,374,123,9,685,24391,5722
31700,"Manchester-Nashua, NH",2023-04-01,182,263,80,3,528,24919,5904
31700,"Manchester-Nashua, NH",2023-05-01,188,242,66,6,502,25421,6092
31700,"Manchester-Nashua, NH",2023-06-01,237,307,86,10,640,26061,6329
31700,"Manchester-Nashua, NH",2023-07-01,160,258,53,4,475,26536,6489
31700,"Manchester-Nashua, NH",2023-08-01,109,242,70,5,426,26962,6598
31700,"Manchester-Nashua, NH",2023-09-01,165,319,111,7,602,27564,6763
31700,"Manchester-Nashua, NH",2023-10-01,140,306,84,10,540,28104,6903
31700,"Manchester-Nashua, NH",2023-11-01,195,325,116,11,647,28751,7098
31700,"Manchester-Nashua, NH",2023-12-01,239,309,121,14,683,29434,7337
31700,"Manchester-Nashua, NH",2024-01-01,207,354,95,6,662,30096,7544
31700,"Manchester-Nashua, NH",2024-02-01,172,291,106,13,582,30678,7716
31700,"Manchester-Nashua, NH",2024-03-01,206,301,106,6,619,31297,7922
31700,"Manchester-Nashua, NH",2024-04-01,130,236,55,6,427,31724,8052
31700,"Manchester-Nashua, NH",2024-05-01,168,252,73,9,502,32226,8220
31700,"Manchester-Nashua, NH",2024-06-01,169,231,81,14,495,32721,8389
31700,"Manchester-Nashua, NH",2024-07-01,221,351,140,20,732,33453,8610
31700,"Manchester-Nashua, NH",2024-08-01,200,379,126,29,734,34187,8810
31700,"Manchester-Nashua, NH",2024-09-01,200,347,92,11,650,34837,9010
31700,"Manchester-Nashua, NH",2024-10-01,168,295,101,8,572,35409,9178
31700,"Manchester-Nashua, NH",2024-11-01,237,299,85,11,632,36041,9415
31700,"Manchester-Nashua, NH",2024-12-01,288,326,90,8,712,36753,9703
31700,"Manchester-Nashua, NH",2025-01-01,242,357,102,8,709,37462,9945
31700,"Manchester-Nashua, NH",2025-02-01,195,253,73,6,527,37989,10140
31700,"Manchester-Nashua, NH",2025-03-01,215,271,84,6,576,38565,10355
31700,"Manchester-Nashua, NH",2025-04-01,190,196,59,5,450,39015,10545
31700,"Manchester-Nashua, NH",2025-05-01,231,227,55,1,514,39529,10776
31700,"Manchester-Nashua, NH",2025-06-01,209,246,55,4,514,40043,10985
31700,"Manchester-Nashua, NH",2025-07-01,232,211,56,5,504,40547,11217
31700,"Manchester-Nashua, NH",2025-08-01,148,188,44,4,384,40931,11365
31700,"Manchester-Nashua, NH",2025-09-01,7,2,0,0,9,40940,11372
16220,"Casper, WY",2019-01-01,0,2,0,0,2,2,0
16220,"Casper, WY",2019-02-01,0,3,0,0,3,5,0
16220,"Casper, WY",2019-03-01,0,2,2,0,4,9,0
16220,"Casper, WY",2019-04-01,2,13,9,0,24,33,2
16220,"Casper, WY",2019-05-01,2,18,4,0,24,57,4
16220,"Casper, WY",2019-06-01,3,18,6,2,29,86,7
16220,"Casper, WY",2019-07-01,0,19,6,0,25,111,7
16220,"Casper, WY",2019-08-01,1,17,4,0,22,133,8
16220,"Casper, WY",2019-09-01,2,21,8,0,31,164,10
16220,"Casper, WY",2019-10-01,2,18,4,0,24,188,12
16220,"Casper, WY",2019-11-01,4,16,6,0,26,214,16
16220,"Casper, WY",2019-12-01,5,32,3,2,42,256,21
16220,"Casper, WY",2020-01-01,3,14,3,0,20,276,24
16220,"Casper, WY",2020-02-01,5,20,5,0,30,306,29
16220,"Casper, WY",2020-03-01,7,32,8,2,49,355,36
16220,"Casper, WY",2020-04-01,10,56,16,2,84,439,46
16220,"Casper, WY",2020-05-01,9,36,5,1,51,490,55
16220,"Casper, WY",2020-06-01,6,35,9,0,50,540,61
16220,"Casper, WY",2020-07-01,13,19,12,0,44,584,74
16220,"Casper, WY",2020-08-01,8,41,3,2,54,638,82
16220,"Casper, WY",2020-09-01,5,24,6,0,35,673,87
16220,"Casper, WY",2020-10-01,10,36,7,0,53,726,97
16220,"Casper, WY",2020-11-01,6,21,12,0,39,765,103
16220,"Casper, WY",2020-12-01,5,28,8,0,41,806,108
16220,"Casper, WY",2021-01-01,16,33,7,0,56,862,124
16220,"Casper, WY",2021-02-01,9,48,9,2,68,930,133
16220,"Casper, WY",2021-03-01,19,40,14,1,74,1004,152
16220,"Casper, WY",2021-04-01,22,34,8,3,67,1071,174
16220,"Casper, WY",2021-05-01,25,65,24,1,115,1186,199
16220,"Casper, WY",2021-06-01,17,64,14,3,98,1284,216
16220,"Casper, WY",2021-07-01,8,38,10,4,60,1344,224
16220,"Casper, WY",2021-08-01,10,24,10,1,45,1389,234
16220,"Casper, WY",2021-09-01,16,38,14,1,69,1458,250
16220,"Casper, WY",2021-10-01,10,35,11,1,57,1515,260
16220,"Casper, WY",2021-11-01,11,24,10,2,47,1562,271
16220,"Casper, WY",2021-12-01,15,40,9,0,64,1626,286
16220,"Casper, WY",2022-01-01,21,61,14,1,97,1723,307
16220,"Casper, WY",2022-02-01,20,64,16,1,101,1824,327
16220,"Casper, WY",2022-03-01,21,50,12,1,84,1908,348
16220,"Casper, WY",2022-04-01,16,40,14,1,71,1979,364
16220,"Casper, WY",2022-05-01,17,46,14,0,77,2056,381
16220,"Casper, WY",2022-06-01,15,39,7,2,63,2119,396
16220,"Casper, WY",2022-07-01,18,32,8,1,59,2178,414
16220,"Casper, WY",2022-08-01,14,42,14,2,72,2250,428
16220,"Casper, WY",2022-09-01,21,46,13,3,83,2333,449
16220,"Casper, WY",2022-10-01,23,39,10,0,72,2405,472
16220,"Casper, WY",2022-11-01,27,40,11,1,79,2484,499
16220,"Casper, WY",2022-12-01,19,30,11,1,61,2545,518
16220,"Casper, WY",2023-01-01,26,47,19,1,93,2638,544
16220,"Casper, WY",2023-02-01,28,35,14,3,80,2718,572
16220,"Casper, WY",2023-03-01,45,60,17,2,124,2842,617
16220,"Casper, WY",2023-04-01,25,33,12,1,71,2913,642
16220,"Casper, WY",2023-05-01,12,27,5,0,44,2957,654
16220,"Casper, WY",2023-06-01,13,32,13,2,60,3017,667
16220,"Casper, WY",2023-07-01,17,24,9,0,50,3067,684
16220,"Casper, WY",2023-08-01,19,35,10,0,64,3131,703
16220,"Casper, WY",2023-09-01,17,32,6,0,55,3186,720
16220,"Casper, WY",2023-10-01,26,35,10,1,72,3258,746
16220,"Casper, WY",2023-11-01,13,41,20,1,75,3333,759
16220,"Casper, WY",2023-12-01,38,44,14,3,99,3432,797
16220,"Casper, WY",2024-01-01,35,50,9,1,95,3527,832
16220,"Casper, WY",2024-02-01,35,53,16,3,107,3634,867
16220,"Casper, WY",2024-03-01,28,28,17,1,74,3708,895
16220,"Casper, WY",2024-04-01,38,32,10,2,82,3790,933
16220,"Casper, WY",2024-05-01,26,32,6,0,64,3854,959
16220,"Casper, WY",2024-06-01,27,34,11,0,72,3926,986
16220,"Casper, WY",2024-07-01,18,21,4,1,44,3970,1004
16220,"Casper, WY",2024-08-01,11,30,10,2,53,4023,1015
16220,"Casper, WY",2024-09-01,23,34,4,0,61,4084,1038
16220,"Casper, WY",2024-10-01,46,47,20,0,113,4197,1084
16220,"Casper, WY",2024-11-01,30,54,15,0,99,4296,1114
16220,"Casper, WY",2024-12-01,46,70,13,1,130,4426,1160
16220,"Casper, WY",2025-01-01,30,56,11,0,97,4523,1190
16220,"Casper, WY",2025-02-01,38,65,14,1,118,4641,1228
16220,"Casper, WY",2025-03-01,46,43,7,1,97,4738,1274
16220,"Casper, WY",2025-04-01,29,35,14,3,81,4819,1303
16220,"Casper, WY",2025-05-01,15,16,10,1,42,4861,1318
16220,"Casper, WY",2025-06-01,11,11,4,0,26,4887,1329
16220,"Casper, WY",2025-07-01,7,8,3,0,18,4905,1336
16220,"Casper, WY",2025-08-01,40,29,11,1,81,4986,1376
16220,"Casper, WY",2025-09-01,0,1,0,0,1,4987,1376
26090,"Holland, MI",2019-01-01,0,5,2,0,7,7,0
26090,"Holland, MI",2019-02-01,0,22,14,0,36,43,0
26090,"Holland, MI",2019-03-01,0,35,7,0,42,85,0
26090,"Holland, MI",2019-04-01,2,28,9,0,39,124,2
26090,"Holland, MI",2019-05-01,1,41,10,0,52,176,3
26090,"Holland, MI",2019-06-01,2,25,1,0,28,204,5
26090,"Holland, MI",2019-07-01,1,28,12,1,42,246,6
26090,"Holland, MI",2019-08-01,3,31,8,2,44,290,9
26090,"Holland, MI",2019-09-01,1,21,4,0,26,316,10
26090,"Holland, MI",2019-10-01,0,16,5,0,21,337,10
26090,"Holland, MI",2019-11-01,6,25,8,0,39,376,16
26090,"Holland, MI",2019-12-01,1,25,5,0,31,407,17
26090,"Holland, MI",2020-01-01,1,13,5,0,19,426,18
26090,"Holland, MI",2020-02-01,4,16,6,0,26,452,22
26090,"Holland, MI",2020-03-01,5,27,9,1,42,494,27
26090,"Holland, MI",2020-04-01,20,80,21,3,124,618,47
26090,"Holland, MI",2020-05-01,47,165,18,2,232,850,94
26090,"Holland, MI",2020-06-01,43,97,28,1,169,1019,137
26090,"Holland, MI",2020-07-01,34,93,15,1,143,1162,171
26090,"Holland, MI",2020-08-01,23,95,14,4,136,1298,194
26090,"Holland, MI",2020-09-01,29,73,12,3,117,1415,223
26090,"Holland, MI",2020-10-01,17,70,10,0,97,1512,240
26090,"Holland, MI",2020-11-01,13,56,7,1,77,1589,253
26090,"Holland, MI",2020-12-01,18,33,3,2,56,1645,271
26090,"Holland, MI",2021-01-01,32,55,14,0,101,1746,303
26090,"Holland, MI",2021-02-01,35,82,23,3,143,1889,338
26090,"Holland, MI",2021-03-01,35,85,22,4,146,2035,373
26090,"Holland, MI",2021-04-01,33,74,20,0,127,2162,406
26090,"Holland, MI",2021-05-01,19,59,12,0,90,2252,425
26090,"Holland, MI",2021-06-01,43,111,15,2,171,2423,468
26090,"Holland, MI",2021-07-01,21,61,9,1,92,2515,489
26090,"Holland, MI",2021-08-01,26,59,21,1,107,2622,515
26090,"Holland, MI",2021-09-01,7,67,19,2,95,2717,522
26090,"Holland, MI",2021-10-01,7,34,15,0,56,2773,529
26090,"Holland, MI",2021-11-01,21,35,13,1,70,2843,550
26090,"Holland, MI",2021-12-01,50,67,20,1,138,2981,600
26090,"Holland, MI",2022-01-01,44,110,29,4,187,3168,644
26090,"Holland, MI",2022-02-01,36,74,17,2,129,3297,680
26090,"Holland, MI",2022-03-01,31,73,14,1,119,3416,711
26090,"Holland, MI",2022-04-01,23,48,13,2,86,3502,734
26090,"Holland, MI",2022-05-01,22,55,11,2,90,3592,756
26090,"Holland, MI",2022-06-01,21,31,4,1,57,3649,777
26090,"Holland, MI",2022-07-01,12,33,10,0,55,3704,789
26090,"Holland, MI",2022-08-01,19,33,8,1,61,3765,808
26090,"Holland, MI",2022-09-01,17,45,9,3,74,3839,825
26090,"Holland, MI",2022-10-01,20,37,13,1,71,3910,845
26090,"Holland, MI",2022-11-01,38,73,22,5,138,4048,883
26090,"Holland, MI",2022-12-01,40,57,16,5,118,4166,923
26090,"Holland, MI",2023-01-01,45,68,17,4,134,4300,968
26090,"Holland, MI",2023-02-01,45,74,25,4,148,4448,1013
26090,"Holland, MI",2023-03-01,52,76,20,3,151,4599,1065
26090,"Holland, MI",2023-04-01,41,65,13,1,120,4719,1106
26090,"Holland, MI",2023-05-01,12,26,11,0,49,4768,1118
26090,"Holland, MI",2023-06-01,18,29,5,1,53,4821,1136
26090,"Holland, MI",2023-07-01,17,23,11,2,53,4874,1153
26090,"Holland, MI",2023-08-01,25,60,15,2,102,4976,1178
26090,"Holland, MI",2023-09-01,35,67,27,3,132,5108,1213
26090,"Holland, MI",2023-10-01,35,63,23,3,124,5232,1248
26090,"Holland, MI",2023-11-01,36,70,17,1,124,5356,1284
26090,"Holland, MI",2023-12-01,58,68,29,1,156,5512,1342
26090,"Holland, MI",2024-01-01,44,77,32,1,154,5666,1386
26090,"Holland, MI",2024-02-01,50,67,20,0,137,5803,1436
26090,"Holland, MI",2024-03-01,44,66,19,1,130,5933,1480
26090,"Holland, MI",2024-04-01,44,76,22,2,144,6077,1524
26090,"Holland, MI",2024-05-01,67,77,22,2,168,6245,1591
26090,"Holland, MI",2024-06-01,73,70,24,2,169,6414,1664
26090,"Holland, MI",2024-07-01,36,65,6,4,111,6525,1700
26090,"Holland, MI",2024-08-01,25,39,15,0,79,6604,1725
26090,"Holland, MI",2024-09-01,27,59,14,0,100,6704,1752
26090,"Holland, MI",2024-10-01,44,59,14,1,118,6822,1796
26090,"Holland, MI",2024-11-01,33,54,19,3,109,6931,1829
26090,"Holland, MI",2024-12-01,47,77,20,0,144,7075,1876
26090,"Holland, MI",2025-01-01,51,79,18,3,151,7226,1927
26090,"Holland, MI",2025-02-01,45,59,15,2,121,7347,1972
26090,"Holland, MI",2025-03-01,74,55,21,0,150,7497,2046
26090,"Holland, MI",2025-04-01,57,62,24,1,144,7641,2103
26090,"Holland, MI",2025-05-01,77,57,18,0,152,7793,2180
26090,"Holland, MI",2025-06-01,66,60,27,1,154,7947,2246
26090,"Holland, MI",2025-07-01,40,54,18,0,112,8059,2286
26090,"Holland, MI",2025-08-01,32,44,17,3,96,8155,2318
26090,"Holland, MI",2025-09-01,0,2,1,0,3,8158,2318
26980,"Iowa City, IA",2019-01-01,0,20,3,0,23,23,0
26980,"Iowa City, IA",2019-02-01,1,25,5,0,31,54,1
26980,"Iowa City, IA",2019-03-01,0,30,2,0,32,86,1
26980,"Iowa City, IA",2019-04-01,3,35,8,1,47,133,4
26980,"Iowa City, IA",2019-05-01,2,32,4,0,38,171,6
26980,"Iowa City, IA",2019-06-01,5,33,7,0,45,216,11
26980,"Iowa City, IA",2019-07-01,3,32,3,0,38,254,14
26980,"Iowa City, IA",2019-08-01,2,38,10,0,50,304,16
26980,"Iowa City, IA",2019-09-01,2,41,6,1,50,354,18
26980,"Iowa City, IA",2019-10-01,5,37,2,0,44,398,23
26980,"Iowa City, IA",2019-11-01,7,49,4,0,60,458,30
26980,"Iowa City, IA",2019-12-01,3,29,5,0,37,495,33
26980,"Iowa City, IA",2020-01-01,6,41,5,0,52,547,39
26980,"Iowa City, IA",2020-02-01,15,42,13,0,70,617,54
26980,"Iowa City, IA",2020-03-01,28,73,22,1,124,741,82
26980,"Iowa City, IA",2020-04-01,54,150,30,7,241,982,136
26980,"Iowa City, IA",2020-05-01,85,178,16,1,280,1262,221
26980,"Iowa City, IA",2020-06-01,73,182,11,0,266,1528,294
26980,"Iowa City, IA",2020-07-01,70,151,21,2,244,1772,364
26980,"Iowa City, IA",2020-08-01,62,185,13,5,265,2037,426
26980,"Iowa City, IA",2020-09-01,64,172,21,4,261,2298,490
26980,"Iowa City, IA",2020-10-01,49,139,19,1,208,2506,539
26980,"Iowa City, IA",2020-11-01,34,71,11,3,119,2625,573
26980,"Iowa City, IA",2020-12-01,36,50,13,1,100,2725,609
26980,"Iowa City, IA",2021-01-01,90,158,27,0,275,3000,699
26980,"Iowa City, IA",2021-02-01,84,121,17,6,228,3228,783
26980,"Iowa City, IA",2021-03-01,79,174,27,3,283,3511,862
26980,"Iowa City, IA",2021-04-01,49,108,22,0,179,3690,911
26980,"Iowa City, IA",2021-05-01,71,108,11,1,191,3881,982
26980,"Iowa City, IA",2021-06-01,46,92,7,0,145,4026,1028
26980,"Iowa City, IA",2021-07-01,40,49,12,0,101,4127,1068
26980,"Iowa City, IA",2021-08-01,40,54,9,1,104,4231,1108
26980,"Iowa City, IA",2021-09-01,42,93,18,1,154,4385,1150
26980,"Iowa City, IA",2021-10-01,26,43,9,0,78,4463,1176
26980,"Iowa City, IA",2021-11-01,40,69,14,2,125,4588,1216
26980,"Iowa City, IA",2021-12-01,83,119,30,2,234,4822,1299
26980,"Iowa City, IA",2022-01-01,110,171,38,5,324,5146,1409
26980,"Iowa City, IA",2022-02-01,101,147,29,3,280,5426,1510
26980,"Iowa City, IA",2022-03-01,67,108,34,0,209,5635,1577
26980,"Iowa City, IA",2022-04-01,31,46,12,0,89,5724,1608
26980,"Iowa City, IA",2022-05-01,61,71,18,2,152,5876,1669
26980,"Iowa City, IA",2022-06-01,34,65,15,2,116,5992,1703
26980,"Iowa City, IA",2022-07-01,29,37,11,3,80,6072,1732
26980,"Iowa City, IA",2022-08-01,42,64,15,1,122,6194,1774
26980,"Iowa City, IA",2022-09-01,37,61,19,1,118,6312,1811
26980,"Iowa City, IA",2022-10-01,82,83,24,0,189,6501,1893
26980,"Iowa City, IA",2022-11-01,66,72,18,1,157,6658,1959
26980,"Iowa City, IA",2022-12-01,87,87,27,0,201,6859,2046
26980,"Iowa City, IA",2023-01-01,88,86,23,0,197,7056,2134
26980,"Iowa City, IA",2023-02-01,87,85,28,2,202,7258,2221
26980,"Iowa City, IA",2023-03-01,79,101,24,0,204,7462,2300
26980,"Iowa City, IA",2023-04-01,52,71,22,1,146,7608,2352
26980,"Iowa City, IA",2023-05-01,37,21,5,1,64,7672,2389
26980,"Iowa City, IA",2023-06-01,21,31,8,0,60,7732,2410
26980,"Iowa City, IA",2023-07-01,34,41,10,1,86,7818,2444
26980,"Iowa City, IA",2023-08-01,43,53,9,1,106,7924,2487
26980,"Iowa City, IA",2023-09-01,81,87,14,1,183,8107,2568
26980,"Iowa City, IA",2023-10-01,72,70,21,1,164,8271,2640
26980,"Iowa City, IA",2023-11-01,68,74,17,2,161,8432,2708
26980,"Iowa City, IA",2023-12-01,78,75,15,2,170,8602,2786
26980,"Iowa City, IA",2024-01-01,77,82,24,2,185,8787,2863
26980,"Iowa City, IA",2024-02-01,78,60,14,2,154,8941,2941
26980,"Iowa City, IA",2024-03-01,74,70,25,3,172,9113,3015
26980,"Iowa City, IA",2024-04-01,70,69,21,2,162,9275,3085
26980,"Iowa City, IA",2024-05-01,99,68,20,5,192,9467,3184
26980,"Iowa City, IA",2024-06-01,74,46,15,1,136,9603,3258
26980,"Iowa City, IA",2024-07-01,61,58,11,1,131,9734,3319
26980,"Iowa City, IA",2024-08-01,26,30,14,4,74,9808,3345
26980,"Iowa City, IA",2024-09-01,58,66,14,0,138,9946,3403
26980,"Iowa City, IA",2024-10-01,82,73,20,3,178,10124,3485
26980,"Iowa City, IA",2024-11-01,73,59,20,2,154,10278,3558
26980,"Iowa City, IA",2024-12-01,89,67,21,1,178,10456,3647
26980,"Iowa City, IA",2025-01-01,93,72,18,3,186,10642,3740
26980,"Iowa City, IA",2025-02-01,84,55,13,0,152,10794,3824
26980,"Iowa City, IA",2025-03-01,84,75,17,2,178,10972,3908
26980,"Iowa City, IA",2025-04-01,110,71,22,1,204,11176,4018
26980,"Iowa City, IA",2025-05-01,73,71,20,2,166,11342,4091
26980,"Iowa City, IA",2025-06-01,93,60,20,1,174,11516,4184
26980,"Iowa City, IA",2025-07-01,60,49,11,1,121,11637,4244
26980,"Iowa City, IA",2025-08-01,69,62,12,1,144,11781,4313
26980,"Iowa City, IA",2025-09-01,4,0,0,0,4,11785,4317
25300,"Hannibal, MO",2019-01-01,0,0,1,0,1,1,0
25300,"Hannibal, MO",2019-02-01,0,1,0,0,1,2,0
25300,"Hannibal, MO",2019-03-01,0,2,0,0,2,4,0
25300,"Hannibal, MO",2019-04-01,0,0,1,0,1,5,0
25300,"Hannibal, MO",2019-05-01,0,1,1,0,2,7,0
25300,"Hannibal, MO",2019-06-01,0,0,1,0,1,8,0
25300,"Hannibal, MO",2019-07-01,0,1,1,0,2,10,0
25300,"Hannibal, MO",2019-08-01,0,1,2,0,3,13,0
25300,"Hannibal, MO",2019-09-01,0,2,2,0,4,17,0
25300,"Hannibal, MO",2019-10-01,0,0,1,0,1,18,0
25300,"Hannibal, MO",2019-11-01,0,3,1,0,4,22,0
25300,"Hannibal, MO",2019-12-01,0,1,1,0,2,24,0
25300,"Hannibal, MO",2020-01-01,1,2,1,0,4,28,1
25300,"Hannibal, MO",2020-02-01,1,1,2,0,4,32,2
25300,"Hannibal, MO",2020-03-01,1,3,1,0,5,37,3
25300,"Hannibal, MO",2020-04-01,2,8,1,0,11,48,5
25300,"Hannibal, MO",2020-05-01,3,7,0,0,10,58,8
25300,"Hannibal, MO",2020-06-01,1,2,1,0,4,62,9
25300,"Hannibal, MO",2020-07-01,2,5,5,0,12,74,11
25300,"Hannibal, MO",2020-08-01,4,11,2,0,17,91,15
25300,"Hannibal, MO",2020-09-01,2,11,3,0,16,107,17
25300,"Hannibal, MO",2020-10-01,5,17,3,0,25,132,22
25300,"Hannibal, MO",2020-11-01,3,18,4,0,25,157,25
25300,"Hannibal, MO",2020-12-01,5,23,3,0,31,188,30
25300,"Hannibal, MO",2021-01-01,7,30,11,0,48,236,37
25300,"Hannibal, MO",2021-02-01,10,18,4,0,32,268,47
25300,"Hannibal, MO",2021-03-01,12,21,5,0,38,306,59
25300,"Hannibal, MO",2021-04-01,13,25,11,1,50,356,72
25300,"Hannibal, MO",2021-05-01,5,30,7,0,42,398,77
25300,"Hannibal, MO",2021-06-01,8,27,6,0,41,439,85
25300,"Hannibal, MO",2021-07-01,11,25,4,0,40,479,96
25300,"Hannibal, MO",2021-08-01,9,23,6,1,39,518,105
25300,"Hannibal, MO",2021-09-01,6,30,5,1,42,560,111
25300,"Hannibal, MO",2021-10-01,4,25,3,1,33,593,115
25300,"Hannibal, MO",2021-11-01,12,15,7,0,34,627,127
25300,"Hannibal, MO",2021-12-01,11,16,6,0,33,660,138
25300,"Hannibal, MO",2022-01-01,13,26,3,1,43,703,151
25300,"Hannibal, MO",2022-02-01,7,23,10,0,40,743,158
25300,"Hannibal, MO",2022-03-01,14,28,4,1,47,790,172
25300,"Hannibal, MO",2022-04-01,4,19,6,1,30,820,176
25300,"Hannibal, MO",2022-05-01,3,15,4,0,22,842,179
25300,"Hannibal, MO",2022-06-01,10,8,6,1,25,867,189
25300,"Hannibal, MO",2022-07-01,7,11,3,0,21,888,196
25300,"Hannibal, MO",2022-08-01,6,13,8,0,27,915,202
25300,"Hannibal, MO",2022-09-01,4,19,8,0,31,946,206
25300,"Hannibal, MO",2022-10-01,6,9,1,1,17,963,212
25300,"Hannibal, MO",2022-11-01,9,21,5,0,35,998,221
25300,"Hannibal, MO",2022-12-01,12,15,8,0,35,1033,233
25300,"Hannibal, MO",2023-01-01,6,17,9,0,32,1065,239
25300,"Hannibal, MO",2023-02-01,5,12,7,0,24,1089,244
25300,"Hannibal, MO",2023-03-01,14,12,5,1,32,1121,258
25300,"Hannibal, MO",2023-04-01,8,14,9,1,32,1153,266
25300,"Hannibal, MO",2023-05-01,5,14,3,0,22,1175,271
25300,"Hannibal, MO",2023-06-01,10,12,9,0,31,1206,281
25300,"Hannibal, MO",2023-07-01,9,15,5,0,29,1235,290
25300,"Hannibal, MO",2023-08-01,6,10,3,0,19,1254,296
25300,"Hannibal, MO",2023-09-01,5,11,1,0,17,1271,301
25300,"Hannibal, MO",2023-10-01,8,15,4,0,27,1298,309
25300,"Hannibal, MO",2023-11-01,14,15,8,0,37,1335,323
25300,"Hannibal, MO",2023-12-01,10,19,4,0,33,1368,333
25300,"Hannibal, MO",2024-01-01,14,7,5,0,26,1394,347
25300,"Hannibal, MO",2024-02-01,8,21,4,0,33,1427,355
25300,"Hannibal, MO",2024-03-01,10,24,7,0,41,1468,365
25300,"Hannibal, MO",2024-04-01,11,15,8,0,34,1502,376
25300,"Hannibal, MO",2024-05-01,13,13,4,1,31,1533,389
25300,"Hannibal, MO",2024-06-01,10,11,1,0,22,1555,399
25300,"Hannibal, MO",2024-07-01,4,14,4,0,22,1577,403
25300,"Hannibal, MO",2024-08-01,13,17,4,0,34,1611,416
25300,"Hannibal, MO",2024-09-01,13,20,5,0,38,1649,429
25300,"Hannibal, MO",2024-10-01,26,19,6,1,52,1701,455
25300,"Hannibal, MO",2024-11-01,17,17,3,0,37,1738,472
25300,"Hannibal, MO",2024-12-01,23,23,9,0,55,1793,495
25300,"Hannibal, MO",2025-01-01,19,17,10,1,47,1840,514
25300,"Hannibal, MO",2025-02-01,20,14,10,0,44,1884,534
25300,"Hannibal, MO",2025-03-01,22,12,4,0,38,1922,556
25300,"Hannibal, MO",2025-04-01,14,19,2,0,35,1957,570
25300,"Hannibal, MO",2025-05-01,15,18,7,1,41,1998,585
25300,"Hannibal, MO",2025-06-01,16,22,10,1,49,2047,601
25300,"Hannibal, MO",2025-07-01,13,12,5,1,31,2078,614
25300,"Hannibal, MO",2025-08-01,13,8,3,0,24,2102,627
25300,"Hannibal, MO",2025-09-01,0,0,0,1,1,2103,627
12860,"Batavia, NY",2019-01-01,0,2,1,0,3,3,0
12860,"Batavia, NY",2019-02-01,0,2,3,0,5,8,0
12860,"Batavia, NY",2019-03-01,2,2,3,0,7,15,2
12860,"Batavia, NY",2019-04-01,0,4,0,0,4,19,2
12860,"Batavia, NY",2019-05-01,0,1,2,1,4,23,2
12860,"Batavia, NY",2019-06-01,0,2,0,0,2,25,2
12860,"Batavia, NY",2019-07-01,2,13,5,0,20,45,4
12860,"Batavia, NY",2019-08-01,0,21,4,0,25,70,4
12860,"Batavia, NY",2019-09-01,0,12,5,0,17,87,4
12860,"Batavia, NY",2019-10-01,3,9,0,1,13,100,7
12860,"Batavia, NY",2019-11-01,1,9,1,0,11,111,8
12860,"Batavia, NY",2019-12-01,1,6,3,0,10,121,9
12860,"Batavia, NY",2020-01-01,0,14,3,2,19,140,9
12860,"Batavia, NY",2020-02-01,2,15,6,0,23,163,11
12860,"Batavia, NY",2020-03-01,4,18,4,0,26,189,15
12860,"Batavia, NY",2020-04-01,4,12,2,1,19,208,19
12860,"Batavia, NY",2020-05-01,9,27,7,0,43,251,28
12860,"Batavia, NY",2020-06-01,6,16,6,0,28,279,34
12860,"Batavia, NY",2020-07-01,9,17,5,0,31,310,43
12860,"Batavia, NY",2020-08-01,5,31,6,1,43,353,48
12860,"Batavia, NY",2020-09-01,8,25,4,0,37,390,56
12860,"Batavia, NY",2020-10-01,17,21,6,0,44,434,73
12860,"Batavia, NY",2020-11-01,9,19,7,0,35,469,82
12860,"Batavia, NY",2020-12-01,2,12,3,0,17,486,84
12860,"Batavia, NY",2021-01-01,13,21,5,1,40,526,97
12860,"Batavia, NY",2021-02-01,12,26,7,1,46,572,109
12860,"Batavia, NY",2021-03-01,14,29,15,0,58,630,123
12860,"Batavia, NY",2021-04-01,15,31,8,2,56,686,138
12860,"Batavia, NY",2021-05-01,13,26,6,1,46,732,151
12860,"Batavia, NY",2021-06-01,11,27,3,1,42,774,162
12860,"Batavia, NY",2021-07-01,15,25,5,3,48,822,177
12860,"Batavia, NY",2021-08-01,11,28,6,0,45,867,188
12860,"Batavia, NY",2021-09-01,11,26,9,1,47,914,199
12860,"Batavia, NY",2021-10-01,8,11,5,1,25,939,207
12860,"Batavia, NY",2021-11-01,4,16,4,0,24,963,211
12860,"Batavia, NY",2021-12-01,12,27,9,0,48,1011,223
12860,"Batavia, NY",2022-01-01,16,43,9,2,70,1081,239
12860,"Batavia, NY",2022-02-01,19,28,14,1,62,1143,258
12860,"Batavia, NY",2022-03-01,16,38,6,1,61,1204,274
12860,"Batavia, NY",2022-04-01,13,28,9,3,53,1257,287
12860,"Batavia, NY",2022-05-01,13,22,9,0,44,1301,300
12860,"Batavia, NY",2022-06-01,11,32,5,0,48,1349,311
12860,"Batavia, NY",2022-07-01,12,24,7,0,43,1392,323
12860,"Batavia, NY",2022-08-01,10,16,6,0,32,1424,333
12860,"Batavia, NY",2022-09-01,9,22,4,1,36,1460,342
12860,"Batavia, NY",2022-10-01,13,30,12,2,57,1517,355
12860,"Batavia, NY",2022-11-01,31,20,12,0,63,1580,386
12860,"Batavia, NY",2022-12-01,15,23,7,0,45,1625,401
12860,"Batavia, NY",2023-01-01,19,30,9,2,60,1685,420
12860,"Batavia, NY",2023-02-01,7,25,9,1,42,1727,427
12860,"Batavia, NY",2023-03-01,14,30,8,0,52,1779,441
12860,"Batavia, NY",2023-04-01,11,24,13,0,48,1827,452
12860,"Batavia, NY",2023-05-01,4,24,8,2,38,1865,456
12860,"Batavia, NY",2023-06-01,7,18,8,0,33,1898,463
12860,"Batavia, NY",2023-07-01,11,28,5,1,45,1943,474
12860,"Batavia, NY",2023-08-01,8,29,7,0,44,1987,482
12860,"Batavia, NY",2023-09-01,14,27,9,1,51,2038,496
12860,"Batavia, NY",2023-10-01,18,26,9,1,54,2092,514
12860,"Batavia, NY",2023-11-01,30,23,13,1,67,2159,544
12860,"Batavia, NY",2023-12-01,24,32,13,2,71,2230,568
12860,"Batavia, NY",2024-01-01,12,24,7,1,44,2274,580
12860,"Batavia, NY",2024-02-01,23,20,14,1,58,2332,603
12860,"Batavia, NY",2024-03-01,16,26,8,4,54,2386,619
12860,"Batavia, NY",2024-04-01,16,30,9,0,55,2441,635
12860,"Batavia, NY",2024-05-01,15,20,9,1,45,2486,650
12860,"Batavia, NY",2024-06-01,14,13,6,0,33,2519,664
12860,"Batavia, NY",2024-07-01,3,8,5,0,16,2535,667
12860,"Batavia, NY",2024-08-01,6,16,12,1,35,2570,673
12860,"Batavia, NY",2024-09-01,12,22,7,4,45,2615,685
12860,"Batavia, NY",2024-10-01,22,26,9,2,59,2674,707
12860,"Batavia, NY",2024-11-01,26,21,7,3,57,2731,733
12860,"Batavia, NY",2024-12-01,14,25,12,0,51,2782,747
12860,"Batavia, NY",2025-01-01,29,27,10,1,67,2849,776
12860,"Batavia, NY",2025-02-01,27,23,10,0,60,2909,803
12860,"Batavia, NY",2025-03-01,22,33,8,2,65,2974,825
12860,"Batavia, NY",2025-04-01,17,31,6,2,56,3030,842
12860,"Batavia, NY",2025-05-01,20,21,7,3,51,3081,862
12860,"Batavia, NY",2025-06-01,20,34,11,1,66,3147,882
12860,"Batavia, NY",2025-07-01,19,26,7,0,52,3199,901
12860,"Batavia, NY",2025-08-01,18,10,5,0,33,3232,919
36840,"Ottawa, KS",2019-01-01,0,2,0,0,2,2,0
36840,"Ottawa, KS",2019-02-01,0,1,0,0,1,3,0
36840,"Ottawa, KS",2019-03-01,0,2,0,0,2,5,0
36840,"Ottawa, KS",2019-04-01,0,1,0,0,1,6,0
36840,"Ottawa, KS",2019-05-01,0,3,0,0,3,9,0
36840,"Ottawa, KS",2019-06-01,0,5,0,0,5,14,0
36840,"Ottawa, KS",2019-07-01,0,0,1,0,1,15,0
36840,"Ottawa, KS",2019-08-01,0,1,0,0,1,16,0
36840,"Ottawa, KS",2019-09-01,0,1,1,0,2,18,0
36840,"Ottawa, KS",2019-10-01,0,2,0,0,2,20,0
36840,"Ottawa, KS",2019-11-01,0,1,1,0,2,22,0
36840,"Ottawa, KS",2019-12-01,1,0,1,0,2,24,1
36840,"Ottawa, KS",2020-01-01,1,0,1,0,2,26,2
36840,"Ottawa, KS",2020-02-01,0,1,1,0,2,28,2
36840,"Ottawa, KS",2020-03-01,0,2,3,0,5,33,2
36840,"Ottawa, KS",2020-04-01,4,3,2,0,9,42,6
36840,"Ottawa, KS",2020-05-01,6,7,3,0,16,58,12
36840,"Ottawa, KS",2020-06-01,1,2,4,0,7,65,13
36840,"Ottawa, KS",2020-07-01,1,11,1,0,13,78,14
36840,"Ottawa, KS",2020-08-01,4,2,4,0,10,88,18
36840,"Ottawa, KS",2020-09-01,2,4,1,0,7,95,20
36840,"Ottawa, KS",2020-10-01,3,2,3,0,8,103,23
36840,"Ottawa, KS",2020-11-01,0,5,1,0,6,109,23
36840,"Ottawa, KS",2020-12-01,2,6,2,0,10,119,25
36840,"Ottawa, KS",2021-01-01,4,15,1,0,20,139,29
36840,"Ottawa, KS",2021-02-01,2,6,4,0,12,151,31
36840,"Ottawa, KS",2021-03-01,6,12,5,0,23,174,37
36840,"Ottawa, KS",2021-04-01,4,6,3,0,13,187,41
36840,"Ottawa, KS",2021-05-01,6,18,4,0,28,215,47
36840,"Ottawa, KS",2021-06-01,9,24,9,1,43,258,56
36840,"Ottawa, KS",2021-07-01,5,14,1,1,21,279,61
36840,"Ottawa, KS",2021-08-01,7,13,7,1,28,307,68
36840,"Ottawa, KS",2021-09-01,8,13,4,0,25,332,76
36840,"Ottawa, KS",2021-10-01,7,12,6,0,25,357,83
36840,"Ottawa, KS",2021-11-01,8,12,7,1,28,385,91
36840,"Ottawa, KS",2021-12-01,5,21,5,0,31,416,96
36840,"Ottawa, KS",2022-01-01,21,28,5,0,54,470,117
36840,"Ottawa, KS",2022-02-01,13,16,6,0,35,505,130
36840,"Ottawa, KS",2022-03-01,9,15,3,0,27,532,139
36840,"Ottawa, KS",2022-04-01,5,14,2,1,22,554,144
36840,"Ottawa, KS",2022-05-01,7,12,2,0,21,575,151
36840,"Ottawa, KS",2022-06-01,9,14,1,1,25,600,160
36840,"Ottawa, KS",2022-07-01,6,15,1,0,22,622,166
36840,"Ottawa, KS",2022-08-01,5,17,5,0,27,649,171
36840,"Ottawa, KS",2022-09-01,8,17,2,1,28,677,179
36840,"Ottawa, KS",2022-10-01,5,11,4,0,20,697,184
36840,"Ottawa, KS",2022-11-01,7,16,2,1,26,723,191
36840,"Ottawa, KS",2022-12-01,13,13,1,0,27,750,204
36840,"Ottawa, KS",2023-01-01,13,18,3,0,34,784,217
36840,"Ottawa, KS",2023-02-01,6,10,6,0,22,806,223
36840,"Ottawa, KS",2023-03-01,20,18,1,1,40,846,243
36840,"Ottawa, KS",2023-04-01,14,20,2,1,37,883,257
36840,"Ottawa, KS",2023-05-01,10,11,8,0,29,912,267
36840,"Ottawa, KS",2023-06-01,6,14,1,1,22,934,273
36840,"Ottawa, KS",2023-07-01,7,11,4,0,22,956,280
36840,"Ottawa, KS",2023-08-01,2,9,3,0,14,970,282
36840,"Ottawa, KS",2023-09-01,8,9,3,0,20,990,290
36840,"Ottawa, KS",2023-10-01,13,16,2,0,31,1021,303
36840,"Ottawa, KS",2023-11-01,13,13,6,1,33,1054,316
36840,"Ottawa, KS",2023-12-01,16,13,5,0,34,1088,332
36840,"Ottawa, KS",2024-01-01,18,15,7,0,40,1128,350
36840,"Ottawa, KS",2024-02-01,16,14,3,3,36,1164,366
36840,"Ottawa, KS",2024-03-01,9,15,3,0,27,1191,375
36840,"Ottawa, KS",2024-04-01,13,13,1,1,28,1219,388
36840,"Ottawa, KS",2024-05-01,12,9,1,0,22,1241,400
36840,"Ottawa, KS",2024-06-01,6,7,4,0,17,1258,406
36840,"Ottawa, KS",2024-07-01,2,7,0,0,9,1267,408
36840,"Ottawa, KS",2024-08-01,2,3,5,0,10,1277,410
36840,"Ottawa, KS",2024-09-01,9,10,2,2,23,1300,419
36840,"Ottawa, KS",2024-10-01,20,10,1,2,33,1333,439
36840,"Ottawa, KS",2024-11-01,23,5,4,0,32,1365,462
36840,"Ottawa, KS",2024-12-01,16,8,5,0,29,1394,478
36840,"Ottawa, KS",2025-01-01,9,17,7,0,33,1427,487
36840,"Ottawa, KS",2025-02-01,15,8,3,0,26,1453,502
36840,"Ottawa, KS",2025-03-01,18,8,2,0,28,1481,520
36840,"Ottawa, KS",2025-04-01,14,13,1,1,29,1510,534
36840,"Ottawa, KS",2025-05-01,11,15,4,0,30,1540,545
36840,"Ottawa, KS",2025-06-01,20,11,1,1,33,1573,565
36840,"Ottawa, KS",2025-07-01,5,2,3,0,10,1583,570
36840,"Ottawa, KS",2025-08-01,11,7,6,0,24,1607,581
13700,"Big Spring, TX",2019-01-01,0,2,0,0,2,2,0
13700,"Big Spring, TX",2019-02-01,0,1,0,0,1,3,0
13700,"Big Spring, TX",2019-03-01,0,1,3,0,4,7,0
13700,"Big Spring, TX",2019-04-01,1,1,1,0,3,10,1
13700,"Big Spring, TX",2019-05-01,1,5,2,0,8,18,2
13700,"Big Spring, TX",2019-06-01,0,1,1,0,2,20,2
13700,"Big Spring, TX",2019-07-01,0,0,1,0,1,21,2
13700,"Big Spring, TX",2019-08-01,0,1,0,0,1,22,2
13700,"Big Spring, TX",2019-09-01,0,3,2,0,5,27,2
13700,"Big Spring, TX",2019-10-01,0,2,1,0,3,30,2
13700,"Big Spring, TX",2019-11-01,1,2,0,1,4,34,3
13700,"Big Spring, TX",2019-12-01,0,2,0,1,3,37,3
13700,"Big Spring, TX",2020-01-01,0,5,3,0,8,45,3
13700,"Big Spring, TX",2020-02-01,2,7,1,0,10,55,5
13700,"Big Spring, TX",2020-03-01,0,15,4,0,19,74,5
13700,"Big Spring, TX",2020-04-01,2,12,4,0,18,92,7
13700,"Big Spring, TX",2020-05-01,5,18,5,0,28,120,12
13700,"Big Spring, TX",2020-06-01,4,16,0,0,20,140,16
13700,"Big Spring, TX",2020-07-01,3,16,8,0,27,167,19
13700,"Big Spring, TX",2020-08-01,7,23,4,0,34,201,26
13700,"Big Spring, TX",2020-09-01,1,17,6,0,24,225,27
13700,"Big Spring, TX",2020-10-01,3,15,0,0,18,243,30
13700,"Big Spring, TX",2020-11-01,3,7,1,0,11,254,33
13700,"Big Spring, TX",2020-12-01,3,17,1,1,22,276,36
13700,"Big Spring, TX",2021-01-01,8,18,6,1,33,309,44
13700,"Big Spring, TX",2021-02-01,3,11,3,0,17,326,47
13700,"Big Spring, TX",2021-03-01,6,18,2,0,26,352,53
13700,"Big Spring, TX",2021-04-01,5,8,2,0,15,367,58
13700,"Big Spring, TX",2021-05-01,4,26,3,0,33,400,62
13700,"Big Spring, TX",2021-06-01,5,10,2,2,19,419,67
13700,"Big Spring, TX",2021-07-01,4,21,5,0,30,449,71
13700,"Big Spring, TX",2021-08-01,3,15,5,0,23,472,74
13700,"Big Spring, TX",2021-09-01,4,18,12,0,34,506,78
13700,"Big Spring, TX",2021-10-01,3,14,8,0,25,531,81
13700,"Big Spring, TX",2021-11-01,0,11,3,0,14,545,81
13700,"Big Spring, TX",2021-12-01,7,16,7,0,30,575,88
13700,"Big Spring, TX",2022-01-01,5,25,5,0,35,610,93
13700,"Big Spring, TX",2022-02-01,4,10,4,0,18,628,97
13700,"Big Spring, TX",2022-03-01,8,31,4,1,44,672,105
13700,"Big Spring, TX",2022-04-01,6,11,3,0,20,692,111
13700,"Big Spring, TX",2022-05-01,4,18,3,0,25,717,115
13700,"Big Spring, TX",2022-06-01,3,15,4,1,23,740,118
13700,"Big Spring, TX",2022-07-01,6,18,9,0,33,773,124
13700,"Big Spring, TX",2022-08-01,8,17,3,0,28,801,132
13700,"Big Spring, TX",2022-09-01,7,14,3,0,24,825,139
13700,"Big Spring, TX",2022-10-01,9,24,6,1,40,865,148
13700,"Big Spring, TX",2022-11-01,8,14,4,0,26,891,156
13700,"Big Spring, TX",2022-12-01,5,18,5,0,28,919,161
13700,"Big Spring, TX",2023-01-01,8,9,5,1,23,942,169
13700,"Big Spring, TX",2023-02-01,6,15,1,0,22,964,175
13700,"Big Spring, TX",2023-03-01,9,16,8,1,34,998,184
13700,"Big Spring, TX",2023-04-01,8,21,7,1,37,1035,192
13700,"Big Spring, TX",2023-05-01,6,14,7,0,27,1062,198
13700,"Big Spring, TX",2023-06-01,8,7,4,0,19,1081,206
13700,"Big Spring, TX",2023-07-01,8,11,4,1,24,1105,214
13700,"Big Spring, TX",2023-08-01,5,13,2,0,20,1125,219
13700,"Big Spring, TX",2023-09-01,3,17,3,0,23,1148,222
13700,"Big Spring, TX",2023-10-01,5,20,4,0,29,1177,227
13700,"Big Spring, TX",2023-11-01,12,19,6,2,39,1216,239
13700,"Big Spring, TX",2023-12-01,9,11,11,0,31,1247,248
13700,"Big Spring, TX",2024-01-01,12,15,6,0,33,1280,260
13700,"Big Spring, TX",2024-02-01,8,27,5,0,40,1320,268
13700,"Big Spring, TX",2024-03-01,10,22,9,1,42,1362,278
13700,"Big Spring, TX",2024-04-01,8,21,11,0,40,1402,286
13700,"Big Spring, TX",2024-05-01,6,9,3,0,18,1420,292
13700,"Big Spring, TX",2024-06-01,4,10,1,0,15,1435,296
13700,"Big Spring, TX",2024-07-01,2,8,3,0,13,1448,298
13700,"Big Spring, TX",2024-08-01,1,9,4,0,14,1462,299
13700,"Big Spring, TX",2024-09-01,4,16,4,0,24,1486,303
13700,"Big Spring, TX",2024-10-01,9,36,7,0,52,1538,312
13700,"Big Spring, TX",2024-11-01,16,22,9,0,47,1585,328
13700,"Big Spring, TX",2024-12-01,14,22,3,2,41,1626,342
13700,"Big Spring, TX",2025-01-01,15,26,3,0,44,1670,357
13700,"Big Spring, TX",2025-02-01,2,21,4,0,27,1697,359
13700,"Big Spring, TX",2025-03-01,10,14,8,1,33,1730,369
13700,"Big Spring, TX",2025-04-01,17,24,5,0,46,1776,386
13700,"Big Spring, TX",2025-05-01,16,12,6,0,34,1810,402
13700,"Big Spring, TX",2025-06-01,12,16,8,0,36,1846,414
13700,"Big Spring, TX",2025-07-01,6,10,5,1,22,1868,420
13700,"Big Spring, TX",2025-08-01,9,9,3,1,22,1890,429
13700,"Big Spring, TX",2025-09-01,0,1,0,0,1,1891,429
49420,"Yakima, WA",2019-01-01,1,7,3,0,11,11,1
49420,"Yakima, WA",2019-02-01,0,16,8,0,24,35,1
49420,"Yakima, WA",2019-03-01,0,26,9,2,37,72,1
49420,"Yakima, WA",2019-04-01,2,17,5,0,24,96,3
49420,"Yakima, WA",2019-05-01,1,22,9,0,32,128,4
49420,"Yakima, WA",2019-06-01,2,21,5,1,29,157,6
49420,"Yakima, WA",2019-07-01,2,17,2,0,21,178,8
49420,"Yakima, WA",2019-08-01,1,21,2,0,24,202,9
49420,"Yakima, WA",2019-09-01,2,25,6,0,33,235,11
49420,"Yakima, WA",2019-10-01,1,25,8,0,34,269,12
49420,"Yakima, WA",2019-11-01,3,18,3,0,24,293,15
49420,"Yakima, WA",2019-12-01,1,11,1,0,13,306,16
49420,"Yakima, WA",2020-01-01,5,26,6,0,37,343,21
49420,"Yakima, WA",2020-02-01,9,20,4,0,33,376,30
49420,"Yakima, WA",2020-03-01,13,37,6,0,56,432,43
49420,"Yakima, WA",2020-04-01,24,52,11,1,88,520,67
49420,"Yakima, WA",2020-05-01,28,58,15,2,103,623,95
49420,"Yakima, WA",2020-06-01,28,61,11,0,100,723,123
49420,"Yakima, WA",2020-07-01,30,79,12,1,122,845,153
49420,"Yakima, WA",2020-08-01,23,90,18,3,134,979,176
49420,"Yakima, WA",2020-09-01,30,73,10,0,113,1092,206
49420,"Yakima, WA",2020-10-01,23,69,10,0,102,1194,229
49420,"Yakima, WA",2020-11-01,15,39,4,3,61,1255,244
49420,"Yakima, WA",2020-12-01,17,39,8,0,64,1319,261
49420,"Yakima, WA",2021-01-01,42,94,11,1,148,1467,303
49420,"Yakima, WA",2021-02-01,24,53,8,4,89,1556,327
49420,"Yakima, WA",2021-03-01,46,86,19,0,151,1707,373
49420,"Yakima, WA",2021-04-01,23,52,11,1,87,1794,396
49420,"Yakima, WA",2021-05-01,20,38,12,0,70,1864,416
49420,"Yakima, WA",2021-06-01,20,58,7,0,85,1949,436
49420,"Yakima, WA",2021-07-01,37,95,22,2,156,2105,473
49420,"Yakima, WA",2021-08-01,31,85,16,2,134,2239,504
49420,"Yakima, WA",2021-09-01,25,55,13,3,96,2335,529
49420,"Yakima, WA",2021-10-01,15,44,12,0,71,2406,544
49420,"Yakima, WA",2021-11-01,18,44,16,1,79,2485,562
49420,"Yakima, WA",2021-12-01,32,61,17,0,110,2595,594
49420,"Yakima, WA",2022-01-01,57,112,18,3,190,2785,651
49420,"Yakima, WA",2022-02-01,22,44,17,4,87,2872,673
49420,"Yakima, WA",2022-03-01,45,69,24,1,139,3011,718
49420,"Yakima, WA",2022-04-01,31,40,10,1,82,3093,749
49420,"Yakima, WA",2022-05-01,34,54,28,0,116,3209,783
49420,"Yakima, WA",2022-06-01,26,38,12,3,79,3288,809
49420,"Yakima, WA",2022-07-01,27,43,15,2,87,3375,836
49420,"Yakima, WA",2022-08-01,46,68,23,0,137,3512,882
49420,"Yakima, WA",2022-09-01,39,81,15,1,136,3648,921
49420,"Yakima, WA",2022-10-01,37,61,9,2,109,3757,958
49420,"Yakima, WA",2022-11-01,34,52,19,1,106,3863,992
49420,"Yakima, WA",2022-12-01,34,44,13,4,95,3958,1026
49420,"Yakima, WA",2023-01-01,29,56,12,2,99,4057,1055
49420,"Yakima, WA",2023-02-01,15,40,15,3,73,4130,1070
49420,"Yakima, WA",2023-03-01,33,59,13,4,109,4239,1103
49420,"Yakima, WA",2023-04-01,24,52,10,1,87,4326,1127
49420,"Yakima, WA",2023-05-01,28,36,5,1,70,4396,1155
49420,"Yakima, WA",2023-06-01,24,26,7,0,57,4453,1179
49420,"Yakima, WA",2023-07-01,32,32,9,1,74,4527,1211
49420,"Yakima, WA",2023-08-01,17,35,5,0,57,4584,1228
49420,"Yakima, WA",2023-09-01,28,32,11,1,72,4656,1256
49420,"Yakima, WA",2023-10-01,26,58,16,0,100,4756,1282
49420,"Yakima, WA",2023-11-01,51,76,16,1,144,4900,1333
49420,"Yakima, WA",2023-12-01,50,60,21,7,138,5038,1383
49420,"Yakima, WA",2024-01-01,40,71,21,3,135,5173,1423
49420,"Yakima, WA",2024-02-01,32,44,13,2,91,5264,1455
49420,"Yakima, WA",2024-03-01,35,49,11,1,96,5360,1490
49420,"Yakima, WA",2024-04-01,14,18,8,2,42,5402,1504
49420,"Yakima, WA",2024-05-01,15,29,11,1,56,5458,1519
49420,"Yakima, WA",2024-06-01,18,30,6,1,55,5513,1537
49420,"Yakima, WA",2024-07-01,22,35,7,1,65,5578,1559
49420,"Yakima, WA",2024-08-01,13,33,13,2,61,5639,1572
49420,"Yakima, WA",2024-09-01,13,38,4,1,56,5695,1585
49420,"Yakima, WA",2024-10-01,18,38,16,3,75,5770,1603
49420,"Yakima, WA",2024-11-01,11,26,6,2,45,5815,1614
49420,"Yakima, WA",2024-12-01,14,29,15,1,59,5874,1628
49420,"Yakima, WA",2025-01-01,12,25,7,2,46,5920,1640
49420,"Yakima, WA",2025-02-01,23,21,8,1,53,5973,1663
49420,"Yakima, WA",2025-03-01,17,30,4,2,53,6026,1680
49420,"Yakima, WA",2025-04-01,10,24,5,8,47,6073,1690
49420,"Yakima, WA",2025-05-01,19,29,5,1,54,6127,1709
49420,"Yakima, WA",2025-06-01,19,28,3,0,50,6177,1728
49420,"Yakima, WA",2025-07-01,8,22,5,0,35,6212,1736
49420,"Yakima, WA",2025-08-01,18,17,0,0,35,6247,1754
42140,"Santa Fe, NM",2019-01-01,2,16,4,1,23,23,2
42140,"Santa Fe, NM",2019-02-01,2,24,9,2,37,60,4
42140,"Santa Fe, NM",2019-03-01,1,29,12,1,43,103,5
42140,"Santa Fe, NM",2019-04-01,3,28,8,1,40,143,8
42140,"Santa Fe, NM",2019-05-01,4,28,12,0,44,187,12
42140,"Santa Fe, NM",2019-06-01,1,27,5,2,35,222,13
42140,"Santa Fe, NM",2019-07-01,0,30,5,0,35,257,13
42140,"Santa Fe, NM",2019-08-01,3,23,9,0,35,292,16
42140,"Santa Fe, NM",2019-09-01,3,30,6,1,40,332,19
42140,"Santa Fe, NM",2019-10-01,1,17,7,0,25,357,20
42140,"Santa Fe, NM",2019-11-01,1,26,8,2,37,394,21
42140,"Santa Fe, NM",2019-12-01,1,23,8,0,32,426,22
42140,"Santa Fe, NM",2020-01-01,4,34,6,0,44,470,26
42140,"Santa Fe, NM",2020-02-01,3,25,7,1,36,506,29
42140,"Santa Fe, NM",2020-03-01,4,35,12,1,52,558,33
42140,"Santa Fe, NM",2020-04-01,14,60,11,4,89,647,47
42140,"Santa Fe, NM",2020-05-01,13,42,16,2,73,720,60
42140,"Santa Fe, NM",2020-06-01,16,50,12,0,78,798,76
42140,"Santa Fe, NM",2020-07-01,25,55,15,3,98,896,101
42140,"Santa Fe, NM",2020-08-01,17,72,19,2,110,1006,118
42140,"Santa Fe, NM",2020-09-01,16,65,11,2,94,1100,134
42140,"Santa Fe, NM",2020-10-01,11,55,12,1,79,1179,145
42140,"Santa Fe, NM",2020-11-01,10,27,8,1,46,1225,155
42140,"Santa Fe, NM",2020-12-01,15,54,12,1,82,1307,170
42140,"Santa Fe, NM",2021-01-01,15,83,21,2,121,1428,185
42140,"Santa Fe, NM",2021-02-01,22,51,18,3,94,1522,207
42140,"Santa Fe, NM",2021-03-01,21,83,23,1,128,1650,228
42140,"Santa Fe, NM",2021-04-01,24,88,18,2,132,1782,252
42140,"Santa Fe, NM",2021-05-01,19,71,16,3,109,1891,271
42140,"Santa Fe, NM",2021-06-01,24,71,15,3,113,2004,295
42140,"Santa Fe, NM",2021-07-01,19,70,10,0,99,2103,314
42140,"Santa Fe, NM",2021-08-01,28,63,18,3,112,2215,342
42140,"Santa Fe, NM",2021-09-01,16,68,20,1,105,2320,358
42140,"Santa Fe, NM",2021-10-01,11,55,17,2,85,2405,369
42140,"Santa Fe, NM",2021-11-01,14,55,18,1,88,2493,383
42140,"Santa Fe, NM",2021-12-01,38,90,18,2,148,2641,421
42140,"Santa Fe, NM",2022-01-01,37,114,23,4,178,2819,458
42140,"Santa Fe, NM",2022-02-01,26,64,14,0,104,2923,484
42140,"Santa Fe, NM",2022-03-01,24,52,13,3,92,3015,508
42140,"Santa Fe, NM",2022-04-01,27,63,11,2,103,3118,535
42140,"Santa Fe, NM",2022-05-01,34,75,16,1,126,3244,569
42140,"Santa Fe, NM",2022-06-01,38,77,13,0,128,3372,607
42140,"Santa Fe, NM",2022-07-01,30,63,10,1,104,3476,637
42140,"Santa Fe, NM",2022-08-01,37,75,19,3,134,3610,674
42140,"Santa Fe, NM",2022-09-01,19,72,8,0,99,3709,693
42140,"Santa Fe, NM",2022-10-01,27,59,19,3,108,3817,720
42140,"Santa Fe, NM",2022-11-01,28,87,28,4,147,3964,748
42140,"Santa Fe, NM",2022-12-01,38,65,26,0,129,4093,786
42140,"Santa Fe, NM",2023-01-01,37,82,21,1,141,4234,823
42140,"Santa Fe, NM",2023-02-01,37,71,17,0,125,4359,860
42140,"Santa Fe, NM",2023-03-01,29,71,18,3,121,4480,889
42140,"Santa Fe, NM",2023-04-01,30,64,16,2,112,4592,919
42140,"Santa Fe, NM",2023-05-01,17,42,9,1,69,4661,936
42140,"Santa Fe, NM",2023-06-01,29,41,10,0,80,4741,965
42140,"Santa Fe, NM",2023-07-01,35,35,14,2,86,4827,1000
42140,"Santa Fe, NM",2023-08-01,18,40,13,2,73,4900,1018
42140,"Santa Fe, NM",2023-09-01,30,40,11,1,82,4982,1048
42140,"Santa Fe, NM",2023-10-01,30,60,18,3,111,5093,1078
42140,"Santa Fe, NM",2023-11-01,38,61,23,0,122,5215,1116
42140,"Santa Fe, NM",2023-12-01,40,68,17,3,128,5343,1156
42140,"Santa Fe, NM",2024-01-01,42,70,23,3,138,5481,1198
42140,"Santa Fe, NM",2024-02-01,43,55,16,6,120,5601,1241
42140,"Santa Fe, NM",2024-03-01,44,72,16,3,135,5736,1285
42140,"Santa Fe, NM",2024-04-01,29,52,10,4,95,5831,1314
42140,"Santa Fe, NM",2024-05-01,33,67,21,4,125,5956,1347
42140,"Santa Fe, NM",2024-06-01,39,59,12,3,113,6069,1386
42140,"Santa Fe, NM",2024-07-01,23,62,13,2,100,6169,1409
42140,"Santa Fe, NM",2024-08-01,24,37,10,0,71,6240,1433
42140,"Santa Fe, NM",2024-09-01,29,53,13,1,96,6336,1462
42140,"Santa Fe, NM",2024-10-01,38,85,13,0,136,6472,1500
42140,"Santa Fe, NM",2024-11-01,56,79,23,2,160,6632,1556
42140,"Santa Fe, NM",2024-12-01,46,80,27,0,153,6785,1602
42140,"Santa Fe, NM",2025-01-01,53,72,22,1,148,6933,1655
42140,"Santa Fe, NM",2025-02-01,31,55,19,4,109,7042,1686
42140,"Santa Fe, NM",2025-03-01,48,67,32,0,147,7189,1734
42140,"Santa Fe, NM",2025-04-01,25,49,13,1,88,7277,1759
42140,"Santa Fe, NM",2025-05-01,41,58,7,4,110,7387,1800
42140,"Santa Fe, NM",2025-06-01,42,72,7,0,121,7508,1842
42140,"Santa Fe, NM",2025-07-01,25,52,12,1,90,7598,1867
42140,"Santa Fe, NM",2025-08-01,45,52,13,2,112,7710,1912
42140,"Santa Fe, NM",2025-09-01,0,2,0,0,2,7712,1912
20420,"Durango, CO",2019-01-01,1,2,0,0,3,3,1
20420,"Durango, CO",2019-02-01,0,4,0,0,4,7,1
20420,"Durango, CO",2019-03-01,0,6,1,0,7,14,1
20420,"Durango, CO",2019-04-01,0,5,1,0,6,20,1
20420,"Durango, CO",2019-05-01,0,4,3,0,7,27,1
20420,"Durango, CO",2019-06-01,1,5,0,0,6,33,2
20420,"Durango, CO",2019-07-01,1,11,0,0,12,45,3
20420,"Durango, CO",2019-08-01,0,11,3,1,15,60,3
20420,"Durango, CO",2019-09-01,2,10,3,2,17,77,5
20420,"Durango, CO",2019-10-01,5,8,0,0,13,90,10
20420,"Durango, CO",2019-11-01,1,11,2,0,14,104,11
20420,"Durango, CO",2019-12-01,3,14,1,0,18,122,14
20420,"Durango, CO",2020-01-01,1,19,4,1,25,147,15
20420,"Durango, CO",2020-02-01,1,17,1,1,20,167,16
20420,"Durango, CO",2020-03-01,6,19,0,0,25,192,22
20420,"Durango, CO",2020-04-01,9,20,8,1,38,230,31
20420,"Durango, CO",2020-05-01,18,41,4,0,63,293,49
20420,"Durango, CO",2020-06-01,11,29,3,2,45,338,60
20420,"Durango, CO",2020-07-01,11,30,0,2,43,381,71
20420,"Durango, CO",2020-08-01,16,28,6,0,50,431,87
20420,"Durango, CO",2020-09-01,14,32,7,0,53,484,101
20420,"Durango, CO",2020-10-01,12,18,5,0,35,519,113
20420,"Durango, CO",2020-11-01,12,28,5,0,45,564,125
20420,"Durango, CO",2020-12-01,14,29,6,0,49,613,139
20420,"Durango, CO",2021-01-01,12,39,7,1,59,672,151
20420,"Durango, CO",2021-02-01,27,43,16,1,87,759,178
20420,"Durango, CO",2021-03-01,18,41,8,0,67,826,196
20420,"Durango, CO",2021-04-01,21,43,12,1,77,903,217
20420,"Durango, CO",2021-05-01,11,55,10,0,76,979,228
20420,"Durango, CO",2021-06-01,16,36,7,2,61,1040,244
20420,"Durango, CO",2021-07-01,9,29,8,0,46,1086,253
20420,"Durango, CO",2021-08-01,11,30,8,0,49,1135,264
20420,"Durango, CO",2021-09-01,16,33,13,1,63,1198,280
20420,"Durango, CO",2021-10-01,20,34,9,0,63,1261,300
20420,"Durango, CO",2021-11-01,11,17,2,0,30,1291,311
20420,"Durango, CO",2021-12-01,14,26,4,1,45,1336,325
20420,"Durango, CO",2022-01-01,25,29,10,4,68,1404,350
20420,"Durango, CO",2022-02-01,19,16,11,0,46,1450,369
20420,"Durango, CO",2022-03-01,18,28,2,0,48,1498,387
20420,"Durango, CO",2022-04-01,13,15,5,0,33,1531,400
20420,"Durango, CO",2022-05-01,10,19,4,0,33,1564,410
20420,"Durango, CO",2022-06-01,10,13,5,0,28,1592,420
20420,"Durango, CO",2022-07-01,14,12,1,0,27,1619,434
20420,"Durango, CO",2022-08-01,13,17,6,0,36,1655,447
20420,"Durango, CO",2022-09-01,13,21,8,3,45,1700,460
20420,"Durango, CO",2022-10-01,9,20,5,1,35,1735,469
20420,"Durango, CO",2022-11-01,11,25,5,1,42,1777,480
20420,"Durango, CO",2022-12-01,20,13,6,1,40,1817,500
20420,"Durango, CO",2023-01-01,11,30,3,1,45,1862,511
20420,"Durango, CO",2023-02-01,12,18,2,0,32,1894,523
20420,"Durango, CO",2023-03-01,18,18,9,0,45,1939,541
20420,"Durango, CO",2023-04-01,9,19,7,0,35,1974,550
20420,"Durango, CO",2023-05-01,20,18,4,0,42,2016,570
20420,"Durango, CO",2023-06-01,10,13,1,0,24,2040,580
20420,"Durango, CO",2023-07-01,11,16,3,1,31,2071,591
20420,"Durango, CO",2023-08-01,10,9,1,0,20,2091,601
20420,"Durango, CO",2023-09-01,17,16,7,0,40,2131,618
20420,"Durango, CO",2023-10-01,14,16,7,1,38,2169,632
20420,"Durango, CO",2023-11-01,20,18,9,0,47,2216,652
20420,"Durango, CO",2023-12-01,17,20,6,0,43,2259,669
20420,"Durango, CO",2024-01-01,12,19,9,0,40,2299,681
20420,"Durango, CO",2024-02-01,16,20,2,0,38,2337,697
20420,"Durango, CO",2024-03-01,21,8,9,1,39,2376,718
20420,"Durango, CO",2024-04-01,14,15,7,0,36,2412,732
20420,"Durango, CO",2024-05-01,11,10,3,1,25,2437,743
20420,"Durango, CO",2024-06-01,9,7,1,0,17,2454,752
20420,"Durango, CO",2024-07-01,12,13,8,1,34,2488,764
20420,"Durango, CO",2024-08-01,4,11,3,2,20,2508,768
20420,"Durango, CO",2024-09-01,7,11,5,0,23,2531,775
20420,"Durango, CO",2024-10-01,14,18,5,0,37,2568,789
20420,"Durango, CO",2024-11-01,16,16,5,1,38,2606,805
20420,"Durango, CO",2024-12-01,16,18,7,0,41,2647,821
20420,"Durango, CO",2025-01-01,15,16,4,0,35,2682,836
20420,"Durango, CO",2025-02-01,13,17,4,0,34,2716,849
20420,"Durango, CO",2025-03-01,21,12,1,0,34,2750,870
20420,"Durango, CO",2025-04-01,9,13,5,0,27,2777,879
20420,"Durango, CO",2025-05-01,17,20,7,0,44,2821,896
20420,"Durango, CO",2025-06-01,12,16,5,0,33,2854,908
20420,"Durango, CO",2025-07-01,11,8,3,0,22,2876,919
20420,"Durango, CO",2025-08-01,8,12,3,1,24,2900,927
31820,"Manitowoc, WI",2019-01-01,0,1,0,0,1,1,0
31820,"Manitowoc, WI",2019-02-01,0,1,0,0,1,2,0
31820,"Manitowoc, WI",2019-03-01,0,5,1,1,7,9,0
31820,"Manitowoc, WI",2019-04-01,0,5,1,1,7,16,0
31820,"Manitowoc, WI",2019-05-01,0,7,4,0,11,27,0
31820,"Manitowoc, WI",2019-06-01,0,5,0,0,5,32,0
31820,"Manitowoc, WI",2019-07-01,0,10,2,1,13,45,0
31820,"Manitowoc, WI",2019-08-01,0,5,2,0,7,52,0
31820,"Manitowoc, WI",2019-09-01,1,12,1,0,14,66,1
31820,"Manitowoc, WI",2019-10-01,1,8,1,0,10,76,2
31820,"Manitowoc, WI",2019-11-01,0,7,4,0,11,87,2
31820,"Manitowoc, WI",2019-12-01,0,11,1,0,12,99,2
31820,"Manitowoc, WI",2020-01-01,2,7,3,0,12,111,4
31820,"Manitowoc, WI",2020-02-01,0,9,3,0,12,123,4
31820,"Manitowoc, WI",2020-03-01,5,12,2,1,20,143,9
31820,"Manitowoc, WI",2020-04-01,2,21,4,0,27,170,11
31820,"Manitowoc, WI",2020-05-01,4,21,4,1,30,200,15
31820,"Manitowoc, WI",2020-06-01,8,21,3,0,32,232,23
31820,"Manitowoc, WI",2020-07-01,1,15,5,0,21,253,24
31820,"Manitowoc, WI",2020-08-01,3,20,2,1,26,279,27
31820,"Manitowoc, WI",2020-09-01,4,11,4,0,19,298,31
31820,"Manitowoc, WI",2020-10-01,2,18,2,0,22,320,33
31820,"Manitowoc, WI",2020-11-01,3,13,2,0,18,338,36
31820,"Manitowoc, WI",2020-12-01,11,24,3,1,39,377,47
31820,"Manitowoc, WI",2021-01-01,14,25,1,0,40,417,61
31820,"Manitowoc, WI",2021-02-01,7,17,2,1,27,444,68
31820,"Manitowoc, WI",2021-03-01,13,24,6,0,43,487,81
31820,"Manitowoc, WI",2021-04-01,13,25,3,0,41,528,94
31820,"Manitowoc, WI",2021-05-01,8,24,3,0,35,563,102
31820,"Manitowoc, WI",2021-06-01,9,27,5,0,41,604,111
31820,"Manitowoc, WI",2021-07-01,6,17,3,0,26,630,117
31820,"Manitowoc, WI",2021-08-01,6,18,5,2,31,661,123
31820,"Manitowoc, WI",2021-09-01,1,19,7,0,27,688,124
31820,"Manitowoc, WI",2021-10-01,11,9,2,3,25,713,135
31820,"Manitowoc, WI",2021-11-01,6,21,3,0,30,743,141
31820,"Manitowoc, WI",2021-12-01,6,18,3,0,27,770,147
31820,"Manitowoc, WI",2022-01-01,10,33,14,0,57,827,157
31820,"Manitowoc, WI",2022-02-01,6,23,4,0,33,860,163
31820,"Manitowoc, WI",2022-03-01,9,14,4,1,28,888,172
31820,"Manitowoc, WI",2022-04-01,8,16,4,1,29,917,180
31820,"Manitowoc, WI",2022-05-01,15,25,5,1,46,963,195
31820,"Manitowoc, WI",2022-06-01,10,16,6,1,33,996,205
31820,"Manitowoc, WI",2022-07-01,9,19,1,1,30,1026,214
31820,"Manitowoc, WI",2022-08-01,7,16,1,1,25,1051,221
31820,"Manitowoc, WI",2022-09-01,6,16,5,1,28,1079,227
31820,"Manitowoc, WI",2022-10-01,8,11,5,0,24,1103,235
31820,"Manitowoc, WI",2022-11-01,7,20,5,0,32,1135,242
31820,"Manitowoc, WI",2022-12-01,11,9,6,1,27,1162,253
31820,"Manitowoc, WI",2023-01-01,14,8,6,0,28,1190,267
31820,"Manitowoc, WI",2023-02-01,7,13,7,0,27,1217,274
31820,"Manitowoc, WI",2023-03-01,6,18,5,0,29,1246,280
31820,"Manitowoc, WI",2023-04-01,9,19,3,1,32,1278,289
31820,"Manitowoc, WI",2023-05-01,4,15,3,0,22,1300,293
31820,"Manitowoc, WI",2023-06-01,7,10,0,0,17,1317,300
31820,"Manitowoc, WI",2023-07-01,9,12,5,0,26,1343,309
31820,"Manitowoc, WI",2023-08-01,1,12,2,0,15,1358,310
31820,"Manitowoc, WI",2023-09-01,9,16,3,0,28,1386,319
31820,"Manitowoc, WI",2023-10-01,9,10,7,1,27,1413,328
31820,"Manitowoc, WI",2023-11-01,8,12,5,0,25,1438,336
31820,"Manitowoc, WI",2023-12-01,16,20,5,1,42,1480,352
31820,"Manitowoc, WI",2024-01-01,19,18,5,0,42,1522,371
31820,"Manitowoc, WI",2024-02-01,14,14,11,0,39,1561,385
31820,"Manitowoc, WI",2024-03-01,17,19,10,0,46,1607,402
31820,"Manitowoc, WI",2024-04-01,4,11,5,1,21,1628,406
31820,"Manitowoc, WI",2024-05-01,10,12,2,0,24,1652,416
31820,"Manitowoc, WI",2024-06-01,4,15,3,0,22,1674,420
31820,"Manitowoc, WI",2024-07-01,5,10,5,0,20,1694,425
31820,"Manitowoc, WI",2024-08-01,11,10,1,0,22,1716,436
31820,"Manitowoc, WI",2024-09-01,4,11,1,0,16,1732,440
31820,"Manitowoc, WI",2024-10-01,15,14,7,0,36,1768,455
31820,"Manitowoc, WI",2024-11-01,11,15,4,0,30,1798,466
31820,"Manitowoc, WI",2024-12-01,14,21,4,0,39,1837,480
31820,"Manitowoc, WI",2025-01-01,23,14,14,1,52,1889,503
31820,"Manitowoc, WI",2025-02-01,8,15,5,0,28,1917,511
31820,"Manitowoc, WI",2025-03-01,11,9,5,0,25,1942,522
31820,"Manitowoc, WI",2025-04-01,14,18,5,0,37,1979,536
31820,"Manitowoc, WI",2025-05-01,14,20,4,0,38,2017,550
31820,"Manitowoc, WI",2025-06-01,18,17,7,0,42,2059,568
31820,"Manitowoc, WI",2025-07-01,21,13,7,1,42,2101,589
31820,"Manitowoc, WI",2025-08-01,7,18,5,1,31,2132,596
31820,"Manitowoc, WI",2025-09-01,2,0,0,0,2,2134,598
22420,"Flint, MI",2019-01-01,1,44,18,0,63,63,1
22420,"Flint, MI",2019-02-01,4,52,18,2,76,139,5
22420,"Flint, MI",2019-03-01,1,79,19,2,101,240,6
22420,"Flint, MI",2019-04-01,7,100,23,2,132,372,13
22420,"Flint, MI",2019-05-01,2,90,20,1,113,485,15
22420,"Flint, MI",2019-06-01,5,69,17,0,91,576,20
22420,"Flint, MI",2019-07-01,4,77,16,4,101,677,24
22420,"Flint, MI",2019-08-01,15,89,19,3,126,803,39
22420,"Flint, MI",2019-09-01,10,68,23,2,103,906,49
22420,"Flint, MI",2019-10-01,1,51,20,0,72,978,50
22420,"Flint, MI",2019-11-01,10,87,13,3,113,1091,60
22420,"Flint, MI",2019-12-01,11,82,16,4,113,1204,71
22420,"Flint, MI",2020-01-01,7,80,27,6,120,1324,78
22420,"Flint, MI",2020-02-01,15,67,18,1,101,1425,93
22420,"Flint, MI",2020-03-01,18,98,23,2,141,1566,111
22420,"Flint, MI",2020-04-01,23,135,37,4,199,1765,134
22420,"Flint, MI",2020-05-01,66,249,59,7,381,2146,200
22420,"Flint, MI",2020-06-01,68,221,51,6,346,2492,268
22420,"Flint, MI",2020-07-01,69,322,70,7,468,2960,337
22420,"Flint, MI",2020-08-01,96,367,83,10,556,3516,433
22420,"Flint, MI",2020-09-01,75,330,69,10,484,4000,508
22420,"Flint, MI",2020-10-01,78,292,83,10,463,4463,586
22420,"Flint, MI",2020-11-01,71,245,54,3,373,4836,657
22420,"Flint, MI",2020-12-01,84,262,65,4,415,5251,741
22420,"Flint, MI",2021-01-01,123,344,71,11,549,5800,864
22420,"Flint, MI",2021-02-01,93,275,85,6,459,6259,957
22420,"Flint, MI",2021-03-01,146,314,73,11,544,6803,1103
22420,"Flint, MI",2021-04-01,145,365,81,13,604,7407,1248
22420,"Flint, MI",2021-05-01,125,365,78,10,578,7985,1373
22420,"Flint, MI",2021-06-01,106,404,97,6,613,8598,1479
22420,"Flint, MI",2021-07-01,64,222,63,6,355,8953,1543
22420,"Flint, MI",2021-08-01,73,231,67,5,376,9329,1616
22420,"Flint, MI",2021-09-01,70,319,80,7,476,9805,1686
22420,"Flint, MI",2021-10-01,41,161,36,1,239,10044,1727
22420,"Flint, MI",2021-11-01,50,161,42,4,257,10301,1777
22420,"Flint, MI",2021-12-01,90,271,93,12,466,10767,1867
22420,"Flint, MI",2022-01-01,128,382,114,14,638,11405,1995
22420,"Flint, MI",2022-02-01,83,191,62,4,340,11745,2078
22420,"Flint, MI",2022-03-01,64,195,60,5,324,12069,2142
22420,"Flint, MI",2022-04-01,80,160,45,7,292,12361,2222
22420,"Flint, MI",2022-05-01,48,172,58,7,285,12646,2270
22420,"Flint, MI",2022-06-01,49,121,35,3,208,12854,2319
22420,"Flint, MI",2022-07-01,43,121,40,4,208,13062,2362
22420,"Flint, MI",2022-08-01,87,212,70,5,374,13436,2449
22420,"Flint, MI",2022-09-01,78,210,68,8,364,13800,2527
22420,"Flint, MI",2022-10-01,60,143,33,6,242,14042,2587
22420,"Flint, MI",2022-11-01,110,256,79,5,450,14492,2697
22420,"Flint, MI",2022-12-01,119,217,58,8,402,14894,2816
22420,"Flint, MI",2023-01-01,99,200,63,4,366,15260,2915
22420,"Flint, MI",2023-02-01,98,174,66,4,342,15602,3013
22420,"Flint, MI",2023-03-01,138,285,90,11,524,16126,3151
22420,"Flint, MI",2023-04-01,79,179,61,3,322,16448,3230
22420,"Flint, MI",2023-05-01,43,71,16,4,134,16582,3273
22420,"Flint, MI",2023-06-01,25,61,13,1,100,16682,3298
22420,"Flint, MI",2023-07-01,31,62,10,0,103,16785,3329
22420,"Flint, MI",2023-08-01,35,84,24,3,146,16931,3364
22420,"Flint, MI",2023-09-01,56,99,38,1,194,17125,3420
22420,"Flint, MI",2023-10-01,70,160,56,8,294,17419,3490
22420,"Flint, MI",2023-11-01,127,206,70,7,410,17829,3617
22420,"Flint, MI",2023-12-01,118,227,56,8,409,18238,3735
22420,"Flint, MI",2024-01-01,123,223,70,4,420,18658,3858
22420,"Flint, MI",2024-02-01,129,175,77,11,392,19050,3987
22420,"Flint, MI",2024-03-01,160,209,92,6,467,19517,4147
22420,"Flint, MI",2024-04-01,125,202,57,6,390,19907,4272
22420,"Flint, MI",2024-05-01,164,248,55,6,473,20380,4436
22420,"Flint, MI",2024-06-01,162,243,77,6,488,20868,4598
22420,"Flint, MI",2024-07-01,100,165,41,5,311,21179,4698
22420,"Flint, MI",2024-08-01,119,226,79,4,428,21607,4817
22420,"Flint, MI",2024-09-01,128,183,72,3,386,21993,4945
22420,"Flint, MI",2024-10-01,143,179,60,7,389,22382,5088
22420,"Flint, MI",2024-11-01,150,168,63,11,392,22774,5238
22420,"Flint, MI",2024-12-01,173,230,70,4,477,23251,5411
22420,"Flint, MI",2025-01-01,148,222,73,5,448,23699,5559
22420,"Flint, MI",2025-02-01,126,165,61,10,362,24061,5685
22420,"Flint, MI",2025-03-01,158,191,81,6,436,24497,5843
22420,"Flint, MI",2025-04-01,167,194,56,6,423,24920,6010
22420,"Flint, MI",2025-05-01,184,178,71,11,444,25364,6194
22420,"Flint, MI",2025-06-01,146,165,58,8,377,25741,6340
22420,"Flint, MI",2025-07-01,133,157,44,7,341,26082,6473
22420,"Flint, MI",2025-08-01,123,163,57,6,349,26431,6596
22420,"Flint, MI",2025-09-01,4,1,1,0,6,26437,6600
36580,"Oneonta, NY",2019-02-01,0,3,2,0,5,5,0
36580,"Oneonta, NY",2019-03-01,0,4,2,0,6,11,0
36580,"Oneonta, NY",2019-04-01,0,2,0,0,2,13,0
36580,"Oneonta, NY",2019-05-01,0,5,0,0,5,18,0
36580,"Oneonta, NY",2019-06-01,1,5,0,0,6,24,1
36580,"Oneonta, NY",2019-07-01,0,8,4,0,12,36,1
36580,"Oneonta, NY",2019-08-01,0,12,3,0,15,51,1
36580,"Oneonta, NY",2019-09-01,2,29,2,2,35,86,3
36580,"Oneonta, NY",2019-10-01,1,23,0,1,25,111,4
36580,"Oneonta, NY",2019-11-01,1,17,3,1,22,133,5
36580,"Oneonta, NY",2019-12-01,3,13,2,0,18,151,8
36580,"Oneonta, NY",2020-01-01,2,23,1,0,26,177,10
36580,"Oneonta, NY",2020-02-01,2,16,4,0,22,199,12
36580,"Oneonta, NY",2020-03-01,8,16,3,0,27,226,20
36580,"Oneonta, NY",2020-04-01,18,28,2,2,50,276,38
36580,"Oneonta, NY",2020-05-01,12,37,2,0,51,327,50
36580,"Oneonta, NY",2020-06-01,17,24,3,0,44,371,67
36580,"Oneonta, NY",2020-07-01,21,19,2,1,43,414,88
36580,"Oneonta, NY",2020-08-01,13,26,2,2,43,457,101
36580,"Oneonta, NY",2020-09-01,21,39,2,1,63,520,122
36580,"Oneonta, NY",2020-10-01,15,24,2,0,41,561,137
36580,"Oneonta, NY",2020-11-01,7,22,1,0,30,591,144
36580,"Oneonta, NY",2020-12-01,13,22,4,0,39,630,157
36580,"Oneonta, NY",2021-01-01,25,35,4,1,65,695,182
36580,"Oneonta, NY",2021-02-01,20,21,6,0,47,742,202
36580,"Oneonta, NY",2021-03-01,46,41,8,0,95,837,248
36580,"Oneonta, NY",2021-04-01,26,28,1,0,55,892,274
36580,"Oneonta, NY",2021-05-01,25,30,3,2,60,952,299
36580,"Oneonta, NY",2021-06-01,17,32,5,0,54,1006,316
36580,"Oneonta, NY",2021-07-01,21,27,6,0,54,1060,337
36580,"Oneonta, NY",2021-08-01,17,27,3,0,47,1107,354
36580,"Oneonta, NY",2021-09-01,17,31,6,0,54,1161,371
36580,"Oneonta, NY",2021-10-01,22,36,7,0,65,1226,393
36580,"Oneonta, NY",2021-11-01,23,22,10,0,55,1281,416
36580,"Oneonta, NY",2021-12-01,32,34,8,0,74,1355,448
36580,"Oneonta, NY",2022-01-01,36,40,4,0,80,1435,484
36580,"Oneonta, NY",2022-02-01,23,28,5,0,56,1491,507
36580,"Oneonta, NY",2022-03-01,31,29,3,0,63,1554,538
36580,"Oneonta, NY",2022-04-01,18,31,10,1,60,1614,556
36580,"Oneonta, NY",2022-05-01,23,31,9,1,64,1678,579
36580,"Oneonta, NY",2022-06-01,13,15,6,0,34,1712,592
36580,"Oneonta, NY",2022-07-01,8,18,1,1,28,1740,600
36580,"Oneonta, NY",2022-08-01,16,22,6,0,44,1784,616
36580,"Oneonta, NY",2022-09-01,21,26,5,4,56,1840,637
36580,"Oneonta, NY",2022-10-01,22,31,5,1,59,1899,659
36580,"Oneonta, NY",2022-11-01,40,28,11,1,80,1979,699
36580,"Oneonta, NY",2022-12-01,34,22,8,0,64,2043,733
36580,"Oneonta, NY",2023-01-01,29,14,5,0,48,2091,762
36580,"Oneonta, NY",2023-02-01,24,19,5,0,48,2139,786
36580,"Oneonta, NY",2023-03-01,35,25,9,0,69,2208,821
36580,"Oneonta, NY",2023-04-01,21,13,6,0,40,2248,842
36580,"Oneonta, NY",2023-05-01,13,20,4,0,37,2285,855
36580,"Oneonta, NY",2023-06-01,14,14,4,0,32,2317,869
36580,"Oneonta, NY",2023-07-01,15,25,6,0,46,2363,884
36580,"Oneonta, NY",2023-08-01,16,19,3,2,40,2403,900
36580,"Oneonta, NY",2023-09-01,31,28,7,1,67,2470,931
36580,"Oneonta, NY",2023-10-01,38,18,6,0,62,2532,969
36580,"Oneonta, NY",2023-11-01,25,18,6,0,49,2581,994
36580,"Oneonta, NY",2023-12-01,29,16,6,0,51,2632,1023
36580,"Oneonta, NY",2024-01-01,35,19,10,0,64,2696,1058
36580,"Oneonta, NY",2024-02-01,38,20,9,0,67,2763,1096
36580,"Oneonta, NY",2024-03-01,19,28,2,0,49,2812,1115
36580,"Oneonta, NY",2024-04-01,26,24,8,0,58,2870,1141
36580,"Oneonta, NY",2024-05-01,22,17,5,0,44,2914,1163
36580,"Oneonta, NY",2024-06-01,19,18,5,0,42,2956,1182
36580,"Oneonta, NY",2024-07-01,10,11,5,0,26,2982,1192
36580,"Oneonta, NY",2024-08-01,11,15,5,0,31,3013,1203
36580,"Oneonta, NY",2024-09-01,31,19,7,1,58,3071,1234
36580,"Oneonta, NY",2024-10-01,47,17,2,1,67,3138,1281
36580,"Oneonta, NY",2024-11-01,42,16,5,2,65,3203,1323
36580,"Oneonta, NY",2024-12-01,33,21,6,1,61,3264,1356
36580,"Oneonta, NY",2025-01-01,40,16,4,0,60,3324,1396
36580,"Oneonta, NY",2025-02-01,31,16,2,0,49,3373,1427
36580,"Oneonta, NY",2025-03-01,45,11,4,1,61,3434,1472
36580,"Oneonta, NY",2025-04-01,39,29,5,1,74,3508,1511
36580,"Oneonta, NY",2025-05-01,30,16,9,2,57,3565,1541
36580,"Oneonta, NY",2025-06-01,25,21,7,0,53,3618,1566
36580,"Oneonta, NY",2025-07-01,18,17,4,1,40,3658,1584
36580,"Oneonta, NY",2025-08-01,18,13,6,0,37,3695,1602
36580,"Oneonta, NY",2025-09-01,2,1,0,0,3,3698,1604
25860,"Hickory-Lenoir-Morganton, NC",2019-01-01,0,25,7,1,33,33,0
25860,"Hickory-Lenoir-Morganton, NC",2019-02-01,0,40,10,1,51,84,0
25860,"Hickory-Lenoir-Morganton, NC",2019-03-01,0,33,12,0,45,129,0
25860,"Hickory-Lenoir-Morganton, NC",2019-04-01,1,45,11,0,57,186,1
25860,"Hickory-Lenoir-Morganton, NC",2019-05-01,1,51,9,2,63,249,2
25860,"Hickory-Lenoir-Morganton, NC",2019-06-01,1,32,11,0,44,293,3
25860,"Hickory-Lenoir-Morganton, NC",2019-07-01,1,46,10,2,59,352,4
25860,"Hickory-Lenoir-Morganton, NC",2019-08-01,2,50,13,1,66,418,6
25860,"Hickory-Lenoir-Morganton, NC",2019-09-01,6,44,12,1,63,481,12
25860,"Hickory-Lenoir-Morganton, NC",2019-10-01,1,23,5,1,30,511,13
25860,"Hickory-Lenoir-Morganton, NC",2019-11-01,5,35,11,1,52,563,18
25860,"Hickory-Lenoir-Morganton, NC",2019-12-01,0,33,11,0,44,607,18
25860,"Hickory-Lenoir-Morganton, NC",2020-01-01,2,38,15,1,56,663,20
25860,"Hickory-Lenoir-Morganton, NC",2020-02-01,7,43,10,2,62,725,27
25860,"Hickory-Lenoir-Morganton, NC",2020-03-01,5,60,11,0,76,801,32
25860,"Hickory-Lenoir-Morganton, NC",2020-04-01,28,124,22,2,176,977,60
25860,"Hickory-Lenoir-Morganton, NC",2020-05-01,43,129,26,4,202,1179,103
25860,"Hickory-Lenoir-Morganton, NC",2020-06-01,48,119,22,0,189,1368,151
25860,"Hickory-Lenoir-Morganton, NC",2020-07-01,47,153,26,1,227,1595,198
25860,"Hickory-Lenoir-Morganton, NC",2020-08-01,38,186,32,5,261,1856,236
25860,"Hickory-Lenoir-Morganton, NC",2020-09-01,30,159,37,4,230,2086,266
25860,"Hickory-Lenoir-Morganton, NC",2020-10-01,18,110,27,3,158,2244,284
25860,"Hickory-Lenoir-Morganton, NC",2020-11-01,21,97,9,2,129,2373,305
25860,"Hickory-Lenoir-Morganton, NC",2020-12-01,27,89,25,4,145,2518,332
25860,"Hickory-Lenoir-Morganton, NC",2021-01-01,82,208,34,3,327,2845,414
25860,"Hickory-Lenoir-Morganton, NC",2021-02-01,55,156,28,5,244,3089,469
25860,"Hickory-Lenoir-Morganton, NC",2021-03-01,79,187,54,3,323,3412,548
25860,"Hickory-Lenoir-Morganton, NC",2021-04-01,80,202,49,4,335,3747,628
25860,"Hickory-Lenoir-Morganton, NC",2021-05-01,79,224,41,4,348,4095,707
25860,"Hickory-Lenoir-Morganton, NC",2021-06-01,74,224,49,5,352,4447,781
25860,"Hickory-Lenoir-Morganton, NC",2021-07-01,58,177,55,5,295,4742,839
25860,"Hickory-Lenoir-Morganton, NC",2021-08-01,67,183,37,5,292,5034,906
25860,"Hickory-Lenoir-Morganton, NC",2021-09-01,52,196,63,5,316,5350,958
25860,"Hickory-Lenoir-Morganton, NC",2021-10-01,60,161,46,2,269,5619,1018
25860,"Hickory-Lenoir-Morganton, NC",2021-11-01,67,125,38,5,235,5854,1085
25860,"Hickory-Lenoir-Morganton, NC",2021-12-01,94,193,51,4,342,6196,1179
25860,"Hickory-Lenoir-Morganton, NC",2022-01-01,88,242,59,4,393,6589,1267
25860,"Hickory-Lenoir-Morganton, NC",2022-02-01,92,211,52,5,360,6949,1359
25860,"Hickory-Lenoir-Morganton, NC",2022-03-01,100,209,61,8,378,7327,1459
25860,"Hickory-Lenoir-Morganton, NC",2022-04-01,99,199,39,3,340,7667,1558
25860,"Hickory-Lenoir-Morganton, NC",2022-05-01,83,200,49,4,336,8003,1641
25860,"Hickory-Lenoir-Morganton, NC",2022-06-01,67,137,41,2,247,8250,1708
25860,"Hickory-Lenoir-Morganton, NC",2022-07-01,61,146,41,1,249,8499,1769
25860,"Hickory-Lenoir-Morganton, NC",2022-08-01,78,159,46,2,285,8784,1847
25860,"Hickory-Lenoir-Morganton, NC",2022-09-01,50,117,46,4,217,9001,1897
25860,"Hickory-Lenoir-Morganton, NC",2022-10-01,70,153,54,2,279,9280,1967
25860,"Hickory-Lenoir-Morganton, NC",2022-11-01,63,160,38,4,265,9545,2030
25860,"Hickory-Lenoir-Morganton, NC",2022-12-01,75,140,46,3,264,9809,2105
25860,"Hickory-Lenoir-Morganton, NC",2023-01-01,93,164,44,5,306,10115,2198
25860,"Hickory-Lenoir-Morganton, NC",2023-02-01,62,119,46,4,231,10346,2260
25860,"Hickory-Lenoir-Morganton, NC",2023-03-01,106,187,50,6,349,10695,2366
25860,"Hickory-Lenoir-Morganton, NC",2023-04-01,99,186,54,4,343,11038,2465
25860,"Hickory-Lenoir-Morganton, NC",2023-05-01,76,163,56,8,303,11341,2541
25860,"Hickory-Lenoir-Morganton, NC",2023-06-01,28,62,17,1,108,11449,2569
25860,"Hickory-Lenoir-Morganton, NC",2023-07-01,21,55,9,1,86,11535,2590
25860,"Hickory-Lenoir-Morganton, NC",2023-08-01,67,101,30,6,204,11739,2657
25860,"Hickory-Lenoir-Morganton, NC",2023-09-01,88,147,50,3,288,12027,2745
25860,"Hickory-Lenoir-Morganton, NC",2023-10-01,70,121,44,8,243,12270,2815
25860,"Hickory-Lenoir-Morganton, NC",2023-11-01,95,121,54,5,275,12545,2910
25860,"Hickory-Lenoir-Morganton, NC",2023-12-01,101,136,62,4,303,12848,3011
25860,"Hickory-Lenoir-Morganton, NC",2024-01-01,119,151,54,0,324,13172,3130
25860,"Hickory-Lenoir-Morganton, NC",2024-02-01,90,111,66,9,276,13448,3220
25860,"Hickory-Lenoir-Morganton, NC",2024-03-01,145,147,55,7,354,13802,3365
25860,"Hickory-Lenoir-Morganton, NC",2024-04-01,112,122,47,5,286,14088,3477
25860,"Hickory-Lenoir-Morganton, NC",2024-05-01,113,158,49,7,327,14415,3590
25860,"Hickory-Lenoir-Morganton, NC",2024-06-01,110,172,50,8,340,14755,3700
25860,"Hickory-Lenoir-Morganton, NC",2024-07-01,111,142,44,7,304,15059,3811
25860,"Hickory-Lenoir-Morganton, NC",2024-08-01,84,171,49,12,316,15375,3895
25860,"Hickory-Lenoir-Morganton, NC",2024-09-01,74,130,35,4,243,15618,3969
25860,"Hickory-Lenoir-Morganton, NC",2024-10-01,92,153,34,6,285,15903,4061
25860,"Hickory-Lenoir-Morganton, NC",2024-11-01,93,141,44,4,282,16185,4154
25860,"Hickory-Lenoir-Morganton, NC",2024-12-01,149,163,56,5,373,16558,4303
25860,"Hickory-Lenoir-Morganton, NC",2025-01-01,127,171,64,7,369,16927,4430
25860,"Hickory-Lenoir-Morganton, NC",2025-02-01,101,130,52,4,287,17214,4531
25860,"Hickory-Lenoir-Morganton, NC",2025-03-01,120,123,68,8,319,17533,4651
25860,"Hickory-Lenoir-Morganton, NC",2025-04-01,136,155,53,2,346,17879,4787
25860,"Hickory-Lenoir-Morganton, NC",2025-05-01,154,163,46,6,369,18248,4941
25860,"Hickory-Lenoir-Morganton, NC",2025-06-01,127,178,54,8,367,18615,5068
25860,"Hickory-Lenoir-Morganton, NC",2025-07-01,140,154,49,4,347,18962,5208
25860,"Hickory-Lenoir-Morganton, NC",2025-08-01,86,117,49,8,260,19222,5294
25860,"Hickory-Lenoir-Morganton, NC",2025-09-01,2,1,2,0,5,19227,5296
36830,"Othello, WA",2019-08-01,0,1,0,0,1,1,0
36830,"Othello, WA",2019-11-01,0,0,1,0,1,2,0
36830,"Othello, WA",2020-01-01,0,1,0,0,1,3,0
36830,"Othello, WA",2020-03-01,1,0,1,0,2,5,1
36830,"Othello, WA",2020-04-01,1,0,0,0,1,6,2
36830,"Othello, WA",2020-06-01,1,1,0,0,2,8,3
36830,"Othello, WA",2020-07-01,0,2,1,0,3,11,3
36830,"Othello, WA",2020-08-01,0,3,1,0,4,15,3
36830,"Othello, WA",2020-09-01,1,0,0,0,1,16,4
36830,"Othello, WA",2020-10-01,0,3,0,0,3,19,4
36830,"Othello, WA",2020-11-01,1,2,0,0,3,22,5
36830,"Othello, WA",2020-12-01,0,3,0,0,3,25,5
36830,"Othello, WA",2021-02-01,1,3,0,0,4,29,6
36830,"Othello, WA",2021-03-01,1,3,0,0,4,33,7
36830,"Othello, WA",2021-05-01,1,7,2,0,10,43,8
36830,"Othello, WA",2021-06-01,5,6,0,0,11,54,13
36830,"Othello, WA",2021-07-01,0,3,0,0,3,57,13
36830,"Othello, WA",2021-08-01,2,1,0,0,3,60,15
36830,"Othello, WA",2021-09-01,0,1,1,0,2,62,15
36830,"Othello, WA",2021-10-01,0,2,0,1,3,65,15
36830,"Othello, WA",2021-11-01,1,2,4,0,7,72,16
36830,"Othello, WA",2021-12-01,2,4,0,0,6,78,18
36830,"Othello, WA",2022-01-01,3,6,2,0,11,89,21
36830,"Othello, WA",2022-02-01,2,4,1,0,7,96,23
36830,"Othello, WA",2022-03-01,0,6,1,0,7,103,23
36830,"Othello, WA",2022-04-01,2,10,0,0,12,115,25
36830,"Othello, WA",2022-05-01,3,3,0,0,6,121,28
36830,"Othello, WA",2022-06-01,0,1,2,0,3,124,28
36830,"Othello, WA",2022-07-01,4,4,2,0,10,134,32
36830,"Othello, WA",2022-08-01,0,1,0,0,1,135,32
36830,"Othello, WA",2022-09-01,1,4,1,0,6,141,33
36830,"Othello, WA",2022-10-01,3,6,0,0,9,150,36
36830,"Othello, WA",2022-11-01,2,3,2,0,7,157,38
36830,"Othello, WA",2022-12-01,3,3,1,0,7,164,41
36830,"Othello, WA",2023-01-01,2,9,2,0,13,177,43
36830,"Othello, WA",2023-02-01,2,6,0,0,8,185,45
36830,"Othello, WA",2023-03-01,5,6,1,0,12,197,50
36830,"Othello, WA",2023-04-01,4,7,1,0,12,209,54
36830,"Othello, WA",2023-05-01,1,5,0,0,6,215,55
36830,"Othello, WA",2023-06-01,2,7,3,0,12,227,57
36830,"Othello, WA",2023-07-01,4,5,0,0,9,236,61
36830,"Othello, WA",2023-08-01,0,1,3,0,4,240,61
36830,"Othello, WA",2023-09-01,4,4,1,0,9,249,65
36830,"Othello, WA",2023-10-01,1,5,0,0,6,255,66
36830,"Othello, WA",2023-11-01,7,5,1,1,14,269,73
36830,"Othello, WA",2023-12-01,0,8,2,0,10,279,73
36830,"Othello, WA",2024-01-01,9,3,4,0,16,295,82
36830,"Othello, WA",2024-02-01,3,8,1,0,12,307,85
36830,"Othello, WA",2024-03-01,2,3,0,1,6,313,87
36830,"Othello, WA",2024-04-01,4,2,0,0,6,319,91
36830,"Othello, WA",2024-05-01,3,3,2,0,8,327,94
36830,"Othello, WA",2024-06-01,3,2,2,0,7,334,97
36830,"Othello, WA",2024-07-01,5,7,0,0,12,346,102
36830,"Othello, WA",2024-08-01,4,8,3,0,15,361,106
36830,"Othello, WA",2024-09-01,1,5,0,0,6,367,107
36830,"Othello, WA",2024-10-01,5,8,2,0,15,382,112
36830,"Othello, WA",2024-11-01,6,4,1,0,11,393,118
36830,"Othello, WA",2024-12-01,2,5,2,0,9,402,120
36830,"Othello, WA",2025-01-01,7,9,5,0,21,423,127
36830,"Othello, WA",2025-02-01,5,1,0,0,6,429,132
36830,"Othello, WA",2025-03-01,2,4,1,0,7,436,134
36830,"Othello, WA",2025-04-01,7,4,1,1,13,449,141
36830,"Othello, WA",2025-05-01,8,11,2,0,21,470,149
36830,"Othello, WA",2025-06-01,4,4,3,0,11,481,153
36830,"Othello, WA",2025-07-01,6,7,0,0,13,494,159
36830,"Othello, WA",2025-08-01,10,4,1,0,15,509,169
36830,"Othello, WA",2025-09-01,1,0,0,0,1,510,170
30700,"Lincoln, NE",2019-01-01,1,50,14,2,67,67,1
30700,"Lincoln, NE",2019-02-01,3,48,14,1,66,133,4
30700,"Lincoln, NE",2019-03-01,4,67,16,3,90,223,8
30700,"Lincoln, NE",2019-04-01,4,80,23,1,108,331,12
30700,"Lincoln, NE",2019-05-01,6,95,16,2,119,450,18
30700,"Lincoln, NE",2019-06-01,7,61,19,2,89,539,25
30700,"Lincoln, NE",2019-07-01,7,73,12,3,95,634,32
30700,"Lincoln, NE",2019-08-01,7,63,9,1,80,714,39
30700,"Lincoln, NE",2019-09-01,11,60,16,3,90,804,50
30700,"Lincoln, NE",2019-10-01,6,61,11,0,78,882,56
30700,"Lincoln, NE",2019-11-01,12,65,13,1,91,973,68
30700,"Lincoln, NE",2019-12-01,13,61,8,1,83,1056,81
30700,"Lincoln, NE",2020-01-01,19,74,18,0,111,1167,100
30700,"Lincoln, NE",2020-02-01,19,74,10,3,106,1273,119
30700,"Lincoln, NE",2020-03-01,18,102,27,1,148,1421,137
30700,"Lincoln, NE",2020-04-01,135,284,65,7,491,1912,272
30700,"Lincoln, NE",2020-05-01,146,249,36,5,436,2348,418
30700,"Lincoln, NE",2020-06-01,134,280,23,3,440,2788,552
30700,"Lincoln, NE",2020-07-01,118,244,30,6,398,3186,670
30700,"Lincoln, NE",2020-08-01,107,260,46,3,416,3602,777
30700,"Lincoln, NE",2020-09-01,112,234,41,5,392,3994,889
30700,"Lincoln, NE",2020-10-01,92,221,47,2,362,4356,981
30700,"Lincoln, NE",2020-11-01,73,147,27,5,252,4608,1054
30700,"Lincoln, NE",2020-12-01,66,92,15,2,175,4783,1120
30700,"Lincoln, NE",2021-01-01,164,246,49,4,463,5246,1284
30700,"Lincoln, NE",2021-02-01,167,246,33,7,453,5699,1451
30700,"Lincoln, NE",2021-03-01,175,233,54,3,465,6164,1626
30700,"Lincoln, NE",2021-04-01,132,198,37,9,376,6540,1758
30700,"Lincoln, NE",2021-05-01,85,161,36,2,284,6824,1843
30700,"Lincoln, NE",2021-06-01,99,205,36,4,344,7168,1942
30700,"Lincoln, NE",2021-07-01,68,105,28,3,204,7372,2010
30700,"Lincoln, NE",2021-08-01,120,195,48,11,374,7746,2130
30700,"Lincoln, NE",2021-09-01,134,233,66,5,438,8184,2264
30700,"Lincoln, NE",2021-10-01,99,138,41,1,279,8463,2363
30700,"Lincoln, NE",2021-11-01,110,156,45,2,313,8776,2473
30700,"Lincoln, NE",2021-12-01,157,211,56,8,432,9208,2630
30700,"Lincoln, NE",2022-01-01,228,277,64,4,573,9781,2858
30700,"Lincoln, NE",2022-02-01,160,180,52,0,392,10173,3018
30700,"Lincoln, NE",2022-03-01,160,223,49,3,435,10608,3178
30700,"Lincoln, NE",2022-04-01,104,178,44,7,333,10941,3282
30700,"Lincoln, NE",2022-05-01,142,192,42,4,380,11321,3424
30700,"Lincoln, NE",2022-06-01,72,86,17,0,175,11496,3496
30700,"Lincoln, NE",2022-07-01,92,123,25,2,242,11738,3588
30700,"Lincoln, NE",2022-08-01,100,129,28,3,260,11998,3688
30700,"Lincoln, NE",2022-09-01,121,152,52,5,330,12328,3809
30700,"Lincoln, NE",2022-10-01,126,150,39,7,322,12650,3935
30700,"Lincoln, NE",2022-11-01,119,134,29,5,287,12937,4054
30700,"Lincoln, NE",2022-12-01,137,160,46,2,345,13282,4191
30700,"Lincoln, NE",2023-01-01,124,191,32,2,349,13631,4315
30700,"Lincoln, NE",2023-02-01,123,146,48,3,320,13951,4438
30700,"Lincoln, NE",2023-03-01,149,185,50,5,389,14340,4587
30700,"Lincoln, NE",2023-04-01,114,149,30,2,295,14635,4701
30700,"Lincoln, NE",2023-05-01,83,101,21,1,206,14841,4784
30700,"Lincoln, NE",2023-06-01,40,48,10,0,98,14939,4824
30700,"Lincoln, NE",2023-07-01,36,53,10,2,101,15040,4860
30700,"Lincoln, NE",2023-08-01,120,133,45,3,301,15341,4980
30700,"Lincoln, NE",2023-09-01,151,162,35,3,351,15692,5131
30700,"Lincoln, NE",2023-10-01,115,144,41,2,302,15994,5246
30700,"Lincoln, NE",2023-11-01,139,152,61,2,354,16348,5385
30700,"Lincoln, NE",2023-12-01,169,173,32,2,376,16724,5554
30700,"Lincoln, NE",2024-01-01,151,156,45,4,356,17080,5705
30700,"Lincoln, NE",2024-02-01,148,100,35,4,287,17367,5853
30700,"Lincoln, NE",2024-03-01,169,133,41,1,344,17711,6022
30700,"Lincoln, NE",2024-04-01,143,133,42,1,319,18030,6165
30700,"Lincoln, NE",2024-05-01,219,172,43,5,439,18469,6384
30700,"Lincoln, NE",2024-06-01,187,195,58,4,444,18913,6571
30700,"Lincoln, NE",2024-07-01,159,186,40,7,392,19305,6730
30700,"Lincoln, NE",2024-08-01,156,163,44,3,366,19671,6886
30700,"Lincoln, NE",2024-09-01,126,120,45,3,294,19965,7012
30700,"Lincoln, NE",2024-10-01,152,180,50,3,385,20350,7164
30700,"Lincoln, NE",2024-11-01,162,137,46,2,347,20697,7326
30700,"Lincoln, NE",2024-12-01,147,131,40,2,320,21017,7473
30700,"Lincoln, NE",2025-01-01,163,166,51,6,386,21403,7636
30700,"Lincoln, NE",2025-02-01,209,134,38,3,384,21787,7845
30700,"Lincoln, NE",2025-03-01,196,178,41,2,417,22204,8041
30700,"Lincoln, NE",2025-04-01,150,146,38,3,337,22541,8191
30700,"Lincoln, NE",2025-05-01,180,137,33,5,355,22896,8371
30700,"Lincoln, NE",2025-06-01,172,144,31,4,351,23247,8543
30700,"Lincoln, NE",2025-07-01,170,116,35,1,322,23569,8713
30700,"Lincoln, NE",2025-08-01,115,127,39,4,285,23854,8828
30700,"Lincoln, NE",2025-09-01,9,5,2,0,16,23870,8837
45580,"Thomaston, GA",2019-02-01,0,1,0,0,1,1,0
45580,"Thomaston, GA",2019-03-01,0,2,0,0,2,3,0
45580,"Thomaston, GA",2019-04-01,0,1,1,0,2,5,0
45580,"Thomaston, GA",2019-05-01,0,3,1,0,4,9,0
45580,"Thomaston, GA",2019-06-01,0,2,0,0,2,11,0
45580,"Thomaston, GA",2019-07-01,0,1,2,0,3,14,0
45580,"Thomaston, GA",2019-08-01,0,0,1,0,1,15,0
45580,"Thomaston, GA",2019-09-01,0,0,1,0,1,16,0
45580,"Thomaston, GA",2019-10-01,1,1,1,0,3,19,1
45580,"Thomaston, GA",2019-11-01,1,0,0,0,1,20,2
45580,"Thomaston, GA",2019-12-01,0,0,1,0,1,21,2
45580,"Thomaston, GA",2020-01-01,1,4,0,0,5,26,3
45580,"Thomaston, GA",2020-02-01,0,3,1,0,4,30,3
45580,"Thomaston, GA",2020-03-01,0,0,2,0,2,32,3
45580,"Thomaston, GA",2020-04-01,1,4,0,0,5,37,4
45580,"Thomaston, GA",2020-05-01,2,5,2,0,9,46,6
45580,"Thomaston, GA",2020-06-01,3,6,3,1,13,59,9
45580,"Thomaston, GA",2020-07-01,2,11,1,0,14,73,11
45580,"Thomaston, GA",2020-08-01,2,10,3,0,15,88,13
45580,"Thomaston, GA",2020-09-01,2,15,0,1,18,106,15
45580,"Thomaston, GA",2020-10-01,1,12,2,0,15,121,16
45580,"Thomaston, GA",2020-11-01,1,17,2,0,20,141,17
45580,"Thomaston, GA",2020-12-01,4,17,4,0,25,166,21
45580,"Thomaston, GA",2021-01-01,7,16,5,0,28,194,28
45580,"Thomaston, GA",2021-02-01,10,28,5,1,44,238,38
45580,"Thomaston, GA",2021-03-01,6,21,2,0,29,267,44
45580,"Thomaston, GA",2021-04-01,2,28,8,1,39,306,46
45580,"Thomaston, GA",2021-05-01,4,34,14,1,53,359,50
45580,"Thomaston, GA",2021-06-01,3,35,6,0,44,403,53
45580,"Thomaston, GA",2021-07-01,8,38,11,1,58,461,61
45580,"Thomaston, GA",2021-08-01,11,29,8,1,49,510,72
45580,"Thomaston, GA",2021-09-01,11,26,4,1,42,552,83
45580,"Thomaston, GA",2021-10-01,5,21,6,0,32,584,88
45580,"Thomaston, GA",2021-11-01,4,19,7,0,30,614,92
45580,"Thomaston, GA",2021-12-01,14,23,6,0,43,657,106
45580,"Thomaston, GA",2022-01-01,5,17,5,1,28,685,111
45580,"Thomaston, GA",2022-02-01,7,15,3,0,25,710,118
45580,"Thomaston, GA",2022-03-01,6,24,8,0,38,748,124
45580,"Thomaston, GA",2022-04-01,6,16,5,1,28,776,130
45580,"Thomaston, GA",2022-05-01,7,26,5,0,38,814,137
45580,"Thomaston, GA",2022-06-01,6,12,3,0,21,835,143
45580,"Thomaston, GA",2022-07-01,8,19,5,1,33,868,151
45580,"Thomaston, GA",2022-08-01,3,24,6,2,35,903,154
45580,"Thomaston, GA",2022-09-01,6,18,5,0,29,932,160
45580,"Thomaston, GA",2022-10-01,5,26,5,1,37,969,165
45580,"Thomaston, GA",2022-11-01,16,26,3,0,45,1014,181
45580,"Thomaston, GA",2022-12-01,11,17,6,1,35,1049,192
45580,"Thomaston, GA",2023-01-01,8,19,6,2,35,1084,200
45580,"Thomaston, GA",2023-02-01,6,10,5,0,21,1105,206
45580,"Thomaston, GA",2023-03-01,15,36,7,0,58,1163,221
45580,"Thomaston, GA",2023-04-01,13,21,12,1,47,1210,234
45580,"Thomaston, GA",2023-05-01,13,23,6,0,42,1252,247
45580,"Thomaston, GA",2023-06-01,5,18,5,0,28,1280,252
45580,"Thomaston, GA",2023-07-01,13,15,9,0,37,1317,265
45580,"Thomaston, GA",2023-08-01,5,10,4,0,19,1336,270
45580,"Thomaston, GA",2023-09-01,8,19,5,0,32,1368,278
45580,"Thomaston, GA",2023-10-01,9,18,4,1,32,1400,287
45580,"Thomaston, GA",2023-11-01,13,15,6,0,34,1434,300
45580,"Thomaston, GA",2023-12-01,10,20,2,0,32,1466,310
45580,"Thomaston, GA",2024-01-01,16,20,11,0,47,1513,326
45580,"Thomaston, GA",2024-02-01,16,19,6,1,42,1555,342
45580,"Thomaston, GA",2024-03-01,17,16,6,2,41,1596,359
45580,"Thomaston, GA",2024-04-01,12,25,13,2,52,1648,371
45580,"Thomaston, GA",2024-05-01,12,21,0,0,33,1681,383
45580,"Thomaston, GA",2024-06-01,6,10,4,0,20,1701,389
45580,"Thomaston, GA",2024-07-01,4,13,3,0,20,1721,393
45580,"Thomaston, GA",2024-08-01,10,29,8,0,47,1768,403
45580,"Thomaston, GA",2024-09-01,6,24,7,0,37,1805,409
45580,"Thomaston, GA",2024-10-01,8,32,7,0,47,1852,417
45580,"Thomaston, GA",2024-11-01,7,17,7,0,31,1883,424
45580,"Thomaston, GA",2024-12-01,10,22,7,2,41,1924,434
45580,"Thomaston, GA",2025-01-01,13,10,10,0,33,1957,447
45580,"Thomaston, GA",2025-02-01,16,16,5,0,37,1994,463
45580,"Thomaston, GA",2025-03-01,10,19,10,1,40,2034,473
45580,"Thomaston, GA",2025-04-01,13,27,12,0,52,2086,486
45580,"Thomaston, GA",2025-05-01,10,24,2,0,36,2122,496
45580,"Thomaston, GA",2025-06-01,14,28,8,0,50,2172,510
45580,"Thomaston, GA",2025-07-01,11,20,6,1,38,2210,521
45580,"Thomaston, GA",2025-08-01,11,15,10,1,37,2247,532
45580,"Thomaston, GA",2025-09-01,0,1,0,0,1,2248,532
23940,"Gillette, WY",2019-01-01,0,0,1,0,1,1,0
23940,"Gillette, WY",2019-03-01,0,2,1,0,3,4,0
23940,"Gillette, WY",2019-04-01,1,7,3,0,11,15,1
23940,"Gillette, WY",2019-05-01,1,11,1,0,13,28,2
23940,"Gillette, WY",2019-06-01,1,16,3,0,20,48,3
23940,"Gillette, WY",2019-07-01,1,6,3,0,10,58,4
23940,"Gillette, WY",2019-08-01,1,15,1,0,17,75,5
23940,"Gillette, WY",2019-09-01,0,20,1,0,21,96,5
23940,"Gillette, WY",2019-10-01,2,8,2,0,12,108,7
23940,"Gillette, WY",2019-11-01,1,15,3,0,19,127,8
23940,"Gillette, WY",2019-12-01,1,9,0,0,10,137,9
23940,"Gillette, WY",2020-01-01,0,8,1,0,9,146,9
23940,"Gillette, WY",2020-02-01,3,11,4,1,19,165,12
23940,"Gillette, WY",2020-03-01,3,10,1,0,14,179,15
23940,"Gillette, WY",2020-04-01,8,18,5,0,31,210,23
23940,"Gillette, WY",2020-05-01,15,19,3,0,37,247,38
23940,"Gillette, WY",2020-06-01,9,14,1,0,24,271,47
23940,"Gillette, WY",2020-07-01,7,10,2,0,19,290,54
23940,"Gillette, WY",2020-08-01,5,16,1,1,23,313,59
23940,"Gillette, WY",2020-09-01,3,14,2,0,19,332,62
23940,"Gillette, WY",2020-10-01,7,14,3,0,24,356,69
23940,"Gillette, WY",2020-11-01,2,16,5,0,23,379,71
23940,"Gillette, WY",2020-12-01,10,17,4,1,32,411,81
23940,"Gillette, WY",2021-01-01,8,17,7,1,33,444,89
23940,"Gillette, WY",2021-02-01,8,19,3,0,30,474,97
23940,"Gillette, WY",2021-03-01,8,25,4,0,37,511,105
23940,"Gillette, WY",2021-04-01,5,16,4,0,25,536,110
23940,"Gillette, WY",2021-05-01,13,38,14,1,66,602,123
23940,"Gillette, WY",2021-06-01,11,17,5,1,34,636,134
23940,"Gillette, WY",2021-07-01,4,29,8,0,41,677,138
23940,"Gillette, WY",2021-08-01,10,17,8,2,37,714,148
23940,"Gillette, WY",2021-09-01,14,24,7,1,46,760,162
23940,"Gillette, WY",2021-10-01,10,26,11,3,50,810,172
23940,"Gillette, WY",2021-11-01,10,19,7,0,36,846,182
23940,"Gillette, WY",2021-12-01,19,26,7,1,53,899,201
23940,"Gillette, WY",2022-01-01,14,31,10,0,55,954,215
23940,"Gillette, WY",2022-02-01,15,20,8,0,43,997,230
23940,"Gillette, WY",2022-03-01,13,33,11,0,57,1054,243
23940,"Gillette, WY",2022-04-01,20,28,7,0,55,1109,263
23940,"Gillette, WY",2022-05-01,15,22,8,0,45,1154,278
23940,"Gillette, WY",2022-06-01,11,22,4,2,39,1193,289
23940,"Gillette, WY",2022-07-01,12,19,7,1,39,1232,301
23940,"Gillette, WY",2022-08-01,11,19,3,0,33,1265,312
23940,"Gillette, WY",2022-09-01,13,32,8,3,56,1321,325
23940,"Gillette, WY",2022-10-01,23,18,8,0,49,1370,348
23940,"Gillette, WY",2022-11-01,20,19,6,0,45,1415,368
23940,"Gillette, WY",2022-12-01,15,15,10,1,41,1456,383
23940,"Gillette, WY",2023-01-01,12,41,7,1,61,1517,395
23940,"Gillette, WY",2023-02-01,20,22,14,0,56,1573,415
23940,"Gillette, WY",2023-03-01,22,30,7,2,61,1634,437
23940,"Gillette, WY",2023-04-01,13,25,9,0,47,1681,450
23940,"Gillette, WY",2023-05-01,10,16,8,0,34,1715,460
23940,"Gillette, WY",2023-06-01,11,16,6,0,33,1748,471
23940,"Gillette, WY",2023-07-01,18,20,11,0,49,1797,489
23940,"Gillette, WY",2023-08-01,13,14,7,1,35,1832,502
23940,"Gillette, WY",2023-09-01,19,20,5,2,46,1878,521
23940,"Gillette, WY",2023-10-01,12,24,13,1,50,1928,533
23940,"Gillette, WY",2023-11-01,14,27,5,1,47,1975,547
23940,"Gillette, WY",2023-12-01,21,18,7,1,47,2022,568
23940,"Gillette, WY",2024-01-01,24,25,9,0,58,2080,592
23940,"Gillette, WY",2024-02-01,17,20,8,0,45,2125,609
23940,"Gillette, WY",2024-03-01,13,22,7,0,42,2167,622
23940,"Gillette, WY",2024-04-01,13,24,11,2,50,2217,635
23940,"Gillette, WY",2024-05-01,17,26,4,0,47,2264,652
23940,"Gillette, WY",2024-06-01,4,13,3,0,20,2284,656
23940,"Gillette, WY",2024-07-01,7,17,5,0,29,2313,663
23940,"Gillette, WY",2024-08-01,24,25,10,1,60,2373,687
23940,"Gillette, WY",2024-09-01,23,38,13,0,74,2447,710
23940,"Gillette, WY",2024-10-01,33,56,6,0,95,2542,743
23940,"Gillette, WY",2024-11-01,32,31,11,0,74,2616,775
23940,"Gillette, WY",2024-12-01,29,34,12,2,77,2693,804
23940,"Gillette, WY",2025-01-01,25,48,14,0,87,2780,829
23940,"Gillette, WY",2025-02-01,25,29,12,0,66,2846,854
23940,"Gillette, WY",2025-03-01,28,31,4,0,63,2909,882
23940,"Gillette, WY",2025-04-01,20,22,5,2,49,2958,902
23940,"Gillette, WY",2025-05-01,26,19,7,0,52,3010,928
23940,"Gillette, WY",2025-06-01,35,25,9,0,69,3079,963
23940,"Gillette, WY",2025-07-01,27,15,5,2,49,3128,990
23940,"Gillette, WY",2025-08-01,36,15,8,1,60,3188,1026
23940,"Gillette, WY",2025-09-01,3,0,0,0,3,3191,1029
42700,"Sebring, FL",2019-01-01,0,4,1,0,5,5,0
42700,"Sebring, FL",2019-02-01,0,3,1,0,4,9,0
42700,"Sebring, FL",2019-03-01,0,7,2,0,9,18,0
42700,"Sebring, FL",2019-04-01,0,6,1,1,8,26,0
42700,"Sebring, FL",2019-05-01,1,10,8,1,20,46,1
42700,"Sebring, FL",2019-06-01,0,13,7,3,23,69,1
42700,"Sebring, FL",2019-07-01,3,11,5,0,19,88,4
42700,"Sebring, FL",2019-08-01,0,17,3,0,20,108,4
42700,"Sebring, FL",2019-09-01,0,9,1,0,10,118,4
42700,"Sebring, FL",2019-10-01,1,14,3,1,19,137,5
42700,"Sebring, FL",2019-11-01,1,11,7,1,20,157,6
42700,"Sebring, FL",2019-12-01,1,8,4,0,13,170,7
42700,"Sebring, FL",2020-01-01,0,9,8,2,19,189,7
42700,"Sebring, FL",2020-02-01,4,13,4,2,23,212,11
42700,"Sebring, FL",2020-03-01,5,29,8,2,44,256,16
42700,"Sebring, FL",2020-04-01,6,33,15,2,56,312,22
42700,"Sebring, FL",2020-05-01,8,45,21,2,76,388,30
42700,"Sebring, FL",2020-06-01,6,21,7,1,35,423,36
42700,"Sebring, FL",2020-07-01,12,27,15,0,54,477,48
42700,"Sebring, FL",2020-08-01,12,35,9,1,57,534,60
42700,"Sebring, FL",2020-09-01,13,33,11,1,58,592,73
42700,"Sebring, FL",2020-10-01,6,36,6,1,49,641,79
42700,"Sebring, FL",2020-11-01,5,15,6,1,27,668,84
42700,"Sebring, FL",2020-12-01,7,30,13,2,52,720,91
42700,"Sebring, FL",2021-01-01,12,43,11,1,67,787,103
42700,"Sebring, FL",2021-02-01,13,35,8,3,59,846,116
42700,"Sebring, FL",2021-03-01,7,46,14,4,71,917,123
42700,"Sebring, FL",2021-04-01,21,55,19,8,103,1020,144
42700,"Sebring, FL",2021-05-01,17,54,21,1,93,1113,161
42700,"Sebring, FL",2021-06-01,24,51,22,4,101,1214,185
42700,"Sebring, FL",2021-07-01,16,55,21,2,94,1308,201
42700,"Sebring, FL",2021-08-01,20,43,20,3,86,1394,221
42700,"Sebring, FL",2021-09-01,11,40,10,5,66,1460,232
42700,"Sebring, FL",2021-10-01,10,29,11,2,52,1512,242
42700,"Sebring, FL",2021-11-01,5,39,11,1,56,1568,247
42700,"Sebring, FL",2021-12-01,8,37,12,1,58,1626,255
42700,"Sebring, FL",2022-01-01,25,58,16,1,100,1726,280
42700,"Sebring, FL",2022-02-01,9,24,11,3,47,1773,289
42700,"Sebring, FL",2022-03-01,17,42,25,3,87,1860,306
42700,"Sebring, FL",2022-04-01,11,36,17,0,64,1924,317
42700,"Sebring, FL",2022-05-01,22,49,18,1,90,2014,339
42700,"Sebring, FL",2022-06-01,21,41,12,2,76,2090,360
42700,"Sebring, FL",2022-07-01,15,31,6,5,57,2147,375
42700,"Sebring, FL",2022-08-01,21,43,21,8,93,2240,396
42700,"Sebring, FL",2022-09-01,14,32,17,2,65,2305,410
42700,"Sebring, FL",2022-10-01,23,39,20,1,83,2388,433
42700,"Sebring, FL",2022-11-01,19,35,9,1,64,2452,452
42700,"Sebring, FL",2022-12-01,13,38,16,3,70,2522,465
42700,"Sebring, FL",2023-01-01,21,26,13,4,64,2586,486
42700,"Sebring, FL",2023-02-01,14,24,9,1,48,2634,500
42700,"Sebring, FL",2023-03-01,24,44,27,6,101,2735,524
42700,"Sebring, FL",2023-04-01,13,30,8,2,53,2788,537
42700,"Sebring, FL",2023-05-01,12,19,4,0,35,2823,549
42700,"Sebring, FL",2023-06-01,16,22,9,0,47,2870,565
42700,"Sebring, FL",2023-07-01,10,23,9,1,43,2913,575
42700,"Sebring, FL",2023-08-01,16,27,12,2,57,2970,591
42700,"Sebring, FL",2023-09-01,23,39,20,2,84,3054,614
42700,"Sebring, FL",2023-10-01,13,29,14,1,57,3111,627
42700,"Sebring, FL",2023-11-01,13,33,5,3,54,3165,640
42700,"Sebring, FL",2023-12-01,22,35,10,1,68,3233,662
42700,"Sebring, FL",2024-01-01,23,28,20,2,73,3306,685
42700,"Sebring, FL",2024-02-01,15,36,19,1,71,3377,700
42700,"Sebring, FL",2024-03-01,33,42,15,1,91,3468,733
42700,"Sebring, FL",2024-04-01,19,45,16,2,82,3550,752
42700,"Sebring, FL",2024-05-01,20,33,14,0,67,3617,772
42700,"Sebring, FL",2024-06-01,7,23,10,2,42,3659,779
42700,"Sebring, FL",2024-07-01,3,14,4,0,21,3680,782
42700,"Sebring, FL",2024-08-01,2,8,7,1,18,3698,784
42700,"Sebring, FL",2024-09-01,5,8,6,1,20,3718,789
42700,"Sebring, FL",2024-10-01,6,15,5,0,26,3744,795
42700,"Sebring, FL",2024-11-01,11,19,4,1,35,3779,806
42700,"Sebring, FL",2024-12-01,19,36,15,0,70,3849,825
42700,"Sebring, FL",2025-01-01,21,25,14,1,61,3910,846
42700,"Sebring, FL",2025-02-01,15,22,11,0,48,3958,861
42700,"Sebring, FL",2025-03-01,20,40,21,1,82,4040,881
42700,"Sebring, FL",2025-04-01,20,34,11,1,66,4106,901
42700,"Sebring, FL",2025-05-01,19,37,12,0,68,4174,920
42700,"Sebring, FL",2025-06-01,25,29,7,2,63,4237,945
42700,"Sebring, FL",2025-07-01,20,33,9,0,62,4299,965
42700,"Sebring, FL",2025-08-01,11,26,12,0,49,4348,976
42700,"Sebring, FL",2025-09-01,1,2,0,0,3,4351,977
17820,"Colorado Springs, CO",2019-01-01,9,204,38,4,255,255,9
17820,"Colorado Springs, CO",2019-02-01,8,227,36,7,278,533,17
17820,"Colorado Springs, CO",2019-03-01,12,260,55,3,330,863,29
17820,"Colorado Springs, CO",2019-04-01,23,298,50,4,375,1238,52
17820,"Colorado Springs, CO",2019-05-01,20,396,57,1,474,1712,72
17820,"Colorado Springs, CO",2019-06-01,39,398,54,4,495,2207,111
17820,"Colorado Springs, CO",2019-07-01,29,285,51,6,371,2578,140
17820,"Colorado Springs, CO",2019-08-01,24,394,70,2,490,3068,164
17820,"Colorado Springs, CO",2019-09-01,29,341,46,5,421,3489,193
17820,"Colorado Springs, CO",2019-10-01,34,329,65,11,439,3928,227
17820,"Colorado Springs, CO",2019-11-01,38,340,48,4,430,4358,265
17820,"Colorado Springs, CO",2019-12-01,25,235,40,3,303,4661,290
17820,"Colorado Springs, CO",2020-01-01,29,291,46,5,371,5032,319
17820,"Colorado Springs, CO",2020-02-01,55,316,67,6,444,5476,374
17820,"Colorado Springs, CO",2020-03-01,93,439,103,12,647,6123,467
17820,"Colorado Springs, CO",2020-04-01,211,826,151,14,1202,7325,678
17820,"Colorado Springs, CO",2020-05-01,393,938,142,13,1486,8811,1071
17820,"Colorado Springs, CO",2020-06-01,236,697,77,4,1014,9825,1307
17820,"Colorado Springs, CO",2020-07-01,219,910,109,9,1247,11072,1526
17820,"Colorado Springs, CO",2020-08-01,199,932,145,13,1289,12361,1725
17820,"Colorado Springs, CO",2020-09-01,212,818,110,6,1146,13507,1937
17820,"Colorado Springs, CO",2020-10-01,201,837,103,11,1152,14659,2138
17820,"Colorado Springs, CO",2020-11-01,74,373,36,4,487,15146,2212
17820,"Colorado Springs, CO",2020-12-01,61,223,44,4,332,15478,2273
17820,"Colorado Springs, CO",2021-01-01,180,553,79,15,827,16305,2453
17820,"Colorado Springs, CO",2021-02-01,106,337,42,6,491,16796,2559
17820,"Colorado Springs, CO",2021-03-01,255,626,108,14,1003,17799,2814
17820,"Colorado Springs, CO",2021-04-01,299,780,125,13,1217,19016,3113
17820,"Colorado Springs, CO",2021-05-01,293,902,133,10,1338,20354,3406
17820,"Colorado Springs, CO",2021-06-01,317,1013,147,9,1486,21840,3723
17820,"Colorado Springs, CO",2021-07-01,268,843,122,9,1242,23082,3991
17820,"Colorado Springs, CO",2021-08-01,200,675,118,16,1009,24091,4191
17820,"Colorado Springs, CO",2021-09-01,198,747,137,11,1093,25184,4389
17820,"Colorado Springs, CO",2021-10-01,138,474,91,13,716,25900,4527
17820,"Colorado Springs, CO",2021-11-01,115,394,70,3,582,26482,4642
17820,"Colorado Springs, CO",2021-12-01,226,552,78,8,864,27346,4868
17820,"Colorado Springs, CO",2022-01-01,346,803,180,15,1344,28690,5214
17820,"Colorado Springs, CO",2022-02-01,283,563,136,15,997,29687,5497
17820,"Colorado Springs, CO",2022-03-01,274,664,134,11,1083,30770,5771
17820,"Colorado Springs, CO",2022-04-01,181,404,74,6,665,31435,5952
17820,"Colorado Springs, CO",2022-05-01,227,479,92,1,799,32234,6179
17820,"Colorado Springs, CO",2022-06-01,165,294,61,7,527,32761,6344
17820,"Colorado Springs, CO",2022-07-01,193,316,59,8,576,33337,6537
17820,"Colorado Springs, CO",2022-08-01,320,634,149,10,1113,34450,6857
17820,"Colorado Springs, CO",2022-09-01,233,561,110,12,916,35366,7090
17820,"Colorado Springs, CO",2022-10-01,187,413,88,10,698,36064,7277
17820,"Colorado Springs, CO",2022-11-01,236,501,111,14,862,36926,7513
17820,"Colorado Springs, CO",2022-12-01,235,473,102,16,826,37752,7748
17820,"Colorado Springs, CO",2023-01-01,302,526,143,7,978,38730,8050
17820,"Colorado Springs, CO",2023-02-01,241,379,114,13,747,39477,8291
17820,"Colorado Springs, CO",2023-03-01,324,509,148,12,993,40470,8615
17820,"Colorado Springs, CO",2023-04-01,234,391,78,7,710,41180,8849
17820,"Colorado Springs, CO",2023-05-01,193,291,53,3,540,41720,9042
17820,"Colorado Springs, CO",2023-06-01,129,204,47,1,381,42101,9171
17820,"Colorado Springs, CO",2023-07-01,118,196,31,2,347,42448,9289
17820,"Colorado Springs, CO",2023-08-01,119,258,50,9,436,42884,9408
17820,"Colorado Springs, CO",2023-09-01,219,423,93,13,748,43632,9627
17820,"Colorado Springs, CO",2023-10-01,298,458,106,17,879,44511,9925
17820,"Colorado Springs, CO",2023-11-01,311,500,124,5,940,45451,10236
17820,"Colorado Springs, CO",2023-12-01,346,482,119,10,957,46408,10582
17820,"Colorado Springs, CO",2024-01-01,329,538,128,12,1007,47415,10911
17820,"Colorado Springs, CO",2024-02-01,292,404,119,13,828,48243,11203
17820,"Colorado Springs, CO",2024-03-01,297,426,121,5,849,49092,11500
17820,"Colorado Springs, CO",2024-04-01,235,409,91,6,741,49833,11735
17820,"Colorado Springs, CO",2024-05-01,279,492,99,7,877,50710,12014
17820,"Colorado Springs, CO",2024-06-01,119,200,52,2,373,51083,12133
17820,"Colorado Springs, CO",2024-07-01,84,209,54,8,355,51438,12217
17820,"Colorado Springs, CO",2024-08-01,113,240,49,7,409,51847,12330
17820,"Colorado Springs, CO",2024-09-01,75,236,60,8,379,52226,12405
17820,"Colorado Springs, CO",2024-10-01,79,251,55,6,391,52617,12484
17820,"Colorado Springs, CO",2024-11-01,80,243,42,5,370,52987,12564
17820,"Colorado Springs, CO",2024-12-01,89,235,43,7,374,53361,12653
17820,"Colorado Springs, CO",2025-01-01,164,422,91,8,685,54046,12817
17820,"Colorado Springs, CO",2025-02-01,294,449,118,11,872,54918,13111
17820,"Colorado Springs, CO",2025-03-01,220,365,93,10,688,55606,13331
17820,"Colorado Springs, CO",2025-04-01,118,219,49,4,390,55996,13449
17820,"Colorado Springs, CO",2025-05-01,286,392,78,7,763,56759,13735
17820,"Colorado Springs, CO",2025-06-01,286,384,82,8,760,57519,14021
17820,"Colorado Springs, CO",2025-07-01,222,345,81,4,652,58171,14243
17820,"Colorado Springs, CO",2025-08-01,209,356,89,9,663,58834,14452
17820,"Colorado Springs, CO",2025-09-01,7,7,0,0,14,58848,14459
47300,"Visalia, CA",2019-01-01,3,55,16,1,75,75,3
47300,"Visalia, CA",2019-02-01,1,19,6,1,27,102,4
47300,"Visalia, CA",2019-03-01,0,19,1,0,20,122,4
47300,"Visalia, CA",2019-04-01,0,17,4,0,21,143,4
47300,"Visalia, CA",2019-05-01,0,24,1,0,25,168,4
47300,"Visalia, CA",2019-06-01,4,52,10,2,68,236,8
47300,"Visalia, CA",2019-07-01,8,62,9,0,79,315,16
47300,"Visalia, CA",2019-08-01,6,47,17,1,71,386,22
47300,"Visalia, CA",2019-09-01,6,54,12,3,75,461,28
47300,"Visalia, CA",2019-10-01,0,16,1,0,17,478,28
47300,"Visalia, CA",2019-11-01,5,30,6,0,41,519,33
47300,"Visalia, CA",2019-12-01,4,48,9,0,61,580,37
47300,"Visalia, CA",2020-01-01,5,49,11,1,66,646,42
47300,"Visalia, CA",2020-02-01,6,32,10,2,50,696,48
47300,"Visalia, CA",2020-03-01,12,79,20,2,113,809,60
47300,"Visalia, CA",2020-04-01,55,207,43,1,306,1115,115
47300,"Visalia, CA",2020-05-01,67,253,42,4,366,1481,182
47300,"Visalia, CA",2020-06-01,57,179,37,3,276,1757,239
47300,"Visalia, CA",2020-07-01,80,247,55,6,388,2145,319
47300,"Visalia, CA",2020-08-01,69,243,41,6,359,2504,388
47300,"Visalia, CA",2020-09-01,70,251,27,6,354,2858,458
47300,"Visalia, CA",2020-10-01,53,168,39,3,263,3121,511
47300,"Visalia, CA",2020-11-01,31,100,20,3,154,3275,542
47300,"Visalia, CA",2020-12-01,14,52,12,3,81,3356,556
47300,"Visalia, CA",2021-01-01,46,141,32,3,222,3578,602
47300,"Visalia, CA",2021-02-01,28,75,17,0,120,3698,630
47300,"Visalia, CA",2021-03-01,101,234,44,9,388,4086,731
47300,"Visalia, CA",2021-04-01,62,190,25,1,278,4364,793
47300,"Visalia, CA",2021-05-01,37,90,12,1,140,4504,830
47300,"Visalia, CA",2021-06-01,15,67,10,2,94,4598,845
47300,"Visalia, CA",2021-07-01,22,59,11,2,94,4692,867
47300,"Visalia, CA",2021-08-01,37,125,23,0,185,4877,904
47300,"Visalia, CA",2021-09-01,68,238,75,4,385,5262,972
47300,"Visalia, CA",2021-10-01,21,67,8,1,97,5359,993
47300,"Visalia, CA",2021-11-01,7,45,11,1,64,5423,1000
47300,"Visalia, CA",2021-12-01,11,38,6,1,56,5479,1011
47300,"Visalia, CA",2022-01-01,37,107,26,5,175,5654,1048
47300,"Visalia, CA",2022-02-01,31,70,20,3,124,5778,1079
47300,"Visalia, CA",2022-03-01,50,150,37,5,242,6020,1129
47300,"Visalia, CA",2022-04-01,22,69,13,0,104,6124,1151
47300,"Visalia, CA",2022-05-01,11,33,15,0,59,6183,1162
47300,"Visalia, CA",2022-06-01,9,15,9,1,34,6217,1171
47300,"Visalia, CA",2022-07-01,10,26,3,0,39,6256,1181
47300,"Visalia, CA",2022-08-01,114,265,69,4,452,6708,1295
47300,"Visalia, CA",2022-09-01,98,231,50,2,381,7089,1393
47300,"Visalia, CA",2022-10-01,56,115,32,2,205,7294,1449
47300,"Visalia, CA",2022-11-01,67,132,40,3,242,7536,1516
47300,"Visalia, CA",2022-12-01,60,119,27,5,211,7747,1576
47300,"Visalia, CA",2023-01-01,24,90,13,1,128,7875,1600
47300,"Visalia, CA",2023-02-01,35,81,15,4,135,8010,1635
47300,"Visalia, CA",2023-03-01,68,159,34,3,264,8274,1703
47300,"Visalia, CA",2023-04-01,39,80,16,3,138,8412,1742
47300,"Visalia, CA",2023-05-01,27,51,5,0,83,8495,1769
47300,"Visalia, CA",2023-06-01,17,32,7,0,56,8551,1786
47300,"Visalia, CA",2023-07-01,17,41,8,0,66,8617,1803
47300,"Visalia, CA",2023-08-01,8,47,6,0,61,8678,1811
47300,"Visalia, CA",2023-09-01,17,42,7,0,66,8744,1828
47300,"Visalia, CA",2023-10-01,23,36,9,0,68,8812,1851
47300,"Visalia, CA",2023-11-01,24,50,16,0,90,8902,1875
47300,"Visalia, CA",2023-12-01,23,72,10,1,106,9008,1898
47300,"Visalia, CA",2024-01-01,20,55,11,0,86,9094,1918
47300,"Visalia, CA",2024-02-01,28,49,7,1,85,9179,1946
47300,"Visalia, CA",2024-03-01,37,78,5,1,121,9300,1983
47300,"Visalia, CA",2024-04-01,43,74,9,0,126,9426,2026
47300,"Visalia, CA",2024-05-01,41,109,11,1,162,9588,2067
47300,"Visalia, CA",2024-06-01,37,104,10,1,152,9740,2104
47300,"Visalia, CA",2024-07-01,58,103,14,1,176,9916,2162
47300,"Visalia, CA",2024-08-01,30,84,14,2,130,10046,2192
47300,"Visalia, CA",2024-09-01,32,81,9,1,123,10169,2224
47300,"Visalia, CA",2024-10-01,29,84,2,0,115,10284,2253
47300,"Visalia, CA",2024-11-01,37,72,10,0,119,10403,2290
47300,"Visalia, CA",2024-12-01,35,59,12,0,106,10509,2325
47300,"Visalia, CA",2025-01-01,35,64,4,1,104,10613,2360
47300,"Visalia, CA",2025-02-01,38,58,4,0,100,10713,2398
47300,"Visalia, CA",2025-03-01,60,67,5,0,132,10845,2458
47300,"Visalia, CA",2025-04-01,50,73,8,0,131,10976,2508
47300,"Visalia, CA",2025-05-01,77,86,12,1,176,11152,2585
47300,"Visalia, CA",2025-06-01,48,58,9,0,115,11267,2633
47300,"Visalia, CA",2025-07-01,34,39,6,0,79,11346,2667
47300,"Visalia, CA",2025-08-01,31,37,2,0,70,11416,2698
47300,"Visalia, CA",2025-09-01,1,0,0,0,1,11417,2699
40660,"Rome, GA",2019-01-01,0,10,2,0,12,12,0
40660,"Rome, GA",2019-02-01,0,5,4,0,9,21,0
40660,"Rome, GA",2019-03-01,1,23,7,0,31,52,1
40660,"Rome, GA",2019-04-01,4,31,11,0,46,98,5
40660,"Rome, GA",2019-05-01,1,30,5,1,37,135,6
40660,"Rome, GA",2019-06-01,1,15,5,1,22,157,7
40660,"Rome, GA",2019-07-01,1,33,5,0,39,196,8
40660,"Rome, GA",2019-08-01,2,17,5,0,24,220,10
40660,"Rome, GA",2019-09-01,2,21,2,0,25,245,12
40660,"Rome, GA",2019-10-01,3,23,3,0,29,274,15
40660,"Rome, GA",2019-11-01,3,21,5,1,30,304,18
40660,"Rome, GA",2019-12-01,1,16,7,0,24,328,19
40660,"Rome, GA",2020-01-01,3,21,5,1,30,358,22
40660,"Rome, GA",2020-02-01,3,29,7,0,39,397,25
40660,"Rome, GA",2020-03-01,6,32,11,0,49,446,31
40660,"Rome, GA",2020-04-01,7,69,16,2,94,540,38
40660,"Rome, GA",2020-05-01,31,94,21,3,149,689,69
40660,"Rome, GA",2020-06-01,18,59,18,1,96,785,87
40660,"Rome, GA",2020-07-01,19,72,16,1,108,893,106
40660,"Rome, GA",2020-08-01,21,102,20,1,144,1037,127
40660,"Rome, GA",2020-09-01,15,68,23,2,108,1145,142
40660,"Rome, GA",2020-10-01,15,54,12,1,82,1227,157
40660,"Rome, GA",2020-11-01,20,57,10,5,92,1319,177
40660,"Rome, GA",2020-12-01,25,59,14,0,98,1417,202
40660,"Rome, GA",2021-01-01,37,109,25,2,173,1590,239
40660,"Rome, GA",2021-02-01,20,68,18,0,106,1696,259
40660,"Rome, GA",2021-03-01,44,129,19,0,192,1888,303
40660,"Rome, GA",2021-04-01,33,159,39,2,233,2121,336
40660,"Rome, GA",2021-05-01,36,124,31,1,192,2313,372
40660,"Rome, GA",2021-06-01,36,127,25,3,191,2504,408
40660,"Rome, GA",2021-07-01,27,106,20,3,156,2660,435
40660,"Rome, GA",2021-08-01,24,116,24,4,168,2828,459
40660,"Rome, GA",2021-09-01,29,97,27,2,155,2983,488
40660,"Rome, GA",2021-10-01,17,75,26,0,118,3101,505
40660,"Rome, GA",2021-11-01,26,68,24,3,121,3222,531
40660,"Rome, GA",2021-12-01,41,95,30,0,166,3388,572
40660,"Rome, GA",2022-01-01,40,87,39,2,168,3556,612
40660,"Rome, GA",2022-02-01,30,53,22,2,107,3663,642
40660,"Rome, GA",2022-03-01,42,85,28,1,156,3819,684
40660,"Rome, GA",2022-04-01,45,90,17,5,157,3976,729
40660,"Rome, GA",2022-05-01,54,101,26,3,184,4160,783
40660,"Rome, GA",2022-06-01,42,77,17,2,138,4298,825
40660,"Rome, GA",2022-07-01,26,55,17,3,101,4399,851
40660,"Rome, GA",2022-08-01,23,74,20,0,117,4516,874
40660,"Rome, GA",2022-09-01,25,76,28,1,130,4646,899
40660,"Rome, GA",2022-10-01,44,85,37,4,170,4816,943
40660,"Rome, GA",2022-11-01,50,81,27,2,160,4976,993
40660,"Rome, GA",2022-12-01,53,91,20,1,165,5141,1046
40660,"Rome, GA",2023-01-01,51,103,31,0,185,5326,1097
40660,"Rome, GA",2023-02-01,42,70,20,7,139,5465,1139
40660,"Rome, GA",2023-03-01,72,104,29,2,207,5672,1211
40660,"Rome, GA",2023-04-01,37,73,20,3,133,5805,1248
40660,"Rome, GA",2023-05-01,42,46,14,2,104,5909,1290
40660,"Rome, GA",2023-06-01,25,41,15,0,81,5990,1315
40660,"Rome, GA",2023-07-01,33,57,18,3,111,6101,1348
40660,"Rome, GA",2023-08-01,20,44,10,0,74,6175,1368
40660,"Rome, GA",2023-09-01,42,54,24,3,123,6298,1410
40660,"Rome, GA",2023-10-01,43,70,24,3,140,6438,1453
40660,"Rome, GA",2023-11-01,65,111,29,3,208,6646,1518
40660,"Rome, GA",2023-12-01,55,82,27,5,169,6815,1573
40660,"Rome, GA",2024-01-01,49,80,39,4,172,6987,1622
40660,"Rome, GA",2024-02-01,72,77,27,4,180,7167,1694
40660,"Rome, GA",2024-03-01,76,75,21,2,174,7341,1770
40660,"Rome, GA",2024-04-01,39,55,18,2,114,7455,1809
40660,"Rome, GA",2024-05-01,36,52,13,1,102,7557,1845
40660,"Rome, GA",2024-06-01,18,38,14,1,71,7628,1863
40660,"Rome, GA",2024-07-01,23,38,8,0,69,7697,1886
40660,"Rome, GA",2024-08-01,22,46,17,1,86,7783,1908
40660,"Rome, GA",2024-09-01,24,50,21,1,96,7879,1932
40660,"Rome, GA",2024-10-01,65,90,28,2,185,8064,1997
40660,"Rome, GA",2024-11-01,51,80,24,2,157,8221,2048
40660,"Rome, GA",2024-12-01,59,70,26,0,155,8376,2107
40660,"Rome, GA",2025-01-01,58,55,20,2,135,8511,2165
40660,"Rome, GA",2025-02-01,40,83,17,1,141,8652,2205
40660,"Rome, GA",2025-03-01,62,67,30,2,161,8813,2267
40660,"Rome, GA",2025-04-01,62,85,15,5,167,8980,2329
40660,"Rome, GA",2025-05-01,51,86,22,7,166,9146,2380
40660,"Rome, GA",2025-06-01,48,74,24,2,148,9294,2428
40660,"Rome, GA",2025-07-01,47,67,34,3,151,9445,2475
40660,"Rome, GA",2025-08-01,46,65,30,0,141,9586,2521
43940,"Spearfish, SD",2019-03-01,0,0,2,0,2,2,0
43940,"Spearfish, SD",2019-04-01,0,0,1,0,1,3,0
43940,"Spearfish, SD",2019-06-01,0,1,0,0,1,4,0
43940,"Spearfish, SD",2019-07-01,1,0,0,0,1,5,1
43940,"Spearfish, SD",2019-08-01,0,3,0,0,3,8,1
43940,"Spearfish, SD",2019-09-01,0,5,1,0,6,14,1
43940,"Spearfish, SD",2019-10-01,0,0,2,1,3,17,1
43940,"Spearfish, SD",2019-11-01,0,4,1,0,5,22,1
43940,"Spearfish, SD",2019-12-01,2,5,1,0,8,30,3
43940,"Spearfish, SD",2020-01-01,1,2,0,0,3,33,4
43940,"Spearfish, SD",2020-02-01,0,2,2,0,4,37,4
43940,"Spearfish, SD",2020-03-01,1,5,1,0,7,44,5
43940,"Spearfish, SD",2020-04-01,1,2,2,0,5,49,6
43940,"Spearfish, SD",2020-05-01,2,5,0,0,7,56,8
43940,"Spearfish, SD",2020-06-01,1,7,2,0,10,66,9
43940,"Spearfish, SD",2020-07-01,1,7,0,0,8,74,10
43940,"Spearfish, SD",2020-08-01,3,5,0,1,9,83,13
43940,"Spearfish, SD",2020-09-01,3,4,0,0,7,90,16
43940,"Spearfish, SD",2020-10-01,1,14,0,1,16,106,17
43940,"Spearfish, SD",2020-11-01,6,10,2,0,18,124,23
43940,"Spearfish, SD",2020-12-01,9,19,5,0,33,157,32
43940,"Spearfish, SD",2021-01-01,7,29,1,0,37,194,39
43940,"Spearfish, SD",2021-02-01,11,16,3,0,30,224,50
43940,"Spearfish, SD",2021-03-01,10,8,2,1,21,245,60
43940,"Spearfish, SD",2021-04-01,5,13,8,0,26,271,65
43940,"Spearfish, SD",2021-05-01,8,17,2,0,27,298,73
43940,"Spearfish, SD",2021-06-01,7,11,3,1,22,320,80
43940,"Spearfish, SD",2021-07-01,5,9,1,2,17,337,85
43940,"Spearfish, SD",2021-08-01,8,14,4,0,26,363,93
43940,"Spearfish, SD",2021-09-01,4,17,2,1,24,387,97
43940,"Spearfish, SD",2021-10-01,4,14,2,1,21,408,101
43940,"Spearfish, SD",2021-11-01,7,5,1,0,13,421,108
43940,"Spearfish, SD",2021-12-01,5,17,4,2,28,449,113
43940,"Spearfish, SD",2022-01-01,12,18,3,0,33,482,125
43940,"Spearfish, SD",2022-02-01,11,18,1,0,30,512,136
43940,"Spearfish, SD",2022-03-01,10,15,8,1,34,546,146
43940,"Spearfish, SD",2022-04-01,12,9,2,0,23,569,158
43940,"Spearfish, SD",2022-05-01,12,8,5,0,25,594,170
43940,"Spearfish, SD",2022-06-01,10,12,3,1,26,620,180
43940,"Spearfish, SD",2022-07-01,11,10,3,0,24,644,191
43940,"Spearfish, SD",2022-08-01,11,13,2,1,27,671,202
43940,"Spearfish, SD",2022-09-01,12,15,2,0,29,700,214
43940,"Spearfish, SD",2022-10-01,11,12,3,1,27,727,225
43940,"Spearfish, SD",2022-11-01,10,14,7,0,31,758,235
43940,"Spearfish, SD",2022-12-01,7,3,3,0,13,771,242
43940,"Spearfish, SD",2023-01-01,11,16,6,1,34,805,253
43940,"Spearfish, SD",2023-02-01,14,16,5,0,35,840,267
43940,"Spearfish, SD",2023-03-01,14,13,5,0,32,872,281
43940,"Spearfish, SD",2023-04-01,2,7,5,0,14,886,283
43940,"Spearfish, SD",2023-05-01,3,9,5,0,17,903,286
43940,"Spearfish, SD",2023-06-01,12,7,5,0,24,927,298
43940,"Spearfish, SD",2023-07-01,7,6,3,0,16,943,305
43940,"Spearfish, SD",2023-08-01,12,7,4,1,24,967,317
43940,"Spearfish, SD",2023-09-01,9,14,2,1,26,993,326
43940,"Spearfish, SD",2023-10-01,9,11,1,0,21,1014,335
43940,"Spearfish, SD",2023-11-01,12,17,3,0,32,1046,347
43940,"Spearfish, SD",2023-12-01,11,20,1,2,34,1080,358
43940,"Spearfish, SD",2024-01-01,9,3,0,0,12,1092,367
43940,"Spearfish, SD",2024-02-01,16,11,3,0,30,1122,383
43940,"Spearfish, SD",2024-03-01,10,10,4,0,24,1146,393
43940,"Spearfish, SD",2024-04-01,7,4,3,1,15,1161,400
43940,"Spearfish, SD",2024-05-01,6,9,0,0,15,1176,406
43940,"Spearfish, SD",2024-06-01,7,4,0,0,11,1187,413
43940,"Spearfish, SD",2024-07-01,4,3,2,0,9,1196,417
43940,"Spearfish, SD",2024-08-01,9,10,4,0,23,1219,426
43940,"Spearfish, SD",2024-09-01,12,10,4,0,26,1245,438
43940,"Spearfish, SD",2024-10-01,14,9,7,1,31,1276,452
43940,"Spearfish, SD",2024-11-01,15,9,4,0,28,1304,467
43940,"Spearfish, SD",2024-12-01,12,15,5,1,33,1337,479
43940,"Spearfish, SD",2025-01-01,8,12,2,0,22,1359,487
43940,"Spearfish, SD",2025-02-01,15,15,5,0,35,1394,502
43940,"Spearfish, SD",2025-03-01,11,14,3,0,28,1422,513
43940,"Spearfish, SD",2025-04-01,11,11,3,0,25,1447,524
43940,"Spearfish, SD",2025-05-01,11,13,5,1,30,1477,535
43940,"Spearfish, SD",2025-06-01,15,15,6,0,36,1513,550
43940,"Spearfish, SD",2025-07-01,5,8,3,0,16,1529,555
43940,"Spearfish, SD",2025-08-01,5,7,3,0,15,1544,560
14700,"Branson, MO",2019-01-01,0,11,6,0,17,17,0
14700,"Branson, MO",2019-02-01,0,14,4,1,19,36,0
14700,"Branson, MO",2019-03-01,1,12,9,0,22,58,1
14700,"Branson, MO",2019-04-01,2,13,4,0,19,77,3
14700,"Branson, MO",2019-05-01,2,23,7,2,34,111,5
14700,"Branson, MO",2019-06-01,0,33,6,1,40,151,5
14700,"Branson, MO",2019-07-01,2,20,12,3,37,188,7
14700,"Branson, MO",2019-08-01,3,28,9,2,42,230,10
14700,"Branson, MO",2019-09-01,3,25,12,0,40,270,13
14700,"Branson, MO",2019-10-01,2,26,8,1,37,307,15
14700,"Branson, MO",2019-11-01,4,30,14,2,50,357,19
14700,"Branson, MO",2019-12-01,4,32,8,0,44,401,23
14700,"Branson, MO",2020-01-01,3,19,10,0,32,433,26
14700,"Branson, MO",2020-02-01,6,24,14,2,46,479,32
14700,"Branson, MO",2020-03-01,5,29,9,3,46,525,37
14700,"Branson, MO",2020-04-01,12,59,18,4,93,618,49
14700,"Branson, MO",2020-05-01,21,59,21,5,106,724,70
14700,"Branson, MO",2020-06-01,19,69,19,1,108,832,89
14700,"Branson, MO",2020-07-01,21,65,22,3,111,943,110
14700,"Branson, MO",2020-08-01,24,115,30,2,171,1114,134
14700,"Branson, MO",2020-09-01,25,58,26,2,111,1225,159
14700,"Branson, MO",2020-10-01,18,57,16,1,92,1317,177
14700,"Branson, MO",2020-11-01,17,50,14,0,81,1398,194
14700,"Branson, MO",2020-12-01,15,33,19,0,67,1465,209
14700,"Branson, MO",2021-01-01,37,71,29,1,138,1603,246
14700,"Branson, MO",2021-02-01,34,71,35,0,140,1743,280
14700,"Branson, MO",2021-03-01,31,85,27,3,146,1889,311
14700,"Branson, MO",2021-04-01,37,96,32,1,166,2055,348
14700,"Branson, MO",2021-05-01,32,93,38,0,163,2218,380
14700,"Branson, MO",2021-06-01,38,81,34,6,159,2377,418
14700,"Branson, MO",2021-07-01,35,98,32,4,169,2546,453
14700,"Branson, MO",2021-08-01,26,81,34,4,145,2691,479
14700,"Branson, MO",2021-09-01,22,60,35,3,120,2811,501
14700,"Branson, MO",2021-10-01,15,63,30,3,111,2922,516
14700,"Branson, MO",2021-11-01,15,64,27,3,109,3031,531
14700,"Branson, MO",2021-12-01,48,86,32,3,169,3200,579
14700,"Branson, MO",2022-01-01,56,114,36,6,212,3412,635
14700,"Branson, MO",2022-02-01,36,65,33,6,140,3552,671
14700,"Branson, MO",2022-03-01,43,105,33,6,187,3739,714
14700,"Branson, MO",2022-04-01,24,75,28,5,132,3871,738
14700,"Branson, MO",2022-05-01,29,74,21,2,126,3997,767
14700,"Branson, MO",2022-06-01,30,64,24,5,123,4120,797
14700,"Branson, MO",2022-07-01,30,84,19,3,136,4256,827
14700,"Branson, MO",2022-08-01,34,76,31,3,144,4400,861
14700,"Branson, MO",2022-09-01,29,70,19,3,121,4521,890
14700,"Branson, MO",2022-10-01,34,51,12,4,101,4622,924
14700,"Branson, MO",2022-11-01,27,62,23,1,113,4735,951
14700,"Branson, MO",2022-12-01,38,56,22,1,117,4852,989
14700,"Branson, MO",2023-01-01,36,65,22,4,127,4979,1025
14700,"Branson, MO",2023-02-01,33,57,23,2,115,5094,1058
14700,"Branson, MO",2023-03-01,44,82,30,1,157,5251,1102
14700,"Branson, MO",2023-04-01,38,43,16,2,99,5350,1140
14700,"Branson, MO",2023-05-01,27,39,16,0,82,5432,1167
14700,"Branson, MO",2023-06-01,27,42,15,1,85,5517,1194
14700,"Branson, MO",2023-07-01,21,45,16,3,85,5602,1215
14700,"Branson, MO",2023-08-01,20,50,18,1,89,5691,1235
14700,"Branson, MO",2023-09-01,23,40,18,3,84,5775,1258
14700,"Branson, MO",2023-10-01,22,53,22,2,99,5874,1280
14700,"Branson, MO",2023-11-01,47,64,25,3,139,6013,1327
14700,"Branson, MO",2023-12-01,42,53,32,5,132,6145,1369
14700,"Branson, MO",2024-01-01,38,62,24,1,125,6270,1407
14700,"Branson, MO",2024-02-01,37,55,34,3,129,6399,1444
14700,"Branson, MO",2024-03-01,32,49,27,1,109,6508,1476
14700,"Branson, MO",2024-04-01,26,41,19,3,89,6597,1502
14700,"Branson, MO",2024-05-01,29,73,24,2,128,6725,1531
14700,"Branson, MO",2024-06-01,37,59,22,3,121,6846,1568
14700,"Branson, MO",2024-07-01,25,54,20,2,101,6947,1593
14700,"Branson, MO",2024-08-01,41,60,31,3,135,7082,1634
14700,"Branson, MO",2024-09-01,25,37,21,3,86,7168,1659
14700,"Branson, MO",2024-10-01,54,58,20,1,133,7301,1713
14700,"Branson, MO",2024-11-01,49,42,15,0,106,7407,1762
14700,"Branson, MO",2024-12-01,55,75,21,3,154,7561,1817
14700,"Branson, MO",2025-01-01,72,76,24,1,173,7734,1889
14700,"Branson, MO",2025-02-01,61,48,12,1,122,7856,1950
14700,"Branson, MO",2025-03-01,72,56,18,3,149,8005,2022
14700,"Branson, MO",2025-04-01,76,62,27,1,166,8171,2098
14700,"Branson, MO",2025-05-01,63,55,25,0,143,8314,2161
14700,"Branson, MO",2025-06-01,58,74,40,3,175,8489,2219
14700,"Branson, MO",2025-07-01,58,53,22,4,137,8626,2277
14700,"Branson, MO",2025-08-01,48,63,15,2,128,8754,2325
39340,"Provo-Orem-Lehi, UT",2019-01-01,6,198,25,1,230,230,6
39340,"Provo-Orem-Lehi, UT",2019-02-01,9,226,32,2,269,499,15
39340,"Provo-Orem-Lehi, UT",2019-03-01,15,251,44,7,317,816,30
39340,"Provo-Orem-Lehi, UT",2019-04-01,18,248,46,5,317,1133,48
39340,"Provo-Orem-Lehi, UT",2019-05-01,20,242,48,4,314,1447,68
39340,"Provo-Orem-Lehi, UT",2019-06-01,7,137,29,4,177,1624,75
39340,"Provo-Orem-Lehi, UT",2019-07-01,26,227,34,3,290,1914,101
39340,"Provo-Orem-Lehi, UT",2019-08-01,30,304,50,5,389,2303,131
39340,"Provo-Orem-Lehi, UT",2019-09-01,26,252,40,2,320,2623,157
39340,"Provo-Orem-Lehi, UT",2019-10-01,34,239,45,3,321,2944,191
39340,"Provo-Orem-Lehi, UT",2019-11-01,28,185,31,3,247,3191,219
39340,"Provo-Orem-Lehi, UT",2019-12-01,14,137,21,0,172,3363,233
39340,"Provo-Orem-Lehi, UT",2020-01-01,53,267,57,5,382,3745,286
39340,"Provo-Orem-Lehi, UT",2020-02-01,45,250,54,4,353,4098,331
39340,"Provo-Orem-Lehi, UT",2020-03-01,61,311,55,2,429,4527,392
39340,"Provo-Orem-Lehi, UT",2020-04-01,248,858,127,15,1248,5775,640
39340,"Provo-Orem-Lehi, UT",2020-05-01,156,529,67,13,765,6540,796
39340,"Provo-Orem-Lehi, UT",2020-06-01,127,340,59,5,531,7071,923
39340,"Provo-Orem-Lehi, UT",2020-07-01,184,573,82,11,850,7921,1107
39340,"Provo-Orem-Lehi, UT",2020-08-01,178,553,91,7,829,8750,1285
39340,"Provo-Orem-Lehi, UT",2020-09-01,182,576,112,16,886,9636,1467
39340,"Provo-Orem-Lehi, UT",2020-10-01,156,599,112,10,877,10513,1623
39340,"Provo-Orem-Lehi, UT",2020-11-01,66,242,50,11,369,10882,1689
39340,"Provo-Orem-Lehi, UT",2020-12-01,69,289,46,8,412,11294,1758
39340,"Provo-Orem-Lehi, UT",2021-01-01,184,528,96,8,816,12110,1942
39340,"Provo-Orem-Lehi, UT",2021-02-01,112,355,76,16,559,12669,2054
39340,"Provo-Orem-Lehi, UT",2021-03-01,299,708,147,14,1168,13837,2353
39340,"Provo-Orem-Lehi, UT",2021-04-01,207,526,94,17,844,14681,2560
39340,"Provo-Orem-Lehi, UT",2021-05-01,199,618,106,10,933,15614,2759
39340,"Provo-Orem-Lehi, UT",2021-06-01,149,582,87,10,828,16442,2908
39340,"Provo-Orem-Lehi, UT",2021-07-01,135,396,120,10,661,17103,3043
39340,"Provo-Orem-Lehi, UT",2021-08-01,81,278,98,11,468,17571,3124
39340,"Provo-Orem-Lehi, UT",2021-09-01,111,361,113,11,596,18167,3235
39340,"Provo-Orem-Lehi, UT",2021-10-01,42,204,99,11,356,18523,3277
39340,"Provo-Orem-Lehi, UT",2021-11-01,45,157,40,2,244,18767,3322
39340,"Provo-Orem-Lehi, UT",2021-12-01,205,439,133,24,801,19568,3527
39340,"Provo-Orem-Lehi, UT",2022-01-01,421,947,234,58,1660,21228,3948
39340,"Provo-Orem-Lehi, UT",2022-02-01,238,478,168,35,919,22147,4186
39340,"Provo-Orem-Lehi, UT",2022-03-01,227,524,149,21,921,23068,4413
39340,"Provo-Orem-Lehi, UT",2022-04-01,119,278,82,15,494,23562,4532
39340,"Provo-Orem-Lehi, UT",2022-05-01,176,390,100,20,686,24248,4708
39340,"Provo-Orem-Lehi, UT",2022-06-01,142,276,68,7,493,24741,4850
39340,"Provo-Orem-Lehi, UT",2022-07-01,112,192,68,9,381,25122,4962
39340,"Provo-Orem-Lehi, UT",2022-08-01,227,425,98,20,770,25892,5189
39340,"Provo-Orem-Lehi, UT",2022-09-01,284,552,138,22,996,26888,5473
39340,"Provo-Orem-Lehi, UT",2022-10-01,153,260,91,20,524,27412,5626
39340,"Provo-Orem-Lehi, UT",2022-11-01,256,398,135,12,801,28213,5882
39340,"Provo-Orem-Lehi, UT",2022-12-01,290,455,124,21,890,29103,6172
39340,"Provo-Orem-Lehi, UT",2023-01-01,336,593,165,18,1112,30215,6508
39340,"Provo-Orem-Lehi, UT",2023-02-01,280,439,121,26,866,31081,6788
39340,"Provo-Orem-Lehi, UT",2023-03-01,342,521,144,34,1041,32122,7130
39340,"Provo-Orem-Lehi, UT",2023-04-01,247,454,128,29,858,32980,7377
39340,"Provo-Orem-Lehi, UT",2023-05-01,103,199,66,7,375,33355,7480
39340,"Provo-Orem-Lehi, UT",2023-06-01,73,182,38,4,297,33652,7553
39340,"Provo-Orem-Lehi, UT",2023-07-01,76,198,49,10,333,33985,7629
39340,"Provo-Orem-Lehi, UT",2023-08-01,72,216,42,6,336,34321,7701
39340,"Provo-Orem-Lehi, UT",2023-09-01,199,459,110,10,778,35099,7900
39340,"Provo-Orem-Lehi, UT",2023-10-01,265,581,192,14,1052,36151,8165
39340,"Provo-Orem-Lehi, UT",2023-11-01,280,568,193,26,1067,37218,8445
39340,"Provo-Orem-Lehi, UT",2023-12-01,264,581,186,31,1062,38280,8709
39340,"Provo-Orem-Lehi, UT",2024-01-01,161,365,105,23,654,38934,8870
39340,"Provo-Orem-Lehi, UT",2024-02-01,211,478,151,26,866,39800,9081
39340,"Provo-Orem-Lehi, UT",2024-03-01,177,411,123,13,724,40524,9258
39340,"Provo-Orem-Lehi, UT",2024-04-01,71,237,58,10,376,40900,9329
39340,"Provo-Orem-Lehi, UT",2024-05-01,84,352,103,16,555,41455,9413
39340,"Provo-Orem-Lehi, UT",2024-06-01,64,310,95,21,490,41945,9477
39340,"Provo-Orem-Lehi, UT",2024-07-01,118,442,124,15,699,42644,9595
39340,"Provo-Orem-Lehi, UT",2024-08-01,97,355,114,7,573,43217,9692
39340,"Provo-Orem-Lehi, UT",2024-09-01,68,302,89,10,469,43686,9760
39340,"Provo-Orem-Lehi, UT",2024-10-01,86,321,85,9,501,44187,9846
39340,"Provo-Orem-Lehi, UT",2024-11-01,261,620,161,10,1052,45239,10107
39340,"Provo-Orem-Lehi, UT",2024-12-01,245,488,118,17,868,46107,10352
39340,"Provo-Orem-Lehi, UT",2025-01-01,87,261,71,4,423,46530,10439
39340,"Provo-Orem-Lehi, UT",2025-02-01,124,306,60,2,492,47022,10563
39340,"Provo-Orem-Lehi, UT",2025-03-01,136,318,65,6,525,47547,10699
39340,"Provo-Orem-Lehi, UT",2025-04-01,73,172,24,3,272,47819,10772
39340,"Provo-Orem-Lehi, UT",2025-05-01,343,406,93,9,851,48670,11115
39340,"Provo-Orem-Lehi, UT",2025-06-01,342,410,100,7,859,49529,11457
39340,"Provo-Orem-Lehi, UT",2025-07-01,231,309,48,6,594,50123,11688
39340,"Provo-Orem-Lehi, UT",2025-08-01,288,307,71,4,670,50793,11976
39340,"Provo-Orem-Lehi, UT",2025-09-01,12,3,2,0,17,50810,11988
40780,"Russellville, AR",2019-01-01,0,2,0,0,2,2,0
40780,"Russellville, AR",2019-02-01,0,1,0,0,1,3,0
40780,"Russellville, AR",2019-03-01,0,2,1,0,3,6,0
40780,"Russellville, AR",2019-04-01,0,2,1,0,3,9,0
40780,"Russellville, AR",2019-05-01,0,9,2,0,11,20,0
40780,"Russellville, AR",2019-06-01,1,12,3,1,17,37,1
40780,"Russellville, AR",2019-07-01,1,10,1,0,12,49,2
40780,"Russellville, AR",2019-08-01,2,7,2,2,13,62,4
40780,"Russellville, AR",2019-09-01,4,20,2,0,26,88,8
40780,"Russellville, AR",2019-10-01,3,6,0,0,9,97,11
40780,"Russellville, AR",2019-11-01,3,12,3,0,18,115,14
40780,"Russellville, AR",2019-12-01,2,13,1,0,16,131,16
40780,"Russellville, AR",2020-01-01,4,10,1,0,15,146,20
40780,"Russellville, AR",2020-02-01,2,13,4,1,20,166,22
40780,"Russellville, AR",2020-03-01,8,11,8,0,27,193,30
40780,"Russellville, AR",2020-04-01,6,28,5,0,39,232,36
40780,"Russellville, AR",2020-05-01,8,31,4,0,43,275,44
40780,"Russellville, AR",2020-06-01,9,34,1,0,44,319,53
40780,"Russellville, AR",2020-07-01,11,30,2,0,43,362,64
40780,"Russellville, AR",2020-08-01,10,26,2,0,38,400,74
40780,"Russellville, AR",2020-09-01,14,25,3,0,42,442,88
40780,"Russellville, AR",2020-10-01,15,34,7,1,57,499,103
40780,"Russellville, AR",2020-11-01,11,21,4,0,36,535,114
40780,"Russellville, AR",2020-12-01,10,23,10,0,43,578,124
40780,"Russellville, AR",2021-01-01,26,37,4,1,68,646,150
40780,"Russellville, AR",2021-02-01,23,32,5,0,60,706,173
40780,"Russellville, AR",2021-03-01,27,48,6,1,82,788,200
40780,"Russellville, AR",2021-04-01,25,37,13,2,77,865,225
40780,"Russellville, AR",2021-05-01,25,41,6,2,74,939,250
40780,"Russellville, AR",2021-06-01,17,38,10,1,66,1005,267
40780,"Russellville, AR",2021-07-01,16,25,6,0,47,1052,283
40780,"Russellville, AR",2021-08-01,12,23,3,1,39,1091,295
40780,"Russellville, AR",2021-09-01,16,51,9,3,79,1170,311
40780,"Russellville, AR",2021-10-01,19,26,9,0,54,1224,330
40780,"Russellville, AR",2021-11-01,12,29,7,1,49,1273,342
40780,"Russellville, AR",2021-12-01,11,35,6,0,52,1325,353
40780,"Russellville, AR",2022-01-01,29,46,13,1,89,1414,382
40780,"Russellville, AR",2022-02-01,14,26,9,0,49,1463,396
40780,"Russellville, AR",2022-03-01,28,32,16,2,78,1541,424
40780,"Russellville, AR",2022-04-01,20,36,8,2,66,1607,444
40780,"Russellville, AR",2022-05-01,23,26,10,1,60,1667,467
40780,"Russellville, AR",2022-06-01,24,29,6,0,59,1726,491
40780,"Russellville, AR",2022-07-01,23,29,8,0,60,1786,514
40780,"Russellville, AR",2022-08-01,29,27,11,1,68,1854,543
40780,"Russellville, AR",2022-09-01,32,27,8,1,68,1922,575
40780,"Russellville, AR",2022-10-01,33,30,8,1,72,1994,608
40780,"Russellville, AR",2022-11-01,34,28,14,1,77,2071,642
40780,"Russellville, AR",2022-12-01,31,37,3,1,72,2143,673
40780,"Russellville, AR",2023-01-01,23,31,10,0,64,2207,696
40780,"Russellville, AR",2023-02-01,37,43,6,1,87,2294,733
40780,"Russellville, AR",2023-03-01,56,49,20,2,127,2421,789
40780,"Russellville, AR",2023-04-01,31,28,6,1,66,2487,820
40780,"Russellville, AR",2023-05-01,19,36,4,1,60,2547,839
40780,"Russellville, AR",2023-06-01,22,26,3,1,52,2599,861
40780,"Russellville, AR",2023-07-01,29,26,7,1,63,2662,890
40780,"Russellville, AR",2023-08-01,22,17,6,0,45,2707,912
40780,"Russellville, AR",2023-09-01,20,10,5,1,36,2743,932
40780,"Russellville, AR",2023-10-01,34,31,6,2,73,2816,966
40780,"Russellville, AR",2023-11-01,46,36,12,0,94,2910,1012
40780,"Russellville, AR",2023-12-01,36,23,11,2,72,2982,1048
40780,"Russellville, AR",2024-01-01,44,36,12,1,93,3075,1092
40780,"Russellville, AR",2024-02-01,44,30,10,1,85,3160,1136
40780,"Russellville, AR",2024-03-01,35,31,11,2,79,3239,1171
40780,"Russellville, AR",2024-04-01,21,29,11,1,62,3301,1192
40780,"Russellville, AR",2024-05-01,28,25,8,0,61,3362,1220
40780,"Russellville, AR",2024-06-01,6,12,6,0,24,3386,1226
40780,"Russellville, AR",2024-07-01,18,24,7,1,50,3436,1244
40780,"Russellville, AR",2024-08-01,13,11,10,0,34,3470,1257
40780,"Russellville, AR",2024-09-01,4,8,6,1,19,3489,1261
40780,"Russellville, AR",2024-10-01,38,49,9,2,98,3587,1299
40780,"Russellville, AR",2024-11-01,33,26,5,1,65,3652,1332
40780,"Russellville, AR",2024-12-01,33,32,9,0,74,3726,1365
40780,"Russellville, AR",2025-01-01,40,27,13,0,80,3806,1405
40780,"Russellville, AR",2025-02-01,39,23,8,0,70,3876,1444
40780,"Russellville, AR",2025-03-01,34,26,9,1,70,3946,1478
40780,"Russellville, AR",2025-04-01,39,26,8,0,73,4019,1517
40780,"Russellville, AR",2025-05-01,45,30,5,0,80,4099,1562
40780,"Russellville, AR",2025-06-01,26,31,13,2,72,4171,1588
40780,"Russellville, AR",2025-07-01,31,14,12,0,57,4228,1619
40780,"Russellville, AR",2025-08-01,33,28,6,2,69,4297,1652
